qseqid	saccver	staxids	sscinames	pident	length	qcovs	evalue	bitscore	stitle	is_human_TENT	human_TENT
NP_001018181.1	XP_047290433.1	0	N/A	39.233	339	48	6.62e-66	227	terminal nucleotidyltransferase 4B isoform X6 [Homo sapiens]	TRUE	TENT4B
NP_001018181.1	XP_011521580.1	0	N/A	39.233	339	48	6.76e-66	228	terminal nucleotidyltransferase 4B isoform X5 [Homo sapiens]	TRUE	TENT4B
NP_001018181.1	NP_001035374.2	0	N/A	38.701	354	50	2.05e-65	231	terminal nucleotidyltransferase 4B isoform a [Homo sapiens]	TRUE	TENT4B
NP_001018181.1	XP_011521577.1	0	N/A	38.701	354	50	2.09e-65	231	terminal nucleotidyltransferase 4B isoform X1 [Homo sapiens]	TRUE	TENT4B
NP_001018181.1	NP_001035375.2	0	N/A	38.701	354	50	2.23e-65	230	terminal nucleotidyltransferase 4B isoform b [Homo sapiens]	TRUE	TENT4B
NP_001018181.1	XP_011521578.1	0	N/A	38.701	354	50	2.27e-65	230	terminal nucleotidyltransferase 4B isoform X2 [Homo sapiens]	TRUE	TENT4B
NP_001018181.1	XP_047290432.1	0	N/A	38.701	354	50	4.18e-65	229	terminal nucleotidyltransferase 4B isoform X4 [Homo sapiens]	TRUE	TENT4B
NP_001018181.1	NP_001352252.1	0	N/A	38.701	354	50	4.78e-65	230	terminal nucleotidyltransferase 4B isoform c [Homo sapiens]	TRUE	TENT4B
NP_001018181.1	NP_001352253.1	0	N/A	38.701	354	50	6.75e-65	230	terminal nucleotidyltransferase 4B isoform d [Homo sapiens]	TRUE	TENT4B
NP_001018181.1	XP_047290431.1	0	N/A	38.701	354	50	8.43e-65	229	terminal nucleotidyltransferase 4B isoform X3 [Homo sapiens]	TRUE	TENT4B
NP_001018181.1	NP_008930.2	0	N/A	39.185	319	46	3.04e-62	224	terminal nucleotidyltransferase 4A isoform 1 [Homo sapiens]	TRUE	TENT4A
NP_001018181.1	NP_001165276.2	0	N/A	39.185	319	46	4.41e-62	223	terminal nucleotidyltransferase 4A isoform 2 [Homo sapiens]	TRUE	TENT4A
NP_001018181.1	XP_047272622.1	0	N/A	39.61	308	44	3.28e-60	213	terminal nucleotidyltransferase 4A isoform X1 [Homo sapiens]	TRUE	TENT4A
NP_001018181.1	XP_047272621.1	0	N/A	39.61	308	44	3.28e-60	213	terminal nucleotidyltransferase 4A isoform X1 [Homo sapiens]	TRUE	TENT4A
NP_001018181.1	XP_047272620.1	0	N/A	39.61	308	44	3.28e-60	213	terminal nucleotidyltransferase 4A isoform X1 [Homo sapiens]	TRUE	TENT4A
NP_001018181.1	XP_047272623.1	0	N/A	39.13	299	43	4.25e-56	202	terminal nucleotidyltransferase 4A isoform X2 [Homo sapiens]	TRUE	TENT4A
NP_001018181.1	XP_016864477.1	0	N/A	39.13	299	43	4.25e-56	202	terminal nucleotidyltransferase 4A isoform X2 [Homo sapiens]	TRUE	TENT4A
NP_001018181.1	XP_047272624.1	0	N/A	39.13	299	43	4.85e-56	201	terminal nucleotidyltransferase 4A isoform X3 [Homo sapiens]	TRUE	TENT4A
NP_001018181.1	NP_001375061.1	0	N/A	24.537	216	27	5.78e-11	67.8	poly(A) RNA polymerase GLD2 isoform 12 [Homo sapiens]	TRUE	TENT2
NP_001018181.1	XP_047272811.1	0	N/A	24.537	216	27	6.96e-11	67.8	poly(A) RNA polymerase GLD2 isoform X4 [Homo sapiens]	TRUE	TENT2
NP_001018181.1	XP_047272810.1	0	N/A	24.537	216	27	6.96e-11	67.8	poly(A) RNA polymerase GLD2 isoform X4 [Homo sapiens]	TRUE	TENT2
NP_001018181.1	XP_047272809.1	0	N/A	24.537	216	27	6.96e-11	67.8	poly(A) RNA polymerase GLD2 isoform X4 [Homo sapiens]	TRUE	TENT2
NP_001018181.1	NP_001375058.1	0	N/A	24.537	216	27	6.96e-11	67.8	poly(A) RNA polymerase GLD2 isoform 2 [Homo sapiens]	TRUE	TENT2
NP_001018181.1	NP_001375057.1	0	N/A	24.537	216	27	6.96e-11	67.8	poly(A) RNA polymerase GLD2 isoform 2 [Homo sapiens]	TRUE	TENT2
NP_001018181.1	NP_001375056.1	0	N/A	24.537	216	27	6.96e-11	67.8	poly(A) RNA polymerase GLD2 isoform 2 [Homo sapiens]	TRUE	TENT2
NP_001018181.1	NP_001375055.1	0	N/A	24.537	216	27	6.96e-11	67.8	poly(A) RNA polymerase GLD2 isoform 2 [Homo sapiens]	TRUE	TENT2
NP_001018181.1	NP_001375054.1	0	N/A	24.537	216	27	6.96e-11	67.8	poly(A) RNA polymerase GLD2 isoform 2 [Homo sapiens]	TRUE	TENT2
NP_001018181.1	NP_001375053.1	0	N/A	24.537	216	27	6.96e-11	67.8	poly(A) RNA polymerase GLD2 isoform 2 [Homo sapiens]	TRUE	TENT2
NP_001018181.1	NP_001375052.1	0	N/A	24.537	216	27	6.96e-11	67.8	poly(A) RNA polymerase GLD2 isoform 2 [Homo sapiens]	TRUE	TENT2
NP_001018181.1	NP_001375051.1	0	N/A	24.537	216	27	6.96e-11	67.8	poly(A) RNA polymerase GLD2 isoform 2 [Homo sapiens]	TRUE	TENT2
NP_001018181.1	NP_001375050.1	0	N/A	24.537	216	27	6.96e-11	67.8	poly(A) RNA polymerase GLD2 isoform 2 [Homo sapiens]	TRUE	TENT2
NP_001018181.1	NP_001375049.1	0	N/A	24.537	216	27	6.96e-11	67.8	poly(A) RNA polymerase GLD2 isoform 2 [Homo sapiens]	TRUE	TENT2
NP_001018181.1	NP_001375048.1	0	N/A	24.537	216	27	6.96e-11	67.8	poly(A) RNA polymerase GLD2 isoform 2 [Homo sapiens]	TRUE	TENT2
NP_001018181.1	NP_001375047.1	0	N/A	24.537	216	27	6.96e-11	67.8	poly(A) RNA polymerase GLD2 isoform 2 [Homo sapiens]	TRUE	TENT2
NP_001018181.1	NP_001375046.1	0	N/A	24.537	216	27	6.96e-11	67.8	poly(A) RNA polymerase GLD2 isoform 2 [Homo sapiens]	TRUE	TENT2
NP_001018181.1	NP_001375045.1	0	N/A	24.537	216	27	6.96e-11	67.8	poly(A) RNA polymerase GLD2 isoform 2 [Homo sapiens]	TRUE	TENT2
NP_001018181.1	NP_001375044.1	0	N/A	24.537	216	27	6.96e-11	67.8	poly(A) RNA polymerase GLD2 isoform 2 [Homo sapiens]	TRUE	TENT2
NP_001018181.1	NP_001375043.1	0	N/A	24.537	216	27	6.96e-11	67.8	poly(A) RNA polymerase GLD2 isoform 2 [Homo sapiens]	TRUE	TENT2
NP_001018181.1	NP_001336483.1	0	N/A	24.537	216	27	6.96e-11	67.8	poly(A) RNA polymerase GLD2 isoform 2 [Homo sapiens]	TRUE	TENT2
NP_001018181.1	NP_001284673.1	0	N/A	24.537	216	27	6.96e-11	67.8	poly(A) RNA polymerase GLD2 isoform 2 [Homo sapiens]	TRUE	TENT2
NP_001018181.1	NP_001375059.1	0	N/A	24.537	216	27	7.18e-11	67.8	poly(A) RNA polymerase GLD2 isoform 10 [Homo sapiens]	TRUE	TENT2
NP_001018181.1	NP_001375065.1	0	N/A	24.201	219	27	1.24e-10	66.2	poly(A) RNA polymerase GLD2 isoform 14 [Homo sapiens]	TRUE	TENT2
NP_001018181.1	NP_001317647.1	0	N/A	27.869	183	26	1.77e-10	67	terminal uridylyltransferase 7 isoform 3 [Homo sapiens]	TRUE	Tut7
NP_001018181.1	XP_047272808.1	0	N/A	24.091	220	27	2.25e-10	66.2	poly(A) RNA polymerase GLD2 isoform X3 [Homo sapiens]	TRUE	TENT2
NP_001018181.1	XP_047272807.1	0	N/A	24.091	220	27	2.25e-10	66.2	poly(A) RNA polymerase GLD2 isoform X3 [Homo sapiens]	TRUE	TENT2
NP_001018181.1	XP_047272806.1	0	N/A	24.091	220	27	2.25e-10	66.2	poly(A) RNA polymerase GLD2 isoform X3 [Homo sapiens]	TRUE	TENT2
NP_001018181.1	NP_776158.2	0	N/A	24.091	220	27	2.25e-10	66.2	poly(A) RNA polymerase GLD2 isoform 1 [Homo sapiens]	TRUE	TENT2
NP_001018181.1	NP_001375041.1	0	N/A	24.091	220	27	2.25e-10	66.2	poly(A) RNA polymerase GLD2 isoform 1 [Homo sapiens]	TRUE	TENT2
NP_001018181.1	NP_001375040.1	0	N/A	24.091	220	27	2.25e-10	66.2	poly(A) RNA polymerase GLD2 isoform 1 [Homo sapiens]	TRUE	TENT2
NP_001018181.1	NP_001375039.1	0	N/A	24.091	220	27	2.25e-10	66.2	poly(A) RNA polymerase GLD2 isoform 1 [Homo sapiens]	TRUE	TENT2
NP_001018181.1	NP_001375038.1	0	N/A	24.091	220	27	2.25e-10	66.2	poly(A) RNA polymerase GLD2 isoform 1 [Homo sapiens]	TRUE	TENT2
NP_001018181.1	NP_001375037.1	0	N/A	24.091	220	27	2.25e-10	66.2	poly(A) RNA polymerase GLD2 isoform 1 [Homo sapiens]	TRUE	TENT2
NP_001018181.1	NP_001375036.1	0	N/A	24.091	220	27	2.25e-10	66.2	poly(A) RNA polymerase GLD2 isoform 1 [Homo sapiens]	TRUE	TENT2
NP_001018181.1	NP_001375035.1	0	N/A	24.091	220	27	2.25e-10	66.2	poly(A) RNA polymerase GLD2 isoform 1 [Homo sapiens]	TRUE	TENT2
NP_001018181.1	NP_001375034.1	0	N/A	24.091	220	27	2.25e-10	66.2	poly(A) RNA polymerase GLD2 isoform 1 [Homo sapiens]	TRUE	TENT2
NP_001018181.1	NP_001375032.1	0	N/A	24.091	220	27	2.25e-10	66.2	poly(A) RNA polymerase GLD2 isoform 1 [Homo sapiens]	TRUE	TENT2
NP_001018181.1	NP_001375031.1	0	N/A	24.091	220	27	2.25e-10	66.2	poly(A) RNA polymerase GLD2 isoform 1 [Homo sapiens]	TRUE	TENT2
NP_001018181.1	NP_001336482.1	0	N/A	24.091	220	27	2.25e-10	66.2	poly(A) RNA polymerase GLD2 isoform 1 [Homo sapiens]	TRUE	TENT2
NP_001018181.1	NP_001336481.1	0	N/A	24.091	220	27	2.25e-10	66.2	poly(A) RNA polymerase GLD2 isoform 1 [Homo sapiens]	TRUE	TENT2
NP_001018181.1	NP_001107866.1	0	N/A	24.091	220	27	2.25e-10	66.2	poly(A) RNA polymerase GLD2 isoform 1 [Homo sapiens]	TRUE	TENT2
NP_001018181.1	NP_001107865.1	0	N/A	24.091	220	27	2.25e-10	66.2	poly(A) RNA polymerase GLD2 isoform 1 [Homo sapiens]	TRUE	TENT2
NP_001018181.1	NP_001375060.1	0	N/A	24.091	220	27	2.38e-10	65.9	poly(A) RNA polymerase GLD2 isoform 11 [Homo sapiens]	TRUE	TENT2
NP_001018181.1	NP_001375042.1	0	N/A	24.091	220	27	2.45e-10	65.9	poly(A) RNA polymerase GLD2 isoform 16 [Homo sapiens]	TRUE	TENT2
NP_001018181.1	XP_047279825.1	0	N/A	27.869	183	26	3.6e-10	66.2	terminal uridylyltransferase 7 isoform X6 [Homo sapiens]	TRUE	Tut7
NP_001018181.1	XP_047279824.1	0	N/A	27.869	183	26	3.6e-10	66.2	terminal uridylyltransferase 7 isoform X6 [Homo sapiens]	TRUE	Tut7
NP_001018181.1	XP_005252264.1	0	N/A	27.869	183	26	3.6e-10	66.2	terminal uridylyltransferase 7 isoform X6 [Homo sapiens]	TRUE	Tut7
NP_001018181.1	XP_011517318.1	0	N/A	27.869	183	26	3.87e-10	66.2	terminal uridylyltransferase 7 isoform X5 [Homo sapiens]	TRUE	Tut7
NP_001018181.1	XP_016870620.1	0	N/A	27.869	183	26	3.9e-10	66.2	terminal uridylyltransferase 7 isoform X4 [Homo sapiens]	TRUE	Tut7
NP_001018181.1	XP_016870619.1	0	N/A	27.869	183	26	3.9e-10	66.2	terminal uridylyltransferase 7 isoform X4 [Homo sapiens]	TRUE	Tut7
NP_001018181.1	NP_078893.2	0	N/A	27.869	183	26	3.9e-10	66.2	terminal uridylyltransferase 7 isoform 1 [Homo sapiens]	TRUE	Tut7
NP_001018181.1	NP_001171988.1	0	N/A	27.869	183	26	3.9e-10	66.2	terminal uridylyltransferase 7 isoform 1 [Homo sapiens]	TRUE	Tut7
NP_001018181.1	NP_001375030.1	0	N/A	24.645	211	26	3.98e-10	65.5	poly(A) RNA polymerase GLD2 isoform 9 [Homo sapiens]	TRUE	TENT2
NP_001018181.1	XP_047279823.1	0	N/A	27.869	183	26	4.58e-10	65.9	terminal uridylyltransferase 7 isoform X2 [Homo sapiens]	TRUE	Tut7
NP_001018181.1	XP_006717346.1	0	N/A	27.869	183	26	4.58e-10	65.9	terminal uridylyltransferase 7 isoform X2 [Homo sapiens]	TRUE	Tut7
NP_001018181.1	XP_011517317.1	0	N/A	27.869	183	26	5.07e-10	65.9	terminal uridylyltransferase 7 isoform X3 [Homo sapiens]	TRUE	Tut7
NP_001018181.1	XP_005252265.1	0	N/A	27.869	183	26	5.58e-10	65.5	terminal uridylyltransferase 7 isoform X7 [Homo sapiens]	TRUE	Tut7
NP_001018181.1	XP_011517316.1	0	N/A	27.869	183	26	5.92e-10	65.5	terminal uridylyltransferase 7 isoform X1 [Homo sapiens]	TRUE	Tut7
NP_001018181.1	XP_011517315.1	0	N/A	27.869	183	26	5.92e-10	65.5	terminal uridylyltransferase 7 isoform X1 [Homo sapiens]	TRUE	Tut7
NP_001018181.1	XP_011517314.1	0	N/A	27.869	183	26	5.92e-10	65.5	terminal uridylyltransferase 7 isoform X1 [Homo sapiens]	TRUE	Tut7
NP_001018181.1	XP_011517313.1	0	N/A	27.869	183	26	5.92e-10	65.5	terminal uridylyltransferase 7 isoform X1 [Homo sapiens]	TRUE	Tut7
NP_001018181.1	NP_001336477.1	0	N/A	26.316	171	21	7.94e-10	62.8	poly(A) RNA polymerase GLD2 isoform 4 [Homo sapiens]	TRUE	TENT2
NP_001018181.1	NP_001375029.1	0	N/A	24.186	215	26	1.54e-09	63.5	poly(A) RNA polymerase GLD2 isoform 8 [Homo sapiens]	TRUE	TENT2
NP_001018181.1	NP_001375028.1	0	N/A	24.186	215	26	1.54e-09	63.5	poly(A) RNA polymerase GLD2 isoform 8 [Homo sapiens]	TRUE	TENT2
NP_001018181.1	XP_047272820.1	0	N/A	26.282	156	19	2.08e-09	61.2	poly(A) RNA polymerase GLD2 isoform X11 [Homo sapiens]	TRUE	TENT2
NP_001018181.1	XP_047272805.1	0	N/A	26.797	153	18	4.35e-09	62	poly(A) RNA polymerase GLD2 isoform X2 [Homo sapiens]	TRUE	TENT2
NP_001018181.1	XP_047272804.1	0	N/A	26.797	153	18	4.35e-09	62	poly(A) RNA polymerase GLD2 isoform X2 [Homo sapiens]	TRUE	TENT2
NP_001018181.1	XP_047272803.1	0	N/A	26.797	153	18	4.35e-09	62	poly(A) RNA polymerase GLD2 isoform X2 [Homo sapiens]	TRUE	TENT2
NP_001018181.1	XP_047272802.1	0	N/A	26.797	153	18	4.35e-09	62	poly(A) RNA polymerase GLD2 isoform X2 [Homo sapiens]	TRUE	TENT2
NP_001018181.1	XP_016864641.1	0	N/A	26.797	153	18	4.35e-09	62	poly(A) RNA polymerase GLD2 isoform X2 [Homo sapiens]	TRUE	TENT2
NP_001018181.1	NP_001375026.1	0	N/A	26.797	153	18	4.35e-09	62	poly(A) RNA polymerase GLD2 isoform 6 [Homo sapiens]	TRUE	TENT2
NP_001018181.1	NP_001375025.1	0	N/A	26.797	153	18	4.35e-09	62	poly(A) RNA polymerase GLD2 isoform 6 [Homo sapiens]	TRUE	TENT2
NP_001018181.1	NP_001375024.1	0	N/A	26.797	153	18	4.35e-09	62	poly(A) RNA polymerase GLD2 isoform 6 [Homo sapiens]	TRUE	TENT2
NP_001018181.1	NP_001336480.1	0	N/A	26.797	153	18	4.35e-09	62	poly(A) RNA polymerase GLD2 isoform 6 [Homo sapiens]	TRUE	TENT2
NP_001018181.1	NP_001375027.1	0	N/A	26.797	153	18	4.41e-09	62	poly(A) RNA polymerase GLD2 isoform 7 [Homo sapiens]	TRUE	TENT2
NP_001018181.1	XP_047272801.1	0	N/A	26.797	153	18	5.44e-09	61.6	poly(A) RNA polymerase GLD2 isoform X1 [Homo sapiens]	TRUE	TENT2
NP_001018181.1	XP_047272800.1	0	N/A	26.797	153	18	5.44e-09	61.6	poly(A) RNA polymerase GLD2 isoform X1 [Homo sapiens]	TRUE	TENT2
NP_001018181.1	XP_011541527.1	0	N/A	26.797	153	18	5.44e-09	61.6	poly(A) RNA polymerase GLD2 isoform X1 [Homo sapiens]	TRUE	TENT2
NP_001018181.1	XP_011541526.1	0	N/A	26.797	153	18	5.44e-09	61.6	poly(A) RNA polymerase GLD2 isoform X1 [Homo sapiens]	TRUE	TENT2
NP_001018181.1	XP_011541523.1	0	N/A	26.797	153	18	5.44e-09	61.6	poly(A) RNA polymerase GLD2 isoform X1 [Homo sapiens]	TRUE	TENT2
NP_001018181.1	XP_011541522.1	0	N/A	26.797	153	18	5.44e-09	61.6	poly(A) RNA polymerase GLD2 isoform X1 [Homo sapiens]	TRUE	TENT2
NP_001107865.1	XP_047272808.1	0	N/A	100	484	100	0	1000	poly(A) RNA polymerase GLD2 isoform X3 [Homo sapiens]	TRUE	TENT2
NP_001107865.1	XP_047272807.1	0	N/A	100	484	100	0	1000	poly(A) RNA polymerase GLD2 isoform X3 [Homo sapiens]	TRUE	TENT2
NP_001107865.1	XP_047272806.1	0	N/A	100	484	100	0	1000	poly(A) RNA polymerase GLD2 isoform X3 [Homo sapiens]	TRUE	TENT2
NP_001107865.1	NP_776158.2	0	N/A	100	484	100	0	1000	poly(A) RNA polymerase GLD2 isoform 1 [Homo sapiens]	TRUE	TENT2
NP_001107865.1	NP_001375041.1	0	N/A	100	484	100	0	1000	poly(A) RNA polymerase GLD2 isoform 1 [Homo sapiens]	TRUE	TENT2
NP_001107865.1	NP_001375040.1	0	N/A	100	484	100	0	1000	poly(A) RNA polymerase GLD2 isoform 1 [Homo sapiens]	TRUE	TENT2
NP_001107865.1	NP_001375039.1	0	N/A	100	484	100	0	1000	poly(A) RNA polymerase GLD2 isoform 1 [Homo sapiens]	TRUE	TENT2
NP_001107865.1	NP_001375038.1	0	N/A	100	484	100	0	1000	poly(A) RNA polymerase GLD2 isoform 1 [Homo sapiens]	TRUE	TENT2
NP_001107865.1	NP_001375037.1	0	N/A	100	484	100	0	1000	poly(A) RNA polymerase GLD2 isoform 1 [Homo sapiens]	TRUE	TENT2
NP_001107865.1	NP_001375036.1	0	N/A	100	484	100	0	1000	poly(A) RNA polymerase GLD2 isoform 1 [Homo sapiens]	TRUE	TENT2
NP_001107865.1	NP_001375035.1	0	N/A	100	484	100	0	1000	poly(A) RNA polymerase GLD2 isoform 1 [Homo sapiens]	TRUE	TENT2
NP_001107865.1	NP_001375034.1	0	N/A	100	484	100	0	1000	poly(A) RNA polymerase GLD2 isoform 1 [Homo sapiens]	TRUE	TENT2
NP_001107865.1	NP_001375032.1	0	N/A	100	484	100	0	1000	poly(A) RNA polymerase GLD2 isoform 1 [Homo sapiens]	TRUE	TENT2
NP_001107865.1	NP_001375031.1	0	N/A	100	484	100	0	1000	poly(A) RNA polymerase GLD2 isoform 1 [Homo sapiens]	TRUE	TENT2
NP_001107865.1	NP_001336482.1	0	N/A	100	484	100	0	1000	poly(A) RNA polymerase GLD2 isoform 1 [Homo sapiens]	TRUE	TENT2
NP_001107865.1	NP_001336481.1	0	N/A	100	484	100	0	1000	poly(A) RNA polymerase GLD2 isoform 1 [Homo sapiens]	TRUE	TENT2
NP_001107865.1	NP_001107866.1	0	N/A	100	484	100	0	1000	poly(A) RNA polymerase GLD2 isoform 1 [Homo sapiens]	TRUE	TENT2
NP_001107865.1	NP_001107865.1	0	N/A	100	484	100	0	1000	poly(A) RNA polymerase GLD2 isoform 1 [Homo sapiens]	TRUE	TENT2
NP_001107865.1	NP_001375042.1	0	N/A	99.793	484	100	0	993	poly(A) RNA polymerase GLD2 isoform 16 [Homo sapiens]	TRUE	TENT2
NP_001107865.1	NP_001375029.1	0	N/A	97.773	494	100	0	989	poly(A) RNA polymerase GLD2 isoform 8 [Homo sapiens]	TRUE	TENT2
NP_001107865.1	NP_001375028.1	0	N/A	97.773	494	100	0	989	poly(A) RNA polymerase GLD2 isoform 8 [Homo sapiens]	TRUE	TENT2
NP_001107865.1	XP_047272811.1	0	N/A	99.174	484	100	0	985	poly(A) RNA polymerase GLD2 isoform X4 [Homo sapiens]	TRUE	TENT2
NP_001107865.1	XP_047272810.1	0	N/A	99.174	484	100	0	985	poly(A) RNA polymerase GLD2 isoform X4 [Homo sapiens]	TRUE	TENT2
NP_001107865.1	XP_047272809.1	0	N/A	99.174	484	100	0	985	poly(A) RNA polymerase GLD2 isoform X4 [Homo sapiens]	TRUE	TENT2
NP_001107865.1	NP_001375058.1	0	N/A	99.174	484	100	0	985	poly(A) RNA polymerase GLD2 isoform 2 [Homo sapiens]	TRUE	TENT2
NP_001107865.1	NP_001375057.1	0	N/A	99.174	484	100	0	985	poly(A) RNA polymerase GLD2 isoform 2 [Homo sapiens]	TRUE	TENT2
NP_001107865.1	NP_001375056.1	0	N/A	99.174	484	100	0	985	poly(A) RNA polymerase GLD2 isoform 2 [Homo sapiens]	TRUE	TENT2
NP_001107865.1	NP_001375055.1	0	N/A	99.174	484	100	0	985	poly(A) RNA polymerase GLD2 isoform 2 [Homo sapiens]	TRUE	TENT2
NP_001107865.1	NP_001375054.1	0	N/A	99.174	484	100	0	985	poly(A) RNA polymerase GLD2 isoform 2 [Homo sapiens]	TRUE	TENT2
NP_001107865.1	NP_001375053.1	0	N/A	99.174	484	100	0	985	poly(A) RNA polymerase GLD2 isoform 2 [Homo sapiens]	TRUE	TENT2
NP_001107865.1	NP_001375052.1	0	N/A	99.174	484	100	0	985	poly(A) RNA polymerase GLD2 isoform 2 [Homo sapiens]	TRUE	TENT2
NP_001107865.1	NP_001375051.1	0	N/A	99.174	484	100	0	985	poly(A) RNA polymerase GLD2 isoform 2 [Homo sapiens]	TRUE	TENT2
NP_001107865.1	NP_001375050.1	0	N/A	99.174	484	100	0	985	poly(A) RNA polymerase GLD2 isoform 2 [Homo sapiens]	TRUE	TENT2
NP_001107865.1	NP_001375049.1	0	N/A	99.174	484	100	0	985	poly(A) RNA polymerase GLD2 isoform 2 [Homo sapiens]	TRUE	TENT2
NP_001107865.1	NP_001375048.1	0	N/A	99.174	484	100	0	985	poly(A) RNA polymerase GLD2 isoform 2 [Homo sapiens]	TRUE	TENT2
NP_001107865.1	NP_001375047.1	0	N/A	99.174	484	100	0	985	poly(A) RNA polymerase GLD2 isoform 2 [Homo sapiens]	TRUE	TENT2
NP_001107865.1	NP_001375046.1	0	N/A	99.174	484	100	0	985	poly(A) RNA polymerase GLD2 isoform 2 [Homo sapiens]	TRUE	TENT2
NP_001107865.1	NP_001375045.1	0	N/A	99.174	484	100	0	985	poly(A) RNA polymerase GLD2 isoform 2 [Homo sapiens]	TRUE	TENT2
NP_001107865.1	NP_001375044.1	0	N/A	99.174	484	100	0	985	poly(A) RNA polymerase GLD2 isoform 2 [Homo sapiens]	TRUE	TENT2
NP_001107865.1	NP_001375043.1	0	N/A	99.174	484	100	0	985	poly(A) RNA polymerase GLD2 isoform 2 [Homo sapiens]	TRUE	TENT2
NP_001107865.1	NP_001336483.1	0	N/A	99.174	484	100	0	985	poly(A) RNA polymerase GLD2 isoform 2 [Homo sapiens]	TRUE	TENT2
NP_001107865.1	NP_001284673.1	0	N/A	99.174	484	100	0	985	poly(A) RNA polymerase GLD2 isoform 2 [Homo sapiens]	TRUE	TENT2
NP_001107865.1	XP_047272801.1	0	N/A	94.892	509	100	0	984	poly(A) RNA polymerase GLD2 isoform X1 [Homo sapiens]	TRUE	TENT2
NP_001107865.1	XP_047272800.1	0	N/A	94.892	509	100	0	984	poly(A) RNA polymerase GLD2 isoform X1 [Homo sapiens]	TRUE	TENT2
NP_001107865.1	XP_011541527.1	0	N/A	94.892	509	100	0	984	poly(A) RNA polymerase GLD2 isoform X1 [Homo sapiens]	TRUE	TENT2
NP_001107865.1	XP_011541526.1	0	N/A	94.892	509	100	0	984	poly(A) RNA polymerase GLD2 isoform X1 [Homo sapiens]	TRUE	TENT2
NP_001107865.1	XP_011541523.1	0	N/A	94.892	509	100	0	984	poly(A) RNA polymerase GLD2 isoform X1 [Homo sapiens]	TRUE	TENT2
NP_001107865.1	XP_011541522.1	0	N/A	94.892	509	100	0	984	poly(A) RNA polymerase GLD2 isoform X1 [Homo sapiens]	TRUE	TENT2
NP_001107865.1	NP_001375023.1	0	N/A	94.892	509	100	0	984	poly(A) RNA polymerase GLD2 isoform 5 [Homo sapiens]	TRUE	TENT2
NP_001107865.1	NP_001375022.1	0	N/A	94.892	509	100	0	984	poly(A) RNA polymerase GLD2 isoform 5 [Homo sapiens]	TRUE	TENT2
NP_001107865.1	NP_001336479.1	0	N/A	94.892	509	100	0	984	poly(A) RNA polymerase GLD2 isoform 5 [Homo sapiens]	TRUE	TENT2
NP_001107865.1	NP_001336478.1	0	N/A	94.892	509	100	0	984	poly(A) RNA polymerase GLD2 isoform 5 [Homo sapiens]	TRUE	TENT2
NP_001107865.1	NP_001375059.1	0	N/A	98.967	484	100	0	978	poly(A) RNA polymerase GLD2 isoform 10 [Homo sapiens]	TRUE	TENT2
NP_001107865.1	NP_001375030.1	0	N/A	96.964	494	100	0	974	poly(A) RNA polymerase GLD2 isoform 9 [Homo sapiens]	TRUE	TENT2
NP_001107865.1	XP_047272805.1	0	N/A	94.106	509	100	0	969	poly(A) RNA polymerase GLD2 isoform X2 [Homo sapiens]	TRUE	TENT2
NP_001107865.1	XP_047272804.1	0	N/A	94.106	509	100	0	969	poly(A) RNA polymerase GLD2 isoform X2 [Homo sapiens]	TRUE	TENT2
NP_001107865.1	XP_047272803.1	0	N/A	94.106	509	100	0	969	poly(A) RNA polymerase GLD2 isoform X2 [Homo sapiens]	TRUE	TENT2
NP_001107865.1	XP_047272802.1	0	N/A	94.106	509	100	0	969	poly(A) RNA polymerase GLD2 isoform X2 [Homo sapiens]	TRUE	TENT2
NP_001107865.1	XP_016864641.1	0	N/A	94.106	509	100	0	969	poly(A) RNA polymerase GLD2 isoform X2 [Homo sapiens]	TRUE	TENT2
NP_001107865.1	NP_001375026.1	0	N/A	94.106	509	100	0	969	poly(A) RNA polymerase GLD2 isoform 6 [Homo sapiens]	TRUE	TENT2
NP_001107865.1	NP_001375025.1	0	N/A	94.106	509	100	0	969	poly(A) RNA polymerase GLD2 isoform 6 [Homo sapiens]	TRUE	TENT2
NP_001107865.1	NP_001375024.1	0	N/A	94.106	509	100	0	969	poly(A) RNA polymerase GLD2 isoform 6 [Homo sapiens]	TRUE	TENT2
NP_001107865.1	NP_001336480.1	0	N/A	94.106	509	100	0	969	poly(A) RNA polymerase GLD2 isoform 6 [Homo sapiens]	TRUE	TENT2
NP_001107865.1	NP_001375027.1	0	N/A	93.91	509	100	0	963	poly(A) RNA polymerase GLD2 isoform 7 [Homo sapiens]	TRUE	TENT2
NP_001107865.1	NP_001375060.1	0	N/A	93.595	484	100	0	922	poly(A) RNA polymerase GLD2 isoform 11 [Homo sapiens]	TRUE	TENT2
NP_001107865.1	NP_001375061.1	0	N/A	92.769	484	100	0	907	poly(A) RNA polymerase GLD2 isoform 12 [Homo sapiens]	TRUE	TENT2
NP_001107865.1	XP_047272814.1	0	N/A	90.909	484	100	0	888	poly(A) RNA polymerase GLD2 isoform X6 [Homo sapiens]	TRUE	TENT2
NP_001107865.1	XP_047272813.1	0	N/A	90.909	484	100	0	888	poly(A) RNA polymerase GLD2 isoform X6 [Homo sapiens]	TRUE	TENT2
NP_001107865.1	XP_047272812.1	0	N/A	90.909	484	100	0	888	poly(A) RNA polymerase GLD2 isoform X6 [Homo sapiens]	TRUE	TENT2
NP_001107865.1	NP_001375062.1	0	N/A	90.909	484	100	0	888	poly(A) RNA polymerase GLD2 isoform 3 [Homo sapiens]	TRUE	TENT2
NP_001107865.1	NP_001284674.1	0	N/A	90.909	484	100	0	888	poly(A) RNA polymerase GLD2 isoform 3 [Homo sapiens]	TRUE	TENT2
NP_001107865.1	XP_011541531.1	0	N/A	86.248	509	100	0	875	poly(A) RNA polymerase GLD2 isoform X5 [Homo sapiens]	TRUE	TENT2
NP_001107865.1	XP_047272815.1	0	N/A	90.083	484	100	0	873	poly(A) RNA polymerase GLD2 isoform X7 [Homo sapiens]	TRUE	TENT2
NP_001107865.1	NP_001375064.1	0	N/A	90.083	484	100	0	873	poly(A) RNA polymerase GLD2 isoform 13 [Homo sapiens]	TRUE	TENT2
NP_001107865.1	NP_001375063.1	0	N/A	90.083	484	100	0	873	poly(A) RNA polymerase GLD2 isoform 13 [Homo sapiens]	TRUE	TENT2
NP_001107865.1	NP_001375065.1	0	N/A	98.913	368	76	0	746	poly(A) RNA polymerase GLD2 isoform 14 [Homo sapiens]	TRUE	TENT2
NP_001107865.1	XP_047272818.1	0	N/A	100	342	71	0	703	poly(A) RNA polymerase GLD2 isoform X10 [Homo sapiens]	TRUE	TENT2
NP_001107865.1	XP_047272816.1	0	N/A	92.916	367	71	0	689	poly(A) RNA polymerase GLD2 isoform X8 [Homo sapiens]	TRUE	TENT2
NP_001107865.1	XP_047272817.1	0	N/A	91.826	367	71	0	674	poly(A) RNA polymerase GLD2 isoform X9 [Homo sapiens]	TRUE	TENT2
NP_001107865.1	NP_001336477.1	0	N/A	99.611	257	53	0	533	poly(A) RNA polymerase GLD2 isoform 4 [Homo sapiens]	TRUE	TENT2
NP_001107865.1	XP_047272820.1	0	N/A	95.528	246	51	2.08e-172	486	poly(A) RNA polymerase GLD2 isoform X11 [Homo sapiens]	TRUE	TENT2
NP_001107865.1	NP_001375066.1	0	N/A	98.148	216	45	2.11e-153	440	poly(A) RNA polymerase GLD2 isoform 15 [Homo sapiens]	TRUE	TENT2
NP_001107865.1	XP_005252265.1	0	N/A	32.44	336	68	1.1e-39	155	terminal uridylyltransferase 7 isoform X7 [Homo sapiens]	TRUE	Tut7
NP_001107865.1	XP_011517316.1	0	N/A	32.44	336	68	1.15e-39	155	terminal uridylyltransferase 7 isoform X1 [Homo sapiens]	TRUE	Tut7
NP_001107865.1	XP_011517315.1	0	N/A	32.44	336	68	1.15e-39	155	terminal uridylyltransferase 7 isoform X1 [Homo sapiens]	TRUE	Tut7
NP_001107865.1	XP_011517314.1	0	N/A	32.44	336	68	1.15e-39	155	terminal uridylyltransferase 7 isoform X1 [Homo sapiens]	TRUE	Tut7
NP_001107865.1	XP_011517313.1	0	N/A	32.44	336	68	1.15e-39	155	terminal uridylyltransferase 7 isoform X1 [Homo sapiens]	TRUE	Tut7
NP_001107865.1	XP_011517317.1	0	N/A	32.44	336	68	1.56e-39	155	terminal uridylyltransferase 7 isoform X3 [Homo sapiens]	TRUE	Tut7
NP_001107865.1	NP_001317647.1	0	N/A	31.551	374	74	1.66e-39	154	terminal uridylyltransferase 7 isoform 3 [Homo sapiens]	TRUE	Tut7
NP_001107865.1	XP_047279825.1	0	N/A	32.44	336	68	2.01e-39	155	terminal uridylyltransferase 7 isoform X6 [Homo sapiens]	TRUE	Tut7
NP_001107865.1	XP_047279824.1	0	N/A	32.44	336	68	2.01e-39	155	terminal uridylyltransferase 7 isoform X6 [Homo sapiens]	TRUE	Tut7
NP_001107865.1	XP_005252264.1	0	N/A	32.44	336	68	2.01e-39	155	terminal uridylyltransferase 7 isoform X6 [Homo sapiens]	TRUE	Tut7
NP_001107865.1	XP_016870620.1	0	N/A	32.44	336	68	2.16e-39	155	terminal uridylyltransferase 7 isoform X4 [Homo sapiens]	TRUE	Tut7
NP_001107865.1	XP_016870619.1	0	N/A	32.44	336	68	2.16e-39	155	terminal uridylyltransferase 7 isoform X4 [Homo sapiens]	TRUE	Tut7
NP_001107865.1	NP_078893.2	0	N/A	32.44	336	68	2.16e-39	155	terminal uridylyltransferase 7 isoform 1 [Homo sapiens]	TRUE	Tut7
NP_001107865.1	NP_001171988.1	0	N/A	32.44	336	68	2.16e-39	155	terminal uridylyltransferase 7 isoform 1 [Homo sapiens]	TRUE	Tut7
NP_001107865.1	XP_011517318.1	0	N/A	32.44	336	68	2.28e-39	155	terminal uridylyltransferase 7 isoform X5 [Homo sapiens]	TRUE	Tut7
NP_001107865.1	XP_047279823.1	0	N/A	32.44	336	68	2.28e-39	155	terminal uridylyltransferase 7 isoform X2 [Homo sapiens]	TRUE	Tut7
NP_001107865.1	XP_006717346.1	0	N/A	32.44	336	68	2.28e-39	155	terminal uridylyltransferase 7 isoform X2 [Homo sapiens]	TRUE	Tut7
NP_001107865.1	XP_047272350.1	0	N/A	34.058	276	55	6.45e-37	147	terminal uridylyltransferase 4 isoform X34 [Homo sapiens]	TRUE	Tut4
NP_014100.2	XP_047290433.1	0	N/A	36.392	316	49	1.93e-54	195	terminal nucleotidyltransferase 4B isoform X6 [Homo sapiens]	TRUE	TENT4B
NP_014100.2	XP_011521580.1	0	N/A	36.709	316	49	3.95e-54	195	terminal nucleotidyltransferase 4B isoform X5 [Homo sapiens]	TRUE	TENT4B
NP_014100.2	NP_008930.2	0	N/A	35.256	312	48	1.86e-53	198	terminal nucleotidyltransferase 4A isoform 1 [Homo sapiens]	TRUE	TENT4A
NP_014100.2	NP_001165276.2	0	N/A	35.256	312	48	2.03e-53	198	terminal nucleotidyltransferase 4A isoform 2 [Homo sapiens]	TRUE	TENT4A
NP_014100.2	NP_001035375.2	0	N/A	37.582	306	47	6.87e-53	194	terminal nucleotidyltransferase 4B isoform b [Homo sapiens]	TRUE	TENT4B
NP_014100.2	XP_011521578.1	0	N/A	37.582	306	47	6.97e-53	194	terminal nucleotidyltransferase 4B isoform X2 [Homo sapiens]	TRUE	TENT4B
NP_014100.2	XP_047290432.1	0	N/A	37.255	306	47	8.02e-53	194	terminal nucleotidyltransferase 4B isoform X4 [Homo sapiens]	TRUE	TENT4B
NP_014100.2	NP_001035374.2	0	N/A	37.582	306	47	9.56e-53	195	terminal nucleotidyltransferase 4B isoform a [Homo sapiens]	TRUE	TENT4B
NP_014100.2	XP_011521577.1	0	N/A	37.582	306	47	9.68e-53	195	terminal nucleotidyltransferase 4B isoform X1 [Homo sapiens]	TRUE	TENT4B
NP_014100.2	NP_001352252.1	0	N/A	37.255	306	47	1.37e-52	194	terminal nucleotidyltransferase 4B isoform c [Homo sapiens]	TRUE	TENT4B
NP_014100.2	XP_047290431.1	0	N/A	37.255	306	47	1.41e-52	194	terminal nucleotidyltransferase 4B isoform X3 [Homo sapiens]	TRUE	TENT4B
NP_014100.2	XP_047272622.1	0	N/A	34.884	301	47	1.45e-52	191	terminal nucleotidyltransferase 4A isoform X1 [Homo sapiens]	TRUE	TENT4A
NP_014100.2	XP_047272621.1	0	N/A	34.884	301	47	1.45e-52	191	terminal nucleotidyltransferase 4A isoform X1 [Homo sapiens]	TRUE	TENT4A
NP_014100.2	XP_047272620.1	0	N/A	34.884	301	47	1.45e-52	191	terminal nucleotidyltransferase 4A isoform X1 [Homo sapiens]	TRUE	TENT4A
NP_014100.2	NP_001352253.1	0	N/A	37.255	306	47	1.86e-52	194	terminal nucleotidyltransferase 4B isoform d [Homo sapiens]	TRUE	TENT4B
NP_014100.2	XP_047272623.1	0	N/A	35.052	291	45	1.17e-50	186	terminal nucleotidyltransferase 4A isoform X2 [Homo sapiens]	TRUE	TENT4A
NP_014100.2	XP_016864477.1	0	N/A	35.052	291	45	1.17e-50	186	terminal nucleotidyltransferase 4A isoform X2 [Homo sapiens]	TRUE	TENT4A
NP_014100.2	XP_047272624.1	0	N/A	35.052	291	45	1.55e-50	186	terminal nucleotidyltransferase 4A isoform X3 [Homo sapiens]	TRUE	TENT4A
NP_014100.2	NP_001375059.1	0	N/A	22.154	325	44	3.87e-08	58.9	poly(A) RNA polymerase GLD2 isoform 10 [Homo sapiens]	TRUE	TENT2
NP_014100.2	NP_001375061.1	0	N/A	22.154	325	44	3.94e-08	58.9	poly(A) RNA polymerase GLD2 isoform 12 [Homo sapiens]	TRUE	TENT2
NP_014100.2	XP_047272811.1	0	N/A	22.154	325	44	4.08e-08	58.9	poly(A) RNA polymerase GLD2 isoform X4 [Homo sapiens]	TRUE	TENT2
NP_014100.2	XP_047272810.1	0	N/A	22.154	325	44	4.08e-08	58.9	poly(A) RNA polymerase GLD2 isoform X4 [Homo sapiens]	TRUE	TENT2
NP_014100.2	XP_047272809.1	0	N/A	22.154	325	44	4.08e-08	58.9	poly(A) RNA polymerase GLD2 isoform X4 [Homo sapiens]	TRUE	TENT2
NP_014100.2	NP_001375058.1	0	N/A	22.154	325	44	4.08e-08	58.9	poly(A) RNA polymerase GLD2 isoform 2 [Homo sapiens]	TRUE	TENT2
NP_014100.2	NP_001375057.1	0	N/A	22.154	325	44	4.08e-08	58.9	poly(A) RNA polymerase GLD2 isoform 2 [Homo sapiens]	TRUE	TENT2
NP_014100.2	NP_001375056.1	0	N/A	22.154	325	44	4.08e-08	58.9	poly(A) RNA polymerase GLD2 isoform 2 [Homo sapiens]	TRUE	TENT2
NP_014100.2	NP_001375055.1	0	N/A	22.154	325	44	4.08e-08	58.9	poly(A) RNA polymerase GLD2 isoform 2 [Homo sapiens]	TRUE	TENT2
NP_014100.2	NP_001375054.1	0	N/A	22.154	325	44	4.08e-08	58.9	poly(A) RNA polymerase GLD2 isoform 2 [Homo sapiens]	TRUE	TENT2
NP_014100.2	NP_001375053.1	0	N/A	22.154	325	44	4.08e-08	58.9	poly(A) RNA polymerase GLD2 isoform 2 [Homo sapiens]	TRUE	TENT2
NP_014100.2	NP_001375052.1	0	N/A	22.154	325	44	4.08e-08	58.9	poly(A) RNA polymerase GLD2 isoform 2 [Homo sapiens]	TRUE	TENT2
NP_014100.2	NP_001375051.1	0	N/A	22.154	325	44	4.08e-08	58.9	poly(A) RNA polymerase GLD2 isoform 2 [Homo sapiens]	TRUE	TENT2
NP_014100.2	NP_001375050.1	0	N/A	22.154	325	44	4.08e-08	58.9	poly(A) RNA polymerase GLD2 isoform 2 [Homo sapiens]	TRUE	TENT2
NP_014100.2	NP_001375049.1	0	N/A	22.154	325	44	4.08e-08	58.9	poly(A) RNA polymerase GLD2 isoform 2 [Homo sapiens]	TRUE	TENT2
NP_014100.2	NP_001375048.1	0	N/A	22.154	325	44	4.08e-08	58.9	poly(A) RNA polymerase GLD2 isoform 2 [Homo sapiens]	TRUE	TENT2
NP_014100.2	NP_001375047.1	0	N/A	22.154	325	44	4.08e-08	58.9	poly(A) RNA polymerase GLD2 isoform 2 [Homo sapiens]	TRUE	TENT2
NP_014100.2	NP_001375046.1	0	N/A	22.154	325	44	4.08e-08	58.9	poly(A) RNA polymerase GLD2 isoform 2 [Homo sapiens]	TRUE	TENT2
NP_014100.2	NP_001375045.1	0	N/A	22.154	325	44	4.08e-08	58.9	poly(A) RNA polymerase GLD2 isoform 2 [Homo sapiens]	TRUE	TENT2
NP_014100.2	NP_001375044.1	0	N/A	22.154	325	44	4.08e-08	58.9	poly(A) RNA polymerase GLD2 isoform 2 [Homo sapiens]	TRUE	TENT2
NP_014100.2	NP_001375043.1	0	N/A	22.154	325	44	4.08e-08	58.9	poly(A) RNA polymerase GLD2 isoform 2 [Homo sapiens]	TRUE	TENT2
NP_014100.2	NP_001336483.1	0	N/A	22.154	325	44	4.08e-08	58.9	poly(A) RNA polymerase GLD2 isoform 2 [Homo sapiens]	TRUE	TENT2
NP_014100.2	NP_001284673.1	0	N/A	22.154	325	44	4.08e-08	58.9	poly(A) RNA polymerase GLD2 isoform 2 [Homo sapiens]	TRUE	TENT2
NP_014100.2	NP_001375065.1	0	N/A	23.102	303	40	5.35e-08	57.8	poly(A) RNA polymerase GLD2 isoform 14 [Homo sapiens]	TRUE	TENT2
NP_014100.2	NP_001375060.1	0	N/A	22.121	330	44	1.2e-07	57.4	poly(A) RNA polymerase GLD2 isoform 11 [Homo sapiens]	TRUE	TENT2
NP_014100.2	XP_047272808.1	0	N/A	22.121	330	44	1.27e-07	57.4	poly(A) RNA polymerase GLD2 isoform X3 [Homo sapiens]	TRUE	TENT2
NP_014100.2	XP_047272807.1	0	N/A	22.121	330	44	1.27e-07	57.4	poly(A) RNA polymerase GLD2 isoform X3 [Homo sapiens]	TRUE	TENT2
NP_014100.2	XP_047272806.1	0	N/A	22.121	330	44	1.27e-07	57.4	poly(A) RNA polymerase GLD2 isoform X3 [Homo sapiens]	TRUE	TENT2
NP_014100.2	NP_776158.2	0	N/A	22.121	330	44	1.27e-07	57.4	poly(A) RNA polymerase GLD2 isoform 1 [Homo sapiens]	TRUE	TENT2
NP_014100.2	NP_001375041.1	0	N/A	22.121	330	44	1.27e-07	57.4	poly(A) RNA polymerase GLD2 isoform 1 [Homo sapiens]	TRUE	TENT2
NP_014100.2	NP_001375040.1	0	N/A	22.121	330	44	1.27e-07	57.4	poly(A) RNA polymerase GLD2 isoform 1 [Homo sapiens]	TRUE	TENT2
NP_014100.2	NP_001375039.1	0	N/A	22.121	330	44	1.27e-07	57.4	poly(A) RNA polymerase GLD2 isoform 1 [Homo sapiens]	TRUE	TENT2
NP_014100.2	NP_001375038.1	0	N/A	22.121	330	44	1.27e-07	57.4	poly(A) RNA polymerase GLD2 isoform 1 [Homo sapiens]	TRUE	TENT2
NP_014100.2	NP_001375037.1	0	N/A	22.121	330	44	1.27e-07	57.4	poly(A) RNA polymerase GLD2 isoform 1 [Homo sapiens]	TRUE	TENT2
NP_014100.2	NP_001375036.1	0	N/A	22.121	330	44	1.27e-07	57.4	poly(A) RNA polymerase GLD2 isoform 1 [Homo sapiens]	TRUE	TENT2
NP_014100.2	NP_001375035.1	0	N/A	22.121	330	44	1.27e-07	57.4	poly(A) RNA polymerase GLD2 isoform 1 [Homo sapiens]	TRUE	TENT2
NP_014100.2	NP_001375034.1	0	N/A	22.121	330	44	1.27e-07	57.4	poly(A) RNA polymerase GLD2 isoform 1 [Homo sapiens]	TRUE	TENT2
NP_014100.2	NP_001375032.1	0	N/A	22.121	330	44	1.27e-07	57.4	poly(A) RNA polymerase GLD2 isoform 1 [Homo sapiens]	TRUE	TENT2
NP_014100.2	NP_001375031.1	0	N/A	22.121	330	44	1.27e-07	57.4	poly(A) RNA polymerase GLD2 isoform 1 [Homo sapiens]	TRUE	TENT2
NP_014100.2	NP_001336482.1	0	N/A	22.121	330	44	1.27e-07	57.4	poly(A) RNA polymerase GLD2 isoform 1 [Homo sapiens]	TRUE	TENT2
NP_014100.2	NP_001336481.1	0	N/A	22.121	330	44	1.27e-07	57.4	poly(A) RNA polymerase GLD2 isoform 1 [Homo sapiens]	TRUE	TENT2
NP_014100.2	NP_001107866.1	0	N/A	22.121	330	44	1.27e-07	57.4	poly(A) RNA polymerase GLD2 isoform 1 [Homo sapiens]	TRUE	TENT2
NP_014100.2	NP_001107865.1	0	N/A	22.121	330	44	1.27e-07	57.4	poly(A) RNA polymerase GLD2 isoform 1 [Homo sapiens]	TRUE	TENT2
NP_014100.2	NP_001375042.1	0	N/A	22.121	330	44	1.4e-07	57	poly(A) RNA polymerase GLD2 isoform 16 [Homo sapiens]	TRUE	TENT2
NP_014100.2	NP_001317647.1	0	N/A	22.876	306	41	3.37e-07	56.2	terminal uridylyltransferase 7 isoform 3 [Homo sapiens]	TRUE	Tut7
NP_014100.2	XP_016870620.1	0	N/A	23.203	306	41	3.92e-07	56.2	terminal uridylyltransferase 7 isoform X4 [Homo sapiens]	TRUE	Tut7
NP_014100.2	XP_016870619.1	0	N/A	23.203	306	41	3.92e-07	56.2	terminal uridylyltransferase 7 isoform X4 [Homo sapiens]	TRUE	Tut7
NP_014100.2	NP_078893.2	0	N/A	23.203	306	41	3.92e-07	56.2	terminal uridylyltransferase 7 isoform 1 [Homo sapiens]	TRUE	Tut7
NP_014100.2	NP_001171988.1	0	N/A	23.203	306	41	3.92e-07	56.2	terminal uridylyltransferase 7 isoform 1 [Homo sapiens]	TRUE	Tut7
NP_014100.2	XP_047279823.1	0	N/A	23.203	306	41	4.29e-07	56.2	terminal uridylyltransferase 7 isoform X2 [Homo sapiens]	TRUE	Tut7
NP_014100.2	XP_006717346.1	0	N/A	23.203	306	41	4.29e-07	56.2	terminal uridylyltransferase 7 isoform X2 [Homo sapiens]	TRUE	Tut7
NP_014100.2	XP_011517318.1	0	N/A	23.203	306	41	4.72e-07	55.8	terminal uridylyltransferase 7 isoform X5 [Homo sapiens]	TRUE	Tut7
NP_014100.2	XP_011517317.1	0	N/A	23.203	306	41	4.91e-07	55.8	terminal uridylyltransferase 7 isoform X3 [Homo sapiens]	TRUE	Tut7
NP_014100.2	XP_047279825.1	0	N/A	23.203	306	41	4.92e-07	55.8	terminal uridylyltransferase 7 isoform X6 [Homo sapiens]	TRUE	Tut7
NP_014100.2	XP_047279824.1	0	N/A	23.203	306	41	4.92e-07	55.8	terminal uridylyltransferase 7 isoform X6 [Homo sapiens]	TRUE	Tut7
NP_014100.2	XP_005252264.1	0	N/A	23.203	306	41	4.92e-07	55.8	terminal uridylyltransferase 7 isoform X6 [Homo sapiens]	TRUE	Tut7
NP_014100.2	XP_005252265.1	0	N/A	23.203	306	41	5.21e-07	55.8	terminal uridylyltransferase 7 isoform X7 [Homo sapiens]	TRUE	Tut7
NP_014100.2	XP_011517316.1	0	N/A	23.203	306	41	5.78e-07	55.8	terminal uridylyltransferase 7 isoform X1 [Homo sapiens]	TRUE	Tut7
NP_014100.2	XP_011517315.1	0	N/A	23.203	306	41	5.78e-07	55.8	terminal uridylyltransferase 7 isoform X1 [Homo sapiens]	TRUE	Tut7
NP_014100.2	XP_011517314.1	0	N/A	23.203	306	41	5.78e-07	55.8	terminal uridylyltransferase 7 isoform X1 [Homo sapiens]	TRUE	Tut7
NP_014100.2	XP_011517313.1	0	N/A	23.203	306	41	5.78e-07	55.8	terminal uridylyltransferase 7 isoform X1 [Homo sapiens]	TRUE	Tut7
NP_014100.2	NP_001172003.1	0	N/A	23.194	263	35	6.28e-07	55.5	terminal uridylyltransferase 7 isoform 2 [Homo sapiens]	TRUE	Tut7
NP_014100.2	NP_001375030.1	0	N/A	20.896	335	44	7.25e-07	54.7	poly(A) RNA polymerase GLD2 isoform 9 [Homo sapiens]	TRUE	TENT2
NP_014100.2	NP_001336477.1	0	N/A	22.53	253	33	1.86e-06	52.4	poly(A) RNA polymerase GLD2 isoform 4 [Homo sapiens]	TRUE	TENT2
NP_014100.2	XP_047272305.1	0	N/A	22.977	309	40	3.04e-06	53.5	terminal uridylyltransferase 4 isoform X17 [Homo sapiens]	TRUE	Tut4
NP_014100.2	XP_047272296.1	0	N/A	22.977	309	40	3.07e-06	53.5	terminal uridylyltransferase 4 isoform X13 [Homo sapiens]	TRUE	Tut4
NP_014100.2	XP_047272295.1	0	N/A	22.977	309	40	3.07e-06	53.5	terminal uridylyltransferase 4 isoform X12 [Homo sapiens]	TRUE	Tut4
NP_014100.2	XP_047272290.1	0	N/A	22.977	309	40	3.17e-06	53.1	terminal uridylyltransferase 4 isoform X11 [Homo sapiens]	TRUE	Tut4
NP_014100.2	NP_001375029.1	0	N/A	20.649	339	44	3.42e-06	52.8	poly(A) RNA polymerase GLD2 isoform 8 [Homo sapiens]	TRUE	TENT2
NP_014100.2	NP_001375028.1	0	N/A	20.649	339	44	3.42e-06	52.8	poly(A) RNA polymerase GLD2 isoform 8 [Homo sapiens]	TRUE	TENT2
NP_014100.2	XP_047272286.1	0	N/A	22.977	309	40	3.43e-06	53.1	terminal uridylyltransferase 4 isoform X8 [Homo sapiens]	TRUE	Tut4
NP_014100.2	XP_047272372.1	0	N/A	22.977	309	40	3.51e-06	53.1	terminal uridylyltransferase 4 isoform X42 [Homo sapiens]	TRUE	Tut4
NP_014100.2	XP_047272285.1	0	N/A	23.053	321	42	4.28e-06	52.8	terminal uridylyltransferase 4 isoform X7 [Homo sapiens]	TRUE	Tut4
NP_014100.2	XP_016856292.1	0	N/A	23.053	321	42	4.31e-06	52.8	terminal uridylyltransferase 4 isoform X9 [Homo sapiens]	TRUE	Tut4
NP_014100.2	XP_047272344.1	0	N/A	22.977	309	40	4.32e-06	52.8	terminal uridylyltransferase 4 isoform X30 [Homo sapiens]	TRUE	Tut4
NP_014100.2	XP_047272350.1	0	N/A	22.977	309	40	4.66e-06	52.8	terminal uridylyltransferase 4 isoform X34 [Homo sapiens]	TRUE	Tut4
NP_014100.2	XP_016856293.1	0	N/A	23.053	321	42	4.74e-06	52.8	terminal uridylyltransferase 4 isoform X16 [Homo sapiens]	TRUE	Tut4
NP_014100.2	XP_047272280.1	0	N/A	23.053	321	42	4.87e-06	52.8	terminal uridylyltransferase 4 isoform X3 [Homo sapiens]	TRUE	Tut4
NP_014100.2	XP_005270736.1	0	N/A	23.053	321	42	4.87e-06	52.8	terminal uridylyltransferase 4 isoform X3 [Homo sapiens]	TRUE	Tut4
NP_014100.2	XP_005270735.1	0	N/A	23.053	321	42	4.87e-06	52.8	terminal uridylyltransferase 4 isoform X2 [Homo sapiens]	TRUE	Tut4
NP_014100.2	XP_047272283.1	0	N/A	23.053	321	42	4.95e-06	52.8	terminal uridylyltransferase 4 isoform X6 [Homo sapiens]	TRUE	Tut4
NP_014100.2	XP_005270737.1	0	N/A	23.053	321	42	4.95e-06	52.8	terminal uridylyltransferase 4 isoform X6 [Homo sapiens]	TRUE	Tut4
NP_014526.1	XP_047290433.1	0	N/A	37.942	311	53	2.19e-59	207	terminal nucleotidyltransferase 4B isoform X6 [Homo sapiens]	TRUE	TENT4B
NP_014526.1	XP_011521580.1	0	N/A	37.942	311	53	3.36e-59	208	terminal nucleotidyltransferase 4B isoform X5 [Homo sapiens]	TRUE	TENT4B
NP_014526.1	NP_001035375.2	0	N/A	37.942	311	53	8.88e-58	207	terminal nucleotidyltransferase 4B isoform b [Homo sapiens]	TRUE	TENT4B
NP_014526.1	XP_011521578.1	0	N/A	37.942	311	53	9.02e-58	207	terminal nucleotidyltransferase 4B isoform X2 [Homo sapiens]	TRUE	TENT4B
NP_014526.1	XP_047290432.1	0	N/A	37.942	311	53	1.08e-57	206	terminal nucleotidyltransferase 4B isoform X4 [Homo sapiens]	TRUE	TENT4B
NP_014526.1	NP_001035374.2	0	N/A	37.942	311	53	1.25e-57	207	terminal nucleotidyltransferase 4B isoform a [Homo sapiens]	TRUE	TENT4B
NP_014526.1	XP_011521577.1	0	N/A	37.942	311	53	1.26e-57	207	terminal nucleotidyltransferase 4B isoform X1 [Homo sapiens]	TRUE	TENT4B
NP_014526.1	NP_001352252.1	0	N/A	37.942	311	53	1.52e-57	207	terminal nucleotidyltransferase 4B isoform c [Homo sapiens]	TRUE	TENT4B
NP_014526.1	XP_047290431.1	0	N/A	37.942	311	53	1.86e-57	206	terminal nucleotidyltransferase 4B isoform X3 [Homo sapiens]	TRUE	TENT4B
NP_014526.1	NP_001352253.1	0	N/A	37.942	311	53	2.07e-57	207	terminal nucleotidyltransferase 4B isoform d [Homo sapiens]	TRUE	TENT4B
NP_014526.1	NP_008930.2	0	N/A	37.742	310	53	2.8e-57	207	terminal nucleotidyltransferase 4A isoform 1 [Homo sapiens]	TRUE	TENT4A
NP_014526.1	NP_001165276.2	0	N/A	37.742	310	53	2.91e-57	207	terminal nucleotidyltransferase 4A isoform 2 [Homo sapiens]	TRUE	TENT4A
NP_014526.1	XP_047272622.1	0	N/A	37.417	302	51	5.39e-57	202	terminal nucleotidyltransferase 4A isoform X1 [Homo sapiens]	TRUE	TENT4A
NP_014526.1	XP_047272621.1	0	N/A	37.417	302	51	5.39e-57	202	terminal nucleotidyltransferase 4A isoform X1 [Homo sapiens]	TRUE	TENT4A
NP_014526.1	XP_047272620.1	0	N/A	37.417	302	51	5.39e-57	202	terminal nucleotidyltransferase 4A isoform X1 [Homo sapiens]	TRUE	TENT4A
NP_014526.1	XP_047272623.1	0	N/A	37.201	293	50	1.59e-54	195	terminal nucleotidyltransferase 4A isoform X2 [Homo sapiens]	TRUE	TENT4A
NP_014526.1	XP_016864477.1	0	N/A	37.201	293	50	1.59e-54	195	terminal nucleotidyltransferase 4A isoform X2 [Homo sapiens]	TRUE	TENT4A
NP_014526.1	XP_047272624.1	0	N/A	37.201	293	50	1.95e-54	195	terminal nucleotidyltransferase 4A isoform X3 [Homo sapiens]	TRUE	TENT4A
NP_014526.1	NP_001317647.1	0	N/A	25.269	186	31	1.55e-09	63.5	terminal uridylyltransferase 7 isoform 3 [Homo sapiens]	TRUE	Tut7
NP_014526.1	XP_016870620.1	0	N/A	25.269	186	31	2.77e-09	63.2	terminal uridylyltransferase 7 isoform X4 [Homo sapiens]	TRUE	Tut7
NP_014526.1	XP_016870619.1	0	N/A	25.269	186	31	2.77e-09	63.2	terminal uridylyltransferase 7 isoform X4 [Homo sapiens]	TRUE	Tut7
NP_014526.1	NP_078893.2	0	N/A	25.269	186	31	2.77e-09	63.2	terminal uridylyltransferase 7 isoform 1 [Homo sapiens]	TRUE	Tut7
NP_014526.1	NP_001171988.1	0	N/A	25.269	186	31	2.77e-09	63.2	terminal uridylyltransferase 7 isoform 1 [Homo sapiens]	TRUE	Tut7
NP_014526.1	XP_047279823.1	0	N/A	25.269	186	31	2.91e-09	62.8	terminal uridylyltransferase 7 isoform X2 [Homo sapiens]	TRUE	Tut7
NP_014526.1	XP_006717346.1	0	N/A	25.269	186	31	2.91e-09	62.8	terminal uridylyltransferase 7 isoform X2 [Homo sapiens]	TRUE	Tut7
NP_014526.1	XP_047279825.1	0	N/A	25.269	186	31	2.91e-09	62.8	terminal uridylyltransferase 7 isoform X6 [Homo sapiens]	TRUE	Tut7
NP_014526.1	XP_047279824.1	0	N/A	25.269	186	31	2.91e-09	62.8	terminal uridylyltransferase 7 isoform X6 [Homo sapiens]	TRUE	Tut7
NP_014526.1	XP_005252264.1	0	N/A	25.269	186	31	2.91e-09	62.8	terminal uridylyltransferase 7 isoform X6 [Homo sapiens]	TRUE	Tut7
NP_014526.1	XP_005252265.1	0	N/A	25	184	31	3.18e-09	62.8	terminal uridylyltransferase 7 isoform X7 [Homo sapiens]	TRUE	Tut7
NP_014526.1	XP_011517318.1	0	N/A	25.269	186	31	3.2e-09	62.8	terminal uridylyltransferase 7 isoform X5 [Homo sapiens]	TRUE	Tut7
NP_014526.1	XP_011517317.1	0	N/A	25.269	186	31	3.3e-09	62.8	terminal uridylyltransferase 7 isoform X3 [Homo sapiens]	TRUE	Tut7
NP_014526.1	XP_011517316.1	0	N/A	25.269	186	31	3.48e-09	62.8	terminal uridylyltransferase 7 isoform X1 [Homo sapiens]	TRUE	Tut7
NP_014526.1	XP_011517315.1	0	N/A	25.269	186	31	3.48e-09	62.8	terminal uridylyltransferase 7 isoform X1 [Homo sapiens]	TRUE	Tut7
NP_014526.1	XP_011517314.1	0	N/A	25.269	186	31	3.48e-09	62.8	terminal uridylyltransferase 7 isoform X1 [Homo sapiens]	TRUE	Tut7
NP_014526.1	XP_011517313.1	0	N/A	25.269	186	31	3.48e-09	62.8	terminal uridylyltransferase 7 isoform X1 [Homo sapiens]	TRUE	Tut7
NP_014526.1	NP_001375061.1	0	N/A	22.609	230	33	3.83e-07	55.5	poly(A) RNA polymerase GLD2 isoform 12 [Homo sapiens]	TRUE	TENT2
NP_014526.1	XP_047272811.1	0	N/A	23.529	221	32	3.97e-07	55.5	poly(A) RNA polymerase GLD2 isoform X4 [Homo sapiens]	TRUE	TENT2
NP_014526.1	XP_047272810.1	0	N/A	23.529	221	32	3.97e-07	55.5	poly(A) RNA polymerase GLD2 isoform X4 [Homo sapiens]	TRUE	TENT2
NP_014526.1	XP_047272809.1	0	N/A	23.529	221	32	3.97e-07	55.5	poly(A) RNA polymerase GLD2 isoform X4 [Homo sapiens]	TRUE	TENT2
NP_014526.1	NP_001375058.1	0	N/A	23.529	221	32	3.97e-07	55.5	poly(A) RNA polymerase GLD2 isoform 2 [Homo sapiens]	TRUE	TENT2
NP_014526.1	NP_001375057.1	0	N/A	23.529	221	32	3.97e-07	55.5	poly(A) RNA polymerase GLD2 isoform 2 [Homo sapiens]	TRUE	TENT2
NP_014526.1	NP_001375056.1	0	N/A	23.529	221	32	3.97e-07	55.5	poly(A) RNA polymerase GLD2 isoform 2 [Homo sapiens]	TRUE	TENT2
NP_014526.1	NP_001375055.1	0	N/A	23.529	221	32	3.97e-07	55.5	poly(A) RNA polymerase GLD2 isoform 2 [Homo sapiens]	TRUE	TENT2
NP_014526.1	NP_001375054.1	0	N/A	23.529	221	32	3.97e-07	55.5	poly(A) RNA polymerase GLD2 isoform 2 [Homo sapiens]	TRUE	TENT2
NP_014526.1	NP_001375053.1	0	N/A	23.529	221	32	3.97e-07	55.5	poly(A) RNA polymerase GLD2 isoform 2 [Homo sapiens]	TRUE	TENT2
NP_014526.1	NP_001375052.1	0	N/A	23.529	221	32	3.97e-07	55.5	poly(A) RNA polymerase GLD2 isoform 2 [Homo sapiens]	TRUE	TENT2
NP_014526.1	NP_001375051.1	0	N/A	23.529	221	32	3.97e-07	55.5	poly(A) RNA polymerase GLD2 isoform 2 [Homo sapiens]	TRUE	TENT2
NP_014526.1	NP_001375050.1	0	N/A	23.529	221	32	3.97e-07	55.5	poly(A) RNA polymerase GLD2 isoform 2 [Homo sapiens]	TRUE	TENT2
NP_014526.1	NP_001375049.1	0	N/A	23.529	221	32	3.97e-07	55.5	poly(A) RNA polymerase GLD2 isoform 2 [Homo sapiens]	TRUE	TENT2
NP_014526.1	NP_001375048.1	0	N/A	23.529	221	32	3.97e-07	55.5	poly(A) RNA polymerase GLD2 isoform 2 [Homo sapiens]	TRUE	TENT2
NP_014526.1	NP_001375047.1	0	N/A	23.529	221	32	3.97e-07	55.5	poly(A) RNA polymerase GLD2 isoform 2 [Homo sapiens]	TRUE	TENT2
NP_014526.1	NP_001375046.1	0	N/A	23.529	221	32	3.97e-07	55.5	poly(A) RNA polymerase GLD2 isoform 2 [Homo sapiens]	TRUE	TENT2
NP_014526.1	NP_001375045.1	0	N/A	23.529	221	32	3.97e-07	55.5	poly(A) RNA polymerase GLD2 isoform 2 [Homo sapiens]	TRUE	TENT2
NP_014526.1	NP_001375044.1	0	N/A	23.529	221	32	3.97e-07	55.5	poly(A) RNA polymerase GLD2 isoform 2 [Homo sapiens]	TRUE	TENT2
NP_014526.1	NP_001375043.1	0	N/A	23.529	221	32	3.97e-07	55.5	poly(A) RNA polymerase GLD2 isoform 2 [Homo sapiens]	TRUE	TENT2
NP_014526.1	NP_001336483.1	0	N/A	23.529	221	32	3.97e-07	55.5	poly(A) RNA polymerase GLD2 isoform 2 [Homo sapiens]	TRUE	TENT2
NP_014526.1	NP_001284673.1	0	N/A	23.529	221	32	3.97e-07	55.5	poly(A) RNA polymerase GLD2 isoform 2 [Homo sapiens]	TRUE	TENT2
NP_014526.1	NP_001375059.1	0	N/A	23.529	221	32	4.14e-07	55.5	poly(A) RNA polymerase GLD2 isoform 10 [Homo sapiens]	TRUE	TENT2
NP_014526.1	NP_001375065.1	0	N/A	22.348	264	39	4.49e-07	54.7	poly(A) RNA polymerase GLD2 isoform 14 [Homo sapiens]	TRUE	TENT2
NP_014526.1	NP_001172003.1	0	N/A	24.823	141	24	4.89e-07	55.8	terminal uridylyltransferase 7 isoform 2 [Homo sapiens]	TRUE	Tut7
NP_014526.1	XP_047272808.1	0	N/A	22.667	225	32	1.24e-06	53.9	poly(A) RNA polymerase GLD2 isoform X3 [Homo sapiens]	TRUE	TENT2
NP_014526.1	XP_047272807.1	0	N/A	22.667	225	32	1.24e-06	53.9	poly(A) RNA polymerase GLD2 isoform X3 [Homo sapiens]	TRUE	TENT2
NP_014526.1	XP_047272806.1	0	N/A	22.667	225	32	1.24e-06	53.9	poly(A) RNA polymerase GLD2 isoform X3 [Homo sapiens]	TRUE	TENT2
NP_014526.1	NP_776158.2	0	N/A	22.667	225	32	1.24e-06	53.9	poly(A) RNA polymerase GLD2 isoform 1 [Homo sapiens]	TRUE	TENT2
NP_014526.1	NP_001375041.1	0	N/A	22.667	225	32	1.24e-06	53.9	poly(A) RNA polymerase GLD2 isoform 1 [Homo sapiens]	TRUE	TENT2
NP_014526.1	NP_001375040.1	0	N/A	22.667	225	32	1.24e-06	53.9	poly(A) RNA polymerase GLD2 isoform 1 [Homo sapiens]	TRUE	TENT2
NP_014526.1	NP_001375039.1	0	N/A	22.667	225	32	1.24e-06	53.9	poly(A) RNA polymerase GLD2 isoform 1 [Homo sapiens]	TRUE	TENT2
NP_014526.1	NP_001375038.1	0	N/A	22.667	225	32	1.24e-06	53.9	poly(A) RNA polymerase GLD2 isoform 1 [Homo sapiens]	TRUE	TENT2
NP_014526.1	NP_001375037.1	0	N/A	22.667	225	32	1.24e-06	53.9	poly(A) RNA polymerase GLD2 isoform 1 [Homo sapiens]	TRUE	TENT2
NP_014526.1	NP_001375036.1	0	N/A	22.667	225	32	1.24e-06	53.9	poly(A) RNA polymerase GLD2 isoform 1 [Homo sapiens]	TRUE	TENT2
NP_014526.1	NP_001375035.1	0	N/A	22.667	225	32	1.24e-06	53.9	poly(A) RNA polymerase GLD2 isoform 1 [Homo sapiens]	TRUE	TENT2
NP_014526.1	NP_001375034.1	0	N/A	22.667	225	32	1.24e-06	53.9	poly(A) RNA polymerase GLD2 isoform 1 [Homo sapiens]	TRUE	TENT2
NP_014526.1	NP_001375032.1	0	N/A	22.667	225	32	1.24e-06	53.9	poly(A) RNA polymerase GLD2 isoform 1 [Homo sapiens]	TRUE	TENT2
NP_014526.1	NP_001375031.1	0	N/A	22.667	225	32	1.24e-06	53.9	poly(A) RNA polymerase GLD2 isoform 1 [Homo sapiens]	TRUE	TENT2
NP_014526.1	NP_001336482.1	0	N/A	22.667	225	32	1.24e-06	53.9	poly(A) RNA polymerase GLD2 isoform 1 [Homo sapiens]	TRUE	TENT2
NP_014526.1	NP_001336481.1	0	N/A	22.667	225	32	1.24e-06	53.9	poly(A) RNA polymerase GLD2 isoform 1 [Homo sapiens]	TRUE	TENT2
NP_014526.1	NP_001107866.1	0	N/A	22.667	225	32	1.24e-06	53.9	poly(A) RNA polymerase GLD2 isoform 1 [Homo sapiens]	TRUE	TENT2
NP_014526.1	NP_001107865.1	0	N/A	22.667	225	32	1.24e-06	53.9	poly(A) RNA polymerase GLD2 isoform 1 [Homo sapiens]	TRUE	TENT2
NP_014526.1	NP_001375060.1	0	N/A	21.795	234	33	1.25e-06	53.9	poly(A) RNA polymerase GLD2 isoform 11 [Homo sapiens]	TRUE	TENT2
NP_014526.1	NP_001375042.1	0	N/A	22.667	225	32	1.26e-06	53.9	poly(A) RNA polymerase GLD2 isoform 16 [Homo sapiens]	TRUE	TENT2
NP_014526.1	NP_001375030.1	0	N/A	23.786	206	30	5.24e-06	52	poly(A) RNA polymerase GLD2 isoform 9 [Homo sapiens]	TRUE	TENT2
NP_014526.1	XP_047272818.1	0	N/A	24.845	161	26	6.87e-06	51.2	poly(A) RNA polymerase GLD2 isoform X10 [Homo sapiens]	TRUE	TENT2
NP_014526.1	XP_016856293.1	0	N/A	25.258	194	31	1.01e-05	51.6	terminal uridylyltransferase 4 isoform X16 [Homo sapiens]	TRUE	Tut4
NP_014526.1	NP_001336477.1	0	N/A	21.164	189	27	1.06e-05	50.1	poly(A) RNA polymerase GLD2 isoform 4 [Homo sapiens]	TRUE	TENT2
NP_014526.1	XP_047272285.1	0	N/A	25.258	194	31	1.1e-05	51.2	terminal uridylyltransferase 4 isoform X7 [Homo sapiens]	TRUE	Tut4
NP_014526.1	XP_016856292.1	0	N/A	25.258	194	31	1.11e-05	51.2	terminal uridylyltransferase 4 isoform X9 [Homo sapiens]	TRUE	Tut4
NP_014526.1	XP_047272281.1	0	N/A	25.258	194	31	1.15e-05	51.2	terminal uridylyltransferase 4 isoform X4 [Homo sapiens]	TRUE	Tut4
NP_014526.1	NP_001009881.1	0	N/A	25.258	194	31	1.15e-05	51.2	terminal uridylyltransferase 4 isoform a [Homo sapiens]	TRUE	Tut4
NP_014526.1	XP_047272280.1	0	N/A	25.258	194	31	1.16e-05	51.2	terminal uridylyltransferase 4 isoform X3 [Homo sapiens]	TRUE	Tut4
NP_014526.1	XP_005270736.1	0	N/A	25.258	194	31	1.16e-05	51.2	terminal uridylyltransferase 4 isoform X3 [Homo sapiens]	TRUE	Tut4
NP_014526.1	XP_047272288.1	0	N/A	25.258	194	31	1.17e-05	51.2	terminal uridylyltransferase 4 isoform X10 [Homo sapiens]	TRUE	Tut4
NP_014526.1	XP_011539399.1	0	N/A	25.258	194	31	1.19e-05	51.2	terminal uridylyltransferase 4 isoform X1 [Homo sapiens]	TRUE	Tut4
NP_014526.1	XP_005270733.1	0	N/A	25.258	194	31	1.19e-05	51.2	terminal uridylyltransferase 4 isoform X1 [Homo sapiens]	TRUE	Tut4
NP_014526.1	XP_047272283.1	0	N/A	25.258	194	31	1.2e-05	51.2	terminal uridylyltransferase 4 isoform X6 [Homo sapiens]	TRUE	Tut4
NP_014526.1	XP_005270737.1	0	N/A	25.258	194	31	1.2e-05	51.2	terminal uridylyltransferase 4 isoform X6 [Homo sapiens]	TRUE	Tut4
NP_014526.1	XP_047272282.1	0	N/A	25.258	194	31	1.2e-05	51.2	terminal uridylyltransferase 4 isoform X5 [Homo sapiens]	TRUE	Tut4
NP_014526.1	NP_056084.1	0	N/A	25.258	194	31	1.2e-05	51.2	terminal uridylyltransferase 4 isoform b [Homo sapiens]	TRUE	Tut4
NP_014526.1	XP_005270735.1	0	N/A	25.258	194	31	1.21e-05	51.2	terminal uridylyltransferase 4 isoform X2 [Homo sapiens]	TRUE	Tut4
NP_014526.1	XP_047272296.1	0	N/A	23.881	201	33	1.27e-05	51.2	terminal uridylyltransferase 4 isoform X13 [Homo sapiens]	TRUE	Tut4
NP_014526.1	XP_047272295.1	0	N/A	23.881	201	33	1.27e-05	51.2	terminal uridylyltransferase 4 isoform X12 [Homo sapiens]	TRUE	Tut4
NP_060579.3	NP_060579.3	0	N/A	100	582	100	0	1199	poly(A) RNA polymerase, mitochondrial precursor [Homo sapiens]	TRUE	mtPAP
NP_060579.3	NP_073741.3	0	N/A	33.333	276	45	1.03e-39	157	speckle targeted PIP5K1A-regulated poly(A) polymerase isoform 1 [Homo sapiens]	TRUE	Tut1
NP_060579.3	XP_005270739.1	0	N/A	27.473	273	45	2.85e-21	101	terminal uridylyltransferase 4 isoform X33 [Homo sapiens]	TRUE	Tut4
NP_060579.3	XP_047272290.1	0	N/A	27.473	273	45	2.9e-21	101	terminal uridylyltransferase 4 isoform X11 [Homo sapiens]	TRUE	Tut4
NP_060579.3	XP_047272285.1	0	N/A	27.473	273	45	2.9e-21	101	terminal uridylyltransferase 4 isoform X7 [Homo sapiens]	TRUE	Tut4
NP_060579.3	XP_011539399.1	0	N/A	27.473	273	45	2.92e-21	101	terminal uridylyltransferase 4 isoform X1 [Homo sapiens]	TRUE	Tut4
NP_060579.3	XP_005270733.1	0	N/A	27.473	273	45	2.92e-21	101	terminal uridylyltransferase 4 isoform X1 [Homo sapiens]	TRUE	Tut4
NP_060579.3	XP_016856292.1	0	N/A	27.473	273	45	2.95e-21	101	terminal uridylyltransferase 4 isoform X9 [Homo sapiens]	TRUE	Tut4
NP_060579.3	XP_016856297.1	0	N/A	27.473	273	45	2.95e-21	101	terminal uridylyltransferase 4 isoform X36 [Homo sapiens]	TRUE	Tut4
NP_060579.3	XP_005270735.1	0	N/A	27.473	273	45	2.97e-21	101	terminal uridylyltransferase 4 isoform X2 [Homo sapiens]	TRUE	Tut4
NP_060579.3	XP_047272286.1	0	N/A	27.473	273	45	2.98e-21	101	terminal uridylyltransferase 4 isoform X8 [Homo sapiens]	TRUE	Tut4
NP_060579.3	XP_011539401.1	0	N/A	27.473	273	45	3.09e-21	101	terminal uridylyltransferase 4 isoform X29 [Homo sapiens]	TRUE	Tut4
NP_060579.3	XP_047272345.1	0	N/A	27.473	273	45	3.12e-21	101	terminal uridylyltransferase 4 isoform X31 [Homo sapiens]	TRUE	Tut4
NP_060579.3	XP_047272280.1	0	N/A	27.473	273	45	3.12e-21	101	terminal uridylyltransferase 4 isoform X3 [Homo sapiens]	TRUE	Tut4
NP_060579.3	XP_005270736.1	0	N/A	27.473	273	45	3.12e-21	101	terminal uridylyltransferase 4 isoform X3 [Homo sapiens]	TRUE	Tut4
NP_060579.3	XP_016856295.1	0	N/A	27.473	273	45	3.22e-21	101	terminal uridylyltransferase 4 isoform X25 [Homo sapiens]	TRUE	Tut4
NP_060579.3	XP_047272325.1	0	N/A	27.473	273	45	3.22e-21	101	terminal uridylyltransferase 4 isoform X23 [Homo sapiens]	TRUE	Tut4
NP_060579.3	XP_047272344.1	0	N/A	27.473	273	45	3.32e-21	101	terminal uridylyltransferase 4 isoform X30 [Homo sapiens]	TRUE	Tut4
NP_060579.3	XP_047272282.1	0	N/A	27.473	273	45	3.41e-21	101	terminal uridylyltransferase 4 isoform X5 [Homo sapiens]	TRUE	Tut4
NP_060579.3	NP_056084.1	0	N/A	27.473	273	45	3.41e-21	101	terminal uridylyltransferase 4 isoform b [Homo sapiens]	TRUE	Tut4
NP_060579.3	XP_016856296.1	0	N/A	27.473	273	45	3.45e-21	101	terminal uridylyltransferase 4 isoform X28 [Homo sapiens]	TRUE	Tut4
NP_060579.3	XP_016856299.1	0	N/A	27.473	273	45	3.45e-21	101	terminal uridylyltransferase 4 isoform X40 [Homo sapiens]	TRUE	Tut4
NP_060579.3	XP_047272296.1	0	N/A	27.473	273	45	3.45e-21	101	terminal uridylyltransferase 4 isoform X13 [Homo sapiens]	TRUE	Tut4
NP_060579.3	XP_047272295.1	0	N/A	27.473	273	45	3.45e-21	101	terminal uridylyltransferase 4 isoform X12 [Homo sapiens]	TRUE	Tut4
NP_060579.3	XP_047272337.1	0	N/A	27.473	273	45	3.45e-21	101	terminal uridylyltransferase 4 isoform X27 [Homo sapiens]	TRUE	Tut4
NP_060579.3	XP_047272288.1	0	N/A	27.473	273	45	3.45e-21	101	terminal uridylyltransferase 4 isoform X10 [Homo sapiens]	TRUE	Tut4
NP_060579.3	XP_047272365.1	0	N/A	27.473	273	45	3.45e-21	101	terminal uridylyltransferase 4 isoform X38 [Homo sapiens]	TRUE	Tut4
NP_060579.3	XP_047272281.1	0	N/A	27.473	273	45	3.47e-21	101	terminal uridylyltransferase 4 isoform X4 [Homo sapiens]	TRUE	Tut4
NP_060579.3	NP_001009881.1	0	N/A	27.473	273	45	3.47e-21	101	terminal uridylyltransferase 4 isoform a [Homo sapiens]	TRUE	Tut4
NP_060579.3	XP_047272305.1	0	N/A	27.473	273	45	3.51e-21	101	terminal uridylyltransferase 4 isoform X17 [Homo sapiens]	TRUE	Tut4
NP_060579.3	XP_047272283.1	0	N/A	27.473	273	45	3.53e-21	101	terminal uridylyltransferase 4 isoform X6 [Homo sapiens]	TRUE	Tut4
NP_060579.3	XP_005270737.1	0	N/A	27.473	273	45	3.53e-21	101	terminal uridylyltransferase 4 isoform X6 [Homo sapiens]	TRUE	Tut4
NP_060579.3	XP_047272372.1	0	N/A	27.473	273	45	3.55e-21	101	terminal uridylyltransferase 4 isoform X42 [Homo sapiens]	TRUE	Tut4
NP_060579.3	XP_016856293.1	0	N/A	27.473	273	45	3.63e-21	101	terminal uridylyltransferase 4 isoform X16 [Homo sapiens]	TRUE	Tut4
NP_060579.3	XP_047272350.1	0	N/A	27.473	273	45	3.91e-21	100	terminal uridylyltransferase 4 isoform X34 [Homo sapiens]	TRUE	Tut4
NP_060579.3	XP_047272384.1	0	N/A	27.473	273	45	4.6e-21	100	terminal uridylyltransferase 4 isoform X46 [Homo sapiens]	TRUE	Tut4
NP_060579.3	NP_001375060.1	0	N/A	26.241	282	47	4.34e-18	89.7	poly(A) RNA polymerase GLD2 isoform 11 [Homo sapiens]	TRUE	TENT2
NP_060579.3	XP_047272808.1	0	N/A	26.241	282	47	4.73e-18	89.7	poly(A) RNA polymerase GLD2 isoform X3 [Homo sapiens]	TRUE	TENT2
NP_060579.3	XP_047272807.1	0	N/A	26.241	282	47	4.73e-18	89.7	poly(A) RNA polymerase GLD2 isoform X3 [Homo sapiens]	TRUE	TENT2
NP_060579.3	XP_047272806.1	0	N/A	26.241	282	47	4.73e-18	89.7	poly(A) RNA polymerase GLD2 isoform X3 [Homo sapiens]	TRUE	TENT2
NP_060579.3	NP_776158.2	0	N/A	26.241	282	47	4.73e-18	89.7	poly(A) RNA polymerase GLD2 isoform 1 [Homo sapiens]	TRUE	TENT2
NP_060579.3	NP_001375041.1	0	N/A	26.241	282	47	4.73e-18	89.7	poly(A) RNA polymerase GLD2 isoform 1 [Homo sapiens]	TRUE	TENT2
NP_060579.3	NP_001375040.1	0	N/A	26.241	282	47	4.73e-18	89.7	poly(A) RNA polymerase GLD2 isoform 1 [Homo sapiens]	TRUE	TENT2
NP_060579.3	NP_001375039.1	0	N/A	26.241	282	47	4.73e-18	89.7	poly(A) RNA polymerase GLD2 isoform 1 [Homo sapiens]	TRUE	TENT2
NP_060579.3	NP_001375038.1	0	N/A	26.241	282	47	4.73e-18	89.7	poly(A) RNA polymerase GLD2 isoform 1 [Homo sapiens]	TRUE	TENT2
NP_060579.3	NP_001375037.1	0	N/A	26.241	282	47	4.73e-18	89.7	poly(A) RNA polymerase GLD2 isoform 1 [Homo sapiens]	TRUE	TENT2
NP_060579.3	NP_001375036.1	0	N/A	26.241	282	47	4.73e-18	89.7	poly(A) RNA polymerase GLD2 isoform 1 [Homo sapiens]	TRUE	TENT2
NP_060579.3	NP_001375035.1	0	N/A	26.241	282	47	4.73e-18	89.7	poly(A) RNA polymerase GLD2 isoform 1 [Homo sapiens]	TRUE	TENT2
NP_060579.3	NP_001375034.1	0	N/A	26.241	282	47	4.73e-18	89.7	poly(A) RNA polymerase GLD2 isoform 1 [Homo sapiens]	TRUE	TENT2
NP_060579.3	NP_001375032.1	0	N/A	26.241	282	47	4.73e-18	89.7	poly(A) RNA polymerase GLD2 isoform 1 [Homo sapiens]	TRUE	TENT2
NP_060579.3	NP_001375031.1	0	N/A	26.241	282	47	4.73e-18	89.7	poly(A) RNA polymerase GLD2 isoform 1 [Homo sapiens]	TRUE	TENT2
NP_060579.3	NP_001336482.1	0	N/A	26.241	282	47	4.73e-18	89.7	poly(A) RNA polymerase GLD2 isoform 1 [Homo sapiens]	TRUE	TENT2
NP_060579.3	NP_001336481.1	0	N/A	26.241	282	47	4.73e-18	89.7	poly(A) RNA polymerase GLD2 isoform 1 [Homo sapiens]	TRUE	TENT2
NP_060579.3	NP_001107866.1	0	N/A	26.241	282	47	4.73e-18	89.7	poly(A) RNA polymerase GLD2 isoform 1 [Homo sapiens]	TRUE	TENT2
NP_060579.3	NP_001107865.1	0	N/A	26.241	282	47	4.73e-18	89.7	poly(A) RNA polymerase GLD2 isoform 1 [Homo sapiens]	TRUE	TENT2
NP_060579.3	NP_001375042.1	0	N/A	26.241	282	47	4.79e-18	89.7	poly(A) RNA polymerase GLD2 isoform 16 [Homo sapiens]	TRUE	TENT2
NP_060579.3	XP_047279825.1	0	N/A	23.762	303	48	6.46e-18	90.9	terminal uridylyltransferase 7 isoform X6 [Homo sapiens]	TRUE	Tut7
NP_060579.3	XP_047279824.1	0	N/A	23.762	303	48	6.46e-18	90.9	terminal uridylyltransferase 7 isoform X6 [Homo sapiens]	TRUE	Tut7
NP_060579.3	XP_005252264.1	0	N/A	23.762	303	48	6.46e-18	90.9	terminal uridylyltransferase 7 isoform X6 [Homo sapiens]	TRUE	Tut7
NP_060579.3	XP_005252265.1	0	N/A	23.762	303	48	6.54e-18	90.5	terminal uridylyltransferase 7 isoform X7 [Homo sapiens]	TRUE	Tut7
NP_060579.3	XP_011517316.1	0	N/A	23.762	303	48	6.56e-18	90.9	terminal uridylyltransferase 7 isoform X1 [Homo sapiens]	TRUE	Tut7
NP_060579.3	XP_011517315.1	0	N/A	23.762	303	48	6.56e-18	90.9	terminal uridylyltransferase 7 isoform X1 [Homo sapiens]	TRUE	Tut7
NP_060579.3	XP_011517314.1	0	N/A	23.762	303	48	6.56e-18	90.9	terminal uridylyltransferase 7 isoform X1 [Homo sapiens]	TRUE	Tut7
NP_060579.3	XP_011517313.1	0	N/A	23.762	303	48	6.56e-18	90.9	terminal uridylyltransferase 7 isoform X1 [Homo sapiens]	TRUE	Tut7
NP_060579.3	XP_016870620.1	0	N/A	23.762	303	48	7.52e-18	90.5	terminal uridylyltransferase 7 isoform X4 [Homo sapiens]	TRUE	Tut7
NP_060579.3	XP_016870619.1	0	N/A	23.762	303	48	7.52e-18	90.5	terminal uridylyltransferase 7 isoform X4 [Homo sapiens]	TRUE	Tut7
NP_060579.3	NP_078893.2	0	N/A	23.762	303	48	7.52e-18	90.5	terminal uridylyltransferase 7 isoform 1 [Homo sapiens]	TRUE	Tut7
NP_060579.3	NP_001171988.1	0	N/A	23.762	303	48	7.52e-18	90.5	terminal uridylyltransferase 7 isoform 1 [Homo sapiens]	TRUE	Tut7
NP_060579.3	XP_011517318.1	0	N/A	23.762	303	48	7.84e-18	90.5	terminal uridylyltransferase 7 isoform X5 [Homo sapiens]	TRUE	Tut7
NP_060579.3	XP_011517317.1	0	N/A	23.762	303	48	8.56e-18	90.5	terminal uridylyltransferase 7 isoform X3 [Homo sapiens]	TRUE	Tut7
NP_060579.3	XP_047279823.1	0	N/A	23.762	303	48	8.87e-18	90.5	terminal uridylyltransferase 7 isoform X2 [Homo sapiens]	TRUE	Tut7
NP_060579.3	XP_006717346.1	0	N/A	23.762	303	48	8.87e-18	90.5	terminal uridylyltransferase 7 isoform X2 [Homo sapiens]	TRUE	Tut7
NP_060579.3	NP_001317647.1	0	N/A	23.762	303	48	8.93e-18	89.7	terminal uridylyltransferase 7 isoform 3 [Homo sapiens]	TRUE	Tut7
NP_060579.3	NP_001375029.1	0	N/A	26.374	273	45	9.95e-18	89	poly(A) RNA polymerase GLD2 isoform 8 [Homo sapiens]	TRUE	TENT2
NP_060579.3	NP_001375028.1	0	N/A	26.374	273	45	9.95e-18	89	poly(A) RNA polymerase GLD2 isoform 8 [Homo sapiens]	TRUE	TENT2
NP_060579.3	XP_047272805.1	0	N/A	26.132	287	47	1.53e-17	88.2	poly(A) RNA polymerase GLD2 isoform X2 [Homo sapiens]	TRUE	TENT2
NP_060579.3	XP_047272804.1	0	N/A	26.132	287	47	1.53e-17	88.2	poly(A) RNA polymerase GLD2 isoform X2 [Homo sapiens]	TRUE	TENT2
NP_060579.3	XP_047272803.1	0	N/A	26.132	287	47	1.53e-17	88.2	poly(A) RNA polymerase GLD2 isoform X2 [Homo sapiens]	TRUE	TENT2
NP_060579.3	XP_047272802.1	0	N/A	26.132	287	47	1.53e-17	88.2	poly(A) RNA polymerase GLD2 isoform X2 [Homo sapiens]	TRUE	TENT2
NP_060579.3	XP_016864641.1	0	N/A	26.132	287	47	1.53e-17	88.2	poly(A) RNA polymerase GLD2 isoform X2 [Homo sapiens]	TRUE	TENT2
NP_060579.3	NP_001375026.1	0	N/A	26.132	287	47	1.53e-17	88.2	poly(A) RNA polymerase GLD2 isoform 6 [Homo sapiens]	TRUE	TENT2
NP_060579.3	NP_001375025.1	0	N/A	26.132	287	47	1.53e-17	88.2	poly(A) RNA polymerase GLD2 isoform 6 [Homo sapiens]	TRUE	TENT2
NP_060579.3	NP_001375024.1	0	N/A	26.132	287	47	1.53e-17	88.2	poly(A) RNA polymerase GLD2 isoform 6 [Homo sapiens]	TRUE	TENT2
NP_060579.3	NP_001336480.1	0	N/A	26.132	287	47	1.53e-17	88.2	poly(A) RNA polymerase GLD2 isoform 6 [Homo sapiens]	TRUE	TENT2
NP_060579.3	NP_001375027.1	0	N/A	25.606	289	47	1.71e-17	88.2	poly(A) RNA polymerase GLD2 isoform 7 [Homo sapiens]	TRUE	TENT2
NP_060579.3	NP_001375065.1	0	N/A	25.795	283	47	2.08e-17	86.7	poly(A) RNA polymerase GLD2 isoform 14 [Homo sapiens]	TRUE	TENT2
NP_060579.3	NP_001375061.1	0	N/A	25.795	283	47	3.23e-17	87	poly(A) RNA polymerase GLD2 isoform 12 [Homo sapiens]	TRUE	TENT2
NP_060579.3	XP_047272811.1	0	N/A	25.795	283	47	3.65e-17	87	poly(A) RNA polymerase GLD2 isoform X4 [Homo sapiens]	TRUE	TENT2
NP_060579.3	XP_047272810.1	0	N/A	25.795	283	47	3.65e-17	87	poly(A) RNA polymerase GLD2 isoform X4 [Homo sapiens]	TRUE	TENT2
NP_060579.3	XP_047272809.1	0	N/A	25.795	283	47	3.65e-17	87	poly(A) RNA polymerase GLD2 isoform X4 [Homo sapiens]	TRUE	TENT2
NP_060579.3	NP_001375058.1	0	N/A	25.795	283	47	3.65e-17	87	poly(A) RNA polymerase GLD2 isoform 2 [Homo sapiens]	TRUE	TENT2
NP_060579.3	NP_001375057.1	0	N/A	25.795	283	47	3.65e-17	87	poly(A) RNA polymerase GLD2 isoform 2 [Homo sapiens]	TRUE	TENT2
NP_060579.3	NP_001375056.1	0	N/A	25.795	283	47	3.65e-17	87	poly(A) RNA polymerase GLD2 isoform 2 [Homo sapiens]	TRUE	TENT2
NP_060579.3	NP_001375055.1	0	N/A	25.795	283	47	3.65e-17	87	poly(A) RNA polymerase GLD2 isoform 2 [Homo sapiens]	TRUE	TENT2
NP_060579.3	NP_001375054.1	0	N/A	25.795	283	47	3.65e-17	87	poly(A) RNA polymerase GLD2 isoform 2 [Homo sapiens]	TRUE	TENT2
NP_060579.3	NP_001375053.1	0	N/A	25.795	283	47	3.65e-17	87	poly(A) RNA polymerase GLD2 isoform 2 [Homo sapiens]	TRUE	TENT2
NP_060579.3	NP_001375052.1	0	N/A	25.795	283	47	3.65e-17	87	poly(A) RNA polymerase GLD2 isoform 2 [Homo sapiens]	TRUE	TENT2
NP_060579.3	NP_001375051.1	0	N/A	25.795	283	47	3.65e-17	87	poly(A) RNA polymerase GLD2 isoform 2 [Homo sapiens]	TRUE	TENT2
NP_060579.3	NP_001375050.1	0	N/A	25.795	283	47	3.65e-17	87	poly(A) RNA polymerase GLD2 isoform 2 [Homo sapiens]	TRUE	TENT2
NP_060579.3	NP_001375049.1	0	N/A	25.795	283	47	3.65e-17	87	poly(A) RNA polymerase GLD2 isoform 2 [Homo sapiens]	TRUE	TENT2
NP_073741.3	NP_073741.3	0	N/A	100	874	100	0	1756	speckle targeted PIP5K1A-regulated poly(A) polymerase isoform 1 [Homo sapiens]	TRUE	Tut1
NP_073741.3	NP_001354835.1	0	N/A	99.532	427	49	0	843	speckle targeted PIP5K1A-regulated poly(A) polymerase isoform 2 [Homo sapiens]	TRUE	Tut1
NP_073741.3	NP_060579.3	0	N/A	34.146	287	32	1.91e-43	169	poly(A) RNA polymerase, mitochondrial precursor [Homo sapiens]	TRUE	mtPAP
NP_073741.3	XP_047272285.1	0	N/A	33.462	260	28	2.52e-28	125	terminal uridylyltransferase 4 isoform X7 [Homo sapiens]	TRUE	Tut4
NP_073741.3	XP_005270735.1	0	N/A	33.462	260	28	2.59e-28	125	terminal uridylyltransferase 4 isoform X2 [Homo sapiens]	TRUE	Tut4
NP_073741.3	XP_016856297.1	0	N/A	33.462	260	28	2.6e-28	125	terminal uridylyltransferase 4 isoform X36 [Homo sapiens]	TRUE	Tut4
NP_073741.3	XP_016856292.1	0	N/A	33.462	260	28	2.63e-28	125	terminal uridylyltransferase 4 isoform X9 [Homo sapiens]	TRUE	Tut4
NP_073741.3	XP_047272280.1	0	N/A	33.462	260	28	2.67e-28	125	terminal uridylyltransferase 4 isoform X3 [Homo sapiens]	TRUE	Tut4
NP_073741.3	XP_005270736.1	0	N/A	33.462	260	28	2.67e-28	125	terminal uridylyltransferase 4 isoform X3 [Homo sapiens]	TRUE	Tut4
NP_073741.3	XP_011539399.1	0	N/A	33.462	260	28	2.72e-28	125	terminal uridylyltransferase 4 isoform X1 [Homo sapiens]	TRUE	Tut4
NP_073741.3	XP_005270733.1	0	N/A	33.462	260	28	2.72e-28	125	terminal uridylyltransferase 4 isoform X1 [Homo sapiens]	TRUE	Tut4
NP_073741.3	XP_047272282.1	0	N/A	33.462	260	28	2.84e-28	125	terminal uridylyltransferase 4 isoform X5 [Homo sapiens]	TRUE	Tut4
NP_073741.3	NP_056084.1	0	N/A	33.462	260	28	2.84e-28	125	terminal uridylyltransferase 4 isoform b [Homo sapiens]	TRUE	Tut4
NP_073741.3	XP_047272288.1	0	N/A	33.462	260	28	2.84e-28	125	terminal uridylyltransferase 4 isoform X10 [Homo sapiens]	TRUE	Tut4
NP_073741.3	XP_005270739.1	0	N/A	33.462	260	28	2.89e-28	125	terminal uridylyltransferase 4 isoform X33 [Homo sapiens]	TRUE	Tut4
NP_073741.3	XP_047272325.1	0	N/A	33.462	260	28	2.93e-28	125	terminal uridylyltransferase 4 isoform X23 [Homo sapiens]	TRUE	Tut4
NP_073741.3	XP_016856293.1	0	N/A	33.462	260	28	2.93e-28	125	terminal uridylyltransferase 4 isoform X16 [Homo sapiens]	TRUE	Tut4
NP_073741.3	XP_047272286.1	0	N/A	33.462	260	28	2.94e-28	125	terminal uridylyltransferase 4 isoform X8 [Homo sapiens]	TRUE	Tut4
NP_073741.3	XP_047272281.1	0	N/A	33.462	260	28	3.01e-28	125	terminal uridylyltransferase 4 isoform X4 [Homo sapiens]	TRUE	Tut4
NP_073741.3	NP_001009881.1	0	N/A	33.462	260	28	3.01e-28	125	terminal uridylyltransferase 4 isoform a [Homo sapiens]	TRUE	Tut4
NP_073741.3	XP_047272290.1	0	N/A	33.462	260	28	3.09e-28	125	terminal uridylyltransferase 4 isoform X11 [Homo sapiens]	TRUE	Tut4
NP_073741.3	XP_047272344.1	0	N/A	33.462	260	28	3.16e-28	125	terminal uridylyltransferase 4 isoform X30 [Homo sapiens]	TRUE	Tut4
NP_073741.3	XP_047272305.1	0	N/A	33.462	260	28	3.17e-28	125	terminal uridylyltransferase 4 isoform X17 [Homo sapiens]	TRUE	Tut4
NP_073741.3	XP_047272283.1	0	N/A	33.462	260	28	3.25e-28	125	terminal uridylyltransferase 4 isoform X6 [Homo sapiens]	TRUE	Tut4
NP_073741.3	XP_005270737.1	0	N/A	33.462	260	28	3.25e-28	125	terminal uridylyltransferase 4 isoform X6 [Homo sapiens]	TRUE	Tut4
NP_073741.3	XP_047272295.1	0	N/A	33.462	260	28	3.31e-28	125	terminal uridylyltransferase 4 isoform X12 [Homo sapiens]	TRUE	Tut4
NP_073741.3	XP_047272365.1	0	N/A	33.462	260	28	3.34e-28	125	terminal uridylyltransferase 4 isoform X38 [Homo sapiens]	TRUE	Tut4
NP_073741.3	XP_016856295.1	0	N/A	33.462	260	28	3.41e-28	125	terminal uridylyltransferase 4 isoform X25 [Homo sapiens]	TRUE	Tut4
NP_073741.3	XP_047272372.1	0	N/A	33.462	260	28	3.42e-28	125	terminal uridylyltransferase 4 isoform X42 [Homo sapiens]	TRUE	Tut4
NP_073741.3	XP_016856299.1	0	N/A	33.462	260	28	3.42e-28	125	terminal uridylyltransferase 4 isoform X40 [Homo sapiens]	TRUE	Tut4
NP_073741.3	XP_011539401.1	0	N/A	33.462	260	28	3.54e-28	125	terminal uridylyltransferase 4 isoform X29 [Homo sapiens]	TRUE	Tut4
NP_073741.3	XP_047272345.1	0	N/A	33.462	260	28	3.62e-28	125	terminal uridylyltransferase 4 isoform X31 [Homo sapiens]	TRUE	Tut4
NP_073741.3	XP_047272296.1	0	N/A	33.462	260	28	3.67e-28	125	terminal uridylyltransferase 4 isoform X13 [Homo sapiens]	TRUE	Tut4
NP_073741.3	XP_047272337.1	0	N/A	33.462	260	28	3.72e-28	125	terminal uridylyltransferase 4 isoform X27 [Homo sapiens]	TRUE	Tut4
NP_073741.3	XP_016856296.1	0	N/A	33.462	260	28	3.84e-28	125	terminal uridylyltransferase 4 isoform X28 [Homo sapiens]	TRUE	Tut4
NP_073741.3	XP_047272350.1	0	N/A	33.462	260	28	3.9e-28	125	terminal uridylyltransferase 4 isoform X34 [Homo sapiens]	TRUE	Tut4
NP_073741.3	XP_047272384.1	0	N/A	33.206	262	28	4e-28	124	terminal uridylyltransferase 4 isoform X46 [Homo sapiens]	TRUE	Tut4
NP_073741.3	NP_001317647.1	0	N/A	32.787	244	26	2.68e-27	121	terminal uridylyltransferase 7 isoform 3 [Homo sapiens]	TRUE	Tut7
NP_073741.3	XP_047279823.1	0	N/A	32.787	244	26	7.4e-27	120	terminal uridylyltransferase 7 isoform X2 [Homo sapiens]	TRUE	Tut7
NP_073741.3	XP_006717346.1	0	N/A	32.787	244	26	7.4e-27	120	terminal uridylyltransferase 7 isoform X2 [Homo sapiens]	TRUE	Tut7
NP_073741.3	XP_016870620.1	0	N/A	32.787	244	26	7.61e-27	120	terminal uridylyltransferase 7 isoform X4 [Homo sapiens]	TRUE	Tut7
NP_073741.3	XP_016870619.1	0	N/A	32.787	244	26	7.61e-27	120	terminal uridylyltransferase 7 isoform X4 [Homo sapiens]	TRUE	Tut7
NP_073741.3	NP_078893.2	0	N/A	32.787	244	26	7.61e-27	120	terminal uridylyltransferase 7 isoform 1 [Homo sapiens]	TRUE	Tut7
NP_073741.3	NP_001171988.1	0	N/A	32.787	244	26	7.61e-27	120	terminal uridylyltransferase 7 isoform 1 [Homo sapiens]	TRUE	Tut7
NP_073741.3	XP_011517318.1	0	N/A	32.787	244	26	8.2e-27	120	terminal uridylyltransferase 7 isoform X5 [Homo sapiens]	TRUE	Tut7
NP_073741.3	XP_011517316.1	0	N/A	32.787	244	26	8.74e-27	120	terminal uridylyltransferase 7 isoform X1 [Homo sapiens]	TRUE	Tut7
NP_073741.3	XP_011517315.1	0	N/A	32.787	244	26	8.74e-27	120	terminal uridylyltransferase 7 isoform X1 [Homo sapiens]	TRUE	Tut7
NP_073741.3	XP_011517314.1	0	N/A	32.787	244	26	8.74e-27	120	terminal uridylyltransferase 7 isoform X1 [Homo sapiens]	TRUE	Tut7
NP_073741.3	XP_011517313.1	0	N/A	32.787	244	26	8.74e-27	120	terminal uridylyltransferase 7 isoform X1 [Homo sapiens]	TRUE	Tut7
NP_073741.3	XP_011517317.1	0	N/A	32.787	244	26	8.85e-27	120	terminal uridylyltransferase 7 isoform X3 [Homo sapiens]	TRUE	Tut7
NP_073741.3	XP_047279825.1	0	N/A	32.787	244	26	9.62e-27	120	terminal uridylyltransferase 7 isoform X6 [Homo sapiens]	TRUE	Tut7
NP_073741.3	XP_047279824.1	0	N/A	32.787	244	26	9.62e-27	120	terminal uridylyltransferase 7 isoform X6 [Homo sapiens]	TRUE	Tut7
NP_073741.3	XP_005252264.1	0	N/A	32.787	244	26	9.62e-27	120	terminal uridylyltransferase 7 isoform X6 [Homo sapiens]	TRUE	Tut7
NP_073741.3	XP_005252265.1	0	N/A	32.787	244	26	1.04e-26	120	terminal uridylyltransferase 7 isoform X7 [Homo sapiens]	TRUE	Tut7
NP_073741.3	NP_001172003.1	0	N/A	32.618	233	25	1.06e-26	120	terminal uridylyltransferase 7 isoform 2 [Homo sapiens]	TRUE	Tut7
NP_073741.3	NP_001375065.1	0	N/A	27.778	234	26	2.57e-15	81.3	poly(A) RNA polymerase GLD2 isoform 14 [Homo sapiens]	TRUE	TENT2
NP_073741.3	NP_001375061.1	0	N/A	27.778	234	26	2.68e-15	82	poly(A) RNA polymerase GLD2 isoform 12 [Homo sapiens]	TRUE	TENT2
NP_073741.3	XP_047272311.1	0	N/A	26.953	256	28	2.98e-15	83.6	terminal uridylyltransferase 4 isoform X21 [Homo sapiens]	TRUE	Tut4
NP_073741.3	XP_005270738.1	0	N/A	26.953	256	28	3.1e-15	83.2	terminal uridylyltransferase 4 isoform X14 [Homo sapiens]	TRUE	Tut4
NP_073741.3	XP_047272303.1	0	N/A	26.953	256	28	3.15e-15	83.2	terminal uridylyltransferase 4 isoform X15 [Homo sapiens]	TRUE	Tut4
NP_073741.3	XP_047272306.1	0	N/A	26.953	256	28	3.23e-15	83.2	terminal uridylyltransferase 4 isoform X18 [Homo sapiens]	TRUE	Tut4
NP_073741.3	NP_001375059.1	0	N/A	27.778	234	26	3.24e-15	82	poly(A) RNA polymerase GLD2 isoform 10 [Homo sapiens]	TRUE	TENT2
NP_073741.3	XP_047272373.1	0	N/A	26.953	256	28	3.42e-15	83.2	terminal uridylyltransferase 4 isoform X43 [Homo sapiens]	TRUE	Tut4
NP_073741.3	XP_047272369.1	0	N/A	26.953	256	28	3.43e-15	83.2	terminal uridylyltransferase 4 isoform X41 [Homo sapiens]	TRUE	Tut4
NP_073741.3	XP_047272811.1	0	N/A	27.778	234	26	3.44e-15	81.6	poly(A) RNA polymerase GLD2 isoform X4 [Homo sapiens]	TRUE	TENT2
NP_073741.3	XP_047272810.1	0	N/A	27.778	234	26	3.44e-15	81.6	poly(A) RNA polymerase GLD2 isoform X4 [Homo sapiens]	TRUE	TENT2
NP_073741.3	XP_047272809.1	0	N/A	27.778	234	26	3.44e-15	81.6	poly(A) RNA polymerase GLD2 isoform X4 [Homo sapiens]	TRUE	TENT2
NP_073741.3	NP_001375058.1	0	N/A	27.778	234	26	3.44e-15	81.6	poly(A) RNA polymerase GLD2 isoform 2 [Homo sapiens]	TRUE	TENT2
NP_073741.3	NP_001375057.1	0	N/A	27.778	234	26	3.44e-15	81.6	poly(A) RNA polymerase GLD2 isoform 2 [Homo sapiens]	TRUE	TENT2
NP_073741.3	NP_001375056.1	0	N/A	27.778	234	26	3.44e-15	81.6	poly(A) RNA polymerase GLD2 isoform 2 [Homo sapiens]	TRUE	TENT2
NP_073741.3	NP_001375055.1	0	N/A	27.778	234	26	3.44e-15	81.6	poly(A) RNA polymerase GLD2 isoform 2 [Homo sapiens]	TRUE	TENT2
NP_073741.3	NP_001375054.1	0	N/A	27.778	234	26	3.44e-15	81.6	poly(A) RNA polymerase GLD2 isoform 2 [Homo sapiens]	TRUE	TENT2
NP_073741.3	NP_001375053.1	0	N/A	27.778	234	26	3.44e-15	81.6	poly(A) RNA polymerase GLD2 isoform 2 [Homo sapiens]	TRUE	TENT2
NP_073741.3	NP_001375052.1	0	N/A	27.778	234	26	3.44e-15	81.6	poly(A) RNA polymerase GLD2 isoform 2 [Homo sapiens]	TRUE	TENT2
NP_073741.3	NP_001375051.1	0	N/A	27.778	234	26	3.44e-15	81.6	poly(A) RNA polymerase GLD2 isoform 2 [Homo sapiens]	TRUE	TENT2
NP_073741.3	NP_001375050.1	0	N/A	27.778	234	26	3.44e-15	81.6	poly(A) RNA polymerase GLD2 isoform 2 [Homo sapiens]	TRUE	TENT2
NP_073741.3	NP_001375049.1	0	N/A	27.778	234	26	3.44e-15	81.6	poly(A) RNA polymerase GLD2 isoform 2 [Homo sapiens]	TRUE	TENT2
NP_073741.3	NP_001375048.1	0	N/A	27.778	234	26	3.44e-15	81.6	poly(A) RNA polymerase GLD2 isoform 2 [Homo sapiens]	TRUE	TENT2
NP_073741.3	NP_001375047.1	0	N/A	27.778	234	26	3.44e-15	81.6	poly(A) RNA polymerase GLD2 isoform 2 [Homo sapiens]	TRUE	TENT2
NP_073741.3	NP_001375046.1	0	N/A	27.778	234	26	3.44e-15	81.6	poly(A) RNA polymerase GLD2 isoform 2 [Homo sapiens]	TRUE	TENT2
NP_073741.3	NP_001375045.1	0	N/A	27.778	234	26	3.44e-15	81.6	poly(A) RNA polymerase GLD2 isoform 2 [Homo sapiens]	TRUE	TENT2
NP_073741.3	NP_001375044.1	0	N/A	27.778	234	26	3.44e-15	81.6	poly(A) RNA polymerase GLD2 isoform 2 [Homo sapiens]	TRUE	TENT2
NP_073741.3	NP_001375043.1	0	N/A	27.778	234	26	3.44e-15	81.6	poly(A) RNA polymerase GLD2 isoform 2 [Homo sapiens]	TRUE	TENT2
NP_073741.3	NP_001336483.1	0	N/A	27.778	234	26	3.44e-15	81.6	poly(A) RNA polymerase GLD2 isoform 2 [Homo sapiens]	TRUE	TENT2
NP_073741.3	NP_001284673.1	0	N/A	27.778	234	26	3.44e-15	81.6	poly(A) RNA polymerase GLD2 isoform 2 [Homo sapiens]	TRUE	TENT2
NP_073741.3	XP_047272348.1	0	N/A	26.953	256	28	3.54e-15	83.2	terminal uridylyltransferase 4 isoform X32 [Homo sapiens]	TRUE	Tut4
NP_073741.3	XP_047272362.1	0	N/A	26.953	256	28	3.69e-15	83.2	terminal uridylyltransferase 4 isoform X37 [Homo sapiens]	TRUE	Tut4
NP_073741.3	XP_016856294.1	0	N/A	26.953	256	28	3.7e-15	83.2	terminal uridylyltransferase 4 isoform X20 [Homo sapiens]	TRUE	Tut4
NP_073741.3	XP_047272354.1	0	N/A	26.953	256	28	3.75e-15	83.2	terminal uridylyltransferase 4 isoform X35 [Homo sapiens]	TRUE	Tut4
NP_073741.3	XP_047272307.1	0	N/A	26.953	256	28	3.8e-15	83.2	terminal uridylyltransferase 4 isoform X19 [Homo sapiens]	TRUE	Tut4
NP_073741.3	XP_047272377.1	0	N/A	26.953	256	28	3.82e-15	83.2	terminal uridylyltransferase 4 isoform X44 [Homo sapiens]	TRUE	Tut4
NP_073741.3	XP_047272320.1	0	N/A	26.953	256	28	3.85e-15	83.2	terminal uridylyltransferase 4 isoform X22 [Homo sapiens]	TRUE	Tut4
NP_073741.3	XP_047272367.1	0	N/A	26.953	256	28	3.94e-15	82.8	terminal uridylyltransferase 4 isoform X39 [Homo sapiens]	TRUE	Tut4
NP_073741.3	XP_047272327.1	0	N/A	26.953	256	28	3.98e-15	82.8	terminal uridylyltransferase 4 isoform X24 [Homo sapiens]	TRUE	Tut4
NP_073741.3	NP_001375030.1	0	N/A	27.778	234	26	4.36e-15	81.6	poly(A) RNA polymerase GLD2 isoform 9 [Homo sapiens]	TRUE	TENT2
NP_073741.3	XP_047272336.1	0	N/A	26.953	256	28	4.4e-15	82.8	terminal uridylyltransferase 4 isoform X26 [Homo sapiens]	TRUE	Tut4
NP_073741.3	NP_001375060.1	0	N/A	27.397	219	25	6.39e-14	77.8	poly(A) RNA polymerase GLD2 isoform 11 [Homo sapiens]	TRUE	TENT2
NP_073741.3	NP_001375042.1	0	N/A	27.397	219	25	6.99e-14	77.8	poly(A) RNA polymerase GLD2 isoform 16 [Homo sapiens]	TRUE	TENT2
NP_073741.3	XP_047272808.1	0	N/A	27.397	219	25	7.34e-14	77.8	poly(A) RNA polymerase GLD2 isoform X3 [Homo sapiens]	TRUE	TENT2
NP_073741.3	XP_047272807.1	0	N/A	27.397	219	25	7.34e-14	77.8	poly(A) RNA polymerase GLD2 isoform X3 [Homo sapiens]	TRUE	TENT2
NP_585909.2	XP_047290433.1	0	N/A	31.889	323	88	2.17e-38	145	terminal nucleotidyltransferase 4B isoform X6 [Homo sapiens]	TRUE	TENT4B
NP_585909.2	XP_011521580.1	0	N/A	31.889	323	88	4.59e-38	144	terminal nucleotidyltransferase 4B isoform X5 [Homo sapiens]	TRUE	TENT4B
NP_585909.2	NP_001035375.2	0	N/A	33.803	284	77	1.88e-37	144	terminal nucleotidyltransferase 4B isoform b [Homo sapiens]	TRUE	TENT4B
NP_585909.2	XP_011521578.1	0	N/A	33.803	284	77	1.89e-37	144	terminal nucleotidyltransferase 4B isoform X2 [Homo sapiens]	TRUE	TENT4B
NP_585909.2	XP_047290431.1	0	N/A	33.803	284	77	1.96e-37	144	terminal nucleotidyltransferase 4B isoform X3 [Homo sapiens]	TRUE	TENT4B
NP_585909.2	XP_047290432.1	0	N/A	33.803	284	77	2.35e-37	144	terminal nucleotidyltransferase 4B isoform X4 [Homo sapiens]	TRUE	TENT4B
NP_585909.2	NP_001352252.1	0	N/A	33.803	284	77	2.64e-37	144	terminal nucleotidyltransferase 4B isoform c [Homo sapiens]	TRUE	TENT4B
NP_585909.2	NP_001035374.2	0	N/A	33.803	284	77	3e-37	144	terminal nucleotidyltransferase 4B isoform a [Homo sapiens]	TRUE	TENT4B
NP_585909.2	XP_011521577.1	0	N/A	33.803	284	77	3.02e-37	144	terminal nucleotidyltransferase 4B isoform X1 [Homo sapiens]	TRUE	TENT4B
NP_585909.2	NP_001352253.1	0	N/A	33.803	284	77	3.47e-37	144	terminal nucleotidyltransferase 4B isoform d [Homo sapiens]	TRUE	TENT4B
NP_585909.2	NP_001165276.2	0	N/A	30.634	284	77	1.87e-32	130	terminal nucleotidyltransferase 4A isoform 2 [Homo sapiens]	TRUE	TENT4A
NP_585909.2	NP_008930.2	0	N/A	30.634	284	77	1.87e-32	130	terminal nucleotidyltransferase 4A isoform 1 [Homo sapiens]	TRUE	TENT4A
NP_585909.2	XP_047272622.1	0	N/A	28.754	313	85	4.11e-32	128	terminal nucleotidyltransferase 4A isoform X1 [Homo sapiens]	TRUE	TENT4A
NP_585909.2	XP_047272621.1	0	N/A	28.754	313	85	4.11e-32	128	terminal nucleotidyltransferase 4A isoform X1 [Homo sapiens]	TRUE	TENT4A
NP_585909.2	XP_047272620.1	0	N/A	28.754	313	85	4.11e-32	128	terminal nucleotidyltransferase 4A isoform X1 [Homo sapiens]	TRUE	TENT4A
NP_585909.2	XP_047272624.1	0	N/A	29.043	303	82	3.94e-31	125	terminal nucleotidyltransferase 4A isoform X3 [Homo sapiens]	TRUE	TENT4A
NP_585909.2	XP_047272623.1	0	N/A	29.043	303	82	4.43e-31	125	terminal nucleotidyltransferase 4A isoform X2 [Homo sapiens]	TRUE	TENT4A
NP_585909.2	XP_016864477.1	0	N/A	29.043	303	82	4.43e-31	125	terminal nucleotidyltransferase 4A isoform X2 [Homo sapiens]	TRUE	TENT4A
NP_585909.2	XP_005252265.1	0	N/A	23.397	312	75	9.7e-14	75.1	terminal uridylyltransferase 7 isoform X7 [Homo sapiens]	TRUE	Tut7
NP_585909.2	NP_001317647.1	0	N/A	25.333	225	61	1.19e-13	74.7	terminal uridylyltransferase 7 isoform 3 [Homo sapiens]	TRUE	Tut7
NP_585909.2	XP_016870620.1	0	N/A	23.397	312	75	1.23e-13	74.7	terminal uridylyltransferase 7 isoform X4 [Homo sapiens]	TRUE	Tut7
NP_585909.2	XP_016870619.1	0	N/A	23.397	312	75	1.23e-13	74.7	terminal uridylyltransferase 7 isoform X4 [Homo sapiens]	TRUE	Tut7
NP_585909.2	NP_078893.2	0	N/A	23.397	312	75	1.23e-13	74.7	terminal uridylyltransferase 7 isoform 1 [Homo sapiens]	TRUE	Tut7
NP_585909.2	NP_001171988.1	0	N/A	23.397	312	75	1.23e-13	74.7	terminal uridylyltransferase 7 isoform 1 [Homo sapiens]	TRUE	Tut7
NP_585909.2	XP_011517316.1	0	N/A	23.397	312	75	1.3e-13	74.7	terminal uridylyltransferase 7 isoform X1 [Homo sapiens]	TRUE	Tut7
NP_585909.2	XP_011517315.1	0	N/A	23.397	312	75	1.3e-13	74.7	terminal uridylyltransferase 7 isoform X1 [Homo sapiens]	TRUE	Tut7
NP_585909.2	XP_011517314.1	0	N/A	23.397	312	75	1.3e-13	74.7	terminal uridylyltransferase 7 isoform X1 [Homo sapiens]	TRUE	Tut7
NP_585909.2	XP_011517313.1	0	N/A	23.397	312	75	1.3e-13	74.7	terminal uridylyltransferase 7 isoform X1 [Homo sapiens]	TRUE	Tut7
NP_585909.2	XP_011517318.1	0	N/A	23.397	312	75	1.3e-13	74.7	terminal uridylyltransferase 7 isoform X5 [Homo sapiens]	TRUE	Tut7
NP_585909.2	XP_047279823.1	0	N/A	23.397	312	75	1.35e-13	74.7	terminal uridylyltransferase 7 isoform X2 [Homo sapiens]	TRUE	Tut7
NP_585909.2	XP_006717346.1	0	N/A	23.397	312	75	1.35e-13	74.7	terminal uridylyltransferase 7 isoform X2 [Homo sapiens]	TRUE	Tut7
NP_585909.2	XP_047279825.1	0	N/A	23.397	312	75	1.39e-13	74.7	terminal uridylyltransferase 7 isoform X6 [Homo sapiens]	TRUE	Tut7
NP_585909.2	XP_047279824.1	0	N/A	23.397	312	75	1.39e-13	74.7	terminal uridylyltransferase 7 isoform X6 [Homo sapiens]	TRUE	Tut7
NP_585909.2	XP_005252264.1	0	N/A	23.397	312	75	1.39e-13	74.7	terminal uridylyltransferase 7 isoform X6 [Homo sapiens]	TRUE	Tut7
NP_585909.2	XP_011517317.1	0	N/A	23.397	312	75	1.51e-13	74.7	terminal uridylyltransferase 7 isoform X3 [Homo sapiens]	TRUE	Tut7
NP_585909.2	NP_001375065.1	0	N/A	20.285	281	68	6.34e-10	62.4	poly(A) RNA polymerase GLD2 isoform 14 [Homo sapiens]	TRUE	TENT2
NP_585909.2	XP_047272808.1	0	N/A	20.748	294	68	1.4e-09	61.6	poly(A) RNA polymerase GLD2 isoform X3 [Homo sapiens]	TRUE	TENT2
NP_585909.2	XP_047272807.1	0	N/A	20.748	294	68	1.4e-09	61.6	poly(A) RNA polymerase GLD2 isoform X3 [Homo sapiens]	TRUE	TENT2
NP_585909.2	XP_047272806.1	0	N/A	20.748	294	68	1.4e-09	61.6	poly(A) RNA polymerase GLD2 isoform X3 [Homo sapiens]	TRUE	TENT2
NP_585909.2	NP_776158.2	0	N/A	20.748	294	68	1.4e-09	61.6	poly(A) RNA polymerase GLD2 isoform 1 [Homo sapiens]	TRUE	TENT2
NP_585909.2	NP_001375041.1	0	N/A	20.748	294	68	1.4e-09	61.6	poly(A) RNA polymerase GLD2 isoform 1 [Homo sapiens]	TRUE	TENT2
NP_585909.2	NP_001375040.1	0	N/A	20.748	294	68	1.4e-09	61.6	poly(A) RNA polymerase GLD2 isoform 1 [Homo sapiens]	TRUE	TENT2
NP_585909.2	NP_001375039.1	0	N/A	20.748	294	68	1.4e-09	61.6	poly(A) RNA polymerase GLD2 isoform 1 [Homo sapiens]	TRUE	TENT2
NP_585909.2	NP_001375038.1	0	N/A	20.748	294	68	1.4e-09	61.6	poly(A) RNA polymerase GLD2 isoform 1 [Homo sapiens]	TRUE	TENT2
NP_585909.2	NP_001375037.1	0	N/A	20.748	294	68	1.4e-09	61.6	poly(A) RNA polymerase GLD2 isoform 1 [Homo sapiens]	TRUE	TENT2
NP_585909.2	NP_001375036.1	0	N/A	20.748	294	68	1.4e-09	61.6	poly(A) RNA polymerase GLD2 isoform 1 [Homo sapiens]	TRUE	TENT2
NP_585909.2	NP_001375035.1	0	N/A	20.748	294	68	1.4e-09	61.6	poly(A) RNA polymerase GLD2 isoform 1 [Homo sapiens]	TRUE	TENT2
NP_585909.2	NP_001375034.1	0	N/A	20.748	294	68	1.4e-09	61.6	poly(A) RNA polymerase GLD2 isoform 1 [Homo sapiens]	TRUE	TENT2
NP_585909.2	NP_001375032.1	0	N/A	20.748	294	68	1.4e-09	61.6	poly(A) RNA polymerase GLD2 isoform 1 [Homo sapiens]	TRUE	TENT2
NP_585909.2	NP_001375031.1	0	N/A	20.748	294	68	1.4e-09	61.6	poly(A) RNA polymerase GLD2 isoform 1 [Homo sapiens]	TRUE	TENT2
NP_585909.2	NP_001336482.1	0	N/A	20.748	294	68	1.4e-09	61.6	poly(A) RNA polymerase GLD2 isoform 1 [Homo sapiens]	TRUE	TENT2
NP_585909.2	NP_001336481.1	0	N/A	20.748	294	68	1.4e-09	61.6	poly(A) RNA polymerase GLD2 isoform 1 [Homo sapiens]	TRUE	TENT2
NP_585909.2	NP_001107866.1	0	N/A	20.748	294	68	1.4e-09	61.6	poly(A) RNA polymerase GLD2 isoform 1 [Homo sapiens]	TRUE	TENT2
NP_585909.2	NP_001107865.1	0	N/A	20.748	294	68	1.4e-09	61.6	poly(A) RNA polymerase GLD2 isoform 1 [Homo sapiens]	TRUE	TENT2
NP_585909.2	NP_001375042.1	0	N/A	20.748	294	68	1.47e-09	61.6	poly(A) RNA polymerase GLD2 isoform 16 [Homo sapiens]	TRUE	TENT2
NP_585909.2	NP_001375060.1	0	N/A	20.748	294	68	1.53e-09	61.6	poly(A) RNA polymerase GLD2 isoform 11 [Homo sapiens]	TRUE	TENT2
NP_585909.2	XP_047272811.1	0	N/A	21.053	285	68	1.75e-09	61.6	poly(A) RNA polymerase GLD2 isoform X4 [Homo sapiens]	TRUE	TENT2
NP_585909.2	XP_047272810.1	0	N/A	21.053	285	68	1.75e-09	61.6	poly(A) RNA polymerase GLD2 isoform X4 [Homo sapiens]	TRUE	TENT2
NP_585909.2	XP_047272809.1	0	N/A	21.053	285	68	1.75e-09	61.6	poly(A) RNA polymerase GLD2 isoform X4 [Homo sapiens]	TRUE	TENT2
NP_585909.2	NP_001375058.1	0	N/A	21.053	285	68	1.75e-09	61.6	poly(A) RNA polymerase GLD2 isoform 2 [Homo sapiens]	TRUE	TENT2
NP_585909.2	NP_001375057.1	0	N/A	21.053	285	68	1.75e-09	61.6	poly(A) RNA polymerase GLD2 isoform 2 [Homo sapiens]	TRUE	TENT2
NP_585909.2	NP_001375056.1	0	N/A	21.053	285	68	1.75e-09	61.6	poly(A) RNA polymerase GLD2 isoform 2 [Homo sapiens]	TRUE	TENT2
NP_585909.2	NP_001375055.1	0	N/A	21.053	285	68	1.75e-09	61.6	poly(A) RNA polymerase GLD2 isoform 2 [Homo sapiens]	TRUE	TENT2
NP_585909.2	NP_001375054.1	0	N/A	21.053	285	68	1.75e-09	61.6	poly(A) RNA polymerase GLD2 isoform 2 [Homo sapiens]	TRUE	TENT2
NP_585909.2	NP_001375053.1	0	N/A	21.053	285	68	1.75e-09	61.6	poly(A) RNA polymerase GLD2 isoform 2 [Homo sapiens]	TRUE	TENT2
NP_585909.2	NP_001375052.1	0	N/A	21.053	285	68	1.75e-09	61.6	poly(A) RNA polymerase GLD2 isoform 2 [Homo sapiens]	TRUE	TENT2
NP_585909.2	NP_001375051.1	0	N/A	21.053	285	68	1.75e-09	61.6	poly(A) RNA polymerase GLD2 isoform 2 [Homo sapiens]	TRUE	TENT2
NP_585909.2	NP_001375050.1	0	N/A	21.053	285	68	1.75e-09	61.6	poly(A) RNA polymerase GLD2 isoform 2 [Homo sapiens]	TRUE	TENT2
NP_585909.2	NP_001375049.1	0	N/A	21.053	285	68	1.75e-09	61.6	poly(A) RNA polymerase GLD2 isoform 2 [Homo sapiens]	TRUE	TENT2
NP_585909.2	NP_001375048.1	0	N/A	21.053	285	68	1.75e-09	61.6	poly(A) RNA polymerase GLD2 isoform 2 [Homo sapiens]	TRUE	TENT2
NP_585909.2	NP_001375047.1	0	N/A	21.053	285	68	1.75e-09	61.6	poly(A) RNA polymerase GLD2 isoform 2 [Homo sapiens]	TRUE	TENT2
NP_585909.2	NP_001375046.1	0	N/A	21.053	285	68	1.75e-09	61.6	poly(A) RNA polymerase GLD2 isoform 2 [Homo sapiens]	TRUE	TENT2
NP_585909.2	NP_001375045.1	0	N/A	21.053	285	68	1.75e-09	61.6	poly(A) RNA polymerase GLD2 isoform 2 [Homo sapiens]	TRUE	TENT2
NP_585909.2	NP_001375044.1	0	N/A	21.053	285	68	1.75e-09	61.6	poly(A) RNA polymerase GLD2 isoform 2 [Homo sapiens]	TRUE	TENT2
NP_585909.2	NP_001375043.1	0	N/A	21.053	285	68	1.75e-09	61.6	poly(A) RNA polymerase GLD2 isoform 2 [Homo sapiens]	TRUE	TENT2
NP_585909.2	NP_001336483.1	0	N/A	21.053	285	68	1.75e-09	61.6	poly(A) RNA polymerase GLD2 isoform 2 [Homo sapiens]	TRUE	TENT2
NP_585909.2	NP_001284673.1	0	N/A	21.053	285	68	1.75e-09	61.6	poly(A) RNA polymerase GLD2 isoform 2 [Homo sapiens]	TRUE	TENT2
NP_585909.2	NP_001375059.1	0	N/A	21.053	285	68	1.86e-09	61.2	poly(A) RNA polymerase GLD2 isoform 10 [Homo sapiens]	TRUE	TENT2
NP_585909.2	NP_001375061.1	0	N/A	21.053	285	68	1.99e-09	61.2	poly(A) RNA polymerase GLD2 isoform 12 [Homo sapiens]	TRUE	TENT2
NP_585909.2	XP_047272801.1	0	N/A	20.128	313	68	1.29e-08	58.9	poly(A) RNA polymerase GLD2 isoform X1 [Homo sapiens]	TRUE	TENT2
NP_585909.2	XP_047272800.1	0	N/A	20.128	313	68	1.29e-08	58.9	poly(A) RNA polymerase GLD2 isoform X1 [Homo sapiens]	TRUE	TENT2
NP_585909.2	XP_011541527.1	0	N/A	20.128	313	68	1.29e-08	58.9	poly(A) RNA polymerase GLD2 isoform X1 [Homo sapiens]	TRUE	TENT2
NP_585909.2	XP_011541526.1	0	N/A	20.128	313	68	1.29e-08	58.9	poly(A) RNA polymerase GLD2 isoform X1 [Homo sapiens]	TRUE	TENT2
NP_585909.2	XP_011541523.1	0	N/A	20.128	313	68	1.29e-08	58.9	poly(A) RNA polymerase GLD2 isoform X1 [Homo sapiens]	TRUE	TENT2
NP_585909.2	XP_011541522.1	0	N/A	20.128	313	68	1.29e-08	58.9	poly(A) RNA polymerase GLD2 isoform X1 [Homo sapiens]	TRUE	TENT2
NP_585909.2	NP_001375023.1	0	N/A	20.128	313	68	1.29e-08	58.9	poly(A) RNA polymerase GLD2 isoform 5 [Homo sapiens]	TRUE	TENT2
NP_585909.2	NP_001375022.1	0	N/A	20.128	313	68	1.29e-08	58.9	poly(A) RNA polymerase GLD2 isoform 5 [Homo sapiens]	TRUE	TENT2
NP_585909.2	NP_001336479.1	0	N/A	20.128	313	68	1.29e-08	58.9	poly(A) RNA polymerase GLD2 isoform 5 [Homo sapiens]	TRUE	TENT2
NP_585909.2	NP_001336478.1	0	N/A	20.128	313	68	1.29e-08	58.9	poly(A) RNA polymerase GLD2 isoform 5 [Homo sapiens]	TRUE	TENT2
NP_585909.2	NP_001336477.1	0	N/A	23.464	179	40	1.8e-08	57.4	poly(A) RNA polymerase GLD2 isoform 4 [Homo sapiens]	TRUE	TENT2
NP_585909.2	XP_047272281.1	0	N/A	23.86	285	68	2.1e-08	58.5	terminal uridylyltransferase 4 isoform X4 [Homo sapiens]	TRUE	Tut4
NP_585909.2	NP_001009881.1	0	N/A	23.86	285	68	2.1e-08	58.5	terminal uridylyltransferase 4 isoform a [Homo sapiens]	TRUE	Tut4
NP_585909.2	XP_047272820.1	0	N/A	23.464	179	40	2.11e-08	57	poly(A) RNA polymerase GLD2 isoform X11 [Homo sapiens]	TRUE	TENT2
NP_585909.2	XP_047272282.1	0	N/A	23.86	285	68	2.14e-08	58.5	terminal uridylyltransferase 4 isoform X5 [Homo sapiens]	TRUE	Tut4
NP_585909.2	NP_056084.1	0	N/A	23.86	285	68	2.14e-08	58.5	terminal uridylyltransferase 4 isoform b [Homo sapiens]	TRUE	Tut4
NP_585909.2	XP_047272337.1	0	N/A	23.86	285	68	2.15e-08	58.5	terminal uridylyltransferase 4 isoform X27 [Homo sapiens]	TRUE	Tut4
NP_585909.2	XP_016856299.1	0	N/A	23.86	285	68	2.16e-08	58.5	terminal uridylyltransferase 4 isoform X40 [Homo sapiens]	TRUE	Tut4
NP_585909.2	XP_047272283.1	0	N/A	23.86	285	68	2.18e-08	58.5	terminal uridylyltransferase 4 isoform X6 [Homo sapiens]	TRUE	Tut4
NP_585909.2	XP_005270737.1	0	N/A	23.86	285	68	2.18e-08	58.5	terminal uridylyltransferase 4 isoform X6 [Homo sapiens]	TRUE	Tut4
NP_585909.2	XP_016856295.1	0	N/A	22.881	236	64	2.19e-08	58.5	terminal uridylyltransferase 4 isoform X25 [Homo sapiens]	TRUE	Tut4
NP_593157.1	NP_001317647.1	0	N/A	32.258	341	56	4.54e-39	155	terminal uridylyltransferase 7 isoform 3 [Homo sapiens]	TRUE	Tut7
NP_593157.1	XP_011517316.1	0	N/A	32.448	339	56	6.78e-39	155	terminal uridylyltransferase 7 isoform X1 [Homo sapiens]	TRUE	Tut7
NP_593157.1	XP_011517315.1	0	N/A	32.448	339	56	6.78e-39	155	terminal uridylyltransferase 7 isoform X1 [Homo sapiens]	TRUE	Tut7
NP_593157.1	XP_011517314.1	0	N/A	32.448	339	56	6.78e-39	155	terminal uridylyltransferase 7 isoform X1 [Homo sapiens]	TRUE	Tut7
NP_593157.1	XP_011517313.1	0	N/A	32.448	339	56	6.78e-39	155	terminal uridylyltransferase 7 isoform X1 [Homo sapiens]	TRUE	Tut7
NP_593157.1	XP_047279823.1	0	N/A	32.448	339	56	7.21e-39	155	terminal uridylyltransferase 7 isoform X2 [Homo sapiens]	TRUE	Tut7
NP_593157.1	XP_006717346.1	0	N/A	32.448	339	56	7.21e-39	155	terminal uridylyltransferase 7 isoform X2 [Homo sapiens]	TRUE	Tut7
NP_593157.1	XP_011517318.1	0	N/A	32.448	339	56	7.24e-39	155	terminal uridylyltransferase 7 isoform X5 [Homo sapiens]	TRUE	Tut7
NP_593157.1	XP_011517317.1	0	N/A	32.448	339	56	7.54e-39	155	terminal uridylyltransferase 7 isoform X3 [Homo sapiens]	TRUE	Tut7
NP_593157.1	XP_005252265.1	0	N/A	32.448	339	56	7.72e-39	155	terminal uridylyltransferase 7 isoform X7 [Homo sapiens]	TRUE	Tut7
NP_593157.1	XP_047279825.1	0	N/A	32.448	339	56	7.98e-39	155	terminal uridylyltransferase 7 isoform X6 [Homo sapiens]	TRUE	Tut7
NP_593157.1	XP_047279824.1	0	N/A	32.448	339	56	7.98e-39	155	terminal uridylyltransferase 7 isoform X6 [Homo sapiens]	TRUE	Tut7
NP_593157.1	XP_005252264.1	0	N/A	32.448	339	56	7.98e-39	155	terminal uridylyltransferase 7 isoform X6 [Homo sapiens]	TRUE	Tut7
NP_593157.1	XP_016870620.1	0	N/A	32.448	339	56	8.17e-39	155	terminal uridylyltransferase 7 isoform X4 [Homo sapiens]	TRUE	Tut7
NP_593157.1	XP_016870619.1	0	N/A	32.448	339	56	8.17e-39	155	terminal uridylyltransferase 7 isoform X4 [Homo sapiens]	TRUE	Tut7
NP_593157.1	NP_078893.2	0	N/A	32.448	339	56	8.17e-39	155	terminal uridylyltransferase 7 isoform 1 [Homo sapiens]	TRUE	Tut7
NP_593157.1	NP_001171988.1	0	N/A	32.448	339	56	8.17e-39	155	terminal uridylyltransferase 7 isoform 1 [Homo sapiens]	TRUE	Tut7
NP_593157.1	XP_047272384.1	0	N/A	33.091	275	46	1.86e-33	138	terminal uridylyltransferase 4 isoform X46 [Homo sapiens]	TRUE	Tut4
NP_593157.1	XP_016856292.1	0	N/A	33.091	275	46	2.79e-33	138	terminal uridylyltransferase 4 isoform X9 [Homo sapiens]	TRUE	Tut4
NP_593157.1	XP_005270735.1	0	N/A	33.091	275	46	2.92e-33	138	terminal uridylyltransferase 4 isoform X2 [Homo sapiens]	TRUE	Tut4
NP_593157.1	XP_011539399.1	0	N/A	33.091	275	46	3.08e-33	138	terminal uridylyltransferase 4 isoform X1 [Homo sapiens]	TRUE	Tut4
NP_593157.1	XP_005270733.1	0	N/A	33.091	275	46	3.08e-33	138	terminal uridylyltransferase 4 isoform X1 [Homo sapiens]	TRUE	Tut4
NP_593157.1	XP_005270739.1	0	N/A	33.091	275	46	3.08e-33	138	terminal uridylyltransferase 4 isoform X33 [Homo sapiens]	TRUE	Tut4
NP_593157.1	XP_016856297.1	0	N/A	33.091	275	46	3.11e-33	138	terminal uridylyltransferase 4 isoform X36 [Homo sapiens]	TRUE	Tut4
NP_593157.1	XP_047272280.1	0	N/A	33.091	275	46	3.31e-33	138	terminal uridylyltransferase 4 isoform X3 [Homo sapiens]	TRUE	Tut4
NP_593157.1	XP_005270736.1	0	N/A	33.091	275	46	3.31e-33	138	terminal uridylyltransferase 4 isoform X3 [Homo sapiens]	TRUE	Tut4
NP_593157.1	XP_047272285.1	0	N/A	33.091	275	46	3.32e-33	138	terminal uridylyltransferase 4 isoform X7 [Homo sapiens]	TRUE	Tut4
NP_593157.1	XP_011539401.1	0	N/A	33.091	275	46	3.71e-33	138	terminal uridylyltransferase 4 isoform X29 [Homo sapiens]	TRUE	Tut4
NP_593157.1	XP_047272325.1	0	N/A	33.091	275	46	3.8e-33	138	terminal uridylyltransferase 4 isoform X23 [Homo sapiens]	TRUE	Tut4
NP_593157.1	XP_047272345.1	0	N/A	33.091	275	46	3.8e-33	138	terminal uridylyltransferase 4 isoform X31 [Homo sapiens]	TRUE	Tut4
NP_593157.1	XP_016856295.1	0	N/A	33.091	275	46	3.9e-33	138	terminal uridylyltransferase 4 isoform X25 [Homo sapiens]	TRUE	Tut4
NP_593157.1	XP_047272283.1	0	N/A	33.091	275	46	3.92e-33	138	terminal uridylyltransferase 4 isoform X6 [Homo sapiens]	TRUE	Tut4
NP_593157.1	XP_005270737.1	0	N/A	33.091	275	46	3.92e-33	138	terminal uridylyltransferase 4 isoform X6 [Homo sapiens]	TRUE	Tut4
NP_593157.1	XP_016856299.1	0	N/A	33.091	275	46	3.99e-33	138	terminal uridylyltransferase 4 isoform X40 [Homo sapiens]	TRUE	Tut4
NP_593157.1	XP_047272365.1	0	N/A	33.091	275	46	4.11e-33	138	terminal uridylyltransferase 4 isoform X38 [Homo sapiens]	TRUE	Tut4
NP_593157.1	XP_047272282.1	0	N/A	33.091	275	46	4.15e-33	138	terminal uridylyltransferase 4 isoform X5 [Homo sapiens]	TRUE	Tut4
NP_593157.1	NP_056084.1	0	N/A	33.091	275	46	4.15e-33	138	terminal uridylyltransferase 4 isoform b [Homo sapiens]	TRUE	Tut4
NP_593157.1	XP_047272281.1	0	N/A	33.091	275	46	4.15e-33	138	terminal uridylyltransferase 4 isoform X4 [Homo sapiens]	TRUE	Tut4
NP_593157.1	NP_001009881.1	0	N/A	33.091	275	46	4.15e-33	138	terminal uridylyltransferase 4 isoform a [Homo sapiens]	TRUE	Tut4
NP_593157.1	XP_016856293.1	0	N/A	33.091	275	46	4.84e-33	137	terminal uridylyltransferase 4 isoform X16 [Homo sapiens]	TRUE	Tut4
NP_593157.1	XP_047272288.1	0	N/A	33.091	275	46	4.85e-33	137	terminal uridylyltransferase 4 isoform X10 [Homo sapiens]	TRUE	Tut4
NP_593157.1	XP_016856296.1	0	N/A	33.091	275	46	5.06e-33	137	terminal uridylyltransferase 4 isoform X28 [Homo sapiens]	TRUE	Tut4
NP_593157.1	XP_047272337.1	0	N/A	33.091	275	46	5.35e-33	137	terminal uridylyltransferase 4 isoform X27 [Homo sapiens]	TRUE	Tut4
NP_593157.1	XP_047272290.1	0	N/A	32.721	272	45	1.04e-31	134	terminal uridylyltransferase 4 isoform X11 [Homo sapiens]	TRUE	Tut4
NP_593157.1	XP_047272344.1	0	N/A	32.721	272	45	1.08e-31	134	terminal uridylyltransferase 4 isoform X30 [Homo sapiens]	TRUE	Tut4
NP_593157.1	XP_047272286.1	0	N/A	32.721	272	45	1.1e-31	134	terminal uridylyltransferase 4 isoform X8 [Homo sapiens]	TRUE	Tut4
NP_593157.1	XP_047272372.1	0	N/A	32.721	272	45	1.22e-31	133	terminal uridylyltransferase 4 isoform X42 [Homo sapiens]	TRUE	Tut4
NP_593157.1	XP_047272305.1	0	N/A	32.721	272	45	1.23e-31	133	terminal uridylyltransferase 4 isoform X17 [Homo sapiens]	TRUE	Tut4
NP_593157.1	XP_047272296.1	0	N/A	32.721	272	45	1.32e-31	133	terminal uridylyltransferase 4 isoform X13 [Homo sapiens]	TRUE	Tut4
NP_593157.1	XP_047272295.1	0	N/A	32.721	272	45	1.41e-31	133	terminal uridylyltransferase 4 isoform X12 [Homo sapiens]	TRUE	Tut4
NP_593157.1	XP_047272350.1	0	N/A	32.721	272	45	1.42e-31	133	terminal uridylyltransferase 4 isoform X34 [Homo sapiens]	TRUE	Tut4
NP_593157.1	NP_001375061.1	0	N/A	29.967	307	51	1.12e-30	127	poly(A) RNA polymerase GLD2 isoform 12 [Homo sapiens]	TRUE	TENT2
NP_593157.1	NP_001375059.1	0	N/A	29.967	307	51	1.51e-30	127	poly(A) RNA polymerase GLD2 isoform 10 [Homo sapiens]	TRUE	TENT2
NP_593157.1	XP_047272811.1	0	N/A	29.967	307	51	1.62e-30	127	poly(A) RNA polymerase GLD2 isoform X4 [Homo sapiens]	TRUE	TENT2
NP_593157.1	XP_047272810.1	0	N/A	29.967	307	51	1.62e-30	127	poly(A) RNA polymerase GLD2 isoform X4 [Homo sapiens]	TRUE	TENT2
NP_593157.1	XP_047272809.1	0	N/A	29.967	307	51	1.62e-30	127	poly(A) RNA polymerase GLD2 isoform X4 [Homo sapiens]	TRUE	TENT2
NP_593157.1	NP_001375058.1	0	N/A	29.967	307	51	1.62e-30	127	poly(A) RNA polymerase GLD2 isoform 2 [Homo sapiens]	TRUE	TENT2
NP_593157.1	NP_001375057.1	0	N/A	29.967	307	51	1.62e-30	127	poly(A) RNA polymerase GLD2 isoform 2 [Homo sapiens]	TRUE	TENT2
NP_593157.1	NP_001375056.1	0	N/A	29.967	307	51	1.62e-30	127	poly(A) RNA polymerase GLD2 isoform 2 [Homo sapiens]	TRUE	TENT2
NP_593157.1	NP_001375055.1	0	N/A	29.967	307	51	1.62e-30	127	poly(A) RNA polymerase GLD2 isoform 2 [Homo sapiens]	TRUE	TENT2
NP_593157.1	NP_001375054.1	0	N/A	29.967	307	51	1.62e-30	127	poly(A) RNA polymerase GLD2 isoform 2 [Homo sapiens]	TRUE	TENT2
NP_593157.1	NP_001375053.1	0	N/A	29.967	307	51	1.62e-30	127	poly(A) RNA polymerase GLD2 isoform 2 [Homo sapiens]	TRUE	TENT2
NP_593157.1	NP_001375052.1	0	N/A	29.967	307	51	1.62e-30	127	poly(A) RNA polymerase GLD2 isoform 2 [Homo sapiens]	TRUE	TENT2
NP_593157.1	NP_001375051.1	0	N/A	29.967	307	51	1.62e-30	127	poly(A) RNA polymerase GLD2 isoform 2 [Homo sapiens]	TRUE	TENT2
NP_593157.1	NP_001375050.1	0	N/A	29.967	307	51	1.62e-30	127	poly(A) RNA polymerase GLD2 isoform 2 [Homo sapiens]	TRUE	TENT2
NP_593157.1	NP_001375049.1	0	N/A	29.967	307	51	1.62e-30	127	poly(A) RNA polymerase GLD2 isoform 2 [Homo sapiens]	TRUE	TENT2
NP_593157.1	NP_001375048.1	0	N/A	29.967	307	51	1.62e-30	127	poly(A) RNA polymerase GLD2 isoform 2 [Homo sapiens]	TRUE	TENT2
NP_593157.1	NP_001375047.1	0	N/A	29.967	307	51	1.62e-30	127	poly(A) RNA polymerase GLD2 isoform 2 [Homo sapiens]	TRUE	TENT2
NP_593157.1	NP_001375046.1	0	N/A	29.967	307	51	1.62e-30	127	poly(A) RNA polymerase GLD2 isoform 2 [Homo sapiens]	TRUE	TENT2
NP_593157.1	NP_001375045.1	0	N/A	29.967	307	51	1.62e-30	127	poly(A) RNA polymerase GLD2 isoform 2 [Homo sapiens]	TRUE	TENT2
NP_593157.1	NP_001375044.1	0	N/A	29.967	307	51	1.62e-30	127	poly(A) RNA polymerase GLD2 isoform 2 [Homo sapiens]	TRUE	TENT2
NP_593157.1	NP_001375043.1	0	N/A	29.967	307	51	1.62e-30	127	poly(A) RNA polymerase GLD2 isoform 2 [Homo sapiens]	TRUE	TENT2
NP_593157.1	NP_001336483.1	0	N/A	29.967	307	51	1.62e-30	127	poly(A) RNA polymerase GLD2 isoform 2 [Homo sapiens]	TRUE	TENT2
NP_593157.1	NP_001284673.1	0	N/A	29.967	307	51	1.62e-30	127	poly(A) RNA polymerase GLD2 isoform 2 [Homo sapiens]	TRUE	TENT2
NP_593157.1	NP_001375065.1	0	N/A	30.719	306	51	2.08e-30	124	poly(A) RNA polymerase GLD2 isoform 14 [Homo sapiens]	TRUE	TENT2
NP_593157.1	NP_001375060.1	0	N/A	29.87	308	51	3.19e-30	125	poly(A) RNA polymerase GLD2 isoform 11 [Homo sapiens]	TRUE	TENT2
NP_593157.1	NP_001375042.1	0	N/A	29.87	308	51	4.15e-30	126	poly(A) RNA polymerase GLD2 isoform 16 [Homo sapiens]	TRUE	TENT2
NP_593157.1	XP_047272808.1	0	N/A	29.87	308	51	4.66e-30	125	poly(A) RNA polymerase GLD2 isoform X3 [Homo sapiens]	TRUE	TENT2
NP_593157.1	XP_047272807.1	0	N/A	29.87	308	51	4.66e-30	125	poly(A) RNA polymerase GLD2 isoform X3 [Homo sapiens]	TRUE	TENT2
NP_593157.1	XP_047272806.1	0	N/A	29.87	308	51	4.66e-30	125	poly(A) RNA polymerase GLD2 isoform X3 [Homo sapiens]	TRUE	TENT2
NP_593157.1	NP_776158.2	0	N/A	29.87	308	51	4.66e-30	125	poly(A) RNA polymerase GLD2 isoform 1 [Homo sapiens]	TRUE	TENT2
NP_593157.1	NP_001375041.1	0	N/A	29.87	308	51	4.66e-30	125	poly(A) RNA polymerase GLD2 isoform 1 [Homo sapiens]	TRUE	TENT2
NP_593157.1	NP_001375040.1	0	N/A	29.87	308	51	4.66e-30	125	poly(A) RNA polymerase GLD2 isoform 1 [Homo sapiens]	TRUE	TENT2
NP_593157.1	NP_001375039.1	0	N/A	29.87	308	51	4.66e-30	125	poly(A) RNA polymerase GLD2 isoform 1 [Homo sapiens]	TRUE	TENT2
NP_593157.1	NP_001375038.1	0	N/A	29.87	308	51	4.66e-30	125	poly(A) RNA polymerase GLD2 isoform 1 [Homo sapiens]	TRUE	TENT2
NP_593157.1	NP_001375037.1	0	N/A	29.87	308	51	4.66e-30	125	poly(A) RNA polymerase GLD2 isoform 1 [Homo sapiens]	TRUE	TENT2
NP_593157.1	NP_001375036.1	0	N/A	29.87	308	51	4.66e-30	125	poly(A) RNA polymerase GLD2 isoform 1 [Homo sapiens]	TRUE	TENT2
NP_593157.1	NP_001375035.1	0	N/A	29.87	308	51	4.66e-30	125	poly(A) RNA polymerase GLD2 isoform 1 [Homo sapiens]	TRUE	TENT2
NP_593157.1	NP_001375034.1	0	N/A	29.87	308	51	4.66e-30	125	poly(A) RNA polymerase GLD2 isoform 1 [Homo sapiens]	TRUE	TENT2
NP_593157.1	NP_001375032.1	0	N/A	29.87	308	51	4.66e-30	125	poly(A) RNA polymerase GLD2 isoform 1 [Homo sapiens]	TRUE	TENT2
NP_593157.1	NP_001375031.1	0	N/A	29.87	308	51	4.66e-30	125	poly(A) RNA polymerase GLD2 isoform 1 [Homo sapiens]	TRUE	TENT2
NP_593157.1	NP_001336482.1	0	N/A	29.87	308	51	4.66e-30	125	poly(A) RNA polymerase GLD2 isoform 1 [Homo sapiens]	TRUE	TENT2
NP_593157.1	NP_001336481.1	0	N/A	29.87	308	51	4.66e-30	125	poly(A) RNA polymerase GLD2 isoform 1 [Homo sapiens]	TRUE	TENT2
NP_593157.1	NP_001107866.1	0	N/A	29.87	308	51	4.66e-30	125	poly(A) RNA polymerase GLD2 isoform 1 [Homo sapiens]	TRUE	TENT2
NP_593157.1	NP_001107865.1	0	N/A	29.87	308	51	4.66e-30	125	poly(A) RNA polymerase GLD2 isoform 1 [Homo sapiens]	TRUE	TENT2
NP_593157.1	NP_001375030.1	0	N/A	29.841	315	51	5.12e-30	125	poly(A) RNA polymerase GLD2 isoform 9 [Homo sapiens]	TRUE	TENT2
NP_593157.1	NP_001375029.1	0	N/A	29.747	316	51	1.55e-29	124	poly(A) RNA polymerase GLD2 isoform 8 [Homo sapiens]	TRUE	TENT2
NP_593157.1	NP_001375028.1	0	N/A	29.747	316	51	1.55e-29	124	poly(A) RNA polymerase GLD2 isoform 8 [Homo sapiens]	TRUE	TENT2
NP_593157.1	NP_001172003.1	0	N/A	34.025	241	40	5.78e-29	125	terminal uridylyltransferase 7 isoform 2 [Homo sapiens]	TRUE	Tut7
NP_593157.1	XP_047272805.1	0	N/A	28.267	329	51	5.09e-28	120	poly(A) RNA polymerase GLD2 isoform X2 [Homo sapiens]	TRUE	TENT2
NP_593571.1	NP_001375066.1	0	N/A	29.63	216	18	2.17e-20	95.5	poly(A) RNA polymerase GLD2 isoform 15 [Homo sapiens]	TRUE	TENT2
NP_593571.1	XP_047272820.1	0	N/A	30.151	199	16	6.04e-20	93.2	poly(A) RNA polymerase GLD2 isoform X11 [Homo sapiens]	TRUE	TENT2
NP_593571.1	NP_001336477.1	0	N/A	30	200	16	6.28e-20	93.6	poly(A) RNA polymerase GLD2 isoform 4 [Homo sapiens]	TRUE	TENT2
NP_593571.1	NP_001375065.1	0	N/A	27.907	258	20	8.1e-20	95.1	poly(A) RNA polymerase GLD2 isoform 14 [Homo sapiens]	TRUE	TENT2
NP_593571.1	NP_001375061.1	0	N/A	28.016	257	20	2.27e-19	95.1	poly(A) RNA polymerase GLD2 isoform 12 [Homo sapiens]	TRUE	TENT2
NP_593571.1	NP_001375059.1	0	N/A	28.016	257	20	2.87e-19	95.1	poly(A) RNA polymerase GLD2 isoform 10 [Homo sapiens]	TRUE	TENT2
NP_593571.1	XP_047272811.1	0	N/A	28.016	257	20	2.89e-19	95.1	poly(A) RNA polymerase GLD2 isoform X4 [Homo sapiens]	TRUE	TENT2
NP_593571.1	XP_047272810.1	0	N/A	28.016	257	20	2.89e-19	95.1	poly(A) RNA polymerase GLD2 isoform X4 [Homo sapiens]	TRUE	TENT2
NP_593571.1	XP_047272809.1	0	N/A	28.016	257	20	2.89e-19	95.1	poly(A) RNA polymerase GLD2 isoform X4 [Homo sapiens]	TRUE	TENT2
NP_593571.1	NP_001375058.1	0	N/A	28.016	257	20	2.89e-19	95.1	poly(A) RNA polymerase GLD2 isoform 2 [Homo sapiens]	TRUE	TENT2
NP_593571.1	NP_001375057.1	0	N/A	28.016	257	20	2.89e-19	95.1	poly(A) RNA polymerase GLD2 isoform 2 [Homo sapiens]	TRUE	TENT2
NP_593571.1	NP_001375056.1	0	N/A	28.016	257	20	2.89e-19	95.1	poly(A) RNA polymerase GLD2 isoform 2 [Homo sapiens]	TRUE	TENT2
NP_593571.1	NP_001375055.1	0	N/A	28.016	257	20	2.89e-19	95.1	poly(A) RNA polymerase GLD2 isoform 2 [Homo sapiens]	TRUE	TENT2
NP_593571.1	NP_001375054.1	0	N/A	28.016	257	20	2.89e-19	95.1	poly(A) RNA polymerase GLD2 isoform 2 [Homo sapiens]	TRUE	TENT2
NP_593571.1	NP_001375053.1	0	N/A	28.016	257	20	2.89e-19	95.1	poly(A) RNA polymerase GLD2 isoform 2 [Homo sapiens]	TRUE	TENT2
NP_593571.1	NP_001375052.1	0	N/A	28.016	257	20	2.89e-19	95.1	poly(A) RNA polymerase GLD2 isoform 2 [Homo sapiens]	TRUE	TENT2
NP_593571.1	NP_001375051.1	0	N/A	28.016	257	20	2.89e-19	95.1	poly(A) RNA polymerase GLD2 isoform 2 [Homo sapiens]	TRUE	TENT2
NP_593571.1	NP_001375050.1	0	N/A	28.016	257	20	2.89e-19	95.1	poly(A) RNA polymerase GLD2 isoform 2 [Homo sapiens]	TRUE	TENT2
NP_593571.1	NP_001375049.1	0	N/A	28.016	257	20	2.89e-19	95.1	poly(A) RNA polymerase GLD2 isoform 2 [Homo sapiens]	TRUE	TENT2
NP_593571.1	NP_001375048.1	0	N/A	28.016	257	20	2.89e-19	95.1	poly(A) RNA polymerase GLD2 isoform 2 [Homo sapiens]	TRUE	TENT2
NP_593571.1	NP_001375047.1	0	N/A	28.016	257	20	2.89e-19	95.1	poly(A) RNA polymerase GLD2 isoform 2 [Homo sapiens]	TRUE	TENT2
NP_593571.1	NP_001375046.1	0	N/A	28.016	257	20	2.89e-19	95.1	poly(A) RNA polymerase GLD2 isoform 2 [Homo sapiens]	TRUE	TENT2
NP_593571.1	NP_001375045.1	0	N/A	28.016	257	20	2.89e-19	95.1	poly(A) RNA polymerase GLD2 isoform 2 [Homo sapiens]	TRUE	TENT2
NP_593571.1	NP_001375044.1	0	N/A	28.016	257	20	2.89e-19	95.1	poly(A) RNA polymerase GLD2 isoform 2 [Homo sapiens]	TRUE	TENT2
NP_593571.1	NP_001375043.1	0	N/A	28.016	257	20	2.89e-19	95.1	poly(A) RNA polymerase GLD2 isoform 2 [Homo sapiens]	TRUE	TENT2
NP_593571.1	NP_001336483.1	0	N/A	28.016	257	20	2.89e-19	95.1	poly(A) RNA polymerase GLD2 isoform 2 [Homo sapiens]	TRUE	TENT2
NP_593571.1	NP_001284673.1	0	N/A	28.016	257	20	2.89e-19	95.1	poly(A) RNA polymerase GLD2 isoform 2 [Homo sapiens]	TRUE	TENT2
NP_593571.1	NP_001375030.1	0	N/A	28.016	257	20	4.35e-19	94.7	poly(A) RNA polymerase GLD2 isoform 9 [Homo sapiens]	TRUE	TENT2
NP_593571.1	NP_001375060.1	0	N/A	27.586	261	20	5.75e-19	94	poly(A) RNA polymerase GLD2 isoform 11 [Homo sapiens]	TRUE	TENT2
NP_593571.1	NP_001375042.1	0	N/A	27.586	261	20	7.07e-19	94	poly(A) RNA polymerase GLD2 isoform 16 [Homo sapiens]	TRUE	TENT2
NP_593571.1	XP_047272808.1	0	N/A	27.586	261	20	7.19e-19	94	poly(A) RNA polymerase GLD2 isoform X3 [Homo sapiens]	TRUE	TENT2
NP_593571.1	XP_047272807.1	0	N/A	27.586	261	20	7.19e-19	94	poly(A) RNA polymerase GLD2 isoform X3 [Homo sapiens]	TRUE	TENT2
NP_593571.1	XP_047272806.1	0	N/A	27.586	261	20	7.19e-19	94	poly(A) RNA polymerase GLD2 isoform X3 [Homo sapiens]	TRUE	TENT2
NP_593571.1	NP_776158.2	0	N/A	27.586	261	20	7.19e-19	94	poly(A) RNA polymerase GLD2 isoform 1 [Homo sapiens]	TRUE	TENT2
NP_593571.1	NP_001375041.1	0	N/A	27.586	261	20	7.19e-19	94	poly(A) RNA polymerase GLD2 isoform 1 [Homo sapiens]	TRUE	TENT2
NP_593571.1	NP_001375040.1	0	N/A	27.586	261	20	7.19e-19	94	poly(A) RNA polymerase GLD2 isoform 1 [Homo sapiens]	TRUE	TENT2
NP_593571.1	NP_001375039.1	0	N/A	27.586	261	20	7.19e-19	94	poly(A) RNA polymerase GLD2 isoform 1 [Homo sapiens]	TRUE	TENT2
NP_593571.1	NP_001375038.1	0	N/A	27.586	261	20	7.19e-19	94	poly(A) RNA polymerase GLD2 isoform 1 [Homo sapiens]	TRUE	TENT2
NP_593571.1	NP_001375037.1	0	N/A	27.586	261	20	7.19e-19	94	poly(A) RNA polymerase GLD2 isoform 1 [Homo sapiens]	TRUE	TENT2
NP_593571.1	NP_001375036.1	0	N/A	27.586	261	20	7.19e-19	94	poly(A) RNA polymerase GLD2 isoform 1 [Homo sapiens]	TRUE	TENT2
NP_593571.1	NP_001375035.1	0	N/A	27.586	261	20	7.19e-19	94	poly(A) RNA polymerase GLD2 isoform 1 [Homo sapiens]	TRUE	TENT2
NP_593571.1	NP_001375034.1	0	N/A	27.586	261	20	7.19e-19	94	poly(A) RNA polymerase GLD2 isoform 1 [Homo sapiens]	TRUE	TENT2
NP_593571.1	NP_001375032.1	0	N/A	27.586	261	20	7.19e-19	94	poly(A) RNA polymerase GLD2 isoform 1 [Homo sapiens]	TRUE	TENT2
NP_593571.1	NP_001375031.1	0	N/A	27.586	261	20	7.19e-19	94	poly(A) RNA polymerase GLD2 isoform 1 [Homo sapiens]	TRUE	TENT2
NP_593571.1	NP_001336482.1	0	N/A	27.586	261	20	7.19e-19	94	poly(A) RNA polymerase GLD2 isoform 1 [Homo sapiens]	TRUE	TENT2
NP_593571.1	NP_001336481.1	0	N/A	27.586	261	20	7.19e-19	94	poly(A) RNA polymerase GLD2 isoform 1 [Homo sapiens]	TRUE	TENT2
NP_593571.1	NP_001107866.1	0	N/A	27.586	261	20	7.19e-19	94	poly(A) RNA polymerase GLD2 isoform 1 [Homo sapiens]	TRUE	TENT2
NP_593571.1	NP_001107865.1	0	N/A	27.586	261	20	7.19e-19	94	poly(A) RNA polymerase GLD2 isoform 1 [Homo sapiens]	TRUE	TENT2
NP_593571.1	NP_001375029.1	0	N/A	27.586	261	20	9.93e-19	93.6	poly(A) RNA polymerase GLD2 isoform 8 [Homo sapiens]	TRUE	TENT2
NP_593571.1	NP_001375028.1	0	N/A	27.586	261	20	9.93e-19	93.6	poly(A) RNA polymerase GLD2 isoform 8 [Homo sapiens]	TRUE	TENT2
NP_593571.1	NP_001375027.1	0	N/A	30.151	199	16	1.56e-18	93.2	poly(A) RNA polymerase GLD2 isoform 7 [Homo sapiens]	TRUE	TENT2
NP_593571.1	XP_047272805.1	0	N/A	30.151	199	16	1.64e-18	93.2	poly(A) RNA polymerase GLD2 isoform X2 [Homo sapiens]	TRUE	TENT2
NP_593571.1	XP_047272804.1	0	N/A	30.151	199	16	1.64e-18	93.2	poly(A) RNA polymerase GLD2 isoform X2 [Homo sapiens]	TRUE	TENT2
NP_593571.1	XP_047272803.1	0	N/A	30.151	199	16	1.64e-18	93.2	poly(A) RNA polymerase GLD2 isoform X2 [Homo sapiens]	TRUE	TENT2
NP_593571.1	XP_047272802.1	0	N/A	30.151	199	16	1.64e-18	93.2	poly(A) RNA polymerase GLD2 isoform X2 [Homo sapiens]	TRUE	TENT2
NP_593571.1	XP_016864641.1	0	N/A	30.151	199	16	1.64e-18	93.2	poly(A) RNA polymerase GLD2 isoform X2 [Homo sapiens]	TRUE	TENT2
NP_593571.1	NP_001375026.1	0	N/A	30.151	199	16	1.64e-18	93.2	poly(A) RNA polymerase GLD2 isoform 6 [Homo sapiens]	TRUE	TENT2
NP_593571.1	NP_001375025.1	0	N/A	30.151	199	16	1.64e-18	93.2	poly(A) RNA polymerase GLD2 isoform 6 [Homo sapiens]	TRUE	TENT2
NP_593571.1	NP_001375024.1	0	N/A	30.151	199	16	1.64e-18	93.2	poly(A) RNA polymerase GLD2 isoform 6 [Homo sapiens]	TRUE	TENT2
NP_593571.1	NP_001336480.1	0	N/A	30.151	199	16	1.64e-18	93.2	poly(A) RNA polymerase GLD2 isoform 6 [Homo sapiens]	TRUE	TENT2
NP_593571.1	XP_047272801.1	0	N/A	30.151	199	16	2e-18	92.8	poly(A) RNA polymerase GLD2 isoform X1 [Homo sapiens]	TRUE	TENT2
NP_593571.1	XP_047272800.1	0	N/A	30.151	199	16	2e-18	92.8	poly(A) RNA polymerase GLD2 isoform X1 [Homo sapiens]	TRUE	TENT2
NP_593571.1	XP_011541527.1	0	N/A	30.151	199	16	2e-18	92.8	poly(A) RNA polymerase GLD2 isoform X1 [Homo sapiens]	TRUE	TENT2
NP_593571.1	XP_011541526.1	0	N/A	30.151	199	16	2e-18	92.8	poly(A) RNA polymerase GLD2 isoform X1 [Homo sapiens]	TRUE	TENT2
NP_593571.1	XP_011541523.1	0	N/A	30.151	199	16	2e-18	92.8	poly(A) RNA polymerase GLD2 isoform X1 [Homo sapiens]	TRUE	TENT2
NP_593571.1	XP_011541522.1	0	N/A	30.151	199	16	2e-18	92.8	poly(A) RNA polymerase GLD2 isoform X1 [Homo sapiens]	TRUE	TENT2
NP_593571.1	NP_001375023.1	0	N/A	30.151	199	16	2e-18	92.8	poly(A) RNA polymerase GLD2 isoform 5 [Homo sapiens]	TRUE	TENT2
NP_593571.1	NP_001375022.1	0	N/A	30.151	199	16	2e-18	92.8	poly(A) RNA polymerase GLD2 isoform 5 [Homo sapiens]	TRUE	TENT2
NP_593571.1	NP_001336479.1	0	N/A	30.151	199	16	2e-18	92.8	poly(A) RNA polymerase GLD2 isoform 5 [Homo sapiens]	TRUE	TENT2
NP_593571.1	NP_001336478.1	0	N/A	30.151	199	16	2e-18	92.8	poly(A) RNA polymerase GLD2 isoform 5 [Homo sapiens]	TRUE	TENT2
NP_593571.1	NP_060579.3	0	N/A	30.435	207	17	3.61e-17	89.4	poly(A) RNA polymerase, mitochondrial precursor [Homo sapiens]	TRUE	mtPAP
NP_593571.1	NP_001317647.1	0	N/A	26.198	313	25	7.74e-17	88.6	terminal uridylyltransferase 7 isoform 3 [Homo sapiens]	TRUE	Tut7
NP_593571.1	XP_005252265.1	0	N/A	26.198	313	25	8.2e-17	89	terminal uridylyltransferase 7 isoform X7 [Homo sapiens]	TRUE	Tut7
NP_593571.1	XP_011517316.1	0	N/A	26.198	313	25	1.11e-16	88.6	terminal uridylyltransferase 7 isoform X1 [Homo sapiens]	TRUE	Tut7
NP_593571.1	XP_011517315.1	0	N/A	26.198	313	25	1.11e-16	88.6	terminal uridylyltransferase 7 isoform X1 [Homo sapiens]	TRUE	Tut7
NP_593571.1	XP_011517314.1	0	N/A	26.198	313	25	1.11e-16	88.6	terminal uridylyltransferase 7 isoform X1 [Homo sapiens]	TRUE	Tut7
NP_593571.1	XP_011517313.1	0	N/A	26.198	313	25	1.11e-16	88.6	terminal uridylyltransferase 7 isoform X1 [Homo sapiens]	TRUE	Tut7
NP_593571.1	XP_011517318.1	0	N/A	27.211	294	23	1.31e-16	88.6	terminal uridylyltransferase 7 isoform X5 [Homo sapiens]	TRUE	Tut7
NP_593571.1	XP_047279825.1	0	N/A	26.198	313	25	1.33e-16	88.6	terminal uridylyltransferase 7 isoform X6 [Homo sapiens]	TRUE	Tut7
NP_593571.1	XP_047279824.1	0	N/A	26.198	313	25	1.33e-16	88.6	terminal uridylyltransferase 7 isoform X6 [Homo sapiens]	TRUE	Tut7
NP_593571.1	XP_005252264.1	0	N/A	26.198	313	25	1.33e-16	88.6	terminal uridylyltransferase 7 isoform X6 [Homo sapiens]	TRUE	Tut7
NP_593571.1	XP_016870620.1	0	N/A	27.211	294	23	1.7e-16	88.2	terminal uridylyltransferase 7 isoform X4 [Homo sapiens]	TRUE	Tut7
NP_593571.1	XP_016870619.1	0	N/A	27.211	294	23	1.7e-16	88.2	terminal uridylyltransferase 7 isoform X4 [Homo sapiens]	TRUE	Tut7
NP_593571.1	NP_078893.2	0	N/A	27.211	294	23	1.7e-16	88.2	terminal uridylyltransferase 7 isoform 1 [Homo sapiens]	TRUE	Tut7
NP_593571.1	NP_001171988.1	0	N/A	27.211	294	23	1.7e-16	88.2	terminal uridylyltransferase 7 isoform 1 [Homo sapiens]	TRUE	Tut7
NP_593571.1	XP_011517317.1	0	N/A	27.211	294	23	1.72e-16	88.2	terminal uridylyltransferase 7 isoform X3 [Homo sapiens]	TRUE	Tut7
NP_593571.1	XP_047279823.1	0	N/A	27.211	294	23	1.72e-16	88.2	terminal uridylyltransferase 7 isoform X2 [Homo sapiens]	TRUE	Tut7
NP_593571.1	XP_006717346.1	0	N/A	27.211	294	23	1.72e-16	88.2	terminal uridylyltransferase 7 isoform X2 [Homo sapiens]	TRUE	Tut7
NP_593571.1	XP_011539399.1	0	N/A	27.306	271	21	1.67e-14	81.6	terminal uridylyltransferase 4 isoform X1 [Homo sapiens]	TRUE	Tut4
NP_593571.1	XP_005270733.1	0	N/A	27.306	271	21	1.67e-14	81.6	terminal uridylyltransferase 4 isoform X1 [Homo sapiens]	TRUE	Tut4
NP_593571.1	XP_005270735.1	0	N/A	27.306	271	21	1.71e-14	81.6	terminal uridylyltransferase 4 isoform X2 [Homo sapiens]	TRUE	Tut4
NP_593571.1	XP_047272345.1	0	N/A	27.306	271	21	1.72e-14	81.6	terminal uridylyltransferase 4 isoform X31 [Homo sapiens]	TRUE	Tut4
NP_593571.1	XP_047272285.1	0	N/A	27.306	271	21	1.82e-14	81.6	terminal uridylyltransferase 4 isoform X7 [Homo sapiens]	TRUE	Tut4
NP_593571.1	XP_005270739.1	0	N/A	27.306	271	21	1.82e-14	81.6	terminal uridylyltransferase 4 isoform X33 [Homo sapiens]	TRUE	Tut4
NP_593571.1	XP_047272283.1	0	N/A	27.306	271	21	1.87e-14	81.6	terminal uridylyltransferase 4 isoform X6 [Homo sapiens]	TRUE	Tut4
NP_593571.1	XP_005270737.1	0	N/A	27.306	271	21	1.87e-14	81.6	terminal uridylyltransferase 4 isoform X6 [Homo sapiens]	TRUE	Tut4
NP_593571.1	XP_047272286.1	0	N/A	27.306	271	21	1.88e-14	81.6	terminal uridylyltransferase 4 isoform X8 [Homo sapiens]	TRUE	Tut4
NP_593571.1	XP_016856297.1	0	N/A	27.306	271	21	1.88e-14	81.6	terminal uridylyltransferase 4 isoform X36 [Homo sapiens]	TRUE	Tut4
NP_593571.1	XP_016856292.1	0	N/A	27.306	271	21	1.91e-14	81.6	terminal uridylyltransferase 4 isoform X9 [Homo sapiens]	TRUE	Tut4
NP_593571.1	XP_047272372.1	0	N/A	27.306	271	21	1.94e-14	81.3	terminal uridylyltransferase 4 isoform X42 [Homo sapiens]	TRUE	Tut4
NP_594901.1	XP_047272286.1	0	N/A	32.915	319	74	6.12e-36	142	terminal uridylyltransferase 4 isoform X8 [Homo sapiens]	TRUE	Tut4
NP_594901.1	XP_047272296.1	0	N/A	32.915	319	74	6.41e-36	142	terminal uridylyltransferase 4 isoform X13 [Homo sapiens]	TRUE	Tut4
NP_594901.1	XP_047272290.1	0	N/A	32.915	319	74	6.59e-36	142	terminal uridylyltransferase 4 isoform X11 [Homo sapiens]	TRUE	Tut4
NP_594901.1	XP_047272295.1	0	N/A	32.915	319	74	6.72e-36	142	terminal uridylyltransferase 4 isoform X12 [Homo sapiens]	TRUE	Tut4
NP_594901.1	XP_047272305.1	0	N/A	32.915	319	74	7.3e-36	142	terminal uridylyltransferase 4 isoform X17 [Homo sapiens]	TRUE	Tut4
NP_594901.1	XP_047272350.1	0	N/A	32.915	319	74	8.31e-36	142	terminal uridylyltransferase 4 isoform X34 [Homo sapiens]	TRUE	Tut4
NP_594901.1	XP_047272372.1	0	N/A	32.915	319	74	8.74e-36	142	terminal uridylyltransferase 4 isoform X42 [Homo sapiens]	TRUE	Tut4
NP_594901.1	XP_047272344.1	0	N/A	32.915	319	74	9.32e-36	142	terminal uridylyltransferase 4 isoform X30 [Homo sapiens]	TRUE	Tut4
NP_594901.1	NP_001317647.1	0	N/A	29.855	345	82	1.08e-35	141	terminal uridylyltransferase 7 isoform 3 [Homo sapiens]	TRUE	Tut7
NP_594901.1	XP_011517316.1	0	N/A	29.855	345	82	1.48e-35	141	terminal uridylyltransferase 7 isoform X1 [Homo sapiens]	TRUE	Tut7
NP_594901.1	XP_011517315.1	0	N/A	29.855	345	82	1.48e-35	141	terminal uridylyltransferase 7 isoform X1 [Homo sapiens]	TRUE	Tut7
NP_594901.1	XP_011517314.1	0	N/A	29.855	345	82	1.48e-35	141	terminal uridylyltransferase 7 isoform X1 [Homo sapiens]	TRUE	Tut7
NP_594901.1	XP_011517313.1	0	N/A	29.855	345	82	1.48e-35	141	terminal uridylyltransferase 7 isoform X1 [Homo sapiens]	TRUE	Tut7
NP_594901.1	XP_005252265.1	0	N/A	29.855	345	82	1.59e-35	141	terminal uridylyltransferase 7 isoform X7 [Homo sapiens]	TRUE	Tut7
NP_594901.1	XP_047279823.1	0	N/A	29.855	345	82	1.59e-35	141	terminal uridylyltransferase 7 isoform X2 [Homo sapiens]	TRUE	Tut7
NP_594901.1	XP_006717346.1	0	N/A	29.855	345	82	1.59e-35	141	terminal uridylyltransferase 7 isoform X2 [Homo sapiens]	TRUE	Tut7
NP_594901.1	XP_016870620.1	0	N/A	29.855	345	82	1.62e-35	141	terminal uridylyltransferase 7 isoform X4 [Homo sapiens]	TRUE	Tut7
NP_594901.1	XP_016870619.1	0	N/A	29.855	345	82	1.62e-35	141	terminal uridylyltransferase 7 isoform X4 [Homo sapiens]	TRUE	Tut7
NP_594901.1	NP_078893.2	0	N/A	29.855	345	82	1.62e-35	141	terminal uridylyltransferase 7 isoform 1 [Homo sapiens]	TRUE	Tut7
NP_594901.1	NP_001171988.1	0	N/A	29.855	345	82	1.62e-35	141	terminal uridylyltransferase 7 isoform 1 [Homo sapiens]	TRUE	Tut7
NP_594901.1	XP_011517318.1	0	N/A	29.855	345	82	1.68e-35	141	terminal uridylyltransferase 7 isoform X5 [Homo sapiens]	TRUE	Tut7
NP_594901.1	XP_011517317.1	0	N/A	29.855	345	82	1.71e-35	141	terminal uridylyltransferase 7 isoform X3 [Homo sapiens]	TRUE	Tut7
NP_594901.1	XP_047279825.1	0	N/A	29.855	345	82	1.78e-35	141	terminal uridylyltransferase 7 isoform X6 [Homo sapiens]	TRUE	Tut7
NP_594901.1	XP_047279824.1	0	N/A	29.855	345	82	1.78e-35	141	terminal uridylyltransferase 7 isoform X6 [Homo sapiens]	TRUE	Tut7
NP_594901.1	XP_005252264.1	0	N/A	29.855	345	82	1.78e-35	141	terminal uridylyltransferase 7 isoform X6 [Homo sapiens]	TRUE	Tut7
NP_594901.1	XP_016856292.1	0	N/A	31.728	353	80	6.71e-35	139	terminal uridylyltransferase 4 isoform X9 [Homo sapiens]	TRUE	Tut4
NP_594901.1	XP_016856297.1	0	N/A	31.728	353	80	7.76e-35	139	terminal uridylyltransferase 4 isoform X36 [Homo sapiens]	TRUE	Tut4
NP_594901.1	XP_005270739.1	0	N/A	31.728	353	80	7.91e-35	139	terminal uridylyltransferase 4 isoform X33 [Homo sapiens]	TRUE	Tut4
NP_594901.1	XP_016856293.1	0	N/A	31.728	353	80	8.16e-35	139	terminal uridylyltransferase 4 isoform X16 [Homo sapiens]	TRUE	Tut4
NP_594901.1	XP_047272285.1	0	N/A	31.728	353	80	8.17e-35	139	terminal uridylyltransferase 4 isoform X7 [Homo sapiens]	TRUE	Tut4
NP_594901.1	XP_047272345.1	0	N/A	31.728	353	80	8.38e-35	139	terminal uridylyltransferase 4 isoform X31 [Homo sapiens]	TRUE	Tut4
NP_594901.1	XP_016856299.1	0	N/A	31.728	353	80	8.44e-35	139	terminal uridylyltransferase 4 isoform X40 [Homo sapiens]	TRUE	Tut4
NP_594901.1	XP_047272281.1	0	N/A	33.007	306	71	8.51e-35	139	terminal uridylyltransferase 4 isoform X4 [Homo sapiens]	TRUE	Tut4
NP_594901.1	NP_001009881.1	0	N/A	33.007	306	71	8.51e-35	139	terminal uridylyltransferase 4 isoform a [Homo sapiens]	TRUE	Tut4
NP_594901.1	XP_047272288.1	0	N/A	31.728	353	80	8.56e-35	139	terminal uridylyltransferase 4 isoform X10 [Homo sapiens]	TRUE	Tut4
NP_594901.1	XP_005270735.1	0	N/A	31.728	353	80	8.6e-35	139	terminal uridylyltransferase 4 isoform X2 [Homo sapiens]	TRUE	Tut4
NP_594901.1	XP_011539399.1	0	N/A	31.728	353	80	8.6e-35	139	terminal uridylyltransferase 4 isoform X1 [Homo sapiens]	TRUE	Tut4
NP_594901.1	XP_005270733.1	0	N/A	31.728	353	80	8.6e-35	139	terminal uridylyltransferase 4 isoform X1 [Homo sapiens]	TRUE	Tut4
NP_594901.1	XP_047272282.1	0	N/A	33.007	306	71	8.67e-35	139	terminal uridylyltransferase 4 isoform X5 [Homo sapiens]	TRUE	Tut4
NP_594901.1	NP_056084.1	0	N/A	33.007	306	71	8.67e-35	139	terminal uridylyltransferase 4 isoform b [Homo sapiens]	TRUE	Tut4
NP_594901.1	XP_011539401.1	0	N/A	31.728	353	80	8.88e-35	139	terminal uridylyltransferase 4 isoform X29 [Homo sapiens]	TRUE	Tut4
NP_594901.1	XP_047272365.1	0	N/A	31.728	353	80	8.93e-35	139	terminal uridylyltransferase 4 isoform X38 [Homo sapiens]	TRUE	Tut4
NP_594901.1	XP_047272283.1	0	N/A	31.728	353	80	9.08e-35	139	terminal uridylyltransferase 4 isoform X6 [Homo sapiens]	TRUE	Tut4
NP_594901.1	XP_005270737.1	0	N/A	31.728	353	80	9.08e-35	139	terminal uridylyltransferase 4 isoform X6 [Homo sapiens]	TRUE	Tut4
NP_594901.1	XP_047272280.1	0	N/A	31.728	353	80	9.18e-35	139	terminal uridylyltransferase 4 isoform X3 [Homo sapiens]	TRUE	Tut4
NP_594901.1	XP_005270736.1	0	N/A	31.728	353	80	9.18e-35	139	terminal uridylyltransferase 4 isoform X3 [Homo sapiens]	TRUE	Tut4
NP_594901.1	XP_016856296.1	0	N/A	31.728	353	80	9.68e-35	139	terminal uridylyltransferase 4 isoform X28 [Homo sapiens]	TRUE	Tut4
NP_594901.1	XP_047272337.1	0	N/A	33.007	306	71	9.97e-35	139	terminal uridylyltransferase 4 isoform X27 [Homo sapiens]	TRUE	Tut4
NP_594901.1	XP_016856295.1	0	N/A	31.728	353	80	1.08e-34	139	terminal uridylyltransferase 4 isoform X25 [Homo sapiens]	TRUE	Tut4
NP_594901.1	XP_047272325.1	0	N/A	33.007	306	71	1.19e-34	139	terminal uridylyltransferase 4 isoform X23 [Homo sapiens]	TRUE	Tut4
NP_594901.1	XP_047272384.1	0	N/A	31.897	348	80	1.96e-34	138	terminal uridylyltransferase 4 isoform X46 [Homo sapiens]	TRUE	Tut4
NP_594901.1	NP_001375065.1	0	N/A	27.557	352	81	7.95e-30	120	poly(A) RNA polymerase GLD2 isoform 14 [Homo sapiens]	TRUE	TENT2
NP_594901.1	NP_001375061.1	0	N/A	27.841	352	81	1.78e-29	121	poly(A) RNA polymerase GLD2 isoform 12 [Homo sapiens]	TRUE	TENT2
NP_594901.1	XP_047272811.1	0	N/A	27.841	352	81	2.66e-29	121	poly(A) RNA polymerase GLD2 isoform X4 [Homo sapiens]	TRUE	TENT2
NP_594901.1	XP_047272810.1	0	N/A	27.841	352	81	2.66e-29	121	poly(A) RNA polymerase GLD2 isoform X4 [Homo sapiens]	TRUE	TENT2
NP_594901.1	XP_047272809.1	0	N/A	27.841	352	81	2.66e-29	121	poly(A) RNA polymerase GLD2 isoform X4 [Homo sapiens]	TRUE	TENT2
NP_594901.1	NP_001375058.1	0	N/A	27.841	352	81	2.66e-29	121	poly(A) RNA polymerase GLD2 isoform 2 [Homo sapiens]	TRUE	TENT2
NP_594901.1	NP_001375057.1	0	N/A	27.841	352	81	2.66e-29	121	poly(A) RNA polymerase GLD2 isoform 2 [Homo sapiens]	TRUE	TENT2
NP_594901.1	NP_001375056.1	0	N/A	27.841	352	81	2.66e-29	121	poly(A) RNA polymerase GLD2 isoform 2 [Homo sapiens]	TRUE	TENT2
NP_594901.1	NP_001375055.1	0	N/A	27.841	352	81	2.66e-29	121	poly(A) RNA polymerase GLD2 isoform 2 [Homo sapiens]	TRUE	TENT2
NP_594901.1	NP_001375054.1	0	N/A	27.841	352	81	2.66e-29	121	poly(A) RNA polymerase GLD2 isoform 2 [Homo sapiens]	TRUE	TENT2
NP_594901.1	NP_001375053.1	0	N/A	27.841	352	81	2.66e-29	121	poly(A) RNA polymerase GLD2 isoform 2 [Homo sapiens]	TRUE	TENT2
NP_594901.1	NP_001375052.1	0	N/A	27.841	352	81	2.66e-29	121	poly(A) RNA polymerase GLD2 isoform 2 [Homo sapiens]	TRUE	TENT2
NP_594901.1	NP_001375051.1	0	N/A	27.841	352	81	2.66e-29	121	poly(A) RNA polymerase GLD2 isoform 2 [Homo sapiens]	TRUE	TENT2
NP_594901.1	NP_001375050.1	0	N/A	27.841	352	81	2.66e-29	121	poly(A) RNA polymerase GLD2 isoform 2 [Homo sapiens]	TRUE	TENT2
NP_594901.1	NP_001375049.1	0	N/A	27.841	352	81	2.66e-29	121	poly(A) RNA polymerase GLD2 isoform 2 [Homo sapiens]	TRUE	TENT2
NP_594901.1	NP_001375048.1	0	N/A	27.841	352	81	2.66e-29	121	poly(A) RNA polymerase GLD2 isoform 2 [Homo sapiens]	TRUE	TENT2
NP_594901.1	NP_001375047.1	0	N/A	27.841	352	81	2.66e-29	121	poly(A) RNA polymerase GLD2 isoform 2 [Homo sapiens]	TRUE	TENT2
NP_594901.1	NP_001375046.1	0	N/A	27.841	352	81	2.66e-29	121	poly(A) RNA polymerase GLD2 isoform 2 [Homo sapiens]	TRUE	TENT2
NP_594901.1	NP_001375045.1	0	N/A	27.841	352	81	2.66e-29	121	poly(A) RNA polymerase GLD2 isoform 2 [Homo sapiens]	TRUE	TENT2
NP_594901.1	NP_001375044.1	0	N/A	27.841	352	81	2.66e-29	121	poly(A) RNA polymerase GLD2 isoform 2 [Homo sapiens]	TRUE	TENT2
NP_594901.1	NP_001375043.1	0	N/A	27.841	352	81	2.66e-29	121	poly(A) RNA polymerase GLD2 isoform 2 [Homo sapiens]	TRUE	TENT2
NP_594901.1	NP_001336483.1	0	N/A	27.841	352	81	2.66e-29	121	poly(A) RNA polymerase GLD2 isoform 2 [Homo sapiens]	TRUE	TENT2
NP_594901.1	NP_001284673.1	0	N/A	27.841	352	81	2.66e-29	121	poly(A) RNA polymerase GLD2 isoform 2 [Homo sapiens]	TRUE	TENT2
NP_594901.1	NP_001375059.1	0	N/A	27.841	352	81	2.74e-29	120	poly(A) RNA polymerase GLD2 isoform 10 [Homo sapiens]	TRUE	TENT2
NP_594901.1	NP_001172003.1	0	N/A	33.065	248	60	3.98e-29	122	terminal uridylyltransferase 7 isoform 2 [Homo sapiens]	TRUE	Tut7
NP_594901.1	NP_001375060.1	0	N/A	28.291	357	81	2.39e-28	118	poly(A) RNA polymerase GLD2 isoform 11 [Homo sapiens]	TRUE	TENT2
NP_594901.1	NP_001375042.1	0	N/A	28.291	357	81	3.22e-28	118	poly(A) RNA polymerase GLD2 isoform 16 [Homo sapiens]	TRUE	TENT2
NP_594901.1	XP_047272808.1	0	N/A	28.291	357	81	3.38e-28	118	poly(A) RNA polymerase GLD2 isoform X3 [Homo sapiens]	TRUE	TENT2
NP_594901.1	XP_047272807.1	0	N/A	28.291	357	81	3.38e-28	118	poly(A) RNA polymerase GLD2 isoform X3 [Homo sapiens]	TRUE	TENT2
NP_594901.1	XP_047272806.1	0	N/A	28.291	357	81	3.38e-28	118	poly(A) RNA polymerase GLD2 isoform X3 [Homo sapiens]	TRUE	TENT2
NP_594901.1	NP_776158.2	0	N/A	28.291	357	81	3.38e-28	118	poly(A) RNA polymerase GLD2 isoform 1 [Homo sapiens]	TRUE	TENT2
NP_594901.1	NP_001375041.1	0	N/A	28.291	357	81	3.38e-28	118	poly(A) RNA polymerase GLD2 isoform 1 [Homo sapiens]	TRUE	TENT2
NP_594901.1	NP_001375040.1	0	N/A	28.291	357	81	3.38e-28	118	poly(A) RNA polymerase GLD2 isoform 1 [Homo sapiens]	TRUE	TENT2
NP_594901.1	NP_001375039.1	0	N/A	28.291	357	81	3.38e-28	118	poly(A) RNA polymerase GLD2 isoform 1 [Homo sapiens]	TRUE	TENT2
NP_594901.1	NP_001375038.1	0	N/A	28.291	357	81	3.38e-28	118	poly(A) RNA polymerase GLD2 isoform 1 [Homo sapiens]	TRUE	TENT2
NP_594901.1	NP_001375037.1	0	N/A	28.291	357	81	3.38e-28	118	poly(A) RNA polymerase GLD2 isoform 1 [Homo sapiens]	TRUE	TENT2
NP_594901.1	NP_001375036.1	0	N/A	28.291	357	81	3.38e-28	118	poly(A) RNA polymerase GLD2 isoform 1 [Homo sapiens]	TRUE	TENT2
NP_594901.1	NP_001375035.1	0	N/A	28.291	357	81	3.38e-28	118	poly(A) RNA polymerase GLD2 isoform 1 [Homo sapiens]	TRUE	TENT2
NP_594901.1	NP_001375034.1	0	N/A	28.291	357	81	3.38e-28	118	poly(A) RNA polymerase GLD2 isoform 1 [Homo sapiens]	TRUE	TENT2
NP_594901.1	NP_001375032.1	0	N/A	28.291	357	81	3.38e-28	118	poly(A) RNA polymerase GLD2 isoform 1 [Homo sapiens]	TRUE	TENT2
NP_594901.1	NP_001375031.1	0	N/A	28.291	357	81	3.38e-28	118	poly(A) RNA polymerase GLD2 isoform 1 [Homo sapiens]	TRUE	TENT2
NP_594901.1	NP_001336482.1	0	N/A	28.291	357	81	3.38e-28	118	poly(A) RNA polymerase GLD2 isoform 1 [Homo sapiens]	TRUE	TENT2
NP_594901.1	NP_001336481.1	0	N/A	28.291	357	81	3.38e-28	118	poly(A) RNA polymerase GLD2 isoform 1 [Homo sapiens]	TRUE	TENT2
NP_594901.1	NP_001107866.1	0	N/A	28.291	357	81	3.38e-28	118	poly(A) RNA polymerase GLD2 isoform 1 [Homo sapiens]	TRUE	TENT2
NP_594901.1	NP_001107865.1	0	N/A	28.291	357	81	3.38e-28	118	poly(A) RNA polymerase GLD2 isoform 1 [Homo sapiens]	TRUE	TENT2
NP_594901.1	NP_001375030.1	0	N/A	29.912	341	76	5.14e-27	114	poly(A) RNA polymerase GLD2 isoform 9 [Homo sapiens]	TRUE	TENT2
NP_594901.1	NP_001375027.1	0	N/A	26.525	377	81	1.5e-26	113	poly(A) RNA polymerase GLD2 isoform 7 [Homo sapiens]	TRUE	TENT2
NP_594901.1	XP_047272805.1	0	N/A	26.525	377	81	1.66e-26	113	poly(A) RNA polymerase GLD2 isoform X2 [Homo sapiens]	TRUE	TENT2
NP_594901.1	XP_047272804.1	0	N/A	26.525	377	81	1.66e-26	113	poly(A) RNA polymerase GLD2 isoform X2 [Homo sapiens]	TRUE	TENT2
NP_595210.1	XP_047272384.1	0	N/A	29.553	291	57	3.03e-33	136	terminal uridylyltransferase 4 isoform X46 [Homo sapiens]	TRUE	Tut4
NP_595210.1	XP_047272280.1	0	N/A	29.553	291	57	5.39e-33	135	terminal uridylyltransferase 4 isoform X3 [Homo sapiens]	TRUE	Tut4
NP_595210.1	XP_005270736.1	0	N/A	29.553	291	57	5.39e-33	135	terminal uridylyltransferase 4 isoform X3 [Homo sapiens]	TRUE	Tut4
NP_595210.1	XP_047272288.1	0	N/A	29.553	291	57	5.62e-33	135	terminal uridylyltransferase 4 isoform X10 [Homo sapiens]	TRUE	Tut4
NP_595210.1	XP_016856295.1	0	N/A	29.553	291	57	5.62e-33	135	terminal uridylyltransferase 4 isoform X25 [Homo sapiens]	TRUE	Tut4
NP_595210.1	XP_047272325.1	0	N/A	29.553	291	57	5.63e-33	135	terminal uridylyltransferase 4 isoform X23 [Homo sapiens]	TRUE	Tut4
NP_595210.1	XP_011539399.1	0	N/A	29.553	291	57	5.86e-33	135	terminal uridylyltransferase 4 isoform X1 [Homo sapiens]	TRUE	Tut4
NP_595210.1	XP_005270733.1	0	N/A	29.553	291	57	5.86e-33	135	terminal uridylyltransferase 4 isoform X1 [Homo sapiens]	TRUE	Tut4
NP_595210.1	XP_005270735.1	0	N/A	29.553	291	57	5.92e-33	135	terminal uridylyltransferase 4 isoform X2 [Homo sapiens]	TRUE	Tut4
NP_595210.1	XP_016856293.1	0	N/A	29.553	291	57	5.93e-33	135	terminal uridylyltransferase 4 isoform X16 [Homo sapiens]	TRUE	Tut4
NP_595210.1	XP_047272365.1	0	N/A	29.553	291	57	6.06e-33	135	terminal uridylyltransferase 4 isoform X38 [Homo sapiens]	TRUE	Tut4
NP_595210.1	XP_005270739.1	0	N/A	29.553	291	57	6.24e-33	135	terminal uridylyltransferase 4 isoform X33 [Homo sapiens]	TRUE	Tut4
NP_595210.1	XP_047272285.1	0	N/A	29.553	291	57	6.34e-33	135	terminal uridylyltransferase 4 isoform X7 [Homo sapiens]	TRUE	Tut4
NP_595210.1	XP_047272283.1	0	N/A	29.553	291	57	6.36e-33	135	terminal uridylyltransferase 4 isoform X6 [Homo sapiens]	TRUE	Tut4
NP_595210.1	XP_005270737.1	0	N/A	29.553	291	57	6.36e-33	135	terminal uridylyltransferase 4 isoform X6 [Homo sapiens]	TRUE	Tut4
NP_595210.1	XP_016856296.1	0	N/A	29.553	291	57	6.39e-33	135	terminal uridylyltransferase 4 isoform X28 [Homo sapiens]	TRUE	Tut4
NP_595210.1	XP_016856297.1	0	N/A	29.553	291	57	6.53e-33	135	terminal uridylyltransferase 4 isoform X36 [Homo sapiens]	TRUE	Tut4
NP_595210.1	XP_047272337.1	0	N/A	29.553	291	57	6.64e-33	135	terminal uridylyltransferase 4 isoform X27 [Homo sapiens]	TRUE	Tut4
NP_595210.1	XP_047272345.1	0	N/A	29.553	291	57	6.66e-33	135	terminal uridylyltransferase 4 isoform X31 [Homo sapiens]	TRUE	Tut4
NP_595210.1	XP_011539401.1	0	N/A	29.553	291	57	6.73e-33	135	terminal uridylyltransferase 4 isoform X29 [Homo sapiens]	TRUE	Tut4
NP_595210.1	XP_016856292.1	0	N/A	29.553	291	57	6.82e-33	135	terminal uridylyltransferase 4 isoform X9 [Homo sapiens]	TRUE	Tut4
NP_595210.1	XP_016856299.1	0	N/A	29.553	291	57	6.89e-33	135	terminal uridylyltransferase 4 isoform X40 [Homo sapiens]	TRUE	Tut4
NP_595210.1	XP_047272282.1	0	N/A	29.553	291	57	7.04e-33	135	terminal uridylyltransferase 4 isoform X5 [Homo sapiens]	TRUE	Tut4
NP_595210.1	NP_056084.1	0	N/A	29.553	291	57	7.04e-33	135	terminal uridylyltransferase 4 isoform b [Homo sapiens]	TRUE	Tut4
NP_595210.1	XP_047272281.1	0	N/A	29.553	291	57	7.24e-33	135	terminal uridylyltransferase 4 isoform X4 [Homo sapiens]	TRUE	Tut4
NP_595210.1	NP_001009881.1	0	N/A	29.553	291	57	7.24e-33	135	terminal uridylyltransferase 4 isoform a [Homo sapiens]	TRUE	Tut4
NP_595210.1	NP_001317647.1	0	N/A	28.522	291	57	3.22e-32	133	terminal uridylyltransferase 7 isoform 3 [Homo sapiens]	TRUE	Tut7
NP_595210.1	XP_011517318.1	0	N/A	28.62	297	58	5.69e-32	132	terminal uridylyltransferase 7 isoform X5 [Homo sapiens]	TRUE	Tut7
NP_595210.1	XP_011517317.1	0	N/A	28.62	297	58	6.02e-32	132	terminal uridylyltransferase 7 isoform X3 [Homo sapiens]	TRUE	Tut7
NP_595210.1	XP_016870620.1	0	N/A	28.62	297	58	6.42e-32	132	terminal uridylyltransferase 7 isoform X4 [Homo sapiens]	TRUE	Tut7
NP_595210.1	XP_016870619.1	0	N/A	28.62	297	58	6.42e-32	132	terminal uridylyltransferase 7 isoform X4 [Homo sapiens]	TRUE	Tut7
NP_595210.1	NP_078893.2	0	N/A	28.62	297	58	6.42e-32	132	terminal uridylyltransferase 7 isoform 1 [Homo sapiens]	TRUE	Tut7
NP_595210.1	NP_001171988.1	0	N/A	28.62	297	58	6.42e-32	132	terminal uridylyltransferase 7 isoform 1 [Homo sapiens]	TRUE	Tut7
NP_595210.1	XP_047279825.1	0	N/A	28.62	297	58	6.58e-32	132	terminal uridylyltransferase 7 isoform X6 [Homo sapiens]	TRUE	Tut7
NP_595210.1	XP_047279824.1	0	N/A	28.62	297	58	6.58e-32	132	terminal uridylyltransferase 7 isoform X6 [Homo sapiens]	TRUE	Tut7
NP_595210.1	XP_005252264.1	0	N/A	28.62	297	58	6.58e-32	132	terminal uridylyltransferase 7 isoform X6 [Homo sapiens]	TRUE	Tut7
NP_595210.1	XP_011517316.1	0	N/A	28.62	297	58	6.68e-32	132	terminal uridylyltransferase 7 isoform X1 [Homo sapiens]	TRUE	Tut7
NP_595210.1	XP_011517315.1	0	N/A	28.62	297	58	6.68e-32	132	terminal uridylyltransferase 7 isoform X1 [Homo sapiens]	TRUE	Tut7
NP_595210.1	XP_011517314.1	0	N/A	28.62	297	58	6.68e-32	132	terminal uridylyltransferase 7 isoform X1 [Homo sapiens]	TRUE	Tut7
NP_595210.1	XP_011517313.1	0	N/A	28.62	297	58	6.68e-32	132	terminal uridylyltransferase 7 isoform X1 [Homo sapiens]	TRUE	Tut7
NP_595210.1	XP_047279823.1	0	N/A	28.62	297	58	7.73e-32	132	terminal uridylyltransferase 7 isoform X2 [Homo sapiens]	TRUE	Tut7
NP_595210.1	XP_006717346.1	0	N/A	28.62	297	58	7.73e-32	132	terminal uridylyltransferase 7 isoform X2 [Homo sapiens]	TRUE	Tut7
NP_595210.1	XP_005252265.1	0	N/A	28.62	297	58	8.24e-32	132	terminal uridylyltransferase 7 isoform X7 [Homo sapiens]	TRUE	Tut7
NP_595210.1	XP_047272290.1	0	N/A	29.67	273	53	5.95e-30	126	terminal uridylyltransferase 4 isoform X11 [Homo sapiens]	TRUE	Tut4
NP_595210.1	XP_047272286.1	0	N/A	29.67	273	53	6.13e-30	126	terminal uridylyltransferase 4 isoform X8 [Homo sapiens]	TRUE	Tut4
NP_595210.1	XP_047272305.1	0	N/A	29.67	273	53	6.17e-30	126	terminal uridylyltransferase 4 isoform X17 [Homo sapiens]	TRUE	Tut4
NP_595210.1	XP_047272344.1	0	N/A	29.67	273	53	6.62e-30	126	terminal uridylyltransferase 4 isoform X30 [Homo sapiens]	TRUE	Tut4
NP_595210.1	XP_047272296.1	0	N/A	29.67	273	53	6.64e-30	126	terminal uridylyltransferase 4 isoform X13 [Homo sapiens]	TRUE	Tut4
NP_595210.1	XP_047272295.1	0	N/A	29.67	273	53	6.71e-30	126	terminal uridylyltransferase 4 isoform X12 [Homo sapiens]	TRUE	Tut4
NP_595210.1	XP_047272350.1	0	N/A	29.67	273	53	7.18e-30	126	terminal uridylyltransferase 4 isoform X34 [Homo sapiens]	TRUE	Tut4
NP_595210.1	XP_047272372.1	0	N/A	29.67	273	53	7.6e-30	126	terminal uridylyltransferase 4 isoform X42 [Homo sapiens]	TRUE	Tut4
NP_595210.1	NP_001375061.1	0	N/A	31.939	263	51	1.29e-27	117	poly(A) RNA polymerase GLD2 isoform 12 [Homo sapiens]	TRUE	TENT2
NP_595210.1	NP_001375065.1	0	N/A	31.939	263	51	1.53e-27	115	poly(A) RNA polymerase GLD2 isoform 14 [Homo sapiens]	TRUE	TENT2
NP_595210.1	XP_047272811.1	0	N/A	31.939	263	51	1.9e-27	117	poly(A) RNA polymerase GLD2 isoform X4 [Homo sapiens]	TRUE	TENT2
NP_595210.1	XP_047272810.1	0	N/A	31.939	263	51	1.9e-27	117	poly(A) RNA polymerase GLD2 isoform X4 [Homo sapiens]	TRUE	TENT2
NP_595210.1	XP_047272809.1	0	N/A	31.939	263	51	1.9e-27	117	poly(A) RNA polymerase GLD2 isoform X4 [Homo sapiens]	TRUE	TENT2
NP_595210.1	NP_001375058.1	0	N/A	31.939	263	51	1.9e-27	117	poly(A) RNA polymerase GLD2 isoform 2 [Homo sapiens]	TRUE	TENT2
NP_595210.1	NP_001375057.1	0	N/A	31.939	263	51	1.9e-27	117	poly(A) RNA polymerase GLD2 isoform 2 [Homo sapiens]	TRUE	TENT2
NP_595210.1	NP_001375056.1	0	N/A	31.939	263	51	1.9e-27	117	poly(A) RNA polymerase GLD2 isoform 2 [Homo sapiens]	TRUE	TENT2
NP_595210.1	NP_001375055.1	0	N/A	31.939	263	51	1.9e-27	117	poly(A) RNA polymerase GLD2 isoform 2 [Homo sapiens]	TRUE	TENT2
NP_595210.1	NP_001375054.1	0	N/A	31.939	263	51	1.9e-27	117	poly(A) RNA polymerase GLD2 isoform 2 [Homo sapiens]	TRUE	TENT2
NP_595210.1	NP_001375053.1	0	N/A	31.939	263	51	1.9e-27	117	poly(A) RNA polymerase GLD2 isoform 2 [Homo sapiens]	TRUE	TENT2
NP_595210.1	NP_001375052.1	0	N/A	31.939	263	51	1.9e-27	117	poly(A) RNA polymerase GLD2 isoform 2 [Homo sapiens]	TRUE	TENT2
NP_595210.1	NP_001375051.1	0	N/A	31.939	263	51	1.9e-27	117	poly(A) RNA polymerase GLD2 isoform 2 [Homo sapiens]	TRUE	TENT2
NP_595210.1	NP_001375050.1	0	N/A	31.939	263	51	1.9e-27	117	poly(A) RNA polymerase GLD2 isoform 2 [Homo sapiens]	TRUE	TENT2
NP_595210.1	NP_001375049.1	0	N/A	31.939	263	51	1.9e-27	117	poly(A) RNA polymerase GLD2 isoform 2 [Homo sapiens]	TRUE	TENT2
NP_595210.1	NP_001375048.1	0	N/A	31.939	263	51	1.9e-27	117	poly(A) RNA polymerase GLD2 isoform 2 [Homo sapiens]	TRUE	TENT2
NP_595210.1	NP_001375047.1	0	N/A	31.939	263	51	1.9e-27	117	poly(A) RNA polymerase GLD2 isoform 2 [Homo sapiens]	TRUE	TENT2
NP_595210.1	NP_001375046.1	0	N/A	31.939	263	51	1.9e-27	117	poly(A) RNA polymerase GLD2 isoform 2 [Homo sapiens]	TRUE	TENT2
NP_595210.1	NP_001375045.1	0	N/A	31.939	263	51	1.9e-27	117	poly(A) RNA polymerase GLD2 isoform 2 [Homo sapiens]	TRUE	TENT2
NP_595210.1	NP_001375044.1	0	N/A	31.939	263	51	1.9e-27	117	poly(A) RNA polymerase GLD2 isoform 2 [Homo sapiens]	TRUE	TENT2
NP_595210.1	NP_001375043.1	0	N/A	31.939	263	51	1.9e-27	117	poly(A) RNA polymerase GLD2 isoform 2 [Homo sapiens]	TRUE	TENT2
NP_595210.1	NP_001336483.1	0	N/A	31.939	263	51	1.9e-27	117	poly(A) RNA polymerase GLD2 isoform 2 [Homo sapiens]	TRUE	TENT2
NP_595210.1	NP_001284673.1	0	N/A	31.939	263	51	1.9e-27	117	poly(A) RNA polymerase GLD2 isoform 2 [Homo sapiens]	TRUE	TENT2
NP_595210.1	NP_001375059.1	0	N/A	31.939	263	51	2.09e-27	117	poly(A) RNA polymerase GLD2 isoform 10 [Homo sapiens]	TRUE	TENT2
NP_595210.1	NP_001375030.1	0	N/A	31.984	247	48	3.83e-27	116	poly(A) RNA polymerase GLD2 isoform 9 [Homo sapiens]	TRUE	TENT2
NP_595210.1	NP_001375060.1	0	N/A	31.461	267	51	7.46e-27	115	poly(A) RNA polymerase GLD2 isoform 11 [Homo sapiens]	TRUE	TENT2
NP_595210.1	XP_047272808.1	0	N/A	31.461	267	51	1.03e-26	115	poly(A) RNA polymerase GLD2 isoform X3 [Homo sapiens]	TRUE	TENT2
NP_595210.1	XP_047272807.1	0	N/A	31.461	267	51	1.03e-26	115	poly(A) RNA polymerase GLD2 isoform X3 [Homo sapiens]	TRUE	TENT2
NP_595210.1	XP_047272806.1	0	N/A	31.461	267	51	1.03e-26	115	poly(A) RNA polymerase GLD2 isoform X3 [Homo sapiens]	TRUE	TENT2
NP_595210.1	NP_776158.2	0	N/A	31.461	267	51	1.03e-26	115	poly(A) RNA polymerase GLD2 isoform 1 [Homo sapiens]	TRUE	TENT2
NP_595210.1	NP_001375041.1	0	N/A	31.461	267	51	1.03e-26	115	poly(A) RNA polymerase GLD2 isoform 1 [Homo sapiens]	TRUE	TENT2
NP_595210.1	NP_001375040.1	0	N/A	31.461	267	51	1.03e-26	115	poly(A) RNA polymerase GLD2 isoform 1 [Homo sapiens]	TRUE	TENT2
NP_595210.1	NP_001375039.1	0	N/A	31.461	267	51	1.03e-26	115	poly(A) RNA polymerase GLD2 isoform 1 [Homo sapiens]	TRUE	TENT2
NP_595210.1	NP_001375038.1	0	N/A	31.461	267	51	1.03e-26	115	poly(A) RNA polymerase GLD2 isoform 1 [Homo sapiens]	TRUE	TENT2
NP_595210.1	NP_001375037.1	0	N/A	31.461	267	51	1.03e-26	115	poly(A) RNA polymerase GLD2 isoform 1 [Homo sapiens]	TRUE	TENT2
NP_595210.1	NP_001375036.1	0	N/A	31.461	267	51	1.03e-26	115	poly(A) RNA polymerase GLD2 isoform 1 [Homo sapiens]	TRUE	TENT2
NP_595210.1	NP_001375035.1	0	N/A	31.461	267	51	1.03e-26	115	poly(A) RNA polymerase GLD2 isoform 1 [Homo sapiens]	TRUE	TENT2
NP_595210.1	NP_001375034.1	0	N/A	31.461	267	51	1.03e-26	115	poly(A) RNA polymerase GLD2 isoform 1 [Homo sapiens]	TRUE	TENT2
NP_595210.1	NP_001375032.1	0	N/A	31.461	267	51	1.03e-26	115	poly(A) RNA polymerase GLD2 isoform 1 [Homo sapiens]	TRUE	TENT2
NP_595210.1	NP_001375031.1	0	N/A	31.461	267	51	1.03e-26	115	poly(A) RNA polymerase GLD2 isoform 1 [Homo sapiens]	TRUE	TENT2
NP_595210.1	NP_001336482.1	0	N/A	31.461	267	51	1.03e-26	115	poly(A) RNA polymerase GLD2 isoform 1 [Homo sapiens]	TRUE	TENT2
NP_595210.1	NP_001336481.1	0	N/A	31.461	267	51	1.03e-26	115	poly(A) RNA polymerase GLD2 isoform 1 [Homo sapiens]	TRUE	TENT2
NP_595210.1	NP_001107866.1	0	N/A	31.461	267	51	1.03e-26	115	poly(A) RNA polymerase GLD2 isoform 1 [Homo sapiens]	TRUE	TENT2
NP_595210.1	NP_001107865.1	0	N/A	31.461	267	51	1.03e-26	115	poly(A) RNA polymerase GLD2 isoform 1 [Homo sapiens]	TRUE	TENT2
NP_595210.1	NP_001375042.1	0	N/A	31.461	267	51	1.03e-26	115	poly(A) RNA polymerase GLD2 isoform 16 [Homo sapiens]	TRUE	TENT2
NP_595210.1	NP_001375029.1	0	N/A	31.474	251	48	1.77e-26	114	poly(A) RNA polymerase GLD2 isoform 8 [Homo sapiens]	TRUE	TENT2
NP_595210.1	NP_001375028.1	0	N/A	31.474	251	48	1.77e-26	114	poly(A) RNA polymerase GLD2 isoform 8 [Homo sapiens]	TRUE	TENT2
NP_595210.1	NP_001375027.1	0	N/A	29.861	288	51	3.97e-25	110	poly(A) RNA polymerase GLD2 isoform 7 [Homo sapiens]	TRUE	TENT2
NP_595210.1	XP_047272805.1	0	N/A	29.861	288	51	4.22e-25	110	poly(A) RNA polymerase GLD2 isoform X2 [Homo sapiens]	TRUE	TENT2
XP_001012854.1	XP_047272325.1	0	N/A	25.641	273	48	7.08e-11	68.2	terminal uridylyltransferase 4 isoform X23 [Homo sapiens]	TRUE	Tut4
XP_001012854.1	XP_047272285.1	0	N/A	25.641	273	48	7.24e-11	68.2	terminal uridylyltransferase 4 isoform X7 [Homo sapiens]	TRUE	Tut4
XP_001012854.1	XP_047272286.1	0	N/A	25.641	273	48	7.36e-11	68.2	terminal uridylyltransferase 4 isoform X8 [Homo sapiens]	TRUE	Tut4
XP_001012854.1	XP_011539399.1	0	N/A	25.641	273	48	7.58e-11	67.8	terminal uridylyltransferase 4 isoform X1 [Homo sapiens]	TRUE	Tut4
XP_001012854.1	XP_005270733.1	0	N/A	25.641	273	48	7.58e-11	67.8	terminal uridylyltransferase 4 isoform X1 [Homo sapiens]	TRUE	Tut4
XP_001012854.1	XP_016856292.1	0	N/A	25.641	273	48	7.62e-11	67.8	terminal uridylyltransferase 4 isoform X9 [Homo sapiens]	TRUE	Tut4
XP_001012854.1	XP_005270735.1	0	N/A	25.641	273	48	7.65e-11	67.8	terminal uridylyltransferase 4 isoform X2 [Homo sapiens]	TRUE	Tut4
XP_001012854.1	XP_047272290.1	0	N/A	25.641	273	48	7.68e-11	67.8	terminal uridylyltransferase 4 isoform X11 [Homo sapiens]	TRUE	Tut4
XP_001012854.1	XP_047272280.1	0	N/A	25.641	273	48	7.71e-11	67.8	terminal uridylyltransferase 4 isoform X3 [Homo sapiens]	TRUE	Tut4
XP_001012854.1	XP_005270736.1	0	N/A	25.641	273	48	7.71e-11	67.8	terminal uridylyltransferase 4 isoform X3 [Homo sapiens]	TRUE	Tut4
XP_001012854.1	XP_005270739.1	0	N/A	25.641	273	48	7.87e-11	67.8	terminal uridylyltransferase 4 isoform X33 [Homo sapiens]	TRUE	Tut4
XP_001012854.1	XP_016856295.1	0	N/A	25.641	273	48	7.91e-11	67.8	terminal uridylyltransferase 4 isoform X25 [Homo sapiens]	TRUE	Tut4
XP_001012854.1	XP_047272344.1	0	N/A	25.641	273	48	7.95e-11	67.8	terminal uridylyltransferase 4 isoform X30 [Homo sapiens]	TRUE	Tut4
XP_001012854.1	XP_016856297.1	0	N/A	25.641	273	48	8e-11	67.8	terminal uridylyltransferase 4 isoform X36 [Homo sapiens]	TRUE	Tut4
XP_001012854.1	XP_011539401.1	0	N/A	25.641	273	48	8.82e-11	67.8	terminal uridylyltransferase 4 isoform X29 [Homo sapiens]	TRUE	Tut4
XP_001012854.1	XP_047272345.1	0	N/A	25.641	273	48	8.97e-11	67.8	terminal uridylyltransferase 4 isoform X31 [Homo sapiens]	TRUE	Tut4
XP_001012854.1	XP_047272281.1	0	N/A	25.641	273	48	9.07e-11	67.8	terminal uridylyltransferase 4 isoform X4 [Homo sapiens]	TRUE	Tut4
XP_001012854.1	NP_001009881.1	0	N/A	25.641	273	48	9.07e-11	67.8	terminal uridylyltransferase 4 isoform a [Homo sapiens]	TRUE	Tut4
XP_001012854.1	XP_047272282.1	0	N/A	25.641	273	48	9.23e-11	67.8	terminal uridylyltransferase 4 isoform X5 [Homo sapiens]	TRUE	Tut4
XP_001012854.1	NP_056084.1	0	N/A	25.641	273	48	9.23e-11	67.8	terminal uridylyltransferase 4 isoform b [Homo sapiens]	TRUE	Tut4
XP_001012854.1	XP_047272350.1	0	N/A	25.641	273	48	9.76e-11	67.4	terminal uridylyltransferase 4 isoform X34 [Homo sapiens]	TRUE	Tut4
XP_001012854.1	XP_047272288.1	0	N/A	25.641	273	48	9.86e-11	67.4	terminal uridylyltransferase 4 isoform X10 [Homo sapiens]	TRUE	Tut4
XP_001012854.1	XP_047272283.1	0	N/A	25.641	273	48	9.88e-11	67.4	terminal uridylyltransferase 4 isoform X6 [Homo sapiens]	TRUE	Tut4
XP_001012854.1	XP_005270737.1	0	N/A	25.641	273	48	9.88e-11	67.4	terminal uridylyltransferase 4 isoform X6 [Homo sapiens]	TRUE	Tut4
XP_001012854.1	XP_047272337.1	0	N/A	25.641	273	48	1.01e-10	67.4	terminal uridylyltransferase 4 isoform X27 [Homo sapiens]	TRUE	Tut4
XP_001012854.1	XP_016856296.1	0	N/A	25.641	273	48	1.02e-10	67.4	terminal uridylyltransferase 4 isoform X28 [Homo sapiens]	TRUE	Tut4
XP_001012854.1	XP_047272305.1	0	N/A	25.641	273	48	1.05e-10	67.4	terminal uridylyltransferase 4 isoform X17 [Homo sapiens]	TRUE	Tut4
XP_001012854.1	XP_047272365.1	0	N/A	25.641	273	48	1.06e-10	67.4	terminal uridylyltransferase 4 isoform X38 [Homo sapiens]	TRUE	Tut4
XP_001012854.1	XP_016856293.1	0	N/A	25.641	273	48	1.07e-10	67.4	terminal uridylyltransferase 4 isoform X16 [Homo sapiens]	TRUE	Tut4
XP_001012854.1	XP_047272296.1	0	N/A	25.641	273	48	1.07e-10	67.4	terminal uridylyltransferase 4 isoform X13 [Homo sapiens]	TRUE	Tut4
XP_001012854.1	XP_047272295.1	0	N/A	25.641	273	48	1.08e-10	67.4	terminal uridylyltransferase 4 isoform X12 [Homo sapiens]	TRUE	Tut4
XP_001012854.1	XP_016856299.1	0	N/A	25.641	273	48	1.16e-10	67.4	terminal uridylyltransferase 4 isoform X40 [Homo sapiens]	TRUE	Tut4
XP_001012854.1	XP_047272372.1	0	N/A	25.641	273	48	1.16e-10	67.4	terminal uridylyltransferase 4 isoform X42 [Homo sapiens]	TRUE	Tut4
XP_001012854.1	XP_047272384.1	0	N/A	25.641	273	48	1.42e-10	67	terminal uridylyltransferase 4 isoform X46 [Homo sapiens]	TRUE	Tut4
XP_001012854.1	NP_001375060.1	0	N/A	23.551	276	47	2.39e-10	65.5	poly(A) RNA polymerase GLD2 isoform 11 [Homo sapiens]	TRUE	TENT2
XP_001012854.1	XP_047272808.1	0	N/A	23.551	276	47	2.63e-10	65.5	poly(A) RNA polymerase GLD2 isoform X3 [Homo sapiens]	TRUE	TENT2
XP_001012854.1	XP_047272807.1	0	N/A	23.551	276	47	2.63e-10	65.5	poly(A) RNA polymerase GLD2 isoform X3 [Homo sapiens]	TRUE	TENT2
XP_001012854.1	XP_047272806.1	0	N/A	23.551	276	47	2.63e-10	65.5	poly(A) RNA polymerase GLD2 isoform X3 [Homo sapiens]	TRUE	TENT2
XP_001012854.1	NP_776158.2	0	N/A	23.551	276	47	2.63e-10	65.5	poly(A) RNA polymerase GLD2 isoform 1 [Homo sapiens]	TRUE	TENT2
XP_001012854.1	NP_001375041.1	0	N/A	23.551	276	47	2.63e-10	65.5	poly(A) RNA polymerase GLD2 isoform 1 [Homo sapiens]	TRUE	TENT2
XP_001012854.1	NP_001375040.1	0	N/A	23.551	276	47	2.63e-10	65.5	poly(A) RNA polymerase GLD2 isoform 1 [Homo sapiens]	TRUE	TENT2
XP_001012854.1	NP_001375039.1	0	N/A	23.551	276	47	2.63e-10	65.5	poly(A) RNA polymerase GLD2 isoform 1 [Homo sapiens]	TRUE	TENT2
XP_001012854.1	NP_001375038.1	0	N/A	23.551	276	47	2.63e-10	65.5	poly(A) RNA polymerase GLD2 isoform 1 [Homo sapiens]	TRUE	TENT2
XP_001012854.1	NP_001375037.1	0	N/A	23.551	276	47	2.63e-10	65.5	poly(A) RNA polymerase GLD2 isoform 1 [Homo sapiens]	TRUE	TENT2
XP_001012854.1	NP_001375036.1	0	N/A	23.551	276	47	2.63e-10	65.5	poly(A) RNA polymerase GLD2 isoform 1 [Homo sapiens]	TRUE	TENT2
XP_001012854.1	NP_001375035.1	0	N/A	23.551	276	47	2.63e-10	65.5	poly(A) RNA polymerase GLD2 isoform 1 [Homo sapiens]	TRUE	TENT2
XP_001012854.1	NP_001375034.1	0	N/A	23.551	276	47	2.63e-10	65.5	poly(A) RNA polymerase GLD2 isoform 1 [Homo sapiens]	TRUE	TENT2
XP_001012854.1	NP_001375032.1	0	N/A	23.551	276	47	2.63e-10	65.5	poly(A) RNA polymerase GLD2 isoform 1 [Homo sapiens]	TRUE	TENT2
XP_001012854.1	NP_001375031.1	0	N/A	23.551	276	47	2.63e-10	65.5	poly(A) RNA polymerase GLD2 isoform 1 [Homo sapiens]	TRUE	TENT2
XP_001012854.1	NP_001336482.1	0	N/A	23.551	276	47	2.63e-10	65.5	poly(A) RNA polymerase GLD2 isoform 1 [Homo sapiens]	TRUE	TENT2
XP_001012854.1	NP_001336481.1	0	N/A	23.551	276	47	2.63e-10	65.5	poly(A) RNA polymerase GLD2 isoform 1 [Homo sapiens]	TRUE	TENT2
XP_001012854.1	NP_001107866.1	0	N/A	23.551	276	47	2.63e-10	65.5	poly(A) RNA polymerase GLD2 isoform 1 [Homo sapiens]	TRUE	TENT2
XP_001012854.1	NP_001107865.1	0	N/A	23.551	276	47	2.63e-10	65.5	poly(A) RNA polymerase GLD2 isoform 1 [Homo sapiens]	TRUE	TENT2
XP_001012854.1	NP_001375042.1	0	N/A	23.551	276	47	2.89e-10	65.5	poly(A) RNA polymerase GLD2 isoform 16 [Homo sapiens]	TRUE	TENT2
XP_001012854.1	NP_001375029.1	0	N/A	23.551	276	47	3.34e-10	65.1	poly(A) RNA polymerase GLD2 isoform 8 [Homo sapiens]	TRUE	TENT2
XP_001012854.1	NP_001375028.1	0	N/A	23.551	276	47	3.34e-10	65.1	poly(A) RNA polymerase GLD2 isoform 8 [Homo sapiens]	TRUE	TENT2
XP_001012854.1	XP_047272818.1	0	N/A	27.922	154	26	5.79e-10	63.5	poly(A) RNA polymerase GLD2 isoform X10 [Homo sapiens]	TRUE	TENT2
XP_001012854.1	NP_001375061.1	0	N/A	23.529	272	47	7.63e-10	63.9	poly(A) RNA polymerase GLD2 isoform 12 [Homo sapiens]	TRUE	TENT2
XP_001012854.1	NP_001375059.1	0	N/A	23.529	272	47	9.42e-10	63.5	poly(A) RNA polymerase GLD2 isoform 10 [Homo sapiens]	TRUE	TENT2
XP_001012854.1	XP_047272811.1	0	N/A	23.529	272	47	9.69e-10	63.5	poly(A) RNA polymerase GLD2 isoform X4 [Homo sapiens]	TRUE	TENT2
XP_001012854.1	XP_047272810.1	0	N/A	23.529	272	47	9.69e-10	63.5	poly(A) RNA polymerase GLD2 isoform X4 [Homo sapiens]	TRUE	TENT2
XP_001012854.1	XP_047272809.1	0	N/A	23.529	272	47	9.69e-10	63.5	poly(A) RNA polymerase GLD2 isoform X4 [Homo sapiens]	TRUE	TENT2
XP_001012854.1	NP_001375058.1	0	N/A	23.529	272	47	9.69e-10	63.5	poly(A) RNA polymerase GLD2 isoform 2 [Homo sapiens]	TRUE	TENT2
XP_001012854.1	NP_001375057.1	0	N/A	23.529	272	47	9.69e-10	63.5	poly(A) RNA polymerase GLD2 isoform 2 [Homo sapiens]	TRUE	TENT2
XP_001012854.1	NP_001375056.1	0	N/A	23.529	272	47	9.69e-10	63.5	poly(A) RNA polymerase GLD2 isoform 2 [Homo sapiens]	TRUE	TENT2
XP_001012854.1	NP_001375055.1	0	N/A	23.529	272	47	9.69e-10	63.5	poly(A) RNA polymerase GLD2 isoform 2 [Homo sapiens]	TRUE	TENT2
XP_001012854.1	NP_001375054.1	0	N/A	23.529	272	47	9.69e-10	63.5	poly(A) RNA polymerase GLD2 isoform 2 [Homo sapiens]	TRUE	TENT2
XP_001012854.1	NP_001375053.1	0	N/A	23.529	272	47	9.69e-10	63.5	poly(A) RNA polymerase GLD2 isoform 2 [Homo sapiens]	TRUE	TENT2
XP_001012854.1	NP_001375052.1	0	N/A	23.529	272	47	9.69e-10	63.5	poly(A) RNA polymerase GLD2 isoform 2 [Homo sapiens]	TRUE	TENT2
XP_001012854.1	NP_001375051.1	0	N/A	23.529	272	47	9.69e-10	63.5	poly(A) RNA polymerase GLD2 isoform 2 [Homo sapiens]	TRUE	TENT2
XP_001012854.1	NP_001375050.1	0	N/A	23.529	272	47	9.69e-10	63.5	poly(A) RNA polymerase GLD2 isoform 2 [Homo sapiens]	TRUE	TENT2
XP_001012854.1	NP_001375049.1	0	N/A	23.529	272	47	9.69e-10	63.5	poly(A) RNA polymerase GLD2 isoform 2 [Homo sapiens]	TRUE	TENT2
XP_001012854.1	NP_001375048.1	0	N/A	23.529	272	47	9.69e-10	63.5	poly(A) RNA polymerase GLD2 isoform 2 [Homo sapiens]	TRUE	TENT2
XP_001012854.1	NP_001375047.1	0	N/A	23.529	272	47	9.69e-10	63.5	poly(A) RNA polymerase GLD2 isoform 2 [Homo sapiens]	TRUE	TENT2
XP_001012854.1	NP_001375046.1	0	N/A	23.529	272	47	9.69e-10	63.5	poly(A) RNA polymerase GLD2 isoform 2 [Homo sapiens]	TRUE	TENT2
XP_001012854.1	NP_001375045.1	0	N/A	23.529	272	47	9.69e-10	63.5	poly(A) RNA polymerase GLD2 isoform 2 [Homo sapiens]	TRUE	TENT2
XP_001012854.1	NP_001375044.1	0	N/A	23.529	272	47	9.69e-10	63.5	poly(A) RNA polymerase GLD2 isoform 2 [Homo sapiens]	TRUE	TENT2
XP_001012854.1	NP_001375043.1	0	N/A	23.529	272	47	9.69e-10	63.5	poly(A) RNA polymerase GLD2 isoform 2 [Homo sapiens]	TRUE	TENT2
XP_001012854.1	NP_001336483.1	0	N/A	23.529	272	47	9.69e-10	63.5	poly(A) RNA polymerase GLD2 isoform 2 [Homo sapiens]	TRUE	TENT2
XP_001012854.1	NP_001284673.1	0	N/A	23.529	272	47	9.69e-10	63.5	poly(A) RNA polymerase GLD2 isoform 2 [Homo sapiens]	TRUE	TENT2
XP_001012854.1	NP_001375030.1	0	N/A	23.529	272	47	1.01e-09	63.5	poly(A) RNA polymerase GLD2 isoform 9 [Homo sapiens]	TRUE	TENT2
XP_001012854.1	NP_001375065.1	0	N/A	23.529	272	47	1.03e-09	63.2	poly(A) RNA polymerase GLD2 isoform 14 [Homo sapiens]	TRUE	TENT2
XP_001012854.1	XP_047272801.1	0	N/A	22.896	297	47	6.59e-08	57.8	poly(A) RNA polymerase GLD2 isoform X1 [Homo sapiens]	TRUE	TENT2
XP_001012854.1	XP_047272800.1	0	N/A	22.896	297	47	6.59e-08	57.8	poly(A) RNA polymerase GLD2 isoform X1 [Homo sapiens]	TRUE	TENT2
XP_001012854.1	XP_011541527.1	0	N/A	22.896	297	47	6.59e-08	57.8	poly(A) RNA polymerase GLD2 isoform X1 [Homo sapiens]	TRUE	TENT2
XP_001012854.1	XP_011541526.1	0	N/A	22.896	297	47	6.59e-08	57.8	poly(A) RNA polymerase GLD2 isoform X1 [Homo sapiens]	TRUE	TENT2
XP_001012854.1	XP_011541523.1	0	N/A	22.896	297	47	6.59e-08	57.8	poly(A) RNA polymerase GLD2 isoform X1 [Homo sapiens]	TRUE	TENT2
XP_001012854.1	XP_011541522.1	0	N/A	22.896	297	47	6.59e-08	57.8	poly(A) RNA polymerase GLD2 isoform X1 [Homo sapiens]	TRUE	TENT2
XP_001012854.1	NP_001375023.1	0	N/A	22.896	297	47	6.59e-08	57.8	poly(A) RNA polymerase GLD2 isoform 5 [Homo sapiens]	TRUE	TENT2
XP_001012854.1	NP_001375022.1	0	N/A	22.896	297	47	6.59e-08	57.8	poly(A) RNA polymerase GLD2 isoform 5 [Homo sapiens]	TRUE	TENT2
XP_001012854.1	NP_001336479.1	0	N/A	22.896	297	47	6.59e-08	57.8	poly(A) RNA polymerase GLD2 isoform 5 [Homo sapiens]	TRUE	TENT2
XP_001012854.1	NP_001336478.1	0	N/A	22.896	297	47	6.59e-08	57.8	poly(A) RNA polymerase GLD2 isoform 5 [Homo sapiens]	TRUE	TENT2
XP_001012854.1	XP_047272816.1	0	N/A	26.286	175	26	1.94e-07	55.8	poly(A) RNA polymerase GLD2 isoform X8 [Homo sapiens]	TRUE	TENT2
XP_001012854.1	NP_001375027.1	0	N/A	22.867	293	47	2.57e-07	55.8	poly(A) RNA polymerase GLD2 isoform 7 [Homo sapiens]	TRUE	TENT2
XP_001012854.1	XP_047272805.1	0	N/A	22.867	293	47	2.59e-07	55.8	poly(A) RNA polymerase GLD2 isoform X2 [Homo sapiens]	TRUE	TENT2
XP_001012854.1	XP_047272804.1	0	N/A	22.867	293	47	2.59e-07	55.8	poly(A) RNA polymerase GLD2 isoform X2 [Homo sapiens]	TRUE	TENT2
XP_001012854.1	XP_047272803.1	0	N/A	22.867	293	47	2.59e-07	55.8	poly(A) RNA polymerase GLD2 isoform X2 [Homo sapiens]	TRUE	TENT2
XP_001012854.1	XP_047272802.1	0	N/A	22.867	293	47	2.59e-07	55.8	poly(A) RNA polymerase GLD2 isoform X2 [Homo sapiens]	TRUE	TENT2
XP_001012854.1	XP_016864641.1	0	N/A	22.867	293	47	2.59e-07	55.8	poly(A) RNA polymerase GLD2 isoform X2 [Homo sapiens]	TRUE	TENT2
XP_001012854.1	NP_001375026.1	0	N/A	22.867	293	47	2.59e-07	55.8	poly(A) RNA polymerase GLD2 isoform 6 [Homo sapiens]	TRUE	TENT2
XP_001012858.2	XP_047272296.1	0	N/A	25.501	349	60	3.64e-17	88.2	terminal uridylyltransferase 4 isoform X13 [Homo sapiens]	TRUE	Tut4
XP_001012858.2	XP_047272372.1	0	N/A	25.501	349	60	3.67e-17	88.2	terminal uridylyltransferase 4 isoform X42 [Homo sapiens]	TRUE	Tut4
XP_001012858.2	XP_047272286.1	0	N/A	25.501	349	60	3.88e-17	88.2	terminal uridylyltransferase 4 isoform X8 [Homo sapiens]	TRUE	Tut4
XP_001012858.2	XP_047272290.1	0	N/A	25.501	349	60	3.91e-17	87.8	terminal uridylyltransferase 4 isoform X11 [Homo sapiens]	TRUE	Tut4
XP_001012858.2	XP_047272305.1	0	N/A	25.501	349	60	4e-17	87.8	terminal uridylyltransferase 4 isoform X17 [Homo sapiens]	TRUE	Tut4
XP_001012858.2	XP_047272295.1	0	N/A	25.501	349	60	4.15e-17	87.8	terminal uridylyltransferase 4 isoform X12 [Homo sapiens]	TRUE	Tut4
XP_001012858.2	XP_047272350.1	0	N/A	25.501	349	60	4.21e-17	87.8	terminal uridylyltransferase 4 isoform X34 [Homo sapiens]	TRUE	Tut4
XP_001012858.2	XP_047272344.1	0	N/A	25.501	349	60	4.48e-17	87.8	terminal uridylyltransferase 4 isoform X30 [Homo sapiens]	TRUE	Tut4
XP_001012858.2	XP_047272285.1	0	N/A	26	300	52	6.1e-17	87.4	terminal uridylyltransferase 4 isoform X7 [Homo sapiens]	TRUE	Tut4
XP_001012858.2	XP_016856292.1	0	N/A	26	300	52	6.31e-17	87.4	terminal uridylyltransferase 4 isoform X9 [Homo sapiens]	TRUE	Tut4
XP_001012858.2	XP_047272288.1	0	N/A	26	300	52	6.42e-17	87.4	terminal uridylyltransferase 4 isoform X10 [Homo sapiens]	TRUE	Tut4
XP_001012858.2	XP_005270739.1	0	N/A	26	300	52	6.45e-17	87.4	terminal uridylyltransferase 4 isoform X33 [Homo sapiens]	TRUE	Tut4
XP_001012858.2	XP_005270735.1	0	N/A	26	300	52	6.45e-17	87.4	terminal uridylyltransferase 4 isoform X2 [Homo sapiens]	TRUE	Tut4
XP_001012858.2	XP_011539399.1	0	N/A	26	300	52	6.92e-17	87	terminal uridylyltransferase 4 isoform X1 [Homo sapiens]	TRUE	Tut4
XP_001012858.2	XP_005270733.1	0	N/A	26	300	52	6.92e-17	87	terminal uridylyltransferase 4 isoform X1 [Homo sapiens]	TRUE	Tut4
XP_001012858.2	XP_011539401.1	0	N/A	26	300	52	6.99e-17	87	terminal uridylyltransferase 4 isoform X29 [Homo sapiens]	TRUE	Tut4
XP_001012858.2	XP_047272280.1	0	N/A	26	300	52	7.04e-17	87	terminal uridylyltransferase 4 isoform X3 [Homo sapiens]	TRUE	Tut4
XP_001012858.2	XP_005270736.1	0	N/A	26	300	52	7.04e-17	87	terminal uridylyltransferase 4 isoform X3 [Homo sapiens]	TRUE	Tut4
XP_001012858.2	XP_047272282.1	0	N/A	26	300	52	7.16e-17	87	terminal uridylyltransferase 4 isoform X5 [Homo sapiens]	TRUE	Tut4
XP_001012858.2	NP_056084.1	0	N/A	26	300	52	7.16e-17	87	terminal uridylyltransferase 4 isoform b [Homo sapiens]	TRUE	Tut4
XP_001012858.2	XP_047272337.1	0	N/A	26	300	52	7.2e-17	87	terminal uridylyltransferase 4 isoform X27 [Homo sapiens]	TRUE	Tut4
XP_001012858.2	XP_047272281.1	0	N/A	26	300	52	7.22e-17	87	terminal uridylyltransferase 4 isoform X4 [Homo sapiens]	TRUE	Tut4
XP_001012858.2	NP_001009881.1	0	N/A	26	300	52	7.22e-17	87	terminal uridylyltransferase 4 isoform a [Homo sapiens]	TRUE	Tut4
XP_001012858.2	XP_016856293.1	0	N/A	26	300	52	7.25e-17	87	terminal uridylyltransferase 4 isoform X16 [Homo sapiens]	TRUE	Tut4
XP_001012858.2	XP_047272365.1	0	N/A	26	300	52	7.8e-17	87	terminal uridylyltransferase 4 isoform X38 [Homo sapiens]	TRUE	Tut4
XP_001012858.2	XP_047272345.1	0	N/A	26	300	52	7.83e-17	87	terminal uridylyltransferase 4 isoform X31 [Homo sapiens]	TRUE	Tut4
XP_001012858.2	XP_047272283.1	0	N/A	26	300	52	7.87e-17	87	terminal uridylyltransferase 4 isoform X6 [Homo sapiens]	TRUE	Tut4
XP_001012858.2	XP_005270737.1	0	N/A	26	300	52	7.87e-17	87	terminal uridylyltransferase 4 isoform X6 [Homo sapiens]	TRUE	Tut4
XP_001012858.2	XP_016856297.1	0	N/A	26	300	52	7.94e-17	87	terminal uridylyltransferase 4 isoform X36 [Homo sapiens]	TRUE	Tut4
XP_001012858.2	XP_016856299.1	0	N/A	26	300	52	8.15e-17	87	terminal uridylyltransferase 4 isoform X40 [Homo sapiens]	TRUE	Tut4
XP_001012858.2	XP_047272325.1	0	N/A	26	300	52	8.51e-17	87	terminal uridylyltransferase 4 isoform X23 [Homo sapiens]	TRUE	Tut4
XP_001012858.2	XP_016856295.1	0	N/A	26	300	52	8.73e-17	87	terminal uridylyltransferase 4 isoform X25 [Homo sapiens]	TRUE	Tut4
XP_001012858.2	XP_016856296.1	0	N/A	26	300	52	9.11e-17	86.7	terminal uridylyltransferase 4 isoform X28 [Homo sapiens]	TRUE	Tut4
XP_001012858.2	XP_047272384.1	0	N/A	26	300	52	3.34e-16	84.7	terminal uridylyltransferase 4 isoform X46 [Homo sapiens]	TRUE	Tut4
XP_001012858.2	NP_001375065.1	0	N/A	24.497	298	53	3.75e-14	76.6	poly(A) RNA polymerase GLD2 isoform 14 [Homo sapiens]	TRUE	TENT2
XP_001012858.2	NP_001375061.1	0	N/A	24.497	298	53	9.45e-14	75.9	poly(A) RNA polymerase GLD2 isoform 12 [Homo sapiens]	TRUE	TENT2
XP_001012858.2	XP_047272811.1	0	N/A	24.497	298	53	1.19e-13	75.9	poly(A) RNA polymerase GLD2 isoform X4 [Homo sapiens]	TRUE	TENT2
XP_001012858.2	XP_047272810.1	0	N/A	24.497	298	53	1.19e-13	75.9	poly(A) RNA polymerase GLD2 isoform X4 [Homo sapiens]	TRUE	TENT2
XP_001012858.2	XP_047272809.1	0	N/A	24.497	298	53	1.19e-13	75.9	poly(A) RNA polymerase GLD2 isoform X4 [Homo sapiens]	TRUE	TENT2
XP_001012858.2	NP_001375058.1	0	N/A	24.497	298	53	1.19e-13	75.9	poly(A) RNA polymerase GLD2 isoform 2 [Homo sapiens]	TRUE	TENT2
XP_001012858.2	NP_001375057.1	0	N/A	24.497	298	53	1.19e-13	75.9	poly(A) RNA polymerase GLD2 isoform 2 [Homo sapiens]	TRUE	TENT2
XP_001012858.2	NP_001375056.1	0	N/A	24.497	298	53	1.19e-13	75.9	poly(A) RNA polymerase GLD2 isoform 2 [Homo sapiens]	TRUE	TENT2
XP_001012858.2	NP_001375055.1	0	N/A	24.497	298	53	1.19e-13	75.9	poly(A) RNA polymerase GLD2 isoform 2 [Homo sapiens]	TRUE	TENT2
XP_001012858.2	NP_001375054.1	0	N/A	24.497	298	53	1.19e-13	75.9	poly(A) RNA polymerase GLD2 isoform 2 [Homo sapiens]	TRUE	TENT2
XP_001012858.2	NP_001375053.1	0	N/A	24.497	298	53	1.19e-13	75.9	poly(A) RNA polymerase GLD2 isoform 2 [Homo sapiens]	TRUE	TENT2
XP_001012858.2	NP_001375052.1	0	N/A	24.497	298	53	1.19e-13	75.9	poly(A) RNA polymerase GLD2 isoform 2 [Homo sapiens]	TRUE	TENT2
XP_001012858.2	NP_001375051.1	0	N/A	24.497	298	53	1.19e-13	75.9	poly(A) RNA polymerase GLD2 isoform 2 [Homo sapiens]	TRUE	TENT2
XP_001012858.2	NP_001375050.1	0	N/A	24.497	298	53	1.19e-13	75.9	poly(A) RNA polymerase GLD2 isoform 2 [Homo sapiens]	TRUE	TENT2
XP_001012858.2	NP_001375049.1	0	N/A	24.497	298	53	1.19e-13	75.9	poly(A) RNA polymerase GLD2 isoform 2 [Homo sapiens]	TRUE	TENT2
XP_001012858.2	NP_001375048.1	0	N/A	24.497	298	53	1.19e-13	75.9	poly(A) RNA polymerase GLD2 isoform 2 [Homo sapiens]	TRUE	TENT2
XP_001012858.2	NP_001375047.1	0	N/A	24.497	298	53	1.19e-13	75.9	poly(A) RNA polymerase GLD2 isoform 2 [Homo sapiens]	TRUE	TENT2
XP_001012858.2	NP_001375046.1	0	N/A	24.497	298	53	1.19e-13	75.9	poly(A) RNA polymerase GLD2 isoform 2 [Homo sapiens]	TRUE	TENT2
XP_001012858.2	NP_001375045.1	0	N/A	24.497	298	53	1.19e-13	75.9	poly(A) RNA polymerase GLD2 isoform 2 [Homo sapiens]	TRUE	TENT2
XP_001012858.2	NP_001375044.1	0	N/A	24.497	298	53	1.19e-13	75.9	poly(A) RNA polymerase GLD2 isoform 2 [Homo sapiens]	TRUE	TENT2
XP_001012858.2	NP_001375043.1	0	N/A	24.497	298	53	1.19e-13	75.9	poly(A) RNA polymerase GLD2 isoform 2 [Homo sapiens]	TRUE	TENT2
XP_001012858.2	NP_001336483.1	0	N/A	24.497	298	53	1.19e-13	75.9	poly(A) RNA polymerase GLD2 isoform 2 [Homo sapiens]	TRUE	TENT2
XP_001012858.2	NP_001284673.1	0	N/A	24.497	298	53	1.19e-13	75.9	poly(A) RNA polymerase GLD2 isoform 2 [Homo sapiens]	TRUE	TENT2
XP_001012858.2	NP_001375059.1	0	N/A	24.497	298	53	1.33e-13	75.9	poly(A) RNA polymerase GLD2 isoform 10 [Homo sapiens]	TRUE	TENT2
XP_001012858.2	NP_001375030.1	0	N/A	24.497	298	53	1.77e-13	75.5	poly(A) RNA polymerase GLD2 isoform 9 [Homo sapiens]	TRUE	TENT2
XP_001012858.2	NP_001375060.1	0	N/A	24.172	302	53	2.44e-13	74.7	poly(A) RNA polymerase GLD2 isoform 11 [Homo sapiens]	TRUE	TENT2
XP_001012858.2	NP_001375042.1	0	N/A	24.172	302	53	3.18e-13	74.7	poly(A) RNA polymerase GLD2 isoform 16 [Homo sapiens]	TRUE	TENT2
XP_001012858.2	XP_047272808.1	0	N/A	24.172	302	53	3.19e-13	74.7	poly(A) RNA polymerase GLD2 isoform X3 [Homo sapiens]	TRUE	TENT2
XP_001012858.2	XP_047272807.1	0	N/A	24.172	302	53	3.19e-13	74.7	poly(A) RNA polymerase GLD2 isoform X3 [Homo sapiens]	TRUE	TENT2
XP_001012858.2	XP_047272806.1	0	N/A	24.172	302	53	3.19e-13	74.7	poly(A) RNA polymerase GLD2 isoform X3 [Homo sapiens]	TRUE	TENT2
XP_001012858.2	NP_776158.2	0	N/A	24.172	302	53	3.19e-13	74.7	poly(A) RNA polymerase GLD2 isoform 1 [Homo sapiens]	TRUE	TENT2
XP_001012858.2	NP_001375041.1	0	N/A	24.172	302	53	3.19e-13	74.7	poly(A) RNA polymerase GLD2 isoform 1 [Homo sapiens]	TRUE	TENT2
XP_001012858.2	NP_001375040.1	0	N/A	24.172	302	53	3.19e-13	74.7	poly(A) RNA polymerase GLD2 isoform 1 [Homo sapiens]	TRUE	TENT2
XP_001012858.2	NP_001375039.1	0	N/A	24.172	302	53	3.19e-13	74.7	poly(A) RNA polymerase GLD2 isoform 1 [Homo sapiens]	TRUE	TENT2
XP_001012858.2	NP_001375038.1	0	N/A	24.172	302	53	3.19e-13	74.7	poly(A) RNA polymerase GLD2 isoform 1 [Homo sapiens]	TRUE	TENT2
XP_001012858.2	NP_001375037.1	0	N/A	24.172	302	53	3.19e-13	74.7	poly(A) RNA polymerase GLD2 isoform 1 [Homo sapiens]	TRUE	TENT2
XP_001012858.2	NP_001375036.1	0	N/A	24.172	302	53	3.19e-13	74.7	poly(A) RNA polymerase GLD2 isoform 1 [Homo sapiens]	TRUE	TENT2
XP_001012858.2	NP_001375035.1	0	N/A	24.172	302	53	3.19e-13	74.7	poly(A) RNA polymerase GLD2 isoform 1 [Homo sapiens]	TRUE	TENT2
XP_001012858.2	NP_001375034.1	0	N/A	24.172	302	53	3.19e-13	74.7	poly(A) RNA polymerase GLD2 isoform 1 [Homo sapiens]	TRUE	TENT2
XP_001012858.2	NP_001375032.1	0	N/A	24.172	302	53	3.19e-13	74.7	poly(A) RNA polymerase GLD2 isoform 1 [Homo sapiens]	TRUE	TENT2
XP_001012858.2	NP_001375031.1	0	N/A	24.172	302	53	3.19e-13	74.7	poly(A) RNA polymerase GLD2 isoform 1 [Homo sapiens]	TRUE	TENT2
XP_001012858.2	NP_001336482.1	0	N/A	24.172	302	53	3.19e-13	74.7	poly(A) RNA polymerase GLD2 isoform 1 [Homo sapiens]	TRUE	TENT2
XP_001012858.2	NP_001336481.1	0	N/A	24.172	302	53	3.19e-13	74.7	poly(A) RNA polymerase GLD2 isoform 1 [Homo sapiens]	TRUE	TENT2
XP_001012858.2	NP_001107866.1	0	N/A	24.172	302	53	3.19e-13	74.7	poly(A) RNA polymerase GLD2 isoform 1 [Homo sapiens]	TRUE	TENT2
XP_001012858.2	NP_001107865.1	0	N/A	24.172	302	53	3.19e-13	74.7	poly(A) RNA polymerase GLD2 isoform 1 [Homo sapiens]	TRUE	TENT2
XP_001012858.2	NP_001375029.1	0	N/A	24.172	302	53	4.32e-13	74.3	poly(A) RNA polymerase GLD2 isoform 8 [Homo sapiens]	TRUE	TENT2
XP_001012858.2	NP_001375028.1	0	N/A	24.172	302	53	4.32e-13	74.3	poly(A) RNA polymerase GLD2 isoform 8 [Homo sapiens]	TRUE	TENT2
XP_001012858.2	XP_005252265.1	0	N/A	24.49	294	52	5.78e-12	71.2	terminal uridylyltransferase 7 isoform X7 [Homo sapiens]	TRUE	Tut7
XP_001012858.2	XP_016870620.1	0	N/A	24.221	289	52	5.94e-12	71.2	terminal uridylyltransferase 7 isoform X4 [Homo sapiens]	TRUE	Tut7
XP_001012858.2	XP_016870619.1	0	N/A	24.221	289	52	5.94e-12	71.2	terminal uridylyltransferase 7 isoform X4 [Homo sapiens]	TRUE	Tut7
XP_001012858.2	NP_078893.2	0	N/A	24.221	289	52	5.94e-12	71.2	terminal uridylyltransferase 7 isoform 1 [Homo sapiens]	TRUE	Tut7
XP_001012858.2	NP_001171988.1	0	N/A	24.221	289	52	5.94e-12	71.2	terminal uridylyltransferase 7 isoform 1 [Homo sapiens]	TRUE	Tut7
XP_001012858.2	XP_011517318.1	0	N/A	24.221	289	52	5.99e-12	71.2	terminal uridylyltransferase 7 isoform X5 [Homo sapiens]	TRUE	Tut7
XP_001012858.2	XP_047272818.1	0	N/A	28.758	153	26	6.04e-12	69.7	poly(A) RNA polymerase GLD2 isoform X10 [Homo sapiens]	TRUE	TENT2
XP_001012858.2	XP_047279825.1	0	N/A	24.221	289	52	6.13e-12	71.2	terminal uridylyltransferase 7 isoform X6 [Homo sapiens]	TRUE	Tut7
XP_001012858.2	XP_047279824.1	0	N/A	24.221	289	52	6.13e-12	71.2	terminal uridylyltransferase 7 isoform X6 [Homo sapiens]	TRUE	Tut7
XP_001012858.2	XP_005252264.1	0	N/A	24.221	289	52	6.13e-12	71.2	terminal uridylyltransferase 7 isoform X6 [Homo sapiens]	TRUE	Tut7
XP_001012858.2	NP_001317647.1	0	N/A	24.221	289	52	6.24e-12	70.9	terminal uridylyltransferase 7 isoform 3 [Homo sapiens]	TRUE	Tut7
XP_001012858.2	XP_011517317.1	0	N/A	24.221	289	52	7.16e-12	71.2	terminal uridylyltransferase 7 isoform X3 [Homo sapiens]	TRUE	Tut7
XP_001012858.2	XP_047279823.1	0	N/A	24.221	289	52	7.61e-12	71.2	terminal uridylyltransferase 7 isoform X2 [Homo sapiens]	TRUE	Tut7
XP_001012858.2	XP_006717346.1	0	N/A	24.221	289	52	7.61e-12	71.2	terminal uridylyltransferase 7 isoform X2 [Homo sapiens]	TRUE	Tut7
XP_001012858.2	XP_011517316.1	0	N/A	24.221	289	52	8.03e-12	70.9	terminal uridylyltransferase 7 isoform X1 [Homo sapiens]	TRUE	Tut7
XP_001012858.2	XP_011517315.1	0	N/A	24.221	289	52	8.03e-12	70.9	terminal uridylyltransferase 7 isoform X1 [Homo sapiens]	TRUE	Tut7
XP_001012858.2	XP_011517314.1	0	N/A	24.221	289	52	8.03e-12	70.9	terminal uridylyltransferase 7 isoform X1 [Homo sapiens]	TRUE	Tut7
XP_001012858.2	XP_011517313.1	0	N/A	24.221	289	52	8.03e-12	70.9	terminal uridylyltransferase 7 isoform X1 [Homo sapiens]	TRUE	Tut7
XP_001012858.2	XP_047272805.1	0	N/A	22.884	319	53	2.43e-11	68.6	poly(A) RNA polymerase GLD2 isoform X2 [Homo sapiens]	TRUE	TENT2
XP_001017236.3	XP_047290433.1	0	N/A	31.046	306	26	1.83e-26	117	terminal nucleotidyltransferase 4B isoform X6 [Homo sapiens]	TRUE	TENT4B
XP_001017236.3	XP_011521580.1	0	N/A	31.046	306	26	1.89e-26	117	terminal nucleotidyltransferase 4B isoform X5 [Homo sapiens]	TRUE	TENT4B
XP_001017236.3	NP_001035374.2	0	N/A	29.508	305	25	1.28e-25	116	terminal nucleotidyltransferase 4B isoform a [Homo sapiens]	TRUE	TENT4B
XP_001017236.3	XP_011521577.1	0	N/A	29.508	305	25	1.28e-25	116	terminal nucleotidyltransferase 4B isoform X1 [Homo sapiens]	TRUE	TENT4B
XP_001017236.3	NP_001352253.1	0	N/A	29.508	305	25	1.57e-25	116	terminal nucleotidyltransferase 4B isoform d [Homo sapiens]	TRUE	TENT4B
XP_001017236.3	XP_047290432.1	0	N/A	29.508	305	25	1.58e-25	115	terminal nucleotidyltransferase 4B isoform X4 [Homo sapiens]	TRUE	TENT4B
XP_001017236.3	NP_001352252.1	0	N/A	29.508	305	25	1.6e-25	116	terminal nucleotidyltransferase 4B isoform c [Homo sapiens]	TRUE	TENT4B
XP_001017236.3	NP_001035375.2	0	N/A	29.508	305	25	1.61e-25	115	terminal nucleotidyltransferase 4B isoform b [Homo sapiens]	TRUE	TENT4B
XP_001017236.3	XP_011521578.1	0	N/A	29.508	305	25	1.61e-25	115	terminal nucleotidyltransferase 4B isoform X2 [Homo sapiens]	TRUE	TENT4B
XP_001017236.3	XP_047290431.1	0	N/A	29.508	305	25	1.81e-25	115	terminal nucleotidyltransferase 4B isoform X3 [Homo sapiens]	TRUE	TENT4B
XP_001017236.3	XP_047272622.1	0	N/A	28.058	278	23	3.54e-22	104	terminal nucleotidyltransferase 4A isoform X1 [Homo sapiens]	TRUE	TENT4A
XP_001017236.3	XP_047272621.1	0	N/A	28.058	278	23	3.54e-22	104	terminal nucleotidyltransferase 4A isoform X1 [Homo sapiens]	TRUE	TENT4A
XP_001017236.3	XP_047272620.1	0	N/A	28.058	278	23	3.54e-22	104	terminal nucleotidyltransferase 4A isoform X1 [Homo sapiens]	TRUE	TENT4A
XP_001017236.3	XP_047272623.1	0	N/A	28.058	278	23	3.88e-22	104	terminal nucleotidyltransferase 4A isoform X2 [Homo sapiens]	TRUE	TENT4A
XP_001017236.3	XP_016864477.1	0	N/A	28.058	278	23	3.88e-22	104	terminal nucleotidyltransferase 4A isoform X2 [Homo sapiens]	TRUE	TENT4A
XP_001017236.3	XP_047272624.1	0	N/A	28.058	278	23	4.61e-22	104	terminal nucleotidyltransferase 4A isoform X3 [Homo sapiens]	TRUE	TENT4A
XP_001017236.3	NP_001165276.2	0	N/A	28.479	309	26	4.73e-22	105	terminal nucleotidyltransferase 4A isoform 2 [Homo sapiens]	TRUE	TENT4A
XP_001017236.3	NP_008930.2	0	N/A	28.479	309	26	4.73e-22	105	terminal nucleotidyltransferase 4A isoform 1 [Homo sapiens]	TRUE	TENT4A
XP_001017236.3	NP_001317647.1	0	N/A	28.221	163	14	5.18e-11	69.7	terminal uridylyltransferase 7 isoform 3 [Homo sapiens]	TRUE	Tut7
XP_001017236.3	XP_047279823.1	0	N/A	28.221	163	14	8.21e-11	69.3	terminal uridylyltransferase 7 isoform X2 [Homo sapiens]	TRUE	Tut7
XP_001017236.3	XP_006717346.1	0	N/A	28.221	163	14	8.21e-11	69.3	terminal uridylyltransferase 7 isoform X2 [Homo sapiens]	TRUE	Tut7
XP_001017236.3	XP_011517318.1	0	N/A	28.221	163	14	8.36e-11	69.3	terminal uridylyltransferase 7 isoform X5 [Homo sapiens]	TRUE	Tut7
XP_001017236.3	XP_016870620.1	0	N/A	28.221	163	14	8.51e-11	69.3	terminal uridylyltransferase 7 isoform X4 [Homo sapiens]	TRUE	Tut7
XP_001017236.3	XP_016870619.1	0	N/A	28.221	163	14	8.51e-11	69.3	terminal uridylyltransferase 7 isoform X4 [Homo sapiens]	TRUE	Tut7
XP_001017236.3	NP_078893.2	0	N/A	28.221	163	14	8.51e-11	69.3	terminal uridylyltransferase 7 isoform 1 [Homo sapiens]	TRUE	Tut7
XP_001017236.3	NP_001171988.1	0	N/A	28.221	163	14	8.51e-11	69.3	terminal uridylyltransferase 7 isoform 1 [Homo sapiens]	TRUE	Tut7
XP_001017236.3	XP_011517317.1	0	N/A	28.221	163	14	8.78e-11	69.3	terminal uridylyltransferase 7 isoform X3 [Homo sapiens]	TRUE	Tut7
XP_001017236.3	XP_047279825.1	0	N/A	28.221	163	14	9.31e-11	69.3	terminal uridylyltransferase 7 isoform X6 [Homo sapiens]	TRUE	Tut7
XP_001017236.3	XP_047279824.1	0	N/A	28.221	163	14	9.31e-11	69.3	terminal uridylyltransferase 7 isoform X6 [Homo sapiens]	TRUE	Tut7
XP_001017236.3	XP_005252264.1	0	N/A	28.221	163	14	9.31e-11	69.3	terminal uridylyltransferase 7 isoform X6 [Homo sapiens]	TRUE	Tut7
XP_001017236.3	XP_011517316.1	0	N/A	28.221	163	14	1.09e-10	68.9	terminal uridylyltransferase 7 isoform X1 [Homo sapiens]	TRUE	Tut7
XP_001017236.3	XP_011517315.1	0	N/A	28.221	163	14	1.09e-10	68.9	terminal uridylyltransferase 7 isoform X1 [Homo sapiens]	TRUE	Tut7
XP_001017236.3	XP_011517314.1	0	N/A	28.221	163	14	1.09e-10	68.9	terminal uridylyltransferase 7 isoform X1 [Homo sapiens]	TRUE	Tut7
XP_001017236.3	XP_011517313.1	0	N/A	28.221	163	14	1.09e-10	68.9	terminal uridylyltransferase 7 isoform X1 [Homo sapiens]	TRUE	Tut7
XP_001017236.3	XP_005252265.1	0	N/A	28.221	163	14	1.27e-10	68.9	terminal uridylyltransferase 7 isoform X7 [Homo sapiens]	TRUE	Tut7
XP_001017236.3	NP_066956.1	0	N/A	37.815	119	11	8.45e-10	65.9	2-5A-dependent ribonuclease [Homo sapiens]	FALSE	NA
XP_001017236.3	XP_047283052.1	0	N/A	37.815	119	11	1.02e-09	65.5	2-5A-dependent ribonuclease isoform X1 [Homo sapiens]	FALSE	NA
XP_001017236.3	XP_047283062.1	0	N/A	37.815	119	11	1.03e-09	65.5	2-5A-dependent ribonuclease isoform X2 [Homo sapiens]	FALSE	NA
XP_001017236.3	XP_047286352.1	0	N/A	31.492	181	16	3.79e-09	63.5	M-phase phosphoprotein 8 isoform X2 [Homo sapiens]	FALSE	NA
XP_001017236.3	XP_047286351.1	0	N/A	31.492	181	16	3.84e-09	63.5	M-phase phosphoprotein 8 isoform X1 [Homo sapiens]	FALSE	NA
XP_001017236.3	NP_059990.2	0	N/A	31.492	181	16	4.59e-09	63.5	M-phase phosphoprotein 8 [Homo sapiens]	FALSE	NA
XP_001017236.3	XP_016873430.1	0	N/A	32.298	161	14	1.55e-08	59.3	ankyrin repeat domain-containing protein 49 isoform X1 [Homo sapiens]	FALSE	NA
XP_001017236.3	NP_060174.2	0	N/A	32.298	161	14	1.55e-08	59.3	ankyrin repeat domain-containing protein 49 [Homo sapiens]	FALSE	NA
XP_001017236.3	NP_001264262.1	0	N/A	32.051	156	14	1.56e-08	61.6	ankyrin repeat domain-containing protein 62 [Homo sapiens]	FALSE	NA
XP_001017236.3	NP_006700.3	0	N/A	31.013	158	14	1.7e-08	61.6	histone-lysine N-methyltransferase EHMT2 isoform a [Homo sapiens]	FALSE	NA
XP_001017236.3	NP_001382091.1	0	N/A	31.013	158	14	1.8e-08	61.6	histone-lysine N-methyltransferase EHMT2 isoform h [Homo sapiens]	FALSE	NA
XP_001017236.3	NP_079532.5	0	N/A	31.013	158	14	1.98e-08	61.6	histone-lysine N-methyltransferase EHMT2 isoform b [Homo sapiens]	FALSE	NA
XP_001017236.3	NP_001350618.1	0	N/A	31.013	158	14	2.09e-08	61.6	histone-lysine N-methyltransferase EHMT2 isoform e [Homo sapiens]	FALSE	NA
XP_001017236.3	NP_001276342.1	0	N/A	31.013	158	14	2.2e-08	61.2	histone-lysine N-methyltransferase EHMT2 isoform c [Homo sapiens]	FALSE	NA
XP_001017236.3	NP_001382094.1	0	N/A	31.013	158	14	2.21e-08	61.2	histone-lysine N-methyltransferase EHMT2 isoform k [Homo sapiens]	FALSE	NA
XP_001017236.3	XP_047279846.1	0	N/A	29.412	153	14	4.37e-08	59.7	histone-lysine N-methyltransferase EHMT1 isoform X26 [Homo sapiens]	FALSE	NA
XP_001017236.3	XP_011517333.1	0	N/A	29.412	153	14	4.37e-08	59.7	histone-lysine N-methyltransferase EHMT1 isoform X26 [Homo sapiens]	FALSE	NA
XP_001017236.3	XP_011517331.1	0	N/A	29.412	153	14	5.98e-08	59.7	histone-lysine N-methyltransferase EHMT1 isoform X24 [Homo sapiens]	FALSE	NA
XP_001017236.3	NP_001335660.1	0	N/A	33.121	157	14	6e-08	60.1	kinase D-interacting substrate of 220 kDa isoform 3 [Homo sapiens]	FALSE	NA
XP_001017236.3	XP_024303445.1	0	N/A	29.412	153	14	6.01e-08	59.7	histone-lysine N-methyltransferase EHMT1 isoform X18 [Homo sapiens]	FALSE	NA
XP_001017236.3	NP_001335658.1	0	N/A	33.121	157	14	6.38e-08	60.1	kinase D-interacting substrate of 220 kDa isoform 2 [Homo sapiens]	FALSE	NA
XP_001017236.3	NP_001305762.1	0	N/A	29.268	164	14	6.66e-08	59.7	histone-lysine N-methyltransferase EHMT2 isoform d [Homo sapiens]	FALSE	NA
XP_001017236.3	XP_047279840.1	0	N/A	29.412	153	14	6.66e-08	59.7	histone-lysine N-methyltransferase EHMT1 isoform X16 [Homo sapiens]	FALSE	NA
XP_001017236.3	NP_001335663.1	0	N/A	33.121	157	14	6.73e-08	60.1	kinase D-interacting substrate of 220 kDa isoform 5 [Homo sapiens]	FALSE	NA
XP_001017236.3	XP_011517325.1	0	N/A	29.412	153	14	7e-08	59.7	histone-lysine N-methyltransferase EHMT1 isoform X4 [Homo sapiens]	FALSE	NA
XP_001017236.3	XP_047279832.1	0	N/A	29.412	153	14	7.02e-08	59.7	histone-lysine N-methyltransferase EHMT1 isoform X9 [Homo sapiens]	FALSE	NA
XP_001017236.3	XP_047279835.1	0	N/A	29.412	153	14	7.07e-08	59.7	histone-lysine N-methyltransferase EHMT1 isoform X11 [Homo sapiens]	FALSE	NA
XP_001017236.3	XP_016870627.1	0	N/A	29.412	153	14	7.07e-08	59.7	histone-lysine N-methyltransferase EHMT1 isoform X11 [Homo sapiens]	FALSE	NA
XP_001017236.3	XP_047279838.1	0	N/A	29.412	153	14	7.22e-08	59.7	histone-lysine N-methyltransferase EHMT1 isoform X14 [Homo sapiens]	FALSE	NA
XP_001017236.3	XP_011517323.1	0	N/A	29.412	153	14	7.25e-08	59.7	histone-lysine N-methyltransferase EHMT1 isoform X1 [Homo sapiens]	FALSE	NA
XP_001017236.3	NP_001382089.1	0	N/A	29.268	164	14	7.32e-08	59.7	histone-lysine N-methyltransferase EHMT2 isoform f [Homo sapiens]	FALSE	NA
XP_001017236.3	XP_047279841.1	0	N/A	29.412	153	14	7.33e-08	59.7	histone-lysine N-methyltransferase EHMT1 isoform X17 [Homo sapiens]	FALSE	NA
XP_001017236.3	NP_001341192.1	0	N/A	29.412	153	14	7.42e-08	59.7	histone-lysine N-methyltransferase EHMT1 isoform 4 [Homo sapiens]	FALSE	NA
XP_001017236.3	XP_011517332.1	0	N/A	29.412	153	14	7.54e-08	59.3	histone-lysine N-methyltransferase EHMT1 isoform X25 [Homo sapiens]	FALSE	NA
XP_001017236.3	XP_047279828.1	0	N/A	29.412	153	14	7.68e-08	59.7	histone-lysine N-methyltransferase EHMT1 isoform X3 [Homo sapiens]	FALSE	NA
XP_001017236.3	NP_079033.4	0	N/A	29.412	153	14	7.68e-08	59.7	histone-lysine N-methyltransferase EHMT1 isoform 1 [Homo sapiens]	FALSE	NA
XP_001017236.3	XP_047279836.1	0	N/A	29.412	153	14	7.69e-08	59.7	histone-lysine N-methyltransferase EHMT1 isoform X12 [Homo sapiens]	FALSE	NA
XP_001017236.3	XP_047279829.1	0	N/A	29.412	153	14	7.74e-08	59.7	histone-lysine N-methyltransferase EHMT1 isoform X6 [Homo sapiens]	FALSE	NA
XP_001017236.3	XP_047279839.1	0	N/A	29.412	153	14	7.77e-08	59.7	histone-lysine N-methyltransferase EHMT1 isoform X15 [Homo sapiens]	FALSE	NA
XP_001017236.3	XP_047279830.1	0	N/A	29.412	153	14	7.92e-08	59.7	histone-lysine N-methyltransferase EHMT1 isoform X7 [Homo sapiens]	FALSE	NA
XP_001017236.3	XP_047279834.1	0	N/A	29.412	153	14	7.97e-08	59.7	histone-lysine N-methyltransferase EHMT1 isoform X10 [Homo sapiens]	FALSE	NA
XP_001017236.3	XP_047279833.1	0	N/A	29.412	153	14	7.97e-08	59.7	histone-lysine N-methyltransferase EHMT1 isoform X10 [Homo sapiens]	FALSE	NA
XP_001017236.3	XP_005266167.1	0	N/A	29.412	153	14	7.97e-08	59.7	histone-lysine N-methyltransferase EHMT1 isoform X10 [Homo sapiens]	FALSE	NA
XP_001017236.3	XP_047279831.1	0	N/A	29.412	153	14	7.98e-08	59.7	histone-lysine N-methyltransferase EHMT1 isoform X8 [Homo sapiens]	FALSE	NA
XP_001017236.3	XP_016870623.1	0	N/A	29.412	153	14	8.08e-08	59.7	histone-lysine N-methyltransferase EHMT1 isoform X5 [Homo sapiens]	FALSE	NA
XP_001017236.3	NP_001382092.1	0	N/A	29.268	164	14	8.61e-08	59.3	histone-lysine N-methyltransferase EHMT2 isoform i [Homo sapiens]	FALSE	NA
XP_001017236.3	XP_011517324.1	0	N/A	29.412	153	14	9.03e-08	59.3	histone-lysine N-methyltransferase EHMT1 isoform X2 [Homo sapiens]	FALSE	NA
XP_001017236.3	XP_047279837.1	0	N/A	29.412	153	14	9.08e-08	59.3	histone-lysine N-methyltransferase EHMT1 isoform X13 [Homo sapiens]	FALSE	NA
XP_001017236.3	XP_054186735.1	0	N/A	29.268	164	14	1.02e-07	59.3	histone-lysine N-methyltransferase EHMT2 isoform X2 [Homo sapiens]	FALSE	NA
XP_001017236.3	XP_054184419.1	0	N/A	29.268	164	14	1.02e-07	59.3	histone-lysine N-methyltransferase EHMT2 isoform X2 [Homo sapiens]	FALSE	NA
XP_001017236.3	XP_054186969.1	0	N/A	29.268	164	14	1.05e-07	59.3	histone-lysine N-methyltransferase EHMT2 isoform X2 [Homo sapiens]	FALSE	NA
XP_001017236.3	XP_054186197.1	0	N/A	29.268	164	14	1.05e-07	59.3	histone-lysine N-methyltransferase EHMT2 isoform X2 [Homo sapiens]	FALSE	NA
XP_001017236.3	XP_054185700.1	0	N/A	29.268	164	14	1.05e-07	59.3	histone-lysine N-methyltransferase EHMT2 isoform X2 [Homo sapiens]	FALSE	NA
XP_001017236.3	XP_006715038.2	0	N/A	29.268	164	14	1.05e-07	59.3	histone-lysine N-methyltransferase EHMT2 isoform X2 [Homo sapiens]	FALSE	NA
XP_001017236.3	NP_001335669.1	0	N/A	33.121	157	14	1.08e-07	59.3	kinase D-interacting substrate of 220 kDa isoform 9 [Homo sapiens]	FALSE	NA
XP_001017236.3	NP_001335668.1	0	N/A	33.121	157	14	1.08e-07	59.3	kinase D-interacting substrate of 220 kDa isoform 9 [Homo sapiens]	FALSE	NA
XP_001017236.3	XP_054186734.1	0	N/A	29.268	164	14	1.09e-07	59.3	histone-lysine N-methyltransferase EHMT2 isoform X1 [Homo sapiens]	FALSE	NA
XP_001017236.3	XP_054184418.1	0	N/A	29.268	164	14	1.09e-07	59.3	histone-lysine N-methyltransferase EHMT2 isoform X1 [Homo sapiens]	FALSE	NA
XP_001017236.3	XP_054186968.1	0	N/A	29.268	164	14	1.14e-07	58.9	histone-lysine N-methyltransferase EHMT2 isoform X1 [Homo sapiens]	FALSE	NA
XP_001017236.3	XP_054186196.1	0	N/A	29.268	164	14	1.14e-07	58.9	histone-lysine N-methyltransferase EHMT2 isoform X1 [Homo sapiens]	FALSE	NA
XP_001017236.3	XP_054185699.1	0	N/A	29.268	164	14	1.14e-07	58.9	histone-lysine N-methyltransferase EHMT2 isoform X1 [Homo sapiens]	FALSE	NA
XP_001017236.3	XP_006715037.2	0	N/A	29.268	164	14	1.14e-07	58.9	histone-lysine N-methyltransferase EHMT2 isoform X1 [Homo sapiens]	FALSE	NA
XP_001017236.3	NP_001335665.1	0	N/A	32.484	157	14	1.25e-07	58.9	kinase D-interacting substrate of 220 kDa isoform 7 [Homo sapiens]	FALSE	NA
XP_001017236.3	NP_001335661.1	0	N/A	32.484	157	14	1.26e-07	58.9	kinase D-interacting substrate of 220 kDa isoform 4 [Homo sapiens]	FALSE	NA
XP_001017236.3	NP_065789.1	0	N/A	32.484	157	14	1.4e-07	58.9	kinase D-interacting substrate of 220 kDa isoform 1 [Homo sapiens]	FALSE	NA
XP_001027646.3	XP_047290433.1	0	N/A	34.764	233	45	7.67e-35	138	terminal nucleotidyltransferase 4B isoform X6 [Homo sapiens]	TRUE	TENT4B
XP_001027646.3	XP_011521580.1	0	N/A	34.764	233	45	1.3e-34	138	terminal nucleotidyltransferase 4B isoform X5 [Homo sapiens]	TRUE	TENT4B
XP_001027646.3	NP_001035375.2	0	N/A	34.177	237	46	3.04e-34	138	terminal nucleotidyltransferase 4B isoform b [Homo sapiens]	TRUE	TENT4B
XP_001027646.3	XP_011521578.1	0	N/A	34.177	237	46	3.06e-34	138	terminal nucleotidyltransferase 4B isoform X2 [Homo sapiens]	TRUE	TENT4B
XP_001027646.3	XP_047290431.1	0	N/A	34.322	236	46	3.12e-34	139	terminal nucleotidyltransferase 4B isoform X3 [Homo sapiens]	TRUE	TENT4B
XP_001027646.3	XP_047290432.1	0	N/A	34.177	237	46	3.34e-34	138	terminal nucleotidyltransferase 4B isoform X4 [Homo sapiens]	TRUE	TENT4B
XP_001027646.3	NP_001035374.2	0	N/A	34.322	236	46	4.08e-34	138	terminal nucleotidyltransferase 4B isoform a [Homo sapiens]	TRUE	TENT4B
XP_001027646.3	NP_001352253.1	0	N/A	34.322	236	46	4.09e-34	138	terminal nucleotidyltransferase 4B isoform d [Homo sapiens]	TRUE	TENT4B
XP_001027646.3	XP_011521577.1	0	N/A	34.322	236	46	4.09e-34	138	terminal nucleotidyltransferase 4B isoform X1 [Homo sapiens]	TRUE	TENT4B
XP_001027646.3	NP_001352252.1	0	N/A	34.322	236	46	5.15e-34	138	terminal nucleotidyltransferase 4B isoform c [Homo sapiens]	TRUE	TENT4B
XP_001027646.3	NP_001165276.2	0	N/A	35.341	249	49	7.51e-33	135	terminal nucleotidyltransferase 4A isoform 2 [Homo sapiens]	TRUE	TENT4A
XP_001027646.3	NP_008930.2	0	N/A	35.341	249	49	7.88e-33	135	terminal nucleotidyltransferase 4A isoform 1 [Homo sapiens]	TRUE	TENT4A
XP_001027646.3	XP_047272622.1	0	N/A	35.294	221	43	4.3e-29	122	terminal nucleotidyltransferase 4A isoform X1 [Homo sapiens]	TRUE	TENT4A
XP_001027646.3	XP_047272621.1	0	N/A	35.294	221	43	4.3e-29	122	terminal nucleotidyltransferase 4A isoform X1 [Homo sapiens]	TRUE	TENT4A
XP_001027646.3	XP_047272620.1	0	N/A	35.294	221	43	4.3e-29	122	terminal nucleotidyltransferase 4A isoform X1 [Homo sapiens]	TRUE	TENT4A
XP_001027646.3	XP_047272623.1	0	N/A	35.377	212	41	6.47e-27	116	terminal nucleotidyltransferase 4A isoform X2 [Homo sapiens]	TRUE	TENT4A
XP_001027646.3	XP_016864477.1	0	N/A	35.377	212	41	6.47e-27	116	terminal nucleotidyltransferase 4A isoform X2 [Homo sapiens]	TRUE	TENT4A
XP_001027646.3	XP_047272624.1	0	N/A	35.377	212	41	6.79e-27	116	terminal nucleotidyltransferase 4A isoform X3 [Homo sapiens]	TRUE	TENT4A
XP_001027646.3	XP_047279825.1	0	N/A	23.977	171	34	3.3e-07	55.8	terminal uridylyltransferase 7 isoform X6 [Homo sapiens]	TRUE	Tut7
XP_001027646.3	XP_047279824.1	0	N/A	23.977	171	34	3.3e-07	55.8	terminal uridylyltransferase 7 isoform X6 [Homo sapiens]	TRUE	Tut7
XP_001027646.3	XP_005252264.1	0	N/A	23.977	171	34	3.3e-07	55.8	terminal uridylyltransferase 7 isoform X6 [Homo sapiens]	TRUE	Tut7
XP_001027646.3	XP_005252265.1	0	N/A	23.977	171	34	3.37e-07	55.8	terminal uridylyltransferase 7 isoform X7 [Homo sapiens]	TRUE	Tut7
XP_001027646.3	XP_047279823.1	0	N/A	23.977	171	34	3.46e-07	55.8	terminal uridylyltransferase 7 isoform X2 [Homo sapiens]	TRUE	Tut7
XP_001027646.3	XP_006717346.1	0	N/A	23.977	171	34	3.46e-07	55.8	terminal uridylyltransferase 7 isoform X2 [Homo sapiens]	TRUE	Tut7
XP_001027646.3	XP_011517318.1	0	N/A	23.977	171	34	3.72e-07	55.8	terminal uridylyltransferase 7 isoform X5 [Homo sapiens]	TRUE	Tut7
XP_001027646.3	XP_016870620.1	0	N/A	23.977	171	34	3.76e-07	55.8	terminal uridylyltransferase 7 isoform X4 [Homo sapiens]	TRUE	Tut7
XP_001027646.3	XP_016870619.1	0	N/A	23.977	171	34	3.76e-07	55.8	terminal uridylyltransferase 7 isoform X4 [Homo sapiens]	TRUE	Tut7
XP_001027646.3	NP_078893.2	0	N/A	23.977	171	34	3.76e-07	55.8	terminal uridylyltransferase 7 isoform 1 [Homo sapiens]	TRUE	Tut7
XP_001027646.3	NP_001171988.1	0	N/A	23.977	171	34	3.76e-07	55.8	terminal uridylyltransferase 7 isoform 1 [Homo sapiens]	TRUE	Tut7
XP_001027646.3	NP_001317647.1	0	N/A	23.977	171	34	3.85e-07	55.5	terminal uridylyltransferase 7 isoform 3 [Homo sapiens]	TRUE	Tut7
XP_001027646.3	XP_011517316.1	0	N/A	23.977	171	34	4.15e-07	55.5	terminal uridylyltransferase 7 isoform X1 [Homo sapiens]	TRUE	Tut7
XP_001027646.3	XP_011517315.1	0	N/A	23.977	171	34	4.15e-07	55.5	terminal uridylyltransferase 7 isoform X1 [Homo sapiens]	TRUE	Tut7
XP_001027646.3	XP_011517314.1	0	N/A	23.977	171	34	4.15e-07	55.5	terminal uridylyltransferase 7 isoform X1 [Homo sapiens]	TRUE	Tut7
XP_001027646.3	XP_011517313.1	0	N/A	23.977	171	34	4.15e-07	55.5	terminal uridylyltransferase 7 isoform X1 [Homo sapiens]	TRUE	Tut7
XP_001027646.3	XP_011517317.1	0	N/A	23.977	171	34	4.29e-07	55.5	terminal uridylyltransferase 7 isoform X3 [Homo sapiens]	TRUE	Tut7
XP_001027646.3	XP_016856292.1	0	N/A	25.342	146	27	2.52e-05	49.7	terminal uridylyltransferase 4 isoform X9 [Homo sapiens]	TRUE	Tut4
XP_001027646.3	XP_047272345.1	0	N/A	25.342	146	27	2.59e-05	49.7	terminal uridylyltransferase 4 isoform X31 [Homo sapiens]	TRUE	Tut4
XP_001027646.3	XP_005270739.1	0	N/A	25.342	146	27	2.63e-05	49.7	terminal uridylyltransferase 4 isoform X33 [Homo sapiens]	TRUE	Tut4
XP_001027646.3	XP_047272280.1	0	N/A	25.342	146	27	2.7e-05	49.7	terminal uridylyltransferase 4 isoform X3 [Homo sapiens]	TRUE	Tut4
XP_001027646.3	XP_005270736.1	0	N/A	25.342	146	27	2.7e-05	49.7	terminal uridylyltransferase 4 isoform X3 [Homo sapiens]	TRUE	Tut4
XP_001027646.3	XP_016856299.1	0	N/A	25.342	146	27	2.72e-05	49.7	terminal uridylyltransferase 4 isoform X40 [Homo sapiens]	TRUE	Tut4
XP_001027646.3	XP_011539401.1	0	N/A	25.342	146	27	2.73e-05	49.7	terminal uridylyltransferase 4 isoform X29 [Homo sapiens]	TRUE	Tut4
XP_001027646.3	XP_016856297.1	0	N/A	25.342	146	27	2.75e-05	49.7	terminal uridylyltransferase 4 isoform X36 [Homo sapiens]	TRUE	Tut4
XP_001027646.3	XP_047272285.1	0	N/A	25.342	146	27	2.77e-05	49.7	terminal uridylyltransferase 4 isoform X7 [Homo sapiens]	TRUE	Tut4
XP_001027646.3	XP_016856295.1	0	N/A	25.342	146	27	2.78e-05	49.7	terminal uridylyltransferase 4 isoform X25 [Homo sapiens]	TRUE	Tut4
XP_001027646.3	XP_047272365.1	0	N/A	25.342	146	27	2.79e-05	49.7	terminal uridylyltransferase 4 isoform X38 [Homo sapiens]	TRUE	Tut4
XP_001027646.3	XP_047272290.1	0	N/A	25.342	146	27	2.81e-05	49.7	terminal uridylyltransferase 4 isoform X11 [Homo sapiens]	TRUE	Tut4
XP_001027646.3	XP_005270735.1	0	N/A	25.342	146	27	2.87e-05	49.7	terminal uridylyltransferase 4 isoform X2 [Homo sapiens]	TRUE	Tut4
XP_001027646.3	XP_047272286.1	0	N/A	25.342	146	27	2.89e-05	49.7	terminal uridylyltransferase 4 isoform X8 [Homo sapiens]	TRUE	Tut4
XP_001027646.3	XP_011539399.1	0	N/A	25.342	146	27	2.89e-05	49.7	terminal uridylyltransferase 4 isoform X1 [Homo sapiens]	TRUE	Tut4
XP_001027646.3	XP_005270733.1	0	N/A	25.342	146	27	2.89e-05	49.7	terminal uridylyltransferase 4 isoform X1 [Homo sapiens]	TRUE	Tut4
XP_001027646.3	XP_047272288.1	0	N/A	25.342	146	27	2.91e-05	49.7	terminal uridylyltransferase 4 isoform X10 [Homo sapiens]	TRUE	Tut4
XP_001027646.3	XP_047272305.1	0	N/A	25.342	146	27	2.96e-05	49.7	terminal uridylyltransferase 4 isoform X17 [Homo sapiens]	TRUE	Tut4
XP_001027646.3	XP_016856293.1	0	N/A	25.342	146	27	2.96e-05	49.7	terminal uridylyltransferase 4 isoform X16 [Homo sapiens]	TRUE	Tut4
XP_001027646.3	XP_047272282.1	0	N/A	25.342	146	27	2.97e-05	49.7	terminal uridylyltransferase 4 isoform X5 [Homo sapiens]	TRUE	Tut4
XP_001027646.3	NP_056084.1	0	N/A	25.342	146	27	2.97e-05	49.7	terminal uridylyltransferase 4 isoform b [Homo sapiens]	TRUE	Tut4
XP_001027646.3	XP_047272344.1	0	N/A	25.342	146	27	2.97e-05	49.7	terminal uridylyltransferase 4 isoform X30 [Homo sapiens]	TRUE	Tut4
XP_001027646.3	XP_047272283.1	0	N/A	25.342	146	27	3.02e-05	49.7	terminal uridylyltransferase 4 isoform X6 [Homo sapiens]	TRUE	Tut4
XP_001027646.3	XP_005270737.1	0	N/A	25.342	146	27	3.02e-05	49.7	terminal uridylyltransferase 4 isoform X6 [Homo sapiens]	TRUE	Tut4
XP_001027646.3	XP_047272372.1	0	N/A	25.342	146	27	3.03e-05	49.7	terminal uridylyltransferase 4 isoform X42 [Homo sapiens]	TRUE	Tut4
XP_001027646.3	XP_047272325.1	0	N/A	25.342	146	27	3.05e-05	49.7	terminal uridylyltransferase 4 isoform X23 [Homo sapiens]	TRUE	Tut4
XP_001027646.3	XP_047272281.1	0	N/A	25.342	146	27	3.07e-05	49.7	terminal uridylyltransferase 4 isoform X4 [Homo sapiens]	TRUE	Tut4
XP_001027646.3	NP_001009881.1	0	N/A	25.342	146	27	3.07e-05	49.7	terminal uridylyltransferase 4 isoform a [Homo sapiens]	TRUE	Tut4
XP_001027646.3	XP_047272296.1	0	N/A	25.342	146	27	3.25e-05	49.3	terminal uridylyltransferase 4 isoform X13 [Homo sapiens]	TRUE	Tut4
XP_001027646.3	XP_016856296.1	0	N/A	25.342	146	27	3.27e-05	49.3	terminal uridylyltransferase 4 isoform X28 [Homo sapiens]	TRUE	Tut4
XP_001027646.3	XP_047272350.1	0	N/A	25.342	146	27	3.29e-05	49.3	terminal uridylyltransferase 4 isoform X34 [Homo sapiens]	TRUE	Tut4
XP_001027646.3	XP_047272337.1	0	N/A	25.342	146	27	3.33e-05	49.3	terminal uridylyltransferase 4 isoform X27 [Homo sapiens]	TRUE	Tut4
XP_001027646.3	XP_047272295.1	0	N/A	25.342	146	27	3.34e-05	49.3	terminal uridylyltransferase 4 isoform X12 [Homo sapiens]	TRUE	Tut4
XP_001027646.3	XP_047272384.1	0	N/A	25.342	146	27	4.64e-05	48.9	terminal uridylyltransferase 4 isoform X46 [Homo sapiens]	TRUE	Tut4
XP_001027646.3	XP_047272348.1	0	N/A	21.429	238	45	0.000303	46.2	terminal uridylyltransferase 4 isoform X32 [Homo sapiens]	TRUE	Tut4
XP_001027646.3	NP_001172003.1	0	N/A	29.545	88	18	0.000378	45.8	terminal uridylyltransferase 7 isoform 2 [Homo sapiens]	TRUE	Tut7
XP_001027646.3	XP_047272362.1	0	N/A	21.429	238	45	0.000399	45.8	terminal uridylyltransferase 4 isoform X37 [Homo sapiens]	TRUE	Tut4
XP_001027646.3	XP_047272354.1	0	N/A	21.429	238	45	0.000434	45.8	terminal uridylyltransferase 4 isoform X35 [Homo sapiens]	TRUE	Tut4
XP_001027646.3	XP_047272367.1	0	N/A	21.429	238	45	0.000507	45.4	terminal uridylyltransferase 4 isoform X39 [Homo sapiens]	TRUE	Tut4
XP_001027646.3	NP_001375061.1	0	N/A	22.069	145	29	0.000548	45.1	poly(A) RNA polymerase GLD2 isoform 12 [Homo sapiens]	TRUE	TENT2
XP_001027646.3	NP_001375059.1	0	N/A	22.069	145	29	0.000602	45.1	poly(A) RNA polymerase GLD2 isoform 10 [Homo sapiens]	TRUE	TENT2
XP_001027646.3	XP_047272811.1	0	N/A	22.069	145	29	0.000613	45.1	poly(A) RNA polymerase GLD2 isoform X4 [Homo sapiens]	TRUE	TENT2
XP_001027646.3	XP_047272810.1	0	N/A	22.069	145	29	0.000613	45.1	poly(A) RNA polymerase GLD2 isoform X4 [Homo sapiens]	TRUE	TENT2
XP_001027646.3	XP_047272809.1	0	N/A	22.069	145	29	0.000613	45.1	poly(A) RNA polymerase GLD2 isoform X4 [Homo sapiens]	TRUE	TENT2
XP_001027646.3	NP_001375058.1	0	N/A	22.069	145	29	0.000613	45.1	poly(A) RNA polymerase GLD2 isoform 2 [Homo sapiens]	TRUE	TENT2
XP_001027646.3	NP_001375057.1	0	N/A	22.069	145	29	0.000613	45.1	poly(A) RNA polymerase GLD2 isoform 2 [Homo sapiens]	TRUE	TENT2
XP_001027646.3	NP_001375056.1	0	N/A	22.069	145	29	0.000613	45.1	poly(A) RNA polymerase GLD2 isoform 2 [Homo sapiens]	TRUE	TENT2
XP_001027646.3	NP_001375055.1	0	N/A	22.069	145	29	0.000613	45.1	poly(A) RNA polymerase GLD2 isoform 2 [Homo sapiens]	TRUE	TENT2
XP_001027646.3	NP_001375054.1	0	N/A	22.069	145	29	0.000613	45.1	poly(A) RNA polymerase GLD2 isoform 2 [Homo sapiens]	TRUE	TENT2
XP_001027646.3	NP_001375053.1	0	N/A	22.069	145	29	0.000613	45.1	poly(A) RNA polymerase GLD2 isoform 2 [Homo sapiens]	TRUE	TENT2
XP_001027646.3	NP_001375052.1	0	N/A	22.069	145	29	0.000613	45.1	poly(A) RNA polymerase GLD2 isoform 2 [Homo sapiens]	TRUE	TENT2
XP_001027646.3	NP_001375051.1	0	N/A	22.069	145	29	0.000613	45.1	poly(A) RNA polymerase GLD2 isoform 2 [Homo sapiens]	TRUE	TENT2
XP_001027646.3	NP_001375050.1	0	N/A	22.069	145	29	0.000613	45.1	poly(A) RNA polymerase GLD2 isoform 2 [Homo sapiens]	TRUE	TENT2
XP_001027646.3	NP_001375049.1	0	N/A	22.069	145	29	0.000613	45.1	poly(A) RNA polymerase GLD2 isoform 2 [Homo sapiens]	TRUE	TENT2
XP_001027646.3	NP_001375048.1	0	N/A	22.069	145	29	0.000613	45.1	poly(A) RNA polymerase GLD2 isoform 2 [Homo sapiens]	TRUE	TENT2
XP_001027646.3	NP_001375047.1	0	N/A	22.069	145	29	0.000613	45.1	poly(A) RNA polymerase GLD2 isoform 2 [Homo sapiens]	TRUE	TENT2
XP_001027646.3	NP_001375046.1	0	N/A	22.069	145	29	0.000613	45.1	poly(A) RNA polymerase GLD2 isoform 2 [Homo sapiens]	TRUE	TENT2
XP_001027646.3	NP_001375045.1	0	N/A	22.069	145	29	0.000613	45.1	poly(A) RNA polymerase GLD2 isoform 2 [Homo sapiens]	TRUE	TENT2
XP_001027646.3	NP_001375044.1	0	N/A	22.069	145	29	0.000613	45.1	poly(A) RNA polymerase GLD2 isoform 2 [Homo sapiens]	TRUE	TENT2
XP_001027646.3	NP_001375043.1	0	N/A	22.069	145	29	0.000613	45.1	poly(A) RNA polymerase GLD2 isoform 2 [Homo sapiens]	TRUE	TENT2
XP_001027646.3	NP_001336483.1	0	N/A	22.069	145	29	0.000613	45.1	poly(A) RNA polymerase GLD2 isoform 2 [Homo sapiens]	TRUE	TENT2
XP_001027646.3	NP_001284673.1	0	N/A	22.069	145	29	0.000613	45.1	poly(A) RNA polymerase GLD2 isoform 2 [Homo sapiens]	TRUE	TENT2
XP_001027646.3	NP_001375030.1	0	N/A	22.069	145	29	0.000731	44.7	poly(A) RNA polymerase GLD2 isoform 9 [Homo sapiens]	TRUE	TENT2
XP_001027646.3	NP_001336477.1	0	N/A	27.711	83	17	0.00088	43.9	poly(A) RNA polymerase GLD2 isoform 4 [Homo sapiens]	TRUE	TENT2
XP_001027646.3	NP_001375065.1	0	N/A	22.069	145	29	0.001	44.3	poly(A) RNA polymerase GLD2 isoform 14 [Homo sapiens]	TRUE	TENT2
XP_001029623.2	NP_001375030.1	0	N/A	26.562	192	21	9.13e-10	64.7	poly(A) RNA polymerase GLD2 isoform 9 [Homo sapiens]	TRUE	TENT2
XP_001029623.2	NP_001375029.1	0	N/A	24.615	195	21	5.65e-09	62	poly(A) RNA polymerase GLD2 isoform 8 [Homo sapiens]	TRUE	TENT2
XP_001029623.2	NP_001375028.1	0	N/A	24.615	195	21	5.65e-09	62	poly(A) RNA polymerase GLD2 isoform 8 [Homo sapiens]	TRUE	TENT2
XP_001029623.2	XP_047272811.1	0	N/A	23.438	320	36	4.21e-08	59.3	poly(A) RNA polymerase GLD2 isoform X4 [Homo sapiens]	TRUE	TENT2
XP_001029623.2	XP_047272810.1	0	N/A	23.438	320	36	4.21e-08	59.3	poly(A) RNA polymerase GLD2 isoform X4 [Homo sapiens]	TRUE	TENT2
XP_001029623.2	XP_047272809.1	0	N/A	23.438	320	36	4.21e-08	59.3	poly(A) RNA polymerase GLD2 isoform X4 [Homo sapiens]	TRUE	TENT2
XP_001029623.2	NP_001375058.1	0	N/A	23.438	320	36	4.21e-08	59.3	poly(A) RNA polymerase GLD2 isoform 2 [Homo sapiens]	TRUE	TENT2
XP_001029623.2	NP_001375057.1	0	N/A	23.438	320	36	4.21e-08	59.3	poly(A) RNA polymerase GLD2 isoform 2 [Homo sapiens]	TRUE	TENT2
XP_001029623.2	NP_001375056.1	0	N/A	23.438	320	36	4.21e-08	59.3	poly(A) RNA polymerase GLD2 isoform 2 [Homo sapiens]	TRUE	TENT2
XP_001029623.2	NP_001375055.1	0	N/A	23.438	320	36	4.21e-08	59.3	poly(A) RNA polymerase GLD2 isoform 2 [Homo sapiens]	TRUE	TENT2
XP_001029623.2	NP_001375054.1	0	N/A	23.438	320	36	4.21e-08	59.3	poly(A) RNA polymerase GLD2 isoform 2 [Homo sapiens]	TRUE	TENT2
XP_001029623.2	NP_001375053.1	0	N/A	23.438	320	36	4.21e-08	59.3	poly(A) RNA polymerase GLD2 isoform 2 [Homo sapiens]	TRUE	TENT2
XP_001029623.2	NP_001375052.1	0	N/A	23.438	320	36	4.21e-08	59.3	poly(A) RNA polymerase GLD2 isoform 2 [Homo sapiens]	TRUE	TENT2
XP_001029623.2	NP_001375051.1	0	N/A	23.438	320	36	4.21e-08	59.3	poly(A) RNA polymerase GLD2 isoform 2 [Homo sapiens]	TRUE	TENT2
XP_001029623.2	NP_001375050.1	0	N/A	23.438	320	36	4.21e-08	59.3	poly(A) RNA polymerase GLD2 isoform 2 [Homo sapiens]	TRUE	TENT2
XP_001029623.2	NP_001375049.1	0	N/A	23.438	320	36	4.21e-08	59.3	poly(A) RNA polymerase GLD2 isoform 2 [Homo sapiens]	TRUE	TENT2
XP_001029623.2	NP_001375048.1	0	N/A	23.438	320	36	4.21e-08	59.3	poly(A) RNA polymerase GLD2 isoform 2 [Homo sapiens]	TRUE	TENT2
XP_001029623.2	NP_001375047.1	0	N/A	23.438	320	36	4.21e-08	59.3	poly(A) RNA polymerase GLD2 isoform 2 [Homo sapiens]	TRUE	TENT2
XP_001029623.2	NP_001375046.1	0	N/A	23.438	320	36	4.21e-08	59.3	poly(A) RNA polymerase GLD2 isoform 2 [Homo sapiens]	TRUE	TENT2
XP_001029623.2	NP_001375045.1	0	N/A	23.438	320	36	4.21e-08	59.3	poly(A) RNA polymerase GLD2 isoform 2 [Homo sapiens]	TRUE	TENT2
XP_001029623.2	NP_001375044.1	0	N/A	23.438	320	36	4.21e-08	59.3	poly(A) RNA polymerase GLD2 isoform 2 [Homo sapiens]	TRUE	TENT2
XP_001029623.2	NP_001375043.1	0	N/A	23.438	320	36	4.21e-08	59.3	poly(A) RNA polymerase GLD2 isoform 2 [Homo sapiens]	TRUE	TENT2
XP_001029623.2	NP_001336483.1	0	N/A	23.438	320	36	4.21e-08	59.3	poly(A) RNA polymerase GLD2 isoform 2 [Homo sapiens]	TRUE	TENT2
XP_001029623.2	NP_001284673.1	0	N/A	23.438	320	36	4.21e-08	59.3	poly(A) RNA polymerase GLD2 isoform 2 [Homo sapiens]	TRUE	TENT2
XP_001029623.2	NP_001375061.1	0	N/A	26.042	192	21	4.42e-08	59.3	poly(A) RNA polymerase GLD2 isoform 12 [Homo sapiens]	TRUE	TENT2
XP_001029623.2	NP_001375059.1	0	N/A	23.438	320	36	4.47e-08	59.3	poly(A) RNA polymerase GLD2 isoform 10 [Homo sapiens]	TRUE	TENT2
XP_001029623.2	XP_047272818.1	0	N/A	23.834	193	21	1.78e-07	56.6	poly(A) RNA polymerase GLD2 isoform X10 [Homo sapiens]	TRUE	TENT2
XP_001029623.2	XP_047272372.1	0	N/A	22.951	183	20	2.1e-07	57.8	terminal uridylyltransferase 4 isoform X42 [Homo sapiens]	TRUE	Tut4
XP_001029623.2	XP_047272295.1	0	N/A	22.951	183	20	2.23e-07	57.8	terminal uridylyltransferase 4 isoform X12 [Homo sapiens]	TRUE	Tut4
XP_001029623.2	XP_047272290.1	0	N/A	22.951	183	20	2.27e-07	57.8	terminal uridylyltransferase 4 isoform X11 [Homo sapiens]	TRUE	Tut4
XP_001029623.2	XP_047272296.1	0	N/A	22.951	183	20	2.29e-07	57.8	terminal uridylyltransferase 4 isoform X13 [Homo sapiens]	TRUE	Tut4
XP_001029623.2	XP_047272305.1	0	N/A	22.951	183	20	2.39e-07	57.8	terminal uridylyltransferase 4 isoform X17 [Homo sapiens]	TRUE	Tut4
XP_001029623.2	XP_047272286.1	0	N/A	22.951	183	20	2.43e-07	57.4	terminal uridylyltransferase 4 isoform X8 [Homo sapiens]	TRUE	Tut4
XP_001029623.2	XP_047272350.1	0	N/A	22.951	183	20	2.45e-07	57.4	terminal uridylyltransferase 4 isoform X34 [Homo sapiens]	TRUE	Tut4
XP_001029623.2	XP_047272384.1	0	N/A	25.17	147	16	2.58e-07	57.4	terminal uridylyltransferase 4 isoform X46 [Homo sapiens]	TRUE	Tut4
XP_001029623.2	NP_001375060.1	0	N/A	24.103	195	21	2.62e-07	56.6	poly(A) RNA polymerase GLD2 isoform 11 [Homo sapiens]	TRUE	TENT2
XP_001029623.2	NP_001375042.1	0	N/A	24.103	195	21	2.7e-07	56.6	poly(A) RNA polymerase GLD2 isoform 16 [Homo sapiens]	TRUE	TENT2
XP_001029623.2	XP_047272808.1	0	N/A	24.103	195	21	2.73e-07	56.6	poly(A) RNA polymerase GLD2 isoform X3 [Homo sapiens]	TRUE	TENT2
XP_001029623.2	XP_047272807.1	0	N/A	24.103	195	21	2.73e-07	56.6	poly(A) RNA polymerase GLD2 isoform X3 [Homo sapiens]	TRUE	TENT2
XP_001029623.2	XP_047272806.1	0	N/A	24.103	195	21	2.73e-07	56.6	poly(A) RNA polymerase GLD2 isoform X3 [Homo sapiens]	TRUE	TENT2
XP_001029623.2	NP_776158.2	0	N/A	24.103	195	21	2.73e-07	56.6	poly(A) RNA polymerase GLD2 isoform 1 [Homo sapiens]	TRUE	TENT2
XP_001029623.2	NP_001375041.1	0	N/A	24.103	195	21	2.73e-07	56.6	poly(A) RNA polymerase GLD2 isoform 1 [Homo sapiens]	TRUE	TENT2
XP_001029623.2	NP_001375040.1	0	N/A	24.103	195	21	2.73e-07	56.6	poly(A) RNA polymerase GLD2 isoform 1 [Homo sapiens]	TRUE	TENT2
XP_001029623.2	NP_001375039.1	0	N/A	24.103	195	21	2.73e-07	56.6	poly(A) RNA polymerase GLD2 isoform 1 [Homo sapiens]	TRUE	TENT2
XP_001029623.2	NP_001375038.1	0	N/A	24.103	195	21	2.73e-07	56.6	poly(A) RNA polymerase GLD2 isoform 1 [Homo sapiens]	TRUE	TENT2
XP_001029623.2	NP_001375037.1	0	N/A	24.103	195	21	2.73e-07	56.6	poly(A) RNA polymerase GLD2 isoform 1 [Homo sapiens]	TRUE	TENT2
XP_001029623.2	NP_001375036.1	0	N/A	24.103	195	21	2.73e-07	56.6	poly(A) RNA polymerase GLD2 isoform 1 [Homo sapiens]	TRUE	TENT2
XP_001029623.2	NP_001375035.1	0	N/A	24.103	195	21	2.73e-07	56.6	poly(A) RNA polymerase GLD2 isoform 1 [Homo sapiens]	TRUE	TENT2
XP_001029623.2	NP_001375034.1	0	N/A	24.103	195	21	2.73e-07	56.6	poly(A) RNA polymerase GLD2 isoform 1 [Homo sapiens]	TRUE	TENT2
XP_001029623.2	NP_001375032.1	0	N/A	24.103	195	21	2.73e-07	56.6	poly(A) RNA polymerase GLD2 isoform 1 [Homo sapiens]	TRUE	TENT2
XP_001029623.2	NP_001375031.1	0	N/A	24.103	195	21	2.73e-07	56.6	poly(A) RNA polymerase GLD2 isoform 1 [Homo sapiens]	TRUE	TENT2
XP_001029623.2	NP_001336482.1	0	N/A	24.103	195	21	2.73e-07	56.6	poly(A) RNA polymerase GLD2 isoform 1 [Homo sapiens]	TRUE	TENT2
XP_001029623.2	NP_001336481.1	0	N/A	24.103	195	21	2.73e-07	56.6	poly(A) RNA polymerase GLD2 isoform 1 [Homo sapiens]	TRUE	TENT2
XP_001029623.2	NP_001107866.1	0	N/A	24.103	195	21	2.73e-07	56.6	poly(A) RNA polymerase GLD2 isoform 1 [Homo sapiens]	TRUE	TENT2
XP_001029623.2	NP_001107865.1	0	N/A	24.103	195	21	2.73e-07	56.6	poly(A) RNA polymerase GLD2 isoform 1 [Homo sapiens]	TRUE	TENT2
XP_001029623.2	NP_001375065.1	0	N/A	24.084	191	21	2.76e-07	56.2	poly(A) RNA polymerase GLD2 isoform 14 [Homo sapiens]	TRUE	TENT2
XP_001029623.2	XP_047272344.1	0	N/A	22.951	183	20	2.91e-07	57.4	terminal uridylyltransferase 4 isoform X30 [Homo sapiens]	TRUE	Tut4
XP_001029623.2	XP_016856299.1	0	N/A	25.17	147	16	3.05e-07	57.4	terminal uridylyltransferase 4 isoform X40 [Homo sapiens]	TRUE	Tut4
XP_001029623.2	XP_016856293.1	0	N/A	25.17	147	16	3.11e-07	57.4	terminal uridylyltransferase 4 isoform X16 [Homo sapiens]	TRUE	Tut4
XP_001029623.2	XP_047272365.1	0	N/A	25.17	147	16	3.16e-07	57	terminal uridylyltransferase 4 isoform X38 [Homo sapiens]	TRUE	Tut4
XP_001029623.2	XP_016856292.1	0	N/A	25.17	147	16	3.22e-07	57	terminal uridylyltransferase 4 isoform X9 [Homo sapiens]	TRUE	Tut4
XP_001029623.2	XP_016856297.1	0	N/A	25.17	147	16	3.24e-07	57	terminal uridylyltransferase 4 isoform X36 [Homo sapiens]	TRUE	Tut4
XP_001029623.2	XP_047272283.1	0	N/A	25.17	147	16	3.25e-07	57	terminal uridylyltransferase 4 isoform X6 [Homo sapiens]	TRUE	Tut4
XP_001029623.2	XP_005270737.1	0	N/A	25.17	147	16	3.25e-07	57	terminal uridylyltransferase 4 isoform X6 [Homo sapiens]	TRUE	Tut4
XP_001029623.2	XP_005270739.1	0	N/A	25.17	147	16	3.3e-07	57	terminal uridylyltransferase 4 isoform X33 [Homo sapiens]	TRUE	Tut4
XP_001029623.2	XP_047272280.1	0	N/A	25.17	147	16	3.39e-07	57	terminal uridylyltransferase 4 isoform X3 [Homo sapiens]	TRUE	Tut4
XP_001029623.2	XP_005270736.1	0	N/A	25.17	147	16	3.39e-07	57	terminal uridylyltransferase 4 isoform X3 [Homo sapiens]	TRUE	Tut4
XP_001029623.2	XP_047272288.1	0	N/A	25.17	147	16	3.41e-07	57	terminal uridylyltransferase 4 isoform X10 [Homo sapiens]	TRUE	Tut4
XP_001029623.2	XP_047272281.1	0	N/A	25.17	147	16	3.42e-07	57	terminal uridylyltransferase 4 isoform X4 [Homo sapiens]	TRUE	Tut4
XP_001029623.2	NP_001009881.1	0	N/A	25.17	147	16	3.42e-07	57	terminal uridylyltransferase 4 isoform a [Homo sapiens]	TRUE	Tut4
XP_001029623.2	XP_047272285.1	0	N/A	25.17	147	16	3.5e-07	57	terminal uridylyltransferase 4 isoform X7 [Homo sapiens]	TRUE	Tut4
XP_001029623.2	XP_047272282.1	0	N/A	25.17	147	16	3.51e-07	57	terminal uridylyltransferase 4 isoform X5 [Homo sapiens]	TRUE	Tut4
XP_001029623.2	NP_056084.1	0	N/A	25.17	147	16	3.51e-07	57	terminal uridylyltransferase 4 isoform b [Homo sapiens]	TRUE	Tut4
XP_001029623.2	XP_016856296.1	0	N/A	25.17	147	16	3.51e-07	57	terminal uridylyltransferase 4 isoform X28 [Homo sapiens]	TRUE	Tut4
XP_001029623.2	XP_005270735.1	0	N/A	25.17	147	16	3.54e-07	57	terminal uridylyltransferase 4 isoform X2 [Homo sapiens]	TRUE	Tut4
XP_001029623.2	XP_047272345.1	0	N/A	25.17	147	16	3.63e-07	57	terminal uridylyltransferase 4 isoform X31 [Homo sapiens]	TRUE	Tut4
XP_001029623.2	XP_011539399.1	0	N/A	25.17	147	16	3.69e-07	57	terminal uridylyltransferase 4 isoform X1 [Homo sapiens]	TRUE	Tut4
XP_001029623.2	XP_005270733.1	0	N/A	25.17	147	16	3.69e-07	57	terminal uridylyltransferase 4 isoform X1 [Homo sapiens]	TRUE	Tut4
XP_001029623.2	XP_016856295.1	0	N/A	25.17	147	16	3.89e-07	57	terminal uridylyltransferase 4 isoform X25 [Homo sapiens]	TRUE	Tut4
XP_001029623.2	XP_011539401.1	0	N/A	25.17	147	16	3.91e-07	57	terminal uridylyltransferase 4 isoform X29 [Homo sapiens]	TRUE	Tut4
XP_001029623.2	XP_047272337.1	0	N/A	25.17	147	16	4.06e-07	57	terminal uridylyltransferase 4 isoform X27 [Homo sapiens]	TRUE	Tut4
XP_001029623.2	XP_047272325.1	0	N/A	25.17	147	16	4.46e-07	56.6	terminal uridylyltransferase 4 isoform X23 [Homo sapiens]	TRUE	Tut4
XP_001029623.2	NP_073741.3	0	N/A	23.148	108	12	4.1e-06	53.5	speckle targeted PIP5K1A-regulated poly(A) polymerase isoform 1 [Homo sapiens]	TRUE	Tut1
XP_001029623.2	NP_001317647.1	0	N/A	27.211	147	16	1.48e-05	51.6	terminal uridylyltransferase 7 isoform 3 [Homo sapiens]	TRUE	Tut7
XP_001029623.2	XP_047279823.1	0	N/A	24.49	196	22	1.48e-05	51.6	terminal uridylyltransferase 7 isoform X2 [Homo sapiens]	TRUE	Tut7
XP_001029623.2	XP_006717346.1	0	N/A	24.49	196	22	1.48e-05	51.6	terminal uridylyltransferase 7 isoform X2 [Homo sapiens]	TRUE	Tut7
XP_001029623.2	XP_011517318.1	0	N/A	24.49	196	22	1.57e-05	51.6	terminal uridylyltransferase 7 isoform X5 [Homo sapiens]	TRUE	Tut7
XP_001029623.2	XP_016870620.1	0	N/A	24.49	196	22	1.69e-05	51.6	terminal uridylyltransferase 7 isoform X4 [Homo sapiens]	TRUE	Tut7
XP_001029623.2	XP_016870619.1	0	N/A	24.49	196	22	1.69e-05	51.6	terminal uridylyltransferase 7 isoform X4 [Homo sapiens]	TRUE	Tut7
XP_001029623.2	NP_078893.2	0	N/A	24.49	196	22	1.69e-05	51.6	terminal uridylyltransferase 7 isoform 1 [Homo sapiens]	TRUE	Tut7
XP_001029623.2	NP_001171988.1	0	N/A	24.49	196	22	1.69e-05	51.6	terminal uridylyltransferase 7 isoform 1 [Homo sapiens]	TRUE	Tut7
XP_001029623.2	XP_011517317.1	0	N/A	24.49	196	22	1.71e-05	51.6	terminal uridylyltransferase 7 isoform X3 [Homo sapiens]	TRUE	Tut7
XP_001029623.2	XP_047279825.1	0	N/A	24.49	196	22	1.72e-05	51.6	terminal uridylyltransferase 7 isoform X6 [Homo sapiens]	TRUE	Tut7
XP_001029623.2	XP_047279824.1	0	N/A	24.49	196	22	1.72e-05	51.6	terminal uridylyltransferase 7 isoform X6 [Homo sapiens]	TRUE	Tut7
XP_001029623.2	XP_005252264.1	0	N/A	24.49	196	22	1.72e-05	51.6	terminal uridylyltransferase 7 isoform X6 [Homo sapiens]	TRUE	Tut7
XP_001029623.2	XP_011517316.1	0	N/A	27.211	147	16	2.18e-05	51.2	terminal uridylyltransferase 7 isoform X1 [Homo sapiens]	TRUE	Tut7
XP_001029623.2	XP_011517315.1	0	N/A	27.211	147	16	2.18e-05	51.2	terminal uridylyltransferase 7 isoform X1 [Homo sapiens]	TRUE	Tut7
XP_001029623.2	XP_011517314.1	0	N/A	27.211	147	16	2.18e-05	51.2	terminal uridylyltransferase 7 isoform X1 [Homo sapiens]	TRUE	Tut7
XP_001029623.2	XP_011517313.1	0	N/A	27.211	147	16	2.18e-05	51.2	terminal uridylyltransferase 7 isoform X1 [Homo sapiens]	TRUE	Tut7
XP_001029623.2	XP_005252265.1	0	N/A	27.211	147	16	2.45e-05	50.8	terminal uridylyltransferase 7 isoform X7 [Homo sapiens]	TRUE	Tut7
XP_001347437.1	NP_001375065.1	0	N/A	28.08	349	54	2.95e-25	110	poly(A) RNA polymerase GLD2 isoform 14 [Homo sapiens]	TRUE	TENT2
XP_001347437.1	NP_001375061.1	0	N/A	28.08	349	54	4.01e-25	111	poly(A) RNA polymerase GLD2 isoform 12 [Homo sapiens]	TRUE	TENT2
XP_001347437.1	XP_047272811.1	0	N/A	28.08	349	54	5.06e-25	111	poly(A) RNA polymerase GLD2 isoform X4 [Homo sapiens]	TRUE	TENT2
XP_001347437.1	XP_047272810.1	0	N/A	28.08	349	54	5.06e-25	111	poly(A) RNA polymerase GLD2 isoform X4 [Homo sapiens]	TRUE	TENT2
XP_001347437.1	XP_047272809.1	0	N/A	28.08	349	54	5.06e-25	111	poly(A) RNA polymerase GLD2 isoform X4 [Homo sapiens]	TRUE	TENT2
XP_001347437.1	NP_001375058.1	0	N/A	28.08	349	54	5.06e-25	111	poly(A) RNA polymerase GLD2 isoform 2 [Homo sapiens]	TRUE	TENT2
XP_001347437.1	NP_001375057.1	0	N/A	28.08	349	54	5.06e-25	111	poly(A) RNA polymerase GLD2 isoform 2 [Homo sapiens]	TRUE	TENT2
XP_001347437.1	NP_001375056.1	0	N/A	28.08	349	54	5.06e-25	111	poly(A) RNA polymerase GLD2 isoform 2 [Homo sapiens]	TRUE	TENT2
XP_001347437.1	NP_001375055.1	0	N/A	28.08	349	54	5.06e-25	111	poly(A) RNA polymerase GLD2 isoform 2 [Homo sapiens]	TRUE	TENT2
XP_001347437.1	NP_001375054.1	0	N/A	28.08	349	54	5.06e-25	111	poly(A) RNA polymerase GLD2 isoform 2 [Homo sapiens]	TRUE	TENT2
XP_001347437.1	NP_001375053.1	0	N/A	28.08	349	54	5.06e-25	111	poly(A) RNA polymerase GLD2 isoform 2 [Homo sapiens]	TRUE	TENT2
XP_001347437.1	NP_001375052.1	0	N/A	28.08	349	54	5.06e-25	111	poly(A) RNA polymerase GLD2 isoform 2 [Homo sapiens]	TRUE	TENT2
XP_001347437.1	NP_001375051.1	0	N/A	28.08	349	54	5.06e-25	111	poly(A) RNA polymerase GLD2 isoform 2 [Homo sapiens]	TRUE	TENT2
XP_001347437.1	NP_001375050.1	0	N/A	28.08	349	54	5.06e-25	111	poly(A) RNA polymerase GLD2 isoform 2 [Homo sapiens]	TRUE	TENT2
XP_001347437.1	NP_001375049.1	0	N/A	28.08	349	54	5.06e-25	111	poly(A) RNA polymerase GLD2 isoform 2 [Homo sapiens]	TRUE	TENT2
XP_001347437.1	NP_001375048.1	0	N/A	28.08	349	54	5.06e-25	111	poly(A) RNA polymerase GLD2 isoform 2 [Homo sapiens]	TRUE	TENT2
XP_001347437.1	NP_001375047.1	0	N/A	28.08	349	54	5.06e-25	111	poly(A) RNA polymerase GLD2 isoform 2 [Homo sapiens]	TRUE	TENT2
XP_001347437.1	NP_001375046.1	0	N/A	28.08	349	54	5.06e-25	111	poly(A) RNA polymerase GLD2 isoform 2 [Homo sapiens]	TRUE	TENT2
XP_001347437.1	NP_001375045.1	0	N/A	28.08	349	54	5.06e-25	111	poly(A) RNA polymerase GLD2 isoform 2 [Homo sapiens]	TRUE	TENT2
XP_001347437.1	NP_001375044.1	0	N/A	28.08	349	54	5.06e-25	111	poly(A) RNA polymerase GLD2 isoform 2 [Homo sapiens]	TRUE	TENT2
XP_001347437.1	NP_001375043.1	0	N/A	28.08	349	54	5.06e-25	111	poly(A) RNA polymerase GLD2 isoform 2 [Homo sapiens]	TRUE	TENT2
XP_001347437.1	NP_001336483.1	0	N/A	28.08	349	54	5.06e-25	111	poly(A) RNA polymerase GLD2 isoform 2 [Homo sapiens]	TRUE	TENT2
XP_001347437.1	NP_001284673.1	0	N/A	28.08	349	54	5.06e-25	111	poly(A) RNA polymerase GLD2 isoform 2 [Homo sapiens]	TRUE	TENT2
XP_001347437.1	NP_001375059.1	0	N/A	28.08	349	54	5.2e-25	111	poly(A) RNA polymerase GLD2 isoform 10 [Homo sapiens]	TRUE	TENT2
XP_001347437.1	NP_001375060.1	0	N/A	27.378	347	54	9.48e-25	110	poly(A) RNA polymerase GLD2 isoform 11 [Homo sapiens]	TRUE	TENT2
XP_001347437.1	NP_001375042.1	0	N/A	27.378	347	54	1.64e-24	109	poly(A) RNA polymerase GLD2 isoform 16 [Homo sapiens]	TRUE	TENT2
XP_001347437.1	XP_047272808.1	0	N/A	27.378	347	54	1.7e-24	109	poly(A) RNA polymerase GLD2 isoform X3 [Homo sapiens]	TRUE	TENT2
XP_001347437.1	XP_047272807.1	0	N/A	27.378	347	54	1.7e-24	109	poly(A) RNA polymerase GLD2 isoform X3 [Homo sapiens]	TRUE	TENT2
XP_001347437.1	XP_047272806.1	0	N/A	27.378	347	54	1.7e-24	109	poly(A) RNA polymerase GLD2 isoform X3 [Homo sapiens]	TRUE	TENT2
XP_001347437.1	NP_776158.2	0	N/A	27.378	347	54	1.7e-24	109	poly(A) RNA polymerase GLD2 isoform 1 [Homo sapiens]	TRUE	TENT2
XP_001347437.1	NP_001375041.1	0	N/A	27.378	347	54	1.7e-24	109	poly(A) RNA polymerase GLD2 isoform 1 [Homo sapiens]	TRUE	TENT2
XP_001347437.1	NP_001375040.1	0	N/A	27.378	347	54	1.7e-24	109	poly(A) RNA polymerase GLD2 isoform 1 [Homo sapiens]	TRUE	TENT2
XP_001347437.1	NP_001375039.1	0	N/A	27.378	347	54	1.7e-24	109	poly(A) RNA polymerase GLD2 isoform 1 [Homo sapiens]	TRUE	TENT2
XP_001347437.1	NP_001375038.1	0	N/A	27.378	347	54	1.7e-24	109	poly(A) RNA polymerase GLD2 isoform 1 [Homo sapiens]	TRUE	TENT2
XP_001347437.1	NP_001375037.1	0	N/A	27.378	347	54	1.7e-24	109	poly(A) RNA polymerase GLD2 isoform 1 [Homo sapiens]	TRUE	TENT2
XP_001347437.1	NP_001375036.1	0	N/A	27.378	347	54	1.7e-24	109	poly(A) RNA polymerase GLD2 isoform 1 [Homo sapiens]	TRUE	TENT2
XP_001347437.1	NP_001375035.1	0	N/A	27.378	347	54	1.7e-24	109	poly(A) RNA polymerase GLD2 isoform 1 [Homo sapiens]	TRUE	TENT2
XP_001347437.1	NP_001375034.1	0	N/A	27.378	347	54	1.7e-24	109	poly(A) RNA polymerase GLD2 isoform 1 [Homo sapiens]	TRUE	TENT2
XP_001347437.1	NP_001375032.1	0	N/A	27.378	347	54	1.7e-24	109	poly(A) RNA polymerase GLD2 isoform 1 [Homo sapiens]	TRUE	TENT2
XP_001347437.1	NP_001375031.1	0	N/A	27.378	347	54	1.7e-24	109	poly(A) RNA polymerase GLD2 isoform 1 [Homo sapiens]	TRUE	TENT2
XP_001347437.1	NP_001336482.1	0	N/A	27.378	347	54	1.7e-24	109	poly(A) RNA polymerase GLD2 isoform 1 [Homo sapiens]	TRUE	TENT2
XP_001347437.1	NP_001336481.1	0	N/A	27.378	347	54	1.7e-24	109	poly(A) RNA polymerase GLD2 isoform 1 [Homo sapiens]	TRUE	TENT2
XP_001347437.1	NP_001107866.1	0	N/A	27.378	347	54	1.7e-24	109	poly(A) RNA polymerase GLD2 isoform 1 [Homo sapiens]	TRUE	TENT2
XP_001347437.1	NP_001107865.1	0	N/A	27.378	347	54	1.7e-24	109	poly(A) RNA polymerase GLD2 isoform 1 [Homo sapiens]	TRUE	TENT2
XP_001347437.1	XP_047272805.1	0	N/A	26.486	370	54	4.16e-23	105	poly(A) RNA polymerase GLD2 isoform X2 [Homo sapiens]	TRUE	TENT2
XP_001347437.1	XP_047272804.1	0	N/A	26.486	370	54	4.16e-23	105	poly(A) RNA polymerase GLD2 isoform X2 [Homo sapiens]	TRUE	TENT2
XP_001347437.1	XP_047272803.1	0	N/A	26.486	370	54	4.16e-23	105	poly(A) RNA polymerase GLD2 isoform X2 [Homo sapiens]	TRUE	TENT2
XP_001347437.1	XP_047272802.1	0	N/A	26.486	370	54	4.16e-23	105	poly(A) RNA polymerase GLD2 isoform X2 [Homo sapiens]	TRUE	TENT2
XP_001347437.1	XP_016864641.1	0	N/A	26.486	370	54	4.16e-23	105	poly(A) RNA polymerase GLD2 isoform X2 [Homo sapiens]	TRUE	TENT2
XP_001347437.1	NP_001375026.1	0	N/A	26.486	370	54	4.16e-23	105	poly(A) RNA polymerase GLD2 isoform 6 [Homo sapiens]	TRUE	TENT2
XP_001347437.1	NP_001375025.1	0	N/A	26.486	370	54	4.16e-23	105	poly(A) RNA polymerase GLD2 isoform 6 [Homo sapiens]	TRUE	TENT2
XP_001347437.1	NP_001375024.1	0	N/A	26.486	370	54	4.16e-23	105	poly(A) RNA polymerase GLD2 isoform 6 [Homo sapiens]	TRUE	TENT2
XP_001347437.1	NP_001336480.1	0	N/A	26.486	370	54	4.16e-23	105	poly(A) RNA polymerase GLD2 isoform 6 [Homo sapiens]	TRUE	TENT2
XP_001347437.1	NP_001375027.1	0	N/A	26.486	370	54	4.17e-23	105	poly(A) RNA polymerase GLD2 isoform 7 [Homo sapiens]	TRUE	TENT2
XP_001347437.1	XP_016856292.1	0	N/A	30.952	294	47	4.26e-23	107	terminal uridylyltransferase 4 isoform X9 [Homo sapiens]	TRUE	Tut4
XP_001347437.1	XP_047272285.1	0	N/A	30.952	294	47	4.26e-23	107	terminal uridylyltransferase 4 isoform X7 [Homo sapiens]	TRUE	Tut4
XP_001347437.1	XP_016856293.1	0	N/A	30.952	294	47	4.33e-23	107	terminal uridylyltransferase 4 isoform X16 [Homo sapiens]	TRUE	Tut4
XP_001347437.1	XP_011539399.1	0	N/A	30.952	294	47	4.48e-23	107	terminal uridylyltransferase 4 isoform X1 [Homo sapiens]	TRUE	Tut4
XP_001347437.1	XP_005270733.1	0	N/A	30.952	294	47	4.48e-23	107	terminal uridylyltransferase 4 isoform X1 [Homo sapiens]	TRUE	Tut4
XP_001347437.1	XP_047272283.1	0	N/A	30.952	294	47	4.51e-23	107	terminal uridylyltransferase 4 isoform X6 [Homo sapiens]	TRUE	Tut4
XP_001347437.1	XP_005270737.1	0	N/A	30.952	294	47	4.51e-23	107	terminal uridylyltransferase 4 isoform X6 [Homo sapiens]	TRUE	Tut4
XP_001347437.1	XP_005270735.1	0	N/A	30.952	294	47	4.56e-23	107	terminal uridylyltransferase 4 isoform X2 [Homo sapiens]	TRUE	Tut4
XP_001347437.1	XP_047272365.1	0	N/A	30.952	294	47	4.76e-23	107	terminal uridylyltransferase 4 isoform X38 [Homo sapiens]	TRUE	Tut4
XP_001347437.1	XP_047272280.1	0	N/A	30.952	294	47	4.8e-23	107	terminal uridylyltransferase 4 isoform X3 [Homo sapiens]	TRUE	Tut4
XP_001347437.1	XP_005270736.1	0	N/A	30.952	294	47	4.8e-23	107	terminal uridylyltransferase 4 isoform X3 [Homo sapiens]	TRUE	Tut4
XP_001347437.1	XP_047272288.1	0	N/A	30.952	294	47	4.81e-23	107	terminal uridylyltransferase 4 isoform X10 [Homo sapiens]	TRUE	Tut4
XP_001347437.1	XP_005270739.1	0	N/A	30.952	294	47	4.85e-23	107	terminal uridylyltransferase 4 isoform X33 [Homo sapiens]	TRUE	Tut4
XP_001347437.1	XP_047272281.1	0	N/A	30.952	294	47	4.88e-23	107	terminal uridylyltransferase 4 isoform X4 [Homo sapiens]	TRUE	Tut4
XP_001347437.1	NP_001009881.1	0	N/A	30.952	294	47	4.88e-23	107	terminal uridylyltransferase 4 isoform a [Homo sapiens]	TRUE	Tut4
XP_001347437.1	XP_016856299.1	0	N/A	30.952	294	47	4.97e-23	107	terminal uridylyltransferase 4 isoform X40 [Homo sapiens]	TRUE	Tut4
XP_001347437.1	XP_047272282.1	0	N/A	30.952	294	47	5.05e-23	107	terminal uridylyltransferase 4 isoform X5 [Homo sapiens]	TRUE	Tut4
XP_001347437.1	NP_056084.1	0	N/A	30.952	294	47	5.05e-23	107	terminal uridylyltransferase 4 isoform b [Homo sapiens]	TRUE	Tut4
XP_001347437.1	XP_016856297.1	0	N/A	30.952	294	47	5.29e-23	107	terminal uridylyltransferase 4 isoform X36 [Homo sapiens]	TRUE	Tut4
XP_001347437.1	XP_047272345.1	0	N/A	30.952	294	47	5.4e-23	107	terminal uridylyltransferase 4 isoform X31 [Homo sapiens]	TRUE	Tut4
XP_001347437.1	XP_011539401.1	0	N/A	30.952	294	47	5.65e-23	107	terminal uridylyltransferase 4 isoform X29 [Homo sapiens]	TRUE	Tut4
XP_001347437.1	XP_047272337.1	0	N/A	30.952	294	47	5.72e-23	107	terminal uridylyltransferase 4 isoform X27 [Homo sapiens]	TRUE	Tut4
XP_001347437.1	XP_047272325.1	0	N/A	30.952	294	47	5.73e-23	107	terminal uridylyltransferase 4 isoform X23 [Homo sapiens]	TRUE	Tut4
XP_001347437.1	XP_016856296.1	0	N/A	30.952	294	47	5.87e-23	107	terminal uridylyltransferase 4 isoform X28 [Homo sapiens]	TRUE	Tut4
XP_001347437.1	XP_016856295.1	0	N/A	30.952	294	47	6.2e-23	107	terminal uridylyltransferase 4 isoform X25 [Homo sapiens]	TRUE	Tut4
XP_001347437.1	XP_047272384.1	0	N/A	30.952	294	47	8.91e-23	105	terminal uridylyltransferase 4 isoform X46 [Homo sapiens]	TRUE	Tut4
XP_001347437.1	XP_047272801.1	0	N/A	26.344	372	54	1.39e-22	103	poly(A) RNA polymerase GLD2 isoform X1 [Homo sapiens]	TRUE	TENT2
XP_001347437.1	XP_047272800.1	0	N/A	26.344	372	54	1.39e-22	103	poly(A) RNA polymerase GLD2 isoform X1 [Homo sapiens]	TRUE	TENT2
XP_001347437.1	XP_011541527.1	0	N/A	26.344	372	54	1.39e-22	103	poly(A) RNA polymerase GLD2 isoform X1 [Homo sapiens]	TRUE	TENT2
XP_001347437.1	XP_011541526.1	0	N/A	26.344	372	54	1.39e-22	103	poly(A) RNA polymerase GLD2 isoform X1 [Homo sapiens]	TRUE	TENT2
XP_001347437.1	XP_011541523.1	0	N/A	26.344	372	54	1.39e-22	103	poly(A) RNA polymerase GLD2 isoform X1 [Homo sapiens]	TRUE	TENT2
XP_001347437.1	XP_011541522.1	0	N/A	26.344	372	54	1.39e-22	103	poly(A) RNA polymerase GLD2 isoform X1 [Homo sapiens]	TRUE	TENT2
XP_001347437.1	NP_001375023.1	0	N/A	26.344	372	54	1.39e-22	103	poly(A) RNA polymerase GLD2 isoform 5 [Homo sapiens]	TRUE	TENT2
XP_001347437.1	NP_001375022.1	0	N/A	26.344	372	54	1.39e-22	103	poly(A) RNA polymerase GLD2 isoform 5 [Homo sapiens]	TRUE	TENT2
XP_001347437.1	NP_001336479.1	0	N/A	26.344	372	54	1.39e-22	103	poly(A) RNA polymerase GLD2 isoform 5 [Homo sapiens]	TRUE	TENT2
XP_001347437.1	NP_001336478.1	0	N/A	26.344	372	54	1.39e-22	103	poly(A) RNA polymerase GLD2 isoform 5 [Homo sapiens]	TRUE	TENT2
XP_001347437.1	NP_001375030.1	0	N/A	27.298	359	54	1.42e-22	103	poly(A) RNA polymerase GLD2 isoform 9 [Homo sapiens]	TRUE	TENT2
XP_001347437.1	NP_001375029.1	0	N/A	26.611	357	54	3.91e-22	102	poly(A) RNA polymerase GLD2 isoform 8 [Homo sapiens]	TRUE	TENT2
XP_001347437.1	NP_001375028.1	0	N/A	26.611	357	54	3.91e-22	102	poly(A) RNA polymerase GLD2 isoform 8 [Homo sapiens]	TRUE	TENT2
XP_001347437.1	XP_047272295.1	0	N/A	30.034	293	47	1.05e-21	103	terminal uridylyltransferase 4 isoform X12 [Homo sapiens]	TRUE	Tut4
XP_001347437.1	XP_047272296.1	0	N/A	30.034	293	47	1.06e-21	103	terminal uridylyltransferase 4 isoform X13 [Homo sapiens]	TRUE	Tut4
XP_001347437.1	XP_047272372.1	0	N/A	30.034	293	47	1.11e-21	102	terminal uridylyltransferase 4 isoform X42 [Homo sapiens]	TRUE	Tut4
XP_001347437.1	XP_047272305.1	0	N/A	30.034	293	47	1.12e-21	102	terminal uridylyltransferase 4 isoform X17 [Homo sapiens]	TRUE	Tut4
XP_001347437.1	XP_047272290.1	0	N/A	30.034	293	47	1.14e-21	102	terminal uridylyltransferase 4 isoform X11 [Homo sapiens]	TRUE	Tut4
XP_001347437.1	XP_047272286.1	0	N/A	30.034	293	47	1.19e-21	102	terminal uridylyltransferase 4 isoform X8 [Homo sapiens]	TRUE	Tut4
XP_001347437.1	XP_047272350.1	0	N/A	30.034	293	47	1.2e-21	102	terminal uridylyltransferase 4 isoform X34 [Homo sapiens]	TRUE	Tut4
XP_001350055.1	XP_047272622.1	0	N/A	33.577	274	31	1.04e-38	154	terminal nucleotidyltransferase 4A isoform X1 [Homo sapiens]	TRUE	TENT4A
XP_001350055.1	XP_047272621.1	0	N/A	33.577	274	31	1.04e-38	154	terminal nucleotidyltransferase 4A isoform X1 [Homo sapiens]	TRUE	TENT4A
XP_001350055.1	XP_047272620.1	0	N/A	33.577	274	31	1.04e-38	154	terminal nucleotidyltransferase 4A isoform X1 [Homo sapiens]	TRUE	TENT4A
XP_001350055.1	NP_008930.2	0	N/A	33.577	274	31	1.71e-38	156	terminal nucleotidyltransferase 4A isoform 1 [Homo sapiens]	TRUE	TENT4A
XP_001350055.1	NP_001165276.2	0	N/A	33.577	274	31	2.21e-38	156	terminal nucleotidyltransferase 4A isoform 2 [Homo sapiens]	TRUE	TENT4A
XP_001350055.1	XP_047272623.1	0	N/A	34.496	258	29	1.28e-36	148	terminal nucleotidyltransferase 4A isoform X2 [Homo sapiens]	TRUE	TENT4A
XP_001350055.1	XP_016864477.1	0	N/A	34.496	258	29	1.28e-36	148	terminal nucleotidyltransferase 4A isoform X2 [Homo sapiens]	TRUE	TENT4A
XP_001350055.1	XP_047272624.1	0	N/A	34.496	258	29	1.46e-36	147	terminal nucleotidyltransferase 4A isoform X3 [Homo sapiens]	TRUE	TENT4A
XP_001350055.1	XP_047290433.1	0	N/A	33.333	288	33	1.11e-35	144	terminal nucleotidyltransferase 4B isoform X6 [Homo sapiens]	TRUE	TENT4B
XP_001350055.1	XP_011521580.1	0	N/A	33.333	288	33	1.42e-35	144	terminal nucleotidyltransferase 4B isoform X5 [Homo sapiens]	TRUE	TENT4B
XP_001350055.1	NP_001035374.2	0	N/A	32.89	301	34	2.61e-35	146	terminal nucleotidyltransferase 4B isoform a [Homo sapiens]	TRUE	TENT4B
XP_001350055.1	XP_011521577.1	0	N/A	32.89	301	34	2.63e-35	146	terminal nucleotidyltransferase 4B isoform X1 [Homo sapiens]	TRUE	TENT4B
XP_001350055.1	NP_001035375.2	0	N/A	32.89	301	34	2.94e-35	145	terminal nucleotidyltransferase 4B isoform b [Homo sapiens]	TRUE	TENT4B
XP_001350055.1	XP_011521578.1	0	N/A	32.89	301	34	2.96e-35	145	terminal nucleotidyltransferase 4B isoform X2 [Homo sapiens]	TRUE	TENT4B
XP_001350055.1	XP_047290432.1	0	N/A	32.89	301	34	3.98e-35	145	terminal nucleotidyltransferase 4B isoform X4 [Homo sapiens]	TRUE	TENT4B
XP_001350055.1	NP_001352252.1	0	N/A	32.89	301	34	4.18e-35	145	terminal nucleotidyltransferase 4B isoform c [Homo sapiens]	TRUE	TENT4B
XP_001350055.1	NP_001352253.1	0	N/A	32.89	301	34	4.64e-35	145	terminal nucleotidyltransferase 4B isoform d [Homo sapiens]	TRUE	TENT4B
XP_001350055.1	XP_047290431.1	0	N/A	32.89	301	34	5.3e-35	144	terminal nucleotidyltransferase 4B isoform X3 [Homo sapiens]	TRUE	TENT4B
XP_001350055.1	XP_047272367.1	0	N/A	23.684	266	29	2.47e-10	67.4	terminal uridylyltransferase 4 isoform X39 [Homo sapiens]	TRUE	Tut4
XP_001350055.1	XP_047272348.1	0	N/A	23.684	266	29	2.58e-10	67.4	terminal uridylyltransferase 4 isoform X32 [Homo sapiens]	TRUE	Tut4
XP_001350055.1	XP_047272362.1	0	N/A	23.684	266	29	2.69e-10	67	terminal uridylyltransferase 4 isoform X37 [Homo sapiens]	TRUE	Tut4
XP_001350055.1	XP_047272354.1	0	N/A	23.684	266	29	2.74e-10	67	terminal uridylyltransferase 4 isoform X35 [Homo sapiens]	TRUE	Tut4
XP_001350055.1	XP_047272325.1	0	N/A	23.684	266	29	3.1e-10	67	terminal uridylyltransferase 4 isoform X23 [Homo sapiens]	TRUE	Tut4
XP_001350055.1	XP_016856296.1	0	N/A	23.684	266	29	3.15e-10	67	terminal uridylyltransferase 4 isoform X28 [Homo sapiens]	TRUE	Tut4
XP_001350055.1	XP_016856295.1	0	N/A	23.684	266	29	3.18e-10	67	terminal uridylyltransferase 4 isoform X25 [Homo sapiens]	TRUE	Tut4
XP_001350055.1	XP_047272350.1	0	N/A	23.684	266	29	3.33e-10	67	terminal uridylyltransferase 4 isoform X34 [Homo sapiens]	TRUE	Tut4
XP_001350055.1	XP_047272337.1	0	N/A	23.684	266	29	3.8e-10	66.6	terminal uridylyltransferase 4 isoform X27 [Homo sapiens]	TRUE	Tut4
XP_001350055.1	XP_047272344.1	0	N/A	23.715	253	28	3.82e-10	66.6	terminal uridylyltransferase 4 isoform X30 [Homo sapiens]	TRUE	Tut4
XP_001350055.1	NP_001375061.1	0	N/A	26.523	279	28	4.19e-10	65.5	poly(A) RNA polymerase GLD2 isoform 12 [Homo sapiens]	TRUE	TENT2
XP_001350055.1	XP_047272811.1	0	N/A	26.523	279	28	4.29e-10	65.5	poly(A) RNA polymerase GLD2 isoform X4 [Homo sapiens]	TRUE	TENT2
XP_001350055.1	XP_047272810.1	0	N/A	26.523	279	28	4.29e-10	65.5	poly(A) RNA polymerase GLD2 isoform X4 [Homo sapiens]	TRUE	TENT2
XP_001350055.1	XP_047272809.1	0	N/A	26.523	279	28	4.29e-10	65.5	poly(A) RNA polymerase GLD2 isoform X4 [Homo sapiens]	TRUE	TENT2
XP_001350055.1	NP_001375058.1	0	N/A	26.523	279	28	4.29e-10	65.5	poly(A) RNA polymerase GLD2 isoform 2 [Homo sapiens]	TRUE	TENT2
XP_001350055.1	NP_001375057.1	0	N/A	26.523	279	28	4.29e-10	65.5	poly(A) RNA polymerase GLD2 isoform 2 [Homo sapiens]	TRUE	TENT2
XP_001350055.1	NP_001375056.1	0	N/A	26.523	279	28	4.29e-10	65.5	poly(A) RNA polymerase GLD2 isoform 2 [Homo sapiens]	TRUE	TENT2
XP_001350055.1	NP_001375055.1	0	N/A	26.523	279	28	4.29e-10	65.5	poly(A) RNA polymerase GLD2 isoform 2 [Homo sapiens]	TRUE	TENT2
XP_001350055.1	NP_001375054.1	0	N/A	26.523	279	28	4.29e-10	65.5	poly(A) RNA polymerase GLD2 isoform 2 [Homo sapiens]	TRUE	TENT2
XP_001350055.1	NP_001375053.1	0	N/A	26.523	279	28	4.29e-10	65.5	poly(A) RNA polymerase GLD2 isoform 2 [Homo sapiens]	TRUE	TENT2
XP_001350055.1	NP_001375052.1	0	N/A	26.523	279	28	4.29e-10	65.5	poly(A) RNA polymerase GLD2 isoform 2 [Homo sapiens]	TRUE	TENT2
XP_001350055.1	NP_001375051.1	0	N/A	26.523	279	28	4.29e-10	65.5	poly(A) RNA polymerase GLD2 isoform 2 [Homo sapiens]	TRUE	TENT2
XP_001350055.1	NP_001375050.1	0	N/A	26.523	279	28	4.29e-10	65.5	poly(A) RNA polymerase GLD2 isoform 2 [Homo sapiens]	TRUE	TENT2
XP_001350055.1	NP_001375049.1	0	N/A	26.523	279	28	4.29e-10	65.5	poly(A) RNA polymerase GLD2 isoform 2 [Homo sapiens]	TRUE	TENT2
XP_001350055.1	NP_001375048.1	0	N/A	26.523	279	28	4.29e-10	65.5	poly(A) RNA polymerase GLD2 isoform 2 [Homo sapiens]	TRUE	TENT2
XP_001350055.1	NP_001375047.1	0	N/A	26.523	279	28	4.29e-10	65.5	poly(A) RNA polymerase GLD2 isoform 2 [Homo sapiens]	TRUE	TENT2
XP_001350055.1	NP_001375046.1	0	N/A	26.523	279	28	4.29e-10	65.5	poly(A) RNA polymerase GLD2 isoform 2 [Homo sapiens]	TRUE	TENT2
XP_001350055.1	NP_001375045.1	0	N/A	26.523	279	28	4.29e-10	65.5	poly(A) RNA polymerase GLD2 isoform 2 [Homo sapiens]	TRUE	TENT2
XP_001350055.1	NP_001375044.1	0	N/A	26.523	279	28	4.29e-10	65.5	poly(A) RNA polymerase GLD2 isoform 2 [Homo sapiens]	TRUE	TENT2
XP_001350055.1	NP_001375043.1	0	N/A	26.523	279	28	4.29e-10	65.5	poly(A) RNA polymerase GLD2 isoform 2 [Homo sapiens]	TRUE	TENT2
XP_001350055.1	NP_001336483.1	0	N/A	26.523	279	28	4.29e-10	65.5	poly(A) RNA polymerase GLD2 isoform 2 [Homo sapiens]	TRUE	TENT2
XP_001350055.1	NP_001284673.1	0	N/A	26.523	279	28	4.29e-10	65.5	poly(A) RNA polymerase GLD2 isoform 2 [Homo sapiens]	TRUE	TENT2
XP_001350055.1	NP_001375059.1	0	N/A	26.523	279	28	4.75e-10	65.5	poly(A) RNA polymerase GLD2 isoform 10 [Homo sapiens]	TRUE	TENT2
XP_001350055.1	NP_001375065.1	0	N/A	26.165	279	28	2.31e-09	62.8	poly(A) RNA polymerase GLD2 isoform 14 [Homo sapiens]	TRUE	TENT2
XP_001350055.1	XP_047272808.1	0	N/A	26.148	283	28	2.96e-09	63.2	poly(A) RNA polymerase GLD2 isoform X3 [Homo sapiens]	TRUE	TENT2
XP_001350055.1	XP_047272807.1	0	N/A	26.148	283	28	2.96e-09	63.2	poly(A) RNA polymerase GLD2 isoform X3 [Homo sapiens]	TRUE	TENT2
XP_001350055.1	XP_047272806.1	0	N/A	26.148	283	28	2.96e-09	63.2	poly(A) RNA polymerase GLD2 isoform X3 [Homo sapiens]	TRUE	TENT2
XP_001350055.1	NP_776158.2	0	N/A	26.148	283	28	2.96e-09	63.2	poly(A) RNA polymerase GLD2 isoform 1 [Homo sapiens]	TRUE	TENT2
XP_001350055.1	NP_001375041.1	0	N/A	26.148	283	28	2.96e-09	63.2	poly(A) RNA polymerase GLD2 isoform 1 [Homo sapiens]	TRUE	TENT2
XP_001350055.1	NP_001375040.1	0	N/A	26.148	283	28	2.96e-09	63.2	poly(A) RNA polymerase GLD2 isoform 1 [Homo sapiens]	TRUE	TENT2
XP_001350055.1	NP_001375039.1	0	N/A	26.148	283	28	2.96e-09	63.2	poly(A) RNA polymerase GLD2 isoform 1 [Homo sapiens]	TRUE	TENT2
XP_001350055.1	NP_001375038.1	0	N/A	26.148	283	28	2.96e-09	63.2	poly(A) RNA polymerase GLD2 isoform 1 [Homo sapiens]	TRUE	TENT2
XP_001350055.1	NP_001375037.1	0	N/A	26.148	283	28	2.96e-09	63.2	poly(A) RNA polymerase GLD2 isoform 1 [Homo sapiens]	TRUE	TENT2
XP_001350055.1	NP_001375036.1	0	N/A	26.148	283	28	2.96e-09	63.2	poly(A) RNA polymerase GLD2 isoform 1 [Homo sapiens]	TRUE	TENT2
XP_001350055.1	NP_001375035.1	0	N/A	26.148	283	28	2.96e-09	63.2	poly(A) RNA polymerase GLD2 isoform 1 [Homo sapiens]	TRUE	TENT2
XP_001350055.1	NP_001375034.1	0	N/A	26.148	283	28	2.96e-09	63.2	poly(A) RNA polymerase GLD2 isoform 1 [Homo sapiens]	TRUE	TENT2
XP_001350055.1	NP_001375032.1	0	N/A	26.148	283	28	2.96e-09	63.2	poly(A) RNA polymerase GLD2 isoform 1 [Homo sapiens]	TRUE	TENT2
XP_001350055.1	NP_001375031.1	0	N/A	26.148	283	28	2.96e-09	63.2	poly(A) RNA polymerase GLD2 isoform 1 [Homo sapiens]	TRUE	TENT2
XP_001350055.1	NP_001336482.1	0	N/A	26.148	283	28	2.96e-09	63.2	poly(A) RNA polymerase GLD2 isoform 1 [Homo sapiens]	TRUE	TENT2
XP_001350055.1	NP_001336481.1	0	N/A	26.148	283	28	2.96e-09	63.2	poly(A) RNA polymerase GLD2 isoform 1 [Homo sapiens]	TRUE	TENT2
XP_001350055.1	NP_001107866.1	0	N/A	26.148	283	28	2.96e-09	63.2	poly(A) RNA polymerase GLD2 isoform 1 [Homo sapiens]	TRUE	TENT2
XP_001350055.1	NP_001107865.1	0	N/A	26.148	283	28	2.96e-09	63.2	poly(A) RNA polymerase GLD2 isoform 1 [Homo sapiens]	TRUE	TENT2
XP_001350055.1	NP_001375060.1	0	N/A	26.148	283	28	3.33e-09	62.8	poly(A) RNA polymerase GLD2 isoform 11 [Homo sapiens]	TRUE	TENT2
XP_001350055.1	NP_001375042.1	0	N/A	26.148	283	28	3.58e-09	62.8	poly(A) RNA polymerase GLD2 isoform 16 [Homo sapiens]	TRUE	TENT2
XP_001350055.1	XP_047272805.1	0	N/A	24.342	304	28	5.48e-09	62.4	poly(A) RNA polymerase GLD2 isoform X2 [Homo sapiens]	TRUE	TENT2
XP_001350055.1	XP_047272804.1	0	N/A	24.342	304	28	5.48e-09	62.4	poly(A) RNA polymerase GLD2 isoform X2 [Homo sapiens]	TRUE	TENT2
XP_001350055.1	XP_047272803.1	0	N/A	24.342	304	28	5.48e-09	62.4	poly(A) RNA polymerase GLD2 isoform X2 [Homo sapiens]	TRUE	TENT2
XP_001350055.1	XP_047272802.1	0	N/A	24.342	304	28	5.48e-09	62.4	poly(A) RNA polymerase GLD2 isoform X2 [Homo sapiens]	TRUE	TENT2
XP_001350055.1	XP_016864641.1	0	N/A	24.342	304	28	5.48e-09	62.4	poly(A) RNA polymerase GLD2 isoform X2 [Homo sapiens]	TRUE	TENT2
XP_001350055.1	NP_001375026.1	0	N/A	24.342	304	28	5.48e-09	62.4	poly(A) RNA polymerase GLD2 isoform 6 [Homo sapiens]	TRUE	TENT2
XP_001350055.1	NP_001375025.1	0	N/A	24.342	304	28	5.48e-09	62.4	poly(A) RNA polymerase GLD2 isoform 6 [Homo sapiens]	TRUE	TENT2
XP_001350055.1	NP_001375024.1	0	N/A	24.342	304	28	5.48e-09	62.4	poly(A) RNA polymerase GLD2 isoform 6 [Homo sapiens]	TRUE	TENT2
XP_001350055.1	NP_001336480.1	0	N/A	24.342	304	28	5.48e-09	62.4	poly(A) RNA polymerase GLD2 isoform 6 [Homo sapiens]	TRUE	TENT2
XP_001350055.1	NP_001375027.1	0	N/A	24.342	304	28	5.86e-09	62	poly(A) RNA polymerase GLD2 isoform 7 [Homo sapiens]	TRUE	TENT2
XP_001350055.1	NP_001317647.1	0	N/A	26.344	186	21	2.05e-08	60.8	terminal uridylyltransferase 7 isoform 3 [Homo sapiens]	TRUE	Tut7
XP_001350055.1	NP_001375030.1	0	N/A	25	288	28	2.53e-08	60.1	poly(A) RNA polymerase GLD2 isoform 9 [Homo sapiens]	TRUE	TENT2
XP_001350055.1	XP_047279825.1	0	N/A	26.344	186	21	3.64e-08	60.1	terminal uridylyltransferase 7 isoform X6 [Homo sapiens]	TRUE	Tut7
XP_001350055.1	XP_047279824.1	0	N/A	26.344	186	21	3.64e-08	60.1	terminal uridylyltransferase 7 isoform X6 [Homo sapiens]	TRUE	Tut7
XP_001350055.1	XP_005252264.1	0	N/A	26.344	186	21	3.64e-08	60.1	terminal uridylyltransferase 7 isoform X6 [Homo sapiens]	TRUE	Tut7
XP_001350055.1	XP_016870620.1	0	N/A	26.344	186	21	3.64e-08	60.1	terminal uridylyltransferase 7 isoform X4 [Homo sapiens]	TRUE	Tut7
XP_001350055.1	XP_016870619.1	0	N/A	26.344	186	21	3.64e-08	60.1	terminal uridylyltransferase 7 isoform X4 [Homo sapiens]	TRUE	Tut7
XP_001350055.1	NP_078893.2	0	N/A	26.344	186	21	3.64e-08	60.1	terminal uridylyltransferase 7 isoform 1 [Homo sapiens]	TRUE	Tut7
XP_001350055.1	NP_001171988.1	0	N/A	26.344	186	21	3.64e-08	60.1	terminal uridylyltransferase 7 isoform 1 [Homo sapiens]	TRUE	Tut7
XP_001350055.1	XP_011517318.1	0	N/A	26.344	186	21	3.67e-08	60.1	terminal uridylyltransferase 7 isoform X5 [Homo sapiens]	TRUE	Tut7
XP_001350055.1	XP_047279823.1	0	N/A	26.344	186	21	4.2e-08	60.1	terminal uridylyltransferase 7 isoform X2 [Homo sapiens]	TRUE	Tut7
XP_001350055.1	XP_006717346.1	0	N/A	26.344	186	21	4.2e-08	60.1	terminal uridylyltransferase 7 isoform X2 [Homo sapiens]	TRUE	Tut7
XP_001350055.1	XP_011517317.1	0	N/A	26.344	186	21	4.57e-08	60.1	terminal uridylyltransferase 7 isoform X3 [Homo sapiens]	TRUE	Tut7
XP_001350055.1	XP_005252265.1	0	N/A	26.344	186	21	4.63e-08	59.7	terminal uridylyltransferase 7 isoform X7 [Homo sapiens]	TRUE	Tut7
XP_001350055.1	XP_011517316.1	0	N/A	26.344	186	21	5.29e-08	59.7	terminal uridylyltransferase 7 isoform X1 [Homo sapiens]	TRUE	Tut7
XP_001350055.1	XP_011517315.1	0	N/A	26.344	186	21	5.29e-08	59.7	terminal uridylyltransferase 7 isoform X1 [Homo sapiens]	TRUE	Tut7
XP_001350055.1	XP_011517314.1	0	N/A	26.344	186	21	5.29e-08	59.7	terminal uridylyltransferase 7 isoform X1 [Homo sapiens]	TRUE	Tut7
XP_001350055.1	XP_011517313.1	0	N/A	26.344	186	21	5.29e-08	59.7	terminal uridylyltransferase 7 isoform X1 [Homo sapiens]	TRUE	Tut7
XP_001350671.1	XP_047272622.1	0	N/A	31.844	179	15	5.05e-20	98.2	terminal nucleotidyltransferase 4A isoform X1 [Homo sapiens]	TRUE	TENT4A
XP_001350671.1	XP_047272621.1	0	N/A	31.844	179	15	5.05e-20	98.2	terminal nucleotidyltransferase 4A isoform X1 [Homo sapiens]	TRUE	TENT4A
XP_001350671.1	XP_047272620.1	0	N/A	31.844	179	15	5.05e-20	98.2	terminal nucleotidyltransferase 4A isoform X1 [Homo sapiens]	TRUE	TENT4A
XP_001350671.1	NP_001165276.2	0	N/A	31.383	188	16	5.17e-20	99	terminal nucleotidyltransferase 4A isoform 2 [Homo sapiens]	TRUE	TENT4A
XP_001350671.1	NP_008930.2	0	N/A	31.383	188	16	5.4e-20	99	terminal nucleotidyltransferase 4A isoform 1 [Homo sapiens]	TRUE	TENT4A
XP_001350671.1	XP_047272623.1	0	N/A	31.765	170	15	1.02e-18	94	terminal nucleotidyltransferase 4A isoform X2 [Homo sapiens]	TRUE	TENT4A
XP_001350671.1	XP_016864477.1	0	N/A	31.765	170	15	1.02e-18	94	terminal nucleotidyltransferase 4A isoform X2 [Homo sapiens]	TRUE	TENT4A
XP_001350671.1	XP_047272624.1	0	N/A	31.765	170	15	1.06e-18	94	terminal nucleotidyltransferase 4A isoform X3 [Homo sapiens]	TRUE	TENT4A
XP_001350671.1	XP_011521580.1	0	N/A	30.539	167	14	1.79e-18	93.2	terminal nucleotidyltransferase 4B isoform X5 [Homo sapiens]	TRUE	TENT4B
XP_001350671.1	NP_001035374.2	0	N/A	30.539	167	14	2.04e-18	93.6	terminal nucleotidyltransferase 4B isoform a [Homo sapiens]	TRUE	TENT4B
XP_001350671.1	XP_011521577.1	0	N/A	30.539	167	14	2.05e-18	93.6	terminal nucleotidyltransferase 4B isoform X1 [Homo sapiens]	TRUE	TENT4B
XP_001350671.1	NP_001352252.1	0	N/A	30.539	167	14	2.34e-18	93.6	terminal nucleotidyltransferase 4B isoform c [Homo sapiens]	TRUE	TENT4B
XP_001350671.1	NP_001352253.1	0	N/A	30.539	167	14	2.5e-18	93.2	terminal nucleotidyltransferase 4B isoform d [Homo sapiens]	TRUE	TENT4B
XP_001350671.1	XP_047290433.1	0	N/A	30.539	167	14	2.91e-18	92	terminal nucleotidyltransferase 4B isoform X6 [Homo sapiens]	TRUE	TENT4B
XP_001350671.1	NP_001035375.2	0	N/A	30.539	167	14	3.56e-18	92.8	terminal nucleotidyltransferase 4B isoform b [Homo sapiens]	TRUE	TENT4B
XP_001350671.1	XP_011521578.1	0	N/A	30.539	167	14	3.57e-18	92.8	terminal nucleotidyltransferase 4B isoform X2 [Homo sapiens]	TRUE	TENT4B
XP_001350671.1	XP_047290432.1	0	N/A	30.539	167	14	3.67e-18	92.8	terminal nucleotidyltransferase 4B isoform X4 [Homo sapiens]	TRUE	TENT4B
XP_001350671.1	XP_047290431.1	0	N/A	30.539	167	14	4.12e-18	92.4	terminal nucleotidyltransferase 4B isoform X3 [Homo sapiens]	TRUE	TENT4B
XP_001350671.1	NP_001317647.1	0	N/A	31.214	173	14	7.12e-15	82.4	terminal uridylyltransferase 7 isoform 3 [Homo sapiens]	TRUE	Tut7
XP_001350671.1	XP_047279825.1	0	N/A	31.214	173	14	1.37e-14	82	terminal uridylyltransferase 7 isoform X6 [Homo sapiens]	TRUE	Tut7
XP_001350671.1	XP_047279824.1	0	N/A	31.214	173	14	1.37e-14	82	terminal uridylyltransferase 7 isoform X6 [Homo sapiens]	TRUE	Tut7
XP_001350671.1	XP_005252264.1	0	N/A	31.214	173	14	1.37e-14	82	terminal uridylyltransferase 7 isoform X6 [Homo sapiens]	TRUE	Tut7
XP_001350671.1	XP_016870620.1	0	N/A	31.214	173	14	1.42e-14	81.6	terminal uridylyltransferase 7 isoform X4 [Homo sapiens]	TRUE	Tut7
XP_001350671.1	XP_016870619.1	0	N/A	31.214	173	14	1.42e-14	81.6	terminal uridylyltransferase 7 isoform X4 [Homo sapiens]	TRUE	Tut7
XP_001350671.1	NP_078893.2	0	N/A	31.214	173	14	1.42e-14	81.6	terminal uridylyltransferase 7 isoform 1 [Homo sapiens]	TRUE	Tut7
XP_001350671.1	NP_001171988.1	0	N/A	31.214	173	14	1.42e-14	81.6	terminal uridylyltransferase 7 isoform 1 [Homo sapiens]	TRUE	Tut7
XP_001350671.1	XP_011517318.1	0	N/A	31.214	173	14	1.48e-14	81.6	terminal uridylyltransferase 7 isoform X5 [Homo sapiens]	TRUE	Tut7
XP_001350671.1	XP_047279823.1	0	N/A	31.214	173	14	1.58e-14	81.6	terminal uridylyltransferase 7 isoform X2 [Homo sapiens]	TRUE	Tut7
XP_001350671.1	XP_006717346.1	0	N/A	31.214	173	14	1.58e-14	81.6	terminal uridylyltransferase 7 isoform X2 [Homo sapiens]	TRUE	Tut7
XP_001350671.1	XP_011517317.1	0	N/A	31.214	173	14	1.8e-14	81.6	terminal uridylyltransferase 7 isoform X3 [Homo sapiens]	TRUE	Tut7
XP_001350671.1	XP_005252265.1	0	N/A	31.214	173	14	1.81e-14	81.3	terminal uridylyltransferase 7 isoform X7 [Homo sapiens]	TRUE	Tut7
XP_001350671.1	XP_011517316.1	0	N/A	31.214	173	14	2.04e-14	81.3	terminal uridylyltransferase 7 isoform X1 [Homo sapiens]	TRUE	Tut7
XP_001350671.1	XP_011517315.1	0	N/A	31.214	173	14	2.04e-14	81.3	terminal uridylyltransferase 7 isoform X1 [Homo sapiens]	TRUE	Tut7
XP_001350671.1	XP_011517314.1	0	N/A	31.214	173	14	2.04e-14	81.3	terminal uridylyltransferase 7 isoform X1 [Homo sapiens]	TRUE	Tut7
XP_001350671.1	XP_011517313.1	0	N/A	31.214	173	14	2.04e-14	81.3	terminal uridylyltransferase 7 isoform X1 [Homo sapiens]	TRUE	Tut7
XP_001350671.1	XP_016856293.1	0	N/A	29.213	178	14	2.39e-13	77.8	terminal uridylyltransferase 4 isoform X16 [Homo sapiens]	TRUE	Tut4
XP_001350671.1	XP_047272288.1	0	N/A	29.213	178	14	2.61e-13	77.8	terminal uridylyltransferase 4 isoform X10 [Homo sapiens]	TRUE	Tut4
XP_001350671.1	XP_016856292.1	0	N/A	29.213	178	14	2.81e-13	77.4	terminal uridylyltransferase 4 isoform X9 [Homo sapiens]	TRUE	Tut4
XP_001350671.1	XP_047272283.1	0	N/A	29.213	178	14	2.97e-13	77.4	terminal uridylyltransferase 4 isoform X6 [Homo sapiens]	TRUE	Tut4
XP_001350671.1	XP_005270737.1	0	N/A	29.213	178	14	2.97e-13	77.4	terminal uridylyltransferase 4 isoform X6 [Homo sapiens]	TRUE	Tut4
XP_001350671.1	XP_047272282.1	0	N/A	29.213	178	14	3.23e-13	77.4	terminal uridylyltransferase 4 isoform X5 [Homo sapiens]	TRUE	Tut4
XP_001350671.1	NP_056084.1	0	N/A	29.213	178	14	3.23e-13	77.4	terminal uridylyltransferase 4 isoform b [Homo sapiens]	TRUE	Tut4
XP_001350671.1	XP_047272285.1	0	N/A	29.213	178	14	3.33e-13	77.4	terminal uridylyltransferase 4 isoform X7 [Homo sapiens]	TRUE	Tut4
XP_001350671.1	XP_016856299.1	0	N/A	29.213	178	14	3.37e-13	77.4	terminal uridylyltransferase 4 isoform X40 [Homo sapiens]	TRUE	Tut4
XP_001350671.1	XP_047272281.1	0	N/A	29.213	178	14	3.49e-13	77.4	terminal uridylyltransferase 4 isoform X4 [Homo sapiens]	TRUE	Tut4
XP_001350671.1	NP_001009881.1	0	N/A	29.213	178	14	3.49e-13	77.4	terminal uridylyltransferase 4 isoform a [Homo sapiens]	TRUE	Tut4
XP_001350671.1	XP_047272280.1	0	N/A	29.213	178	14	3.7e-13	77	terminal uridylyltransferase 4 isoform X3 [Homo sapiens]	TRUE	Tut4
XP_001350671.1	XP_005270736.1	0	N/A	29.213	178	14	3.7e-13	77	terminal uridylyltransferase 4 isoform X3 [Homo sapiens]	TRUE	Tut4
XP_001350671.1	XP_016856297.1	0	N/A	29.213	178	14	3.86e-13	77	terminal uridylyltransferase 4 isoform X36 [Homo sapiens]	TRUE	Tut4
XP_001350671.1	XP_047272365.1	0	N/A	29.213	178	14	3.89e-13	77	terminal uridylyltransferase 4 isoform X38 [Homo sapiens]	TRUE	Tut4
XP_001350671.1	XP_011539399.1	0	N/A	29.213	178	14	3.93e-13	77	terminal uridylyltransferase 4 isoform X1 [Homo sapiens]	TRUE	Tut4
XP_001350671.1	XP_005270733.1	0	N/A	29.213	178	14	3.93e-13	77	terminal uridylyltransferase 4 isoform X1 [Homo sapiens]	TRUE	Tut4
XP_001350671.1	XP_005270735.1	0	N/A	29.213	178	14	4.1e-13	77	terminal uridylyltransferase 4 isoform X2 [Homo sapiens]	TRUE	Tut4
XP_001350671.1	XP_005270739.1	0	N/A	29.213	178	14	4.69e-13	77	terminal uridylyltransferase 4 isoform X33 [Homo sapiens]	TRUE	Tut4
XP_001350671.1	XP_047272345.1	0	N/A	29.213	178	14	5.16e-13	76.6	terminal uridylyltransferase 4 isoform X31 [Homo sapiens]	TRUE	Tut4
XP_001350671.1	XP_011539401.1	0	N/A	29.213	178	14	5.39e-13	76.6	terminal uridylyltransferase 4 isoform X29 [Homo sapiens]	TRUE	Tut4
XP_001350671.1	XP_016856296.1	0	N/A	29.213	178	14	5.44e-13	76.6	terminal uridylyltransferase 4 isoform X28 [Homo sapiens]	TRUE	Tut4
XP_001350671.1	XP_047272337.1	0	N/A	29.213	178	14	6.56e-13	76.3	terminal uridylyltransferase 4 isoform X27 [Homo sapiens]	TRUE	Tut4
XP_001350671.1	XP_016856295.1	0	N/A	29.213	178	14	6.73e-13	76.3	terminal uridylyltransferase 4 isoform X25 [Homo sapiens]	TRUE	Tut4
XP_001350671.1	XP_047272325.1	0	N/A	29.213	178	14	7.46e-13	76.3	terminal uridylyltransferase 4 isoform X23 [Homo sapiens]	TRUE	Tut4
XP_001350671.1	XP_047272384.1	0	N/A	29.213	178	14	1.49e-12	75.1	terminal uridylyltransferase 4 isoform X46 [Homo sapiens]	TRUE	Tut4
XP_001350671.1	XP_047272305.1	0	N/A	30	160	13	8.86e-12	72.8	terminal uridylyltransferase 4 isoform X17 [Homo sapiens]	TRUE	Tut4
XP_001350671.1	XP_047272295.1	0	N/A	30	160	13	1.02e-11	72.4	terminal uridylyltransferase 4 isoform X12 [Homo sapiens]	TRUE	Tut4
XP_001350671.1	XP_047272286.1	0	N/A	30	160	13	1.07e-11	72.4	terminal uridylyltransferase 4 isoform X8 [Homo sapiens]	TRUE	Tut4
XP_001350671.1	XP_047272296.1	0	N/A	30	160	13	1.09e-11	72.4	terminal uridylyltransferase 4 isoform X13 [Homo sapiens]	TRUE	Tut4
XP_001350671.1	XP_047272290.1	0	N/A	30	160	13	1.11e-11	72.4	terminal uridylyltransferase 4 isoform X11 [Homo sapiens]	TRUE	Tut4
XP_001350671.1	XP_047272372.1	0	N/A	30	160	13	1.18e-11	72.4	terminal uridylyltransferase 4 isoform X42 [Homo sapiens]	TRUE	Tut4
XP_001350671.1	XP_047272350.1	0	N/A	30	160	13	1.43e-11	72	terminal uridylyltransferase 4 isoform X34 [Homo sapiens]	TRUE	Tut4
XP_001350671.1	XP_047272344.1	0	N/A	30	160	13	1.63e-11	71.6	terminal uridylyltransferase 4 isoform X30 [Homo sapiens]	TRUE	Tut4
XP_001350671.1	NP_001172003.1	0	N/A	34.259	108	9	4.37e-08	60.5	terminal uridylyltransferase 7 isoform 2 [Homo sapiens]	TRUE	Tut7
XP_001350671.1	XP_047272336.1	0	N/A	26.966	178	14	8.03e-07	56.2	terminal uridylyltransferase 4 isoform X26 [Homo sapiens]	TRUE	Tut4
XP_001350671.1	XP_047272327.1	0	N/A	28.378	148	12	8.67e-07	56.2	terminal uridylyltransferase 4 isoform X24 [Homo sapiens]	TRUE	Tut4
XP_001350671.1	XP_047272320.1	0	N/A	28.378	148	12	8.89e-07	56.2	terminal uridylyltransferase 4 isoform X22 [Homo sapiens]	TRUE	Tut4
XP_001350671.1	XP_047272311.1	0	N/A	28.378	148	12	1e-06	56.2	terminal uridylyltransferase 4 isoform X21 [Homo sapiens]	TRUE	Tut4
XP_001350671.1	XP_016856294.1	0	N/A	28.378	148	12	1.1e-06	55.8	terminal uridylyltransferase 4 isoform X20 [Homo sapiens]	TRUE	Tut4
XP_001350671.1	XP_047272377.1	0	N/A	28.378	148	12	1.13e-06	55.8	terminal uridylyltransferase 4 isoform X44 [Homo sapiens]	TRUE	Tut4
XP_001350671.1	XP_047272306.1	0	N/A	28.378	148	12	1.14e-06	55.8	terminal uridylyltransferase 4 isoform X18 [Homo sapiens]	TRUE	Tut4
XP_001350671.1	XP_047272307.1	0	N/A	28.378	148	12	1.15e-06	55.8	terminal uridylyltransferase 4 isoform X19 [Homo sapiens]	TRUE	Tut4
XP_001350671.1	XP_047272373.1	0	N/A	28.378	148	12	1.17e-06	55.8	terminal uridylyltransferase 4 isoform X43 [Homo sapiens]	TRUE	Tut4
XP_001350671.1	XP_047272303.1	0	N/A	28.378	148	12	1.21e-06	55.8	terminal uridylyltransferase 4 isoform X15 [Homo sapiens]	TRUE	Tut4
XP_001350671.1	XP_005270738.1	0	N/A	28.378	148	12	1.21e-06	55.8	terminal uridylyltransferase 4 isoform X14 [Homo sapiens]	TRUE	Tut4
XP_001350671.1	XP_047272369.1	0	N/A	28.378	148	12	1.58e-06	55.5	terminal uridylyltransferase 4 isoform X41 [Homo sapiens]	TRUE	Tut4
XP_001350671.1	XP_047272367.1	0	N/A	28.378	148	12	1.65e-06	55.5	terminal uridylyltransferase 4 isoform X39 [Homo sapiens]	TRUE	Tut4
XP_001350671.1	XP_047272362.1	0	N/A	28.378	148	12	1.74e-06	55.5	terminal uridylyltransferase 4 isoform X37 [Homo sapiens]	TRUE	Tut4
XP_001350671.1	XP_047272354.1	0	N/A	28.378	148	12	1.8e-06	55.1	terminal uridylyltransferase 4 isoform X35 [Homo sapiens]	TRUE	Tut4
XP_001350671.1	XP_047272348.1	0	N/A	28.378	148	12	1.99e-06	55.1	terminal uridylyltransferase 4 isoform X32 [Homo sapiens]	TRUE	Tut4
XP_001350671.1	NP_001375065.1	0	N/A	22.759	145	12	2.88e-06	53.5	poly(A) RNA polymerase GLD2 isoform 14 [Homo sapiens]	TRUE	TENT2
XP_001350671.1	NP_001375061.1	0	N/A	21.327	211	17	3.39e-06	53.5	poly(A) RNA polymerase GLD2 isoform 12 [Homo sapiens]	TRUE	TENT2
XP_001350671.1	XP_047272811.1	0	N/A	21.327	211	17	5.18e-06	53.1	poly(A) RNA polymerase GLD2 isoform X4 [Homo sapiens]	TRUE	TENT2
XP_001350671.1	XP_047272810.1	0	N/A	21.327	211	17	5.18e-06	53.1	poly(A) RNA polymerase GLD2 isoform X4 [Homo sapiens]	TRUE	TENT2
XP_001350671.1	XP_047272809.1	0	N/A	21.327	211	17	5.18e-06	53.1	poly(A) RNA polymerase GLD2 isoform X4 [Homo sapiens]	TRUE	TENT2
XP_001350671.1	NP_001375058.1	0	N/A	21.327	211	17	5.18e-06	53.1	poly(A) RNA polymerase GLD2 isoform 2 [Homo sapiens]	TRUE	TENT2
XP_001350671.1	NP_001375057.1	0	N/A	21.327	211	17	5.18e-06	53.1	poly(A) RNA polymerase GLD2 isoform 2 [Homo sapiens]	TRUE	TENT2
XP_001350671.1	NP_001375056.1	0	N/A	21.327	211	17	5.18e-06	53.1	poly(A) RNA polymerase GLD2 isoform 2 [Homo sapiens]	TRUE	TENT2
XP_001350671.1	NP_001375055.1	0	N/A	21.327	211	17	5.18e-06	53.1	poly(A) RNA polymerase GLD2 isoform 2 [Homo sapiens]	TRUE	TENT2
XP_001350671.1	NP_001375054.1	0	N/A	21.327	211	17	5.18e-06	53.1	poly(A) RNA polymerase GLD2 isoform 2 [Homo sapiens]	TRUE	TENT2
XP_001350671.1	NP_001375053.1	0	N/A	21.327	211	17	5.18e-06	53.1	poly(A) RNA polymerase GLD2 isoform 2 [Homo sapiens]	TRUE	TENT2
XP_001350671.1	NP_001375052.1	0	N/A	21.327	211	17	5.18e-06	53.1	poly(A) RNA polymerase GLD2 isoform 2 [Homo sapiens]	TRUE	TENT2
XP_001350671.1	NP_001375051.1	0	N/A	21.327	211	17	5.18e-06	53.1	poly(A) RNA polymerase GLD2 isoform 2 [Homo sapiens]	TRUE	TENT2
XP_001350671.1	NP_001375050.1	0	N/A	21.327	211	17	5.18e-06	53.1	poly(A) RNA polymerase GLD2 isoform 2 [Homo sapiens]	TRUE	TENT2
XP_001423802.1	NP_001352252.1	0	N/A	31.42	331	86	1.64e-38	147	terminal nucleotidyltransferase 4B isoform c [Homo sapiens]	TRUE	TENT4B
XP_001423802.1	XP_047290432.1	0	N/A	30.909	330	86	1.66e-38	147	terminal nucleotidyltransferase 4B isoform X4 [Homo sapiens]	TRUE	TENT4B
XP_001423802.1	NP_001352253.1	0	N/A	31.42	331	86	1.94e-38	147	terminal nucleotidyltransferase 4B isoform d [Homo sapiens]	TRUE	TENT4B
XP_001423802.1	XP_047290431.1	0	N/A	31.42	331	86	2.24e-38	147	terminal nucleotidyltransferase 4B isoform X3 [Homo sapiens]	TRUE	TENT4B
XP_001423802.1	NP_001035375.2	0	N/A	30.931	333	86	2.31e-38	147	terminal nucleotidyltransferase 4B isoform b [Homo sapiens]	TRUE	TENT4B
XP_001423802.1	XP_011521578.1	0	N/A	30.931	333	86	2.33e-38	147	terminal nucleotidyltransferase 4B isoform X2 [Homo sapiens]	TRUE	TENT4B
XP_001423802.1	NP_001035374.2	0	N/A	31.42	331	86	2.77e-38	147	terminal nucleotidyltransferase 4B isoform a [Homo sapiens]	TRUE	TENT4B
XP_001423802.1	XP_011521577.1	0	N/A	31.42	331	86	2.78e-38	147	terminal nucleotidyltransferase 4B isoform X1 [Homo sapiens]	TRUE	TENT4B
XP_001423802.1	XP_047290433.1	0	N/A	31.348	319	82	3.01e-38	144	terminal nucleotidyltransferase 4B isoform X6 [Homo sapiens]	TRUE	TENT4B
XP_001423802.1	XP_011521580.1	0	N/A	31.329	316	82	3.6e-38	145	terminal nucleotidyltransferase 4B isoform X5 [Homo sapiens]	TRUE	TENT4B
XP_001423802.1	NP_008930.2	0	N/A	32.333	300	79	3.06e-34	135	terminal nucleotidyltransferase 4A isoform 1 [Homo sapiens]	TRUE	TENT4A
XP_001423802.1	NP_001165276.2	0	N/A	32.333	300	79	3.09e-34	135	terminal nucleotidyltransferase 4A isoform 2 [Homo sapiens]	TRUE	TENT4A
XP_001423802.1	XP_047272622.1	0	N/A	31.365	271	71	1.09e-28	119	terminal nucleotidyltransferase 4A isoform X1 [Homo sapiens]	TRUE	TENT4A
XP_001423802.1	XP_047272621.1	0	N/A	31.365	271	71	1.09e-28	119	terminal nucleotidyltransferase 4A isoform X1 [Homo sapiens]	TRUE	TENT4A
XP_001423802.1	XP_047272620.1	0	N/A	31.365	271	71	1.09e-28	119	terminal nucleotidyltransferase 4A isoform X1 [Homo sapiens]	TRUE	TENT4A
XP_001423802.1	XP_047272624.1	0	N/A	31.034	261	69	1.26e-26	112	terminal nucleotidyltransferase 4A isoform X3 [Homo sapiens]	TRUE	TENT4A
XP_001423802.1	XP_047272623.1	0	N/A	31.034	261	69	1.36e-26	112	terminal nucleotidyltransferase 4A isoform X2 [Homo sapiens]	TRUE	TENT4A
XP_001423802.1	XP_016864477.1	0	N/A	31.034	261	69	1.36e-26	112	terminal nucleotidyltransferase 4A isoform X2 [Homo sapiens]	TRUE	TENT4A
XP_001423802.1	XP_011517316.1	0	N/A	25	288	68	5.12e-14	75.9	terminal uridylyltransferase 7 isoform X1 [Homo sapiens]	TRUE	Tut7
XP_001423802.1	XP_011517315.1	0	N/A	25	288	68	5.12e-14	75.9	terminal uridylyltransferase 7 isoform X1 [Homo sapiens]	TRUE	Tut7
XP_001423802.1	XP_011517314.1	0	N/A	25	288	68	5.12e-14	75.9	terminal uridylyltransferase 7 isoform X1 [Homo sapiens]	TRUE	Tut7
XP_001423802.1	XP_011517313.1	0	N/A	25	288	68	5.12e-14	75.9	terminal uridylyltransferase 7 isoform X1 [Homo sapiens]	TRUE	Tut7
XP_001423802.1	XP_005252265.1	0	N/A	25	288	68	5.48e-14	75.9	terminal uridylyltransferase 7 isoform X7 [Homo sapiens]	TRUE	Tut7
XP_001423802.1	XP_011517317.1	0	N/A	25	288	68	5.49e-14	75.9	terminal uridylyltransferase 7 isoform X3 [Homo sapiens]	TRUE	Tut7
XP_001423802.1	XP_047279825.1	0	N/A	25	288	68	5.61e-14	75.9	terminal uridylyltransferase 7 isoform X6 [Homo sapiens]	TRUE	Tut7
XP_001423802.1	XP_047279824.1	0	N/A	25	288	68	5.61e-14	75.9	terminal uridylyltransferase 7 isoform X6 [Homo sapiens]	TRUE	Tut7
XP_001423802.1	XP_005252264.1	0	N/A	25	288	68	5.61e-14	75.9	terminal uridylyltransferase 7 isoform X6 [Homo sapiens]	TRUE	Tut7
XP_001423802.1	XP_011517318.1	0	N/A	25	288	68	5.67e-14	75.9	terminal uridylyltransferase 7 isoform X5 [Homo sapiens]	TRUE	Tut7
XP_001423802.1	XP_016870620.1	0	N/A	25	288	68	5.72e-14	75.9	terminal uridylyltransferase 7 isoform X4 [Homo sapiens]	TRUE	Tut7
XP_001423802.1	XP_016870619.1	0	N/A	25	288	68	5.72e-14	75.9	terminal uridylyltransferase 7 isoform X4 [Homo sapiens]	TRUE	Tut7
XP_001423802.1	NP_078893.2	0	N/A	25	288	68	5.72e-14	75.9	terminal uridylyltransferase 7 isoform 1 [Homo sapiens]	TRUE	Tut7
XP_001423802.1	NP_001171988.1	0	N/A	25	288	68	5.72e-14	75.9	terminal uridylyltransferase 7 isoform 1 [Homo sapiens]	TRUE	Tut7
XP_001423802.1	NP_001317647.1	0	N/A	25	288	68	5.97e-14	75.5	terminal uridylyltransferase 7 isoform 3 [Homo sapiens]	TRUE	Tut7
XP_001423802.1	XP_047279823.1	0	N/A	25	288	68	7.08e-14	75.5	terminal uridylyltransferase 7 isoform X2 [Homo sapiens]	TRUE	Tut7
XP_001423802.1	XP_006717346.1	0	N/A	25	288	68	7.08e-14	75.5	terminal uridylyltransferase 7 isoform X2 [Homo sapiens]	TRUE	Tut7
XP_001423802.1	XP_047272384.1	0	N/A	25.61	246	56	3.23e-13	73.6	terminal uridylyltransferase 4 isoform X46 [Homo sapiens]	TRUE	Tut4
XP_001423802.1	XP_011539401.1	0	N/A	25.61	246	56	4.95e-13	73.2	terminal uridylyltransferase 4 isoform X29 [Homo sapiens]	TRUE	Tut4
XP_001423802.1	XP_047272325.1	0	N/A	25.61	246	56	5.1e-13	73.2	terminal uridylyltransferase 4 isoform X23 [Homo sapiens]	TRUE	Tut4
XP_001423802.1	XP_047272345.1	0	N/A	25.61	246	56	5.13e-13	72.8	terminal uridylyltransferase 4 isoform X31 [Homo sapiens]	TRUE	Tut4
XP_001423802.1	XP_005270735.1	0	N/A	25.61	246	56	5.14e-13	73.2	terminal uridylyltransferase 4 isoform X2 [Homo sapiens]	TRUE	Tut4
XP_001423802.1	XP_011539399.1	0	N/A	25.61	246	56	5.14e-13	73.2	terminal uridylyltransferase 4 isoform X1 [Homo sapiens]	TRUE	Tut4
XP_001423802.1	XP_005270733.1	0	N/A	25.61	246	56	5.14e-13	73.2	terminal uridylyltransferase 4 isoform X1 [Homo sapiens]	TRUE	Tut4
XP_001423802.1	XP_047272337.1	0	N/A	25.61	246	56	5.38e-13	72.8	terminal uridylyltransferase 4 isoform X27 [Homo sapiens]	TRUE	Tut4
XP_001423802.1	XP_016856292.1	0	N/A	25.506	247	57	5.46e-13	72.8	terminal uridylyltransferase 4 isoform X9 [Homo sapiens]	TRUE	Tut4
XP_001423802.1	XP_047272283.1	0	N/A	25.506	247	57	5.52e-13	72.8	terminal uridylyltransferase 4 isoform X6 [Homo sapiens]	TRUE	Tut4
XP_001423802.1	XP_005270737.1	0	N/A	25.506	247	57	5.52e-13	72.8	terminal uridylyltransferase 4 isoform X6 [Homo sapiens]	TRUE	Tut4
XP_001423802.1	XP_016856297.1	0	N/A	25.61	246	56	5.56e-13	72.8	terminal uridylyltransferase 4 isoform X36 [Homo sapiens]	TRUE	Tut4
XP_001423802.1	XP_005270739.1	0	N/A	25.61	246	56	5.56e-13	72.8	terminal uridylyltransferase 4 isoform X33 [Homo sapiens]	TRUE	Tut4
XP_001423802.1	XP_016856295.1	0	N/A	25.61	246	56	5.68e-13	72.8	terminal uridylyltransferase 4 isoform X25 [Homo sapiens]	TRUE	Tut4
XP_001423802.1	XP_047272280.1	0	N/A	25.61	246	56	5.78e-13	72.8	terminal uridylyltransferase 4 isoform X3 [Homo sapiens]	TRUE	Tut4
XP_001423802.1	XP_005270736.1	0	N/A	25.61	246	56	5.78e-13	72.8	terminal uridylyltransferase 4 isoform X3 [Homo sapiens]	TRUE	Tut4
XP_001423802.1	XP_047272285.1	0	N/A	25.61	246	56	5.82e-13	72.8	terminal uridylyltransferase 4 isoform X7 [Homo sapiens]	TRUE	Tut4
XP_001423802.1	XP_047272288.1	0	N/A	25.506	247	57	5.86e-13	72.8	terminal uridylyltransferase 4 isoform X10 [Homo sapiens]	TRUE	Tut4
XP_001423802.1	XP_047272282.1	0	N/A	25.61	246	56	5.88e-13	72.8	terminal uridylyltransferase 4 isoform X5 [Homo sapiens]	TRUE	Tut4
XP_001423802.1	NP_056084.1	0	N/A	25.61	246	56	5.88e-13	72.8	terminal uridylyltransferase 4 isoform b [Homo sapiens]	TRUE	Tut4
XP_001423802.1	XP_047272281.1	0	N/A	25.61	246	56	5.88e-13	72.8	terminal uridylyltransferase 4 isoform X4 [Homo sapiens]	TRUE	Tut4
XP_001423802.1	NP_001009881.1	0	N/A	25.61	246	56	5.88e-13	72.8	terminal uridylyltransferase 4 isoform a [Homo sapiens]	TRUE	Tut4
XP_001423802.1	XP_016856299.1	0	N/A	25.506	247	57	6.02e-13	72.8	terminal uridylyltransferase 4 isoform X40 [Homo sapiens]	TRUE	Tut4
XP_001423802.1	XP_016856296.1	0	N/A	25.506	247	57	6.1e-13	72.8	terminal uridylyltransferase 4 isoform X28 [Homo sapiens]	TRUE	Tut4
XP_001423802.1	XP_047272365.1	0	N/A	25.506	247	57	6.48e-13	72.8	terminal uridylyltransferase 4 isoform X38 [Homo sapiens]	TRUE	Tut4
XP_001423802.1	XP_016856293.1	0	N/A	25.506	247	57	6.59e-13	72.8	terminal uridylyltransferase 4 isoform X16 [Homo sapiens]	TRUE	Tut4
XP_001423802.1	XP_047272344.1	0	N/A	24.88	209	48	5.73e-09	60.5	terminal uridylyltransferase 4 isoform X30 [Homo sapiens]	TRUE	Tut4
XP_001423802.1	XP_047272305.1	0	N/A	24.88	209	48	6.07e-09	60.5	terminal uridylyltransferase 4 isoform X17 [Homo sapiens]	TRUE	Tut4
XP_001423802.1	XP_047272286.1	0	N/A	24.88	209	48	6.13e-09	60.5	terminal uridylyltransferase 4 isoform X8 [Homo sapiens]	TRUE	Tut4
XP_001423802.1	XP_047272820.1	0	N/A	25.654	191	47	6.19e-09	58.5	poly(A) RNA polymerase GLD2 isoform X11 [Homo sapiens]	TRUE	TENT2
XP_001423802.1	XP_047272350.1	0	N/A	24.88	209	48	6.31e-09	60.5	terminal uridylyltransferase 4 isoform X34 [Homo sapiens]	TRUE	Tut4
XP_001423802.1	XP_047272372.1	0	N/A	24.88	209	48	6.34e-09	60.5	terminal uridylyltransferase 4 isoform X42 [Homo sapiens]	TRUE	Tut4
XP_001423802.1	XP_047272296.1	0	N/A	24.88	209	48	6.46e-09	60.5	terminal uridylyltransferase 4 isoform X13 [Homo sapiens]	TRUE	Tut4
XP_001423802.1	XP_047272295.1	0	N/A	24.88	209	48	6.46e-09	60.5	terminal uridylyltransferase 4 isoform X12 [Homo sapiens]	TRUE	Tut4
XP_001423802.1	XP_047272290.1	0	N/A	24.88	209	48	6.58e-09	60.1	terminal uridylyltransferase 4 isoform X11 [Homo sapiens]	TRUE	Tut4
XP_001423802.1	NP_001172003.1	0	N/A	23.982	221	53	1.02e-08	59.7	terminal uridylyltransferase 7 isoform 2 [Homo sapiens]	TRUE	Tut7
XP_001423802.1	NP_001336477.1	0	N/A	25.301	166	40	1.25e-08	57.8	poly(A) RNA polymerase GLD2 isoform 4 [Homo sapiens]	TRUE	TENT2
XP_001423802.1	NP_001375027.1	0	N/A	25.654	191	47	1.28e-08	58.9	poly(A) RNA polymerase GLD2 isoform 7 [Homo sapiens]	TRUE	TENT2
XP_001423802.1	XP_047272805.1	0	N/A	25.654	191	47	1.33e-08	58.9	poly(A) RNA polymerase GLD2 isoform X2 [Homo sapiens]	TRUE	TENT2
XP_001423802.1	XP_047272804.1	0	N/A	25.654	191	47	1.33e-08	58.9	poly(A) RNA polymerase GLD2 isoform X2 [Homo sapiens]	TRUE	TENT2
XP_001423802.1	XP_047272803.1	0	N/A	25.654	191	47	1.33e-08	58.9	poly(A) RNA polymerase GLD2 isoform X2 [Homo sapiens]	TRUE	TENT2
XP_001423802.1	XP_047272802.1	0	N/A	25.654	191	47	1.33e-08	58.9	poly(A) RNA polymerase GLD2 isoform X2 [Homo sapiens]	TRUE	TENT2
XP_001423802.1	XP_016864641.1	0	N/A	25.654	191	47	1.33e-08	58.9	poly(A) RNA polymerase GLD2 isoform X2 [Homo sapiens]	TRUE	TENT2
XP_001423802.1	NP_001375026.1	0	N/A	25.654	191	47	1.33e-08	58.9	poly(A) RNA polymerase GLD2 isoform 6 [Homo sapiens]	TRUE	TENT2
XP_001423802.1	NP_001375025.1	0	N/A	25.654	191	47	1.33e-08	58.9	poly(A) RNA polymerase GLD2 isoform 6 [Homo sapiens]	TRUE	TENT2
XP_001423802.1	NP_001375024.1	0	N/A	25.654	191	47	1.33e-08	58.9	poly(A) RNA polymerase GLD2 isoform 6 [Homo sapiens]	TRUE	TENT2
XP_001423802.1	NP_001336480.1	0	N/A	25.654	191	47	1.33e-08	58.9	poly(A) RNA polymerase GLD2 isoform 6 [Homo sapiens]	TRUE	TENT2
XP_001423802.1	XP_047272801.1	0	N/A	25.654	191	47	1.57e-08	58.5	poly(A) RNA polymerase GLD2 isoform X1 [Homo sapiens]	TRUE	TENT2
XP_001423802.1	XP_047272800.1	0	N/A	25.654	191	47	1.57e-08	58.5	poly(A) RNA polymerase GLD2 isoform X1 [Homo sapiens]	TRUE	TENT2
XP_001423802.1	XP_011541527.1	0	N/A	25.654	191	47	1.57e-08	58.5	poly(A) RNA polymerase GLD2 isoform X1 [Homo sapiens]	TRUE	TENT2
XP_001423802.1	XP_011541526.1	0	N/A	25.654	191	47	1.57e-08	58.5	poly(A) RNA polymerase GLD2 isoform X1 [Homo sapiens]	TRUE	TENT2
XP_001423802.1	XP_011541523.1	0	N/A	25.654	191	47	1.57e-08	58.5	poly(A) RNA polymerase GLD2 isoform X1 [Homo sapiens]	TRUE	TENT2
XP_001423802.1	XP_011541522.1	0	N/A	25.654	191	47	1.57e-08	58.5	poly(A) RNA polymerase GLD2 isoform X1 [Homo sapiens]	TRUE	TENT2
XP_001423802.1	NP_001375023.1	0	N/A	25.654	191	47	1.57e-08	58.5	poly(A) RNA polymerase GLD2 isoform 5 [Homo sapiens]	TRUE	TENT2
XP_001423802.1	NP_001375022.1	0	N/A	25.654	191	47	1.57e-08	58.5	poly(A) RNA polymerase GLD2 isoform 5 [Homo sapiens]	TRUE	TENT2
XP_001423802.1	NP_001336479.1	0	N/A	25.654	191	47	1.57e-08	58.5	poly(A) RNA polymerase GLD2 isoform 5 [Homo sapiens]	TRUE	TENT2
XP_001423802.1	NP_001336478.1	0	N/A	25.654	191	47	1.57e-08	58.5	poly(A) RNA polymerase GLD2 isoform 5 [Homo sapiens]	TRUE	TENT2
XP_001423802.1	NP_001375061.1	0	N/A	25.301	166	40	3.4e-08	57.4	poly(A) RNA polymerase GLD2 isoform 12 [Homo sapiens]	TRUE	TENT2
XP_001423802.1	XP_047272311.1	0	N/A	24.312	218	57	3.62e-08	57.8	terminal uridylyltransferase 4 isoform X21 [Homo sapiens]	TRUE	Tut4
XP_001423802.1	XP_047272303.1	0	N/A	24.424	217	56	3.63e-08	57.8	terminal uridylyltransferase 4 isoform X15 [Homo sapiens]	TRUE	Tut4
XP_001423802.1	XP_047272369.1	0	N/A	24.424	217	56	3.76e-08	57.8	terminal uridylyltransferase 4 isoform X41 [Homo sapiens]	TRUE	Tut4
XP_001423802.1	XP_005270738.1	0	N/A	24.424	217	56	3.76e-08	57.8	terminal uridylyltransferase 4 isoform X14 [Homo sapiens]	TRUE	Tut4
XP_001423802.1	XP_047272307.1	0	N/A	24.312	218	57	4.03e-08	57.8	terminal uridylyltransferase 4 isoform X19 [Homo sapiens]	TRUE	Tut4
XP_001423802.1	XP_047272373.1	0	N/A	24.312	218	57	4.06e-08	57.8	terminal uridylyltransferase 4 isoform X43 [Homo sapiens]	TRUE	Tut4
XP_001423802.1	XP_047272306.1	0	N/A	24.424	217	56	4.07e-08	57.8	terminal uridylyltransferase 4 isoform X18 [Homo sapiens]	TRUE	Tut4
XP_001425382.1	XP_047290433.1	0	N/A	33.846	260	43	1.25e-30	127	terminal nucleotidyltransferase 4B isoform X6 [Homo sapiens]	TRUE	TENT4B
XP_001425382.1	XP_011521580.1	0	N/A	33.846	260	43	2.67e-30	127	terminal nucleotidyltransferase 4B isoform X5 [Homo sapiens]	TRUE	TENT4B
XP_001425382.1	XP_047290432.1	0	N/A	33.846	260	43	4.1e-30	127	terminal nucleotidyltransferase 4B isoform X4 [Homo sapiens]	TRUE	TENT4B
XP_001425382.1	XP_047290431.1	0	N/A	33.846	260	43	4.39e-30	127	terminal nucleotidyltransferase 4B isoform X3 [Homo sapiens]	TRUE	TENT4B
XP_001425382.1	NP_001035375.2	0	N/A	33.846	260	43	4.39e-30	127	terminal nucleotidyltransferase 4B isoform b [Homo sapiens]	TRUE	TENT4B
XP_001425382.1	XP_011521578.1	0	N/A	33.846	260	43	4.41e-30	127	terminal nucleotidyltransferase 4B isoform X2 [Homo sapiens]	TRUE	TENT4B
XP_001425382.1	NP_001352252.1	0	N/A	33.846	260	43	5.77e-30	127	terminal nucleotidyltransferase 4B isoform c [Homo sapiens]	TRUE	TENT4B
XP_001425382.1	NP_001352253.1	0	N/A	33.846	260	43	6.97e-30	127	terminal nucleotidyltransferase 4B isoform d [Homo sapiens]	TRUE	TENT4B
XP_001425382.1	NP_001035374.2	0	N/A	33.846	260	43	7.35e-30	127	terminal nucleotidyltransferase 4B isoform a [Homo sapiens]	TRUE	TENT4B
XP_001425382.1	XP_011521577.1	0	N/A	33.846	260	43	7.38e-30	127	terminal nucleotidyltransferase 4B isoform X1 [Homo sapiens]	TRUE	TENT4B
XP_001425382.1	XP_047272623.1	0	N/A	33.46	263	43	1.76e-28	122	terminal nucleotidyltransferase 4A isoform X2 [Homo sapiens]	TRUE	TENT4A
XP_001425382.1	XP_016864477.1	0	N/A	33.46	263	43	1.76e-28	122	terminal nucleotidyltransferase 4A isoform X2 [Homo sapiens]	TRUE	TENT4A
XP_001425382.1	XP_047272624.1	0	N/A	33.46	263	43	1.97e-28	122	terminal nucleotidyltransferase 4A isoform X3 [Homo sapiens]	TRUE	TENT4A
XP_001425382.1	XP_047272622.1	0	N/A	33.46	263	43	2.89e-28	121	terminal nucleotidyltransferase 4A isoform X1 [Homo sapiens]	TRUE	TENT4A
XP_001425382.1	XP_047272621.1	0	N/A	33.46	263	43	2.89e-28	121	terminal nucleotidyltransferase 4A isoform X1 [Homo sapiens]	TRUE	TENT4A
XP_001425382.1	XP_047272620.1	0	N/A	33.46	263	43	2.89e-28	121	terminal nucleotidyltransferase 4A isoform X1 [Homo sapiens]	TRUE	TENT4A
XP_001425382.1	NP_001165276.2	0	N/A	33.46	263	43	2.32e-27	120	terminal nucleotidyltransferase 4A isoform 2 [Homo sapiens]	TRUE	TENT4A
XP_001425382.1	NP_008930.2	0	N/A	33.46	263	43	2.49e-27	119	terminal nucleotidyltransferase 4A isoform 1 [Homo sapiens]	TRUE	TENT4A
XP_001425382.1	NP_001336477.1	0	N/A	24.39	123	15	0.000309	45.4	poly(A) RNA polymerase GLD2 isoform 4 [Homo sapiens]	TRUE	TENT2
XP_001425382.1	XP_047272344.1	0	N/A	24.277	173	28	0.000315	46.6	terminal uridylyltransferase 4 isoform X30 [Homo sapiens]	TRUE	Tut4
XP_001425382.1	XP_047272286.1	0	N/A	24.277	173	28	0.000339	46.6	terminal uridylyltransferase 4 isoform X8 [Homo sapiens]	TRUE	Tut4
XP_001425382.1	XP_047272350.1	0	N/A	24.277	173	28	0.000346	46.6	terminal uridylyltransferase 4 isoform X34 [Homo sapiens]	TRUE	Tut4
XP_001425382.1	XP_047272372.1	0	N/A	24.277	173	28	0.000354	46.6	terminal uridylyltransferase 4 isoform X42 [Homo sapiens]	TRUE	Tut4
XP_001425382.1	XP_047272296.1	0	N/A	24.277	173	28	0.000369	46.6	terminal uridylyltransferase 4 isoform X13 [Homo sapiens]	TRUE	Tut4
XP_001425382.1	XP_047272290.1	0	N/A	24.277	173	28	0.00037	46.6	terminal uridylyltransferase 4 isoform X11 [Homo sapiens]	TRUE	Tut4
XP_001425382.1	XP_047272305.1	0	N/A	24.277	173	28	0.000376	46.6	terminal uridylyltransferase 4 isoform X17 [Homo sapiens]	TRUE	Tut4
XP_001425382.1	XP_047272295.1	0	N/A	24.277	173	28	0.000386	46.2	terminal uridylyltransferase 4 isoform X12 [Homo sapiens]	TRUE	Tut4
XP_001425382.1	NP_001375066.1	0	N/A	21.935	155	21	0.000481	45.1	poly(A) RNA polymerase GLD2 isoform 15 [Homo sapiens]	TRUE	TENT2
XP_001425382.1	NP_001375061.1	0	N/A	24.39	123	15	0.000523	45.4	poly(A) RNA polymerase GLD2 isoform 12 [Homo sapiens]	TRUE	TENT2
XP_001425382.1	NP_001375060.1	0	N/A	24.39	123	15	0.000544	45.4	poly(A) RNA polymerase GLD2 isoform 11 [Homo sapiens]	TRUE	TENT2
XP_001425382.1	NP_001317647.1	0	N/A	23.121	173	29	0.00055	45.8	terminal uridylyltransferase 7 isoform 3 [Homo sapiens]	TRUE	Tut7
XP_001425382.1	XP_005252265.1	0	N/A	24.242	165	27	0.000555	45.8	terminal uridylyltransferase 7 isoform X7 [Homo sapiens]	TRUE	Tut7
XP_001425382.1	XP_011517316.1	0	N/A	24.242	165	27	0.000568	45.8	terminal uridylyltransferase 7 isoform X1 [Homo sapiens]	TRUE	Tut7
XP_001425382.1	XP_011517315.1	0	N/A	24.242	165	27	0.000568	45.8	terminal uridylyltransferase 7 isoform X1 [Homo sapiens]	TRUE	Tut7
XP_001425382.1	XP_011517314.1	0	N/A	24.242	165	27	0.000568	45.8	terminal uridylyltransferase 7 isoform X1 [Homo sapiens]	TRUE	Tut7
XP_001425382.1	XP_011517313.1	0	N/A	24.242	165	27	0.000568	45.8	terminal uridylyltransferase 7 isoform X1 [Homo sapiens]	TRUE	Tut7
XP_001425382.1	XP_011517318.1	0	N/A	24.242	165	27	6e-04	45.8	terminal uridylyltransferase 7 isoform X5 [Homo sapiens]	TRUE	Tut7
XP_001425382.1	XP_047272820.1	0	N/A	24.39	123	15	0.000602	44.7	poly(A) RNA polymerase GLD2 isoform X11 [Homo sapiens]	TRUE	TENT2
XP_001425382.1	XP_047272811.1	0	N/A	24.39	123	15	0.000607	45.4	poly(A) RNA polymerase GLD2 isoform X4 [Homo sapiens]	TRUE	TENT2
XP_001425382.1	XP_047272810.1	0	N/A	24.39	123	15	0.000607	45.4	poly(A) RNA polymerase GLD2 isoform X4 [Homo sapiens]	TRUE	TENT2
XP_001425382.1	XP_047272809.1	0	N/A	24.39	123	15	0.000607	45.4	poly(A) RNA polymerase GLD2 isoform X4 [Homo sapiens]	TRUE	TENT2
XP_001425382.1	NP_001375058.1	0	N/A	24.39	123	15	0.000607	45.4	poly(A) RNA polymerase GLD2 isoform 2 [Homo sapiens]	TRUE	TENT2
XP_001425382.1	NP_001375057.1	0	N/A	24.39	123	15	0.000607	45.4	poly(A) RNA polymerase GLD2 isoform 2 [Homo sapiens]	TRUE	TENT2
XP_001425382.1	NP_001375056.1	0	N/A	24.39	123	15	0.000607	45.4	poly(A) RNA polymerase GLD2 isoform 2 [Homo sapiens]	TRUE	TENT2
XP_001425382.1	NP_001375055.1	0	N/A	24.39	123	15	0.000607	45.4	poly(A) RNA polymerase GLD2 isoform 2 [Homo sapiens]	TRUE	TENT2
XP_001425382.1	NP_001375054.1	0	N/A	24.39	123	15	0.000607	45.4	poly(A) RNA polymerase GLD2 isoform 2 [Homo sapiens]	TRUE	TENT2
XP_001425382.1	NP_001375053.1	0	N/A	24.39	123	15	0.000607	45.4	poly(A) RNA polymerase GLD2 isoform 2 [Homo sapiens]	TRUE	TENT2
XP_001425382.1	NP_001375052.1	0	N/A	24.39	123	15	0.000607	45.4	poly(A) RNA polymerase GLD2 isoform 2 [Homo sapiens]	TRUE	TENT2
XP_001425382.1	NP_001375051.1	0	N/A	24.39	123	15	0.000607	45.4	poly(A) RNA polymerase GLD2 isoform 2 [Homo sapiens]	TRUE	TENT2
XP_001425382.1	NP_001375050.1	0	N/A	24.39	123	15	0.000607	45.4	poly(A) RNA polymerase GLD2 isoform 2 [Homo sapiens]	TRUE	TENT2
XP_001425382.1	NP_001375049.1	0	N/A	24.39	123	15	0.000607	45.4	poly(A) RNA polymerase GLD2 isoform 2 [Homo sapiens]	TRUE	TENT2
XP_001425382.1	NP_001375048.1	0	N/A	24.39	123	15	0.000607	45.4	poly(A) RNA polymerase GLD2 isoform 2 [Homo sapiens]	TRUE	TENT2
XP_001425382.1	NP_001375047.1	0	N/A	24.39	123	15	0.000607	45.4	poly(A) RNA polymerase GLD2 isoform 2 [Homo sapiens]	TRUE	TENT2
XP_001425382.1	NP_001375046.1	0	N/A	24.39	123	15	0.000607	45.4	poly(A) RNA polymerase GLD2 isoform 2 [Homo sapiens]	TRUE	TENT2
XP_001425382.1	NP_001375045.1	0	N/A	24.39	123	15	0.000607	45.4	poly(A) RNA polymerase GLD2 isoform 2 [Homo sapiens]	TRUE	TENT2
XP_001425382.1	NP_001375044.1	0	N/A	24.39	123	15	0.000607	45.4	poly(A) RNA polymerase GLD2 isoform 2 [Homo sapiens]	TRUE	TENT2
XP_001425382.1	NP_001375043.1	0	N/A	24.39	123	15	0.000607	45.4	poly(A) RNA polymerase GLD2 isoform 2 [Homo sapiens]	TRUE	TENT2
XP_001425382.1	NP_001336483.1	0	N/A	24.39	123	15	0.000607	45.4	poly(A) RNA polymerase GLD2 isoform 2 [Homo sapiens]	TRUE	TENT2
XP_001425382.1	NP_001284673.1	0	N/A	24.39	123	15	0.000607	45.4	poly(A) RNA polymerase GLD2 isoform 2 [Homo sapiens]	TRUE	TENT2
XP_001425382.1	NP_001375059.1	0	N/A	24.39	123	15	0.000611	45.4	poly(A) RNA polymerase GLD2 isoform 10 [Homo sapiens]	TRUE	TENT2
XP_001425382.1	XP_011517317.1	0	N/A	24.242	165	27	0.000639	45.8	terminal uridylyltransferase 7 isoform X3 [Homo sapiens]	TRUE	Tut7
XP_001425382.1	XP_047272808.1	0	N/A	24.39	123	15	0.000642	45.1	poly(A) RNA polymerase GLD2 isoform X3 [Homo sapiens]	TRUE	TENT2
XP_001425382.1	XP_047272807.1	0	N/A	24.39	123	15	0.000642	45.1	poly(A) RNA polymerase GLD2 isoform X3 [Homo sapiens]	TRUE	TENT2
XP_001425382.1	XP_047272806.1	0	N/A	24.39	123	15	0.000642	45.1	poly(A) RNA polymerase GLD2 isoform X3 [Homo sapiens]	TRUE	TENT2
XP_001425382.1	NP_776158.2	0	N/A	24.39	123	15	0.000642	45.1	poly(A) RNA polymerase GLD2 isoform 1 [Homo sapiens]	TRUE	TENT2
XP_001425382.1	NP_001375041.1	0	N/A	24.39	123	15	0.000642	45.1	poly(A) RNA polymerase GLD2 isoform 1 [Homo sapiens]	TRUE	TENT2
XP_001425382.1	NP_001375040.1	0	N/A	24.39	123	15	0.000642	45.1	poly(A) RNA polymerase GLD2 isoform 1 [Homo sapiens]	TRUE	TENT2
XP_001425382.1	NP_001375039.1	0	N/A	24.39	123	15	0.000642	45.1	poly(A) RNA polymerase GLD2 isoform 1 [Homo sapiens]	TRUE	TENT2
XP_001425382.1	NP_001375038.1	0	N/A	24.39	123	15	0.000642	45.1	poly(A) RNA polymerase GLD2 isoform 1 [Homo sapiens]	TRUE	TENT2
XP_001425382.1	NP_001375037.1	0	N/A	24.39	123	15	0.000642	45.1	poly(A) RNA polymerase GLD2 isoform 1 [Homo sapiens]	TRUE	TENT2
XP_001425382.1	NP_001375036.1	0	N/A	24.39	123	15	0.000642	45.1	poly(A) RNA polymerase GLD2 isoform 1 [Homo sapiens]	TRUE	TENT2
XP_001425382.1	NP_001375035.1	0	N/A	24.39	123	15	0.000642	45.1	poly(A) RNA polymerase GLD2 isoform 1 [Homo sapiens]	TRUE	TENT2
XP_001425382.1	NP_001375034.1	0	N/A	24.39	123	15	0.000642	45.1	poly(A) RNA polymerase GLD2 isoform 1 [Homo sapiens]	TRUE	TENT2
XP_001425382.1	NP_001375032.1	0	N/A	24.39	123	15	0.000642	45.1	poly(A) RNA polymerase GLD2 isoform 1 [Homo sapiens]	TRUE	TENT2
XP_001425382.1	NP_001375031.1	0	N/A	24.39	123	15	0.000642	45.1	poly(A) RNA polymerase GLD2 isoform 1 [Homo sapiens]	TRUE	TENT2
XP_001425382.1	NP_001336482.1	0	N/A	24.39	123	15	0.000642	45.1	poly(A) RNA polymerase GLD2 isoform 1 [Homo sapiens]	TRUE	TENT2
XP_001425382.1	NP_001336481.1	0	N/A	24.39	123	15	0.000642	45.1	poly(A) RNA polymerase GLD2 isoform 1 [Homo sapiens]	TRUE	TENT2
XP_001425382.1	NP_001107866.1	0	N/A	24.39	123	15	0.000642	45.1	poly(A) RNA polymerase GLD2 isoform 1 [Homo sapiens]	TRUE	TENT2
XP_001425382.1	NP_001107865.1	0	N/A	24.39	123	15	0.000642	45.1	poly(A) RNA polymerase GLD2 isoform 1 [Homo sapiens]	TRUE	TENT2
XP_001425382.1	NP_001375042.1	0	N/A	24.39	123	15	0.000652	45.1	poly(A) RNA polymerase GLD2 isoform 16 [Homo sapiens]	TRUE	TENT2
XP_001425382.1	XP_047279825.1	0	N/A	24.242	165	27	0.000658	45.4	terminal uridylyltransferase 7 isoform X6 [Homo sapiens]	TRUE	Tut7
XP_001425382.1	XP_047279824.1	0	N/A	24.242	165	27	0.000658	45.4	terminal uridylyltransferase 7 isoform X6 [Homo sapiens]	TRUE	Tut7
XP_001425382.1	XP_005252264.1	0	N/A	24.242	165	27	0.000658	45.4	terminal uridylyltransferase 7 isoform X6 [Homo sapiens]	TRUE	Tut7
XP_001425382.1	XP_016870620.1	0	N/A	24.242	165	27	0.000659	45.4	terminal uridylyltransferase 7 isoform X4 [Homo sapiens]	TRUE	Tut7
XP_001425382.1	XP_016870619.1	0	N/A	24.242	165	27	0.000659	45.4	terminal uridylyltransferase 7 isoform X4 [Homo sapiens]	TRUE	Tut7
XP_001425382.1	NP_078893.2	0	N/A	24.242	165	27	0.000659	45.4	terminal uridylyltransferase 7 isoform 1 [Homo sapiens]	TRUE	Tut7
XP_001425382.1	NP_001171988.1	0	N/A	24.242	165	27	0.000659	45.4	terminal uridylyltransferase 7 isoform 1 [Homo sapiens]	TRUE	Tut7
XP_001425382.1	NP_001375030.1	0	N/A	24.39	123	15	0.000669	45.1	poly(A) RNA polymerase GLD2 isoform 9 [Homo sapiens]	TRUE	TENT2
XP_001425382.1	NP_001375065.1	0	N/A	24.39	123	15	0.000686	45.1	poly(A) RNA polymerase GLD2 isoform 14 [Homo sapiens]	TRUE	TENT2
XP_001425382.1	NP_001375029.1	0	N/A	24.39	123	15	0.000719	45.1	poly(A) RNA polymerase GLD2 isoform 8 [Homo sapiens]	TRUE	TENT2
XP_001425382.1	NP_001375028.1	0	N/A	24.39	123	15	0.000719	45.1	poly(A) RNA polymerase GLD2 isoform 8 [Homo sapiens]	TRUE	TENT2
XP_001425382.1	XP_047279823.1	0	N/A	24.242	165	27	0.000727	45.4	terminal uridylyltransferase 7 isoform X2 [Homo sapiens]	TRUE	Tut7
XP_001425382.1	XP_006717346.1	0	N/A	24.242	165	27	0.000727	45.4	terminal uridylyltransferase 7 isoform X2 [Homo sapiens]	TRUE	Tut7
XP_001425382.1	NP_001375027.1	0	N/A	24.39	123	15	0.000772	45.1	poly(A) RNA polymerase GLD2 isoform 7 [Homo sapiens]	TRUE	TENT2
XP_001425382.1	XP_047272805.1	0	N/A	24.39	123	15	0.000773	45.1	poly(A) RNA polymerase GLD2 isoform X2 [Homo sapiens]	TRUE	TENT2
XP_001425382.1	XP_047272804.1	0	N/A	24.39	123	15	0.000773	45.1	poly(A) RNA polymerase GLD2 isoform X2 [Homo sapiens]	TRUE	TENT2
XP_001425382.1	XP_047272803.1	0	N/A	24.39	123	15	0.000773	45.1	poly(A) RNA polymerase GLD2 isoform X2 [Homo sapiens]	TRUE	TENT2
XP_001425382.1	XP_047272802.1	0	N/A	24.39	123	15	0.000773	45.1	poly(A) RNA polymerase GLD2 isoform X2 [Homo sapiens]	TRUE	TENT2
XP_001425382.1	XP_016864641.1	0	N/A	24.39	123	15	0.000773	45.1	poly(A) RNA polymerase GLD2 isoform X2 [Homo sapiens]	TRUE	TENT2
XP_001425382.1	NP_001375026.1	0	N/A	24.39	123	15	0.000773	45.1	poly(A) RNA polymerase GLD2 isoform 6 [Homo sapiens]	TRUE	TENT2
XP_001430066.1	XP_047290431.1	0	N/A	25.333	300	45	2.89e-15	82	terminal nucleotidyltransferase 4B isoform X3 [Homo sapiens]	TRUE	TENT4B
XP_001430066.1	XP_047290433.1	0	N/A	25.352	284	43	3.12e-15	81.3	terminal nucleotidyltransferase 4B isoform X6 [Homo sapiens]	TRUE	TENT4B
XP_001430066.1	XP_047290432.1	0	N/A	25.333	300	45	3.64e-15	81.6	terminal nucleotidyltransferase 4B isoform X4 [Homo sapiens]	TRUE	TENT4B
XP_001430066.1	NP_001352253.1	0	N/A	25	300	45	4.5e-15	81.3	terminal nucleotidyltransferase 4B isoform d [Homo sapiens]	TRUE	TENT4B
XP_001430066.1	NP_001035375.2	0	N/A	25.333	300	45	5.02e-15	81.3	terminal nucleotidyltransferase 4B isoform b [Homo sapiens]	TRUE	TENT4B
XP_001430066.1	XP_011521578.1	0	N/A	25.333	300	45	5.02e-15	81.3	terminal nucleotidyltransferase 4B isoform X2 [Homo sapiens]	TRUE	TENT4B
XP_001430066.1	XP_011521580.1	0	N/A	25.352	284	43	5.05e-15	80.9	terminal nucleotidyltransferase 4B isoform X5 [Homo sapiens]	TRUE	TENT4B
XP_001430066.1	NP_001352252.1	0	N/A	25.333	300	45	5.32e-15	81.3	terminal nucleotidyltransferase 4B isoform c [Homo sapiens]	TRUE	TENT4B
XP_001430066.1	NP_001035374.2	0	N/A	25.333	300	45	5.64e-15	81.3	terminal nucleotidyltransferase 4B isoform a [Homo sapiens]	TRUE	TENT4B
XP_001430066.1	XP_011521577.1	0	N/A	25.333	300	45	5.64e-15	81.3	terminal nucleotidyltransferase 4B isoform X1 [Homo sapiens]	TRUE	TENT4B
XP_001430066.1	XP_047272624.1	0	N/A	23.308	266	39	5.34e-13	74.3	terminal nucleotidyltransferase 4A isoform X3 [Homo sapiens]	TRUE	TENT4A
XP_001430066.1	XP_047272623.1	0	N/A	23.308	266	39	5.59e-13	74.3	terminal nucleotidyltransferase 4A isoform X2 [Homo sapiens]	TRUE	TENT4A
XP_001430066.1	XP_016864477.1	0	N/A	23.308	266	39	5.59e-13	74.3	terminal nucleotidyltransferase 4A isoform X2 [Homo sapiens]	TRUE	TENT4A
XP_001430066.1	XP_047272622.1	0	N/A	23.077	273	41	5.96e-13	74.3	terminal nucleotidyltransferase 4A isoform X1 [Homo sapiens]	TRUE	TENT4A
XP_001430066.1	XP_047272621.1	0	N/A	23.077	273	41	5.96e-13	74.3	terminal nucleotidyltransferase 4A isoform X1 [Homo sapiens]	TRUE	TENT4A
XP_001430066.1	XP_047272620.1	0	N/A	23.077	273	41	5.96e-13	74.3	terminal nucleotidyltransferase 4A isoform X1 [Homo sapiens]	TRUE	TENT4A
XP_001430066.1	NP_008930.2	0	N/A	23.443	273	41	2.39e-12	72.8	terminal nucleotidyltransferase 4A isoform 1 [Homo sapiens]	TRUE	TENT4A
XP_001430066.1	NP_001165276.2	0	N/A	24.364	275	41	2.56e-12	72.8	terminal nucleotidyltransferase 4A isoform 2 [Homo sapiens]	TRUE	TENT4A
XP_001430066.1	NP_001191332.1	0	N/A	27.329	161	24	2.94e-06	53.5	ankyrin-3 isoform 3 [Homo sapiens]	FALSE	NA
XP_001430066.1	NP_001191333.1	0	N/A	27.329	161	24	3.04e-06	53.5	ankyrin-3 isoform 4 [Homo sapiens]	FALSE	NA
XP_001430066.1	NP_001307803.1	0	N/A	27.329	161	24	3.37e-06	53.1	ankyrin-3 isoform 5 [Homo sapiens]	FALSE	NA
XP_001430066.1	NP_001373086.1	0	N/A	23.333	180	27	1.18e-05	51.6	ankyrin-2 isoform 63 [Homo sapiens]	FALSE	NA
XP_001430066.1	NP_001341202.1	0	N/A	23.333	180	27	1.28e-05	51.2	ankyrin-2 isoform 40 [Homo sapiens]	FALSE	NA
XP_001430066.1	NP_001341198.1	0	N/A	23.333	180	27	1.31e-05	51.2	ankyrin-2 isoform 36 [Homo sapiens]	FALSE	NA
XP_001430066.1	NP_001373087.1	0	N/A	24.375	160	24	1.31e-05	51.2	ankyrin-2 isoform 64 [Homo sapiens]	FALSE	NA
XP_001430066.1	NP_001341206.1	0	N/A	23.333	180	27	1.32e-05	51.2	ankyrin-2 isoform 44 [Homo sapiens]	FALSE	NA
XP_001430066.1	NP_001335667.1	0	N/A	27.879	165	24	1.55e-05	50.8	kinase D-interacting substrate of 220 kDa isoform 8 [Homo sapiens]	FALSE	NA
XP_001430066.1	NP_001335669.1	0	N/A	27.879	165	24	1.61e-05	50.8	kinase D-interacting substrate of 220 kDa isoform 9 [Homo sapiens]	FALSE	NA
XP_001430066.1	NP_001335668.1	0	N/A	27.879	165	24	1.61e-05	50.8	kinase D-interacting substrate of 220 kDa isoform 9 [Homo sapiens]	FALSE	NA
XP_001430066.1	NP_001335672.1	0	N/A	27.879	165	24	1.63e-05	50.8	kinase D-interacting substrate of 220 kDa isoform 10 [Homo sapiens]	FALSE	NA
XP_001430066.1	NP_001335671.1	0	N/A	27.879	165	24	1.63e-05	50.8	kinase D-interacting substrate of 220 kDa isoform 10 [Homo sapiens]	FALSE	NA
XP_001430066.1	NP_001335670.1	0	N/A	27.879	165	24	1.63e-05	50.8	kinase D-interacting substrate of 220 kDa isoform 10 [Homo sapiens]	FALSE	NA
XP_001430066.1	NP_001335661.1	0	N/A	27.879	165	24	1.68e-05	50.8	kinase D-interacting substrate of 220 kDa isoform 4 [Homo sapiens]	FALSE	NA
XP_001430066.1	NP_001335660.1	0	N/A	27.879	165	24	1.71e-05	50.8	kinase D-interacting substrate of 220 kDa isoform 3 [Homo sapiens]	FALSE	NA
XP_001430066.1	NP_065789.1	0	N/A	27.879	165	24	1.74e-05	50.8	kinase D-interacting substrate of 220 kDa isoform 1 [Homo sapiens]	FALSE	NA
XP_001430066.1	NP_001335658.1	0	N/A	27.879	165	24	1.77e-05	50.8	kinase D-interacting substrate of 220 kDa isoform 2 [Homo sapiens]	FALSE	NA
XP_001430066.1	NP_001335664.1	0	N/A	27.879	165	24	1.84e-05	50.8	kinase D-interacting substrate of 220 kDa isoform 6 [Homo sapiens]	FALSE	NA
XP_001430066.1	NP_001335663.1	0	N/A	27.879	165	24	1.84e-05	50.8	kinase D-interacting substrate of 220 kDa isoform 5 [Homo sapiens]	FALSE	NA
XP_001430066.1	NP_001335665.1	0	N/A	27.879	165	24	1.85e-05	50.8	kinase D-interacting substrate of 220 kDa isoform 7 [Homo sapiens]	FALSE	NA
XP_001430066.1	NP_001354426.1	0	N/A	26.994	163	24	2.39e-05	50.4	serine/threonine-protein phosphatase 6 regulatory ankyrin repeat subunit B isoform E [Homo sapiens]	FALSE	NA
XP_001430066.1	XP_047302238.1	0	N/A	26.994	163	24	2.56e-05	50.1	serine/threonine-protein phosphatase 6 regulatory ankyrin repeat subunit B isoform X1 [Homo sapiens]	FALSE	NA
XP_001430066.1	XP_024308984.1	0	N/A	26.994	163	24	2.56e-05	50.1	serine/threonine-protein phosphatase 6 regulatory ankyrin repeat subunit B isoform X1 [Homo sapiens]	FALSE	NA
XP_001430066.1	NP_001354424.1	0	N/A	26.994	163	24	2.59e-05	50.1	serine/threonine-protein phosphatase 6 regulatory ankyrin repeat subunit B isoform C [Homo sapiens]	FALSE	NA
XP_001430066.1	XP_047302239.1	0	N/A	26.994	163	24	2.8e-05	50.1	serine/threonine-protein phosphatase 6 regulatory ankyrin repeat subunit B isoform X2 [Homo sapiens]	FALSE	NA
XP_001430066.1	NP_001335674.1	0	N/A	27.879	165	24	3.18e-05	50.1	kinase D-interacting substrate of 220 kDa isoform 11 [Homo sapiens]	FALSE	NA
XP_001430066.1	XP_047271948.1	0	N/A	24.516	155	24	3.24e-05	50.1	ankyrin repeat domain-containing protein 50 isoform X1 [Homo sapiens]	FALSE	NA
XP_001430066.1	XP_016863960.1	0	N/A	24.516	155	24	3.24e-05	50.1	ankyrin repeat domain-containing protein 50 isoform X1 [Homo sapiens]	FALSE	NA
XP_001430066.1	NP_065070.1	0	N/A	24.516	155	24	3.24e-05	50.1	ankyrin repeat domain-containing protein 50 isoform 1 [Homo sapiens]	FALSE	NA
XP_001430066.1	NP_001161354.1	0	N/A	24.516	155	24	3.28e-05	50.1	ankyrin repeat domain-containing protein 50 isoform 2 [Homo sapiens]	FALSE	NA
XP_001430066.1	XP_047302240.1	0	N/A	26.857	175	26	6.91e-05	48.9	serine/threonine-protein phosphatase 6 regulatory ankyrin repeat subunit B isoform X3 [Homo sapiens]	FALSE	NA
XP_001430066.1	XP_047302241.1	0	N/A	26.857	175	26	7.19e-05	48.9	serine/threonine-protein phosphatase 6 regulatory ankyrin repeat subunit B isoform X5 [Homo sapiens]	FALSE	NA
XP_001430066.1	XP_016867246.1	0	N/A	24.242	198	29	0.000118	47.8	ankyrin repeat and SOCS box protein 15 isoform X2 [Homo sapiens]	FALSE	NA
XP_001430066.1	XP_016867245.1	0	N/A	24.242	198	29	0.000118	47.8	ankyrin repeat and SOCS box protein 15 isoform X2 [Homo sapiens]	FALSE	NA
XP_001430066.1	XP_011514122.1	0	N/A	24.242	198	29	0.000118	47.8	ankyrin repeat and SOCS box protein 15 isoform X2 [Homo sapiens]	FALSE	NA
XP_001430066.1	XP_011514121.1	0	N/A	24.242	198	29	0.000118	47.8	ankyrin repeat and SOCS box protein 15 isoform X2 [Homo sapiens]	FALSE	NA
XP_001430066.1	XP_011514120.1	0	N/A	24.242	198	29	0.000118	47.8	ankyrin repeat and SOCS box protein 15 isoform X2 [Homo sapiens]	FALSE	NA
XP_001430066.1	XP_011514119.1	0	N/A	24.242	198	29	0.000118	47.8	ankyrin repeat and SOCS box protein 15 isoform X2 [Homo sapiens]	FALSE	NA
XP_001430066.1	XP_005250203.1	0	N/A	24.242	198	29	0.000118	47.8	ankyrin repeat and SOCS box protein 15 isoform X2 [Homo sapiens]	FALSE	NA
XP_001430066.1	NP_563616.3	0	N/A	24.242	198	29	0.000118	47.8	ankyrin repeat and SOCS box protein 15 [Homo sapiens]	FALSE	NA
XP_001430066.1	NP_001277187.1	0	N/A	24.242	198	29	0.000118	47.8	ankyrin repeat and SOCS box protein 15 [Homo sapiens]	FALSE	NA
XP_001430066.1	NP_001341183.1	0	N/A	22.778	180	27	0.00012	48.1	ankyrin-2 isoform 23 [Homo sapiens]	FALSE	NA
XP_001430066.1	XP_011514118.1	0	N/A	24.242	198	29	0.00012	47.8	ankyrin repeat and SOCS box protein 15 isoform X1 [Homo sapiens]	FALSE	NA
XP_001430066.1	NP_001341172.1	0	N/A	22.778	180	27	0.000124	48.1	ankyrin-2 isoform 16 [Homo sapiens]	FALSE	NA
XP_001430066.1	NP_001341184.1	0	N/A	22.778	180	27	0.000125	48.1	ankyrin-2 isoform 24 [Homo sapiens]	FALSE	NA
XP_001430066.1	NP_001373076.1	0	N/A	22.778	180	27	0.000125	48.1	ankyrin-2 isoform 54 [Homo sapiens]	FALSE	NA
XP_001430066.1	NP_001341201.1	0	N/A	22.778	180	27	0.000128	48.1	ankyrin-2 isoform 39 [Homo sapiens]	FALSE	NA
XP_001430066.1	NP_001341194.1	0	N/A	22.778	180	27	0.000128	48.1	ankyrin-2 isoform 32 [Homo sapiens]	FALSE	NA
XP_001430066.1	NP_001341173.1	0	N/A	22.778	180	27	0.000129	48.1	ankyrin-2 isoform 17 [Homo sapiens]	FALSE	NA
XP_001430066.1	NP_001373075.1	0	N/A	22.778	180	27	0.000129	48.1	ankyrin-2 isoform 53 [Homo sapiens]	FALSE	NA
XP_001430066.1	NP_001354425.1	0	N/A	28.966	145	22	0.00013	47.8	serine/threonine-protein phosphatase 6 regulatory ankyrin repeat subunit B isoform D [Homo sapiens]	FALSE	NA
XP_001430066.1	NP_001341181.1	0	N/A	22.778	180	27	0.000131	48.1	ankyrin-2 isoform 21 [Homo sapiens]	FALSE	NA
XP_001430066.1	NP_001373077.1	0	N/A	22.778	180	27	0.000132	48.1	ankyrin-2 isoform 55 [Homo sapiens]	FALSE	NA
XP_001430066.1	NP_001373091.1	0	N/A	22.778	180	27	0.000132	48.1	ankyrin-2 isoform 43 [Homo sapiens]	FALSE	NA
XP_001430066.1	NP_001341205.1	0	N/A	22.778	180	27	0.000132	48.1	ankyrin-2 isoform 43 [Homo sapiens]	FALSE	NA
XP_001430066.1	NP_001373082.1	0	N/A	22.778	180	27	0.000133	48.1	ankyrin-2 isoform 60 [Homo sapiens]	FALSE	NA
XP_001430066.1	NP_001341196.1	0	N/A	22.778	180	27	0.000133	48.1	ankyrin-2 isoform 33 [Homo sapiens]	FALSE	NA
XP_001430066.1	NP_001341195.1	0	N/A	22.778	180	27	0.000133	48.1	ankyrin-2 isoform 33 [Homo sapiens]	FALSE	NA
XP_001430066.1	NP_001373090.1	0	N/A	22.778	180	27	0.000133	48.1	ankyrin-2 isoform 25 [Homo sapiens]	FALSE	NA
XP_001430066.1	NP_001341185.1	0	N/A	22.778	180	27	0.000133	48.1	ankyrin-2 isoform 25 [Homo sapiens]	FALSE	NA
XP_001430066.1	NP_001373079.1	0	N/A	22.778	180	27	0.000134	48.1	ankyrin-2 isoform 57 [Homo sapiens]	FALSE	NA
XP_001430066.1	NP_001341182.1	0	N/A	23.75	160	24	0.000134	48.1	ankyrin-2 isoform 22 [Homo sapiens]	FALSE	NA
XP_001430066.1	NP_001341204.1	0	N/A	22.778	180	27	0.000135	48.1	ankyrin-2 isoform 42 [Homo sapiens]	FALSE	NA
XP_001430066.1	NP_001341203.1	0	N/A	22.778	180	27	0.000135	48.1	ankyrin-2 isoform 41 [Homo sapiens]	FALSE	NA
XP_001430066.1	XP_005247005.1	0	N/A	28.966	145	22	0.000135	47.8	serine/threonine-protein phosphatase 6 regulatory ankyrin repeat subunit B isoform X7 [Homo sapiens]	FALSE	NA
XP_001430066.1	NP_001341191.1	0	N/A	22.778	180	27	0.000135	48.1	ankyrin-2 isoform 30 [Homo sapiens]	FALSE	NA
XP_001430066.1	NP_001341186.1	0	N/A	23.75	160	24	0.000135	48.1	ankyrin-2 isoform 26 [Homo sapiens]	FALSE	NA
XP_001430066.1	NP_001120965.1	0	N/A	22.778	180	27	0.000135	48.1	ankyrin-2 isoform 3 [Homo sapiens]	FALSE	NA
XP_001430066.1	NP_001373078.1	0	N/A	22.778	180	27	0.000136	48.1	ankyrin-2 isoform 56 [Homo sapiens]	FALSE	NA
XP_001430066.1	NP_001341178.1	0	N/A	22.778	180	27	0.000137	48.1	ankyrin-2 isoform 20 [Homo sapiens]	FALSE	NA
XP_001430066.1	NP_001341168.1	0	N/A	22.778	180	27	0.000137	48.1	ankyrin-2 isoform 12 [Homo sapiens]	FALSE	NA
XP_001430066.1	NP_001373085.1	0	N/A	23.75	160	24	0.000137	48.1	ankyrin-2 isoform 62 [Homo sapiens]	FALSE	NA
XP_001430066.1	NP_001373116.1	0	N/A	22.778	180	27	0.000137	48.1	ankyrin-2 isoform 70 [Homo sapiens]	FALSE	NA
XP_001430066.1	XP_047302242.1	0	N/A	28.966	145	22	0.000138	47.8	serine/threonine-protein phosphatase 6 regulatory ankyrin repeat subunit B isoform X8 [Homo sapiens]	FALSE	NA
XP_001430066.1	NP_001373083.1	0	N/A	22.778	180	27	0.000138	48.1	ankyrin-2 isoform 61 [Homo sapiens]	FALSE	NA
XP_001430066.1	NP_001341193.1	0	N/A	22.778	180	27	0.00014	48.1	ankyrin-2 isoform 31 [Homo sapiens]	FALSE	NA
XP_001430066.1	NP_001373089.1	0	N/A	22.778	180	27	0.00014	48.1	ankyrin-2 isoform 71 [Homo sapiens]	FALSE	NA
XP_001430066.1	XP_006712901.1	0	N/A	28.966	145	22	0.000141	47.8	serine/threonine-protein phosphatase 6 regulatory ankyrin repeat subunit B isoform X6 [Homo sapiens]	FALSE	NA
XP_001430066.1	NP_001341190.1	0	N/A	22.778	180	27	0.000141	48.1	ankyrin-2 isoform 29 [Homo sapiens]	FALSE	NA
XP_001430066.1	XP_005247004.1	0	N/A	28.966	145	22	0.000141	47.8	serine/threonine-protein phosphatase 6 regulatory ankyrin repeat subunit B isoform X4 [Homo sapiens]	FALSE	NA
XP_001430066.1	XP_047302243.1	0	N/A	28.966	145	22	0.000141	47.8	serine/threonine-protein phosphatase 6 regulatory ankyrin repeat subunit B isoform X9 [Homo sapiens]	FALSE	NA
XP_001430679.1	NP_001375029.1	0	N/A	33.854	192	53	1.03e-17	86.3	poly(A) RNA polymerase GLD2 isoform 8 [Homo sapiens]	TRUE	TENT2
XP_001430679.1	NP_001375028.1	0	N/A	33.854	192	53	1.03e-17	86.3	poly(A) RNA polymerase GLD2 isoform 8 [Homo sapiens]	TRUE	TENT2
XP_001430679.1	NP_001375060.1	0	N/A	35.542	166	46	2.52e-17	85.1	poly(A) RNA polymerase GLD2 isoform 11 [Homo sapiens]	TRUE	TENT2
XP_001430679.1	XP_047272818.1	0	N/A	35.256	156	44	2.59e-17	84	poly(A) RNA polymerase GLD2 isoform X10 [Homo sapiens]	TRUE	TENT2
XP_001430679.1	XP_047272808.1	0	N/A	35.542	166	46	2.7e-17	85.1	poly(A) RNA polymerase GLD2 isoform X3 [Homo sapiens]	TRUE	TENT2
XP_001430679.1	XP_047272807.1	0	N/A	35.542	166	46	2.7e-17	85.1	poly(A) RNA polymerase GLD2 isoform X3 [Homo sapiens]	TRUE	TENT2
XP_001430679.1	XP_047272806.1	0	N/A	35.542	166	46	2.7e-17	85.1	poly(A) RNA polymerase GLD2 isoform X3 [Homo sapiens]	TRUE	TENT2
XP_001430679.1	NP_776158.2	0	N/A	35.542	166	46	2.7e-17	85.1	poly(A) RNA polymerase GLD2 isoform 1 [Homo sapiens]	TRUE	TENT2
XP_001430679.1	NP_001375041.1	0	N/A	35.542	166	46	2.7e-17	85.1	poly(A) RNA polymerase GLD2 isoform 1 [Homo sapiens]	TRUE	TENT2
XP_001430679.1	NP_001375040.1	0	N/A	35.542	166	46	2.7e-17	85.1	poly(A) RNA polymerase GLD2 isoform 1 [Homo sapiens]	TRUE	TENT2
XP_001430679.1	NP_001375039.1	0	N/A	35.542	166	46	2.7e-17	85.1	poly(A) RNA polymerase GLD2 isoform 1 [Homo sapiens]	TRUE	TENT2
XP_001430679.1	NP_001375038.1	0	N/A	35.542	166	46	2.7e-17	85.1	poly(A) RNA polymerase GLD2 isoform 1 [Homo sapiens]	TRUE	TENT2
XP_001430679.1	NP_001375037.1	0	N/A	35.542	166	46	2.7e-17	85.1	poly(A) RNA polymerase GLD2 isoform 1 [Homo sapiens]	TRUE	TENT2
XP_001430679.1	NP_001375036.1	0	N/A	35.542	166	46	2.7e-17	85.1	poly(A) RNA polymerase GLD2 isoform 1 [Homo sapiens]	TRUE	TENT2
XP_001430679.1	NP_001375035.1	0	N/A	35.542	166	46	2.7e-17	85.1	poly(A) RNA polymerase GLD2 isoform 1 [Homo sapiens]	TRUE	TENT2
XP_001430679.1	NP_001375034.1	0	N/A	35.542	166	46	2.7e-17	85.1	poly(A) RNA polymerase GLD2 isoform 1 [Homo sapiens]	TRUE	TENT2
XP_001430679.1	NP_001375032.1	0	N/A	35.542	166	46	2.7e-17	85.1	poly(A) RNA polymerase GLD2 isoform 1 [Homo sapiens]	TRUE	TENT2
XP_001430679.1	NP_001375031.1	0	N/A	35.542	166	46	2.7e-17	85.1	poly(A) RNA polymerase GLD2 isoform 1 [Homo sapiens]	TRUE	TENT2
XP_001430679.1	NP_001336482.1	0	N/A	35.542	166	46	2.7e-17	85.1	poly(A) RNA polymerase GLD2 isoform 1 [Homo sapiens]	TRUE	TENT2
XP_001430679.1	NP_001336481.1	0	N/A	35.542	166	46	2.7e-17	85.1	poly(A) RNA polymerase GLD2 isoform 1 [Homo sapiens]	TRUE	TENT2
XP_001430679.1	NP_001107866.1	0	N/A	35.542	166	46	2.7e-17	85.1	poly(A) RNA polymerase GLD2 isoform 1 [Homo sapiens]	TRUE	TENT2
XP_001430679.1	NP_001107865.1	0	N/A	35.542	166	46	2.7e-17	85.1	poly(A) RNA polymerase GLD2 isoform 1 [Homo sapiens]	TRUE	TENT2
XP_001430679.1	NP_001375042.1	0	N/A	35.542	166	46	2.88e-17	84.7	poly(A) RNA polymerase GLD2 isoform 16 [Homo sapiens]	TRUE	TENT2
XP_001430679.1	NP_001375030.1	0	N/A	33.69	187	53	3.31e-17	84.7	poly(A) RNA polymerase GLD2 isoform 9 [Homo sapiens]	TRUE	TENT2
XP_001430679.1	NP_001375065.1	0	N/A	35.404	161	46	4.79e-17	83.6	poly(A) RNA polymerase GLD2 isoform 14 [Homo sapiens]	TRUE	TENT2
XP_001430679.1	NP_001375061.1	0	N/A	35.404	161	46	7.01e-17	83.6	poly(A) RNA polymerase GLD2 isoform 12 [Homo sapiens]	TRUE	TENT2
XP_001430679.1	NP_001375059.1	0	N/A	35.404	161	46	7.62e-17	83.6	poly(A) RNA polymerase GLD2 isoform 10 [Homo sapiens]	TRUE	TENT2
XP_001430679.1	XP_047272811.1	0	N/A	35.404	161	46	7.79e-17	83.6	poly(A) RNA polymerase GLD2 isoform X4 [Homo sapiens]	TRUE	TENT2
XP_001430679.1	XP_047272810.1	0	N/A	35.404	161	46	7.79e-17	83.6	poly(A) RNA polymerase GLD2 isoform X4 [Homo sapiens]	TRUE	TENT2
XP_001430679.1	XP_047272809.1	0	N/A	35.404	161	46	7.79e-17	83.6	poly(A) RNA polymerase GLD2 isoform X4 [Homo sapiens]	TRUE	TENT2
XP_001430679.1	NP_001375058.1	0	N/A	35.404	161	46	7.79e-17	83.6	poly(A) RNA polymerase GLD2 isoform 2 [Homo sapiens]	TRUE	TENT2
XP_001430679.1	NP_001375057.1	0	N/A	35.404	161	46	7.79e-17	83.6	poly(A) RNA polymerase GLD2 isoform 2 [Homo sapiens]	TRUE	TENT2
XP_001430679.1	NP_001375056.1	0	N/A	35.404	161	46	7.79e-17	83.6	poly(A) RNA polymerase GLD2 isoform 2 [Homo sapiens]	TRUE	TENT2
XP_001430679.1	NP_001375055.1	0	N/A	35.404	161	46	7.79e-17	83.6	poly(A) RNA polymerase GLD2 isoform 2 [Homo sapiens]	TRUE	TENT2
XP_001430679.1	NP_001375054.1	0	N/A	35.404	161	46	7.79e-17	83.6	poly(A) RNA polymerase GLD2 isoform 2 [Homo sapiens]	TRUE	TENT2
XP_001430679.1	NP_001375053.1	0	N/A	35.404	161	46	7.79e-17	83.6	poly(A) RNA polymerase GLD2 isoform 2 [Homo sapiens]	TRUE	TENT2
XP_001430679.1	NP_001375052.1	0	N/A	35.404	161	46	7.79e-17	83.6	poly(A) RNA polymerase GLD2 isoform 2 [Homo sapiens]	TRUE	TENT2
XP_001430679.1	NP_001375051.1	0	N/A	35.404	161	46	7.79e-17	83.6	poly(A) RNA polymerase GLD2 isoform 2 [Homo sapiens]	TRUE	TENT2
XP_001430679.1	NP_001375050.1	0	N/A	35.404	161	46	7.79e-17	83.6	poly(A) RNA polymerase GLD2 isoform 2 [Homo sapiens]	TRUE	TENT2
XP_001430679.1	NP_001375049.1	0	N/A	35.404	161	46	7.79e-17	83.6	poly(A) RNA polymerase GLD2 isoform 2 [Homo sapiens]	TRUE	TENT2
XP_001430679.1	NP_001375048.1	0	N/A	35.404	161	46	7.79e-17	83.6	poly(A) RNA polymerase GLD2 isoform 2 [Homo sapiens]	TRUE	TENT2
XP_001430679.1	NP_001375047.1	0	N/A	35.404	161	46	7.79e-17	83.6	poly(A) RNA polymerase GLD2 isoform 2 [Homo sapiens]	TRUE	TENT2
XP_001430679.1	NP_001375046.1	0	N/A	35.404	161	46	7.79e-17	83.6	poly(A) RNA polymerase GLD2 isoform 2 [Homo sapiens]	TRUE	TENT2
XP_001430679.1	NP_001375045.1	0	N/A	35.404	161	46	7.79e-17	83.6	poly(A) RNA polymerase GLD2 isoform 2 [Homo sapiens]	TRUE	TENT2
XP_001430679.1	NP_001375044.1	0	N/A	35.404	161	46	7.79e-17	83.6	poly(A) RNA polymerase GLD2 isoform 2 [Homo sapiens]	TRUE	TENT2
XP_001430679.1	NP_001375043.1	0	N/A	35.404	161	46	7.79e-17	83.6	poly(A) RNA polymerase GLD2 isoform 2 [Homo sapiens]	TRUE	TENT2
XP_001430679.1	NP_001336483.1	0	N/A	35.404	161	46	7.79e-17	83.6	poly(A) RNA polymerase GLD2 isoform 2 [Homo sapiens]	TRUE	TENT2
XP_001430679.1	NP_001284673.1	0	N/A	35.404	161	46	7.79e-17	83.6	poly(A) RNA polymerase GLD2 isoform 2 [Homo sapiens]	TRUE	TENT2
XP_001430679.1	NP_001375027.1	0	N/A	33.152	184	46	4.87e-15	78.2	poly(A) RNA polymerase GLD2 isoform 7 [Homo sapiens]	TRUE	TENT2
XP_001430679.1	XP_047272805.1	0	N/A	33.152	184	46	5.11e-15	78.2	poly(A) RNA polymerase GLD2 isoform X2 [Homo sapiens]	TRUE	TENT2
XP_001430679.1	XP_047272804.1	0	N/A	33.152	184	46	5.11e-15	78.2	poly(A) RNA polymerase GLD2 isoform X2 [Homo sapiens]	TRUE	TENT2
XP_001430679.1	XP_047272803.1	0	N/A	33.152	184	46	5.11e-15	78.2	poly(A) RNA polymerase GLD2 isoform X2 [Homo sapiens]	TRUE	TENT2
XP_001430679.1	XP_047272802.1	0	N/A	33.152	184	46	5.11e-15	78.2	poly(A) RNA polymerase GLD2 isoform X2 [Homo sapiens]	TRUE	TENT2
XP_001430679.1	XP_016864641.1	0	N/A	33.152	184	46	5.11e-15	78.2	poly(A) RNA polymerase GLD2 isoform X2 [Homo sapiens]	TRUE	TENT2
XP_001430679.1	NP_001375026.1	0	N/A	33.152	184	46	5.11e-15	78.2	poly(A) RNA polymerase GLD2 isoform 6 [Homo sapiens]	TRUE	TENT2
XP_001430679.1	NP_001375025.1	0	N/A	33.152	184	46	5.11e-15	78.2	poly(A) RNA polymerase GLD2 isoform 6 [Homo sapiens]	TRUE	TENT2
XP_001430679.1	NP_001375024.1	0	N/A	33.152	184	46	5.11e-15	78.2	poly(A) RNA polymerase GLD2 isoform 6 [Homo sapiens]	TRUE	TENT2
XP_001430679.1	NP_001336480.1	0	N/A	33.152	184	46	5.11e-15	78.2	poly(A) RNA polymerase GLD2 isoform 6 [Homo sapiens]	TRUE	TENT2
XP_001430679.1	XP_047272817.1	0	N/A	32.759	174	44	6.26e-15	77.4	poly(A) RNA polymerase GLD2 isoform X9 [Homo sapiens]	TRUE	TENT2
XP_001430679.1	XP_047272801.1	0	N/A	32.447	188	46	1.56e-14	76.6	poly(A) RNA polymerase GLD2 isoform X1 [Homo sapiens]	TRUE	TENT2
XP_001430679.1	XP_047272800.1	0	N/A	32.447	188	46	1.56e-14	76.6	poly(A) RNA polymerase GLD2 isoform X1 [Homo sapiens]	TRUE	TENT2
XP_001430679.1	XP_011541527.1	0	N/A	32.447	188	46	1.56e-14	76.6	poly(A) RNA polymerase GLD2 isoform X1 [Homo sapiens]	TRUE	TENT2
XP_001430679.1	XP_011541526.1	0	N/A	32.447	188	46	1.56e-14	76.6	poly(A) RNA polymerase GLD2 isoform X1 [Homo sapiens]	TRUE	TENT2
XP_001430679.1	XP_011541523.1	0	N/A	32.447	188	46	1.56e-14	76.6	poly(A) RNA polymerase GLD2 isoform X1 [Homo sapiens]	TRUE	TENT2
XP_001430679.1	XP_011541522.1	0	N/A	32.447	188	46	1.56e-14	76.6	poly(A) RNA polymerase GLD2 isoform X1 [Homo sapiens]	TRUE	TENT2
XP_001430679.1	NP_001375023.1	0	N/A	32.447	188	46	1.56e-14	76.6	poly(A) RNA polymerase GLD2 isoform 5 [Homo sapiens]	TRUE	TENT2
XP_001430679.1	NP_001375022.1	0	N/A	32.447	188	46	1.56e-14	76.6	poly(A) RNA polymerase GLD2 isoform 5 [Homo sapiens]	TRUE	TENT2
XP_001430679.1	NP_001336479.1	0	N/A	32.447	188	46	1.56e-14	76.6	poly(A) RNA polymerase GLD2 isoform 5 [Homo sapiens]	TRUE	TENT2
XP_001430679.1	NP_001336478.1	0	N/A	32.447	188	46	1.56e-14	76.6	poly(A) RNA polymerase GLD2 isoform 5 [Homo sapiens]	TRUE	TENT2
XP_001430679.1	XP_047272816.1	0	N/A	32.022	178	44	2.13e-14	75.9	poly(A) RNA polymerase GLD2 isoform X8 [Homo sapiens]	TRUE	TENT2
XP_001430679.1	XP_016856295.1	0	N/A	26.059	307	89	4.23e-14	75.9	terminal uridylyltransferase 4 isoform X25 [Homo sapiens]	TRUE	Tut4
XP_001430679.1	XP_047272345.1	0	N/A	26.059	307	89	4.25e-14	75.9	terminal uridylyltransferase 4 isoform X31 [Homo sapiens]	TRUE	Tut4
XP_001430679.1	XP_047272325.1	0	N/A	26.059	307	89	4.35e-14	75.9	terminal uridylyltransferase 4 isoform X23 [Homo sapiens]	TRUE	Tut4
XP_001430679.1	XP_047272280.1	0	N/A	25.733	307	89	4.38e-14	75.9	terminal uridylyltransferase 4 isoform X3 [Homo sapiens]	TRUE	Tut4
XP_001430679.1	XP_005270736.1	0	N/A	25.733	307	89	4.38e-14	75.9	terminal uridylyltransferase 4 isoform X3 [Homo sapiens]	TRUE	Tut4
XP_001430679.1	XP_005270735.1	0	N/A	25.733	307	89	4.38e-14	75.9	terminal uridylyltransferase 4 isoform X2 [Homo sapiens]	TRUE	Tut4
XP_001430679.1	XP_005270739.1	0	N/A	26.059	307	89	4.41e-14	75.9	terminal uridylyltransferase 4 isoform X33 [Homo sapiens]	TRUE	Tut4
XP_001430679.1	XP_011539401.1	0	N/A	26.059	307	89	4.45e-14	75.9	terminal uridylyltransferase 4 isoform X29 [Homo sapiens]	TRUE	Tut4
XP_001430679.1	XP_047272282.1	0	N/A	25.733	307	89	4.5e-14	75.9	terminal uridylyltransferase 4 isoform X5 [Homo sapiens]	TRUE	Tut4
XP_001430679.1	NP_056084.1	0	N/A	25.733	307	89	4.5e-14	75.9	terminal uridylyltransferase 4 isoform b [Homo sapiens]	TRUE	Tut4
XP_001430679.1	XP_047272384.1	0	N/A	26.059	307	89	4.54e-14	75.9	terminal uridylyltransferase 4 isoform X46 [Homo sapiens]	TRUE	Tut4
XP_001430679.1	XP_016856292.1	0	N/A	25.733	307	89	4.61e-14	75.9	terminal uridylyltransferase 4 isoform X9 [Homo sapiens]	TRUE	Tut4
XP_001430679.1	XP_016856296.1	0	N/A	26.059	307	89	4.63e-14	75.9	terminal uridylyltransferase 4 isoform X28 [Homo sapiens]	TRUE	Tut4
XP_001430679.1	XP_047272285.1	0	N/A	25.733	307	89	4.65e-14	75.9	terminal uridylyltransferase 4 isoform X7 [Homo sapiens]	TRUE	Tut4
XP_001430679.1	XP_011539399.1	0	N/A	25.733	307	89	4.71e-14	75.9	terminal uridylyltransferase 4 isoform X1 [Homo sapiens]	TRUE	Tut4
XP_001430679.1	XP_005270733.1	0	N/A	25.733	307	89	4.71e-14	75.9	terminal uridylyltransferase 4 isoform X1 [Homo sapiens]	TRUE	Tut4
XP_001430679.1	XP_047272281.1	0	N/A	25.733	307	89	4.79e-14	75.9	terminal uridylyltransferase 4 isoform X4 [Homo sapiens]	TRUE	Tut4
XP_001430679.1	NP_001009881.1	0	N/A	25.733	307	89	4.79e-14	75.9	terminal uridylyltransferase 4 isoform a [Homo sapiens]	TRUE	Tut4
XP_001430679.1	XP_047272337.1	0	N/A	26.059	307	89	4.93e-14	75.9	terminal uridylyltransferase 4 isoform X27 [Homo sapiens]	TRUE	Tut4
XP_001430679.1	XP_016856297.1	0	N/A	26.059	307	89	5e-14	75.9	terminal uridylyltransferase 4 isoform X36 [Homo sapiens]	TRUE	Tut4
XP_001430679.1	XP_047272283.1	0	N/A	25.733	307	89	5.29e-14	75.9	terminal uridylyltransferase 4 isoform X6 [Homo sapiens]	TRUE	Tut4
XP_001430679.1	XP_005270737.1	0	N/A	25.733	307	89	5.29e-14	75.9	terminal uridylyltransferase 4 isoform X6 [Homo sapiens]	TRUE	Tut4
XP_001430679.1	XP_047272365.1	0	N/A	25.733	307	89	5.68e-14	75.5	terminal uridylyltransferase 4 isoform X38 [Homo sapiens]	TRUE	Tut4
XP_001430679.1	XP_016856299.1	0	N/A	26.059	307	89	5.78e-14	75.5	terminal uridylyltransferase 4 isoform X40 [Homo sapiens]	TRUE	Tut4
XP_001430679.1	XP_047272288.1	0	N/A	25.733	307	89	6.34e-14	75.5	terminal uridylyltransferase 4 isoform X10 [Homo sapiens]	TRUE	Tut4
XP_001430679.1	XP_016856293.1	0	N/A	25.733	307	89	6.63e-14	75.5	terminal uridylyltransferase 4 isoform X16 [Homo sapiens]	TRUE	Tut4
XP_001430679.1	XP_047272344.1	0	N/A	27.037	270	78	1.63e-13	74.3	terminal uridylyltransferase 4 isoform X30 [Homo sapiens]	TRUE	Tut4
XP_001430679.1	XP_047272290.1	0	N/A	27.037	270	78	1.69e-13	74.3	terminal uridylyltransferase 4 isoform X11 [Homo sapiens]	TRUE	Tut4
XP_001430679.1	XP_047272296.1	0	N/A	26.667	270	78	1.75e-13	74.3	terminal uridylyltransferase 4 isoform X13 [Homo sapiens]	TRUE	Tut4
XP_001430679.1	XP_047272295.1	0	N/A	26.667	270	78	1.87e-13	73.9	terminal uridylyltransferase 4 isoform X12 [Homo sapiens]	TRUE	Tut4
XP_001431836.1	XP_047290431.1	0	N/A	26.496	234	34	4.46e-14	78.2	terminal nucleotidyltransferase 4B isoform X3 [Homo sapiens]	TRUE	TENT4B
XP_001431836.1	XP_047290433.1	0	N/A	27.064	218	31	5.17e-14	77.4	terminal nucleotidyltransferase 4B isoform X6 [Homo sapiens]	TRUE	TENT4B
XP_001431836.1	XP_047290432.1	0	N/A	26.496	234	34	5.25e-14	78.2	terminal nucleotidyltransferase 4B isoform X4 [Homo sapiens]	TRUE	TENT4B
XP_001431836.1	NP_001035375.2	0	N/A	26.923	234	34	5.66e-14	78.2	terminal nucleotidyltransferase 4B isoform b [Homo sapiens]	TRUE	TENT4B
XP_001431836.1	XP_011521578.1	0	N/A	26.923	234	34	5.67e-14	78.2	terminal nucleotidyltransferase 4B isoform X2 [Homo sapiens]	TRUE	TENT4B
XP_001431836.1	NP_001352253.1	0	N/A	26.496	234	34	6.12e-14	78.2	terminal nucleotidyltransferase 4B isoform d [Homo sapiens]	TRUE	TENT4B
XP_001431836.1	XP_011521580.1	0	N/A	27.064	218	31	7.95e-14	77	terminal nucleotidyltransferase 4B isoform X5 [Homo sapiens]	TRUE	TENT4B
XP_001431836.1	NP_001352252.1	0	N/A	26.496	234	34	7.96e-14	77.8	terminal nucleotidyltransferase 4B isoform c [Homo sapiens]	TRUE	TENT4B
XP_001431836.1	NP_001035374.2	0	N/A	26.496	234	34	8.66e-14	77.4	terminal nucleotidyltransferase 4B isoform a [Homo sapiens]	TRUE	TENT4B
XP_001431836.1	XP_011521577.1	0	N/A	26.496	234	34	8.67e-14	77.4	terminal nucleotidyltransferase 4B isoform X1 [Homo sapiens]	TRUE	TENT4B
XP_001431836.1	XP_047272623.1	0	N/A	25.641	195	28	1.05e-12	73.6	terminal nucleotidyltransferase 4A isoform X2 [Homo sapiens]	TRUE	TENT4A
XP_001431836.1	XP_016864477.1	0	N/A	25.641	195	28	1.05e-12	73.6	terminal nucleotidyltransferase 4A isoform X2 [Homo sapiens]	TRUE	TENT4A
XP_001431836.1	XP_047272624.1	0	N/A	25.641	195	28	1.08e-12	73.6	terminal nucleotidyltransferase 4A isoform X3 [Homo sapiens]	TRUE	TENT4A
XP_001431836.1	XP_047272622.1	0	N/A	25.641	195	28	1.11e-12	73.6	terminal nucleotidyltransferase 4A isoform X1 [Homo sapiens]	TRUE	TENT4A
XP_001431836.1	XP_047272621.1	0	N/A	25.641	195	28	1.11e-12	73.6	terminal nucleotidyltransferase 4A isoform X1 [Homo sapiens]	TRUE	TENT4A
XP_001431836.1	XP_047272620.1	0	N/A	25.641	195	28	1.11e-12	73.6	terminal nucleotidyltransferase 4A isoform X1 [Homo sapiens]	TRUE	TENT4A
XP_001431836.1	NP_008930.2	0	N/A	25.248	202	29	3.08e-12	72.8	terminal nucleotidyltransferase 4A isoform 1 [Homo sapiens]	TRUE	TENT4A
XP_001431836.1	NP_001165276.2	0	N/A	25.248	202	29	3.19e-12	72.4	terminal nucleotidyltransferase 4A isoform 2 [Homo sapiens]	TRUE	TENT4A
XP_001431836.1	NP_001341184.1	0	N/A	26.238	202	28	6.98e-08	58.9	ankyrin-2 isoform 24 [Homo sapiens]	FALSE	NA
XP_001431836.1	NP_001341183.1	0	N/A	26.238	202	28	6.98e-08	58.9	ankyrin-2 isoform 23 [Homo sapiens]	FALSE	NA
XP_001431836.1	NP_001373090.1	0	N/A	26.238	202	28	7.1e-08	58.9	ankyrin-2 isoform 25 [Homo sapiens]	FALSE	NA
XP_001431836.1	NP_001341185.1	0	N/A	26.238	202	28	7.1e-08	58.9	ankyrin-2 isoform 25 [Homo sapiens]	FALSE	NA
XP_001431836.1	NP_001341191.1	0	N/A	26.238	202	28	7.14e-08	58.9	ankyrin-2 isoform 30 [Homo sapiens]	FALSE	NA
XP_001431836.1	NP_001341203.1	0	N/A	26.238	202	28	7.17e-08	58.9	ankyrin-2 isoform 41 [Homo sapiens]	FALSE	NA
XP_001431836.1	NP_001341172.1	0	N/A	26.238	202	28	7.36e-08	58.9	ankyrin-2 isoform 16 [Homo sapiens]	FALSE	NA
XP_001431836.1	NP_001373091.1	0	N/A	26.238	202	28	7.41e-08	58.9	ankyrin-2 isoform 43 [Homo sapiens]	FALSE	NA
XP_001431836.1	NP_001341205.1	0	N/A	26.238	202	28	7.41e-08	58.9	ankyrin-2 isoform 43 [Homo sapiens]	FALSE	NA
XP_001431836.1	NP_001341204.1	0	N/A	26.238	202	28	7.55e-08	58.9	ankyrin-2 isoform 42 [Homo sapiens]	FALSE	NA
XP_001431836.1	NP_001373072.1	0	N/A	26.238	202	28	7.59e-08	58.9	ankyrin-2 isoform 51 [Homo sapiens]	FALSE	NA
XP_001431836.1	NP_001120965.1	0	N/A	26.238	202	28	7.61e-08	58.9	ankyrin-2 isoform 3 [Homo sapiens]	FALSE	NA
XP_001431836.1	NP_001341173.1	0	N/A	26.238	202	28	7.62e-08	58.9	ankyrin-2 isoform 17 [Homo sapiens]	FALSE	NA
XP_001431836.1	NP_001341181.1	0	N/A	26.238	202	28	7.74e-08	58.9	ankyrin-2 isoform 21 [Homo sapiens]	FALSE	NA
XP_001431836.1	NP_001341168.1	0	N/A	26.238	202	28	7.82e-08	58.5	ankyrin-2 isoform 12 [Homo sapiens]	FALSE	NA
XP_001431836.1	NP_001341190.1	0	N/A	26.238	202	28	7.91e-08	58.5	ankyrin-2 isoform 29 [Homo sapiens]	FALSE	NA
XP_001431836.1	NP_001373082.1	0	N/A	26.238	202	28	8.03e-08	58.5	ankyrin-2 isoform 60 [Homo sapiens]	FALSE	NA
XP_001431836.1	NP_001373081.1	0	N/A	26.238	202	28	8.04e-08	58.5	ankyrin-2 isoform 59 [Homo sapiens]	FALSE	NA
XP_001431836.1	NP_001341196.1	0	N/A	26.238	202	28	8.04e-08	58.5	ankyrin-2 isoform 33 [Homo sapiens]	FALSE	NA
XP_001431836.1	NP_001341195.1	0	N/A	26.238	202	28	8.04e-08	58.5	ankyrin-2 isoform 33 [Homo sapiens]	FALSE	NA
XP_001431836.1	NP_001373078.1	0	N/A	26.238	202	28	8.28e-08	58.5	ankyrin-2 isoform 56 [Homo sapiens]	FALSE	NA
XP_001431836.1	NP_001341178.1	0	N/A	26.238	202	28	8.29e-08	58.5	ankyrin-2 isoform 20 [Homo sapiens]	FALSE	NA
XP_001431836.1	NP_001341193.1	0	N/A	26.238	202	28	8.32e-08	58.5	ankyrin-2 isoform 31 [Homo sapiens]	FALSE	NA
XP_001431836.1	NP_001341154.1	0	N/A	26.238	202	28	8.47e-08	58.5	ankyrin-2 isoform 4 [Homo sapiens]	FALSE	NA
XP_001431836.1	NP_001373079.1	0	N/A	26.238	202	28	8.47e-08	58.5	ankyrin-2 isoform 57 [Homo sapiens]	FALSE	NA
XP_001431836.1	NP_001373083.1	0	N/A	26.238	202	28	8.52e-08	58.5	ankyrin-2 isoform 61 [Homo sapiens]	FALSE	NA
XP_001431836.1	NP_001373115.1	0	N/A	26.238	202	28	8.54e-08	58.5	ankyrin-2 isoform 69 [Homo sapiens]	FALSE	NA
XP_001431836.1	NP_001341201.1	0	N/A	26.238	202	28	8.65e-08	58.5	ankyrin-2 isoform 39 [Homo sapiens]	FALSE	NA
XP_001431836.1	NP_001341160.1	0	N/A	26.238	202	28	8.68e-08	58.5	ankyrin-2 isoform 7 [Homo sapiens]	FALSE	NA
XP_001431836.1	NP_001373077.1	0	N/A	26.238	202	28	8.72e-08	58.5	ankyrin-2 isoform 55 [Homo sapiens]	FALSE	NA
XP_001431836.1	NP_001341170.1	0	N/A	26.238	202	28	8.73e-08	58.5	ankyrin-2 isoform 14 [Homo sapiens]	FALSE	NA
XP_001431836.1	NP_001373075.1	0	N/A	26.238	202	28	8.73e-08	58.5	ankyrin-2 isoform 53 [Homo sapiens]	FALSE	NA
XP_001431836.1	NP_066187.2	0	N/A	26.238	202	28	8.87e-08	58.5	ankyrin-2 isoform 2 [Homo sapiens]	FALSE	NA
XP_001431836.1	NP_001373076.1	0	N/A	26.238	202	28	8.87e-08	58.5	ankyrin-2 isoform 54 [Homo sapiens]	FALSE	NA
XP_001431836.1	NP_001373073.1	0	N/A	26.238	202	28	8.9e-08	58.5	ankyrin-2 isoform 52 [Homo sapiens]	FALSE	NA
XP_001431836.1	NP_001373116.1	0	N/A	26.238	202	28	8.92e-08	58.5	ankyrin-2 isoform 70 [Homo sapiens]	FALSE	NA
XP_001431836.1	NP_001341175.1	0	N/A	26.238	202	28	8.95e-08	58.5	ankyrin-2 isoform 19 [Homo sapiens]	FALSE	NA
XP_001431836.1	NP_001341194.1	0	N/A	26.238	202	28	8.98e-08	58.5	ankyrin-2 isoform 32 [Homo sapiens]	FALSE	NA
XP_001431836.1	NP_001341169.1	0	N/A	26.203	187	26	9.19e-08	58.5	ankyrin-2 isoform 13 [Homo sapiens]	FALSE	NA
XP_001431836.1	NP_001341164.1	0	N/A	26.238	202	28	9.2e-08	58.5	ankyrin-2 isoform 9 [Homo sapiens]	FALSE	NA
XP_001431836.1	NP_001373089.1	0	N/A	26.238	202	28	9.34e-08	58.5	ankyrin-2 isoform 71 [Homo sapiens]	FALSE	NA
XP_001431836.1	NP_001341171.1	0	N/A	26.203	187	26	9.35e-08	58.5	ankyrin-2 isoform 15 [Homo sapiens]	FALSE	NA
XP_001431836.1	NP_001341166.1	0	N/A	26.203	187	26	9.43e-08	58.5	ankyrin-2 isoform 11 [Homo sapiens]	FALSE	NA
XP_001431836.1	NP_001341161.1	0	N/A	26.238	202	28	9.44e-08	58.5	ankyrin-2 isoform 8 [Homo sapiens]	FALSE	NA
XP_001431836.1	NP_001341165.1	0	N/A	26.238	202	28	1e-07	58.5	ankyrin-2 isoform 10 [Homo sapiens]	FALSE	NA
XP_001431836.1	NP_001341187.1	0	N/A	26.238	202	28	1.05e-07	58.2	ankyrin-2 isoform 27 [Homo sapiens]	FALSE	NA
XP_001431836.1	NP_001341159.1	0	N/A	26.203	187	26	1.06e-07	58.2	ankyrin-2 isoform 6 [Homo sapiens]	FALSE	NA
XP_001431836.1	NP_001341157.1	0	N/A	26.238	202	28	1.16e-07	58.2	ankyrin-2 isoform 5 [Homo sapiens]	FALSE	NA
XP_001431836.1	NP_001341206.1	0	N/A	28.108	185	25	1.31e-07	58.2	ankyrin-2 isoform 44 [Homo sapiens]	FALSE	NA
XP_001431836.1	NP_001341198.1	0	N/A	28.108	185	25	1.43e-07	57.8	ankyrin-2 isoform 36 [Homo sapiens]	FALSE	NA
XP_001431836.1	NP_001373086.1	0	N/A	28.108	185	25	1.55e-07	57.8	ankyrin-2 isoform 63 [Homo sapiens]	FALSE	NA
XP_001431836.1	NP_001341202.1	0	N/A	28.108	185	25	1.61e-07	57.8	ankyrin-2 isoform 40 [Homo sapiens]	FALSE	NA
XP_001431836.1	NP_001341200.1	0	N/A	25.143	175	24	6.79e-07	55.8	ankyrin-2 isoform 38 [Homo sapiens]	FALSE	NA
XP_001431836.1	NP_001341189.1	0	N/A	25.143	175	24	7.06e-07	55.5	ankyrin-2 isoform 28 [Homo sapiens]	FALSE	NA
XP_001431836.1	NP_001341186.1	0	N/A	25.143	175	24	7.06e-07	55.5	ankyrin-2 isoform 26 [Homo sapiens]	FALSE	NA
XP_001431836.1	XP_016869849.1	0	N/A	22.667	225	30	7.08e-07	55.5	death-associated protein kinase 1 isoform X2 [Homo sapiens]	FALSE	NA
XP_001431836.1	NP_001341199.1	0	N/A	25.143	175	24	7.22e-07	55.5	ankyrin-2 isoform 37 [Homo sapiens]	FALSE	NA
XP_001431836.1	NP_001341182.1	0	N/A	25.143	175	24	7.5e-07	55.5	ankyrin-2 isoform 22 [Homo sapiens]	FALSE	NA
XP_001431836.1	NP_001373085.1	0	N/A	25.143	175	24	7.52e-07	55.5	ankyrin-2 isoform 62 [Homo sapiens]	FALSE	NA
XP_001431836.1	NP_001341197.1	0	N/A	25.143	175	24	7.8e-07	55.5	ankyrin-2 isoform 35 [Homo sapiens]	FALSE	NA
XP_001431836.1	NP_001373080.1	0	N/A	25.143	175	24	7.8e-07	55.5	ankyrin-2 isoform 58 [Homo sapiens]	FALSE	NA
XP_001431836.1	NP_001341174.1	0	N/A	25.143	175	24	8.6e-07	55.5	ankyrin-2 isoform 18 [Homo sapiens]	FALSE	NA
XP_001431836.1	NP_001373087.1	0	N/A	27.215	158	22	1.35e-06	54.7	ankyrin-2 isoform 64 [Homo sapiens]	FALSE	NA
XP_001431836.1	XP_047278843.1	0	N/A	23.958	192	26	1.82e-06	54.3	death-associated protein kinase 1 isoform X1 [Homo sapiens]	FALSE	NA
XP_001431836.1	XP_047278842.1	0	N/A	23.958	192	26	1.82e-06	54.3	death-associated protein kinase 1 isoform X1 [Homo sapiens]	FALSE	NA
XP_001431836.1	NP_004929.2	0	N/A	23.958	192	26	1.82e-06	54.3	death-associated protein kinase 1 [Homo sapiens]	FALSE	NA
XP_001431836.1	NP_001275660.1	0	N/A	23.958	192	26	1.82e-06	54.3	death-associated protein kinase 1 [Homo sapiens]	FALSE	NA
XP_001431836.1	NP_001275659.1	0	N/A	23.958	192	26	1.82e-06	54.3	death-associated protein kinase 1 [Homo sapiens]	FALSE	NA
XP_001431836.1	NP_001275658.1	0	N/A	23.958	192	26	1.82e-06	54.3	death-associated protein kinase 1 [Homo sapiens]	FALSE	NA
XP_001431836.1	NP_001191332.1	0	N/A	27.811	169	23	2.08e-06	53.9	ankyrin-3 isoform 3 [Homo sapiens]	FALSE	NA
XP_001431836.1	NP_001307803.1	0	N/A	27.811	169	23	2.19e-06	53.9	ankyrin-3 isoform 5 [Homo sapiens]	FALSE	NA
XP_001431836.1	NP_001191333.1	0	N/A	27.811	169	23	2.27e-06	53.9	ankyrin-3 isoform 4 [Homo sapiens]	FALSE	NA
XP_001431836.1	XP_005251814.1	0	N/A	23.958	192	26	3.91e-06	53.1	death-associated protein kinase 1 isoform X3 [Homo sapiens]	FALSE	NA
XP_001431836.1	XP_047272305.1	0	N/A	23.256	172	24	5.81e-06	52.8	terminal uridylyltransferase 4 isoform X17 [Homo sapiens]	TRUE	Tut4
XP_001431836.1	XP_047272350.1	0	N/A	23.256	172	24	5.87e-06	52.8	terminal uridylyltransferase 4 isoform X34 [Homo sapiens]	TRUE	Tut4
XP_001431836.1	XP_047272344.1	0	N/A	23.256	172	24	5.93e-06	52.4	terminal uridylyltransferase 4 isoform X30 [Homo sapiens]	TRUE	Tut4
XP_001431836.1	XP_047272372.1	0	N/A	23.256	172	24	5.95e-06	52.4	terminal uridylyltransferase 4 isoform X42 [Homo sapiens]	TRUE	Tut4
XP_001431836.1	XP_047272290.1	0	N/A	23.256	172	24	5.97e-06	52.4	terminal uridylyltransferase 4 isoform X11 [Homo sapiens]	TRUE	Tut4
XP_001431836.1	XP_047272296.1	0	N/A	23.256	172	24	6.12e-06	52.4	terminal uridylyltransferase 4 isoform X13 [Homo sapiens]	TRUE	Tut4
XP_001431836.1	XP_047272286.1	0	N/A	23.256	172	24	6.12e-06	52.4	terminal uridylyltransferase 4 isoform X8 [Homo sapiens]	TRUE	Tut4
XP_001431836.1	XP_047272295.1	0	N/A	23.256	172	24	6.17e-06	52.4	terminal uridylyltransferase 4 isoform X12 [Homo sapiens]	TRUE	Tut4
XP_001431836.1	NP_001373104.1	0	N/A	27.586	174	24	6.94e-06	52.4	ankyrin-2 isoform 68 [Homo sapiens]	FALSE	NA
XP_001433196.1	XP_047272622.1	0	N/A	28.033	239	25	7.79e-14	77.8	terminal nucleotidyltransferase 4A isoform X1 [Homo sapiens]	TRUE	TENT4A
XP_001433196.1	XP_047272621.1	0	N/A	28.033	239	25	7.79e-14	77.8	terminal nucleotidyltransferase 4A isoform X1 [Homo sapiens]	TRUE	TENT4A
XP_001433196.1	XP_047272620.1	0	N/A	28.033	239	25	7.79e-14	77.8	terminal nucleotidyltransferase 4A isoform X1 [Homo sapiens]	TRUE	TENT4A
XP_001433196.1	XP_047272623.1	0	N/A	28.033	239	25	8.58e-14	77.8	terminal nucleotidyltransferase 4A isoform X2 [Homo sapiens]	TRUE	TENT4A
XP_001433196.1	XP_016864477.1	0	N/A	28.033	239	25	8.58e-14	77.8	terminal nucleotidyltransferase 4A isoform X2 [Homo sapiens]	TRUE	TENT4A
XP_001433196.1	XP_047272624.1	0	N/A	28.033	239	25	8.78e-14	77.8	terminal nucleotidyltransferase 4A isoform X3 [Homo sapiens]	TRUE	TENT4A
XP_001433196.1	NP_008930.2	0	N/A	26.667	270	28	2.32e-13	77	terminal nucleotidyltransferase 4A isoform 1 [Homo sapiens]	TRUE	TENT4A
XP_001433196.1	NP_001165276.2	0	N/A	26.667	270	28	2.44e-13	77	terminal nucleotidyltransferase 4A isoform 2 [Homo sapiens]	TRUE	TENT4A
XP_001433196.1	XP_011521580.1	0	N/A	27.615	239	25	1.07e-12	74.3	terminal nucleotidyltransferase 4B isoform X5 [Homo sapiens]	TRUE	TENT4B
XP_001433196.1	XP_047290433.1	0	N/A	27.615	239	25	1.68e-12	73.6	terminal nucleotidyltransferase 4B isoform X6 [Homo sapiens]	TRUE	TENT4B
XP_001433196.1	NP_001352252.1	0	N/A	27.197	239	25	2.9e-12	73.2	terminal nucleotidyltransferase 4B isoform c [Homo sapiens]	TRUE	TENT4B
XP_001433196.1	NP_001352253.1	0	N/A	27.197	239	25	3.32e-12	73.2	terminal nucleotidyltransferase 4B isoform d [Homo sapiens]	TRUE	TENT4B
XP_001433196.1	NP_001035374.2	0	N/A	27.197	239	25	3.62e-12	73.2	terminal nucleotidyltransferase 4B isoform a [Homo sapiens]	TRUE	TENT4B
XP_001433196.1	XP_011521577.1	0	N/A	27.197	239	25	3.62e-12	73.2	terminal nucleotidyltransferase 4B isoform X1 [Homo sapiens]	TRUE	TENT4B
XP_001433196.1	XP_047290432.1	0	N/A	27.197	239	25	5.05e-12	72.4	terminal nucleotidyltransferase 4B isoform X4 [Homo sapiens]	TRUE	TENT4B
XP_001433196.1	XP_047290431.1	0	N/A	27.197	239	25	5.09e-12	72.4	terminal nucleotidyltransferase 4B isoform X3 [Homo sapiens]	TRUE	TENT4B
XP_001433196.1	NP_001035375.2	0	N/A	27.197	239	25	5.49e-12	72.4	terminal nucleotidyltransferase 4B isoform b [Homo sapiens]	TRUE	TENT4B
XP_001433196.1	XP_011521578.1	0	N/A	27.197	239	25	5.5e-12	72.4	terminal nucleotidyltransferase 4B isoform X2 [Homo sapiens]	TRUE	TENT4B
XP_001433196.1	NP_001317647.1	0	N/A	23.039	204	21	0.001	45.8	terminal uridylyltransferase 7 isoform 3 [Homo sapiens]	TRUE	Tut7
XP_001433196.1	XP_011517318.1	0	N/A	23.039	204	21	0.002	45.4	terminal uridylyltransferase 7 isoform X5 [Homo sapiens]	TRUE	Tut7
XP_001433196.1	XP_016870620.1	0	N/A	23.039	204	21	0.002	45.1	terminal uridylyltransferase 7 isoform X4 [Homo sapiens]	TRUE	Tut7
XP_001433196.1	XP_016870619.1	0	N/A	23.039	204	21	0.002	45.1	terminal uridylyltransferase 7 isoform X4 [Homo sapiens]	TRUE	Tut7
XP_001433196.1	NP_078893.2	0	N/A	23.039	204	21	0.002	45.1	terminal uridylyltransferase 7 isoform 1 [Homo sapiens]	TRUE	Tut7
XP_001433196.1	NP_001171988.1	0	N/A	23.039	204	21	0.002	45.1	terminal uridylyltransferase 7 isoform 1 [Homo sapiens]	TRUE	Tut7
XP_001433196.1	XP_047279825.1	0	N/A	23.039	204	21	0.002	45.1	terminal uridylyltransferase 7 isoform X6 [Homo sapiens]	TRUE	Tut7
XP_001433196.1	XP_047279824.1	0	N/A	23.039	204	21	0.002	45.1	terminal uridylyltransferase 7 isoform X6 [Homo sapiens]	TRUE	Tut7
XP_001433196.1	XP_005252264.1	0	N/A	23.039	204	21	0.002	45.1	terminal uridylyltransferase 7 isoform X6 [Homo sapiens]	TRUE	Tut7
XP_001433196.1	XP_011517317.1	0	N/A	23.039	204	21	0.002	45.1	terminal uridylyltransferase 7 isoform X3 [Homo sapiens]	TRUE	Tut7
XP_001433196.1	XP_047279823.1	0	N/A	23.039	204	21	0.002	45.1	terminal uridylyltransferase 7 isoform X2 [Homo sapiens]	TRUE	Tut7
XP_001433196.1	XP_006717346.1	0	N/A	23.039	204	21	0.002	45.1	terminal uridylyltransferase 7 isoform X2 [Homo sapiens]	TRUE	Tut7
XP_001433196.1	XP_011517316.1	0	N/A	23.039	204	21	0.002	44.7	terminal uridylyltransferase 7 isoform X1 [Homo sapiens]	TRUE	Tut7
XP_001433196.1	XP_011517315.1	0	N/A	23.039	204	21	0.002	44.7	terminal uridylyltransferase 7 isoform X1 [Homo sapiens]	TRUE	Tut7
XP_001433196.1	XP_011517314.1	0	N/A	23.039	204	21	0.002	44.7	terminal uridylyltransferase 7 isoform X1 [Homo sapiens]	TRUE	Tut7
XP_001433196.1	XP_011517313.1	0	N/A	23.039	204	21	0.002	44.7	terminal uridylyltransferase 7 isoform X1 [Homo sapiens]	TRUE	Tut7
XP_001433196.1	XP_005252265.1	0	N/A	23.039	204	21	0.003	44.3	terminal uridylyltransferase 7 isoform X7 [Homo sapiens]	TRUE	Tut7
XP_001433196.1	XP_016856293.1	0	N/A	22.162	185	19	0.003	44.3	terminal uridylyltransferase 4 isoform X16 [Homo sapiens]	TRUE	Tut4
XP_001433196.1	XP_047272288.1	0	N/A	22.162	185	19	0.003	44.3	terminal uridylyltransferase 4 isoform X10 [Homo sapiens]	TRUE	Tut4
XP_001433196.1	XP_016856292.1	0	N/A	22.162	185	19	0.004	44.3	terminal uridylyltransferase 4 isoform X9 [Homo sapiens]	TRUE	Tut4
XP_001433196.1	XP_047272285.1	0	N/A	22.162	185	19	0.004	43.9	terminal uridylyltransferase 4 isoform X7 [Homo sapiens]	TRUE	Tut4
XP_001433196.1	XP_016856299.1	0	N/A	22.162	185	19	0.004	43.9	terminal uridylyltransferase 4 isoform X40 [Homo sapiens]	TRUE	Tut4
XP_001433196.1	XP_047272281.1	0	N/A	22.162	185	19	0.004	43.9	terminal uridylyltransferase 4 isoform X4 [Homo sapiens]	TRUE	Tut4
XP_001433196.1	NP_001009881.1	0	N/A	22.162	185	19	0.004	43.9	terminal uridylyltransferase 4 isoform a [Homo sapiens]	TRUE	Tut4
XP_001433196.1	XP_047272283.1	0	N/A	22.162	185	19	0.004	43.9	terminal uridylyltransferase 4 isoform X6 [Homo sapiens]	TRUE	Tut4
XP_001433196.1	XP_005270737.1	0	N/A	22.162	185	19	0.004	43.9	terminal uridylyltransferase 4 isoform X6 [Homo sapiens]	TRUE	Tut4
XP_001433196.1	XP_047272282.1	0	N/A	22.162	185	19	0.004	43.9	terminal uridylyltransferase 4 isoform X5 [Homo sapiens]	TRUE	Tut4
XP_001433196.1	NP_056084.1	0	N/A	22.162	185	19	0.004	43.9	terminal uridylyltransferase 4 isoform b [Homo sapiens]	TRUE	Tut4
XP_001433196.1	XP_011539399.1	0	N/A	22.162	185	19	0.004	43.9	terminal uridylyltransferase 4 isoform X1 [Homo sapiens]	TRUE	Tut4
XP_001433196.1	XP_005270733.1	0	N/A	22.162	185	19	0.004	43.9	terminal uridylyltransferase 4 isoform X1 [Homo sapiens]	TRUE	Tut4
XP_001433196.1	XP_047272280.1	0	N/A	22.162	185	19	0.004	43.9	terminal uridylyltransferase 4 isoform X3 [Homo sapiens]	TRUE	Tut4
XP_001433196.1	XP_005270736.1	0	N/A	22.162	185	19	0.004	43.9	terminal uridylyltransferase 4 isoform X3 [Homo sapiens]	TRUE	Tut4
XP_001433196.1	XP_016856297.1	0	N/A	22.162	185	19	0.004	43.9	terminal uridylyltransferase 4 isoform X36 [Homo sapiens]	TRUE	Tut4
XP_001433196.1	XP_005270735.1	0	N/A	22.162	185	19	0.004	43.9	terminal uridylyltransferase 4 isoform X2 [Homo sapiens]	TRUE	Tut4
XP_001433196.1	XP_047272365.1	0	N/A	22.162	185	19	0.005	43.9	terminal uridylyltransferase 4 isoform X38 [Homo sapiens]	TRUE	Tut4
XP_001433196.1	XP_005270739.1	0	N/A	22.162	185	19	0.005	43.5	terminal uridylyltransferase 4 isoform X33 [Homo sapiens]	TRUE	Tut4
XP_001433196.1	XP_047272345.1	0	N/A	22.162	185	19	0.005	43.5	terminal uridylyltransferase 4 isoform X31 [Homo sapiens]	TRUE	Tut4
XP_001433196.1	XP_016856296.1	0	N/A	22.162	185	19	0.006	43.5	terminal uridylyltransferase 4 isoform X28 [Homo sapiens]	TRUE	Tut4
XP_001433196.1	XP_047272337.1	0	N/A	22.162	185	19	0.006	43.5	terminal uridylyltransferase 4 isoform X27 [Homo sapiens]	TRUE	Tut4
XP_001433196.1	XP_011539401.1	0	N/A	22.162	185	19	0.006	43.5	terminal uridylyltransferase 4 isoform X29 [Homo sapiens]	TRUE	Tut4
XP_001433196.1	XP_016856295.1	0	N/A	22.162	185	19	0.007	43.1	terminal uridylyltransferase 4 isoform X25 [Homo sapiens]	TRUE	Tut4
XP_001433196.1	XP_047272325.1	0	N/A	22.162	185	19	0.007	43.1	terminal uridylyltransferase 4 isoform X23 [Homo sapiens]	TRUE	Tut4
XP_001433196.1	XP_047272305.1	0	N/A	22.286	175	18	0.01	42.7	terminal uridylyltransferase 4 isoform X17 [Homo sapiens]	TRUE	Tut4
XP_001433196.1	XP_047272296.1	0	N/A	22.286	175	18	0.01	42.4	terminal uridylyltransferase 4 isoform X13 [Homo sapiens]	TRUE	Tut4
XP_001433196.1	XP_047272295.1	0	N/A	22.286	175	18	0.011	42.4	terminal uridylyltransferase 4 isoform X12 [Homo sapiens]	TRUE	Tut4
XP_001433196.1	XP_047272372.1	0	N/A	22.286	175	18	0.011	42.4	terminal uridylyltransferase 4 isoform X42 [Homo sapiens]	TRUE	Tut4
XP_001433196.1	XP_047272290.1	0	N/A	22.286	175	18	0.012	42.4	terminal uridylyltransferase 4 isoform X11 [Homo sapiens]	TRUE	Tut4
XP_001433196.1	XP_047272286.1	0	N/A	22.286	175	18	0.012	42.4	terminal uridylyltransferase 4 isoform X8 [Homo sapiens]	TRUE	Tut4
XP_001433196.1	XP_047272350.1	0	N/A	22.286	175	18	0.015	42	terminal uridylyltransferase 4 isoform X34 [Homo sapiens]	TRUE	Tut4
XP_001433196.1	XP_047272344.1	0	N/A	22.286	175	18	0.017	42	terminal uridylyltransferase 4 isoform X30 [Homo sapiens]	TRUE	Tut4
XP_001433196.1	XP_047272384.1	0	N/A	23.243	185	19	0.019	41.6	terminal uridylyltransferase 4 isoform X46 [Homo sapiens]	TRUE	Tut4
XP_001433196.1	NP_001336477.1	0	N/A	22.881	118	9	0.068	38.9	poly(A) RNA polymerase GLD2 isoform 4 [Homo sapiens]	TRUE	TENT2
XP_001433196.1	XP_047272820.1	0	N/A	23.529	102	7	0.085	38.5	poly(A) RNA polymerase GLD2 isoform X11 [Homo sapiens]	TRUE	TENT2
XP_001434507.1	NP_001352253.1	0	N/A	25.839	298	45	1.17e-19	95.9	terminal nucleotidyltransferase 4B isoform d [Homo sapiens]	TRUE	TENT4B
XP_001434507.1	XP_047290431.1	0	N/A	25.839	298	45	1.18e-19	95.9	terminal nucleotidyltransferase 4B isoform X3 [Homo sapiens]	TRUE	TENT4B
XP_001434507.1	NP_001352252.1	0	N/A	25.839	298	45	1.34e-19	95.9	terminal nucleotidyltransferase 4B isoform c [Homo sapiens]	TRUE	TENT4B
XP_001434507.1	XP_047290432.1	0	N/A	25.839	298	45	1.38e-19	95.5	terminal nucleotidyltransferase 4B isoform X4 [Homo sapiens]	TRUE	TENT4B
XP_001434507.1	NP_001035374.2	0	N/A	26.102	295	45	1.61e-19	95.5	terminal nucleotidyltransferase 4B isoform a [Homo sapiens]	TRUE	TENT4B
XP_001434507.1	XP_011521577.1	0	N/A	26.102	295	45	1.61e-19	95.5	terminal nucleotidyltransferase 4B isoform X1 [Homo sapiens]	TRUE	TENT4B
XP_001434507.1	NP_001035375.2	0	N/A	25.839	298	45	1.83e-19	95.1	terminal nucleotidyltransferase 4B isoform b [Homo sapiens]	TRUE	TENT4B
XP_001434507.1	XP_011521578.1	0	N/A	25.839	298	45	1.83e-19	95.1	terminal nucleotidyltransferase 4B isoform X2 [Homo sapiens]	TRUE	TENT4B
XP_001434507.1	XP_047290433.1	0	N/A	25.267	281	43	3.54e-19	93.6	terminal nucleotidyltransferase 4B isoform X6 [Homo sapiens]	TRUE	TENT4B
XP_001434507.1	XP_011521580.1	0	N/A	25.887	282	43	4.92e-19	93.6	terminal nucleotidyltransferase 4B isoform X5 [Homo sapiens]	TRUE	TENT4B
XP_001434507.1	XP_047272622.1	0	N/A	24.219	256	39	2.06e-15	82	terminal nucleotidyltransferase 4A isoform X1 [Homo sapiens]	TRUE	TENT4A
XP_001434507.1	XP_047272621.1	0	N/A	24.219	256	39	2.06e-15	82	terminal nucleotidyltransferase 4A isoform X1 [Homo sapiens]	TRUE	TENT4A
XP_001434507.1	XP_047272620.1	0	N/A	24.219	256	39	2.06e-15	82	terminal nucleotidyltransferase 4A isoform X1 [Homo sapiens]	TRUE	TENT4A
XP_001434507.1	XP_047272624.1	0	N/A	24.219	256	39	2.13e-15	82	terminal nucleotidyltransferase 4A isoform X3 [Homo sapiens]	TRUE	TENT4A
XP_001434507.1	XP_047272623.1	0	N/A	24.219	256	39	2.13e-15	82	terminal nucleotidyltransferase 4A isoform X2 [Homo sapiens]	TRUE	TENT4A
XP_001434507.1	XP_016864477.1	0	N/A	24.219	256	39	2.13e-15	82	terminal nucleotidyltransferase 4A isoform X2 [Homo sapiens]	TRUE	TENT4A
XP_001434507.1	NP_008930.2	0	N/A	24.219	256	39	5.8e-15	81.3	terminal nucleotidyltransferase 4A isoform 1 [Homo sapiens]	TRUE	TENT4A
XP_001434507.1	NP_001165276.2	0	N/A	24.219	256	39	6.6e-15	80.9	terminal nucleotidyltransferase 4A isoform 2 [Homo sapiens]	TRUE	TENT4A
XP_001434507.1	NP_001341198.1	0	N/A	26.061	165	24	1.35e-07	57.8	ankyrin-2 isoform 36 [Homo sapiens]	FALSE	NA
XP_001434507.1	NP_001373086.1	0	N/A	26.061	165	24	1.38e-07	57.8	ankyrin-2 isoform 63 [Homo sapiens]	FALSE	NA
XP_001434507.1	NP_001341206.1	0	N/A	26.061	165	24	1.47e-07	57.8	ankyrin-2 isoform 44 [Homo sapiens]	FALSE	NA
XP_001434507.1	NP_001341202.1	0	N/A	26.061	165	24	1.65e-07	57.4	ankyrin-2 isoform 40 [Homo sapiens]	FALSE	NA
XP_001434507.1	NP_001307803.1	0	N/A	27.711	166	24	2.57e-07	57	ankyrin-3 isoform 5 [Homo sapiens]	FALSE	NA
XP_001434507.1	NP_001191332.1	0	N/A	27.711	166	24	2.66e-07	57	ankyrin-3 isoform 3 [Homo sapiens]	FALSE	NA
XP_001434507.1	NP_001191333.1	0	N/A	27.711	166	24	2.75e-07	57	ankyrin-3 isoform 4 [Homo sapiens]	FALSE	NA
XP_001434507.1	NP_001373087.1	0	N/A	25.301	166	24	2.86e-07	56.6	ankyrin-2 isoform 64 [Homo sapiens]	FALSE	NA
XP_001434507.1	NP_001120965.1	0	N/A	26.061	165	24	4.25e-07	56.2	ankyrin-2 isoform 3 [Homo sapiens]	FALSE	NA
XP_001434507.1	NP_001341170.1	0	N/A	26.061	165	24	4.25e-07	56.2	ankyrin-2 isoform 14 [Homo sapiens]	FALSE	NA
XP_001434507.1	NP_001373077.1	0	N/A	26.061	165	24	4.4e-07	56.2	ankyrin-2 isoform 55 [Homo sapiens]	FALSE	NA
XP_001434507.1	NP_001341172.1	0	N/A	26.061	165	24	4.4e-07	56.2	ankyrin-2 isoform 16 [Homo sapiens]	FALSE	NA
XP_001434507.1	NP_001341193.1	0	N/A	26.061	165	24	4.42e-07	56.2	ankyrin-2 isoform 31 [Homo sapiens]	FALSE	NA
XP_001434507.1	NP_001373116.1	0	N/A	26.061	165	24	4.42e-07	56.2	ankyrin-2 isoform 70 [Homo sapiens]	FALSE	NA
XP_001434507.1	NP_001373091.1	0	N/A	26.061	165	24	4.43e-07	56.2	ankyrin-2 isoform 43 [Homo sapiens]	FALSE	NA
XP_001434507.1	NP_001341205.1	0	N/A	26.061	165	24	4.43e-07	56.2	ankyrin-2 isoform 43 [Homo sapiens]	FALSE	NA
XP_001434507.1	NP_001341183.1	0	N/A	26.061	165	24	4.47e-07	56.2	ankyrin-2 isoform 23 [Homo sapiens]	FALSE	NA
XP_001434507.1	NP_001341168.1	0	N/A	26.061	165	24	4.48e-07	56.2	ankyrin-2 isoform 12 [Homo sapiens]	FALSE	NA
XP_001434507.1	NP_001341203.1	0	N/A	26.061	165	24	4.52e-07	56.2	ankyrin-2 isoform 41 [Homo sapiens]	FALSE	NA
XP_001434507.1	NP_001373115.1	0	N/A	26.061	165	24	4.53e-07	56.2	ankyrin-2 isoform 69 [Homo sapiens]	FALSE	NA
XP_001434507.1	NP_001373090.1	0	N/A	26.061	165	24	4.54e-07	56.2	ankyrin-2 isoform 25 [Homo sapiens]	FALSE	NA
XP_001434507.1	NP_001341185.1	0	N/A	26.061	165	24	4.54e-07	56.2	ankyrin-2 isoform 25 [Homo sapiens]	FALSE	NA
XP_001434507.1	NP_001341161.1	0	N/A	26.061	165	24	4.6e-07	56.2	ankyrin-2 isoform 8 [Homo sapiens]	FALSE	NA
XP_001434507.1	NP_001341204.1	0	N/A	26.061	165	24	4.63e-07	56.2	ankyrin-2 isoform 42 [Homo sapiens]	FALSE	NA
XP_001434507.1	NP_001341184.1	0	N/A	26.061	165	24	4.66e-07	56.2	ankyrin-2 isoform 24 [Homo sapiens]	FALSE	NA
XP_001434507.1	NP_001341173.1	0	N/A	26.061	165	24	4.67e-07	56.2	ankyrin-2 isoform 17 [Homo sapiens]	FALSE	NA
XP_001434507.1	NP_001341201.1	0	N/A	26.061	165	24	4.67e-07	56.2	ankyrin-2 isoform 39 [Homo sapiens]	FALSE	NA
XP_001434507.1	NP_001373082.1	0	N/A	26.061	165	24	4.68e-07	56.2	ankyrin-2 isoform 60 [Homo sapiens]	FALSE	NA
XP_001434507.1	NP_001341196.1	0	N/A	26.061	165	24	4.69e-07	56.2	ankyrin-2 isoform 33 [Homo sapiens]	FALSE	NA
XP_001434507.1	NP_001341195.1	0	N/A	26.061	165	24	4.69e-07	56.2	ankyrin-2 isoform 33 [Homo sapiens]	FALSE	NA
XP_001434507.1	NP_001341191.1	0	N/A	26.061	165	24	4.69e-07	56.2	ankyrin-2 isoform 30 [Homo sapiens]	FALSE	NA
XP_001434507.1	NP_001341181.1	0	N/A	26.061	165	24	4.7e-07	56.2	ankyrin-2 isoform 21 [Homo sapiens]	FALSE	NA
XP_001434507.1	NP_001373072.1	0	N/A	26.061	165	24	4.77e-07	56.2	ankyrin-2 isoform 51 [Homo sapiens]	FALSE	NA
XP_001434507.1	NP_066187.2	0	N/A	26.061	165	24	4.83e-07	55.8	ankyrin-2 isoform 2 [Homo sapiens]	FALSE	NA
XP_001434507.1	NP_001341157.1	0	N/A	26.061	165	24	4.85e-07	55.8	ankyrin-2 isoform 5 [Homo sapiens]	FALSE	NA
XP_001434507.1	NP_001373089.1	0	N/A	26.061	165	24	4.92e-07	55.8	ankyrin-2 isoform 71 [Homo sapiens]	FALSE	NA
XP_001434507.1	NP_001373083.1	0	N/A	26.061	165	24	4.93e-07	55.8	ankyrin-2 isoform 61 [Homo sapiens]	FALSE	NA
XP_001434507.1	NP_001373076.1	0	N/A	26.061	165	24	4.96e-07	55.8	ankyrin-2 isoform 54 [Homo sapiens]	FALSE	NA
XP_001434507.1	NP_001341164.1	0	N/A	26.061	165	24	4.97e-07	55.8	ankyrin-2 isoform 9 [Homo sapiens]	FALSE	NA
XP_001434507.1	NP_001341187.1	0	N/A	26.061	165	24	4.99e-07	55.8	ankyrin-2 isoform 27 [Homo sapiens]	FALSE	NA
XP_001434507.1	NP_001373075.1	0	N/A	26.061	165	24	5e-07	55.8	ankyrin-2 isoform 53 [Homo sapiens]	FALSE	NA
XP_001434507.1	NP_001341165.1	0	N/A	26.061	165	24	5.01e-07	55.8	ankyrin-2 isoform 10 [Homo sapiens]	FALSE	NA
XP_001434507.1	NP_001341160.1	0	N/A	26.061	165	24	5.01e-07	55.8	ankyrin-2 isoform 7 [Homo sapiens]	FALSE	NA
XP_001434507.1	NP_001341175.1	0	N/A	26.061	165	24	5.04e-07	55.8	ankyrin-2 isoform 19 [Homo sapiens]	FALSE	NA
XP_001434507.1	NP_001373079.1	0	N/A	26.061	165	24	5.07e-07	55.8	ankyrin-2 isoform 57 [Homo sapiens]	FALSE	NA
XP_001434507.1	NP_001373073.1	0	N/A	26.061	165	24	5.1e-07	55.8	ankyrin-2 isoform 52 [Homo sapiens]	FALSE	NA
XP_001434507.1	NP_001341159.1	0	N/A	26.061	165	24	5.28e-07	55.8	ankyrin-2 isoform 6 [Homo sapiens]	FALSE	NA
XP_001434507.1	NP_001373078.1	0	N/A	26.061	165	24	5.3e-07	55.8	ankyrin-2 isoform 56 [Homo sapiens]	FALSE	NA
XP_001434507.1	NP_001341178.1	0	N/A	26.061	165	24	5.3e-07	55.8	ankyrin-2 isoform 20 [Homo sapiens]	FALSE	NA
XP_001434507.1	NP_001341190.1	0	N/A	26.061	165	24	5.33e-07	55.8	ankyrin-2 isoform 29 [Homo sapiens]	FALSE	NA
XP_001434507.1	NP_001341166.1	0	N/A	26.061	165	24	5.4e-07	55.8	ankyrin-2 isoform 11 [Homo sapiens]	FALSE	NA
XP_001434507.1	NP_001373081.1	0	N/A	26.061	165	24	5.46e-07	55.8	ankyrin-2 isoform 59 [Homo sapiens]	FALSE	NA
XP_001434507.1	NP_001341154.1	0	N/A	26.061	165	24	5.7e-07	55.8	ankyrin-2 isoform 4 [Homo sapiens]	FALSE	NA
XP_001434507.1	NP_001341194.1	0	N/A	26.061	165	24	5.7e-07	55.8	ankyrin-2 isoform 32 [Homo sapiens]	FALSE	NA
XP_001434507.1	NP_001341171.1	0	N/A	26.061	165	24	5.73e-07	55.8	ankyrin-2 isoform 15 [Homo sapiens]	FALSE	NA
XP_001434507.1	NP_001341169.1	0	N/A	26.061	165	24	5.73e-07	55.8	ankyrin-2 isoform 13 [Homo sapiens]	FALSE	NA
XP_001434507.1	NP_001341200.1	0	N/A	25.301	166	24	7.93e-07	55.5	ankyrin-2 isoform 38 [Homo sapiens]	FALSE	NA
XP_001434507.1	NP_001373085.1	0	N/A	25.301	166	24	8e-07	55.5	ankyrin-2 isoform 62 [Homo sapiens]	FALSE	NA
XP_001434507.1	NP_001341182.1	0	N/A	25.301	166	24	8.04e-07	55.5	ankyrin-2 isoform 22 [Homo sapiens]	FALSE	NA
XP_001434507.1	NP_001341199.1	0	N/A	25.301	166	24	8.29e-07	55.1	ankyrin-2 isoform 37 [Homo sapiens]	FALSE	NA
XP_001434507.1	NP_001373080.1	0	N/A	25.301	166	24	8.29e-07	55.1	ankyrin-2 isoform 58 [Homo sapiens]	FALSE	NA
XP_001434507.1	NP_001341189.1	0	N/A	25.301	166	24	8.97e-07	55.1	ankyrin-2 isoform 28 [Homo sapiens]	FALSE	NA
XP_001434507.1	NP_001341197.1	0	N/A	25.301	166	24	9.11e-07	55.1	ankyrin-2 isoform 35 [Homo sapiens]	FALSE	NA
XP_001434507.1	NP_001341174.1	0	N/A	25.301	166	24	9.23e-07	55.1	ankyrin-2 isoform 18 [Homo sapiens]	FALSE	NA
XP_001434507.1	NP_001341186.1	0	N/A	25.301	166	24	9.29e-07	55.1	ankyrin-2 isoform 26 [Homo sapiens]	FALSE	NA
XP_001434507.1	NP_001335667.1	0	N/A	25.434	173	25	2.94e-06	53.5	kinase D-interacting substrate of 220 kDa isoform 8 [Homo sapiens]	FALSE	NA
XP_001434507.1	NP_001335672.1	0	N/A	25.434	173	25	3.3e-06	53.1	kinase D-interacting substrate of 220 kDa isoform 10 [Homo sapiens]	FALSE	NA
XP_001434507.1	NP_001335671.1	0	N/A	25.434	173	25	3.3e-06	53.1	kinase D-interacting substrate of 220 kDa isoform 10 [Homo sapiens]	FALSE	NA
XP_001434507.1	NP_001335670.1	0	N/A	25.434	173	25	3.3e-06	53.1	kinase D-interacting substrate of 220 kDa isoform 10 [Homo sapiens]	FALSE	NA
XP_001434507.1	NP_001335669.1	0	N/A	25.434	173	25	3.48e-06	53.1	kinase D-interacting substrate of 220 kDa isoform 9 [Homo sapiens]	FALSE	NA
XP_001434507.1	NP_001335668.1	0	N/A	25.434	173	25	3.48e-06	53.1	kinase D-interacting substrate of 220 kDa isoform 9 [Homo sapiens]	FALSE	NA
XP_001434507.1	NP_001335665.1	0	N/A	25.434	173	25	3.64e-06	53.1	kinase D-interacting substrate of 220 kDa isoform 7 [Homo sapiens]	FALSE	NA
XP_001434507.1	NP_001335660.1	0	N/A	25.434	173	25	3.7e-06	53.1	kinase D-interacting substrate of 220 kDa isoform 3 [Homo sapiens]	FALSE	NA
XP_001434507.1	NP_001335658.1	0	N/A	25.434	173	25	3.7e-06	53.1	kinase D-interacting substrate of 220 kDa isoform 2 [Homo sapiens]	FALSE	NA
XP_001434507.1	NP_001335661.1	0	N/A	25.434	173	25	3.83e-06	53.1	kinase D-interacting substrate of 220 kDa isoform 4 [Homo sapiens]	FALSE	NA
XP_001434507.1	NP_065789.1	0	N/A	25.434	173	25	3.86e-06	53.1	kinase D-interacting substrate of 220 kDa isoform 1 [Homo sapiens]	FALSE	NA
XP_001434507.1	NP_001335664.1	0	N/A	25.434	173	25	3.91e-06	53.1	kinase D-interacting substrate of 220 kDa isoform 6 [Homo sapiens]	FALSE	NA
XP_001434507.1	NP_001335663.1	0	N/A	25.434	173	25	4.08e-06	53.1	kinase D-interacting substrate of 220 kDa isoform 5 [Homo sapiens]	FALSE	NA
XP_001434507.1	XP_047272290.1	0	N/A	22.959	196	29	5.65e-06	52.4	terminal uridylyltransferase 4 isoform X11 [Homo sapiens]	TRUE	Tut4
XP_001434507.1	XP_047272305.1	0	N/A	22.959	196	29	5.79e-06	52.4	terminal uridylyltransferase 4 isoform X17 [Homo sapiens]	TRUE	Tut4
XP_001434507.1	XP_047272296.1	0	N/A	22.959	196	29	6.1e-06	52.4	terminal uridylyltransferase 4 isoform X13 [Homo sapiens]	TRUE	Tut4
XP_001434507.1	XP_047272286.1	0	N/A	22.959	196	29	6.1e-06	52.4	terminal uridylyltransferase 4 isoform X8 [Homo sapiens]	TRUE	Tut4
XP_001440709.1	XP_047272622.1	0	N/A	29.583	240	24	1.5e-14	80.5	terminal nucleotidyltransferase 4A isoform X1 [Homo sapiens]	TRUE	TENT4A
XP_001440709.1	XP_047272621.1	0	N/A	29.583	240	24	1.5e-14	80.5	terminal nucleotidyltransferase 4A isoform X1 [Homo sapiens]	TRUE	TENT4A
XP_001440709.1	XP_047272620.1	0	N/A	29.583	240	24	1.5e-14	80.5	terminal nucleotidyltransferase 4A isoform X1 [Homo sapiens]	TRUE	TENT4A
XP_001440709.1	XP_047272623.1	0	N/A	29.412	238	24	1.71e-14	80.1	terminal nucleotidyltransferase 4A isoform X2 [Homo sapiens]	TRUE	TENT4A
XP_001440709.1	XP_016864477.1	0	N/A	29.412	238	24	1.71e-14	80.1	terminal nucleotidyltransferase 4A isoform X2 [Homo sapiens]	TRUE	TENT4A
XP_001440709.1	XP_047272624.1	0	N/A	29.412	238	24	1.94e-14	79.7	terminal nucleotidyltransferase 4A isoform X3 [Homo sapiens]	TRUE	TENT4A
XP_001440709.1	NP_001165276.2	0	N/A	28.413	271	28	4.68e-14	79.3	terminal nucleotidyltransferase 4A isoform 2 [Homo sapiens]	TRUE	TENT4A
XP_001440709.1	NP_008930.2	0	N/A	28.413	271	28	4.85e-14	79.3	terminal nucleotidyltransferase 4A isoform 1 [Homo sapiens]	TRUE	TENT4A
XP_001440709.1	XP_011521580.1	0	N/A	27.863	262	27	2.71e-12	73.2	terminal nucleotidyltransferase 4B isoform X5 [Homo sapiens]	TRUE	TENT4B
XP_001440709.1	XP_047290433.1	0	N/A	27.863	262	27	3.88e-12	72.4	terminal nucleotidyltransferase 4B isoform X6 [Homo sapiens]	TRUE	TENT4B
XP_001440709.1	NP_001035374.2	0	N/A	27.547	265	27	6.88e-12	72	terminal nucleotidyltransferase 4B isoform a [Homo sapiens]	TRUE	TENT4B
XP_001440709.1	XP_011521577.1	0	N/A	27.547	265	27	6.88e-12	72	terminal nucleotidyltransferase 4B isoform X1 [Homo sapiens]	TRUE	TENT4B
XP_001440709.1	NP_001352252.1	0	N/A	27.547	265	27	9.31e-12	71.6	terminal nucleotidyltransferase 4B isoform c [Homo sapiens]	TRUE	TENT4B
XP_001440709.1	NP_001035375.2	0	N/A	27.547	265	27	1.06e-11	71.6	terminal nucleotidyltransferase 4B isoform b [Homo sapiens]	TRUE	TENT4B
XP_001440709.1	NP_001352253.1	0	N/A	27.547	265	27	1.06e-11	71.6	terminal nucleotidyltransferase 4B isoform d [Homo sapiens]	TRUE	TENT4B
XP_001440709.1	XP_011521578.1	0	N/A	27.547	265	27	1.06e-11	71.6	terminal nucleotidyltransferase 4B isoform X2 [Homo sapiens]	TRUE	TENT4B
XP_001440709.1	XP_047290432.1	0	N/A	27.547	265	27	1.1e-11	71.2	terminal nucleotidyltransferase 4B isoform X4 [Homo sapiens]	TRUE	TENT4B
XP_001440709.1	XP_047290431.1	0	N/A	27.925	265	27	1.41e-11	71.2	terminal nucleotidyltransferase 4B isoform X3 [Homo sapiens]	TRUE	TENT4B
XP_001440709.1	NP_001317647.1	0	N/A	23.789	227	22	0.004	43.9	terminal uridylyltransferase 7 isoform 3 [Homo sapiens]	TRUE	Tut7
XP_001440709.1	XP_011517318.1	0	N/A	24	225	22	0.005	43.5	terminal uridylyltransferase 7 isoform X5 [Homo sapiens]	TRUE	Tut7
XP_001440709.1	XP_016870620.1	0	N/A	24	225	22	0.006	43.5	terminal uridylyltransferase 7 isoform X4 [Homo sapiens]	TRUE	Tut7
XP_001440709.1	XP_016870619.1	0	N/A	24	225	22	0.006	43.5	terminal uridylyltransferase 7 isoform X4 [Homo sapiens]	TRUE	Tut7
XP_001440709.1	NP_078893.2	0	N/A	24	225	22	0.006	43.5	terminal uridylyltransferase 7 isoform 1 [Homo sapiens]	TRUE	Tut7
XP_001440709.1	NP_001171988.1	0	N/A	24	225	22	0.006	43.5	terminal uridylyltransferase 7 isoform 1 [Homo sapiens]	TRUE	Tut7
XP_001440709.1	XP_047279825.1	0	N/A	24	225	22	0.007	43.1	terminal uridylyltransferase 7 isoform X6 [Homo sapiens]	TRUE	Tut7
XP_001440709.1	XP_047279824.1	0	N/A	24	225	22	0.007	43.1	terminal uridylyltransferase 7 isoform X6 [Homo sapiens]	TRUE	Tut7
XP_001440709.1	XP_005252264.1	0	N/A	24	225	22	0.007	43.1	terminal uridylyltransferase 7 isoform X6 [Homo sapiens]	TRUE	Tut7
XP_001440709.1	XP_011517317.1	0	N/A	24	225	22	0.007	43.1	terminal uridylyltransferase 7 isoform X3 [Homo sapiens]	TRUE	Tut7
XP_001440709.1	XP_011517316.1	0	N/A	23.789	227	22	0.008	43.1	terminal uridylyltransferase 7 isoform X1 [Homo sapiens]	TRUE	Tut7
XP_001440709.1	XP_011517315.1	0	N/A	23.789	227	22	0.008	43.1	terminal uridylyltransferase 7 isoform X1 [Homo sapiens]	TRUE	Tut7
XP_001440709.1	XP_011517314.1	0	N/A	23.789	227	22	0.008	43.1	terminal uridylyltransferase 7 isoform X1 [Homo sapiens]	TRUE	Tut7
XP_001440709.1	XP_011517313.1	0	N/A	23.789	227	22	0.008	43.1	terminal uridylyltransferase 7 isoform X1 [Homo sapiens]	TRUE	Tut7
XP_001440709.1	XP_016856293.1	0	N/A	22.703	185	19	0.008	43.1	terminal uridylyltransferase 4 isoform X16 [Homo sapiens]	TRUE	Tut4
XP_001440709.1	XP_047272283.1	0	N/A	22.703	185	19	0.008	43.1	terminal uridylyltransferase 4 isoform X6 [Homo sapiens]	TRUE	Tut4
XP_001440709.1	XP_005270737.1	0	N/A	22.703	185	19	0.008	43.1	terminal uridylyltransferase 4 isoform X6 [Homo sapiens]	TRUE	Tut4
XP_001440709.1	XP_047272288.1	0	N/A	22.703	185	19	0.008	42.7	terminal uridylyltransferase 4 isoform X10 [Homo sapiens]	TRUE	Tut4
XP_001440709.1	XP_047279823.1	0	N/A	23.789	227	22	0.008	42.7	terminal uridylyltransferase 7 isoform X2 [Homo sapiens]	TRUE	Tut7
XP_001440709.1	XP_006717346.1	0	N/A	23.789	227	22	0.008	42.7	terminal uridylyltransferase 7 isoform X2 [Homo sapiens]	TRUE	Tut7
XP_001440709.1	XP_005252265.1	0	N/A	23.789	227	22	0.008	42.7	terminal uridylyltransferase 7 isoform X7 [Homo sapiens]	TRUE	Tut7
XP_001440709.1	XP_016856292.1	0	N/A	22.703	185	19	0.009	42.7	terminal uridylyltransferase 4 isoform X9 [Homo sapiens]	TRUE	Tut4
XP_001440709.1	XP_016856299.1	0	N/A	22.703	185	19	0.009	42.7	terminal uridylyltransferase 4 isoform X40 [Homo sapiens]	TRUE	Tut4
XP_001440709.1	XP_047272282.1	0	N/A	22.703	185	19	0.009	42.7	terminal uridylyltransferase 4 isoform X5 [Homo sapiens]	TRUE	Tut4
XP_001440709.1	NP_056084.1	0	N/A	22.703	185	19	0.009	42.7	terminal uridylyltransferase 4 isoform b [Homo sapiens]	TRUE	Tut4
XP_001440709.1	XP_047272285.1	0	N/A	22.703	185	19	0.009	42.7	terminal uridylyltransferase 4 isoform X7 [Homo sapiens]	TRUE	Tut4
XP_001440709.1	XP_047272281.1	0	N/A	22.703	185	19	0.009	42.7	terminal uridylyltransferase 4 isoform X4 [Homo sapiens]	TRUE	Tut4
XP_001440709.1	NP_001009881.1	0	N/A	22.703	185	19	0.009	42.7	terminal uridylyltransferase 4 isoform a [Homo sapiens]	TRUE	Tut4
XP_001440709.1	XP_047272280.1	0	N/A	22.703	185	19	0.009	42.7	terminal uridylyltransferase 4 isoform X3 [Homo sapiens]	TRUE	Tut4
XP_001440709.1	XP_005270736.1	0	N/A	22.703	185	19	0.009	42.7	terminal uridylyltransferase 4 isoform X3 [Homo sapiens]	TRUE	Tut4
XP_001440709.1	XP_047272365.1	0	N/A	22.703	185	19	0.009	42.7	terminal uridylyltransferase 4 isoform X38 [Homo sapiens]	TRUE	Tut4
XP_001440709.1	XP_005270735.1	0	N/A	22.703	185	19	0.01	42.7	terminal uridylyltransferase 4 isoform X2 [Homo sapiens]	TRUE	Tut4
XP_001440709.1	XP_011539399.1	0	N/A	22.703	185	19	0.01	42.7	terminal uridylyltransferase 4 isoform X1 [Homo sapiens]	TRUE	Tut4
XP_001440709.1	XP_005270733.1	0	N/A	22.703	185	19	0.01	42.7	terminal uridylyltransferase 4 isoform X1 [Homo sapiens]	TRUE	Tut4
XP_001440709.1	XP_016856297.1	0	N/A	22.703	185	19	0.01	42.7	terminal uridylyltransferase 4 isoform X36 [Homo sapiens]	TRUE	Tut4
XP_001440709.1	XP_005270739.1	0	N/A	22.703	185	19	0.01	42.7	terminal uridylyltransferase 4 isoform X33 [Homo sapiens]	TRUE	Tut4
XP_001440709.1	XP_016856296.1	0	N/A	22.703	185	19	0.011	42.4	terminal uridylyltransferase 4 isoform X28 [Homo sapiens]	TRUE	Tut4
XP_001440709.1	XP_047272345.1	0	N/A	22.703	185	19	0.012	42.4	terminal uridylyltransferase 4 isoform X31 [Homo sapiens]	TRUE	Tut4
XP_001440709.1	XP_047272337.1	0	N/A	22.703	185	19	0.013	42.4	terminal uridylyltransferase 4 isoform X27 [Homo sapiens]	TRUE	Tut4
XP_001440709.1	XP_011539401.1	0	N/A	22.703	185	19	0.013	42.4	terminal uridylyltransferase 4 isoform X29 [Homo sapiens]	TRUE	Tut4
XP_001440709.1	XP_016856295.1	0	N/A	22.703	185	19	0.013	42.4	terminal uridylyltransferase 4 isoform X25 [Homo sapiens]	TRUE	Tut4
XP_001440709.1	XP_047272325.1	0	N/A	22.703	185	19	0.014	42.4	terminal uridylyltransferase 4 isoform X23 [Homo sapiens]	TRUE	Tut4
XP_001440709.1	XP_047272305.1	0	N/A	22.346	179	18	0.031	41.2	terminal uridylyltransferase 4 isoform X17 [Homo sapiens]	TRUE	Tut4
XP_001440709.1	XP_047272384.1	0	N/A	22.703	185	19	0.032	40.8	terminal uridylyltransferase 4 isoform X46 [Homo sapiens]	TRUE	Tut4
XP_001440709.1	XP_047272296.1	0	N/A	22.346	179	18	0.033	40.8	terminal uridylyltransferase 4 isoform X13 [Homo sapiens]	TRUE	Tut4
XP_001440709.1	XP_047272295.1	0	N/A	22.346	179	18	0.033	40.8	terminal uridylyltransferase 4 isoform X12 [Homo sapiens]	TRUE	Tut4
XP_001440709.1	XP_047272286.1	0	N/A	22.346	179	18	0.033	40.8	terminal uridylyltransferase 4 isoform X8 [Homo sapiens]	TRUE	Tut4
XP_001440709.1	XP_047272290.1	0	N/A	22.346	179	18	0.035	40.8	terminal uridylyltransferase 4 isoform X11 [Homo sapiens]	TRUE	Tut4
XP_001440709.1	XP_047272372.1	0	N/A	22.346	179	18	0.036	40.8	terminal uridylyltransferase 4 isoform X42 [Homo sapiens]	TRUE	Tut4
XP_001440709.1	XP_047272350.1	0	N/A	22.346	179	18	0.043	40.4	terminal uridylyltransferase 4 isoform X34 [Homo sapiens]	TRUE	Tut4
XP_001440709.1	XP_047272344.1	0	N/A	22.346	179	18	0.052	40.4	terminal uridylyltransferase 4 isoform X30 [Homo sapiens]	TRUE	Tut4
XP_001441685.1	XP_047272622.1	0	N/A	28.509	228	35	4.48e-12	71.6	terminal nucleotidyltransferase 4A isoform X1 [Homo sapiens]	TRUE	TENT4A
XP_001441685.1	XP_047272621.1	0	N/A	28.509	228	35	4.48e-12	71.6	terminal nucleotidyltransferase 4A isoform X1 [Homo sapiens]	TRUE	TENT4A
XP_001441685.1	XP_047272620.1	0	N/A	28.509	228	35	4.48e-12	71.6	terminal nucleotidyltransferase 4A isoform X1 [Homo sapiens]	TRUE	TENT4A
XP_001441685.1	XP_047272623.1	0	N/A	28.509	228	35	5.33e-12	71.2	terminal nucleotidyltransferase 4A isoform X2 [Homo sapiens]	TRUE	TENT4A
XP_001441685.1	XP_016864477.1	0	N/A	28.509	228	35	5.33e-12	71.2	terminal nucleotidyltransferase 4A isoform X2 [Homo sapiens]	TRUE	TENT4A
XP_001441685.1	XP_047272624.1	0	N/A	28.509	228	35	6.56e-12	70.9	terminal nucleotidyltransferase 4A isoform X3 [Homo sapiens]	TRUE	TENT4A
XP_001441685.1	NP_008930.2	0	N/A	28.509	228	35	1.17e-11	70.5	terminal nucleotidyltransferase 4A isoform 1 [Homo sapiens]	TRUE	TENT4A
XP_001441685.1	NP_001165276.2	0	N/A	28.509	228	35	1.18e-11	70.5	terminal nucleotidyltransferase 4A isoform 2 [Homo sapiens]	TRUE	TENT4A
XP_001441685.1	NP_001035374.2	0	N/A	24.653	288	44	9.6e-10	64.3	terminal nucleotidyltransferase 4B isoform a [Homo sapiens]	TRUE	TENT4B
XP_001441685.1	XP_011521577.1	0	N/A	24.653	288	44	9.61e-10	64.3	terminal nucleotidyltransferase 4B isoform X1 [Homo sapiens]	TRUE	TENT4B
XP_001441685.1	NP_001035375.2	0	N/A	24.653	288	44	1.25e-09	63.9	terminal nucleotidyltransferase 4B isoform b [Homo sapiens]	TRUE	TENT4B
XP_001441685.1	XP_011521578.1	0	N/A	24.653	288	44	1.25e-09	63.9	terminal nucleotidyltransferase 4B isoform X2 [Homo sapiens]	TRUE	TENT4B
XP_001441685.1	NP_001352252.1	0	N/A	23.41	346	52	1.56e-09	63.5	terminal nucleotidyltransferase 4B isoform c [Homo sapiens]	TRUE	TENT4B
XP_001441685.1	NP_001352253.1	0	N/A	23.41	346	52	1.62e-09	63.5	terminal nucleotidyltransferase 4B isoform d [Homo sapiens]	TRUE	TENT4B
XP_001441685.1	XP_047290432.1	0	N/A	24.653	288	44	2e-09	63.2	terminal nucleotidyltransferase 4B isoform X4 [Homo sapiens]	TRUE	TENT4B
XP_001441685.1	XP_047290431.1	0	N/A	25	288	44	2.31e-09	63.2	terminal nucleotidyltransferase 4B isoform X3 [Homo sapiens]	TRUE	TENT4B
XP_001441685.1	XP_011521580.1	0	N/A	26.201	229	35	5.51e-09	61.6	terminal nucleotidyltransferase 4B isoform X5 [Homo sapiens]	TRUE	TENT4B
XP_001441685.1	XP_047290433.1	0	N/A	26.201	229	35	6.81e-09	61.2	terminal nucleotidyltransferase 4B isoform X6 [Homo sapiens]	TRUE	TENT4B
XP_001442862.1	XP_011521580.1	0	N/A	27.778	252	39	3.08e-12	72	terminal nucleotidyltransferase 4B isoform X5 [Homo sapiens]	TRUE	TENT4B
XP_001442862.1	XP_047290433.1	0	N/A	27.778	252	39	3.87e-12	71.6	terminal nucleotidyltransferase 4B isoform X6 [Homo sapiens]	TRUE	TENT4B
XP_001442862.1	NP_008930.2	0	N/A	25.899	278	41	6.38e-12	71.2	terminal nucleotidyltransferase 4A isoform 1 [Homo sapiens]	TRUE	TENT4A
XP_001442862.1	NP_001165276.2	0	N/A	25.899	278	41	6.54e-12	71.2	terminal nucleotidyltransferase 4A isoform 2 [Homo sapiens]	TRUE	TENT4A
XP_001442862.1	NP_001035374.2	0	N/A	27.778	252	39	6.9e-12	71.2	terminal nucleotidyltransferase 4B isoform a [Homo sapiens]	TRUE	TENT4B
XP_001442862.1	XP_011521577.1	0	N/A	27.778	252	39	6.9e-12	71.2	terminal nucleotidyltransferase 4B isoform X1 [Homo sapiens]	TRUE	TENT4B
XP_001442862.1	NP_001035375.2	0	N/A	27.778	252	39	7.67e-12	70.9	terminal nucleotidyltransferase 4B isoform b [Homo sapiens]	TRUE	TENT4B
XP_001442862.1	XP_011521578.1	0	N/A	27.778	252	39	7.68e-12	70.9	terminal nucleotidyltransferase 4B isoform X2 [Homo sapiens]	TRUE	TENT4B
XP_001442862.1	NP_001352253.1	0	N/A	27.778	252	39	8.68e-12	70.9	terminal nucleotidyltransferase 4B isoform d [Homo sapiens]	TRUE	TENT4B
XP_001442862.1	NP_001352252.1	0	N/A	27.778	252	39	9.05e-12	70.9	terminal nucleotidyltransferase 4B isoform c [Homo sapiens]	TRUE	TENT4B
XP_001442862.1	XP_047272622.1	0	N/A	26.908	249	39	9.54e-12	70.5	terminal nucleotidyltransferase 4A isoform X1 [Homo sapiens]	TRUE	TENT4A
XP_001442862.1	XP_047272621.1	0	N/A	26.908	249	39	9.54e-12	70.5	terminal nucleotidyltransferase 4A isoform X1 [Homo sapiens]	TRUE	TENT4A
XP_001442862.1	XP_047272620.1	0	N/A	26.908	249	39	9.54e-12	70.5	terminal nucleotidyltransferase 4A isoform X1 [Homo sapiens]	TRUE	TENT4A
XP_001442862.1	XP_047272623.1	0	N/A	26.908	249	39	9.96e-12	70.5	terminal nucleotidyltransferase 4A isoform X2 [Homo sapiens]	TRUE	TENT4A
XP_001442862.1	XP_016864477.1	0	N/A	26.908	249	39	9.96e-12	70.5	terminal nucleotidyltransferase 4A isoform X2 [Homo sapiens]	TRUE	TENT4A
XP_001442862.1	XP_047290431.1	0	N/A	27.778	252	39	1.03e-11	70.5	terminal nucleotidyltransferase 4B isoform X3 [Homo sapiens]	TRUE	TENT4B
XP_001442862.1	XP_047272624.1	0	N/A	26.908	249	39	1.03e-11	70.5	terminal nucleotidyltransferase 4A isoform X3 [Homo sapiens]	TRUE	TENT4A
XP_001442862.1	XP_047290432.1	0	N/A	27.778	252	39	1.13e-11	70.5	terminal nucleotidyltransferase 4B isoform X4 [Homo sapiens]	TRUE	TENT4B
XP_001442862.1	XP_016856292.1	0	N/A	23.039	204	32	2.67e-05	50.4	terminal uridylyltransferase 4 isoform X9 [Homo sapiens]	TRUE	Tut4
XP_001442862.1	XP_016856293.1	0	N/A	22.549	204	32	2.81e-05	50.1	terminal uridylyltransferase 4 isoform X16 [Homo sapiens]	TRUE	Tut4
XP_001442862.1	XP_047272285.1	0	N/A	23.039	204	32	2.84e-05	50.1	terminal uridylyltransferase 4 isoform X7 [Homo sapiens]	TRUE	Tut4
XP_001442862.1	XP_047272288.1	0	N/A	23.039	204	32	2.96e-05	50.1	terminal uridylyltransferase 4 isoform X10 [Homo sapiens]	TRUE	Tut4
XP_001442862.1	XP_016856297.1	0	N/A	23.039	204	32	3.09e-05	50.1	terminal uridylyltransferase 4 isoform X36 [Homo sapiens]	TRUE	Tut4
XP_001442862.1	XP_005270735.1	0	N/A	23.039	204	32	3.28e-05	50.1	terminal uridylyltransferase 4 isoform X2 [Homo sapiens]	TRUE	Tut4
XP_001442862.1	XP_047272280.1	0	N/A	23.039	204	32	3.31e-05	50.1	terminal uridylyltransferase 4 isoform X3 [Homo sapiens]	TRUE	Tut4
XP_001442862.1	XP_005270736.1	0	N/A	23.039	204	32	3.31e-05	50.1	terminal uridylyltransferase 4 isoform X3 [Homo sapiens]	TRUE	Tut4
XP_001442862.1	XP_011539399.1	0	N/A	23.039	204	32	3.34e-05	50.1	terminal uridylyltransferase 4 isoform X1 [Homo sapiens]	TRUE	Tut4
XP_001442862.1	XP_005270733.1	0	N/A	23.039	204	32	3.34e-05	50.1	terminal uridylyltransferase 4 isoform X1 [Homo sapiens]	TRUE	Tut4
XP_001442862.1	XP_005270739.1	0	N/A	23.039	204	32	3.43e-05	50.1	terminal uridylyltransferase 4 isoform X33 [Homo sapiens]	TRUE	Tut4
XP_001442862.1	XP_047272283.1	0	N/A	23.039	204	32	3.63e-05	49.7	terminal uridylyltransferase 4 isoform X6 [Homo sapiens]	TRUE	Tut4
XP_001442862.1	XP_005270737.1	0	N/A	23.039	204	32	3.63e-05	49.7	terminal uridylyltransferase 4 isoform X6 [Homo sapiens]	TRUE	Tut4
XP_001442862.1	XP_016856299.1	0	N/A	23.039	204	32	3.66e-05	49.7	terminal uridylyltransferase 4 isoform X40 [Homo sapiens]	TRUE	Tut4
XP_001442862.1	XP_047272282.1	0	N/A	23.039	204	32	3.86e-05	49.7	terminal uridylyltransferase 4 isoform X5 [Homo sapiens]	TRUE	Tut4
XP_001442862.1	NP_056084.1	0	N/A	23.039	204	32	3.86e-05	49.7	terminal uridylyltransferase 4 isoform b [Homo sapiens]	TRUE	Tut4
XP_001442862.1	XP_047272281.1	0	N/A	23.039	204	32	3.89e-05	49.7	terminal uridylyltransferase 4 isoform X4 [Homo sapiens]	TRUE	Tut4
XP_001442862.1	NP_001009881.1	0	N/A	23.039	204	32	3.89e-05	49.7	terminal uridylyltransferase 4 isoform a [Homo sapiens]	TRUE	Tut4
XP_001442862.1	XP_047272345.1	0	N/A	23.039	204	32	3.93e-05	49.7	terminal uridylyltransferase 4 isoform X31 [Homo sapiens]	TRUE	Tut4
XP_001442862.1	XP_011539401.1	0	N/A	23.039	204	32	4.07e-05	49.7	terminal uridylyltransferase 4 isoform X29 [Homo sapiens]	TRUE	Tut4
XP_001442862.1	XP_047272365.1	0	N/A	23.039	204	32	4.16e-05	49.7	terminal uridylyltransferase 4 isoform X38 [Homo sapiens]	TRUE	Tut4
XP_001442862.1	XP_016856295.1	0	N/A	23.039	204	32	4.44e-05	49.7	terminal uridylyltransferase 4 isoform X25 [Homo sapiens]	TRUE	Tut4
XP_001442862.1	XP_047272325.1	0	N/A	23.039	204	32	4.67e-05	49.3	terminal uridylyltransferase 4 isoform X23 [Homo sapiens]	TRUE	Tut4
XP_001442862.1	XP_016856296.1	0	N/A	23.039	204	32	5.08e-05	49.3	terminal uridylyltransferase 4 isoform X28 [Homo sapiens]	TRUE	Tut4
XP_001442862.1	XP_047272337.1	0	N/A	23.039	204	32	5.4e-05	49.3	terminal uridylyltransferase 4 isoform X27 [Homo sapiens]	TRUE	Tut4
XP_001442862.1	XP_047272290.1	0	N/A	22.68	194	30	6.26e-05	48.9	terminal uridylyltransferase 4 isoform X11 [Homo sapiens]	TRUE	Tut4
XP_001442862.1	XP_047272286.1	0	N/A	22.68	194	30	6.32e-05	48.9	terminal uridylyltransferase 4 isoform X8 [Homo sapiens]	TRUE	Tut4
XP_001442862.1	XP_047272372.1	0	N/A	22.68	194	30	6.58e-05	48.9	terminal uridylyltransferase 4 isoform X42 [Homo sapiens]	TRUE	Tut4
XP_001442862.1	XP_047272305.1	0	N/A	22.68	194	30	6.58e-05	48.9	terminal uridylyltransferase 4 isoform X17 [Homo sapiens]	TRUE	Tut4
XP_001442862.1	XP_047272296.1	0	N/A	22.68	194	30	6.81e-05	48.9	terminal uridylyltransferase 4 isoform X13 [Homo sapiens]	TRUE	Tut4
XP_001442862.1	XP_047272295.1	0	N/A	22.68	194	30	6.81e-05	48.9	terminal uridylyltransferase 4 isoform X12 [Homo sapiens]	TRUE	Tut4
XP_001442862.1	XP_047272344.1	0	N/A	22.68	194	30	7.77e-05	48.9	terminal uridylyltransferase 4 isoform X30 [Homo sapiens]	TRUE	Tut4
XP_001442862.1	XP_047272350.1	0	N/A	22.68	194	30	8.38e-05	48.5	terminal uridylyltransferase 4 isoform X34 [Homo sapiens]	TRUE	Tut4
XP_001442862.1	XP_047272384.1	0	N/A	22.826	184	29	1e-04	48.1	terminal uridylyltransferase 4 isoform X46 [Homo sapiens]	TRUE	Tut4
XP_001442862.1	NP_001317647.1	0	N/A	22.951	183	29	0.000187	47.4	terminal uridylyltransferase 7 isoform 3 [Homo sapiens]	TRUE	Tut7
XP_001442862.1	XP_016870620.1	0	N/A	22.951	183	29	0.000197	47.4	terminal uridylyltransferase 7 isoform X4 [Homo sapiens]	TRUE	Tut7
XP_001442862.1	XP_016870619.1	0	N/A	22.951	183	29	0.000197	47.4	terminal uridylyltransferase 7 isoform X4 [Homo sapiens]	TRUE	Tut7
XP_001442862.1	NP_078893.2	0	N/A	22.951	183	29	0.000197	47.4	terminal uridylyltransferase 7 isoform 1 [Homo sapiens]	TRUE	Tut7
XP_001442862.1	NP_001171988.1	0	N/A	22.951	183	29	0.000197	47.4	terminal uridylyltransferase 7 isoform 1 [Homo sapiens]	TRUE	Tut7
XP_001442862.1	XP_047279825.1	0	N/A	22.951	183	29	0.000202	47.4	terminal uridylyltransferase 7 isoform X6 [Homo sapiens]	TRUE	Tut7
XP_001442862.1	XP_047279824.1	0	N/A	22.951	183	29	0.000202	47.4	terminal uridylyltransferase 7 isoform X6 [Homo sapiens]	TRUE	Tut7
XP_001442862.1	XP_005252264.1	0	N/A	22.951	183	29	0.000202	47.4	terminal uridylyltransferase 7 isoform X6 [Homo sapiens]	TRUE	Tut7
XP_001442862.1	XP_011517318.1	0	N/A	22.951	183	29	0.000204	47.4	terminal uridylyltransferase 7 isoform X5 [Homo sapiens]	TRUE	Tut7
XP_001442862.1	XP_047279823.1	0	N/A	22.951	183	29	0.000209	47.4	terminal uridylyltransferase 7 isoform X2 [Homo sapiens]	TRUE	Tut7
XP_001442862.1	XP_006717346.1	0	N/A	22.951	183	29	0.000209	47.4	terminal uridylyltransferase 7 isoform X2 [Homo sapiens]	TRUE	Tut7
XP_001442862.1	XP_011517317.1	0	N/A	22.951	183	29	0.000217	47.4	terminal uridylyltransferase 7 isoform X3 [Homo sapiens]	TRUE	Tut7
XP_001442862.1	XP_005252265.1	0	N/A	22.951	183	29	0.000237	47	terminal uridylyltransferase 7 isoform X7 [Homo sapiens]	TRUE	Tut7
XP_001442862.1	XP_011517316.1	0	N/A	22.951	183	29	0.000288	47	terminal uridylyltransferase 7 isoform X1 [Homo sapiens]	TRUE	Tut7
XP_001442862.1	XP_011517315.1	0	N/A	22.951	183	29	0.000288	47	terminal uridylyltransferase 7 isoform X1 [Homo sapiens]	TRUE	Tut7
XP_001442862.1	XP_011517314.1	0	N/A	22.951	183	29	0.000288	47	terminal uridylyltransferase 7 isoform X1 [Homo sapiens]	TRUE	Tut7
XP_001442862.1	XP_011517313.1	0	N/A	22.951	183	29	0.000288	47	terminal uridylyltransferase 7 isoform X1 [Homo sapiens]	TRUE	Tut7
XP_001442862.1	XP_047272311.1	0	N/A	29.167	96	15	0.001	45.1	terminal uridylyltransferase 4 isoform X21 [Homo sapiens]	TRUE	Tut4
XP_001442862.1	XP_047272336.1	0	N/A	29.167	96	15	0.001	45.1	terminal uridylyltransferase 4 isoform X26 [Homo sapiens]	TRUE	Tut4
XP_001442862.1	XP_047272320.1	0	N/A	29.167	96	15	0.001	45.1	terminal uridylyltransferase 4 isoform X22 [Homo sapiens]	TRUE	Tut4
XP_001442862.1	XP_047272327.1	0	N/A	29.167	96	15	0.001	45.1	terminal uridylyltransferase 4 isoform X24 [Homo sapiens]	TRUE	Tut4
XP_001442862.1	XP_047272306.1	0	N/A	29.167	96	15	0.001	45.1	terminal uridylyltransferase 4 isoform X18 [Homo sapiens]	TRUE	Tut4
XP_001442862.1	XP_047272303.1	0	N/A	29.167	96	15	0.001	45.1	terminal uridylyltransferase 4 isoform X15 [Homo sapiens]	TRUE	Tut4
XP_001442862.1	XP_005270738.1	0	N/A	29.167	96	15	0.001	45.1	terminal uridylyltransferase 4 isoform X14 [Homo sapiens]	TRUE	Tut4
XP_001442862.1	XP_047272377.1	0	N/A	29.167	96	15	0.001	45.1	terminal uridylyltransferase 4 isoform X44 [Homo sapiens]	TRUE	Tut4
XP_001442862.1	XP_047272373.1	0	N/A	29.167	96	15	0.001	45.1	terminal uridylyltransferase 4 isoform X43 [Homo sapiens]	TRUE	Tut4
XP_001442862.1	XP_016856294.1	0	N/A	29.167	96	15	0.001	45.1	terminal uridylyltransferase 4 isoform X20 [Homo sapiens]	TRUE	Tut4
XP_001442862.1	XP_047272307.1	0	N/A	29.167	96	15	0.001	44.7	terminal uridylyltransferase 4 isoform X19 [Homo sapiens]	TRUE	Tut4
XP_001442862.1	XP_047272369.1	0	N/A	29.167	96	15	0.001	44.7	terminal uridylyltransferase 4 isoform X41 [Homo sapiens]	TRUE	Tut4
XP_001442862.1	XP_047272348.1	0	N/A	29.167	96	15	0.001	44.7	terminal uridylyltransferase 4 isoform X32 [Homo sapiens]	TRUE	Tut4
XP_001442862.1	XP_047272367.1	0	N/A	29.167	96	15	0.001	44.7	terminal uridylyltransferase 4 isoform X39 [Homo sapiens]	TRUE	Tut4
XP_001442862.1	XP_047272354.1	0	N/A	29.167	96	15	0.002	44.7	terminal uridylyltransferase 4 isoform X35 [Homo sapiens]	TRUE	Tut4
XP_001442862.1	XP_047272362.1	0	N/A	29.167	96	15	0.002	44.3	terminal uridylyltransferase 4 isoform X37 [Homo sapiens]	TRUE	Tut4
XP_001442862.1	XP_047272805.1	0	N/A	23.418	158	17	0.005	42.4	poly(A) RNA polymerase GLD2 isoform X2 [Homo sapiens]	TRUE	TENT2
XP_001442862.1	XP_047272804.1	0	N/A	23.418	158	17	0.005	42.4	poly(A) RNA polymerase GLD2 isoform X2 [Homo sapiens]	TRUE	TENT2
XP_001442862.1	XP_047272803.1	0	N/A	23.418	158	17	0.005	42.4	poly(A) RNA polymerase GLD2 isoform X2 [Homo sapiens]	TRUE	TENT2
XP_001442862.1	XP_047272802.1	0	N/A	23.418	158	17	0.005	42.4	poly(A) RNA polymerase GLD2 isoform X2 [Homo sapiens]	TRUE	TENT2
XP_001442862.1	XP_016864641.1	0	N/A	23.418	158	17	0.005	42.4	poly(A) RNA polymerase GLD2 isoform X2 [Homo sapiens]	TRUE	TENT2
XP_001442862.1	NP_001375026.1	0	N/A	23.418	158	17	0.005	42.4	poly(A) RNA polymerase GLD2 isoform 6 [Homo sapiens]	TRUE	TENT2
XP_001442862.1	NP_001375025.1	0	N/A	23.418	158	17	0.005	42.4	poly(A) RNA polymerase GLD2 isoform 6 [Homo sapiens]	TRUE	TENT2
XP_001442862.1	NP_001375024.1	0	N/A	23.418	158	17	0.005	42.4	poly(A) RNA polymerase GLD2 isoform 6 [Homo sapiens]	TRUE	TENT2
XP_001442862.1	NP_001336480.1	0	N/A	23.418	158	17	0.005	42.4	poly(A) RNA polymerase GLD2 isoform 6 [Homo sapiens]	TRUE	TENT2
XP_001442862.1	NP_001375027.1	0	N/A	23.418	158	17	0.006	42.4	poly(A) RNA polymerase GLD2 isoform 7 [Homo sapiens]	TRUE	TENT2
XP_001442862.1	XP_047272801.1	0	N/A	23.418	158	17	0.007	42	poly(A) RNA polymerase GLD2 isoform X1 [Homo sapiens]	TRUE	TENT2
XP_001442862.1	XP_047272800.1	0	N/A	23.418	158	17	0.007	42	poly(A) RNA polymerase GLD2 isoform X1 [Homo sapiens]	TRUE	TENT2
XP_001442862.1	XP_011541527.1	0	N/A	23.418	158	17	0.007	42	poly(A) RNA polymerase GLD2 isoform X1 [Homo sapiens]	TRUE	TENT2
XP_001442862.1	XP_011541526.1	0	N/A	23.418	158	17	0.007	42	poly(A) RNA polymerase GLD2 isoform X1 [Homo sapiens]	TRUE	TENT2
XP_001442862.1	XP_011541523.1	0	N/A	23.418	158	17	0.007	42	poly(A) RNA polymerase GLD2 isoform X1 [Homo sapiens]	TRUE	TENT2
XP_001443375.1	XP_011521580.1	0	N/A	27.519	258	26	9.38e-11	68.2	terminal nucleotidyltransferase 4B isoform X5 [Homo sapiens]	TRUE	TENT4B
XP_001443375.1	XP_047290433.1	0	N/A	27.519	258	26	1.29e-10	67.4	terminal nucleotidyltransferase 4B isoform X6 [Homo sapiens]	TRUE	TENT4B
XP_001443375.1	NP_001035374.2	0	N/A	27.519	258	26	2.49e-10	67	terminal nucleotidyltransferase 4B isoform a [Homo sapiens]	TRUE	TENT4B
XP_001443375.1	XP_011521577.1	0	N/A	27.519	258	26	2.5e-10	67	terminal nucleotidyltransferase 4B isoform X1 [Homo sapiens]	TRUE	TENT4B
XP_001443375.1	NP_001035375.2	0	N/A	27.519	258	26	2.85e-10	67	terminal nucleotidyltransferase 4B isoform b [Homo sapiens]	TRUE	TENT4B
XP_001443375.1	XP_011521578.1	0	N/A	27.519	258	26	2.85e-10	67	terminal nucleotidyltransferase 4B isoform X2 [Homo sapiens]	TRUE	TENT4B
XP_001443375.1	NP_001352253.1	0	N/A	27.519	258	26	3.21e-10	66.6	terminal nucleotidyltransferase 4B isoform d [Homo sapiens]	TRUE	TENT4B
XP_001443375.1	NP_001352252.1	0	N/A	27.519	258	26	3.35e-10	66.6	terminal nucleotidyltransferase 4B isoform c [Homo sapiens]	TRUE	TENT4B
XP_001443375.1	XP_047290432.1	0	N/A	27.519	258	26	3.92e-10	66.2	terminal nucleotidyltransferase 4B isoform X4 [Homo sapiens]	TRUE	TENT4B
XP_001443375.1	XP_047290431.1	0	N/A	27.519	258	26	4.11e-10	66.2	terminal nucleotidyltransferase 4B isoform X3 [Homo sapiens]	TRUE	TENT4B
XP_001443375.1	NP_001165276.2	0	N/A	25.263	285	28	3.05e-09	63.5	terminal nucleotidyltransferase 4A isoform 2 [Homo sapiens]	TRUE	TENT4A
XP_001443375.1	NP_008930.2	0	N/A	25.263	285	28	3.16e-09	63.5	terminal nucleotidyltransferase 4A isoform 1 [Homo sapiens]	TRUE	TENT4A
XP_001443375.1	XP_047272623.1	0	N/A	25.781	256	26	5.42e-09	62.4	terminal nucleotidyltransferase 4A isoform X2 [Homo sapiens]	TRUE	TENT4A
XP_001443375.1	XP_016864477.1	0	N/A	25.781	256	26	5.42e-09	62.4	terminal nucleotidyltransferase 4A isoform X2 [Homo sapiens]	TRUE	TENT4A
XP_001443375.1	XP_047272622.1	0	N/A	25.781	256	26	5.74e-09	62.4	terminal nucleotidyltransferase 4A isoform X1 [Homo sapiens]	TRUE	TENT4A
XP_001443375.1	XP_047272621.1	0	N/A	25.781	256	26	5.74e-09	62.4	terminal nucleotidyltransferase 4A isoform X1 [Homo sapiens]	TRUE	TENT4A
XP_001443375.1	XP_047272620.1	0	N/A	25.781	256	26	5.74e-09	62.4	terminal nucleotidyltransferase 4A isoform X1 [Homo sapiens]	TRUE	TENT4A
XP_001443375.1	XP_047272624.1	0	N/A	25.781	256	26	6.16e-09	62.4	terminal nucleotidyltransferase 4A isoform X3 [Homo sapiens]	TRUE	TENT4A
XP_001443375.1	XP_047272805.1	0	N/A	22.394	259	23	0.001	45.1	poly(A) RNA polymerase GLD2 isoform X2 [Homo sapiens]	TRUE	TENT2
XP_001443375.1	XP_047272804.1	0	N/A	22.394	259	23	0.001	45.1	poly(A) RNA polymerase GLD2 isoform X2 [Homo sapiens]	TRUE	TENT2
XP_001443375.1	XP_047272803.1	0	N/A	22.394	259	23	0.001	45.1	poly(A) RNA polymerase GLD2 isoform X2 [Homo sapiens]	TRUE	TENT2
XP_001443375.1	XP_047272802.1	0	N/A	22.394	259	23	0.001	45.1	poly(A) RNA polymerase GLD2 isoform X2 [Homo sapiens]	TRUE	TENT2
XP_001443375.1	XP_016864641.1	0	N/A	22.394	259	23	0.001	45.1	poly(A) RNA polymerase GLD2 isoform X2 [Homo sapiens]	TRUE	TENT2
XP_001443375.1	NP_001375026.1	0	N/A	22.394	259	23	0.001	45.1	poly(A) RNA polymerase GLD2 isoform 6 [Homo sapiens]	TRUE	TENT2
XP_001443375.1	NP_001375025.1	0	N/A	22.394	259	23	0.001	45.1	poly(A) RNA polymerase GLD2 isoform 6 [Homo sapiens]	TRUE	TENT2
XP_001443375.1	NP_001375024.1	0	N/A	22.394	259	23	0.001	45.1	poly(A) RNA polymerase GLD2 isoform 6 [Homo sapiens]	TRUE	TENT2
XP_001443375.1	NP_001336480.1	0	N/A	22.394	259	23	0.001	45.1	poly(A) RNA polymerase GLD2 isoform 6 [Homo sapiens]	TRUE	TENT2
XP_001443375.1	NP_001375027.1	0	N/A	22.394	259	23	0.002	44.7	poly(A) RNA polymerase GLD2 isoform 7 [Homo sapiens]	TRUE	TENT2
XP_001443375.1	XP_047272801.1	0	N/A	23.552	259	23	0.004	43.5	poly(A) RNA polymerase GLD2 isoform X1 [Homo sapiens]	TRUE	TENT2
XP_001443375.1	XP_047272800.1	0	N/A	23.552	259	23	0.004	43.5	poly(A) RNA polymerase GLD2 isoform X1 [Homo sapiens]	TRUE	TENT2
XP_001443375.1	XP_011541527.1	0	N/A	23.552	259	23	0.004	43.5	poly(A) RNA polymerase GLD2 isoform X1 [Homo sapiens]	TRUE	TENT2
XP_001443375.1	XP_011541526.1	0	N/A	23.552	259	23	0.004	43.5	poly(A) RNA polymerase GLD2 isoform X1 [Homo sapiens]	TRUE	TENT2
XP_001443375.1	XP_011541523.1	0	N/A	23.552	259	23	0.004	43.5	poly(A) RNA polymerase GLD2 isoform X1 [Homo sapiens]	TRUE	TENT2
XP_001443375.1	XP_011541522.1	0	N/A	23.552	259	23	0.004	43.5	poly(A) RNA polymerase GLD2 isoform X1 [Homo sapiens]	TRUE	TENT2
XP_001443375.1	NP_001375023.1	0	N/A	23.552	259	23	0.004	43.5	poly(A) RNA polymerase GLD2 isoform 5 [Homo sapiens]	TRUE	TENT2
XP_001443375.1	NP_001375022.1	0	N/A	23.552	259	23	0.004	43.5	poly(A) RNA polymerase GLD2 isoform 5 [Homo sapiens]	TRUE	TENT2
XP_001443375.1	NP_001336479.1	0	N/A	23.552	259	23	0.004	43.5	poly(A) RNA polymerase GLD2 isoform 5 [Homo sapiens]	TRUE	TENT2
XP_001443375.1	NP_001336478.1	0	N/A	23.552	259	23	0.004	43.5	poly(A) RNA polymerase GLD2 isoform 5 [Homo sapiens]	TRUE	TENT2
XP_001443375.1	NP_001336477.1	0	N/A	23.846	130	10	0.005	42.4	poly(A) RNA polymerase GLD2 isoform 4 [Homo sapiens]	TRUE	TENT2
XP_001443375.1	XP_047272820.1	0	N/A	23.846	130	10	0.006	42	poly(A) RNA polymerase GLD2 isoform X11 [Homo sapiens]	TRUE	TENT2
XP_001443375.1	XP_047272817.1	0	N/A	23.28	189	19	0.063	39.3	poly(A) RNA polymerase GLD2 isoform X9 [Homo sapiens]	TRUE	TENT2
XP_001444228.1	NP_001035375.2	0	N/A	23.958	288	43	1.67e-09	63.5	terminal nucleotidyltransferase 4B isoform b [Homo sapiens]	TRUE	TENT4B
XP_001444228.1	XP_011521578.1	0	N/A	23.958	288	43	1.67e-09	63.5	terminal nucleotidyltransferase 4B isoform X2 [Homo sapiens]	TRUE	TENT4B
XP_001444228.1	NP_001035374.2	0	N/A	24.042	287	43	1.75e-09	63.5	terminal nucleotidyltransferase 4B isoform a [Homo sapiens]	TRUE	TENT4B
XP_001444228.1	XP_011521577.1	0	N/A	24.042	287	43	1.75e-09	63.5	terminal nucleotidyltransferase 4B isoform X1 [Homo sapiens]	TRUE	TENT4B
XP_001444228.1	NP_001352253.1	0	N/A	24.042	287	43	2.2e-09	63.2	terminal nucleotidyltransferase 4B isoform d [Homo sapiens]	TRUE	TENT4B
XP_001444228.1	NP_001352252.1	0	N/A	24.042	287	43	2.26e-09	63.2	terminal nucleotidyltransferase 4B isoform c [Homo sapiens]	TRUE	TENT4B
XP_001444228.1	XP_047290431.1	0	N/A	23.958	288	43	2.37e-09	63.2	terminal nucleotidyltransferase 4B isoform X3 [Homo sapiens]	TRUE	TENT4B
XP_001444228.1	XP_047290432.1	0	N/A	23.958	288	43	2.45e-09	63.2	terminal nucleotidyltransferase 4B isoform X4 [Homo sapiens]	TRUE	TENT4B
XP_001444228.1	XP_011521580.1	0	N/A	23.616	271	41	4.26e-09	62	terminal nucleotidyltransferase 4B isoform X5 [Homo sapiens]	TRUE	TENT4B
XP_001444228.1	XP_047290433.1	0	N/A	23.529	272	41	4.61e-09	61.6	terminal nucleotidyltransferase 4B isoform X6 [Homo sapiens]	TRUE	TENT4B
XP_001444228.1	XP_047272622.1	0	N/A	25.108	231	35	6.41e-08	58.2	terminal nucleotidyltransferase 4A isoform X1 [Homo sapiens]	TRUE	TENT4A
XP_001444228.1	XP_047272621.1	0	N/A	25.108	231	35	6.41e-08	58.2	terminal nucleotidyltransferase 4A isoform X1 [Homo sapiens]	TRUE	TENT4A
XP_001444228.1	XP_047272620.1	0	N/A	25.108	231	35	6.41e-08	58.2	terminal nucleotidyltransferase 4A isoform X1 [Homo sapiens]	TRUE	TENT4A
XP_001444228.1	NP_008930.2	0	N/A	22.932	266	41	6.44e-08	58.5	terminal nucleotidyltransferase 4A isoform 1 [Homo sapiens]	TRUE	TENT4A
XP_001444228.1	XP_047272623.1	0	N/A	24.67	227	35	6.84e-08	58.2	terminal nucleotidyltransferase 4A isoform X2 [Homo sapiens]	TRUE	TENT4A
XP_001444228.1	XP_016864477.1	0	N/A	24.67	227	35	6.84e-08	58.2	terminal nucleotidyltransferase 4A isoform X2 [Homo sapiens]	TRUE	TENT4A
XP_001444228.1	NP_001165276.2	0	N/A	22.932	266	41	7.25e-08	58.5	terminal nucleotidyltransferase 4A isoform 2 [Homo sapiens]	TRUE	TENT4A
XP_001444228.1	XP_047272624.1	0	N/A	25.108	231	35	7.45e-08	58.2	terminal nucleotidyltransferase 4A isoform X3 [Homo sapiens]	TRUE	TENT4A
XP_001448621.1	XP_047290433.1	0	N/A	32.268	313	81	1.39e-42	156	terminal nucleotidyltransferase 4B isoform X6 [Homo sapiens]	TRUE	TENT4B
XP_001448621.1	XP_011521580.1	0	N/A	32.268	313	81	4.08e-42	156	terminal nucleotidyltransferase 4B isoform X5 [Homo sapiens]	TRUE	TENT4B
XP_001448621.1	NP_001035375.2	0	N/A	32.278	316	82	5.56e-42	157	terminal nucleotidyltransferase 4B isoform b [Homo sapiens]	TRUE	TENT4B
XP_001448621.1	XP_011521578.1	0	N/A	32.278	316	82	5.61e-42	157	terminal nucleotidyltransferase 4B isoform X2 [Homo sapiens]	TRUE	TENT4B
XP_001448621.1	XP_047290432.1	0	N/A	32.278	316	82	5.82e-42	157	terminal nucleotidyltransferase 4B isoform X4 [Homo sapiens]	TRUE	TENT4B
XP_001448621.1	XP_047290431.1	0	N/A	32.278	316	82	6.49e-42	157	terminal nucleotidyltransferase 4B isoform X3 [Homo sapiens]	TRUE	TENT4B
XP_001448621.1	NP_001352252.1	0	N/A	31.611	329	85	9.01e-42	157	terminal nucleotidyltransferase 4B isoform c [Homo sapiens]	TRUE	TENT4B
XP_001448621.1	NP_001035374.2	0	N/A	32.278	316	82	1.06e-41	157	terminal nucleotidyltransferase 4B isoform a [Homo sapiens]	TRUE	TENT4B
XP_001448621.1	XP_011521577.1	0	N/A	32.278	316	82	1.07e-41	157	terminal nucleotidyltransferase 4B isoform X1 [Homo sapiens]	TRUE	TENT4B
XP_001448621.1	NP_001352253.1	0	N/A	32.278	316	82	1.07e-41	157	terminal nucleotidyltransferase 4B isoform d [Homo sapiens]	TRUE	TENT4B
XP_001448621.1	NP_008930.2	0	N/A	30.272	294	77	5.45e-35	138	terminal nucleotidyltransferase 4A isoform 1 [Homo sapiens]	TRUE	TENT4A
XP_001448621.1	NP_001165276.2	0	N/A	30.272	294	77	5.81e-35	138	terminal nucleotidyltransferase 4A isoform 2 [Homo sapiens]	TRUE	TENT4A
XP_001448621.1	XP_047272622.1	0	N/A	29.963	267	69	4.04e-31	125	terminal nucleotidyltransferase 4A isoform X1 [Homo sapiens]	TRUE	TENT4A
XP_001448621.1	XP_047272621.1	0	N/A	29.963	267	69	4.04e-31	125	terminal nucleotidyltransferase 4A isoform X1 [Homo sapiens]	TRUE	TENT4A
XP_001448621.1	XP_047272620.1	0	N/A	29.963	267	69	4.04e-31	125	terminal nucleotidyltransferase 4A isoform X1 [Homo sapiens]	TRUE	TENT4A
XP_001448621.1	XP_047272624.1	0	N/A	30.279	251	65	1.18e-29	121	terminal nucleotidyltransferase 4A isoform X3 [Homo sapiens]	TRUE	TENT4A
XP_001448621.1	XP_047272623.1	0	N/A	30.279	251	65	1.2e-29	121	terminal nucleotidyltransferase 4A isoform X2 [Homo sapiens]	TRUE	TENT4A
XP_001448621.1	XP_016864477.1	0	N/A	30.279	251	65	1.2e-29	121	terminal nucleotidyltransferase 4A isoform X2 [Homo sapiens]	TRUE	TENT4A
XP_001448621.1	XP_005252265.1	0	N/A	24.294	177	47	3.13e-10	64.3	terminal uridylyltransferase 7 isoform X7 [Homo sapiens]	TRUE	Tut7
XP_001448621.1	NP_001317647.1	0	N/A	23.415	205	55	3.45e-10	64.3	terminal uridylyltransferase 7 isoform 3 [Homo sapiens]	TRUE	Tut7
XP_001448621.1	XP_047279825.1	0	N/A	24.294	177	47	3.52e-10	64.3	terminal uridylyltransferase 7 isoform X6 [Homo sapiens]	TRUE	Tut7
XP_001448621.1	XP_047279824.1	0	N/A	24.294	177	47	3.52e-10	64.3	terminal uridylyltransferase 7 isoform X6 [Homo sapiens]	TRUE	Tut7
XP_001448621.1	XP_005252264.1	0	N/A	24.294	177	47	3.52e-10	64.3	terminal uridylyltransferase 7 isoform X6 [Homo sapiens]	TRUE	Tut7
XP_001448621.1	XP_011517316.1	0	N/A	24.294	177	47	3.61e-10	64.3	terminal uridylyltransferase 7 isoform X1 [Homo sapiens]	TRUE	Tut7
XP_001448621.1	XP_011517315.1	0	N/A	24.294	177	47	3.61e-10	64.3	terminal uridylyltransferase 7 isoform X1 [Homo sapiens]	TRUE	Tut7
XP_001448621.1	XP_011517314.1	0	N/A	24.294	177	47	3.61e-10	64.3	terminal uridylyltransferase 7 isoform X1 [Homo sapiens]	TRUE	Tut7
XP_001448621.1	XP_011517313.1	0	N/A	24.294	177	47	3.61e-10	64.3	terminal uridylyltransferase 7 isoform X1 [Homo sapiens]	TRUE	Tut7
XP_001448621.1	XP_011517317.1	0	N/A	24.294	177	47	3.64e-10	64.3	terminal uridylyltransferase 7 isoform X3 [Homo sapiens]	TRUE	Tut7
XP_001448621.1	XP_011517318.1	0	N/A	24.294	177	47	3.75e-10	64.3	terminal uridylyltransferase 7 isoform X5 [Homo sapiens]	TRUE	Tut7
XP_001448621.1	XP_047279823.1	0	N/A	24.294	177	47	3.94e-10	64.3	terminal uridylyltransferase 7 isoform X2 [Homo sapiens]	TRUE	Tut7
XP_001448621.1	XP_006717346.1	0	N/A	24.294	177	47	3.94e-10	64.3	terminal uridylyltransferase 7 isoform X2 [Homo sapiens]	TRUE	Tut7
XP_001448621.1	XP_016870620.1	0	N/A	24.294	177	47	4.07e-10	64.3	terminal uridylyltransferase 7 isoform X4 [Homo sapiens]	TRUE	Tut7
XP_001448621.1	XP_016870619.1	0	N/A	24.294	177	47	4.07e-10	64.3	terminal uridylyltransferase 7 isoform X4 [Homo sapiens]	TRUE	Tut7
XP_001448621.1	NP_078893.2	0	N/A	24.294	177	47	4.07e-10	64.3	terminal uridylyltransferase 7 isoform 1 [Homo sapiens]	TRUE	Tut7
XP_001448621.1	NP_001171988.1	0	N/A	24.294	177	47	4.07e-10	64.3	terminal uridylyltransferase 7 isoform 1 [Homo sapiens]	TRUE	Tut7
XP_001448621.1	XP_047272384.1	0	N/A	24.581	179	47	4.89e-08	57.4	terminal uridylyltransferase 4 isoform X46 [Homo sapiens]	TRUE	Tut4
XP_001448621.1	XP_047272365.1	0	N/A	24.581	179	47	6.65e-08	57.4	terminal uridylyltransferase 4 isoform X38 [Homo sapiens]	TRUE	Tut4
XP_001448621.1	XP_016856299.1	0	N/A	24.581	179	47	6.76e-08	57	terminal uridylyltransferase 4 isoform X40 [Homo sapiens]	TRUE	Tut4
XP_001448621.1	XP_047272345.1	0	N/A	24.581	179	47	6.78e-08	57	terminal uridylyltransferase 4 isoform X31 [Homo sapiens]	TRUE	Tut4
XP_001448621.1	XP_005270735.1	0	N/A	24.581	179	47	6.84e-08	57	terminal uridylyltransferase 4 isoform X2 [Homo sapiens]	TRUE	Tut4
XP_001448621.1	XP_016856297.1	0	N/A	24.581	179	47	6.95e-08	57	terminal uridylyltransferase 4 isoform X36 [Homo sapiens]	TRUE	Tut4
XP_001448621.1	XP_047272337.1	0	N/A	24.581	179	47	6.97e-08	57	terminal uridylyltransferase 4 isoform X27 [Homo sapiens]	TRUE	Tut4
XP_001448621.1	XP_016856292.1	0	N/A	24.581	179	47	7e-08	57	terminal uridylyltransferase 4 isoform X9 [Homo sapiens]	TRUE	Tut4
XP_001448621.1	XP_047272325.1	0	N/A	24.581	179	47	7.04e-08	57	terminal uridylyltransferase 4 isoform X23 [Homo sapiens]	TRUE	Tut4
XP_001448621.1	XP_005270739.1	0	N/A	24.581	179	47	7.14e-08	57	terminal uridylyltransferase 4 isoform X33 [Homo sapiens]	TRUE	Tut4
XP_001448621.1	XP_016856296.1	0	N/A	24.581	179	47	7.16e-08	57	terminal uridylyltransferase 4 isoform X28 [Homo sapiens]	TRUE	Tut4
XP_001448621.1	XP_047272281.1	0	N/A	24.581	179	47	7.2e-08	57	terminal uridylyltransferase 4 isoform X4 [Homo sapiens]	TRUE	Tut4
XP_001448621.1	NP_001009881.1	0	N/A	24.581	179	47	7.2e-08	57	terminal uridylyltransferase 4 isoform a [Homo sapiens]	TRUE	Tut4
XP_001448621.1	XP_047272282.1	0	N/A	24.581	179	47	7.33e-08	57	terminal uridylyltransferase 4 isoform X5 [Homo sapiens]	TRUE	Tut4
XP_001448621.1	NP_056084.1	0	N/A	24.581	179	47	7.33e-08	57	terminal uridylyltransferase 4 isoform b [Homo sapiens]	TRUE	Tut4
XP_001448621.1	XP_047272280.1	0	N/A	24.581	179	47	7.33e-08	57	terminal uridylyltransferase 4 isoform X3 [Homo sapiens]	TRUE	Tut4
XP_001448621.1	XP_005270736.1	0	N/A	24.581	179	47	7.33e-08	57	terminal uridylyltransferase 4 isoform X3 [Homo sapiens]	TRUE	Tut4
XP_001448621.1	XP_011539401.1	0	N/A	24.581	179	47	7.34e-08	57	terminal uridylyltransferase 4 isoform X29 [Homo sapiens]	TRUE	Tut4
XP_001448621.1	XP_047272288.1	0	N/A	24.581	179	47	7.38e-08	57	terminal uridylyltransferase 4 isoform X10 [Homo sapiens]	TRUE	Tut4
XP_001448621.1	XP_011539399.1	0	N/A	24.581	179	47	7.4e-08	57	terminal uridylyltransferase 4 isoform X1 [Homo sapiens]	TRUE	Tut4
XP_001448621.1	XP_005270733.1	0	N/A	24.581	179	47	7.4e-08	57	terminal uridylyltransferase 4 isoform X1 [Homo sapiens]	TRUE	Tut4
XP_001448621.1	XP_047272283.1	0	N/A	24.581	179	47	7.59e-08	57	terminal uridylyltransferase 4 isoform X6 [Homo sapiens]	TRUE	Tut4
XP_001448621.1	XP_005270737.1	0	N/A	24.581	179	47	7.59e-08	57	terminal uridylyltransferase 4 isoform X6 [Homo sapiens]	TRUE	Tut4
XP_001448621.1	XP_016856293.1	0	N/A	24.581	179	47	7.78e-08	57	terminal uridylyltransferase 4 isoform X16 [Homo sapiens]	TRUE	Tut4
XP_001448621.1	XP_047272285.1	0	N/A	24.581	179	47	8.28e-08	57	terminal uridylyltransferase 4 isoform X7 [Homo sapiens]	TRUE	Tut4
XP_001448621.1	XP_016856295.1	0	N/A	24.581	179	47	8.32e-08	57	terminal uridylyltransferase 4 isoform X25 [Homo sapiens]	TRUE	Tut4
XP_001448621.1	NP_001375061.1	0	N/A	20.702	285	69	4.36e-07	53.9	poly(A) RNA polymerase GLD2 isoform 12 [Homo sapiens]	TRUE	TENT2
XP_001448621.1	XP_047272811.1	0	N/A	20.702	285	69	4.88e-07	53.9	poly(A) RNA polymerase GLD2 isoform X4 [Homo sapiens]	TRUE	TENT2
XP_001448621.1	XP_047272810.1	0	N/A	20.702	285	69	4.88e-07	53.9	poly(A) RNA polymerase GLD2 isoform X4 [Homo sapiens]	TRUE	TENT2
XP_001448621.1	XP_047272809.1	0	N/A	20.702	285	69	4.88e-07	53.9	poly(A) RNA polymerase GLD2 isoform X4 [Homo sapiens]	TRUE	TENT2
XP_001448621.1	NP_001375058.1	0	N/A	20.702	285	69	4.88e-07	53.9	poly(A) RNA polymerase GLD2 isoform 2 [Homo sapiens]	TRUE	TENT2
XP_001448621.1	NP_001375057.1	0	N/A	20.702	285	69	4.88e-07	53.9	poly(A) RNA polymerase GLD2 isoform 2 [Homo sapiens]	TRUE	TENT2
XP_001448621.1	NP_001375056.1	0	N/A	20.702	285	69	4.88e-07	53.9	poly(A) RNA polymerase GLD2 isoform 2 [Homo sapiens]	TRUE	TENT2
XP_001448621.1	NP_001375055.1	0	N/A	20.702	285	69	4.88e-07	53.9	poly(A) RNA polymerase GLD2 isoform 2 [Homo sapiens]	TRUE	TENT2
XP_001448621.1	NP_001375054.1	0	N/A	20.702	285	69	4.88e-07	53.9	poly(A) RNA polymerase GLD2 isoform 2 [Homo sapiens]	TRUE	TENT2
XP_001448621.1	NP_001375053.1	0	N/A	20.702	285	69	4.88e-07	53.9	poly(A) RNA polymerase GLD2 isoform 2 [Homo sapiens]	TRUE	TENT2
XP_001448621.1	NP_001375052.1	0	N/A	20.702	285	69	4.88e-07	53.9	poly(A) RNA polymerase GLD2 isoform 2 [Homo sapiens]	TRUE	TENT2
XP_001448621.1	NP_001375051.1	0	N/A	20.702	285	69	4.88e-07	53.9	poly(A) RNA polymerase GLD2 isoform 2 [Homo sapiens]	TRUE	TENT2
XP_001448621.1	NP_001375050.1	0	N/A	20.702	285	69	4.88e-07	53.9	poly(A) RNA polymerase GLD2 isoform 2 [Homo sapiens]	TRUE	TENT2
XP_001448621.1	NP_001375049.1	0	N/A	20.702	285	69	4.88e-07	53.9	poly(A) RNA polymerase GLD2 isoform 2 [Homo sapiens]	TRUE	TENT2
XP_001448621.1	NP_001375048.1	0	N/A	20.702	285	69	4.88e-07	53.9	poly(A) RNA polymerase GLD2 isoform 2 [Homo sapiens]	TRUE	TENT2
XP_001448621.1	NP_001375047.1	0	N/A	20.702	285	69	4.88e-07	53.9	poly(A) RNA polymerase GLD2 isoform 2 [Homo sapiens]	TRUE	TENT2
XP_001448621.1	NP_001375046.1	0	N/A	20.702	285	69	4.88e-07	53.9	poly(A) RNA polymerase GLD2 isoform 2 [Homo sapiens]	TRUE	TENT2
XP_001448621.1	NP_001375045.1	0	N/A	20.702	285	69	4.88e-07	53.9	poly(A) RNA polymerase GLD2 isoform 2 [Homo sapiens]	TRUE	TENT2
XP_001448621.1	NP_001375044.1	0	N/A	20.702	285	69	4.88e-07	53.9	poly(A) RNA polymerase GLD2 isoform 2 [Homo sapiens]	TRUE	TENT2
XP_001448621.1	NP_001375043.1	0	N/A	20.702	285	69	4.88e-07	53.9	poly(A) RNA polymerase GLD2 isoform 2 [Homo sapiens]	TRUE	TENT2
XP_001448621.1	NP_001336483.1	0	N/A	20.702	285	69	4.88e-07	53.9	poly(A) RNA polymerase GLD2 isoform 2 [Homo sapiens]	TRUE	TENT2
XP_001448621.1	NP_001284673.1	0	N/A	20.702	285	69	4.88e-07	53.9	poly(A) RNA polymerase GLD2 isoform 2 [Homo sapiens]	TRUE	TENT2
XP_001448621.1	NP_001375059.1	0	N/A	20.702	285	69	5.43e-07	53.9	poly(A) RNA polymerase GLD2 isoform 10 [Homo sapiens]	TRUE	TENT2
XP_001448621.1	NP_001375065.1	0	N/A	20.132	303	74	9.05e-07	52.8	poly(A) RNA polymerase GLD2 isoform 14 [Homo sapiens]	TRUE	TENT2
XP_001448621.1	NP_001172003.1	0	N/A	28	100	27	9.99e-07	53.5	terminal uridylyltransferase 7 isoform 2 [Homo sapiens]	TRUE	Tut7
XP_001448621.1	NP_001375060.1	0	N/A	21.034	290	69	1.39e-06	52.4	poly(A) RNA polymerase GLD2 isoform 11 [Homo sapiens]	TRUE	TENT2
XP_001448621.1	XP_047272808.1	0	N/A	21.034	290	69	1.42e-06	52.4	poly(A) RNA polymerase GLD2 isoform X3 [Homo sapiens]	TRUE	TENT2
XP_001448621.1	XP_047272807.1	0	N/A	21.034	290	69	1.42e-06	52.4	poly(A) RNA polymerase GLD2 isoform X3 [Homo sapiens]	TRUE	TENT2
XP_001448621.1	XP_047272806.1	0	N/A	21.034	290	69	1.42e-06	52.4	poly(A) RNA polymerase GLD2 isoform X3 [Homo sapiens]	TRUE	TENT2
XP_001448621.1	NP_776158.2	0	N/A	21.034	290	69	1.42e-06	52.4	poly(A) RNA polymerase GLD2 isoform 1 [Homo sapiens]	TRUE	TENT2
XP_001448621.1	NP_001375041.1	0	N/A	21.034	290	69	1.42e-06	52.4	poly(A) RNA polymerase GLD2 isoform 1 [Homo sapiens]	TRUE	TENT2
XP_001448621.1	NP_001375040.1	0	N/A	21.034	290	69	1.42e-06	52.4	poly(A) RNA polymerase GLD2 isoform 1 [Homo sapiens]	TRUE	TENT2
XP_001448621.1	NP_001375039.1	0	N/A	21.034	290	69	1.42e-06	52.4	poly(A) RNA polymerase GLD2 isoform 1 [Homo sapiens]	TRUE	TENT2
XP_001448621.1	NP_001375038.1	0	N/A	21.034	290	69	1.42e-06	52.4	poly(A) RNA polymerase GLD2 isoform 1 [Homo sapiens]	TRUE	TENT2
XP_001448621.1	NP_001375037.1	0	N/A	21.034	290	69	1.42e-06	52.4	poly(A) RNA polymerase GLD2 isoform 1 [Homo sapiens]	TRUE	TENT2
XP_001448621.1	NP_001375036.1	0	N/A	21.034	290	69	1.42e-06	52.4	poly(A) RNA polymerase GLD2 isoform 1 [Homo sapiens]	TRUE	TENT2
XP_001448621.1	NP_001375035.1	0	N/A	21.034	290	69	1.42e-06	52.4	poly(A) RNA polymerase GLD2 isoform 1 [Homo sapiens]	TRUE	TENT2
XP_001448621.1	NP_001375034.1	0	N/A	21.034	290	69	1.42e-06	52.4	poly(A) RNA polymerase GLD2 isoform 1 [Homo sapiens]	TRUE	TENT2
XP_001448621.1	NP_001375032.1	0	N/A	21.034	290	69	1.42e-06	52.4	poly(A) RNA polymerase GLD2 isoform 1 [Homo sapiens]	TRUE	TENT2
XP_001451220.1	XP_011521580.1	0	N/A	30.078	256	67	3.97e-23	102	terminal nucleotidyltransferase 4B isoform X5 [Homo sapiens]	TRUE	TENT4B
XP_001451220.1	XP_047290433.1	0	N/A	30.078	256	67	3.98e-23	102	terminal nucleotidyltransferase 4B isoform X6 [Homo sapiens]	TRUE	TENT4B
XP_001451220.1	XP_047290432.1	0	N/A	30.078	256	67	5.87e-23	102	terminal nucleotidyltransferase 4B isoform X4 [Homo sapiens]	TRUE	TENT4B
XP_001451220.1	NP_001352252.1	0	N/A	30.078	256	67	6.21e-23	102	terminal nucleotidyltransferase 4B isoform c [Homo sapiens]	TRUE	TENT4B
XP_001451220.1	NP_001352253.1	0	N/A	30.078	256	67	6.76e-23	102	terminal nucleotidyltransferase 4B isoform d [Homo sapiens]	TRUE	TENT4B
XP_001451220.1	XP_047290431.1	0	N/A	30.078	256	67	7.46e-23	102	terminal nucleotidyltransferase 4B isoform X3 [Homo sapiens]	TRUE	TENT4B
XP_001451220.1	NP_001035374.2	0	N/A	30.078	256	67	8.25e-23	102	terminal nucleotidyltransferase 4B isoform a [Homo sapiens]	TRUE	TENT4B
XP_001451220.1	XP_011521577.1	0	N/A	30.078	256	67	8.25e-23	102	terminal nucleotidyltransferase 4B isoform X1 [Homo sapiens]	TRUE	TENT4B
XP_001451220.1	NP_001035375.2	0	N/A	30.078	256	67	1.06e-22	102	terminal nucleotidyltransferase 4B isoform b [Homo sapiens]	TRUE	TENT4B
XP_001451220.1	XP_011521578.1	0	N/A	30.078	256	67	1.06e-22	102	terminal nucleotidyltransferase 4B isoform X2 [Homo sapiens]	TRUE	TENT4B
XP_001451220.1	XP_047272623.1	0	N/A	31.154	260	68	2.64e-20	94.7	terminal nucleotidyltransferase 4A isoform X2 [Homo sapiens]	TRUE	TENT4A
XP_001451220.1	XP_016864477.1	0	N/A	31.154	260	68	2.64e-20	94.7	terminal nucleotidyltransferase 4A isoform X2 [Homo sapiens]	TRUE	TENT4A
XP_001451220.1	XP_047272624.1	0	N/A	31.154	260	68	2.76e-20	94.7	terminal nucleotidyltransferase 4A isoform X3 [Homo sapiens]	TRUE	TENT4A
XP_001451220.1	XP_047272622.1	0	N/A	31.154	260	68	3.92e-20	94.4	terminal nucleotidyltransferase 4A isoform X1 [Homo sapiens]	TRUE	TENT4A
XP_001451220.1	XP_047272621.1	0	N/A	31.154	260	68	3.92e-20	94.4	terminal nucleotidyltransferase 4A isoform X1 [Homo sapiens]	TRUE	TENT4A
XP_001451220.1	XP_047272620.1	0	N/A	31.154	260	68	3.92e-20	94.4	terminal nucleotidyltransferase 4A isoform X1 [Homo sapiens]	TRUE	TENT4A
XP_001451220.1	NP_008930.2	0	N/A	31.765	255	66	1.52e-19	92.8	terminal nucleotidyltransferase 4A isoform 1 [Homo sapiens]	TRUE	TENT4A
XP_001451220.1	NP_001165276.2	0	N/A	31.765	255	66	1.74e-19	92.4	terminal nucleotidyltransferase 4A isoform 2 [Homo sapiens]	TRUE	TENT4A
XP_001451220.1	NP_001375027.1	0	N/A	27.95	161	43	6.25e-06	50.4	poly(A) RNA polymerase GLD2 isoform 7 [Homo sapiens]	TRUE	TENT2
XP_001451220.1	XP_047272805.1	0	N/A	27.95	161	43	6.54e-06	50.4	poly(A) RNA polymerase GLD2 isoform X2 [Homo sapiens]	TRUE	TENT2
XP_001451220.1	XP_047272804.1	0	N/A	27.95	161	43	6.54e-06	50.4	poly(A) RNA polymerase GLD2 isoform X2 [Homo sapiens]	TRUE	TENT2
XP_001451220.1	XP_047272803.1	0	N/A	27.95	161	43	6.54e-06	50.4	poly(A) RNA polymerase GLD2 isoform X2 [Homo sapiens]	TRUE	TENT2
XP_001451220.1	XP_047272802.1	0	N/A	27.95	161	43	6.54e-06	50.4	poly(A) RNA polymerase GLD2 isoform X2 [Homo sapiens]	TRUE	TENT2
XP_001451220.1	XP_016864641.1	0	N/A	27.95	161	43	6.54e-06	50.4	poly(A) RNA polymerase GLD2 isoform X2 [Homo sapiens]	TRUE	TENT2
XP_001451220.1	NP_001375026.1	0	N/A	27.95	161	43	6.54e-06	50.4	poly(A) RNA polymerase GLD2 isoform 6 [Homo sapiens]	TRUE	TENT2
XP_001451220.1	NP_001375025.1	0	N/A	27.95	161	43	6.54e-06	50.4	poly(A) RNA polymerase GLD2 isoform 6 [Homo sapiens]	TRUE	TENT2
XP_001451220.1	NP_001375024.1	0	N/A	27.95	161	43	6.54e-06	50.4	poly(A) RNA polymerase GLD2 isoform 6 [Homo sapiens]	TRUE	TENT2
XP_001451220.1	NP_001336480.1	0	N/A	27.95	161	43	6.54e-06	50.4	poly(A) RNA polymerase GLD2 isoform 6 [Homo sapiens]	TRUE	TENT2
XP_001451220.1	XP_047272817.1	0	N/A	28.125	160	43	8.62e-06	49.7	poly(A) RNA polymerase GLD2 isoform X9 [Homo sapiens]	TRUE	TENT2
XP_001451220.1	XP_011517316.1	0	N/A	24.876	201	51	2.76e-05	48.9	terminal uridylyltransferase 7 isoform X1 [Homo sapiens]	TRUE	Tut7
XP_001451220.1	XP_011517315.1	0	N/A	24.876	201	51	2.76e-05	48.9	terminal uridylyltransferase 7 isoform X1 [Homo sapiens]	TRUE	Tut7
XP_001451220.1	XP_011517314.1	0	N/A	24.876	201	51	2.76e-05	48.9	terminal uridylyltransferase 7 isoform X1 [Homo sapiens]	TRUE	Tut7
XP_001451220.1	XP_011517313.1	0	N/A	24.876	201	51	2.76e-05	48.9	terminal uridylyltransferase 7 isoform X1 [Homo sapiens]	TRUE	Tut7
XP_001451220.1	XP_047272801.1	0	N/A	27.273	154	41	3.18e-05	48.5	poly(A) RNA polymerase GLD2 isoform X1 [Homo sapiens]	TRUE	TENT2
XP_001451220.1	XP_047272800.1	0	N/A	27.273	154	41	3.18e-05	48.5	poly(A) RNA polymerase GLD2 isoform X1 [Homo sapiens]	TRUE	TENT2
XP_001451220.1	XP_011541527.1	0	N/A	27.273	154	41	3.18e-05	48.5	poly(A) RNA polymerase GLD2 isoform X1 [Homo sapiens]	TRUE	TENT2
XP_001451220.1	XP_011541526.1	0	N/A	27.273	154	41	3.18e-05	48.5	poly(A) RNA polymerase GLD2 isoform X1 [Homo sapiens]	TRUE	TENT2
XP_001451220.1	XP_011541523.1	0	N/A	27.273	154	41	3.18e-05	48.5	poly(A) RNA polymerase GLD2 isoform X1 [Homo sapiens]	TRUE	TENT2
XP_001451220.1	XP_011541522.1	0	N/A	27.273	154	41	3.18e-05	48.5	poly(A) RNA polymerase GLD2 isoform X1 [Homo sapiens]	TRUE	TENT2
XP_001451220.1	NP_001375023.1	0	N/A	27.273	154	41	3.18e-05	48.5	poly(A) RNA polymerase GLD2 isoform 5 [Homo sapiens]	TRUE	TENT2
XP_001451220.1	NP_001375022.1	0	N/A	27.273	154	41	3.18e-05	48.5	poly(A) RNA polymerase GLD2 isoform 5 [Homo sapiens]	TRUE	TENT2
XP_001451220.1	NP_001336479.1	0	N/A	27.273	154	41	3.18e-05	48.5	poly(A) RNA polymerase GLD2 isoform 5 [Homo sapiens]	TRUE	TENT2
XP_001451220.1	NP_001336478.1	0	N/A	27.273	154	41	3.18e-05	48.5	poly(A) RNA polymerase GLD2 isoform 5 [Homo sapiens]	TRUE	TENT2
XP_001451220.1	XP_047279823.1	0	N/A	24.876	201	51	4.04e-05	48.5	terminal uridylyltransferase 7 isoform X2 [Homo sapiens]	TRUE	Tut7
XP_001451220.1	XP_006717346.1	0	N/A	24.876	201	51	4.04e-05	48.5	terminal uridylyltransferase 7 isoform X2 [Homo sapiens]	TRUE	Tut7
XP_001451220.1	XP_047279826.1	0	N/A	24.876	201	51	4.49e-05	48.1	terminal uridylyltransferase 7 isoform X8 [Homo sapiens]	TRUE	Tut7
XP_001451220.1	XP_047272816.1	0	N/A	27.451	153	41	4.55e-05	47.8	poly(A) RNA polymerase GLD2 isoform X8 [Homo sapiens]	TRUE	TENT2
XP_001451220.1	XP_047279825.1	0	N/A	25.253	198	50	6.26e-05	47.8	terminal uridylyltransferase 7 isoform X6 [Homo sapiens]	TRUE	Tut7
XP_001451220.1	XP_047279824.1	0	N/A	25.253	198	50	6.26e-05	47.8	terminal uridylyltransferase 7 isoform X6 [Homo sapiens]	TRUE	Tut7
XP_001451220.1	XP_005252264.1	0	N/A	25.253	198	50	6.26e-05	47.8	terminal uridylyltransferase 7 isoform X6 [Homo sapiens]	TRUE	Tut7
XP_001451220.1	XP_005252265.1	0	N/A	25.253	198	50	6.43e-05	47.8	terminal uridylyltransferase 7 isoform X7 [Homo sapiens]	TRUE	Tut7
XP_001451220.1	XP_011517318.1	0	N/A	25.253	198	50	6.72e-05	47.8	terminal uridylyltransferase 7 isoform X5 [Homo sapiens]	TRUE	Tut7
XP_001451220.1	XP_016870620.1	0	N/A	25.253	198	50	7.03e-05	47.8	terminal uridylyltransferase 7 isoform X4 [Homo sapiens]	TRUE	Tut7
XP_001451220.1	XP_016870619.1	0	N/A	25.253	198	50	7.03e-05	47.8	terminal uridylyltransferase 7 isoform X4 [Homo sapiens]	TRUE	Tut7
XP_001451220.1	NP_078893.2	0	N/A	25.253	198	50	7.03e-05	47.8	terminal uridylyltransferase 7 isoform 1 [Homo sapiens]	TRUE	Tut7
XP_001451220.1	NP_001171988.1	0	N/A	25.253	198	50	7.03e-05	47.8	terminal uridylyltransferase 7 isoform 1 [Homo sapiens]	TRUE	Tut7
XP_001451220.1	XP_011517317.1	0	N/A	25.253	198	50	7.05e-05	47.8	terminal uridylyltransferase 7 isoform X3 [Homo sapiens]	TRUE	Tut7
XP_001451220.1	XP_047272820.1	0	N/A	28.704	108	29	0.000212	45.1	poly(A) RNA polymerase GLD2 isoform X11 [Homo sapiens]	TRUE	TENT2
XP_001451220.1	NP_001336477.1	0	N/A	36.842	57	16	0.000258	44.7	poly(A) RNA polymerase GLD2 isoform 4 [Homo sapiens]	TRUE	TENT2
XP_001451220.1	NP_001317647.1	0	N/A	25.275	182	47	0.000328	45.4	terminal uridylyltransferase 7 isoform 3 [Homo sapiens]	TRUE	Tut7
XP_001451220.1	NP_001375066.1	0	N/A	36.842	57	16	0.000659	43.5	poly(A) RNA polymerase GLD2 isoform 15 [Homo sapiens]	TRUE	TENT2
XP_001451220.1	NP_001375065.1	0	N/A	36.842	57	16	0.000711	43.9	poly(A) RNA polymerase GLD2 isoform 14 [Homo sapiens]	TRUE	TENT2
XP_001451220.1	NP_001375061.1	0	N/A	36.842	57	16	0.000812	43.9	poly(A) RNA polymerase GLD2 isoform 12 [Homo sapiens]	TRUE	TENT2
XP_001451220.1	NP_001375060.1	0	N/A	36.842	57	16	0.000838	43.9	poly(A) RNA polymerase GLD2 isoform 11 [Homo sapiens]	TRUE	TENT2
XP_001451220.1	NP_001375059.1	0	N/A	36.842	57	16	0.001	43.5	poly(A) RNA polymerase GLD2 isoform 10 [Homo sapiens]	TRUE	TENT2
XP_001451220.1	XP_047272811.1	0	N/A	36.842	57	16	0.001	43.5	poly(A) RNA polymerase GLD2 isoform X4 [Homo sapiens]	TRUE	TENT2
XP_001451220.1	XP_047272810.1	0	N/A	36.842	57	16	0.001	43.5	poly(A) RNA polymerase GLD2 isoform X4 [Homo sapiens]	TRUE	TENT2
XP_001451220.1	XP_047272809.1	0	N/A	36.842	57	16	0.001	43.5	poly(A) RNA polymerase GLD2 isoform X4 [Homo sapiens]	TRUE	TENT2
XP_001451220.1	NP_001375058.1	0	N/A	36.842	57	16	0.001	43.5	poly(A) RNA polymerase GLD2 isoform 2 [Homo sapiens]	TRUE	TENT2
XP_001451220.1	NP_001375057.1	0	N/A	36.842	57	16	0.001	43.5	poly(A) RNA polymerase GLD2 isoform 2 [Homo sapiens]	TRUE	TENT2
XP_001451220.1	NP_001375056.1	0	N/A	36.842	57	16	0.001	43.5	poly(A) RNA polymerase GLD2 isoform 2 [Homo sapiens]	TRUE	TENT2
XP_001451220.1	NP_001375055.1	0	N/A	36.842	57	16	0.001	43.5	poly(A) RNA polymerase GLD2 isoform 2 [Homo sapiens]	TRUE	TENT2
XP_001451220.1	NP_001375054.1	0	N/A	36.842	57	16	0.001	43.5	poly(A) RNA polymerase GLD2 isoform 2 [Homo sapiens]	TRUE	TENT2
XP_001451220.1	NP_001375053.1	0	N/A	36.842	57	16	0.001	43.5	poly(A) RNA polymerase GLD2 isoform 2 [Homo sapiens]	TRUE	TENT2
XP_001451220.1	NP_001375052.1	0	N/A	36.842	57	16	0.001	43.5	poly(A) RNA polymerase GLD2 isoform 2 [Homo sapiens]	TRUE	TENT2
XP_001451220.1	NP_001375051.1	0	N/A	36.842	57	16	0.001	43.5	poly(A) RNA polymerase GLD2 isoform 2 [Homo sapiens]	TRUE	TENT2
XP_001451220.1	NP_001375050.1	0	N/A	36.842	57	16	0.001	43.5	poly(A) RNA polymerase GLD2 isoform 2 [Homo sapiens]	TRUE	TENT2
XP_001451220.1	NP_001375049.1	0	N/A	36.842	57	16	0.001	43.5	poly(A) RNA polymerase GLD2 isoform 2 [Homo sapiens]	TRUE	TENT2
XP_001451220.1	NP_001375048.1	0	N/A	36.842	57	16	0.001	43.5	poly(A) RNA polymerase GLD2 isoform 2 [Homo sapiens]	TRUE	TENT2
XP_001451220.1	NP_001375047.1	0	N/A	36.842	57	16	0.001	43.5	poly(A) RNA polymerase GLD2 isoform 2 [Homo sapiens]	TRUE	TENT2
XP_001451220.1	NP_001375046.1	0	N/A	36.842	57	16	0.001	43.5	poly(A) RNA polymerase GLD2 isoform 2 [Homo sapiens]	TRUE	TENT2
XP_001451220.1	NP_001375045.1	0	N/A	36.842	57	16	0.001	43.5	poly(A) RNA polymerase GLD2 isoform 2 [Homo sapiens]	TRUE	TENT2
XP_001451220.1	NP_001375044.1	0	N/A	36.842	57	16	0.001	43.5	poly(A) RNA polymerase GLD2 isoform 2 [Homo sapiens]	TRUE	TENT2
XP_001451220.1	NP_001375043.1	0	N/A	36.842	57	16	0.001	43.5	poly(A) RNA polymerase GLD2 isoform 2 [Homo sapiens]	TRUE	TENT2
XP_001451220.1	NP_001336483.1	0	N/A	36.842	57	16	0.001	43.5	poly(A) RNA polymerase GLD2 isoform 2 [Homo sapiens]	TRUE	TENT2
XP_001451220.1	NP_001284673.1	0	N/A	36.842	57	16	0.001	43.5	poly(A) RNA polymerase GLD2 isoform 2 [Homo sapiens]	TRUE	TENT2
XP_001451220.1	XP_047272808.1	0	N/A	36.842	57	16	0.001	43.5	poly(A) RNA polymerase GLD2 isoform X3 [Homo sapiens]	TRUE	TENT2
XP_001451220.1	XP_047272807.1	0	N/A	36.842	57	16	0.001	43.5	poly(A) RNA polymerase GLD2 isoform X3 [Homo sapiens]	TRUE	TENT2
XP_001451220.1	XP_047272806.1	0	N/A	36.842	57	16	0.001	43.5	poly(A) RNA polymerase GLD2 isoform X3 [Homo sapiens]	TRUE	TENT2
XP_001451220.1	NP_776158.2	0	N/A	36.842	57	16	0.001	43.5	poly(A) RNA polymerase GLD2 isoform 1 [Homo sapiens]	TRUE	TENT2
XP_001451220.1	NP_001375041.1	0	N/A	36.842	57	16	0.001	43.5	poly(A) RNA polymerase GLD2 isoform 1 [Homo sapiens]	TRUE	TENT2
XP_001451220.1	NP_001375040.1	0	N/A	36.842	57	16	0.001	43.5	poly(A) RNA polymerase GLD2 isoform 1 [Homo sapiens]	TRUE	TENT2
XP_001451220.1	NP_001375039.1	0	N/A	36.842	57	16	0.001	43.5	poly(A) RNA polymerase GLD2 isoform 1 [Homo sapiens]	TRUE	TENT2
XP_001451220.1	NP_001375038.1	0	N/A	36.842	57	16	0.001	43.5	poly(A) RNA polymerase GLD2 isoform 1 [Homo sapiens]	TRUE	TENT2
XP_001451220.1	NP_001375037.1	0	N/A	36.842	57	16	0.001	43.5	poly(A) RNA polymerase GLD2 isoform 1 [Homo sapiens]	TRUE	TENT2
XP_001451220.1	NP_001375036.1	0	N/A	36.842	57	16	0.001	43.5	poly(A) RNA polymerase GLD2 isoform 1 [Homo sapiens]	TRUE	TENT2
XP_001451220.1	NP_001375035.1	0	N/A	36.842	57	16	0.001	43.5	poly(A) RNA polymerase GLD2 isoform 1 [Homo sapiens]	TRUE	TENT2
XP_001451220.1	NP_001375034.1	0	N/A	36.842	57	16	0.001	43.5	poly(A) RNA polymerase GLD2 isoform 1 [Homo sapiens]	TRUE	TENT2
XP_001451220.1	NP_001375032.1	0	N/A	36.842	57	16	0.001	43.5	poly(A) RNA polymerase GLD2 isoform 1 [Homo sapiens]	TRUE	TENT2
XP_001451220.1	NP_001375031.1	0	N/A	36.842	57	16	0.001	43.5	poly(A) RNA polymerase GLD2 isoform 1 [Homo sapiens]	TRUE	TENT2
XP_001451221.1	XP_047290433.1	0	N/A	33.846	260	43	3.3e-31	129	terminal nucleotidyltransferase 4B isoform X6 [Homo sapiens]	TRUE	TENT4B
XP_001451221.1	XP_011521580.1	0	N/A	33.846	260	43	6.8e-31	129	terminal nucleotidyltransferase 4B isoform X5 [Homo sapiens]	TRUE	TENT4B
XP_001451221.1	XP_047290432.1	0	N/A	33.846	260	43	1.11e-30	129	terminal nucleotidyltransferase 4B isoform X4 [Homo sapiens]	TRUE	TENT4B
XP_001451221.1	XP_047290431.1	0	N/A	33.846	260	43	1.19e-30	129	terminal nucleotidyltransferase 4B isoform X3 [Homo sapiens]	TRUE	TENT4B
XP_001451221.1	NP_001035375.2	0	N/A	33.846	260	43	1.21e-30	129	terminal nucleotidyltransferase 4B isoform b [Homo sapiens]	TRUE	TENT4B
XP_001451221.1	XP_011521578.1	0	N/A	33.846	260	43	1.22e-30	129	terminal nucleotidyltransferase 4B isoform X2 [Homo sapiens]	TRUE	TENT4B
XP_001451221.1	NP_001352252.1	0	N/A	33.846	260	43	1.31e-30	129	terminal nucleotidyltransferase 4B isoform c [Homo sapiens]	TRUE	TENT4B
XP_001451221.1	NP_001352253.1	0	N/A	33.846	260	43	1.49e-30	129	terminal nucleotidyltransferase 4B isoform d [Homo sapiens]	TRUE	TENT4B
XP_001451221.1	NP_001035374.2	0	N/A	33.846	260	43	2.07e-30	129	terminal nucleotidyltransferase 4B isoform a [Homo sapiens]	TRUE	TENT4B
XP_001451221.1	XP_011521577.1	0	N/A	33.846	260	43	2.07e-30	129	terminal nucleotidyltransferase 4B isoform X1 [Homo sapiens]	TRUE	TENT4B
XP_001451221.1	XP_047272624.1	0	N/A	33.462	260	44	7.8e-29	123	terminal nucleotidyltransferase 4A isoform X3 [Homo sapiens]	TRUE	TENT4A
XP_001451221.1	XP_047272623.1	0	N/A	33.462	260	44	8.39e-29	122	terminal nucleotidyltransferase 4A isoform X2 [Homo sapiens]	TRUE	TENT4A
XP_001451221.1	XP_016864477.1	0	N/A	33.462	260	44	8.39e-29	122	terminal nucleotidyltransferase 4A isoform X2 [Homo sapiens]	TRUE	TENT4A
XP_001451221.1	XP_047272622.1	0	N/A	33.462	260	44	1.17e-28	122	terminal nucleotidyltransferase 4A isoform X1 [Homo sapiens]	TRUE	TENT4A
XP_001451221.1	XP_047272621.1	0	N/A	33.462	260	44	1.17e-28	122	terminal nucleotidyltransferase 4A isoform X1 [Homo sapiens]	TRUE	TENT4A
XP_001451221.1	XP_047272620.1	0	N/A	33.462	260	44	1.17e-28	122	terminal nucleotidyltransferase 4A isoform X1 [Homo sapiens]	TRUE	TENT4A
XP_001451221.1	NP_008930.2	0	N/A	33.462	260	44	1.39e-27	120	terminal nucleotidyltransferase 4A isoform 1 [Homo sapiens]	TRUE	TENT4A
XP_001451221.1	NP_001165276.2	0	N/A	33.462	260	44	1.59e-27	120	terminal nucleotidyltransferase 4A isoform 2 [Homo sapiens]	TRUE	TENT4A
XP_001451221.1	XP_047272286.1	0	N/A	24.277	173	28	0.00015	47.8	terminal uridylyltransferase 4 isoform X8 [Homo sapiens]	TRUE	Tut4
XP_001451221.1	XP_047272344.1	0	N/A	24.277	173	28	0.000152	47.8	terminal uridylyltransferase 4 isoform X30 [Homo sapiens]	TRUE	Tut4
XP_001451221.1	XP_047272290.1	0	N/A	24.277	173	28	0.000161	47.8	terminal uridylyltransferase 4 isoform X11 [Homo sapiens]	TRUE	Tut4
XP_001451221.1	XP_047272350.1	0	N/A	24.277	173	28	0.000185	47.4	terminal uridylyltransferase 4 isoform X34 [Homo sapiens]	TRUE	Tut4
XP_001451221.1	XP_047272296.1	0	N/A	24.277	173	28	0.000191	47.4	terminal uridylyltransferase 4 isoform X13 [Homo sapiens]	TRUE	Tut4
XP_001451221.1	XP_047272295.1	0	N/A	24.277	173	28	0.000192	47.4	terminal uridylyltransferase 4 isoform X12 [Homo sapiens]	TRUE	Tut4
XP_001451221.1	XP_047272372.1	0	N/A	24.277	173	28	0.000199	47.4	terminal uridylyltransferase 4 isoform X42 [Homo sapiens]	TRUE	Tut4
XP_001451221.1	XP_047272305.1	0	N/A	24.277	173	28	0.000201	47.4	terminal uridylyltransferase 4 isoform X17 [Homo sapiens]	TRUE	Tut4
XP_001451221.1	NP_001317647.1	0	N/A	22.785	158	27	0.000446	45.8	terminal uridylyltransferase 7 isoform 3 [Homo sapiens]	TRUE	Tut7
XP_001451221.1	XP_005252265.1	0	N/A	22.785	158	27	0.00049	45.8	terminal uridylyltransferase 7 isoform X7 [Homo sapiens]	TRUE	Tut7
XP_001451221.1	XP_011517316.1	0	N/A	22.785	158	27	0.000506	45.8	terminal uridylyltransferase 7 isoform X1 [Homo sapiens]	TRUE	Tut7
XP_001451221.1	XP_011517315.1	0	N/A	22.785	158	27	0.000506	45.8	terminal uridylyltransferase 7 isoform X1 [Homo sapiens]	TRUE	Tut7
XP_001451221.1	XP_011517314.1	0	N/A	22.785	158	27	0.000506	45.8	terminal uridylyltransferase 7 isoform X1 [Homo sapiens]	TRUE	Tut7
XP_001451221.1	XP_011517313.1	0	N/A	22.785	158	27	0.000506	45.8	terminal uridylyltransferase 7 isoform X1 [Homo sapiens]	TRUE	Tut7
XP_001451221.1	XP_016870620.1	0	N/A	22.785	158	27	0.000568	45.8	terminal uridylyltransferase 7 isoform X4 [Homo sapiens]	TRUE	Tut7
XP_001451221.1	XP_016870619.1	0	N/A	22.785	158	27	0.000568	45.8	terminal uridylyltransferase 7 isoform X4 [Homo sapiens]	TRUE	Tut7
XP_001451221.1	NP_078893.2	0	N/A	22.785	158	27	0.000568	45.8	terminal uridylyltransferase 7 isoform 1 [Homo sapiens]	TRUE	Tut7
XP_001451221.1	NP_001171988.1	0	N/A	22.785	158	27	0.000568	45.8	terminal uridylyltransferase 7 isoform 1 [Homo sapiens]	TRUE	Tut7
XP_001451221.1	XP_047279825.1	0	N/A	22.785	158	27	0.000591	45.8	terminal uridylyltransferase 7 isoform X6 [Homo sapiens]	TRUE	Tut7
XP_001451221.1	XP_047279824.1	0	N/A	22.785	158	27	0.000591	45.8	terminal uridylyltransferase 7 isoform X6 [Homo sapiens]	TRUE	Tut7
XP_001451221.1	XP_005252264.1	0	N/A	22.785	158	27	0.000591	45.8	terminal uridylyltransferase 7 isoform X6 [Homo sapiens]	TRUE	Tut7
XP_001451221.1	XP_011517317.1	0	N/A	22.785	158	27	0.000599	45.8	terminal uridylyltransferase 7 isoform X3 [Homo sapiens]	TRUE	Tut7
XP_001451221.1	XP_011517318.1	0	N/A	22.785	158	27	0.000602	45.8	terminal uridylyltransferase 7 isoform X5 [Homo sapiens]	TRUE	Tut7
XP_001451221.1	XP_047279823.1	0	N/A	22.785	158	27	0.000653	45.4	terminal uridylyltransferase 7 isoform X2 [Homo sapiens]	TRUE	Tut7
XP_001451221.1	XP_006717346.1	0	N/A	22.785	158	27	0.000653	45.4	terminal uridylyltransferase 7 isoform X2 [Homo sapiens]	TRUE	Tut7
XP_001451221.1	NP_001336477.1	0	N/A	24	125	15	0.000884	43.9	poly(A) RNA polymerase GLD2 isoform 4 [Homo sapiens]	TRUE	TENT2
XP_001451221.1	NP_001375066.1	0	N/A	21.656	157	21	0.001	43.9	poly(A) RNA polymerase GLD2 isoform 15 [Homo sapiens]	TRUE	TENT2
XP_001451221.1	XP_047272384.1	0	N/A	24.837	153	25	0.001	44.3	terminal uridylyltransferase 4 isoform X46 [Homo sapiens]	TRUE	Tut4
XP_001451221.1	XP_047272820.1	0	N/A	24	125	15	0.002	43.1	poly(A) RNA polymerase GLD2 isoform X11 [Homo sapiens]	TRUE	TENT2
XP_001451221.1	XP_005270735.1	0	N/A	24.837	153	25	0.002	44.3	terminal uridylyltransferase 4 isoform X2 [Homo sapiens]	TRUE	Tut4
XP_001451221.1	XP_011539399.1	0	N/A	24.837	153	25	0.002	44.3	terminal uridylyltransferase 4 isoform X1 [Homo sapiens]	TRUE	Tut4
XP_001451221.1	XP_005270733.1	0	N/A	24.837	153	25	0.002	44.3	terminal uridylyltransferase 4 isoform X1 [Homo sapiens]	TRUE	Tut4
XP_001451221.1	XP_047272325.1	0	N/A	24.837	153	25	0.002	44.3	terminal uridylyltransferase 4 isoform X23 [Homo sapiens]	TRUE	Tut4
XP_001451221.1	XP_047272280.1	0	N/A	24.837	153	25	0.002	44.3	terminal uridylyltransferase 4 isoform X3 [Homo sapiens]	TRUE	Tut4
XP_001451221.1	XP_005270736.1	0	N/A	24.837	153	25	0.002	44.3	terminal uridylyltransferase 4 isoform X3 [Homo sapiens]	TRUE	Tut4
XP_001451221.1	XP_016856297.1	0	N/A	24.837	153	25	0.002	44.3	terminal uridylyltransferase 4 isoform X36 [Homo sapiens]	TRUE	Tut4
XP_001451221.1	XP_011539401.1	0	N/A	24.837	153	25	0.002	44.3	terminal uridylyltransferase 4 isoform X29 [Homo sapiens]	TRUE	Tut4
XP_001451221.1	XP_016856295.1	0	N/A	24.837	153	25	0.002	43.9	terminal uridylyltransferase 4 isoform X25 [Homo sapiens]	TRUE	Tut4
XP_001451221.1	XP_005270739.1	0	N/A	24.837	153	25	0.002	43.9	terminal uridylyltransferase 4 isoform X33 [Homo sapiens]	TRUE	Tut4
XP_001451221.1	NP_001375061.1	0	N/A	24	125	15	0.002	43.5	poly(A) RNA polymerase GLD2 isoform 12 [Homo sapiens]	TRUE	TENT2
XP_001451221.1	XP_047272345.1	0	N/A	24.837	153	25	0.002	43.9	terminal uridylyltransferase 4 isoform X31 [Homo sapiens]	TRUE	Tut4
XP_001451221.1	XP_047272285.1	0	N/A	24.837	153	25	0.002	43.9	terminal uridylyltransferase 4 isoform X7 [Homo sapiens]	TRUE	Tut4
XP_001451221.1	XP_016856292.1	0	N/A	24.837	153	25	0.002	43.9	terminal uridylyltransferase 4 isoform X9 [Homo sapiens]	TRUE	Tut4
XP_001451221.1	NP_001375060.1	0	N/A	24	125	15	0.002	43.5	poly(A) RNA polymerase GLD2 isoform 11 [Homo sapiens]	TRUE	TENT2
XP_001451221.1	XP_047272282.1	0	N/A	24.837	153	25	0.002	43.9	terminal uridylyltransferase 4 isoform X5 [Homo sapiens]	TRUE	Tut4
XP_001451221.1	NP_056084.1	0	N/A	24.837	153	25	0.002	43.9	terminal uridylyltransferase 4 isoform b [Homo sapiens]	TRUE	Tut4
XP_001451221.1	XP_047272281.1	0	N/A	24.837	153	25	0.002	43.9	terminal uridylyltransferase 4 isoform X4 [Homo sapiens]	TRUE	Tut4
XP_001451221.1	NP_001009881.1	0	N/A	24.837	153	25	0.002	43.9	terminal uridylyltransferase 4 isoform a [Homo sapiens]	TRUE	Tut4
XP_001451221.1	XP_047272337.1	0	N/A	24.837	153	25	0.002	43.9	terminal uridylyltransferase 4 isoform X27 [Homo sapiens]	TRUE	Tut4
XP_001451221.1	XP_047272365.1	0	N/A	24.837	153	25	0.002	43.9	terminal uridylyltransferase 4 isoform X38 [Homo sapiens]	TRUE	Tut4
XP_001451221.1	NP_001375059.1	0	N/A	24	125	15	0.002	43.5	poly(A) RNA polymerase GLD2 isoform 10 [Homo sapiens]	TRUE	TENT2
XP_001451221.1	XP_047272811.1	0	N/A	24	125	15	0.002	43.5	poly(A) RNA polymerase GLD2 isoform X4 [Homo sapiens]	TRUE	TENT2
XP_001451221.1	XP_047272810.1	0	N/A	24	125	15	0.002	43.5	poly(A) RNA polymerase GLD2 isoform X4 [Homo sapiens]	TRUE	TENT2
XP_001451221.1	XP_047272809.1	0	N/A	24	125	15	0.002	43.5	poly(A) RNA polymerase GLD2 isoform X4 [Homo sapiens]	TRUE	TENT2
XP_001451221.1	NP_001375058.1	0	N/A	24	125	15	0.002	43.5	poly(A) RNA polymerase GLD2 isoform 2 [Homo sapiens]	TRUE	TENT2
XP_001451221.1	NP_001375057.1	0	N/A	24	125	15	0.002	43.5	poly(A) RNA polymerase GLD2 isoform 2 [Homo sapiens]	TRUE	TENT2
XP_001451221.1	NP_001375056.1	0	N/A	24	125	15	0.002	43.5	poly(A) RNA polymerase GLD2 isoform 2 [Homo sapiens]	TRUE	TENT2
XP_001451221.1	NP_001375055.1	0	N/A	24	125	15	0.002	43.5	poly(A) RNA polymerase GLD2 isoform 2 [Homo sapiens]	TRUE	TENT2
XP_001451221.1	NP_001375054.1	0	N/A	24	125	15	0.002	43.5	poly(A) RNA polymerase GLD2 isoform 2 [Homo sapiens]	TRUE	TENT2
XP_001451221.1	NP_001375053.1	0	N/A	24	125	15	0.002	43.5	poly(A) RNA polymerase GLD2 isoform 2 [Homo sapiens]	TRUE	TENT2
XP_001451221.1	NP_001375052.1	0	N/A	24	125	15	0.002	43.5	poly(A) RNA polymerase GLD2 isoform 2 [Homo sapiens]	TRUE	TENT2
XP_001451221.1	NP_001375051.1	0	N/A	24	125	15	0.002	43.5	poly(A) RNA polymerase GLD2 isoform 2 [Homo sapiens]	TRUE	TENT2
XP_001451221.1	NP_001375050.1	0	N/A	24	125	15	0.002	43.5	poly(A) RNA polymerase GLD2 isoform 2 [Homo sapiens]	TRUE	TENT2
XP_001451221.1	NP_001375049.1	0	N/A	24	125	15	0.002	43.5	poly(A) RNA polymerase GLD2 isoform 2 [Homo sapiens]	TRUE	TENT2
XP_001451221.1	NP_001375048.1	0	N/A	24	125	15	0.002	43.5	poly(A) RNA polymerase GLD2 isoform 2 [Homo sapiens]	TRUE	TENT2
XP_001451221.1	NP_001375047.1	0	N/A	24	125	15	0.002	43.5	poly(A) RNA polymerase GLD2 isoform 2 [Homo sapiens]	TRUE	TENT2
XP_001451221.1	NP_001375046.1	0	N/A	24	125	15	0.002	43.5	poly(A) RNA polymerase GLD2 isoform 2 [Homo sapiens]	TRUE	TENT2
XP_001451221.1	NP_001375045.1	0	N/A	24	125	15	0.002	43.5	poly(A) RNA polymerase GLD2 isoform 2 [Homo sapiens]	TRUE	TENT2
XP_001451221.1	NP_001375044.1	0	N/A	24	125	15	0.002	43.5	poly(A) RNA polymerase GLD2 isoform 2 [Homo sapiens]	TRUE	TENT2
XP_001451221.1	NP_001375043.1	0	N/A	24	125	15	0.002	43.5	poly(A) RNA polymerase GLD2 isoform 2 [Homo sapiens]	TRUE	TENT2
XP_001451221.1	NP_001336483.1	0	N/A	24	125	15	0.002	43.5	poly(A) RNA polymerase GLD2 isoform 2 [Homo sapiens]	TRUE	TENT2
XP_001451221.1	NP_001284673.1	0	N/A	24	125	15	0.002	43.5	poly(A) RNA polymerase GLD2 isoform 2 [Homo sapiens]	TRUE	TENT2
XP_001451221.1	XP_047272283.1	0	N/A	24.837	153	25	0.002	43.9	terminal uridylyltransferase 4 isoform X6 [Homo sapiens]	TRUE	Tut4
XP_001451221.1	XP_005270737.1	0	N/A	24.837	153	25	0.002	43.9	terminal uridylyltransferase 4 isoform X6 [Homo sapiens]	TRUE	Tut4
XP_001451221.1	NP_001375065.1	0	N/A	24	125	15	0.002	43.1	poly(A) RNA polymerase GLD2 isoform 14 [Homo sapiens]	TRUE	TENT2
XP_001451221.1	XP_047272288.1	0	N/A	24.837	153	25	0.002	43.9	terminal uridylyltransferase 4 isoform X10 [Homo sapiens]	TRUE	Tut4
XP_001451221.1	XP_016856296.1	0	N/A	24.837	153	25	0.002	43.9	terminal uridylyltransferase 4 isoform X28 [Homo sapiens]	TRUE	Tut4
XP_001451221.1	NP_001375030.1	0	N/A	24	125	15	0.002	43.5	poly(A) RNA polymerase GLD2 isoform 9 [Homo sapiens]	TRUE	TENT2
XP_001451221.1	XP_016856293.1	0	N/A	24.837	153	25	0.002	43.9	terminal uridylyltransferase 4 isoform X16 [Homo sapiens]	TRUE	Tut4
XP_001451221.1	XP_047272808.1	0	N/A	24	125	15	0.002	43.5	poly(A) RNA polymerase GLD2 isoform X3 [Homo sapiens]	TRUE	TENT2
XP_001451221.1	XP_047272807.1	0	N/A	24	125	15	0.002	43.5	poly(A) RNA polymerase GLD2 isoform X3 [Homo sapiens]	TRUE	TENT2
XP_001451221.1	XP_047272806.1	0	N/A	24	125	15	0.002	43.5	poly(A) RNA polymerase GLD2 isoform X3 [Homo sapiens]	TRUE	TENT2
XP_001452417.1	NP_001352252.1	0	N/A	32.219	329	86	6.76e-45	166	terminal nucleotidyltransferase 4B isoform c [Homo sapiens]	TRUE	TENT4B
XP_001452417.1	XP_047290432.1	0	N/A	31.707	328	86	7.31e-45	165	terminal nucleotidyltransferase 4B isoform X4 [Homo sapiens]	TRUE	TENT4B
XP_001452417.1	NP_001035375.2	0	N/A	31.722	331	86	8.17e-45	165	terminal nucleotidyltransferase 4B isoform b [Homo sapiens]	TRUE	TENT4B
XP_001452417.1	XP_011521578.1	0	N/A	31.722	331	86	8.25e-45	165	terminal nucleotidyltransferase 4B isoform X2 [Homo sapiens]	TRUE	TENT4B
XP_001452417.1	XP_047290433.1	0	N/A	32.177	317	82	9.3e-45	162	terminal nucleotidyltransferase 4B isoform X6 [Homo sapiens]	TRUE	TENT4B
XP_001452417.1	XP_047290431.1	0	N/A	31.707	328	86	9.52e-45	165	terminal nucleotidyltransferase 4B isoform X3 [Homo sapiens]	TRUE	TENT4B
XP_001452417.1	NP_001035374.2	0	N/A	32.219	329	86	1.12e-44	165	terminal nucleotidyltransferase 4B isoform a [Homo sapiens]	TRUE	TENT4B
XP_001452417.1	XP_011521577.1	0	N/A	32.219	329	86	1.13e-44	165	terminal nucleotidyltransferase 4B isoform X1 [Homo sapiens]	TRUE	TENT4B
XP_001452417.1	NP_001352253.1	0	N/A	32.219	329	86	1.22e-44	165	terminal nucleotidyltransferase 4B isoform d [Homo sapiens]	TRUE	TENT4B
XP_001452417.1	XP_011521580.1	0	N/A	32.166	314	82	2.04e-44	162	terminal nucleotidyltransferase 4B isoform X5 [Homo sapiens]	TRUE	TENT4B
XP_001452417.1	NP_001165276.2	0	N/A	33.333	291	77	2.37e-40	153	terminal nucleotidyltransferase 4A isoform 2 [Homo sapiens]	TRUE	TENT4A
XP_001452417.1	NP_008930.2	0	N/A	33.333	291	77	2.65e-40	153	terminal nucleotidyltransferase 4A isoform 1 [Homo sapiens]	TRUE	TENT4A
XP_001452417.1	XP_047272622.1	0	N/A	31.599	269	71	2.11e-34	135	terminal nucleotidyltransferase 4A isoform X1 [Homo sapiens]	TRUE	TENT4A
XP_001452417.1	XP_047272621.1	0	N/A	31.599	269	71	2.11e-34	135	terminal nucleotidyltransferase 4A isoform X1 [Homo sapiens]	TRUE	TENT4A
XP_001452417.1	XP_047272620.1	0	N/A	31.599	269	71	2.11e-34	135	terminal nucleotidyltransferase 4A isoform X1 [Homo sapiens]	TRUE	TENT4A
XP_001452417.1	XP_047272623.1	0	N/A	31.418	261	69	7.65e-33	130	terminal nucleotidyltransferase 4A isoform X2 [Homo sapiens]	TRUE	TENT4A
XP_001452417.1	XP_016864477.1	0	N/A	31.418	261	69	7.65e-33	130	terminal nucleotidyltransferase 4A isoform X2 [Homo sapiens]	TRUE	TENT4A
XP_001452417.1	XP_047272624.1	0	N/A	31.418	261	69	8.12e-33	130	terminal nucleotidyltransferase 4A isoform X3 [Homo sapiens]	TRUE	TENT4A
XP_001452417.1	XP_047272384.1	0	N/A	26.25	320	74	8.65e-16	81.3	terminal uridylyltransferase 4 isoform X46 [Homo sapiens]	TRUE	Tut4
XP_001452417.1	XP_016856295.1	0	N/A	26.25	320	74	9.55e-16	81.3	terminal uridylyltransferase 4 isoform X25 [Homo sapiens]	TRUE	Tut4
XP_001452417.1	XP_047272282.1	0	N/A	26.25	320	74	1.01e-15	81.3	terminal uridylyltransferase 4 isoform X5 [Homo sapiens]	TRUE	Tut4
XP_001452417.1	NP_056084.1	0	N/A	26.25	320	74	1.01e-15	81.3	terminal uridylyltransferase 4 isoform b [Homo sapiens]	TRUE	Tut4
XP_001452417.1	XP_047272325.1	0	N/A	26.25	320	74	1.01e-15	81.3	terminal uridylyltransferase 4 isoform X23 [Homo sapiens]	TRUE	Tut4
XP_001452417.1	XP_047272345.1	0	N/A	26.25	320	74	1.04e-15	81.3	terminal uridylyltransferase 4 isoform X31 [Homo sapiens]	TRUE	Tut4
XP_001452417.1	XP_047272281.1	0	N/A	26.25	320	74	1.04e-15	81.3	terminal uridylyltransferase 4 isoform X4 [Homo sapiens]	TRUE	Tut4
XP_001452417.1	NP_001009881.1	0	N/A	26.25	320	74	1.04e-15	81.3	terminal uridylyltransferase 4 isoform a [Homo sapiens]	TRUE	Tut4
XP_001452417.1	XP_047272280.1	0	N/A	26.25	320	74	1.04e-15	81.3	terminal uridylyltransferase 4 isoform X3 [Homo sapiens]	TRUE	Tut4
XP_001452417.1	XP_005270736.1	0	N/A	26.25	320	74	1.04e-15	81.3	terminal uridylyltransferase 4 isoform X3 [Homo sapiens]	TRUE	Tut4
XP_001452417.1	XP_005270739.1	0	N/A	26.25	320	74	1.07e-15	81.3	terminal uridylyltransferase 4 isoform X33 [Homo sapiens]	TRUE	Tut4
XP_001452417.1	XP_047272285.1	0	N/A	26.25	320	74	1.07e-15	81.3	terminal uridylyltransferase 4 isoform X7 [Homo sapiens]	TRUE	Tut4
XP_001452417.1	XP_011539401.1	0	N/A	26.25	320	74	1.09e-15	81.3	terminal uridylyltransferase 4 isoform X29 [Homo sapiens]	TRUE	Tut4
XP_001452417.1	XP_016856296.1	0	N/A	26.25	320	74	1.11e-15	81.3	terminal uridylyltransferase 4 isoform X28 [Homo sapiens]	TRUE	Tut4
XP_001452417.1	XP_016856292.1	0	N/A	26.25	320	74	1.12e-15	81.3	terminal uridylyltransferase 4 isoform X9 [Homo sapiens]	TRUE	Tut4
XP_001452417.1	XP_005270735.1	0	N/A	26.25	320	74	1.15e-15	81.3	terminal uridylyltransferase 4 isoform X2 [Homo sapiens]	TRUE	Tut4
XP_001452417.1	XP_016856297.1	0	N/A	26.25	320	74	1.16e-15	81.3	terminal uridylyltransferase 4 isoform X36 [Homo sapiens]	TRUE	Tut4
XP_001452417.1	XP_047272283.1	0	N/A	26.25	320	74	1.16e-15	81.3	terminal uridylyltransferase 4 isoform X6 [Homo sapiens]	TRUE	Tut4
XP_001452417.1	XP_005270737.1	0	N/A	26.25	320	74	1.16e-15	81.3	terminal uridylyltransferase 4 isoform X6 [Homo sapiens]	TRUE	Tut4
XP_001452417.1	XP_011539399.1	0	N/A	26.25	320	74	1.19e-15	81.3	terminal uridylyltransferase 4 isoform X1 [Homo sapiens]	TRUE	Tut4
XP_001452417.1	XP_005270733.1	0	N/A	26.25	320	74	1.19e-15	81.3	terminal uridylyltransferase 4 isoform X1 [Homo sapiens]	TRUE	Tut4
XP_001452417.1	XP_047272365.1	0	N/A	26.25	320	74	1.19e-15	81.3	terminal uridylyltransferase 4 isoform X38 [Homo sapiens]	TRUE	Tut4
XP_001452417.1	XP_047272337.1	0	N/A	26.25	320	74	1.2e-15	81.3	terminal uridylyltransferase 4 isoform X27 [Homo sapiens]	TRUE	Tut4
XP_001452417.1	XP_016856299.1	0	N/A	26.25	320	74	1.32e-15	80.9	terminal uridylyltransferase 4 isoform X40 [Homo sapiens]	TRUE	Tut4
XP_001452417.1	XP_016856293.1	0	N/A	26.25	320	74	1.4e-15	80.9	terminal uridylyltransferase 4 isoform X16 [Homo sapiens]	TRUE	Tut4
XP_001452417.1	XP_047272288.1	0	N/A	26.25	320	74	1.42e-15	80.9	terminal uridylyltransferase 4 isoform X10 [Homo sapiens]	TRUE	Tut4
XP_001452417.1	XP_005252265.1	0	N/A	25.743	303	72	5.82e-15	79	terminal uridylyltransferase 7 isoform X7 [Homo sapiens]	TRUE	Tut7
XP_001452417.1	XP_011517316.1	0	N/A	25	288	68	7.14e-15	79	terminal uridylyltransferase 7 isoform X1 [Homo sapiens]	TRUE	Tut7
XP_001452417.1	XP_011517315.1	0	N/A	25	288	68	7.14e-15	79	terminal uridylyltransferase 7 isoform X1 [Homo sapiens]	TRUE	Tut7
XP_001452417.1	XP_011517314.1	0	N/A	25	288	68	7.14e-15	79	terminal uridylyltransferase 7 isoform X1 [Homo sapiens]	TRUE	Tut7
XP_001452417.1	XP_011517313.1	0	N/A	25	288	68	7.14e-15	79	terminal uridylyltransferase 7 isoform X1 [Homo sapiens]	TRUE	Tut7
XP_001452417.1	XP_011517318.1	0	N/A	25.743	303	72	7.29e-15	78.6	terminal uridylyltransferase 7 isoform X5 [Homo sapiens]	TRUE	Tut7
XP_001452417.1	XP_016870620.1	0	N/A	25.743	303	72	8.13e-15	78.6	terminal uridylyltransferase 7 isoform X4 [Homo sapiens]	TRUE	Tut7
XP_001452417.1	XP_016870619.1	0	N/A	25.743	303	72	8.13e-15	78.6	terminal uridylyltransferase 7 isoform X4 [Homo sapiens]	TRUE	Tut7
XP_001452417.1	NP_078893.2	0	N/A	25.743	303	72	8.13e-15	78.6	terminal uridylyltransferase 7 isoform 1 [Homo sapiens]	TRUE	Tut7
XP_001452417.1	NP_001171988.1	0	N/A	25.743	303	72	8.13e-15	78.6	terminal uridylyltransferase 7 isoform 1 [Homo sapiens]	TRUE	Tut7
XP_001452417.1	XP_011517317.1	0	N/A	25.743	303	72	8.17e-15	78.6	terminal uridylyltransferase 7 isoform X3 [Homo sapiens]	TRUE	Tut7
XP_001452417.1	NP_001317647.1	0	N/A	25	288	68	8.19e-15	78.2	terminal uridylyltransferase 7 isoform 3 [Homo sapiens]	TRUE	Tut7
XP_001452417.1	XP_047279825.1	0	N/A	25.743	303	72	8.33e-15	78.6	terminal uridylyltransferase 7 isoform X6 [Homo sapiens]	TRUE	Tut7
XP_001452417.1	XP_047279824.1	0	N/A	25.743	303	72	8.33e-15	78.6	terminal uridylyltransferase 7 isoform X6 [Homo sapiens]	TRUE	Tut7
XP_001452417.1	XP_005252264.1	0	N/A	25.743	303	72	8.33e-15	78.6	terminal uridylyltransferase 7 isoform X6 [Homo sapiens]	TRUE	Tut7
XP_001452417.1	XP_047279823.1	0	N/A	25.743	303	72	9.8e-15	78.2	terminal uridylyltransferase 7 isoform X2 [Homo sapiens]	TRUE	Tut7
XP_001452417.1	XP_006717346.1	0	N/A	25.743	303	72	9.8e-15	78.2	terminal uridylyltransferase 7 isoform X2 [Homo sapiens]	TRUE	Tut7
XP_001452417.1	XP_047272369.1	0	N/A	26.117	291	74	5.42e-12	70.1	terminal uridylyltransferase 4 isoform X41 [Homo sapiens]	TRUE	Tut4
XP_001452417.1	XP_047272311.1	0	N/A	26.117	291	74	5.71e-12	69.7	terminal uridylyltransferase 4 isoform X21 [Homo sapiens]	TRUE	Tut4
XP_001452417.1	XP_047272306.1	0	N/A	26.117	291	74	5.72e-12	69.7	terminal uridylyltransferase 4 isoform X18 [Homo sapiens]	TRUE	Tut4
XP_001452417.1	XP_016856294.1	0	N/A	26.117	291	74	5.87e-12	69.7	terminal uridylyltransferase 4 isoform X20 [Homo sapiens]	TRUE	Tut4
XP_001452417.1	XP_047272348.1	0	N/A	26.117	291	74	5.89e-12	69.7	terminal uridylyltransferase 4 isoform X32 [Homo sapiens]	TRUE	Tut4
XP_001452417.1	XP_047272336.1	0	N/A	26.117	291	74	6.24e-12	69.7	terminal uridylyltransferase 4 isoform X26 [Homo sapiens]	TRUE	Tut4
XP_001452417.1	XP_047272303.1	0	N/A	26.117	291	74	6.26e-12	69.7	terminal uridylyltransferase 4 isoform X15 [Homo sapiens]	TRUE	Tut4
XP_001452417.1	XP_005270738.1	0	N/A	26.117	291	74	6.26e-12	69.7	terminal uridylyltransferase 4 isoform X14 [Homo sapiens]	TRUE	Tut4
XP_001452417.1	XP_047272377.1	0	N/A	26.117	291	74	6.46e-12	69.7	terminal uridylyltransferase 4 isoform X44 [Homo sapiens]	TRUE	Tut4
XP_001452417.1	XP_047272307.1	0	N/A	26.117	291	74	6.54e-12	69.7	terminal uridylyltransferase 4 isoform X19 [Homo sapiens]	TRUE	Tut4
XP_001452417.1	XP_047272327.1	0	N/A	26.117	291	74	6.64e-12	69.7	terminal uridylyltransferase 4 isoform X24 [Homo sapiens]	TRUE	Tut4
XP_001452417.1	XP_047272367.1	0	N/A	26.117	291	74	6.85e-12	69.7	terminal uridylyltransferase 4 isoform X39 [Homo sapiens]	TRUE	Tut4
XP_001452417.1	XP_047272354.1	0	N/A	26.117	291	74	6.92e-12	69.7	terminal uridylyltransferase 4 isoform X35 [Homo sapiens]	TRUE	Tut4
XP_001452417.1	XP_047272320.1	0	N/A	26.117	291	74	7.01e-12	69.7	terminal uridylyltransferase 4 isoform X22 [Homo sapiens]	TRUE	Tut4
XP_001452417.1	XP_047272373.1	0	N/A	26.117	291	74	7.2e-12	69.7	terminal uridylyltransferase 4 isoform X43 [Homo sapiens]	TRUE	Tut4
XP_001452417.1	XP_047272362.1	0	N/A	26.117	291	74	7.91e-12	69.3	terminal uridylyltransferase 4 isoform X37 [Homo sapiens]	TRUE	Tut4
XP_001452417.1	XP_047272344.1	0	N/A	25.094	267	61	6.73e-10	63.5	terminal uridylyltransferase 4 isoform X30 [Homo sapiens]	TRUE	Tut4
XP_001452417.1	XP_047272286.1	0	N/A	25.094	267	61	7.08e-10	63.5	terminal uridylyltransferase 4 isoform X8 [Homo sapiens]	TRUE	Tut4
XP_001452417.1	XP_047272290.1	0	N/A	25.094	267	61	7.21e-10	63.2	terminal uridylyltransferase 4 isoform X11 [Homo sapiens]	TRUE	Tut4
XP_001452417.1	XP_047272296.1	0	N/A	25.094	267	61	7.53e-10	63.2	terminal uridylyltransferase 4 isoform X13 [Homo sapiens]	TRUE	Tut4
XP_001452417.1	XP_047272350.1	0	N/A	25.094	267	61	7.75e-10	63.2	terminal uridylyltransferase 4 isoform X34 [Homo sapiens]	TRUE	Tut4
XP_001452417.1	XP_047272295.1	0	N/A	25.094	267	61	7.95e-10	63.2	terminal uridylyltransferase 4 isoform X12 [Homo sapiens]	TRUE	Tut4
XP_001452417.1	XP_047272372.1	0	N/A	25.094	267	61	8.14e-10	63.2	terminal uridylyltransferase 4 isoform X42 [Homo sapiens]	TRUE	Tut4
XP_001452417.1	XP_047272305.1	0	N/A	25.094	267	61	8.16e-10	63.2	terminal uridylyltransferase 4 isoform X17 [Homo sapiens]	TRUE	Tut4
XP_001452417.1	NP_001172003.1	0	N/A	25.424	236	55	5.55e-09	60.5	terminal uridylyltransferase 7 isoform 2 [Homo sapiens]	TRUE	Tut7
XP_001452417.1	XP_047272820.1	0	N/A	25.51	196	47	1.09e-08	57.8	poly(A) RNA polymerase GLD2 isoform X11 [Homo sapiens]	TRUE	TENT2
XP_001452417.1	NP_001375027.1	0	N/A	25.51	196	47	2.82e-08	57.8	poly(A) RNA polymerase GLD2 isoform 7 [Homo sapiens]	TRUE	TENT2
XP_001452417.1	XP_047272805.1	0	N/A	25.51	196	47	2.93e-08	57.8	poly(A) RNA polymerase GLD2 isoform X2 [Homo sapiens]	TRUE	TENT2
XP_001452417.1	XP_047272804.1	0	N/A	25.51	196	47	2.93e-08	57.8	poly(A) RNA polymerase GLD2 isoform X2 [Homo sapiens]	TRUE	TENT2
XP_001452417.1	XP_047272803.1	0	N/A	25.51	196	47	2.93e-08	57.8	poly(A) RNA polymerase GLD2 isoform X2 [Homo sapiens]	TRUE	TENT2
XP_001452417.1	XP_047272802.1	0	N/A	25.51	196	47	2.93e-08	57.8	poly(A) RNA polymerase GLD2 isoform X2 [Homo sapiens]	TRUE	TENT2
XP_001452417.1	XP_016864641.1	0	N/A	25.51	196	47	2.93e-08	57.8	poly(A) RNA polymerase GLD2 isoform X2 [Homo sapiens]	TRUE	TENT2
XP_001452417.1	NP_001375026.1	0	N/A	25.51	196	47	2.93e-08	57.8	poly(A) RNA polymerase GLD2 isoform 6 [Homo sapiens]	TRUE	TENT2
XP_001452417.1	NP_001375025.1	0	N/A	25.51	196	47	2.93e-08	57.8	poly(A) RNA polymerase GLD2 isoform 6 [Homo sapiens]	TRUE	TENT2
XP_001452417.1	NP_001375024.1	0	N/A	25.51	196	47	2.93e-08	57.8	poly(A) RNA polymerase GLD2 isoform 6 [Homo sapiens]	TRUE	TENT2
XP_001452417.1	NP_001336480.1	0	N/A	25.51	196	47	2.93e-08	57.8	poly(A) RNA polymerase GLD2 isoform 6 [Homo sapiens]	TRUE	TENT2
XP_001452417.1	XP_047272801.1	0	N/A	25.51	196	47	2.95e-08	57.8	poly(A) RNA polymerase GLD2 isoform X1 [Homo sapiens]	TRUE	TENT2
XP_001452417.1	XP_047272800.1	0	N/A	25.51	196	47	2.95e-08	57.8	poly(A) RNA polymerase GLD2 isoform X1 [Homo sapiens]	TRUE	TENT2
XP_001452417.1	XP_011541527.1	0	N/A	25.51	196	47	2.95e-08	57.8	poly(A) RNA polymerase GLD2 isoform X1 [Homo sapiens]	TRUE	TENT2
XP_001452711.1	NP_001165276.2	0	N/A	35.135	111	40	9.35e-14	73.2	terminal nucleotidyltransferase 4A isoform 2 [Homo sapiens]	TRUE	TENT4A
XP_001452711.1	NP_008930.2	0	N/A	35.135	111	40	9.35e-14	73.2	terminal nucleotidyltransferase 4A isoform 1 [Homo sapiens]	TRUE	TENT4A
XP_001452711.1	XP_047272622.1	0	N/A	35.135	111	40	1.92e-12	68.9	terminal nucleotidyltransferase 4A isoform X1 [Homo sapiens]	TRUE	TENT4A
XP_001452711.1	XP_047272621.1	0	N/A	35.135	111	40	1.92e-12	68.9	terminal nucleotidyltransferase 4A isoform X1 [Homo sapiens]	TRUE	TENT4A
XP_001452711.1	XP_047272620.1	0	N/A	35.135	111	40	1.92e-12	68.9	terminal nucleotidyltransferase 4A isoform X1 [Homo sapiens]	TRUE	TENT4A
XP_001452711.1	XP_047272623.1	0	N/A	35.135	111	40	1.98e-12	68.9	terminal nucleotidyltransferase 4A isoform X2 [Homo sapiens]	TRUE	TENT4A
XP_001452711.1	XP_016864477.1	0	N/A	35.135	111	40	1.98e-12	68.9	terminal nucleotidyltransferase 4A isoform X2 [Homo sapiens]	TRUE	TENT4A
XP_001452711.1	XP_047272624.1	0	N/A	35.135	111	40	2.02e-12	68.9	terminal nucleotidyltransferase 4A isoform X3 [Homo sapiens]	TRUE	TENT4A
XP_001452711.1	XP_047290433.1	0	N/A	37.838	111	40	8.02e-12	67	terminal nucleotidyltransferase 4B isoform X6 [Homo sapiens]	TRUE	TENT4B
XP_001452711.1	XP_011521580.1	0	N/A	37.838	111	40	8.99e-12	67	terminal nucleotidyltransferase 4B isoform X5 [Homo sapiens]	TRUE	TENT4B
XP_001452711.1	NP_001035375.2	0	N/A	37.838	111	40	1.41e-11	66.6	terminal nucleotidyltransferase 4B isoform b [Homo sapiens]	TRUE	TENT4B
XP_001452711.1	XP_011521578.1	0	N/A	37.838	111	40	1.41e-11	66.6	terminal nucleotidyltransferase 4B isoform X2 [Homo sapiens]	TRUE	TENT4B
XP_001452711.1	NP_001035374.2	0	N/A	37.838	111	40	1.47e-11	66.6	terminal nucleotidyltransferase 4B isoform a [Homo sapiens]	TRUE	TENT4B
XP_001452711.1	XP_011521577.1	0	N/A	37.838	111	40	1.47e-11	66.6	terminal nucleotidyltransferase 4B isoform X1 [Homo sapiens]	TRUE	TENT4B
XP_001452711.1	XP_047290432.1	0	N/A	37.838	111	40	1.63e-11	66.6	terminal nucleotidyltransferase 4B isoform X4 [Homo sapiens]	TRUE	TENT4B
XP_001452711.1	XP_047290431.1	0	N/A	37.838	111	40	1.66e-11	66.2	terminal nucleotidyltransferase 4B isoform X3 [Homo sapiens]	TRUE	TENT4B
XP_001452711.1	NP_001352253.1	0	N/A	37.838	111	40	1.73e-11	66.2	terminal nucleotidyltransferase 4B isoform d [Homo sapiens]	TRUE	TENT4B
XP_001452711.1	NP_001352252.1	0	N/A	37.838	111	40	1.8e-11	66.2	terminal nucleotidyltransferase 4B isoform c [Homo sapiens]	TRUE	TENT4B
XP_001452852.1	NP_001375030.1	0	N/A	29.032	155	43	2.44e-13	73.6	poly(A) RNA polymerase GLD2 isoform 9 [Homo sapiens]	TRUE	TENT2
XP_001452852.1	NP_001375065.1	0	N/A	28.75	160	44	5.04e-13	72	poly(A) RNA polymerase GLD2 isoform 14 [Homo sapiens]	TRUE	TENT2
XP_001452852.1	NP_001375061.1	0	N/A	29.252	147	40	7.63e-13	71.6	poly(A) RNA polymerase GLD2 isoform 12 [Homo sapiens]	TRUE	TENT2
XP_001452852.1	XP_047272811.1	0	N/A	29.252	147	40	7.66e-13	72	poly(A) RNA polymerase GLD2 isoform X4 [Homo sapiens]	TRUE	TENT2
XP_001452852.1	XP_047272810.1	0	N/A	29.252	147	40	7.66e-13	72	poly(A) RNA polymerase GLD2 isoform X4 [Homo sapiens]	TRUE	TENT2
XP_001452852.1	XP_047272809.1	0	N/A	29.252	147	40	7.66e-13	72	poly(A) RNA polymerase GLD2 isoform X4 [Homo sapiens]	TRUE	TENT2
XP_001452852.1	NP_001375058.1	0	N/A	29.252	147	40	7.66e-13	72	poly(A) RNA polymerase GLD2 isoform 2 [Homo sapiens]	TRUE	TENT2
XP_001452852.1	NP_001375057.1	0	N/A	29.252	147	40	7.66e-13	72	poly(A) RNA polymerase GLD2 isoform 2 [Homo sapiens]	TRUE	TENT2
XP_001452852.1	NP_001375056.1	0	N/A	29.252	147	40	7.66e-13	72	poly(A) RNA polymerase GLD2 isoform 2 [Homo sapiens]	TRUE	TENT2
XP_001452852.1	NP_001375055.1	0	N/A	29.252	147	40	7.66e-13	72	poly(A) RNA polymerase GLD2 isoform 2 [Homo sapiens]	TRUE	TENT2
XP_001452852.1	NP_001375054.1	0	N/A	29.252	147	40	7.66e-13	72	poly(A) RNA polymerase GLD2 isoform 2 [Homo sapiens]	TRUE	TENT2
XP_001452852.1	NP_001375053.1	0	N/A	29.252	147	40	7.66e-13	72	poly(A) RNA polymerase GLD2 isoform 2 [Homo sapiens]	TRUE	TENT2
XP_001452852.1	NP_001375052.1	0	N/A	29.252	147	40	7.66e-13	72	poly(A) RNA polymerase GLD2 isoform 2 [Homo sapiens]	TRUE	TENT2
XP_001452852.1	NP_001375051.1	0	N/A	29.252	147	40	7.66e-13	72	poly(A) RNA polymerase GLD2 isoform 2 [Homo sapiens]	TRUE	TENT2
XP_001452852.1	NP_001375050.1	0	N/A	29.252	147	40	7.66e-13	72	poly(A) RNA polymerase GLD2 isoform 2 [Homo sapiens]	TRUE	TENT2
XP_001452852.1	NP_001375049.1	0	N/A	29.252	147	40	7.66e-13	72	poly(A) RNA polymerase GLD2 isoform 2 [Homo sapiens]	TRUE	TENT2
XP_001452852.1	NP_001375048.1	0	N/A	29.252	147	40	7.66e-13	72	poly(A) RNA polymerase GLD2 isoform 2 [Homo sapiens]	TRUE	TENT2
XP_001452852.1	NP_001375047.1	0	N/A	29.252	147	40	7.66e-13	72	poly(A) RNA polymerase GLD2 isoform 2 [Homo sapiens]	TRUE	TENT2
XP_001452852.1	NP_001375046.1	0	N/A	29.252	147	40	7.66e-13	72	poly(A) RNA polymerase GLD2 isoform 2 [Homo sapiens]	TRUE	TENT2
XP_001452852.1	NP_001375045.1	0	N/A	29.252	147	40	7.66e-13	72	poly(A) RNA polymerase GLD2 isoform 2 [Homo sapiens]	TRUE	TENT2
XP_001452852.1	NP_001375044.1	0	N/A	29.252	147	40	7.66e-13	72	poly(A) RNA polymerase GLD2 isoform 2 [Homo sapiens]	TRUE	TENT2
XP_001452852.1	NP_001375043.1	0	N/A	29.252	147	40	7.66e-13	72	poly(A) RNA polymerase GLD2 isoform 2 [Homo sapiens]	TRUE	TENT2
XP_001452852.1	NP_001336483.1	0	N/A	29.252	147	40	7.66e-13	72	poly(A) RNA polymerase GLD2 isoform 2 [Homo sapiens]	TRUE	TENT2
XP_001452852.1	NP_001284673.1	0	N/A	29.252	147	40	7.66e-13	72	poly(A) RNA polymerase GLD2 isoform 2 [Homo sapiens]	TRUE	TENT2
XP_001452852.1	NP_001375059.1	0	N/A	29.252	147	40	7.92e-13	71.6	poly(A) RNA polymerase GLD2 isoform 10 [Homo sapiens]	TRUE	TENT2
XP_001452852.1	XP_047272280.1	0	N/A	28.517	263	69	1.37e-12	71.6	terminal uridylyltransferase 4 isoform X3 [Homo sapiens]	TRUE	Tut4
XP_001452852.1	XP_005270736.1	0	N/A	28.517	263	69	1.37e-12	71.6	terminal uridylyltransferase 4 isoform X3 [Homo sapiens]	TRUE	Tut4
XP_001452852.1	XP_047272305.1	0	N/A	28.517	263	69	1.39e-12	71.6	terminal uridylyltransferase 4 isoform X17 [Homo sapiens]	TRUE	Tut4
XP_001452852.1	XP_047272290.1	0	N/A	28.517	263	69	1.4e-12	71.6	terminal uridylyltransferase 4 isoform X11 [Homo sapiens]	TRUE	Tut4
XP_001452852.1	XP_047272286.1	0	N/A	28.517	263	69	1.4e-12	71.6	terminal uridylyltransferase 4 isoform X8 [Homo sapiens]	TRUE	Tut4
XP_001452852.1	XP_011539399.1	0	N/A	28.517	263	69	1.45e-12	71.6	terminal uridylyltransferase 4 isoform X1 [Homo sapiens]	TRUE	Tut4
XP_001452852.1	XP_005270733.1	0	N/A	28.517	263	69	1.45e-12	71.6	terminal uridylyltransferase 4 isoform X1 [Homo sapiens]	TRUE	Tut4
XP_001452852.1	XP_005270735.1	0	N/A	28.517	263	69	1.46e-12	71.6	terminal uridylyltransferase 4 isoform X2 [Homo sapiens]	TRUE	Tut4
XP_001452852.1	XP_047272344.1	0	N/A	28.517	263	69	1.52e-12	71.6	terminal uridylyltransferase 4 isoform X30 [Homo sapiens]	TRUE	Tut4
XP_001452852.1	XP_016856297.1	0	N/A	28.517	263	69	1.53e-12	71.6	terminal uridylyltransferase 4 isoform X36 [Homo sapiens]	TRUE	Tut4
XP_001452852.1	XP_047272350.1	0	N/A	28.517	263	69	1.53e-12	71.6	terminal uridylyltransferase 4 isoform X34 [Homo sapiens]	TRUE	Tut4
XP_001452852.1	XP_005270739.1	0	N/A	28.517	263	69	1.54e-12	71.6	terminal uridylyltransferase 4 isoform X33 [Homo sapiens]	TRUE	Tut4
XP_001452852.1	XP_047272325.1	0	N/A	28.517	263	69	1.63e-12	71.6	terminal uridylyltransferase 4 isoform X23 [Homo sapiens]	TRUE	Tut4
XP_001452852.1	XP_047272296.1	0	N/A	28.517	263	69	1.63e-12	71.6	terminal uridylyltransferase 4 isoform X13 [Homo sapiens]	TRUE	Tut4
XP_001452852.1	XP_047272295.1	0	N/A	28.517	263	69	1.66e-12	71.6	terminal uridylyltransferase 4 isoform X12 [Homo sapiens]	TRUE	Tut4
XP_001452852.1	XP_047272281.1	0	N/A	28.517	263	69	1.7e-12	71.2	terminal uridylyltransferase 4 isoform X4 [Homo sapiens]	TRUE	Tut4
XP_001452852.1	NP_001009881.1	0	N/A	28.517	263	69	1.7e-12	71.2	terminal uridylyltransferase 4 isoform a [Homo sapiens]	TRUE	Tut4
XP_001452852.1	XP_016856295.1	0	N/A	28.517	263	69	1.7e-12	71.2	terminal uridylyltransferase 4 isoform X25 [Homo sapiens]	TRUE	Tut4
XP_001452852.1	XP_016856296.1	0	N/A	28.517	263	69	1.72e-12	71.2	terminal uridylyltransferase 4 isoform X28 [Homo sapiens]	TRUE	Tut4
XP_001452852.1	XP_016856299.1	0	N/A	28.517	263	69	1.74e-12	71.2	terminal uridylyltransferase 4 isoform X40 [Homo sapiens]	TRUE	Tut4
XP_001452852.1	XP_047272288.1	0	N/A	28.517	263	69	1.76e-12	71.2	terminal uridylyltransferase 4 isoform X10 [Homo sapiens]	TRUE	Tut4
XP_001452852.1	XP_047272283.1	0	N/A	28.517	263	69	1.76e-12	71.2	terminal uridylyltransferase 4 isoform X6 [Homo sapiens]	TRUE	Tut4
XP_001452852.1	XP_005270737.1	0	N/A	28.517	263	69	1.76e-12	71.2	terminal uridylyltransferase 4 isoform X6 [Homo sapiens]	TRUE	Tut4
XP_001452852.1	XP_047272372.1	0	N/A	28.517	263	69	1.77e-12	71.2	terminal uridylyltransferase 4 isoform X42 [Homo sapiens]	TRUE	Tut4
XP_001452852.1	XP_047272365.1	0	N/A	28.517	263	69	1.77e-12	71.2	terminal uridylyltransferase 4 isoform X38 [Homo sapiens]	TRUE	Tut4
XP_001452852.1	XP_047272282.1	0	N/A	28.517	263	69	1.78e-12	71.2	terminal uridylyltransferase 4 isoform X5 [Homo sapiens]	TRUE	Tut4
XP_001452852.1	NP_056084.1	0	N/A	28.517	263	69	1.78e-12	71.2	terminal uridylyltransferase 4 isoform b [Homo sapiens]	TRUE	Tut4
XP_001452852.1	XP_016856293.1	0	N/A	28.517	263	69	1.82e-12	71.2	terminal uridylyltransferase 4 isoform X16 [Homo sapiens]	TRUE	Tut4
XP_001452852.1	XP_047272285.1	0	N/A	28.517	263	69	1.82e-12	71.2	terminal uridylyltransferase 4 isoform X7 [Homo sapiens]	TRUE	Tut4
XP_001452852.1	XP_011539401.1	0	N/A	28.517	263	69	1.86e-12	71.2	terminal uridylyltransferase 4 isoform X29 [Homo sapiens]	TRUE	Tut4
XP_001452852.1	XP_047272337.1	0	N/A	28.517	263	69	1.86e-12	71.2	terminal uridylyltransferase 4 isoform X27 [Homo sapiens]	TRUE	Tut4
XP_001452852.1	XP_047272345.1	0	N/A	28.517	263	69	1.99e-12	71.2	terminal uridylyltransferase 4 isoform X31 [Homo sapiens]	TRUE	Tut4
XP_001452852.1	XP_016856292.1	0	N/A	28.517	263	69	2.26e-12	70.9	terminal uridylyltransferase 4 isoform X9 [Homo sapiens]	TRUE	Tut4
XP_001452852.1	XP_047272384.1	0	N/A	28.517	263	69	2.49e-12	70.9	terminal uridylyltransferase 4 isoform X46 [Homo sapiens]	TRUE	Tut4
XP_001452852.1	NP_001375029.1	0	N/A	28.931	159	43	3.38e-12	69.7	poly(A) RNA polymerase GLD2 isoform 8 [Homo sapiens]	TRUE	TENT2
XP_001452852.1	NP_001375028.1	0	N/A	28.931	159	43	3.38e-12	69.7	poly(A) RNA polymerase GLD2 isoform 8 [Homo sapiens]	TRUE	TENT2
XP_001452852.1	XP_047272818.1	0	N/A	28.659	164	44	5.32e-12	68.6	poly(A) RNA polymerase GLD2 isoform X10 [Homo sapiens]	TRUE	TENT2
XP_001452852.1	NP_001375060.1	0	N/A	28.659	164	44	9.78e-12	68.6	poly(A) RNA polymerase GLD2 isoform 11 [Homo sapiens]	TRUE	TENT2
XP_001452852.1	XP_047272808.1	0	N/A	29.139	151	40	1.03e-11	68.6	poly(A) RNA polymerase GLD2 isoform X3 [Homo sapiens]	TRUE	TENT2
XP_001452852.1	XP_047272807.1	0	N/A	29.139	151	40	1.03e-11	68.6	poly(A) RNA polymerase GLD2 isoform X3 [Homo sapiens]	TRUE	TENT2
XP_001452852.1	XP_047272806.1	0	N/A	29.139	151	40	1.03e-11	68.6	poly(A) RNA polymerase GLD2 isoform X3 [Homo sapiens]	TRUE	TENT2
XP_001452852.1	NP_776158.2	0	N/A	29.139	151	40	1.03e-11	68.6	poly(A) RNA polymerase GLD2 isoform 1 [Homo sapiens]	TRUE	TENT2
XP_001452852.1	NP_001375041.1	0	N/A	29.139	151	40	1.03e-11	68.6	poly(A) RNA polymerase GLD2 isoform 1 [Homo sapiens]	TRUE	TENT2
XP_001452852.1	NP_001375040.1	0	N/A	29.139	151	40	1.03e-11	68.6	poly(A) RNA polymerase GLD2 isoform 1 [Homo sapiens]	TRUE	TENT2
XP_001452852.1	NP_001375039.1	0	N/A	29.139	151	40	1.03e-11	68.6	poly(A) RNA polymerase GLD2 isoform 1 [Homo sapiens]	TRUE	TENT2
XP_001452852.1	NP_001375038.1	0	N/A	29.139	151	40	1.03e-11	68.6	poly(A) RNA polymerase GLD2 isoform 1 [Homo sapiens]	TRUE	TENT2
XP_001452852.1	NP_001375037.1	0	N/A	29.139	151	40	1.03e-11	68.6	poly(A) RNA polymerase GLD2 isoform 1 [Homo sapiens]	TRUE	TENT2
XP_001452852.1	NP_001375036.1	0	N/A	29.139	151	40	1.03e-11	68.6	poly(A) RNA polymerase GLD2 isoform 1 [Homo sapiens]	TRUE	TENT2
XP_001452852.1	NP_001375035.1	0	N/A	29.139	151	40	1.03e-11	68.6	poly(A) RNA polymerase GLD2 isoform 1 [Homo sapiens]	TRUE	TENT2
XP_001452852.1	NP_001375034.1	0	N/A	29.139	151	40	1.03e-11	68.6	poly(A) RNA polymerase GLD2 isoform 1 [Homo sapiens]	TRUE	TENT2
XP_001452852.1	NP_001375032.1	0	N/A	29.139	151	40	1.03e-11	68.6	poly(A) RNA polymerase GLD2 isoform 1 [Homo sapiens]	TRUE	TENT2
XP_001452852.1	NP_001375031.1	0	N/A	29.139	151	40	1.03e-11	68.6	poly(A) RNA polymerase GLD2 isoform 1 [Homo sapiens]	TRUE	TENT2
XP_001452852.1	NP_001336482.1	0	N/A	29.139	151	40	1.03e-11	68.6	poly(A) RNA polymerase GLD2 isoform 1 [Homo sapiens]	TRUE	TENT2
XP_001452852.1	NP_001336481.1	0	N/A	29.139	151	40	1.03e-11	68.6	poly(A) RNA polymerase GLD2 isoform 1 [Homo sapiens]	TRUE	TENT2
XP_001452852.1	NP_001107866.1	0	N/A	29.139	151	40	1.03e-11	68.6	poly(A) RNA polymerase GLD2 isoform 1 [Homo sapiens]	TRUE	TENT2
XP_001452852.1	NP_001107865.1	0	N/A	29.139	151	40	1.03e-11	68.6	poly(A) RNA polymerase GLD2 isoform 1 [Homo sapiens]	TRUE	TENT2
XP_001452852.1	NP_001375042.1	0	N/A	29.139	151	40	1.07e-11	68.2	poly(A) RNA polymerase GLD2 isoform 16 [Homo sapiens]	TRUE	TENT2
XP_001452852.1	XP_047272817.1	0	N/A	26.38	163	40	2.42e-11	66.6	poly(A) RNA polymerase GLD2 isoform X9 [Homo sapiens]	TRUE	TENT2
XP_001452852.1	XP_047272805.1	0	N/A	26.38	163	40	3.53e-11	66.6	poly(A) RNA polymerase GLD2 isoform X2 [Homo sapiens]	TRUE	TENT2
XP_001452852.1	XP_047272804.1	0	N/A	26.38	163	40	3.53e-11	66.6	poly(A) RNA polymerase GLD2 isoform X2 [Homo sapiens]	TRUE	TENT2
XP_001452852.1	XP_047272803.1	0	N/A	26.38	163	40	3.53e-11	66.6	poly(A) RNA polymerase GLD2 isoform X2 [Homo sapiens]	TRUE	TENT2
XP_001452852.1	XP_047272802.1	0	N/A	26.38	163	40	3.53e-11	66.6	poly(A) RNA polymerase GLD2 isoform X2 [Homo sapiens]	TRUE	TENT2
XP_001452852.1	XP_016864641.1	0	N/A	26.38	163	40	3.53e-11	66.6	poly(A) RNA polymerase GLD2 isoform X2 [Homo sapiens]	TRUE	TENT2
XP_001452852.1	NP_001375026.1	0	N/A	26.38	163	40	3.53e-11	66.6	poly(A) RNA polymerase GLD2 isoform 6 [Homo sapiens]	TRUE	TENT2
XP_001452852.1	NP_001375025.1	0	N/A	26.38	163	40	3.53e-11	66.6	poly(A) RNA polymerase GLD2 isoform 6 [Homo sapiens]	TRUE	TENT2
XP_001452852.1	NP_001375024.1	0	N/A	26.38	163	40	3.53e-11	66.6	poly(A) RNA polymerase GLD2 isoform 6 [Homo sapiens]	TRUE	TENT2
XP_001452852.1	NP_001336480.1	0	N/A	26.38	163	40	3.53e-11	66.6	poly(A) RNA polymerase GLD2 isoform 6 [Homo sapiens]	TRUE	TENT2
XP_001452852.1	NP_001375027.1	0	N/A	26.38	163	40	3.76e-11	66.6	poly(A) RNA polymerase GLD2 isoform 7 [Homo sapiens]	TRUE	TENT2
XP_001452852.1	XP_047272816.1	0	N/A	26.111	180	44	3.15e-10	63.5	poly(A) RNA polymerase GLD2 isoform X8 [Homo sapiens]	TRUE	TENT2
XP_001452852.1	XP_047272801.1	0	N/A	26.347	167	40	4.95e-10	63.2	poly(A) RNA polymerase GLD2 isoform X1 [Homo sapiens]	TRUE	TENT2
XP_001452852.1	XP_047272800.1	0	N/A	26.347	167	40	4.95e-10	63.2	poly(A) RNA polymerase GLD2 isoform X1 [Homo sapiens]	TRUE	TENT2
XP_001452852.1	XP_011541527.1	0	N/A	26.347	167	40	4.95e-10	63.2	poly(A) RNA polymerase GLD2 isoform X1 [Homo sapiens]	TRUE	TENT2
XP_001452852.1	XP_011541526.1	0	N/A	26.347	167	40	4.95e-10	63.2	poly(A) RNA polymerase GLD2 isoform X1 [Homo sapiens]	TRUE	TENT2
XP_001452852.1	XP_011541523.1	0	N/A	26.347	167	40	4.95e-10	63.2	poly(A) RNA polymerase GLD2 isoform X1 [Homo sapiens]	TRUE	TENT2
XP_001452852.1	XP_011541522.1	0	N/A	26.347	167	40	4.95e-10	63.2	poly(A) RNA polymerase GLD2 isoform X1 [Homo sapiens]	TRUE	TENT2
XP_001452853.1	NP_001375030.1	0	N/A	31.333	150	43	1.17e-15	80.1	poly(A) RNA polymerase GLD2 isoform 9 [Homo sapiens]	TRUE	TENT2
XP_001452853.1	NP_001375065.1	0	N/A	29.56	159	46	1.78e-15	79	poly(A) RNA polymerase GLD2 isoform 14 [Homo sapiens]	TRUE	TENT2
XP_001452853.1	NP_001375061.1	0	N/A	29.56	159	46	2.22e-15	79	poly(A) RNA polymerase GLD2 isoform 12 [Homo sapiens]	TRUE	TENT2
XP_001452853.1	NP_001375059.1	0	N/A	29.56	159	46	2.75e-15	79	poly(A) RNA polymerase GLD2 isoform 10 [Homo sapiens]	TRUE	TENT2
XP_001452853.1	XP_047272811.1	0	N/A	29.56	159	46	3.02e-15	79	poly(A) RNA polymerase GLD2 isoform X4 [Homo sapiens]	TRUE	TENT2
XP_001452853.1	XP_047272810.1	0	N/A	29.56	159	46	3.02e-15	79	poly(A) RNA polymerase GLD2 isoform X4 [Homo sapiens]	TRUE	TENT2
XP_001452853.1	XP_047272809.1	0	N/A	29.56	159	46	3.02e-15	79	poly(A) RNA polymerase GLD2 isoform X4 [Homo sapiens]	TRUE	TENT2
XP_001452853.1	NP_001375058.1	0	N/A	29.56	159	46	3.02e-15	79	poly(A) RNA polymerase GLD2 isoform 2 [Homo sapiens]	TRUE	TENT2
XP_001452853.1	NP_001375057.1	0	N/A	29.56	159	46	3.02e-15	79	poly(A) RNA polymerase GLD2 isoform 2 [Homo sapiens]	TRUE	TENT2
XP_001452853.1	NP_001375056.1	0	N/A	29.56	159	46	3.02e-15	79	poly(A) RNA polymerase GLD2 isoform 2 [Homo sapiens]	TRUE	TENT2
XP_001452853.1	NP_001375055.1	0	N/A	29.56	159	46	3.02e-15	79	poly(A) RNA polymerase GLD2 isoform 2 [Homo sapiens]	TRUE	TENT2
XP_001452853.1	NP_001375054.1	0	N/A	29.56	159	46	3.02e-15	79	poly(A) RNA polymerase GLD2 isoform 2 [Homo sapiens]	TRUE	TENT2
XP_001452853.1	NP_001375053.1	0	N/A	29.56	159	46	3.02e-15	79	poly(A) RNA polymerase GLD2 isoform 2 [Homo sapiens]	TRUE	TENT2
XP_001452853.1	NP_001375052.1	0	N/A	29.56	159	46	3.02e-15	79	poly(A) RNA polymerase GLD2 isoform 2 [Homo sapiens]	TRUE	TENT2
XP_001452853.1	NP_001375051.1	0	N/A	29.56	159	46	3.02e-15	79	poly(A) RNA polymerase GLD2 isoform 2 [Homo sapiens]	TRUE	TENT2
XP_001452853.1	NP_001375050.1	0	N/A	29.56	159	46	3.02e-15	79	poly(A) RNA polymerase GLD2 isoform 2 [Homo sapiens]	TRUE	TENT2
XP_001452853.1	NP_001375049.1	0	N/A	29.56	159	46	3.02e-15	79	poly(A) RNA polymerase GLD2 isoform 2 [Homo sapiens]	TRUE	TENT2
XP_001452853.1	NP_001375048.1	0	N/A	29.56	159	46	3.02e-15	79	poly(A) RNA polymerase GLD2 isoform 2 [Homo sapiens]	TRUE	TENT2
XP_001452853.1	NP_001375047.1	0	N/A	29.56	159	46	3.02e-15	79	poly(A) RNA polymerase GLD2 isoform 2 [Homo sapiens]	TRUE	TENT2
XP_001452853.1	NP_001375046.1	0	N/A	29.56	159	46	3.02e-15	79	poly(A) RNA polymerase GLD2 isoform 2 [Homo sapiens]	TRUE	TENT2
XP_001452853.1	NP_001375045.1	0	N/A	29.56	159	46	3.02e-15	79	poly(A) RNA polymerase GLD2 isoform 2 [Homo sapiens]	TRUE	TENT2
XP_001452853.1	NP_001375044.1	0	N/A	29.56	159	46	3.02e-15	79	poly(A) RNA polymerase GLD2 isoform 2 [Homo sapiens]	TRUE	TENT2
XP_001452853.1	NP_001375043.1	0	N/A	29.56	159	46	3.02e-15	79	poly(A) RNA polymerase GLD2 isoform 2 [Homo sapiens]	TRUE	TENT2
XP_001452853.1	NP_001336483.1	0	N/A	29.56	159	46	3.02e-15	79	poly(A) RNA polymerase GLD2 isoform 2 [Homo sapiens]	TRUE	TENT2
XP_001452853.1	NP_001284673.1	0	N/A	29.56	159	46	3.02e-15	79	poly(A) RNA polymerase GLD2 isoform 2 [Homo sapiens]	TRUE	TENT2
XP_001452853.1	XP_047272818.1	0	N/A	29.63	162	46	4.04e-15	77.8	poly(A) RNA polymerase GLD2 isoform X10 [Homo sapiens]	TRUE	TENT2
XP_001452853.1	NP_001375029.1	0	N/A	31.169	154	43	4.42e-15	78.2	poly(A) RNA polymerase GLD2 isoform 8 [Homo sapiens]	TRUE	TENT2
XP_001452853.1	NP_001375028.1	0	N/A	31.169	154	43	4.42e-15	78.2	poly(A) RNA polymerase GLD2 isoform 8 [Homo sapiens]	TRUE	TENT2
XP_001452853.1	NP_001375060.1	0	N/A	29.448	163	46	7.9e-15	77.4	poly(A) RNA polymerase GLD2 isoform 11 [Homo sapiens]	TRUE	TENT2
XP_001452853.1	XP_047272808.1	0	N/A	29.448	163	46	9.74e-15	77.4	poly(A) RNA polymerase GLD2 isoform X3 [Homo sapiens]	TRUE	TENT2
XP_001452853.1	XP_047272807.1	0	N/A	29.448	163	46	9.74e-15	77.4	poly(A) RNA polymerase GLD2 isoform X3 [Homo sapiens]	TRUE	TENT2
XP_001452853.1	XP_047272806.1	0	N/A	29.448	163	46	9.74e-15	77.4	poly(A) RNA polymerase GLD2 isoform X3 [Homo sapiens]	TRUE	TENT2
XP_001452853.1	NP_776158.2	0	N/A	29.448	163	46	9.74e-15	77.4	poly(A) RNA polymerase GLD2 isoform 1 [Homo sapiens]	TRUE	TENT2
XP_001452853.1	NP_001375041.1	0	N/A	29.448	163	46	9.74e-15	77.4	poly(A) RNA polymerase GLD2 isoform 1 [Homo sapiens]	TRUE	TENT2
XP_001452853.1	NP_001375040.1	0	N/A	29.448	163	46	9.74e-15	77.4	poly(A) RNA polymerase GLD2 isoform 1 [Homo sapiens]	TRUE	TENT2
XP_001452853.1	NP_001375039.1	0	N/A	29.448	163	46	9.74e-15	77.4	poly(A) RNA polymerase GLD2 isoform 1 [Homo sapiens]	TRUE	TENT2
XP_001452853.1	NP_001375038.1	0	N/A	29.448	163	46	9.74e-15	77.4	poly(A) RNA polymerase GLD2 isoform 1 [Homo sapiens]	TRUE	TENT2
XP_001452853.1	NP_001375037.1	0	N/A	29.448	163	46	9.74e-15	77.4	poly(A) RNA polymerase GLD2 isoform 1 [Homo sapiens]	TRUE	TENT2
XP_001452853.1	NP_001375036.1	0	N/A	29.448	163	46	9.74e-15	77.4	poly(A) RNA polymerase GLD2 isoform 1 [Homo sapiens]	TRUE	TENT2
XP_001452853.1	NP_001375035.1	0	N/A	29.448	163	46	9.74e-15	77.4	poly(A) RNA polymerase GLD2 isoform 1 [Homo sapiens]	TRUE	TENT2
XP_001452853.1	NP_001375034.1	0	N/A	29.448	163	46	9.74e-15	77.4	poly(A) RNA polymerase GLD2 isoform 1 [Homo sapiens]	TRUE	TENT2
XP_001452853.1	NP_001375032.1	0	N/A	29.448	163	46	9.74e-15	77.4	poly(A) RNA polymerase GLD2 isoform 1 [Homo sapiens]	TRUE	TENT2
XP_001452853.1	NP_001375031.1	0	N/A	29.448	163	46	9.74e-15	77.4	poly(A) RNA polymerase GLD2 isoform 1 [Homo sapiens]	TRUE	TENT2
XP_001452853.1	NP_001336482.1	0	N/A	29.448	163	46	9.74e-15	77.4	poly(A) RNA polymerase GLD2 isoform 1 [Homo sapiens]	TRUE	TENT2
XP_001452853.1	NP_001336481.1	0	N/A	29.448	163	46	9.74e-15	77.4	poly(A) RNA polymerase GLD2 isoform 1 [Homo sapiens]	TRUE	TENT2
XP_001452853.1	NP_001107866.1	0	N/A	29.448	163	46	9.74e-15	77.4	poly(A) RNA polymerase GLD2 isoform 1 [Homo sapiens]	TRUE	TENT2
XP_001452853.1	NP_001107865.1	0	N/A	29.448	163	46	9.74e-15	77.4	poly(A) RNA polymerase GLD2 isoform 1 [Homo sapiens]	TRUE	TENT2
XP_001452853.1	NP_001375042.1	0	N/A	29.448	163	46	9.99e-15	77.4	poly(A) RNA polymerase GLD2 isoform 16 [Homo sapiens]	TRUE	TENT2
XP_001452853.1	XP_047272817.1	0	N/A	29.444	180	46	7.96e-14	73.9	poly(A) RNA polymerase GLD2 isoform X9 [Homo sapiens]	TRUE	TENT2
XP_001452853.1	XP_047272816.1	0	N/A	28.804	184	46	1.41e-13	73.2	poly(A) RNA polymerase GLD2 isoform X8 [Homo sapiens]	TRUE	TENT2
XP_001452853.1	XP_047272805.1	0	N/A	29.282	181	46	1.46e-13	73.9	poly(A) RNA polymerase GLD2 isoform X2 [Homo sapiens]	TRUE	TENT2
XP_001452853.1	XP_047272804.1	0	N/A	29.282	181	46	1.46e-13	73.9	poly(A) RNA polymerase GLD2 isoform X2 [Homo sapiens]	TRUE	TENT2
XP_001452853.1	XP_047272803.1	0	N/A	29.282	181	46	1.46e-13	73.9	poly(A) RNA polymerase GLD2 isoform X2 [Homo sapiens]	TRUE	TENT2
XP_001452853.1	XP_047272802.1	0	N/A	29.282	181	46	1.46e-13	73.9	poly(A) RNA polymerase GLD2 isoform X2 [Homo sapiens]	TRUE	TENT2
XP_001452853.1	XP_016864641.1	0	N/A	29.282	181	46	1.46e-13	73.9	poly(A) RNA polymerase GLD2 isoform X2 [Homo sapiens]	TRUE	TENT2
XP_001452853.1	NP_001375026.1	0	N/A	29.282	181	46	1.46e-13	73.9	poly(A) RNA polymerase GLD2 isoform 6 [Homo sapiens]	TRUE	TENT2
XP_001452853.1	NP_001375025.1	0	N/A	29.282	181	46	1.46e-13	73.9	poly(A) RNA polymerase GLD2 isoform 6 [Homo sapiens]	TRUE	TENT2
XP_001452853.1	NP_001375024.1	0	N/A	29.282	181	46	1.46e-13	73.9	poly(A) RNA polymerase GLD2 isoform 6 [Homo sapiens]	TRUE	TENT2
XP_001452853.1	NP_001336480.1	0	N/A	29.282	181	46	1.46e-13	73.9	poly(A) RNA polymerase GLD2 isoform 6 [Homo sapiens]	TRUE	TENT2
XP_001452853.1	NP_001375027.1	0	N/A	29.282	181	46	1.47e-13	73.9	poly(A) RNA polymerase GLD2 isoform 7 [Homo sapiens]	TRUE	TENT2
XP_001452853.1	XP_047272801.1	0	N/A	28.649	185	46	2.79e-13	72.8	poly(A) RNA polymerase GLD2 isoform X1 [Homo sapiens]	TRUE	TENT2
XP_001452853.1	XP_047272800.1	0	N/A	28.649	185	46	2.79e-13	72.8	poly(A) RNA polymerase GLD2 isoform X1 [Homo sapiens]	TRUE	TENT2
XP_001452853.1	XP_011541527.1	0	N/A	28.649	185	46	2.79e-13	72.8	poly(A) RNA polymerase GLD2 isoform X1 [Homo sapiens]	TRUE	TENT2
XP_001452853.1	XP_011541526.1	0	N/A	28.649	185	46	2.79e-13	72.8	poly(A) RNA polymerase GLD2 isoform X1 [Homo sapiens]	TRUE	TENT2
XP_001452853.1	XP_011541523.1	0	N/A	28.649	185	46	2.79e-13	72.8	poly(A) RNA polymerase GLD2 isoform X1 [Homo sapiens]	TRUE	TENT2
XP_001452853.1	XP_011541522.1	0	N/A	28.649	185	46	2.79e-13	72.8	poly(A) RNA polymerase GLD2 isoform X1 [Homo sapiens]	TRUE	TENT2
XP_001452853.1	NP_001375023.1	0	N/A	28.649	185	46	2.79e-13	72.8	poly(A) RNA polymerase GLD2 isoform 5 [Homo sapiens]	TRUE	TENT2
XP_001452853.1	NP_001375022.1	0	N/A	28.649	185	46	2.79e-13	72.8	poly(A) RNA polymerase GLD2 isoform 5 [Homo sapiens]	TRUE	TENT2
XP_001452853.1	NP_001336479.1	0	N/A	28.649	185	46	2.79e-13	72.8	poly(A) RNA polymerase GLD2 isoform 5 [Homo sapiens]	TRUE	TENT2
XP_001452853.1	NP_001336478.1	0	N/A	28.649	185	46	2.79e-13	72.8	poly(A) RNA polymerase GLD2 isoform 5 [Homo sapiens]	TRUE	TENT2
XP_001452853.1	XP_047272286.1	0	N/A	30.085	236	65	3.2e-13	73.2	terminal uridylyltransferase 4 isoform X8 [Homo sapiens]	TRUE	Tut4
XP_001452853.1	XP_047272290.1	0	N/A	30.085	236	65	3.29e-13	73.2	terminal uridylyltransferase 4 isoform X11 [Homo sapiens]	TRUE	Tut4
XP_001452853.1	XP_047272283.1	0	N/A	30.085	236	65	3.42e-13	73.2	terminal uridylyltransferase 4 isoform X6 [Homo sapiens]	TRUE	Tut4
XP_001452853.1	XP_005270737.1	0	N/A	30.085	236	65	3.42e-13	73.2	terminal uridylyltransferase 4 isoform X6 [Homo sapiens]	TRUE	Tut4
XP_001452853.1	XP_047272282.1	0	N/A	30.085	236	65	3.55e-13	73.2	terminal uridylyltransferase 4 isoform X5 [Homo sapiens]	TRUE	Tut4
XP_001452853.1	NP_056084.1	0	N/A	30.085	236	65	3.55e-13	73.2	terminal uridylyltransferase 4 isoform b [Homo sapiens]	TRUE	Tut4
XP_001452853.1	XP_047272280.1	0	N/A	30.085	236	65	3.55e-13	73.2	terminal uridylyltransferase 4 isoform X3 [Homo sapiens]	TRUE	Tut4
XP_001452853.1	XP_005270736.1	0	N/A	30.085	236	65	3.55e-13	73.2	terminal uridylyltransferase 4 isoform X3 [Homo sapiens]	TRUE	Tut4
XP_001452853.1	XP_047272344.1	0	N/A	30.085	236	65	3.61e-13	73.2	terminal uridylyltransferase 4 isoform X30 [Homo sapiens]	TRUE	Tut4
XP_001452853.1	XP_047272305.1	0	N/A	30.213	235	64	3.67e-13	73.2	terminal uridylyltransferase 4 isoform X17 [Homo sapiens]	TRUE	Tut4
XP_001452853.1	XP_011539401.1	0	N/A	30.085	236	65	3.68e-13	73.2	terminal uridylyltransferase 4 isoform X29 [Homo sapiens]	TRUE	Tut4
XP_001452853.1	XP_005270735.1	0	N/A	30.085	236	65	3.68e-13	73.2	terminal uridylyltransferase 4 isoform X2 [Homo sapiens]	TRUE	Tut4
XP_001452853.1	XP_047272281.1	0	N/A	30.085	236	65	3.71e-13	73.2	terminal uridylyltransferase 4 isoform X4 [Homo sapiens]	TRUE	Tut4
XP_001452853.1	NP_001009881.1	0	N/A	30.085	236	65	3.71e-13	73.2	terminal uridylyltransferase 4 isoform a [Homo sapiens]	TRUE	Tut4
XP_001452853.1	XP_047272295.1	0	N/A	30.213	235	64	3.74e-13	73.2	terminal uridylyltransferase 4 isoform X12 [Homo sapiens]	TRUE	Tut4
XP_001452853.1	XP_011539399.1	0	N/A	30.085	236	65	3.75e-13	73.2	terminal uridylyltransferase 4 isoform X1 [Homo sapiens]	TRUE	Tut4
XP_001452853.1	XP_005270733.1	0	N/A	30.085	236	65	3.75e-13	73.2	terminal uridylyltransferase 4 isoform X1 [Homo sapiens]	TRUE	Tut4
XP_001452853.1	XP_016856295.1	0	N/A	30.085	236	65	3.76e-13	73.2	terminal uridylyltransferase 4 isoform X25 [Homo sapiens]	TRUE	Tut4
XP_001452853.1	XP_047272345.1	0	N/A	30.085	236	65	3.81e-13	73.2	terminal uridylyltransferase 4 isoform X31 [Homo sapiens]	TRUE	Tut4
XP_001452853.1	XP_047272365.1	0	N/A	30.213	235	64	3.84e-13	73.2	terminal uridylyltransferase 4 isoform X38 [Homo sapiens]	TRUE	Tut4
XP_001452853.1	XP_047272285.1	0	N/A	30.085	236	65	3.84e-13	73.2	terminal uridylyltransferase 4 isoform X7 [Homo sapiens]	TRUE	Tut4
XP_001452853.1	XP_047272296.1	0	N/A	30.213	235	64	3.95e-13	73.2	terminal uridylyltransferase 4 isoform X13 [Homo sapiens]	TRUE	Tut4
XP_001452853.1	XP_047272372.1	0	N/A	30.213	235	64	3.97e-13	73.2	terminal uridylyltransferase 4 isoform X42 [Homo sapiens]	TRUE	Tut4
XP_001452853.1	XP_005270739.1	0	N/A	30.085	236	65	3.99e-13	73.2	terminal uridylyltransferase 4 isoform X33 [Homo sapiens]	TRUE	Tut4
XP_001452853.1	XP_016856299.1	0	N/A	30.213	235	64	4.02e-13	73.2	terminal uridylyltransferase 4 isoform X40 [Homo sapiens]	TRUE	Tut4
XP_001452853.1	XP_016856297.1	0	N/A	30.085	236	65	4.02e-13	73.2	terminal uridylyltransferase 4 isoform X36 [Homo sapiens]	TRUE	Tut4
XP_001452853.1	XP_047272350.1	0	N/A	30.213	235	64	4.06e-13	72.8	terminal uridylyltransferase 4 isoform X34 [Homo sapiens]	TRUE	Tut4
XP_001452853.1	XP_047272384.1	0	N/A	30.085	236	65	4.08e-13	72.8	terminal uridylyltransferase 4 isoform X46 [Homo sapiens]	TRUE	Tut4
XP_001452853.1	XP_047272337.1	0	N/A	30.213	235	64	4.11e-13	72.8	terminal uridylyltransferase 4 isoform X27 [Homo sapiens]	TRUE	Tut4
XP_001452853.1	XP_016856296.1	0	N/A	30.213	235	64	4.18e-13	72.8	terminal uridylyltransferase 4 isoform X28 [Homo sapiens]	TRUE	Tut4
XP_001453418.1	NP_001035374.2	0	N/A	25.17	294	45	1.03e-09	64.3	terminal nucleotidyltransferase 4B isoform a [Homo sapiens]	TRUE	TENT4B
XP_001453418.1	XP_011521577.1	0	N/A	25.17	294	45	1.03e-09	64.3	terminal nucleotidyltransferase 4B isoform X1 [Homo sapiens]	TRUE	TENT4B
XP_001453418.1	XP_047272622.1	0	N/A	26.16	237	36	1.14e-09	63.9	terminal nucleotidyltransferase 4A isoform X1 [Homo sapiens]	TRUE	TENT4A
XP_001453418.1	XP_047272621.1	0	N/A	26.16	237	36	1.14e-09	63.9	terminal nucleotidyltransferase 4A isoform X1 [Homo sapiens]	TRUE	TENT4A
XP_001453418.1	XP_047272620.1	0	N/A	26.16	237	36	1.14e-09	63.9	terminal nucleotidyltransferase 4A isoform X1 [Homo sapiens]	TRUE	TENT4A
XP_001453418.1	XP_047272624.1	0	N/A	26.16	237	36	1.14e-09	63.9	terminal nucleotidyltransferase 4A isoform X3 [Homo sapiens]	TRUE	TENT4A
XP_001453418.1	XP_047272623.1	0	N/A	26.16	237	36	1.14e-09	63.9	terminal nucleotidyltransferase 4A isoform X2 [Homo sapiens]	TRUE	TENT4A
XP_001453418.1	XP_016864477.1	0	N/A	26.16	237	36	1.14e-09	63.9	terminal nucleotidyltransferase 4A isoform X2 [Homo sapiens]	TRUE	TENT4A
XP_001453418.1	NP_001035375.2	0	N/A	25.17	294	45	1.25e-09	63.9	terminal nucleotidyltransferase 4B isoform b [Homo sapiens]	TRUE	TENT4B
XP_001453418.1	XP_011521578.1	0	N/A	25.17	294	45	1.26e-09	63.9	terminal nucleotidyltransferase 4B isoform X2 [Homo sapiens]	TRUE	TENT4B
XP_001453418.1	NP_001352253.1	0	N/A	25.17	294	45	1.74e-09	63.5	terminal nucleotidyltransferase 4B isoform d [Homo sapiens]	TRUE	TENT4B
XP_001453418.1	NP_008930.2	0	N/A	26.16	237	36	1.87e-09	63.5	terminal nucleotidyltransferase 4A isoform 1 [Homo sapiens]	TRUE	TENT4A
XP_001453418.1	NP_001165276.2	0	N/A	26.16	237	36	1.9e-09	63.5	terminal nucleotidyltransferase 4A isoform 2 [Homo sapiens]	TRUE	TENT4A
XP_001453418.1	NP_001352252.1	0	N/A	25.17	294	45	1.99e-09	63.2	terminal nucleotidyltransferase 4B isoform c [Homo sapiens]	TRUE	TENT4B
XP_001453418.1	XP_047290431.1	0	N/A	25.17	294	45	2.27e-09	63.2	terminal nucleotidyltransferase 4B isoform X3 [Homo sapiens]	TRUE	TENT4B
XP_001453418.1	XP_047290432.1	0	N/A	25.17	294	45	2.67e-09	62.8	terminal nucleotidyltransferase 4B isoform X4 [Homo sapiens]	TRUE	TENT4B
XP_001453418.1	XP_011521580.1	0	N/A	24.549	277	42	3.17e-09	62.4	terminal nucleotidyltransferase 4B isoform X5 [Homo sapiens]	TRUE	TENT4B
XP_001453418.1	XP_047290433.1	0	N/A	24.549	277	42	4.19e-09	62	terminal nucleotidyltransferase 4B isoform X6 [Homo sapiens]	TRUE	TENT4B
XP_001459083.1	XP_047290433.1	0	N/A	31.31	313	81	9.16e-41	151	terminal nucleotidyltransferase 4B isoform X6 [Homo sapiens]	TRUE	TENT4B
XP_001459083.1	XP_047290432.1	0	N/A	31.003	329	85	2.3e-40	152	terminal nucleotidyltransferase 4B isoform X4 [Homo sapiens]	TRUE	TENT4B
XP_001459083.1	XP_011521580.1	0	N/A	31.31	313	81	2.58e-40	151	terminal nucleotidyltransferase 4B isoform X5 [Homo sapiens]	TRUE	TENT4B
XP_001459083.1	NP_001035375.2	0	N/A	31.003	329	85	3.1e-40	152	terminal nucleotidyltransferase 4B isoform b [Homo sapiens]	TRUE	TENT4B
XP_001459083.1	XP_011521578.1	0	N/A	31.003	329	85	3.12e-40	152	terminal nucleotidyltransferase 4B isoform X2 [Homo sapiens]	TRUE	TENT4B
XP_001459083.1	XP_047290431.1	0	N/A	31.003	329	85	3.39e-40	152	terminal nucleotidyltransferase 4B isoform X3 [Homo sapiens]	TRUE	TENT4B
XP_001459083.1	NP_001352252.1	0	N/A	31.003	329	85	3.4e-40	152	terminal nucleotidyltransferase 4B isoform c [Homo sapiens]	TRUE	TENT4B
XP_001459083.1	NP_001035374.2	0	N/A	31.003	329	85	3.9e-40	152	terminal nucleotidyltransferase 4B isoform a [Homo sapiens]	TRUE	TENT4B
XP_001459083.1	XP_011521577.1	0	N/A	31.003	329	85	3.93e-40	152	terminal nucleotidyltransferase 4B isoform X1 [Homo sapiens]	TRUE	TENT4B
XP_001459083.1	NP_001352253.1	0	N/A	31.003	329	85	4.46e-40	152	terminal nucleotidyltransferase 4B isoform d [Homo sapiens]	TRUE	TENT4B
XP_001459083.1	NP_008930.2	0	N/A	29.231	325	83	9e-36	140	terminal nucleotidyltransferase 4A isoform 1 [Homo sapiens]	TRUE	TENT4A
XP_001459083.1	NP_001165276.2	0	N/A	29.091	330	84	9.16e-36	140	terminal nucleotidyltransferase 4A isoform 2 [Homo sapiens]	TRUE	TENT4A
XP_001459083.1	XP_047272622.1	0	N/A	28.339	307	78	1.46e-31	127	terminal nucleotidyltransferase 4A isoform X1 [Homo sapiens]	TRUE	TENT4A
XP_001459083.1	XP_047272621.1	0	N/A	28.339	307	78	1.46e-31	127	terminal nucleotidyltransferase 4A isoform X1 [Homo sapiens]	TRUE	TENT4A
XP_001459083.1	XP_047272620.1	0	N/A	28.339	307	78	1.46e-31	127	terminal nucleotidyltransferase 4A isoform X1 [Homo sapiens]	TRUE	TENT4A
XP_001459083.1	XP_047272623.1	0	N/A	28.522	291	74	5.71e-30	122	terminal nucleotidyltransferase 4A isoform X2 [Homo sapiens]	TRUE	TENT4A
XP_001459083.1	XP_016864477.1	0	N/A	28.522	291	74	5.71e-30	122	terminal nucleotidyltransferase 4A isoform X2 [Homo sapiens]	TRUE	TENT4A
XP_001459083.1	XP_047272624.1	0	N/A	28.522	291	74	6.37e-30	122	terminal nucleotidyltransferase 4A isoform X3 [Homo sapiens]	TRUE	TENT4A
XP_001459083.1	NP_001317647.1	0	N/A	23.415	205	55	1.61e-10	65.1	terminal uridylyltransferase 7 isoform 3 [Homo sapiens]	TRUE	Tut7
XP_001459083.1	XP_005252265.1	0	N/A	23.415	205	55	1.74e-10	65.1	terminal uridylyltransferase 7 isoform X7 [Homo sapiens]	TRUE	Tut7
XP_001459083.1	XP_011517316.1	0	N/A	23.415	205	55	1.74e-10	65.5	terminal uridylyltransferase 7 isoform X1 [Homo sapiens]	TRUE	Tut7
XP_001459083.1	XP_011517315.1	0	N/A	23.415	205	55	1.74e-10	65.5	terminal uridylyltransferase 7 isoform X1 [Homo sapiens]	TRUE	Tut7
XP_001459083.1	XP_011517314.1	0	N/A	23.415	205	55	1.74e-10	65.5	terminal uridylyltransferase 7 isoform X1 [Homo sapiens]	TRUE	Tut7
XP_001459083.1	XP_011517313.1	0	N/A	23.415	205	55	1.74e-10	65.5	terminal uridylyltransferase 7 isoform X1 [Homo sapiens]	TRUE	Tut7
XP_001459083.1	XP_047279825.1	0	N/A	23.415	205	55	1.99e-10	65.1	terminal uridylyltransferase 7 isoform X6 [Homo sapiens]	TRUE	Tut7
XP_001459083.1	XP_047279824.1	0	N/A	23.415	205	55	1.99e-10	65.1	terminal uridylyltransferase 7 isoform X6 [Homo sapiens]	TRUE	Tut7
XP_001459083.1	XP_005252264.1	0	N/A	23.415	205	55	1.99e-10	65.1	terminal uridylyltransferase 7 isoform X6 [Homo sapiens]	TRUE	Tut7
XP_001459083.1	XP_011517317.1	0	N/A	23.415	205	55	2.04e-10	65.1	terminal uridylyltransferase 7 isoform X3 [Homo sapiens]	TRUE	Tut7
XP_001459083.1	XP_011517318.1	0	N/A	23.415	205	55	2.05e-10	65.1	terminal uridylyltransferase 7 isoform X5 [Homo sapiens]	TRUE	Tut7
XP_001459083.1	XP_016870620.1	0	N/A	23.415	205	55	2.28e-10	65.1	terminal uridylyltransferase 7 isoform X4 [Homo sapiens]	TRUE	Tut7
XP_001459083.1	XP_016870619.1	0	N/A	23.415	205	55	2.28e-10	65.1	terminal uridylyltransferase 7 isoform X4 [Homo sapiens]	TRUE	Tut7
XP_001459083.1	NP_078893.2	0	N/A	23.415	205	55	2.28e-10	65.1	terminal uridylyltransferase 7 isoform 1 [Homo sapiens]	TRUE	Tut7
XP_001459083.1	NP_001171988.1	0	N/A	23.415	205	55	2.28e-10	65.1	terminal uridylyltransferase 7 isoform 1 [Homo sapiens]	TRUE	Tut7
XP_001459083.1	XP_047279823.1	0	N/A	23.415	205	55	2.44e-10	64.7	terminal uridylyltransferase 7 isoform X2 [Homo sapiens]	TRUE	Tut7
XP_001459083.1	XP_006717346.1	0	N/A	23.415	205	55	2.44e-10	64.7	terminal uridylyltransferase 7 isoform X2 [Homo sapiens]	TRUE	Tut7
XP_001459083.1	XP_047272384.1	0	N/A	25.414	181	47	1.88e-08	58.9	terminal uridylyltransferase 4 isoform X46 [Homo sapiens]	TRUE	Tut4
XP_001459083.1	XP_005270739.1	0	N/A	25.414	181	47	2.31e-08	58.5	terminal uridylyltransferase 4 isoform X33 [Homo sapiens]	TRUE	Tut4
XP_001459083.1	XP_016856297.1	0	N/A	25.414	181	47	2.41e-08	58.5	terminal uridylyltransferase 4 isoform X36 [Homo sapiens]	TRUE	Tut4
XP_001459083.1	XP_005270735.1	0	N/A	25.414	181	47	2.42e-08	58.5	terminal uridylyltransferase 4 isoform X2 [Homo sapiens]	TRUE	Tut4
XP_001459083.1	XP_047272281.1	0	N/A	25.414	181	47	2.44e-08	58.5	terminal uridylyltransferase 4 isoform X4 [Homo sapiens]	TRUE	Tut4
XP_001459083.1	NP_001009881.1	0	N/A	25.414	181	47	2.44e-08	58.5	terminal uridylyltransferase 4 isoform a [Homo sapiens]	TRUE	Tut4
XP_001459083.1	XP_011539399.1	0	N/A	25.414	181	47	2.44e-08	58.5	terminal uridylyltransferase 4 isoform X1 [Homo sapiens]	TRUE	Tut4
XP_001459083.1	XP_005270733.1	0	N/A	25.414	181	47	2.44e-08	58.5	terminal uridylyltransferase 4 isoform X1 [Homo sapiens]	TRUE	Tut4
XP_001459083.1	XP_047272280.1	0	N/A	25.414	181	47	2.46e-08	58.5	terminal uridylyltransferase 4 isoform X3 [Homo sapiens]	TRUE	Tut4
XP_001459083.1	XP_005270736.1	0	N/A	25.414	181	47	2.46e-08	58.5	terminal uridylyltransferase 4 isoform X3 [Homo sapiens]	TRUE	Tut4
XP_001459083.1	XP_047272283.1	0	N/A	25.414	181	47	2.48e-08	58.5	terminal uridylyltransferase 4 isoform X6 [Homo sapiens]	TRUE	Tut4
XP_001459083.1	XP_005270737.1	0	N/A	25.414	181	47	2.48e-08	58.5	terminal uridylyltransferase 4 isoform X6 [Homo sapiens]	TRUE	Tut4
XP_001459083.1	XP_047272282.1	0	N/A	25.414	181	47	2.5e-08	58.5	terminal uridylyltransferase 4 isoform X5 [Homo sapiens]	TRUE	Tut4
XP_001459083.1	NP_056084.1	0	N/A	25.414	181	47	2.5e-08	58.5	terminal uridylyltransferase 4 isoform b [Homo sapiens]	TRUE	Tut4
XP_001459083.1	XP_047272285.1	0	N/A	25.414	181	47	2.54e-08	58.5	terminal uridylyltransferase 4 isoform X7 [Homo sapiens]	TRUE	Tut4
XP_001459083.1	XP_047272345.1	0	N/A	25.414	181	47	2.55e-08	58.5	terminal uridylyltransferase 4 isoform X31 [Homo sapiens]	TRUE	Tut4
XP_001459083.1	XP_011539401.1	0	N/A	25.414	181	47	2.57e-08	58.5	terminal uridylyltransferase 4 isoform X29 [Homo sapiens]	TRUE	Tut4
XP_001459083.1	XP_016856296.1	0	N/A	25.414	181	47	2.58e-08	58.5	terminal uridylyltransferase 4 isoform X28 [Homo sapiens]	TRUE	Tut4
XP_001459083.1	XP_016856292.1	0	N/A	25.414	181	47	2.61e-08	58.5	terminal uridylyltransferase 4 isoform X9 [Homo sapiens]	TRUE	Tut4
XP_001459083.1	XP_047272337.1	0	N/A	25.414	181	47	2.67e-08	58.5	terminal uridylyltransferase 4 isoform X27 [Homo sapiens]	TRUE	Tut4
XP_001459083.1	XP_047272325.1	0	N/A	25.414	181	47	2.67e-08	58.5	terminal uridylyltransferase 4 isoform X23 [Homo sapiens]	TRUE	Tut4
XP_001459083.1	XP_047272288.1	0	N/A	25.414	181	47	2.73e-08	58.5	terminal uridylyltransferase 4 isoform X10 [Homo sapiens]	TRUE	Tut4
XP_001459083.1	XP_016856295.1	0	N/A	25.414	181	47	2.77e-08	58.5	terminal uridylyltransferase 4 isoform X25 [Homo sapiens]	TRUE	Tut4
XP_001459083.1	XP_016856299.1	0	N/A	25.414	181	47	2.8e-08	58.5	terminal uridylyltransferase 4 isoform X40 [Homo sapiens]	TRUE	Tut4
XP_001459083.1	XP_047272365.1	0	N/A	25.414	181	47	2.9e-08	58.2	terminal uridylyltransferase 4 isoform X38 [Homo sapiens]	TRUE	Tut4
XP_001459083.1	XP_016856293.1	0	N/A	25.414	181	47	2.98e-08	58.2	terminal uridylyltransferase 4 isoform X16 [Homo sapiens]	TRUE	Tut4
XP_001459083.1	NP_001375061.1	0	N/A	21.408	341	83	3.57e-08	57.4	poly(A) RNA polymerase GLD2 isoform 12 [Homo sapiens]	TRUE	TENT2
XP_001459083.1	NP_001375059.1	0	N/A	21.408	341	83	4.59e-08	57	poly(A) RNA polymerase GLD2 isoform 10 [Homo sapiens]	TRUE	TENT2
XP_001459083.1	XP_047272811.1	0	N/A	21.408	341	83	4.89e-08	57	poly(A) RNA polymerase GLD2 isoform X4 [Homo sapiens]	TRUE	TENT2
XP_001459083.1	XP_047272810.1	0	N/A	21.408	341	83	4.89e-08	57	poly(A) RNA polymerase GLD2 isoform X4 [Homo sapiens]	TRUE	TENT2
XP_001459083.1	XP_047272809.1	0	N/A	21.408	341	83	4.89e-08	57	poly(A) RNA polymerase GLD2 isoform X4 [Homo sapiens]	TRUE	TENT2
XP_001459083.1	NP_001375058.1	0	N/A	21.408	341	83	4.89e-08	57	poly(A) RNA polymerase GLD2 isoform 2 [Homo sapiens]	TRUE	TENT2
XP_001459083.1	NP_001375057.1	0	N/A	21.408	341	83	4.89e-08	57	poly(A) RNA polymerase GLD2 isoform 2 [Homo sapiens]	TRUE	TENT2
XP_001459083.1	NP_001375056.1	0	N/A	21.408	341	83	4.89e-08	57	poly(A) RNA polymerase GLD2 isoform 2 [Homo sapiens]	TRUE	TENT2
XP_001459083.1	NP_001375055.1	0	N/A	21.408	341	83	4.89e-08	57	poly(A) RNA polymerase GLD2 isoform 2 [Homo sapiens]	TRUE	TENT2
XP_001459083.1	NP_001375054.1	0	N/A	21.408	341	83	4.89e-08	57	poly(A) RNA polymerase GLD2 isoform 2 [Homo sapiens]	TRUE	TENT2
XP_001459083.1	NP_001375053.1	0	N/A	21.408	341	83	4.89e-08	57	poly(A) RNA polymerase GLD2 isoform 2 [Homo sapiens]	TRUE	TENT2
XP_001459083.1	NP_001375052.1	0	N/A	21.408	341	83	4.89e-08	57	poly(A) RNA polymerase GLD2 isoform 2 [Homo sapiens]	TRUE	TENT2
XP_001459083.1	NP_001375051.1	0	N/A	21.408	341	83	4.89e-08	57	poly(A) RNA polymerase GLD2 isoform 2 [Homo sapiens]	TRUE	TENT2
XP_001459083.1	NP_001375050.1	0	N/A	21.408	341	83	4.89e-08	57	poly(A) RNA polymerase GLD2 isoform 2 [Homo sapiens]	TRUE	TENT2
XP_001459083.1	NP_001375049.1	0	N/A	21.408	341	83	4.89e-08	57	poly(A) RNA polymerase GLD2 isoform 2 [Homo sapiens]	TRUE	TENT2
XP_001459083.1	NP_001375048.1	0	N/A	21.408	341	83	4.89e-08	57	poly(A) RNA polymerase GLD2 isoform 2 [Homo sapiens]	TRUE	TENT2
XP_001459083.1	NP_001375047.1	0	N/A	21.408	341	83	4.89e-08	57	poly(A) RNA polymerase GLD2 isoform 2 [Homo sapiens]	TRUE	TENT2
XP_001459083.1	NP_001375046.1	0	N/A	21.408	341	83	4.89e-08	57	poly(A) RNA polymerase GLD2 isoform 2 [Homo sapiens]	TRUE	TENT2
XP_001459083.1	NP_001375045.1	0	N/A	21.408	341	83	4.89e-08	57	poly(A) RNA polymerase GLD2 isoform 2 [Homo sapiens]	TRUE	TENT2
XP_001459083.1	NP_001375044.1	0	N/A	21.408	341	83	4.89e-08	57	poly(A) RNA polymerase GLD2 isoform 2 [Homo sapiens]	TRUE	TENT2
XP_001459083.1	NP_001375043.1	0	N/A	21.408	341	83	4.89e-08	57	poly(A) RNA polymerase GLD2 isoform 2 [Homo sapiens]	TRUE	TENT2
XP_001459083.1	NP_001336483.1	0	N/A	21.408	341	83	4.89e-08	57	poly(A) RNA polymerase GLD2 isoform 2 [Homo sapiens]	TRUE	TENT2
XP_001459083.1	NP_001284673.1	0	N/A	21.408	341	83	4.89e-08	57	poly(A) RNA polymerase GLD2 isoform 2 [Homo sapiens]	TRUE	TENT2
XP_001459083.1	NP_001375060.1	0	N/A	21.449	345	83	1.11e-07	55.8	poly(A) RNA polymerase GLD2 isoform 11 [Homo sapiens]	TRUE	TENT2
XP_001459083.1	NP_001375065.1	0	N/A	21.122	303	74	1.25e-07	55.5	poly(A) RNA polymerase GLD2 isoform 14 [Homo sapiens]	TRUE	TENT2
XP_001459083.1	NP_001375042.1	0	N/A	21.449	345	83	1.29e-07	55.8	poly(A) RNA polymerase GLD2 isoform 16 [Homo sapiens]	TRUE	TENT2
XP_001459083.1	XP_047272808.1	0	N/A	21.449	345	83	1.38e-07	55.8	poly(A) RNA polymerase GLD2 isoform X3 [Homo sapiens]	TRUE	TENT2
XP_001459083.1	XP_047272807.1	0	N/A	21.449	345	83	1.38e-07	55.8	poly(A) RNA polymerase GLD2 isoform X3 [Homo sapiens]	TRUE	TENT2
XP_001459083.1	XP_047272806.1	0	N/A	21.449	345	83	1.38e-07	55.8	poly(A) RNA polymerase GLD2 isoform X3 [Homo sapiens]	TRUE	TENT2
XP_001459083.1	NP_776158.2	0	N/A	21.449	345	83	1.38e-07	55.8	poly(A) RNA polymerase GLD2 isoform 1 [Homo sapiens]	TRUE	TENT2
XP_001459083.1	NP_001375041.1	0	N/A	21.449	345	83	1.38e-07	55.8	poly(A) RNA polymerase GLD2 isoform 1 [Homo sapiens]	TRUE	TENT2
XP_001459083.1	NP_001375040.1	0	N/A	21.449	345	83	1.38e-07	55.8	poly(A) RNA polymerase GLD2 isoform 1 [Homo sapiens]	TRUE	TENT2
XP_001459083.1	NP_001375039.1	0	N/A	21.449	345	83	1.38e-07	55.8	poly(A) RNA polymerase GLD2 isoform 1 [Homo sapiens]	TRUE	TENT2
XP_001459083.1	NP_001375038.1	0	N/A	21.449	345	83	1.38e-07	55.8	poly(A) RNA polymerase GLD2 isoform 1 [Homo sapiens]	TRUE	TENT2
XP_001459083.1	NP_001375037.1	0	N/A	21.449	345	83	1.38e-07	55.8	poly(A) RNA polymerase GLD2 isoform 1 [Homo sapiens]	TRUE	TENT2
XP_001459083.1	NP_001375036.1	0	N/A	21.449	345	83	1.38e-07	55.8	poly(A) RNA polymerase GLD2 isoform 1 [Homo sapiens]	TRUE	TENT2
XP_001459083.1	NP_001375035.1	0	N/A	21.449	345	83	1.38e-07	55.8	poly(A) RNA polymerase GLD2 isoform 1 [Homo sapiens]	TRUE	TENT2
XP_001459083.1	NP_001375034.1	0	N/A	21.449	345	83	1.38e-07	55.8	poly(A) RNA polymerase GLD2 isoform 1 [Homo sapiens]	TRUE	TENT2
XP_001459083.1	NP_001375032.1	0	N/A	21.449	345	83	1.38e-07	55.8	poly(A) RNA polymerase GLD2 isoform 1 [Homo sapiens]	TRUE	TENT2
XP_001459703.1	XP_047290431.1	0	N/A	25.168	298	45	5.99e-18	90.5	terminal nucleotidyltransferase 4B isoform X3 [Homo sapiens]	TRUE	TENT4B
XP_001459703.1	NP_001352252.1	0	N/A	25.168	298	45	6.55e-18	90.5	terminal nucleotidyltransferase 4B isoform c [Homo sapiens]	TRUE	TENT4B
XP_001459703.1	NP_001352253.1	0	N/A	25.168	298	45	6.58e-18	90.5	terminal nucleotidyltransferase 4B isoform d [Homo sapiens]	TRUE	TENT4B
XP_001459703.1	XP_047290432.1	0	N/A	25.168	298	45	7e-18	90.1	terminal nucleotidyltransferase 4B isoform X4 [Homo sapiens]	TRUE	TENT4B
XP_001459703.1	NP_001035374.2	0	N/A	25.424	295	44	7.79e-18	90.1	terminal nucleotidyltransferase 4B isoform a [Homo sapiens]	TRUE	TENT4B
XP_001459703.1	XP_011521577.1	0	N/A	25.424	295	44	7.81e-18	90.1	terminal nucleotidyltransferase 4B isoform X1 [Homo sapiens]	TRUE	TENT4B
XP_001459703.1	NP_001035375.2	0	N/A	25.424	295	44	8.56e-18	90.1	terminal nucleotidyltransferase 4B isoform b [Homo sapiens]	TRUE	TENT4B
XP_001459703.1	XP_011521578.1	0	N/A	25.424	295	44	8.58e-18	90.1	terminal nucleotidyltransferase 4B isoform X2 [Homo sapiens]	TRUE	TENT4B
XP_001459703.1	XP_047290433.1	0	N/A	24.555	281	42	2.57e-17	87.8	terminal nucleotidyltransferase 4B isoform X6 [Homo sapiens]	TRUE	TENT4B
XP_001459703.1	XP_011521580.1	0	N/A	25.177	282	42	3.01e-17	87.8	terminal nucleotidyltransferase 4B isoform X5 [Homo sapiens]	TRUE	TENT4B
XP_001459703.1	XP_047272622.1	0	N/A	23.828	256	39	1.84e-14	79	terminal nucleotidyltransferase 4A isoform X1 [Homo sapiens]	TRUE	TENT4A
XP_001459703.1	XP_047272621.1	0	N/A	23.828	256	39	1.84e-14	79	terminal nucleotidyltransferase 4A isoform X1 [Homo sapiens]	TRUE	TENT4A
XP_001459703.1	XP_047272620.1	0	N/A	23.828	256	39	1.84e-14	79	terminal nucleotidyltransferase 4A isoform X1 [Homo sapiens]	TRUE	TENT4A
XP_001459703.1	XP_047272623.1	0	N/A	23.828	256	39	2.08e-14	79	terminal nucleotidyltransferase 4A isoform X2 [Homo sapiens]	TRUE	TENT4A
XP_001459703.1	XP_016864477.1	0	N/A	23.828	256	39	2.08e-14	79	terminal nucleotidyltransferase 4A isoform X2 [Homo sapiens]	TRUE	TENT4A
XP_001459703.1	XP_047272624.1	0	N/A	23.828	256	39	2.45e-14	78.6	terminal nucleotidyltransferase 4A isoform X3 [Homo sapiens]	TRUE	TENT4A
XP_001459703.1	NP_001165276.2	0	N/A	26.531	196	30	4.34e-14	78.6	terminal nucleotidyltransferase 4A isoform 2 [Homo sapiens]	TRUE	TENT4A
XP_001459703.1	NP_008930.2	0	N/A	26.531	196	30	4.57e-14	78.6	terminal nucleotidyltransferase 4A isoform 1 [Homo sapiens]	TRUE	TENT4A
XP_001459703.1	NP_001307803.1	0	N/A	28.659	164	24	1.95e-07	57.4	ankyrin-3 isoform 5 [Homo sapiens]	FALSE	NA
XP_001459703.1	NP_001191332.1	0	N/A	28.659	164	24	2.09e-07	57.4	ankyrin-3 isoform 3 [Homo sapiens]	FALSE	NA
XP_001459703.1	NP_001191333.1	0	N/A	28.659	164	24	2.09e-07	57.4	ankyrin-3 isoform 4 [Homo sapiens]	FALSE	NA
XP_001459703.1	NP_001341198.1	0	N/A	25.767	163	24	6.29e-07	55.8	ankyrin-2 isoform 36 [Homo sapiens]	FALSE	NA
XP_001459703.1	NP_001373086.1	0	N/A	25.767	163	24	6.48e-07	55.5	ankyrin-2 isoform 63 [Homo sapiens]	FALSE	NA
XP_001459703.1	NP_001341206.1	0	N/A	25.767	163	24	6.61e-07	55.5	ankyrin-2 isoform 44 [Homo sapiens]	FALSE	NA
XP_001459703.1	NP_001341202.1	0	N/A	25.767	163	24	7.13e-07	55.5	ankyrin-2 isoform 40 [Homo sapiens]	FALSE	NA
XP_001459703.1	NP_001373087.1	0	N/A	25.153	163	24	9.48e-07	55.1	ankyrin-2 isoform 64 [Homo sapiens]	FALSE	NA
XP_001459703.1	XP_047272286.1	0	N/A	22.967	209	31	1.18e-06	54.7	terminal uridylyltransferase 4 isoform X8 [Homo sapiens]	TRUE	Tut4
XP_001459703.1	XP_047272296.1	0	N/A	22.967	209	31	1.2e-06	54.7	terminal uridylyltransferase 4 isoform X13 [Homo sapiens]	TRUE	Tut4
XP_001459703.1	XP_047272295.1	0	N/A	22.967	209	31	1.22e-06	54.7	terminal uridylyltransferase 4 isoform X12 [Homo sapiens]	TRUE	Tut4
XP_001459703.1	XP_047272305.1	0	N/A	22.967	209	31	1.26e-06	54.7	terminal uridylyltransferase 4 isoform X17 [Homo sapiens]	TRUE	Tut4
XP_001459703.1	XP_047272372.1	0	N/A	22.967	209	31	1.28e-06	54.7	terminal uridylyltransferase 4 isoform X42 [Homo sapiens]	TRUE	Tut4
XP_001459703.1	XP_047272344.1	0	N/A	22.967	209	31	1.36e-06	54.7	terminal uridylyltransferase 4 isoform X30 [Homo sapiens]	TRUE	Tut4
XP_001459703.1	XP_047272290.1	0	N/A	22.967	209	31	1.37e-06	54.7	terminal uridylyltransferase 4 isoform X11 [Homo sapiens]	TRUE	Tut4
XP_001459703.1	XP_047272350.1	0	N/A	22.967	209	31	1.38e-06	54.7	terminal uridylyltransferase 4 isoform X34 [Homo sapiens]	TRUE	Tut4
XP_001459703.1	NP_001341154.1	0	N/A	25.767	163	24	2.05e-06	53.9	ankyrin-2 isoform 4 [Homo sapiens]	FALSE	NA
XP_001459703.1	NP_001341191.1	0	N/A	25.767	163	24	2.06e-06	53.9	ankyrin-2 isoform 30 [Homo sapiens]	FALSE	NA
XP_001459703.1	NP_001373079.1	0	N/A	25.767	163	24	2.06e-06	53.9	ankyrin-2 isoform 57 [Homo sapiens]	FALSE	NA
XP_001459703.1	NP_001373075.1	0	N/A	25.767	163	24	2.07e-06	53.9	ankyrin-2 isoform 53 [Homo sapiens]	FALSE	NA
XP_001459703.1	NP_001373077.1	0	N/A	25.767	163	24	2.08e-06	53.9	ankyrin-2 isoform 55 [Homo sapiens]	FALSE	NA
XP_001459703.1	NP_001341193.1	0	N/A	25.767	163	24	2.09e-06	53.9	ankyrin-2 isoform 31 [Homo sapiens]	FALSE	NA
XP_001459703.1	NP_001341168.1	0	N/A	25.767	163	24	2.1e-06	53.9	ankyrin-2 isoform 12 [Homo sapiens]	FALSE	NA
XP_001459703.1	NP_001373078.1	0	N/A	25.767	163	24	2.12e-06	53.9	ankyrin-2 isoform 56 [Homo sapiens]	FALSE	NA
XP_001459703.1	NP_001341178.1	0	N/A	25.767	163	24	2.12e-06	53.9	ankyrin-2 isoform 20 [Homo sapiens]	FALSE	NA
XP_001459703.1	NP_001341173.1	0	N/A	25.767	163	24	2.14e-06	53.9	ankyrin-2 isoform 17 [Homo sapiens]	FALSE	NA
XP_001459703.1	NP_001341203.1	0	N/A	25.767	163	24	2.14e-06	53.9	ankyrin-2 isoform 41 [Homo sapiens]	FALSE	NA
XP_001459703.1	NP_001341190.1	0	N/A	25.767	163	24	2.15e-06	53.9	ankyrin-2 isoform 29 [Homo sapiens]	FALSE	NA
XP_001459703.1	NP_001341181.1	0	N/A	25.767	163	24	2.15e-06	53.9	ankyrin-2 isoform 21 [Homo sapiens]	FALSE	NA
XP_001459703.1	NP_066187.2	0	N/A	25.767	163	24	2.15e-06	53.9	ankyrin-2 isoform 2 [Homo sapiens]	FALSE	NA
XP_001459703.1	NP_001373082.1	0	N/A	25.767	163	24	2.16e-06	53.9	ankyrin-2 isoform 60 [Homo sapiens]	FALSE	NA
XP_001459703.1	NP_001373115.1	0	N/A	25.767	163	24	2.16e-06	53.9	ankyrin-2 isoform 69 [Homo sapiens]	FALSE	NA
XP_001459703.1	NP_001341196.1	0	N/A	25.767	163	24	2.16e-06	53.9	ankyrin-2 isoform 33 [Homo sapiens]	FALSE	NA
XP_001459703.1	NP_001341195.1	0	N/A	25.767	163	24	2.16e-06	53.9	ankyrin-2 isoform 33 [Homo sapiens]	FALSE	NA
XP_001459703.1	NP_001373116.1	0	N/A	25.767	163	24	2.17e-06	53.9	ankyrin-2 isoform 70 [Homo sapiens]	FALSE	NA
XP_001459703.1	NP_001373076.1	0	N/A	25.767	163	24	2.17e-06	53.9	ankyrin-2 isoform 54 [Homo sapiens]	FALSE	NA
XP_001459703.1	NP_001120965.1	0	N/A	25.767	163	24	2.19e-06	53.9	ankyrin-2 isoform 3 [Homo sapiens]	FALSE	NA
XP_001459703.1	NP_001341172.1	0	N/A	25.767	163	24	2.19e-06	53.9	ankyrin-2 isoform 16 [Homo sapiens]	FALSE	NA
XP_001459703.1	NP_001341201.1	0	N/A	25.767	163	24	2.19e-06	53.9	ankyrin-2 isoform 39 [Homo sapiens]	FALSE	NA
XP_001459703.1	NP_001373073.1	0	N/A	25.767	163	24	2.2e-06	53.9	ankyrin-2 isoform 52 [Homo sapiens]	FALSE	NA
XP_001459703.1	NP_001373083.1	0	N/A	25.767	163	24	2.2e-06	53.9	ankyrin-2 isoform 61 [Homo sapiens]	FALSE	NA
XP_001459703.1	NP_001373089.1	0	N/A	25.767	163	24	2.21e-06	53.9	ankyrin-2 isoform 71 [Homo sapiens]	FALSE	NA
XP_001459703.1	NP_001341165.1	0	N/A	25.767	163	24	2.21e-06	53.9	ankyrin-2 isoform 10 [Homo sapiens]	FALSE	NA
XP_001459703.1	NP_001341184.1	0	N/A	25.767	163	24	2.23e-06	53.9	ankyrin-2 isoform 24 [Homo sapiens]	FALSE	NA
XP_001459703.1	NP_001341183.1	0	N/A	25.767	163	24	2.23e-06	53.9	ankyrin-2 isoform 23 [Homo sapiens]	FALSE	NA
XP_001459703.1	NP_001341171.1	0	N/A	25.767	163	24	2.23e-06	53.9	ankyrin-2 isoform 15 [Homo sapiens]	FALSE	NA
XP_001459703.1	NP_001373090.1	0	N/A	25.767	163	24	2.24e-06	53.9	ankyrin-2 isoform 25 [Homo sapiens]	FALSE	NA
XP_001459703.1	NP_001341185.1	0	N/A	25.767	163	24	2.24e-06	53.9	ankyrin-2 isoform 25 [Homo sapiens]	FALSE	NA
XP_001459703.1	NP_001341160.1	0	N/A	25.767	163	24	2.27e-06	53.9	ankyrin-2 isoform 7 [Homo sapiens]	FALSE	NA
XP_001459703.1	NP_001373072.1	0	N/A	25.767	163	24	2.28e-06	53.9	ankyrin-2 isoform 51 [Homo sapiens]	FALSE	NA
XP_001459703.1	NP_001341204.1	0	N/A	25.767	163	24	2.29e-06	53.9	ankyrin-2 isoform 42 [Homo sapiens]	FALSE	NA
XP_001459703.1	NP_001341194.1	0	N/A	25.767	163	24	2.3e-06	53.9	ankyrin-2 isoform 32 [Homo sapiens]	FALSE	NA
XP_001459703.1	NP_001341175.1	0	N/A	25.767	163	24	2.31e-06	53.9	ankyrin-2 isoform 19 [Homo sapiens]	FALSE	NA
XP_001459703.1	NP_001373091.1	0	N/A	25.767	163	24	2.33e-06	53.9	ankyrin-2 isoform 43 [Homo sapiens]	FALSE	NA
XP_001459703.1	NP_001341205.1	0	N/A	25.767	163	24	2.33e-06	53.9	ankyrin-2 isoform 43 [Homo sapiens]	FALSE	NA
XP_001459703.1	NP_001341157.1	0	N/A	25.767	163	24	2.35e-06	53.9	ankyrin-2 isoform 5 [Homo sapiens]	FALSE	NA
XP_001459703.1	NP_001341187.1	0	N/A	25.767	163	24	2.36e-06	53.9	ankyrin-2 isoform 27 [Homo sapiens]	FALSE	NA
XP_001459703.1	NP_001341170.1	0	N/A	25.767	163	24	2.39e-06	53.9	ankyrin-2 isoform 14 [Homo sapiens]	FALSE	NA
XP_001459703.1	NP_001341166.1	0	N/A	25.767	163	24	2.39e-06	53.9	ankyrin-2 isoform 11 [Homo sapiens]	FALSE	NA
XP_001459703.1	NP_001341161.1	0	N/A	25.767	163	24	2.39e-06	53.9	ankyrin-2 isoform 8 [Homo sapiens]	FALSE	NA
XP_001459703.1	NP_001341169.1	0	N/A	25.767	163	24	2.41e-06	53.9	ankyrin-2 isoform 13 [Homo sapiens]	FALSE	NA
XP_001459703.1	NP_001341164.1	0	N/A	25.767	163	24	2.43e-06	53.9	ankyrin-2 isoform 9 [Homo sapiens]	FALSE	NA
XP_001459703.1	NP_001373081.1	0	N/A	25.767	163	24	2.59e-06	53.5	ankyrin-2 isoform 59 [Homo sapiens]	FALSE	NA
XP_001459703.1	NP_001341159.1	0	N/A	25.767	163	24	2.65e-06	53.5	ankyrin-2 isoform 6 [Homo sapiens]	FALSE	NA
XP_001459703.1	NP_001341182.1	0	N/A	25.153	163	24	3e-06	53.5	ankyrin-2 isoform 22 [Homo sapiens]	FALSE	NA
XP_001459703.1	NP_001373080.1	0	N/A	25.153	163	24	3.01e-06	53.5	ankyrin-2 isoform 58 [Homo sapiens]	FALSE	NA
XP_001459703.1	NP_001373085.1	0	N/A	25.153	163	24	3.11e-06	53.5	ankyrin-2 isoform 62 [Homo sapiens]	FALSE	NA
XP_001459703.1	NP_001341199.1	0	N/A	25.153	163	24	3.17e-06	53.5	ankyrin-2 isoform 37 [Homo sapiens]	FALSE	NA
XP_001459703.1	NP_001341174.1	0	N/A	25.153	163	24	3.27e-06	53.1	ankyrin-2 isoform 18 [Homo sapiens]	FALSE	NA
XP_001459703.1	NP_001341186.1	0	N/A	25.153	163	24	3.29e-06	53.1	ankyrin-2 isoform 26 [Homo sapiens]	FALSE	NA
XP_001459703.1	NP_001341200.1	0	N/A	25.153	163	24	3.33e-06	53.1	ankyrin-2 isoform 38 [Homo sapiens]	FALSE	NA
XP_001459703.1	NP_001341197.1	0	N/A	25.153	163	24	3.34e-06	53.1	ankyrin-2 isoform 35 [Homo sapiens]	FALSE	NA
XP_001459703.1	NP_001341189.1	0	N/A	25.153	163	24	3.37e-06	53.1	ankyrin-2 isoform 28 [Homo sapiens]	FALSE	NA
XP_001459703.1	NP_066267.2	0	N/A	28.659	164	24	2.68e-05	50.4	ankyrin-3 isoform 1 [Homo sapiens]	FALSE	NA
XP_001459703.1	NP_001335667.1	0	N/A	25.595	168	24	3.25e-05	50.1	kinase D-interacting substrate of 220 kDa isoform 8 [Homo sapiens]	FALSE	NA
XP_001459703.1	NP_001335672.1	0	N/A	28.395	162	23	3.37e-05	50.1	kinase D-interacting substrate of 220 kDa isoform 10 [Homo sapiens]	FALSE	NA
XP_001459703.1	NP_001335671.1	0	N/A	28.395	162	23	3.37e-05	50.1	kinase D-interacting substrate of 220 kDa isoform 10 [Homo sapiens]	FALSE	NA
XP_001459703.1	NP_001335670.1	0	N/A	28.395	162	23	3.37e-05	50.1	kinase D-interacting substrate of 220 kDa isoform 10 [Homo sapiens]	FALSE	NA
XP_001459703.1	NP_001335669.1	0	N/A	28.395	162	23	3.4e-05	50.1	kinase D-interacting substrate of 220 kDa isoform 9 [Homo sapiens]	FALSE	NA
XP_001459703.1	NP_001335668.1	0	N/A	28.395	162	23	3.4e-05	50.1	kinase D-interacting substrate of 220 kDa isoform 9 [Homo sapiens]	FALSE	NA
XP_001459703.1	NP_001335660.1	0	N/A	28.395	162	23	3.67e-05	50.1	kinase D-interacting substrate of 220 kDa isoform 3 [Homo sapiens]	FALSE	NA
XP_001459703.1	NP_001335664.1	0	N/A	28.395	162	23	3.75e-05	49.7	kinase D-interacting substrate of 220 kDa isoform 6 [Homo sapiens]	FALSE	NA
XP_001460016.1	NP_001375061.1	0	N/A	30.573	157	42	8.49e-13	71.2	poly(A) RNA polymerase GLD2 isoform 12 [Homo sapiens]	TRUE	TENT2
XP_001460016.1	NP_001375030.1	0	N/A	30.573	157	42	9.54e-13	71.2	poly(A) RNA polymerase GLD2 isoform 9 [Homo sapiens]	TRUE	TENT2
XP_001460016.1	NP_001375059.1	0	N/A	30.573	157	42	1.07e-12	71.2	poly(A) RNA polymerase GLD2 isoform 10 [Homo sapiens]	TRUE	TENT2
XP_001460016.1	XP_047272811.1	0	N/A	30.573	157	42	1.1e-12	71.2	poly(A) RNA polymerase GLD2 isoform X4 [Homo sapiens]	TRUE	TENT2
XP_001460016.1	XP_047272810.1	0	N/A	30.573	157	42	1.1e-12	71.2	poly(A) RNA polymerase GLD2 isoform X4 [Homo sapiens]	TRUE	TENT2
XP_001460016.1	XP_047272809.1	0	N/A	30.573	157	42	1.1e-12	71.2	poly(A) RNA polymerase GLD2 isoform X4 [Homo sapiens]	TRUE	TENT2
XP_001460016.1	NP_001375058.1	0	N/A	30.573	157	42	1.1e-12	71.2	poly(A) RNA polymerase GLD2 isoform 2 [Homo sapiens]	TRUE	TENT2
XP_001460016.1	NP_001375057.1	0	N/A	30.573	157	42	1.1e-12	71.2	poly(A) RNA polymerase GLD2 isoform 2 [Homo sapiens]	TRUE	TENT2
XP_001460016.1	NP_001375056.1	0	N/A	30.573	157	42	1.1e-12	71.2	poly(A) RNA polymerase GLD2 isoform 2 [Homo sapiens]	TRUE	TENT2
XP_001460016.1	NP_001375055.1	0	N/A	30.573	157	42	1.1e-12	71.2	poly(A) RNA polymerase GLD2 isoform 2 [Homo sapiens]	TRUE	TENT2
XP_001460016.1	NP_001375054.1	0	N/A	30.573	157	42	1.1e-12	71.2	poly(A) RNA polymerase GLD2 isoform 2 [Homo sapiens]	TRUE	TENT2
XP_001460016.1	NP_001375053.1	0	N/A	30.573	157	42	1.1e-12	71.2	poly(A) RNA polymerase GLD2 isoform 2 [Homo sapiens]	TRUE	TENT2
XP_001460016.1	NP_001375052.1	0	N/A	30.573	157	42	1.1e-12	71.2	poly(A) RNA polymerase GLD2 isoform 2 [Homo sapiens]	TRUE	TENT2
XP_001460016.1	NP_001375051.1	0	N/A	30.573	157	42	1.1e-12	71.2	poly(A) RNA polymerase GLD2 isoform 2 [Homo sapiens]	TRUE	TENT2
XP_001460016.1	NP_001375050.1	0	N/A	30.573	157	42	1.1e-12	71.2	poly(A) RNA polymerase GLD2 isoform 2 [Homo sapiens]	TRUE	TENT2
XP_001460016.1	NP_001375049.1	0	N/A	30.573	157	42	1.1e-12	71.2	poly(A) RNA polymerase GLD2 isoform 2 [Homo sapiens]	TRUE	TENT2
XP_001460016.1	NP_001375048.1	0	N/A	30.573	157	42	1.1e-12	71.2	poly(A) RNA polymerase GLD2 isoform 2 [Homo sapiens]	TRUE	TENT2
XP_001460016.1	NP_001375047.1	0	N/A	30.573	157	42	1.1e-12	71.2	poly(A) RNA polymerase GLD2 isoform 2 [Homo sapiens]	TRUE	TENT2
XP_001460016.1	NP_001375046.1	0	N/A	30.573	157	42	1.1e-12	71.2	poly(A) RNA polymerase GLD2 isoform 2 [Homo sapiens]	TRUE	TENT2
XP_001460016.1	NP_001375045.1	0	N/A	30.573	157	42	1.1e-12	71.2	poly(A) RNA polymerase GLD2 isoform 2 [Homo sapiens]	TRUE	TENT2
XP_001460016.1	NP_001375044.1	0	N/A	30.573	157	42	1.1e-12	71.2	poly(A) RNA polymerase GLD2 isoform 2 [Homo sapiens]	TRUE	TENT2
XP_001460016.1	NP_001375043.1	0	N/A	30.573	157	42	1.1e-12	71.2	poly(A) RNA polymerase GLD2 isoform 2 [Homo sapiens]	TRUE	TENT2
XP_001460016.1	NP_001336483.1	0	N/A	30.573	157	42	1.1e-12	71.2	poly(A) RNA polymerase GLD2 isoform 2 [Homo sapiens]	TRUE	TENT2
XP_001460016.1	NP_001284673.1	0	N/A	30.573	157	42	1.1e-12	71.2	poly(A) RNA polymerase GLD2 isoform 2 [Homo sapiens]	TRUE	TENT2
XP_001460016.1	NP_001375065.1	0	N/A	30.573	157	42	1.32e-12	70.5	poly(A) RNA polymerase GLD2 isoform 14 [Homo sapiens]	TRUE	TENT2
XP_001460016.1	NP_001375060.1	0	N/A	29.814	161	42	2.42e-12	70.1	poly(A) RNA polymerase GLD2 isoform 11 [Homo sapiens]	TRUE	TENT2
XP_001460016.1	XP_047272818.1	0	N/A	29.333	150	39	2.82e-12	69.3	poly(A) RNA polymerase GLD2 isoform X10 [Homo sapiens]	TRUE	TENT2
XP_001460016.1	NP_001375029.1	0	N/A	29.814	161	42	3e-12	69.7	poly(A) RNA polymerase GLD2 isoform 8 [Homo sapiens]	TRUE	TENT2
XP_001460016.1	NP_001375028.1	0	N/A	29.814	161	42	3e-12	69.7	poly(A) RNA polymerase GLD2 isoform 8 [Homo sapiens]	TRUE	TENT2
XP_001460016.1	XP_047272808.1	0	N/A	29.814	161	42	3.26e-12	69.7	poly(A) RNA polymerase GLD2 isoform X3 [Homo sapiens]	TRUE	TENT2
XP_001460016.1	XP_047272807.1	0	N/A	29.814	161	42	3.26e-12	69.7	poly(A) RNA polymerase GLD2 isoform X3 [Homo sapiens]	TRUE	TENT2
XP_001460016.1	XP_047272806.1	0	N/A	29.814	161	42	3.26e-12	69.7	poly(A) RNA polymerase GLD2 isoform X3 [Homo sapiens]	TRUE	TENT2
XP_001460016.1	NP_776158.2	0	N/A	29.814	161	42	3.26e-12	69.7	poly(A) RNA polymerase GLD2 isoform 1 [Homo sapiens]	TRUE	TENT2
XP_001460016.1	NP_001375041.1	0	N/A	29.814	161	42	3.26e-12	69.7	poly(A) RNA polymerase GLD2 isoform 1 [Homo sapiens]	TRUE	TENT2
XP_001460016.1	NP_001375040.1	0	N/A	29.814	161	42	3.26e-12	69.7	poly(A) RNA polymerase GLD2 isoform 1 [Homo sapiens]	TRUE	TENT2
XP_001460016.1	NP_001375039.1	0	N/A	29.814	161	42	3.26e-12	69.7	poly(A) RNA polymerase GLD2 isoform 1 [Homo sapiens]	TRUE	TENT2
XP_001460016.1	NP_001375038.1	0	N/A	29.814	161	42	3.26e-12	69.7	poly(A) RNA polymerase GLD2 isoform 1 [Homo sapiens]	TRUE	TENT2
XP_001460016.1	NP_001375037.1	0	N/A	29.814	161	42	3.26e-12	69.7	poly(A) RNA polymerase GLD2 isoform 1 [Homo sapiens]	TRUE	TENT2
XP_001460016.1	NP_001375036.1	0	N/A	29.814	161	42	3.26e-12	69.7	poly(A) RNA polymerase GLD2 isoform 1 [Homo sapiens]	TRUE	TENT2
XP_001460016.1	NP_001375035.1	0	N/A	29.814	161	42	3.26e-12	69.7	poly(A) RNA polymerase GLD2 isoform 1 [Homo sapiens]	TRUE	TENT2
XP_001460016.1	NP_001375034.1	0	N/A	29.814	161	42	3.26e-12	69.7	poly(A) RNA polymerase GLD2 isoform 1 [Homo sapiens]	TRUE	TENT2
XP_001460016.1	NP_001375032.1	0	N/A	29.814	161	42	3.26e-12	69.7	poly(A) RNA polymerase GLD2 isoform 1 [Homo sapiens]	TRUE	TENT2
XP_001460016.1	NP_001375031.1	0	N/A	29.814	161	42	3.26e-12	69.7	poly(A) RNA polymerase GLD2 isoform 1 [Homo sapiens]	TRUE	TENT2
XP_001460016.1	NP_001336482.1	0	N/A	29.814	161	42	3.26e-12	69.7	poly(A) RNA polymerase GLD2 isoform 1 [Homo sapiens]	TRUE	TENT2
XP_001460016.1	NP_001336481.1	0	N/A	29.814	161	42	3.26e-12	69.7	poly(A) RNA polymerase GLD2 isoform 1 [Homo sapiens]	TRUE	TENT2
XP_001460016.1	NP_001107866.1	0	N/A	29.814	161	42	3.26e-12	69.7	poly(A) RNA polymerase GLD2 isoform 1 [Homo sapiens]	TRUE	TENT2
XP_001460016.1	NP_001107865.1	0	N/A	29.814	161	42	3.26e-12	69.7	poly(A) RNA polymerase GLD2 isoform 1 [Homo sapiens]	TRUE	TENT2
XP_001460016.1	NP_001375042.1	0	N/A	29.814	161	42	3.37e-12	69.7	poly(A) RNA polymerase GLD2 isoform 16 [Homo sapiens]	TRUE	TENT2
XP_001460016.1	XP_047272805.1	0	N/A	28.571	182	42	4.11e-11	66.2	poly(A) RNA polymerase GLD2 isoform X2 [Homo sapiens]	TRUE	TENT2
XP_001460016.1	XP_047272804.1	0	N/A	28.571	182	42	4.11e-11	66.2	poly(A) RNA polymerase GLD2 isoform X2 [Homo sapiens]	TRUE	TENT2
XP_001460016.1	XP_047272803.1	0	N/A	28.571	182	42	4.11e-11	66.2	poly(A) RNA polymerase GLD2 isoform X2 [Homo sapiens]	TRUE	TENT2
XP_001460016.1	XP_047272802.1	0	N/A	28.571	182	42	4.11e-11	66.2	poly(A) RNA polymerase GLD2 isoform X2 [Homo sapiens]	TRUE	TENT2
XP_001460016.1	XP_016864641.1	0	N/A	28.571	182	42	4.11e-11	66.2	poly(A) RNA polymerase GLD2 isoform X2 [Homo sapiens]	TRUE	TENT2
XP_001460016.1	NP_001375026.1	0	N/A	28.571	182	42	4.11e-11	66.2	poly(A) RNA polymerase GLD2 isoform 6 [Homo sapiens]	TRUE	TENT2
XP_001460016.1	NP_001375025.1	0	N/A	28.571	182	42	4.11e-11	66.2	poly(A) RNA polymerase GLD2 isoform 6 [Homo sapiens]	TRUE	TENT2
XP_001460016.1	NP_001375024.1	0	N/A	28.571	182	42	4.11e-11	66.2	poly(A) RNA polymerase GLD2 isoform 6 [Homo sapiens]	TRUE	TENT2
XP_001460016.1	NP_001336480.1	0	N/A	28.571	182	42	4.11e-11	66.2	poly(A) RNA polymerase GLD2 isoform 6 [Homo sapiens]	TRUE	TENT2
XP_001460016.1	XP_047272817.1	0	N/A	28.07	171	39	4.25e-11	65.9	poly(A) RNA polymerase GLD2 isoform X9 [Homo sapiens]	TRUE	TENT2
XP_001460016.1	NP_001375027.1	0	N/A	28.571	182	42	4.26e-11	66.2	poly(A) RNA polymerase GLD2 isoform 7 [Homo sapiens]	TRUE	TENT2
XP_001460016.1	XP_047272801.1	0	N/A	27.957	186	42	1.21e-10	65.1	poly(A) RNA polymerase GLD2 isoform X1 [Homo sapiens]	TRUE	TENT2
XP_001460016.1	XP_047272800.1	0	N/A	27.957	186	42	1.21e-10	65.1	poly(A) RNA polymerase GLD2 isoform X1 [Homo sapiens]	TRUE	TENT2
XP_001460016.1	XP_011541527.1	0	N/A	27.957	186	42	1.21e-10	65.1	poly(A) RNA polymerase GLD2 isoform X1 [Homo sapiens]	TRUE	TENT2
XP_001460016.1	XP_011541526.1	0	N/A	27.957	186	42	1.21e-10	65.1	poly(A) RNA polymerase GLD2 isoform X1 [Homo sapiens]	TRUE	TENT2
XP_001460016.1	XP_011541523.1	0	N/A	27.957	186	42	1.21e-10	65.1	poly(A) RNA polymerase GLD2 isoform X1 [Homo sapiens]	TRUE	TENT2
XP_001460016.1	XP_011541522.1	0	N/A	27.957	186	42	1.21e-10	65.1	poly(A) RNA polymerase GLD2 isoform X1 [Homo sapiens]	TRUE	TENT2
XP_001460016.1	NP_001375023.1	0	N/A	27.957	186	42	1.21e-10	65.1	poly(A) RNA polymerase GLD2 isoform 5 [Homo sapiens]	TRUE	TENT2
XP_001460016.1	NP_001375022.1	0	N/A	27.957	186	42	1.21e-10	65.1	poly(A) RNA polymerase GLD2 isoform 5 [Homo sapiens]	TRUE	TENT2
XP_001460016.1	NP_001336479.1	0	N/A	27.957	186	42	1.21e-10	65.1	poly(A) RNA polymerase GLD2 isoform 5 [Homo sapiens]	TRUE	TENT2
XP_001460016.1	NP_001336478.1	0	N/A	27.957	186	42	1.21e-10	65.1	poly(A) RNA polymerase GLD2 isoform 5 [Homo sapiens]	TRUE	TENT2
XP_001460016.1	XP_047272816.1	0	N/A	27.429	175	39	1.45e-10	64.3	poly(A) RNA polymerase GLD2 isoform X8 [Homo sapiens]	TRUE	TENT2
XP_001460016.1	NP_001317647.1	0	N/A	29.48	173	48	6.75e-10	62.8	terminal uridylyltransferase 7 isoform 3 [Homo sapiens]	TRUE	Tut7
XP_001460016.1	XP_047272820.1	0	N/A	33.884	121	34	7.76e-10	61.2	poly(A) RNA polymerase GLD2 isoform X11 [Homo sapiens]	TRUE	TENT2
XP_001460016.1	XP_016870620.1	0	N/A	29.48	173	48	1.2e-09	62.4	terminal uridylyltransferase 7 isoform X4 [Homo sapiens]	TRUE	Tut7
XP_001460016.1	XP_016870619.1	0	N/A	29.48	173	48	1.2e-09	62.4	terminal uridylyltransferase 7 isoform X4 [Homo sapiens]	TRUE	Tut7
XP_001460016.1	NP_078893.2	0	N/A	29.48	173	48	1.2e-09	62.4	terminal uridylyltransferase 7 isoform 1 [Homo sapiens]	TRUE	Tut7
XP_001460016.1	NP_001171988.1	0	N/A	29.48	173	48	1.2e-09	62.4	terminal uridylyltransferase 7 isoform 1 [Homo sapiens]	TRUE	Tut7
XP_001460016.1	XP_047279823.1	0	N/A	29.48	173	48	1.32e-09	62.4	terminal uridylyltransferase 7 isoform X2 [Homo sapiens]	TRUE	Tut7
XP_001460016.1	XP_006717346.1	0	N/A	29.48	173	48	1.32e-09	62.4	terminal uridylyltransferase 7 isoform X2 [Homo sapiens]	TRUE	Tut7
XP_001460016.1	XP_011517317.1	0	N/A	29.48	173	48	1.33e-09	62.4	terminal uridylyltransferase 7 isoform X3 [Homo sapiens]	TRUE	Tut7
XP_001460016.1	XP_005252265.1	0	N/A	29.48	173	48	1.35e-09	62.4	terminal uridylyltransferase 7 isoform X7 [Homo sapiens]	TRUE	Tut7
XP_001460016.1	XP_011517316.1	0	N/A	29.48	173	48	1.35e-09	62.4	terminal uridylyltransferase 7 isoform X1 [Homo sapiens]	TRUE	Tut7
XP_001460016.1	XP_011517315.1	0	N/A	29.48	173	48	1.35e-09	62.4	terminal uridylyltransferase 7 isoform X1 [Homo sapiens]	TRUE	Tut7
XP_001460016.1	XP_011517314.1	0	N/A	29.48	173	48	1.35e-09	62.4	terminal uridylyltransferase 7 isoform X1 [Homo sapiens]	TRUE	Tut7
XP_001460016.1	XP_011517313.1	0	N/A	29.48	173	48	1.35e-09	62.4	terminal uridylyltransferase 7 isoform X1 [Homo sapiens]	TRUE	Tut7
XP_001460016.1	NP_001336477.1	0	N/A	34.906	106	30	2.19e-09	60.1	poly(A) RNA polymerase GLD2 isoform 4 [Homo sapiens]	TRUE	TENT2
XP_001460016.1	XP_047279825.1	0	N/A	28.655	171	48	1.35e-08	58.9	terminal uridylyltransferase 7 isoform X6 [Homo sapiens]	TRUE	Tut7
XP_001460016.1	XP_047279824.1	0	N/A	28.655	171	48	1.35e-08	58.9	terminal uridylyltransferase 7 isoform X6 [Homo sapiens]	TRUE	Tut7
XP_001460016.1	XP_005252264.1	0	N/A	28.655	171	48	1.35e-08	58.9	terminal uridylyltransferase 7 isoform X6 [Homo sapiens]	TRUE	Tut7
XP_001460016.1	XP_011517318.1	0	N/A	28.655	171	48	1.41e-08	58.9	terminal uridylyltransferase 7 isoform X5 [Homo sapiens]	TRUE	Tut7
XP_001460016.1	XP_047272384.1	0	N/A	28.767	146	40	1.07e-07	56.2	terminal uridylyltransferase 4 isoform X46 [Homo sapiens]	TRUE	Tut4
XP_001460016.1	XP_005270735.1	0	N/A	28.767	146	40	1.27e-07	56.2	terminal uridylyltransferase 4 isoform X2 [Homo sapiens]	TRUE	Tut4
XP_001460016.1	XP_047272280.1	0	N/A	28.767	146	40	1.34e-07	55.8	terminal uridylyltransferase 4 isoform X3 [Homo sapiens]	TRUE	Tut4
XP_001460016.1	XP_005270736.1	0	N/A	28.767	146	40	1.34e-07	55.8	terminal uridylyltransferase 4 isoform X3 [Homo sapiens]	TRUE	Tut4
XP_001460016.1	XP_005270739.1	0	N/A	28.767	146	40	1.34e-07	55.8	terminal uridylyltransferase 4 isoform X33 [Homo sapiens]	TRUE	Tut4
XP_001460016.1	XP_011539399.1	0	N/A	28.767	146	40	1.38e-07	55.8	terminal uridylyltransferase 4 isoform X1 [Homo sapiens]	TRUE	Tut4
XP_001460016.1	XP_005270733.1	0	N/A	28.767	146	40	1.38e-07	55.8	terminal uridylyltransferase 4 isoform X1 [Homo sapiens]	TRUE	Tut4
XP_001460016.1	XP_016856295.1	0	N/A	28.767	146	40	1.43e-07	55.8	terminal uridylyltransferase 4 isoform X25 [Homo sapiens]	TRUE	Tut4
XP_001460016.1	XP_016856297.1	0	N/A	28.767	146	40	1.44e-07	55.8	terminal uridylyltransferase 4 isoform X36 [Homo sapiens]	TRUE	Tut4
XP_001460016.1	XP_047272285.1	0	N/A	28.767	146	40	1.47e-07	55.8	terminal uridylyltransferase 4 isoform X7 [Homo sapiens]	TRUE	Tut4
XP_001460016.1	XP_047272325.1	0	N/A	28.767	146	40	1.48e-07	55.8	terminal uridylyltransferase 4 isoform X23 [Homo sapiens]	TRUE	Tut4
XP_001460964.1	NP_001375030.1	0	N/A	27.83	212	42	3.57e-15	80.1	poly(A) RNA polymerase GLD2 isoform 9 [Homo sapiens]	TRUE	TENT2
XP_001460964.1	NP_001375029.1	0	N/A	27.778	216	42	6.87e-15	79.3	poly(A) RNA polymerase GLD2 isoform 8 [Homo sapiens]	TRUE	TENT2
XP_001460964.1	NP_001375028.1	0	N/A	27.778	216	42	6.87e-15	79.3	poly(A) RNA polymerase GLD2 isoform 8 [Homo sapiens]	TRUE	TENT2
XP_001460964.1	XP_047272384.1	0	N/A	24.723	271	56	1.6e-14	79	terminal uridylyltransferase 4 isoform X46 [Homo sapiens]	TRUE	Tut4
XP_001460964.1	XP_047272325.1	0	N/A	24.723	271	56	2.81e-14	78.2	terminal uridylyltransferase 4 isoform X23 [Homo sapiens]	TRUE	Tut4
XP_001460964.1	XP_016856295.1	0	N/A	24.723	271	56	2.96e-14	78.2	terminal uridylyltransferase 4 isoform X25 [Homo sapiens]	TRUE	Tut4
XP_001460964.1	NP_001375065.1	0	N/A	29.605	152	31	3.24e-14	76.3	poly(A) RNA polymerase GLD2 isoform 14 [Homo sapiens]	TRUE	TENT2
XP_001460964.1	XP_011539401.1	0	N/A	24.723	271	56	3.28e-14	78.2	terminal uridylyltransferase 4 isoform X29 [Homo sapiens]	TRUE	Tut4
XP_001460964.1	XP_047272345.1	0	N/A	24.723	271	56	3.54e-14	77.8	terminal uridylyltransferase 4 isoform X31 [Homo sapiens]	TRUE	Tut4
XP_001460964.1	XP_016856297.1	0	N/A	24.723	271	56	3.7e-14	77.8	terminal uridylyltransferase 4 isoform X36 [Homo sapiens]	TRUE	Tut4
XP_001460964.1	XP_047272337.1	0	N/A	24.723	271	56	3.78e-14	77.8	terminal uridylyltransferase 4 isoform X27 [Homo sapiens]	TRUE	Tut4
XP_001460964.1	XP_005270739.1	0	N/A	24.723	271	56	4e-14	77.8	terminal uridylyltransferase 4 isoform X33 [Homo sapiens]	TRUE	Tut4
XP_001460964.1	NP_001375061.1	0	N/A	29.605	152	31	4.12e-14	76.6	poly(A) RNA polymerase GLD2 isoform 12 [Homo sapiens]	TRUE	TENT2
XP_001460964.1	XP_047272285.1	0	N/A	24.723	271	56	4.16e-14	77.8	terminal uridylyltransferase 4 isoform X7 [Homo sapiens]	TRUE	Tut4
XP_001460964.1	XP_011539399.1	0	N/A	24.723	271	56	4.21e-14	77.8	terminal uridylyltransferase 4 isoform X1 [Homo sapiens]	TRUE	Tut4
XP_001460964.1	XP_005270733.1	0	N/A	24.723	271	56	4.21e-14	77.8	terminal uridylyltransferase 4 isoform X1 [Homo sapiens]	TRUE	Tut4
XP_001460964.1	XP_016856296.1	0	N/A	24.723	271	56	4.24e-14	77.8	terminal uridylyltransferase 4 isoform X28 [Homo sapiens]	TRUE	Tut4
XP_001460964.1	XP_047272365.1	0	N/A	25.818	275	56	4.25e-14	77.8	terminal uridylyltransferase 4 isoform X38 [Homo sapiens]	TRUE	Tut4
XP_001460964.1	XP_005270735.1	0	N/A	24.723	271	56	4.28e-14	77.8	terminal uridylyltransferase 4 isoform X2 [Homo sapiens]	TRUE	Tut4
XP_001460964.1	XP_047272280.1	0	N/A	24.723	271	56	4.39e-14	77.8	terminal uridylyltransferase 4 isoform X3 [Homo sapiens]	TRUE	Tut4
XP_001460964.1	XP_005270736.1	0	N/A	24.723	271	56	4.39e-14	77.8	terminal uridylyltransferase 4 isoform X3 [Homo sapiens]	TRUE	Tut4
XP_001460964.1	XP_047272818.1	0	N/A	29.054	148	30	4.42e-14	75.9	poly(A) RNA polymerase GLD2 isoform X10 [Homo sapiens]	TRUE	TENT2
XP_001460964.1	XP_016856292.1	0	N/A	24.723	271	56	4.5e-14	77.8	terminal uridylyltransferase 4 isoform X9 [Homo sapiens]	TRUE	Tut4
XP_001460964.1	XP_016856299.1	0	N/A	25.818	275	56	4.52e-14	77.4	terminal uridylyltransferase 4 isoform X40 [Homo sapiens]	TRUE	Tut4
XP_001460964.1	NP_001375059.1	0	N/A	29.605	152	31	4.78e-14	76.6	poly(A) RNA polymerase GLD2 isoform 10 [Homo sapiens]	TRUE	TENT2
XP_001460964.1	XP_047272811.1	0	N/A	29.605	152	31	4.8e-14	76.6	poly(A) RNA polymerase GLD2 isoform X4 [Homo sapiens]	TRUE	TENT2
XP_001460964.1	XP_047272810.1	0	N/A	29.605	152	31	4.8e-14	76.6	poly(A) RNA polymerase GLD2 isoform X4 [Homo sapiens]	TRUE	TENT2
XP_001460964.1	XP_047272809.1	0	N/A	29.605	152	31	4.8e-14	76.6	poly(A) RNA polymerase GLD2 isoform X4 [Homo sapiens]	TRUE	TENT2
XP_001460964.1	NP_001375058.1	0	N/A	29.605	152	31	4.8e-14	76.6	poly(A) RNA polymerase GLD2 isoform 2 [Homo sapiens]	TRUE	TENT2
XP_001460964.1	NP_001375057.1	0	N/A	29.605	152	31	4.8e-14	76.6	poly(A) RNA polymerase GLD2 isoform 2 [Homo sapiens]	TRUE	TENT2
XP_001460964.1	NP_001375056.1	0	N/A	29.605	152	31	4.8e-14	76.6	poly(A) RNA polymerase GLD2 isoform 2 [Homo sapiens]	TRUE	TENT2
XP_001460964.1	NP_001375055.1	0	N/A	29.605	152	31	4.8e-14	76.6	poly(A) RNA polymerase GLD2 isoform 2 [Homo sapiens]	TRUE	TENT2
XP_001460964.1	NP_001375054.1	0	N/A	29.605	152	31	4.8e-14	76.6	poly(A) RNA polymerase GLD2 isoform 2 [Homo sapiens]	TRUE	TENT2
XP_001460964.1	NP_001375053.1	0	N/A	29.605	152	31	4.8e-14	76.6	poly(A) RNA polymerase GLD2 isoform 2 [Homo sapiens]	TRUE	TENT2
XP_001460964.1	NP_001375052.1	0	N/A	29.605	152	31	4.8e-14	76.6	poly(A) RNA polymerase GLD2 isoform 2 [Homo sapiens]	TRUE	TENT2
XP_001460964.1	NP_001375051.1	0	N/A	29.605	152	31	4.8e-14	76.6	poly(A) RNA polymerase GLD2 isoform 2 [Homo sapiens]	TRUE	TENT2
XP_001460964.1	NP_001375050.1	0	N/A	29.605	152	31	4.8e-14	76.6	poly(A) RNA polymerase GLD2 isoform 2 [Homo sapiens]	TRUE	TENT2
XP_001460964.1	NP_001375049.1	0	N/A	29.605	152	31	4.8e-14	76.6	poly(A) RNA polymerase GLD2 isoform 2 [Homo sapiens]	TRUE	TENT2
XP_001460964.1	NP_001375048.1	0	N/A	29.605	152	31	4.8e-14	76.6	poly(A) RNA polymerase GLD2 isoform 2 [Homo sapiens]	TRUE	TENT2
XP_001460964.1	NP_001375047.1	0	N/A	29.605	152	31	4.8e-14	76.6	poly(A) RNA polymerase GLD2 isoform 2 [Homo sapiens]	TRUE	TENT2
XP_001460964.1	NP_001375046.1	0	N/A	29.605	152	31	4.8e-14	76.6	poly(A) RNA polymerase GLD2 isoform 2 [Homo sapiens]	TRUE	TENT2
XP_001460964.1	NP_001375045.1	0	N/A	29.605	152	31	4.8e-14	76.6	poly(A) RNA polymerase GLD2 isoform 2 [Homo sapiens]	TRUE	TENT2
XP_001460964.1	NP_001375044.1	0	N/A	29.605	152	31	4.8e-14	76.6	poly(A) RNA polymerase GLD2 isoform 2 [Homo sapiens]	TRUE	TENT2
XP_001460964.1	NP_001375043.1	0	N/A	29.605	152	31	4.8e-14	76.6	poly(A) RNA polymerase GLD2 isoform 2 [Homo sapiens]	TRUE	TENT2
XP_001460964.1	NP_001336483.1	0	N/A	29.605	152	31	4.8e-14	76.6	poly(A) RNA polymerase GLD2 isoform 2 [Homo sapiens]	TRUE	TENT2
XP_001460964.1	NP_001284673.1	0	N/A	29.605	152	31	4.8e-14	76.6	poly(A) RNA polymerase GLD2 isoform 2 [Homo sapiens]	TRUE	TENT2
XP_001460964.1	XP_047272281.1	0	N/A	25.818	275	56	4.8e-14	77.4	terminal uridylyltransferase 4 isoform X4 [Homo sapiens]	TRUE	Tut4
XP_001460964.1	NP_001009881.1	0	N/A	25.818	275	56	4.8e-14	77.4	terminal uridylyltransferase 4 isoform a [Homo sapiens]	TRUE	Tut4
XP_001460964.1	XP_047272282.1	0	N/A	25.818	275	56	4.84e-14	77.4	terminal uridylyltransferase 4 isoform X5 [Homo sapiens]	TRUE	Tut4
XP_001460964.1	NP_056084.1	0	N/A	25.818	275	56	4.84e-14	77.4	terminal uridylyltransferase 4 isoform b [Homo sapiens]	TRUE	Tut4
XP_001460964.1	XP_047272288.1	0	N/A	25.818	275	56	5.17e-14	77.4	terminal uridylyltransferase 4 isoform X10 [Homo sapiens]	TRUE	Tut4
XP_001460964.1	XP_047272283.1	0	N/A	24.723	271	56	5.33e-14	77.4	terminal uridylyltransferase 4 isoform X6 [Homo sapiens]	TRUE	Tut4
XP_001460964.1	XP_005270737.1	0	N/A	24.723	271	56	5.33e-14	77.4	terminal uridylyltransferase 4 isoform X6 [Homo sapiens]	TRUE	Tut4
XP_001460964.1	XP_016856293.1	0	N/A	25.818	275	56	5.35e-14	77.4	terminal uridylyltransferase 4 isoform X16 [Homo sapiens]	TRUE	Tut4
XP_001460964.1	XP_047272344.1	0	N/A	25.188	266	55	5.5e-14	77.4	terminal uridylyltransferase 4 isoform X30 [Homo sapiens]	TRUE	Tut4
XP_001460964.1	XP_047272286.1	0	N/A	25.188	266	55	8.03e-14	76.6	terminal uridylyltransferase 4 isoform X8 [Homo sapiens]	TRUE	Tut4
XP_001460964.1	XP_047272350.1	0	N/A	25.188	266	55	8.52e-14	76.6	terminal uridylyltransferase 4 isoform X34 [Homo sapiens]	TRUE	Tut4
XP_001460964.1	XP_047272372.1	0	N/A	26.296	270	55	8.85e-14	76.6	terminal uridylyltransferase 4 isoform X42 [Homo sapiens]	TRUE	Tut4
XP_001460964.1	NP_001375060.1	0	N/A	29.487	156	31	9.18e-14	75.5	poly(A) RNA polymerase GLD2 isoform 11 [Homo sapiens]	TRUE	TENT2
XP_001460964.1	XP_047272290.1	0	N/A	25.188	266	55	9.23e-14	76.6	terminal uridylyltransferase 4 isoform X11 [Homo sapiens]	TRUE	Tut4
XP_001460964.1	NP_001375042.1	0	N/A	29.487	156	31	1.04e-13	75.5	poly(A) RNA polymerase GLD2 isoform 16 [Homo sapiens]	TRUE	TENT2
XP_001460964.1	XP_047272808.1	0	N/A	29.487	156	31	1.05e-13	75.5	poly(A) RNA polymerase GLD2 isoform X3 [Homo sapiens]	TRUE	TENT2
XP_001460964.1	XP_047272807.1	0	N/A	29.487	156	31	1.05e-13	75.5	poly(A) RNA polymerase GLD2 isoform X3 [Homo sapiens]	TRUE	TENT2
XP_001460964.1	XP_047272806.1	0	N/A	29.487	156	31	1.05e-13	75.5	poly(A) RNA polymerase GLD2 isoform X3 [Homo sapiens]	TRUE	TENT2
XP_001460964.1	NP_776158.2	0	N/A	29.487	156	31	1.05e-13	75.5	poly(A) RNA polymerase GLD2 isoform 1 [Homo sapiens]	TRUE	TENT2
XP_001460964.1	NP_001375041.1	0	N/A	29.487	156	31	1.05e-13	75.5	poly(A) RNA polymerase GLD2 isoform 1 [Homo sapiens]	TRUE	TENT2
XP_001460964.1	NP_001375040.1	0	N/A	29.487	156	31	1.05e-13	75.5	poly(A) RNA polymerase GLD2 isoform 1 [Homo sapiens]	TRUE	TENT2
XP_001460964.1	NP_001375039.1	0	N/A	29.487	156	31	1.05e-13	75.5	poly(A) RNA polymerase GLD2 isoform 1 [Homo sapiens]	TRUE	TENT2
XP_001460964.1	NP_001375038.1	0	N/A	29.487	156	31	1.05e-13	75.5	poly(A) RNA polymerase GLD2 isoform 1 [Homo sapiens]	TRUE	TENT2
XP_001460964.1	NP_001375037.1	0	N/A	29.487	156	31	1.05e-13	75.5	poly(A) RNA polymerase GLD2 isoform 1 [Homo sapiens]	TRUE	TENT2
XP_001460964.1	NP_001375036.1	0	N/A	29.487	156	31	1.05e-13	75.5	poly(A) RNA polymerase GLD2 isoform 1 [Homo sapiens]	TRUE	TENT2
XP_001460964.1	NP_001375035.1	0	N/A	29.487	156	31	1.05e-13	75.5	poly(A) RNA polymerase GLD2 isoform 1 [Homo sapiens]	TRUE	TENT2
XP_001460964.1	NP_001375034.1	0	N/A	29.487	156	31	1.05e-13	75.5	poly(A) RNA polymerase GLD2 isoform 1 [Homo sapiens]	TRUE	TENT2
XP_001460964.1	NP_001375032.1	0	N/A	29.487	156	31	1.05e-13	75.5	poly(A) RNA polymerase GLD2 isoform 1 [Homo sapiens]	TRUE	TENT2
XP_001460964.1	NP_001375031.1	0	N/A	29.487	156	31	1.05e-13	75.5	poly(A) RNA polymerase GLD2 isoform 1 [Homo sapiens]	TRUE	TENT2
XP_001460964.1	NP_001336482.1	0	N/A	29.487	156	31	1.05e-13	75.5	poly(A) RNA polymerase GLD2 isoform 1 [Homo sapiens]	TRUE	TENT2
XP_001460964.1	NP_001336481.1	0	N/A	29.487	156	31	1.05e-13	75.5	poly(A) RNA polymerase GLD2 isoform 1 [Homo sapiens]	TRUE	TENT2
XP_001460964.1	NP_001107866.1	0	N/A	29.487	156	31	1.05e-13	75.5	poly(A) RNA polymerase GLD2 isoform 1 [Homo sapiens]	TRUE	TENT2
XP_001460964.1	NP_001107865.1	0	N/A	29.487	156	31	1.05e-13	75.5	poly(A) RNA polymerase GLD2 isoform 1 [Homo sapiens]	TRUE	TENT2
XP_001460964.1	XP_047272296.1	0	N/A	26.296	270	55	1.06e-13	76.3	terminal uridylyltransferase 4 isoform X13 [Homo sapiens]	TRUE	Tut4
XP_001460964.1	XP_047272305.1	0	N/A	26.296	270	55	1.07e-13	76.3	terminal uridylyltransferase 4 isoform X17 [Homo sapiens]	TRUE	Tut4
XP_001460964.1	XP_047272295.1	0	N/A	26.296	270	55	1.09e-13	76.3	terminal uridylyltransferase 4 isoform X12 [Homo sapiens]	TRUE	Tut4
XP_001460964.1	XP_047272817.1	0	N/A	26.036	169	30	8.99e-12	68.9	poly(A) RNA polymerase GLD2 isoform X9 [Homo sapiens]	TRUE	TENT2
XP_001460964.1	XP_047272805.1	0	N/A	26.554	177	31	1.63e-11	68.9	poly(A) RNA polymerase GLD2 isoform X2 [Homo sapiens]	TRUE	TENT2
XP_001460964.1	XP_047272804.1	0	N/A	26.554	177	31	1.63e-11	68.9	poly(A) RNA polymerase GLD2 isoform X2 [Homo sapiens]	TRUE	TENT2
XP_001460964.1	XP_047272803.1	0	N/A	26.554	177	31	1.63e-11	68.9	poly(A) RNA polymerase GLD2 isoform X2 [Homo sapiens]	TRUE	TENT2
XP_001460964.1	XP_047272802.1	0	N/A	26.554	177	31	1.63e-11	68.9	poly(A) RNA polymerase GLD2 isoform X2 [Homo sapiens]	TRUE	TENT2
XP_001460964.1	XP_016864641.1	0	N/A	26.554	177	31	1.63e-11	68.9	poly(A) RNA polymerase GLD2 isoform X2 [Homo sapiens]	TRUE	TENT2
XP_001460964.1	NP_001375026.1	0	N/A	26.554	177	31	1.63e-11	68.9	poly(A) RNA polymerase GLD2 isoform 6 [Homo sapiens]	TRUE	TENT2
XP_001460964.1	NP_001375025.1	0	N/A	26.554	177	31	1.63e-11	68.9	poly(A) RNA polymerase GLD2 isoform 6 [Homo sapiens]	TRUE	TENT2
XP_001460964.1	NP_001375024.1	0	N/A	26.554	177	31	1.63e-11	68.9	poly(A) RNA polymerase GLD2 isoform 6 [Homo sapiens]	TRUE	TENT2
XP_001460964.1	NP_001336480.1	0	N/A	26.554	177	31	1.63e-11	68.9	poly(A) RNA polymerase GLD2 isoform 6 [Homo sapiens]	TRUE	TENT2
XP_001460964.1	NP_001375027.1	0	N/A	26.554	177	31	1.82e-11	68.6	poly(A) RNA polymerase GLD2 isoform 7 [Homo sapiens]	TRUE	TENT2
XP_001460964.1	XP_047272816.1	0	N/A	25.434	173	30	2.91e-11	67.4	poly(A) RNA polymerase GLD2 isoform X8 [Homo sapiens]	TRUE	TENT2
XP_001460964.1	XP_047272801.1	0	N/A	25.967	181	31	5.65e-11	67	poly(A) RNA polymerase GLD2 isoform X1 [Homo sapiens]	TRUE	TENT2
XP_001460964.1	XP_047272800.1	0	N/A	25.967	181	31	5.65e-11	67	poly(A) RNA polymerase GLD2 isoform X1 [Homo sapiens]	TRUE	TENT2
XP_001460964.1	XP_011541527.1	0	N/A	25.967	181	31	5.65e-11	67	poly(A) RNA polymerase GLD2 isoform X1 [Homo sapiens]	TRUE	TENT2
XP_001460964.1	XP_011541526.1	0	N/A	25.967	181	31	5.65e-11	67	poly(A) RNA polymerase GLD2 isoform X1 [Homo sapiens]	TRUE	TENT2
XP_001460964.1	XP_011541523.1	0	N/A	25.967	181	31	5.65e-11	67	poly(A) RNA polymerase GLD2 isoform X1 [Homo sapiens]	TRUE	TENT2
XP_001460964.1	XP_011541522.1	0	N/A	25.967	181	31	5.65e-11	67	poly(A) RNA polymerase GLD2 isoform X1 [Homo sapiens]	TRUE	TENT2
XP_001680977.1	NP_008930.2	0	N/A	28.525	305	33	1.02e-32	139	terminal nucleotidyltransferase 4A isoform 1 [Homo sapiens]	TRUE	TENT4A
XP_001680977.1	NP_001165276.2	0	N/A	28.525	305	33	1.07e-32	139	terminal nucleotidyltransferase 4A isoform 2 [Homo sapiens]	TRUE	TENT4A
XP_001680977.1	NP_001035374.2	0	N/A	28.662	314	34	1.77e-32	137	terminal nucleotidyltransferase 4B isoform a [Homo sapiens]	TRUE	TENT4B
XP_001680977.1	XP_011521577.1	0	N/A	28.662	314	34	1.78e-32	137	terminal nucleotidyltransferase 4B isoform X1 [Homo sapiens]	TRUE	TENT4B
XP_001680977.1	XP_011521580.1	0	N/A	28.846	312	33	1.79e-32	135	terminal nucleotidyltransferase 4B isoform X5 [Homo sapiens]	TRUE	TENT4B
XP_001680977.1	XP_047290433.1	0	N/A	28.846	312	33	1.92e-32	134	terminal nucleotidyltransferase 4B isoform X6 [Homo sapiens]	TRUE	TENT4B
XP_001680977.1	NP_001035375.2	0	N/A	28.662	314	34	2.07e-32	137	terminal nucleotidyltransferase 4B isoform b [Homo sapiens]	TRUE	TENT4B
XP_001680977.1	XP_011521578.1	0	N/A	28.662	314	34	2.08e-32	137	terminal nucleotidyltransferase 4B isoform X2 [Homo sapiens]	TRUE	TENT4B
XP_001680977.1	NP_001352252.1	0	N/A	28.981	314	34	6.45e-32	135	terminal nucleotidyltransferase 4B isoform c [Homo sapiens]	TRUE	TENT4B
XP_001680977.1	XP_047290432.1	0	N/A	28.662	314	34	6.84e-32	135	terminal nucleotidyltransferase 4B isoform X4 [Homo sapiens]	TRUE	TENT4B
XP_001680977.1	NP_001352253.1	0	N/A	28.662	314	34	8.09e-32	135	terminal nucleotidyltransferase 4B isoform d [Homo sapiens]	TRUE	TENT4B
XP_001680977.1	XP_047290431.1	0	N/A	28.662	314	34	9.83e-32	135	terminal nucleotidyltransferase 4B isoform X3 [Homo sapiens]	TRUE	TENT4B
XP_001680977.1	XP_047272622.1	0	N/A	28.328	293	32	1.83e-28	123	terminal nucleotidyltransferase 4A isoform X1 [Homo sapiens]	TRUE	TENT4A
XP_001680977.1	XP_047272621.1	0	N/A	28.328	293	32	1.83e-28	123	terminal nucleotidyltransferase 4A isoform X1 [Homo sapiens]	TRUE	TENT4A
XP_001680977.1	XP_047272620.1	0	N/A	28.328	293	32	1.83e-28	123	terminal nucleotidyltransferase 4A isoform X1 [Homo sapiens]	TRUE	TENT4A
XP_001680977.1	XP_047272623.1	0	N/A	28.521	284	31	2.33e-27	120	terminal nucleotidyltransferase 4A isoform X2 [Homo sapiens]	TRUE	TENT4A
XP_001680977.1	XP_016864477.1	0	N/A	28.521	284	31	2.33e-27	120	terminal nucleotidyltransferase 4A isoform X2 [Homo sapiens]	TRUE	TENT4A
XP_001680977.1	XP_047272624.1	0	N/A	28.521	284	31	2.65e-27	120	terminal nucleotidyltransferase 4A isoform X3 [Homo sapiens]	TRUE	TENT4A
XP_001680977.1	XP_016870620.1	0	N/A	27.128	188	20	2.08e-10	67.8	terminal uridylyltransferase 7 isoform X4 [Homo sapiens]	TRUE	Tut7
XP_001680977.1	XP_016870619.1	0	N/A	27.128	188	20	2.08e-10	67.8	terminal uridylyltransferase 7 isoform X4 [Homo sapiens]	TRUE	Tut7
XP_001680977.1	NP_078893.2	0	N/A	27.128	188	20	2.08e-10	67.8	terminal uridylyltransferase 7 isoform 1 [Homo sapiens]	TRUE	Tut7
XP_001680977.1	NP_001171988.1	0	N/A	27.128	188	20	2.08e-10	67.8	terminal uridylyltransferase 7 isoform 1 [Homo sapiens]	TRUE	Tut7
XP_001680977.1	XP_047279823.1	0	N/A	27.128	188	20	2.11e-10	67.8	terminal uridylyltransferase 7 isoform X2 [Homo sapiens]	TRUE	Tut7
XP_001680977.1	XP_006717346.1	0	N/A	27.128	188	20	2.11e-10	67.8	terminal uridylyltransferase 7 isoform X2 [Homo sapiens]	TRUE	Tut7
XP_001680977.1	XP_011517318.1	0	N/A	27.128	188	20	2.28e-10	67.4	terminal uridylyltransferase 7 isoform X5 [Homo sapiens]	TRUE	Tut7
XP_001680977.1	XP_047279825.1	0	N/A	27.128	188	20	2.31e-10	67.4	terminal uridylyltransferase 7 isoform X6 [Homo sapiens]	TRUE	Tut7
XP_001680977.1	XP_047279824.1	0	N/A	27.128	188	20	2.31e-10	67.4	terminal uridylyltransferase 7 isoform X6 [Homo sapiens]	TRUE	Tut7
XP_001680977.1	XP_005252264.1	0	N/A	27.128	188	20	2.31e-10	67.4	terminal uridylyltransferase 7 isoform X6 [Homo sapiens]	TRUE	Tut7
XP_001680977.1	XP_011517317.1	0	N/A	27.128	188	20	2.58e-10	67.4	terminal uridylyltransferase 7 isoform X3 [Homo sapiens]	TRUE	Tut7
XP_001680977.1	NP_001317647.1	0	N/A	27.128	188	20	3.33e-10	66.6	terminal uridylyltransferase 7 isoform 3 [Homo sapiens]	TRUE	Tut7
XP_001680977.1	XP_005252265.1	0	N/A	27.128	188	20	3.48e-10	67	terminal uridylyltransferase 7 isoform X7 [Homo sapiens]	TRUE	Tut7
XP_001680977.1	XP_011517316.1	0	N/A	27.128	188	20	3.54e-10	67	terminal uridylyltransferase 7 isoform X1 [Homo sapiens]	TRUE	Tut7
XP_001680977.1	XP_011517315.1	0	N/A	27.128	188	20	3.54e-10	67	terminal uridylyltransferase 7 isoform X1 [Homo sapiens]	TRUE	Tut7
XP_001680977.1	XP_011517314.1	0	N/A	27.128	188	20	3.54e-10	67	terminal uridylyltransferase 7 isoform X1 [Homo sapiens]	TRUE	Tut7
XP_001680977.1	XP_011517313.1	0	N/A	27.128	188	20	3.54e-10	67	terminal uridylyltransferase 7 isoform X1 [Homo sapiens]	TRUE	Tut7
XP_001680977.1	XP_047272811.1	0	N/A	26.455	189	20	5.08e-09	62.4	poly(A) RNA polymerase GLD2 isoform X4 [Homo sapiens]	TRUE	TENT2
XP_001680977.1	XP_047272810.1	0	N/A	26.455	189	20	5.08e-09	62.4	poly(A) RNA polymerase GLD2 isoform X4 [Homo sapiens]	TRUE	TENT2
XP_001680977.1	XP_047272809.1	0	N/A	26.455	189	20	5.08e-09	62.4	poly(A) RNA polymerase GLD2 isoform X4 [Homo sapiens]	TRUE	TENT2
XP_001680977.1	NP_001375058.1	0	N/A	26.455	189	20	5.08e-09	62.4	poly(A) RNA polymerase GLD2 isoform 2 [Homo sapiens]	TRUE	TENT2
XP_001680977.1	NP_001375057.1	0	N/A	26.455	189	20	5.08e-09	62.4	poly(A) RNA polymerase GLD2 isoform 2 [Homo sapiens]	TRUE	TENT2
XP_001680977.1	NP_001375056.1	0	N/A	26.455	189	20	5.08e-09	62.4	poly(A) RNA polymerase GLD2 isoform 2 [Homo sapiens]	TRUE	TENT2
XP_001680977.1	NP_001375055.1	0	N/A	26.455	189	20	5.08e-09	62.4	poly(A) RNA polymerase GLD2 isoform 2 [Homo sapiens]	TRUE	TENT2
XP_001680977.1	NP_001375054.1	0	N/A	26.455	189	20	5.08e-09	62.4	poly(A) RNA polymerase GLD2 isoform 2 [Homo sapiens]	TRUE	TENT2
XP_001680977.1	NP_001375053.1	0	N/A	26.455	189	20	5.08e-09	62.4	poly(A) RNA polymerase GLD2 isoform 2 [Homo sapiens]	TRUE	TENT2
XP_001680977.1	NP_001375052.1	0	N/A	26.455	189	20	5.08e-09	62.4	poly(A) RNA polymerase GLD2 isoform 2 [Homo sapiens]	TRUE	TENT2
XP_001680977.1	NP_001375051.1	0	N/A	26.455	189	20	5.08e-09	62.4	poly(A) RNA polymerase GLD2 isoform 2 [Homo sapiens]	TRUE	TENT2
XP_001680977.1	NP_001375050.1	0	N/A	26.455	189	20	5.08e-09	62.4	poly(A) RNA polymerase GLD2 isoform 2 [Homo sapiens]	TRUE	TENT2
XP_001680977.1	NP_001375049.1	0	N/A	26.455	189	20	5.08e-09	62.4	poly(A) RNA polymerase GLD2 isoform 2 [Homo sapiens]	TRUE	TENT2
XP_001680977.1	NP_001375048.1	0	N/A	26.455	189	20	5.08e-09	62.4	poly(A) RNA polymerase GLD2 isoform 2 [Homo sapiens]	TRUE	TENT2
XP_001680977.1	NP_001375047.1	0	N/A	26.455	189	20	5.08e-09	62.4	poly(A) RNA polymerase GLD2 isoform 2 [Homo sapiens]	TRUE	TENT2
XP_001680977.1	NP_001375046.1	0	N/A	26.455	189	20	5.08e-09	62.4	poly(A) RNA polymerase GLD2 isoform 2 [Homo sapiens]	TRUE	TENT2
XP_001680977.1	NP_001375045.1	0	N/A	26.455	189	20	5.08e-09	62.4	poly(A) RNA polymerase GLD2 isoform 2 [Homo sapiens]	TRUE	TENT2
XP_001680977.1	NP_001375044.1	0	N/A	26.455	189	20	5.08e-09	62.4	poly(A) RNA polymerase GLD2 isoform 2 [Homo sapiens]	TRUE	TENT2
XP_001680977.1	NP_001375043.1	0	N/A	26.455	189	20	5.08e-09	62.4	poly(A) RNA polymerase GLD2 isoform 2 [Homo sapiens]	TRUE	TENT2
XP_001680977.1	NP_001336483.1	0	N/A	26.455	189	20	5.08e-09	62.4	poly(A) RNA polymerase GLD2 isoform 2 [Homo sapiens]	TRUE	TENT2
XP_001680977.1	NP_001284673.1	0	N/A	26.455	189	20	5.08e-09	62.4	poly(A) RNA polymerase GLD2 isoform 2 [Homo sapiens]	TRUE	TENT2
XP_001680977.1	NP_001375059.1	0	N/A	26.455	189	20	5.63e-09	62.4	poly(A) RNA polymerase GLD2 isoform 10 [Homo sapiens]	TRUE	TENT2
XP_001680977.1	XP_047272820.1	0	N/A	31.967	122	13	6.18e-09	60.5	poly(A) RNA polymerase GLD2 isoform X11 [Homo sapiens]	TRUE	TENT2
XP_001680977.1	XP_047272805.1	0	N/A	31.967	122	13	7.12e-09	62	poly(A) RNA polymerase GLD2 isoform X2 [Homo sapiens]	TRUE	TENT2
XP_001680977.1	XP_047272804.1	0	N/A	31.967	122	13	7.12e-09	62	poly(A) RNA polymerase GLD2 isoform X2 [Homo sapiens]	TRUE	TENT2
XP_001680977.1	XP_047272803.1	0	N/A	31.967	122	13	7.12e-09	62	poly(A) RNA polymerase GLD2 isoform X2 [Homo sapiens]	TRUE	TENT2
XP_001680977.1	XP_047272802.1	0	N/A	31.967	122	13	7.12e-09	62	poly(A) RNA polymerase GLD2 isoform X2 [Homo sapiens]	TRUE	TENT2
XP_001680977.1	XP_016864641.1	0	N/A	31.967	122	13	7.12e-09	62	poly(A) RNA polymerase GLD2 isoform X2 [Homo sapiens]	TRUE	TENT2
XP_001680977.1	NP_001375026.1	0	N/A	31.967	122	13	7.12e-09	62	poly(A) RNA polymerase GLD2 isoform 6 [Homo sapiens]	TRUE	TENT2
XP_001680977.1	NP_001375025.1	0	N/A	31.967	122	13	7.12e-09	62	poly(A) RNA polymerase GLD2 isoform 6 [Homo sapiens]	TRUE	TENT2
XP_001680977.1	NP_001375024.1	0	N/A	31.967	122	13	7.12e-09	62	poly(A) RNA polymerase GLD2 isoform 6 [Homo sapiens]	TRUE	TENT2
XP_001680977.1	NP_001336480.1	0	N/A	31.967	122	13	7.12e-09	62	poly(A) RNA polymerase GLD2 isoform 6 [Homo sapiens]	TRUE	TENT2
XP_001680977.1	NP_001375027.1	0	N/A	31.967	122	13	7.36e-09	62	poly(A) RNA polymerase GLD2 isoform 7 [Homo sapiens]	TRUE	TENT2
XP_001680977.1	NP_001375061.1	0	N/A	26.455	189	20	7.42e-09	61.6	poly(A) RNA polymerase GLD2 isoform 12 [Homo sapiens]	TRUE	TENT2
XP_001680977.1	XP_047272801.1	0	N/A	31.967	122	13	8.03e-09	61.6	poly(A) RNA polymerase GLD2 isoform X1 [Homo sapiens]	TRUE	TENT2
XP_001680977.1	XP_047272800.1	0	N/A	31.967	122	13	8.03e-09	61.6	poly(A) RNA polymerase GLD2 isoform X1 [Homo sapiens]	TRUE	TENT2
XP_001680977.1	XP_011541527.1	0	N/A	31.967	122	13	8.03e-09	61.6	poly(A) RNA polymerase GLD2 isoform X1 [Homo sapiens]	TRUE	TENT2
XP_001680977.1	XP_011541526.1	0	N/A	31.967	122	13	8.03e-09	61.6	poly(A) RNA polymerase GLD2 isoform X1 [Homo sapiens]	TRUE	TENT2
XP_001680977.1	XP_011541523.1	0	N/A	31.967	122	13	8.03e-09	61.6	poly(A) RNA polymerase GLD2 isoform X1 [Homo sapiens]	TRUE	TENT2
XP_001680977.1	XP_011541522.1	0	N/A	31.967	122	13	8.03e-09	61.6	poly(A) RNA polymerase GLD2 isoform X1 [Homo sapiens]	TRUE	TENT2
XP_001680977.1	NP_001375023.1	0	N/A	31.967	122	13	8.03e-09	61.6	poly(A) RNA polymerase GLD2 isoform 5 [Homo sapiens]	TRUE	TENT2
XP_001680977.1	NP_001375022.1	0	N/A	31.967	122	13	8.03e-09	61.6	poly(A) RNA polymerase GLD2 isoform 5 [Homo sapiens]	TRUE	TENT2
XP_001680977.1	NP_001336479.1	0	N/A	31.967	122	13	8.03e-09	61.6	poly(A) RNA polymerase GLD2 isoform 5 [Homo sapiens]	TRUE	TENT2
XP_001680977.1	NP_001336478.1	0	N/A	31.967	122	13	8.03e-09	61.6	poly(A) RNA polymerase GLD2 isoform 5 [Homo sapiens]	TRUE	TENT2
XP_001680977.1	XP_047272817.1	0	N/A	31.933	119	13	1.24e-08	60.5	poly(A) RNA polymerase GLD2 isoform X9 [Homo sapiens]	TRUE	TENT2
XP_001680977.1	NP_001375065.1	0	N/A	26.455	189	20	1.29e-08	60.5	poly(A) RNA polymerase GLD2 isoform 14 [Homo sapiens]	TRUE	TENT2
XP_001680977.1	XP_047272816.1	0	N/A	31.933	119	13	1.52e-08	60.5	poly(A) RNA polymerase GLD2 isoform X8 [Homo sapiens]	TRUE	TENT2
XP_001680977.1	XP_016856293.1	0	N/A	29.293	198	20	1.58e-08	61.6	terminal uridylyltransferase 4 isoform X16 [Homo sapiens]	TRUE	Tut4
XP_001680977.1	XP_047272288.1	0	N/A	29.293	198	20	1.69e-08	61.6	terminal uridylyltransferase 4 isoform X10 [Homo sapiens]	TRUE	Tut4
XP_001680977.1	XP_016856299.1	0	N/A	29.293	198	20	1.9e-08	61.2	terminal uridylyltransferase 4 isoform X40 [Homo sapiens]	TRUE	Tut4
XP_001680977.1	XP_047272283.1	0	N/A	29.293	198	20	1.97e-08	61.2	terminal uridylyltransferase 4 isoform X6 [Homo sapiens]	TRUE	Tut4
XP_001680977.1	XP_005270737.1	0	N/A	29.293	198	20	1.97e-08	61.2	terminal uridylyltransferase 4 isoform X6 [Homo sapiens]	TRUE	Tut4
XP_001680977.1	XP_047272281.1	0	N/A	29.293	198	20	2.06e-08	61.2	terminal uridylyltransferase 4 isoform X4 [Homo sapiens]	TRUE	Tut4
XP_001680977.1	NP_001009881.1	0	N/A	29.293	198	20	2.06e-08	61.2	terminal uridylyltransferase 4 isoform a [Homo sapiens]	TRUE	Tut4
XP_001680977.1	XP_047272365.1	0	N/A	29.293	198	20	2.25e-08	60.8	terminal uridylyltransferase 4 isoform X38 [Homo sapiens]	TRUE	Tut4
XP_001680977.1	XP_016856292.1	0	N/A	29.293	198	20	2.31e-08	60.8	terminal uridylyltransferase 4 isoform X9 [Homo sapiens]	TRUE	Tut4
XP_001680977.1	XP_047272282.1	0	N/A	29.293	198	20	2.34e-08	60.8	terminal uridylyltransferase 4 isoform X5 [Homo sapiens]	TRUE	Tut4
XP_001680977.1	NP_056084.1	0	N/A	29.293	198	20	2.34e-08	60.8	terminal uridylyltransferase 4 isoform b [Homo sapiens]	TRUE	Tut4
XP_001680977.1	XP_047272285.1	0	N/A	29.293	198	20	2.72e-08	60.8	terminal uridylyltransferase 4 isoform X7 [Homo sapiens]	TRUE	Tut4
XP_001680977.1	XP_016856296.1	0	N/A	29.293	198	20	2.94e-08	60.8	terminal uridylyltransferase 4 isoform X28 [Homo sapiens]	TRUE	Tut4
XP_001680977.1	XP_011539399.1	0	N/A	29.293	198	20	3.07e-08	60.5	terminal uridylyltransferase 4 isoform X1 [Homo sapiens]	TRUE	Tut4
XP_001680977.1	XP_005270733.1	0	N/A	29.293	198	20	3.07e-08	60.5	terminal uridylyltransferase 4 isoform X1 [Homo sapiens]	TRUE	Tut4
XP_001680977.1	XP_016856297.1	0	N/A	29.293	198	20	3.08e-08	60.5	terminal uridylyltransferase 4 isoform X36 [Homo sapiens]	TRUE	Tut4
XP_001680977.1	XP_005270735.1	0	N/A	29.293	198	20	3.12e-08	60.5	terminal uridylyltransferase 4 isoform X2 [Homo sapiens]	TRUE	Tut4
XP_001680977.1	XP_047272280.1	0	N/A	29.293	198	20	3.15e-08	60.5	terminal uridylyltransferase 4 isoform X3 [Homo sapiens]	TRUE	Tut4
XP_001682729.1	NP_001336477.1	0	N/A	27.66	141	15	1.59e-09	62.4	poly(A) RNA polymerase GLD2 isoform 4 [Homo sapiens]	TRUE	TENT2
XP_001682729.1	XP_047272820.1	0	N/A	27.66	141	15	1.68e-09	62	poly(A) RNA polymerase GLD2 isoform X11 [Homo sapiens]	TRUE	TENT2
XP_001682729.1	XP_047272805.1	0	N/A	27.66	141	15	2.41e-09	63.5	poly(A) RNA polymerase GLD2 isoform X2 [Homo sapiens]	TRUE	TENT2
XP_001682729.1	XP_047272804.1	0	N/A	27.66	141	15	2.41e-09	63.5	poly(A) RNA polymerase GLD2 isoform X2 [Homo sapiens]	TRUE	TENT2
XP_001682729.1	XP_047272803.1	0	N/A	27.66	141	15	2.41e-09	63.5	poly(A) RNA polymerase GLD2 isoform X2 [Homo sapiens]	TRUE	TENT2
XP_001682729.1	XP_047272802.1	0	N/A	27.66	141	15	2.41e-09	63.5	poly(A) RNA polymerase GLD2 isoform X2 [Homo sapiens]	TRUE	TENT2
XP_001682729.1	XP_016864641.1	0	N/A	27.66	141	15	2.41e-09	63.5	poly(A) RNA polymerase GLD2 isoform X2 [Homo sapiens]	TRUE	TENT2
XP_001682729.1	NP_001375026.1	0	N/A	27.66	141	15	2.41e-09	63.5	poly(A) RNA polymerase GLD2 isoform 6 [Homo sapiens]	TRUE	TENT2
XP_001682729.1	NP_001375025.1	0	N/A	27.66	141	15	2.41e-09	63.5	poly(A) RNA polymerase GLD2 isoform 6 [Homo sapiens]	TRUE	TENT2
XP_001682729.1	NP_001375024.1	0	N/A	27.66	141	15	2.41e-09	63.5	poly(A) RNA polymerase GLD2 isoform 6 [Homo sapiens]	TRUE	TENT2
XP_001682729.1	NP_001336480.1	0	N/A	27.66	141	15	2.41e-09	63.5	poly(A) RNA polymerase GLD2 isoform 6 [Homo sapiens]	TRUE	TENT2
XP_001682729.1	NP_001375027.1	0	N/A	27.66	141	15	2.45e-09	63.5	poly(A) RNA polymerase GLD2 isoform 7 [Homo sapiens]	TRUE	TENT2
XP_001682729.1	XP_047272811.1	0	N/A	27.66	141	15	2.47e-09	63.5	poly(A) RNA polymerase GLD2 isoform X4 [Homo sapiens]	TRUE	TENT2
XP_001682729.1	XP_047272810.1	0	N/A	27.66	141	15	2.47e-09	63.5	poly(A) RNA polymerase GLD2 isoform X4 [Homo sapiens]	TRUE	TENT2
XP_001682729.1	XP_047272809.1	0	N/A	27.66	141	15	2.47e-09	63.5	poly(A) RNA polymerase GLD2 isoform X4 [Homo sapiens]	TRUE	TENT2
XP_001682729.1	NP_001375058.1	0	N/A	27.66	141	15	2.47e-09	63.5	poly(A) RNA polymerase GLD2 isoform 2 [Homo sapiens]	TRUE	TENT2
XP_001682729.1	NP_001375057.1	0	N/A	27.66	141	15	2.47e-09	63.5	poly(A) RNA polymerase GLD2 isoform 2 [Homo sapiens]	TRUE	TENT2
XP_001682729.1	NP_001375056.1	0	N/A	27.66	141	15	2.47e-09	63.5	poly(A) RNA polymerase GLD2 isoform 2 [Homo sapiens]	TRUE	TENT2
XP_001682729.1	NP_001375055.1	0	N/A	27.66	141	15	2.47e-09	63.5	poly(A) RNA polymerase GLD2 isoform 2 [Homo sapiens]	TRUE	TENT2
XP_001682729.1	NP_001375054.1	0	N/A	27.66	141	15	2.47e-09	63.5	poly(A) RNA polymerase GLD2 isoform 2 [Homo sapiens]	TRUE	TENT2
XP_001682729.1	NP_001375053.1	0	N/A	27.66	141	15	2.47e-09	63.5	poly(A) RNA polymerase GLD2 isoform 2 [Homo sapiens]	TRUE	TENT2
XP_001682729.1	NP_001375052.1	0	N/A	27.66	141	15	2.47e-09	63.5	poly(A) RNA polymerase GLD2 isoform 2 [Homo sapiens]	TRUE	TENT2
XP_001682729.1	NP_001375051.1	0	N/A	27.66	141	15	2.47e-09	63.5	poly(A) RNA polymerase GLD2 isoform 2 [Homo sapiens]	TRUE	TENT2
XP_001682729.1	NP_001375050.1	0	N/A	27.66	141	15	2.47e-09	63.5	poly(A) RNA polymerase GLD2 isoform 2 [Homo sapiens]	TRUE	TENT2
XP_001682729.1	NP_001375049.1	0	N/A	27.66	141	15	2.47e-09	63.5	poly(A) RNA polymerase GLD2 isoform 2 [Homo sapiens]	TRUE	TENT2
XP_001682729.1	NP_001375048.1	0	N/A	27.66	141	15	2.47e-09	63.5	poly(A) RNA polymerase GLD2 isoform 2 [Homo sapiens]	TRUE	TENT2
XP_001682729.1	NP_001375047.1	0	N/A	27.66	141	15	2.47e-09	63.5	poly(A) RNA polymerase GLD2 isoform 2 [Homo sapiens]	TRUE	TENT2
XP_001682729.1	NP_001375046.1	0	N/A	27.66	141	15	2.47e-09	63.5	poly(A) RNA polymerase GLD2 isoform 2 [Homo sapiens]	TRUE	TENT2
XP_001682729.1	NP_001375045.1	0	N/A	27.66	141	15	2.47e-09	63.5	poly(A) RNA polymerase GLD2 isoform 2 [Homo sapiens]	TRUE	TENT2
XP_001682729.1	NP_001375044.1	0	N/A	27.66	141	15	2.47e-09	63.5	poly(A) RNA polymerase GLD2 isoform 2 [Homo sapiens]	TRUE	TENT2
XP_001682729.1	NP_001375043.1	0	N/A	27.66	141	15	2.47e-09	63.5	poly(A) RNA polymerase GLD2 isoform 2 [Homo sapiens]	TRUE	TENT2
XP_001682729.1	NP_001336483.1	0	N/A	27.66	141	15	2.47e-09	63.5	poly(A) RNA polymerase GLD2 isoform 2 [Homo sapiens]	TRUE	TENT2
XP_001682729.1	NP_001284673.1	0	N/A	27.66	141	15	2.47e-09	63.5	poly(A) RNA polymerase GLD2 isoform 2 [Homo sapiens]	TRUE	TENT2
XP_001682729.1	NP_001375061.1	0	N/A	27.66	141	15	2.49e-09	63.2	poly(A) RNA polymerase GLD2 isoform 12 [Homo sapiens]	TRUE	TENT2
XP_001682729.1	NP_001375065.1	0	N/A	27.66	141	15	2.51e-09	62.8	poly(A) RNA polymerase GLD2 isoform 14 [Homo sapiens]	TRUE	TENT2
XP_001682729.1	NP_001375059.1	0	N/A	27.66	141	15	2.59e-09	63.2	poly(A) RNA polymerase GLD2 isoform 10 [Homo sapiens]	TRUE	TENT2
XP_001682729.1	XP_047272801.1	0	N/A	27.66	141	15	2.74e-09	63.2	poly(A) RNA polymerase GLD2 isoform X1 [Homo sapiens]	TRUE	TENT2
XP_001682729.1	XP_047272800.1	0	N/A	27.66	141	15	2.74e-09	63.2	poly(A) RNA polymerase GLD2 isoform X1 [Homo sapiens]	TRUE	TENT2
XP_001682729.1	XP_011541527.1	0	N/A	27.66	141	15	2.74e-09	63.2	poly(A) RNA polymerase GLD2 isoform X1 [Homo sapiens]	TRUE	TENT2
XP_001682729.1	XP_011541526.1	0	N/A	27.66	141	15	2.74e-09	63.2	poly(A) RNA polymerase GLD2 isoform X1 [Homo sapiens]	TRUE	TENT2
XP_001682729.1	XP_011541523.1	0	N/A	27.66	141	15	2.74e-09	63.2	poly(A) RNA polymerase GLD2 isoform X1 [Homo sapiens]	TRUE	TENT2
XP_001682729.1	XP_011541522.1	0	N/A	27.66	141	15	2.74e-09	63.2	poly(A) RNA polymerase GLD2 isoform X1 [Homo sapiens]	TRUE	TENT2
XP_001682729.1	NP_001375023.1	0	N/A	27.66	141	15	2.74e-09	63.2	poly(A) RNA polymerase GLD2 isoform 5 [Homo sapiens]	TRUE	TENT2
XP_001682729.1	NP_001375022.1	0	N/A	27.66	141	15	2.74e-09	63.2	poly(A) RNA polymerase GLD2 isoform 5 [Homo sapiens]	TRUE	TENT2
XP_001682729.1	NP_001336479.1	0	N/A	27.66	141	15	2.74e-09	63.2	poly(A) RNA polymerase GLD2 isoform 5 [Homo sapiens]	TRUE	TENT2
XP_001682729.1	NP_001336478.1	0	N/A	27.66	141	15	2.74e-09	63.2	poly(A) RNA polymerase GLD2 isoform 5 [Homo sapiens]	TRUE	TENT2
XP_001682729.1	XP_047272808.1	0	N/A	27.66	141	15	2.86e-09	63.2	poly(A) RNA polymerase GLD2 isoform X3 [Homo sapiens]	TRUE	TENT2
XP_001682729.1	XP_047272807.1	0	N/A	27.66	141	15	2.86e-09	63.2	poly(A) RNA polymerase GLD2 isoform X3 [Homo sapiens]	TRUE	TENT2
XP_001682729.1	XP_047272806.1	0	N/A	27.66	141	15	2.86e-09	63.2	poly(A) RNA polymerase GLD2 isoform X3 [Homo sapiens]	TRUE	TENT2
XP_001682729.1	NP_776158.2	0	N/A	27.66	141	15	2.86e-09	63.2	poly(A) RNA polymerase GLD2 isoform 1 [Homo sapiens]	TRUE	TENT2
XP_001682729.1	NP_001375041.1	0	N/A	27.66	141	15	2.86e-09	63.2	poly(A) RNA polymerase GLD2 isoform 1 [Homo sapiens]	TRUE	TENT2
XP_001682729.1	NP_001375040.1	0	N/A	27.66	141	15	2.86e-09	63.2	poly(A) RNA polymerase GLD2 isoform 1 [Homo sapiens]	TRUE	TENT2
XP_001682729.1	NP_001375039.1	0	N/A	27.66	141	15	2.86e-09	63.2	poly(A) RNA polymerase GLD2 isoform 1 [Homo sapiens]	TRUE	TENT2
XP_001682729.1	NP_001375038.1	0	N/A	27.66	141	15	2.86e-09	63.2	poly(A) RNA polymerase GLD2 isoform 1 [Homo sapiens]	TRUE	TENT2
XP_001682729.1	NP_001375037.1	0	N/A	27.66	141	15	2.86e-09	63.2	poly(A) RNA polymerase GLD2 isoform 1 [Homo sapiens]	TRUE	TENT2
XP_001682729.1	NP_001375036.1	0	N/A	27.66	141	15	2.86e-09	63.2	poly(A) RNA polymerase GLD2 isoform 1 [Homo sapiens]	TRUE	TENT2
XP_001682729.1	NP_001375035.1	0	N/A	27.66	141	15	2.86e-09	63.2	poly(A) RNA polymerase GLD2 isoform 1 [Homo sapiens]	TRUE	TENT2
XP_001682729.1	NP_001375034.1	0	N/A	27.66	141	15	2.86e-09	63.2	poly(A) RNA polymerase GLD2 isoform 1 [Homo sapiens]	TRUE	TENT2
XP_001682729.1	NP_001375032.1	0	N/A	27.66	141	15	2.86e-09	63.2	poly(A) RNA polymerase GLD2 isoform 1 [Homo sapiens]	TRUE	TENT2
XP_001682729.1	NP_001375031.1	0	N/A	27.66	141	15	2.86e-09	63.2	poly(A) RNA polymerase GLD2 isoform 1 [Homo sapiens]	TRUE	TENT2
XP_001682729.1	NP_001336482.1	0	N/A	27.66	141	15	2.86e-09	63.2	poly(A) RNA polymerase GLD2 isoform 1 [Homo sapiens]	TRUE	TENT2
XP_001682729.1	NP_001336481.1	0	N/A	27.66	141	15	2.86e-09	63.2	poly(A) RNA polymerase GLD2 isoform 1 [Homo sapiens]	TRUE	TENT2
XP_001682729.1	NP_001107866.1	0	N/A	27.66	141	15	2.86e-09	63.2	poly(A) RNA polymerase GLD2 isoform 1 [Homo sapiens]	TRUE	TENT2
XP_001682729.1	NP_001107865.1	0	N/A	27.66	141	15	2.86e-09	63.2	poly(A) RNA polymerase GLD2 isoform 1 [Homo sapiens]	TRUE	TENT2
XP_001682729.1	NP_001375042.1	0	N/A	27.66	141	15	2.91e-09	63.2	poly(A) RNA polymerase GLD2 isoform 16 [Homo sapiens]	TRUE	TENT2
XP_001682729.1	NP_001375060.1	0	N/A	27.66	141	15	3e-09	63.2	poly(A) RNA polymerase GLD2 isoform 11 [Homo sapiens]	TRUE	TENT2
XP_001682729.1	NP_001375030.1	0	N/A	27.66	141	15	3.3e-09	63.2	poly(A) RNA polymerase GLD2 isoform 9 [Homo sapiens]	TRUE	TENT2
XP_001682729.1	NP_001375029.1	0	N/A	27.66	141	15	3.83e-09	62.8	poly(A) RNA polymerase GLD2 isoform 8 [Homo sapiens]	TRUE	TENT2
XP_001682729.1	NP_001375028.1	0	N/A	27.66	141	15	3.83e-09	62.8	poly(A) RNA polymerase GLD2 isoform 8 [Homo sapiens]	TRUE	TENT2
XP_001682729.1	NP_001375066.1	0	N/A	28.369	141	15	1.38e-08	59.7	poly(A) RNA polymerase GLD2 isoform 15 [Homo sapiens]	TRUE	TENT2
XP_001682729.1	NP_001317647.1	0	N/A	28.058	139	14	6.42e-07	56.2	terminal uridylyltransferase 7 isoform 3 [Homo sapiens]	TRUE	Tut7
XP_001682729.1	XP_011517317.1	0	N/A	23.144	229	23	7.91e-07	55.8	terminal uridylyltransferase 7 isoform X3 [Homo sapiens]	TRUE	Tut7
XP_001682729.1	XP_047279823.1	0	N/A	23.144	229	23	8.4e-07	55.8	terminal uridylyltransferase 7 isoform X2 [Homo sapiens]	TRUE	Tut7
XP_001682729.1	XP_006717346.1	0	N/A	23.144	229	23	8.4e-07	55.8	terminal uridylyltransferase 7 isoform X2 [Homo sapiens]	TRUE	Tut7
XP_001682729.1	XP_047279825.1	0	N/A	23.144	229	23	8.48e-07	55.8	terminal uridylyltransferase 7 isoform X6 [Homo sapiens]	TRUE	Tut7
XP_001682729.1	XP_047279824.1	0	N/A	23.144	229	23	8.48e-07	55.8	terminal uridylyltransferase 7 isoform X6 [Homo sapiens]	TRUE	Tut7
XP_001682729.1	XP_005252264.1	0	N/A	23.144	229	23	8.48e-07	55.8	terminal uridylyltransferase 7 isoform X6 [Homo sapiens]	TRUE	Tut7
XP_001682729.1	XP_011517318.1	0	N/A	27.857	140	14	8.64e-07	55.8	terminal uridylyltransferase 7 isoform X5 [Homo sapiens]	TRUE	Tut7
XP_001682729.1	NP_001172003.1	0	N/A	23.144	229	23	8.72e-07	55.8	terminal uridylyltransferase 7 isoform 2 [Homo sapiens]	TRUE	Tut7
XP_001682729.1	XP_005252265.1	0	N/A	23.144	229	23	8.96e-07	55.8	terminal uridylyltransferase 7 isoform X7 [Homo sapiens]	TRUE	Tut7
XP_001682729.1	XP_016870620.1	0	N/A	23.144	229	23	9.09e-07	55.8	terminal uridylyltransferase 7 isoform X4 [Homo sapiens]	TRUE	Tut7
XP_001682729.1	XP_016870619.1	0	N/A	23.144	229	23	9.09e-07	55.8	terminal uridylyltransferase 7 isoform X4 [Homo sapiens]	TRUE	Tut7
XP_001682729.1	NP_078893.2	0	N/A	23.144	229	23	9.09e-07	55.8	terminal uridylyltransferase 7 isoform 1 [Homo sapiens]	TRUE	Tut7
XP_001682729.1	NP_001171988.1	0	N/A	23.144	229	23	9.09e-07	55.8	terminal uridylyltransferase 7 isoform 1 [Homo sapiens]	TRUE	Tut7
XP_001682729.1	XP_011517316.1	0	N/A	23.144	229	23	9.46e-07	55.8	terminal uridylyltransferase 7 isoform X1 [Homo sapiens]	TRUE	Tut7
XP_001682729.1	XP_011517315.1	0	N/A	23.144	229	23	9.46e-07	55.8	terminal uridylyltransferase 7 isoform X1 [Homo sapiens]	TRUE	Tut7
XP_001682729.1	XP_011517314.1	0	N/A	23.144	229	23	9.46e-07	55.8	terminal uridylyltransferase 7 isoform X1 [Homo sapiens]	TRUE	Tut7
XP_001682729.1	XP_011517313.1	0	N/A	23.144	229	23	9.46e-07	55.8	terminal uridylyltransferase 7 isoform X1 [Homo sapiens]	TRUE	Tut7
XP_001682729.1	XP_047272365.1	0	N/A	27.737	137	14	6.04e-06	53.1	terminal uridylyltransferase 4 isoform X38 [Homo sapiens]	TRUE	Tut4
XP_001682729.1	XP_047272372.1	0	N/A	27.737	137	14	6.07e-06	53.1	terminal uridylyltransferase 4 isoform X42 [Homo sapiens]	TRUE	Tut4
XP_001682729.1	XP_047272283.1	0	N/A	27.737	137	14	6.1e-06	53.1	terminal uridylyltransferase 4 isoform X6 [Homo sapiens]	TRUE	Tut4
XP_001682729.1	XP_005270737.1	0	N/A	27.737	137	14	6.1e-06	53.1	terminal uridylyltransferase 4 isoform X6 [Homo sapiens]	TRUE	Tut4
XP_001682729.1	XP_016856297.1	0	N/A	27.737	137	14	6.14e-06	53.1	terminal uridylyltransferase 4 isoform X36 [Homo sapiens]	TRUE	Tut4
XP_001682729.1	XP_047272305.1	0	N/A	27.737	137	14	6.19e-06	53.1	terminal uridylyltransferase 4 isoform X17 [Homo sapiens]	TRUE	Tut4
XP_001682729.1	XP_047272282.1	0	N/A	27.737	137	14	6.36e-06	53.1	terminal uridylyltransferase 4 isoform X5 [Homo sapiens]	TRUE	Tut4
XP_001682729.1	NP_056084.1	0	N/A	27.737	137	14	6.36e-06	53.1	terminal uridylyltransferase 4 isoform b [Homo sapiens]	TRUE	Tut4
XP_001682729.1	XP_016856299.1	0	N/A	27.737	137	14	6.4e-06	53.1	terminal uridylyltransferase 4 isoform X40 [Homo sapiens]	TRUE	Tut4
XP_001682729.1	XP_047272286.1	0	N/A	27.737	137	14	6.41e-06	53.1	terminal uridylyltransferase 4 isoform X8 [Homo sapiens]	TRUE	Tut4
XP_001682729.1	XP_047272281.1	0	N/A	27.737	137	14	6.42e-06	53.1	terminal uridylyltransferase 4 isoform X4 [Homo sapiens]	TRUE	Tut4
XP_001682729.1	NP_001009881.1	0	N/A	27.737	137	14	6.42e-06	53.1	terminal uridylyltransferase 4 isoform a [Homo sapiens]	TRUE	Tut4
XP_001682818.1	XP_047272372.1	0	N/A	29.008	262	60	3.85e-14	77	terminal uridylyltransferase 4 isoform X42 [Homo sapiens]	TRUE	Tut4
XP_001682818.1	XP_047272286.1	0	N/A	29.008	262	60	3.87e-14	77.4	terminal uridylyltransferase 4 isoform X8 [Homo sapiens]	TRUE	Tut4
XP_001682818.1	XP_047272305.1	0	N/A	29.008	262	60	4.12e-14	77	terminal uridylyltransferase 4 isoform X17 [Homo sapiens]	TRUE	Tut4
XP_001682818.1	XP_047272290.1	0	N/A	29.008	262	60	4.23e-14	77	terminal uridylyltransferase 4 isoform X11 [Homo sapiens]	TRUE	Tut4
XP_001682818.1	XP_047272296.1	0	N/A	29.008	262	60	4.27e-14	77	terminal uridylyltransferase 4 isoform X13 [Homo sapiens]	TRUE	Tut4
XP_001682818.1	XP_047272295.1	0	N/A	29.008	262	60	4.34e-14	77	terminal uridylyltransferase 4 isoform X12 [Homo sapiens]	TRUE	Tut4
XP_001682818.1	XP_047272350.1	0	N/A	29.008	262	60	4.66e-14	77	terminal uridylyltransferase 4 isoform X34 [Homo sapiens]	TRUE	Tut4
XP_001682818.1	XP_047272344.1	0	N/A	29.008	262	60	5.2e-14	76.6	terminal uridylyltransferase 4 isoform X30 [Homo sapiens]	TRUE	Tut4
XP_001682818.1	XP_047279825.1	0	N/A	25.448	279	66	2.4e-13	74.7	terminal uridylyltransferase 7 isoform X6 [Homo sapiens]	TRUE	Tut7
XP_001682818.1	XP_047279824.1	0	N/A	25.448	279	66	2.4e-13	74.7	terminal uridylyltransferase 7 isoform X6 [Homo sapiens]	TRUE	Tut7
XP_001682818.1	XP_005252264.1	0	N/A	25.448	279	66	2.4e-13	74.7	terminal uridylyltransferase 7 isoform X6 [Homo sapiens]	TRUE	Tut7
XP_001682818.1	XP_011517318.1	0	N/A	25.448	279	66	2.4e-13	74.7	terminal uridylyltransferase 7 isoform X5 [Homo sapiens]	TRUE	Tut7
XP_001682818.1	XP_016870620.1	0	N/A	25.448	279	66	2.44e-13	74.7	terminal uridylyltransferase 7 isoform X4 [Homo sapiens]	TRUE	Tut7
XP_001682818.1	XP_016870619.1	0	N/A	25.448	279	66	2.44e-13	74.7	terminal uridylyltransferase 7 isoform X4 [Homo sapiens]	TRUE	Tut7
XP_001682818.1	NP_078893.2	0	N/A	25.448	279	66	2.44e-13	74.7	terminal uridylyltransferase 7 isoform 1 [Homo sapiens]	TRUE	Tut7
XP_001682818.1	NP_001171988.1	0	N/A	25.448	279	66	2.44e-13	74.7	terminal uridylyltransferase 7 isoform 1 [Homo sapiens]	TRUE	Tut7
XP_001682818.1	XP_011517316.1	0	N/A	25.448	279	66	2.48e-13	74.7	terminal uridylyltransferase 7 isoform X1 [Homo sapiens]	TRUE	Tut7
XP_001682818.1	XP_011517315.1	0	N/A	25.448	279	66	2.48e-13	74.7	terminal uridylyltransferase 7 isoform X1 [Homo sapiens]	TRUE	Tut7
XP_001682818.1	XP_011517314.1	0	N/A	25.448	279	66	2.48e-13	74.7	terminal uridylyltransferase 7 isoform X1 [Homo sapiens]	TRUE	Tut7
XP_001682818.1	XP_011517313.1	0	N/A	25.448	279	66	2.48e-13	74.7	terminal uridylyltransferase 7 isoform X1 [Homo sapiens]	TRUE	Tut7
XP_001682818.1	XP_011517317.1	0	N/A	25.448	279	66	2.64e-13	74.7	terminal uridylyltransferase 7 isoform X3 [Homo sapiens]	TRUE	Tut7
XP_001682818.1	XP_047279823.1	0	N/A	25.448	279	66	2.69e-13	74.7	terminal uridylyltransferase 7 isoform X2 [Homo sapiens]	TRUE	Tut7
XP_001682818.1	XP_006717346.1	0	N/A	25.448	279	66	2.69e-13	74.7	terminal uridylyltransferase 7 isoform X2 [Homo sapiens]	TRUE	Tut7
XP_001682818.1	NP_001317647.1	0	N/A	25.448	279	66	2.97e-13	74.3	terminal uridylyltransferase 7 isoform 3 [Homo sapiens]	TRUE	Tut7
XP_001682818.1	XP_005252265.1	0	N/A	25.448	279	66	2.97e-13	74.3	terminal uridylyltransferase 7 isoform X7 [Homo sapiens]	TRUE	Tut7
XP_001682818.1	XP_047272285.1	0	N/A	28.287	251	58	3.31e-11	68.2	terminal uridylyltransferase 4 isoform X7 [Homo sapiens]	TRUE	Tut4
XP_001682818.1	XP_047272365.1	0	N/A	28.287	251	58	3.42e-11	68.2	terminal uridylyltransferase 4 isoform X38 [Homo sapiens]	TRUE	Tut4
XP_001682818.1	XP_016856292.1	0	N/A	28.287	251	58	3.51e-11	67.8	terminal uridylyltransferase 4 isoform X9 [Homo sapiens]	TRUE	Tut4
XP_001682818.1	XP_047272281.1	0	N/A	28.287	251	58	3.52e-11	67.8	terminal uridylyltransferase 4 isoform X4 [Homo sapiens]	TRUE	Tut4
XP_001682818.1	NP_001009881.1	0	N/A	28.287	251	58	3.52e-11	67.8	terminal uridylyltransferase 4 isoform a [Homo sapiens]	TRUE	Tut4
XP_001682818.1	XP_047272282.1	0	N/A	28.287	251	58	3.55e-11	67.8	terminal uridylyltransferase 4 isoform X5 [Homo sapiens]	TRUE	Tut4
XP_001682818.1	NP_056084.1	0	N/A	28.287	251	58	3.55e-11	67.8	terminal uridylyltransferase 4 isoform b [Homo sapiens]	TRUE	Tut4
XP_001682818.1	XP_016856299.1	0	N/A	28.287	251	58	3.6e-11	67.8	terminal uridylyltransferase 4 isoform X40 [Homo sapiens]	TRUE	Tut4
XP_001682818.1	XP_016856293.1	0	N/A	28.287	251	58	3.61e-11	67.8	terminal uridylyltransferase 4 isoform X16 [Homo sapiens]	TRUE	Tut4
XP_001682818.1	XP_047272288.1	0	N/A	28.287	251	58	3.77e-11	67.8	terminal uridylyltransferase 4 isoform X10 [Homo sapiens]	TRUE	Tut4
XP_001682818.1	XP_047272283.1	0	N/A	28.287	251	58	3.85e-11	67.8	terminal uridylyltransferase 4 isoform X6 [Homo sapiens]	TRUE	Tut4
XP_001682818.1	XP_005270737.1	0	N/A	28.287	251	58	3.85e-11	67.8	terminal uridylyltransferase 4 isoform X6 [Homo sapiens]	TRUE	Tut4
XP_001682818.1	XP_011539401.1	0	N/A	28.287	251	58	3.95e-11	67.8	terminal uridylyltransferase 4 isoform X29 [Homo sapiens]	TRUE	Tut4
XP_001682818.1	XP_047272280.1	0	N/A	28.287	251	58	3.99e-11	67.8	terminal uridylyltransferase 4 isoform X3 [Homo sapiens]	TRUE	Tut4
XP_001682818.1	XP_005270736.1	0	N/A	28.287	251	58	3.99e-11	67.8	terminal uridylyltransferase 4 isoform X3 [Homo sapiens]	TRUE	Tut4
XP_001682818.1	XP_005270735.1	0	N/A	28.287	251	58	3.99e-11	67.8	terminal uridylyltransferase 4 isoform X2 [Homo sapiens]	TRUE	Tut4
XP_001682818.1	XP_011539399.1	0	N/A	28.287	251	58	4.17e-11	67.8	terminal uridylyltransferase 4 isoform X1 [Homo sapiens]	TRUE	Tut4
XP_001682818.1	XP_005270733.1	0	N/A	28.287	251	58	4.17e-11	67.8	terminal uridylyltransferase 4 isoform X1 [Homo sapiens]	TRUE	Tut4
XP_001682818.1	XP_005270739.1	0	N/A	28.287	251	58	4.38e-11	67.8	terminal uridylyltransferase 4 isoform X33 [Homo sapiens]	TRUE	Tut4
XP_001682818.1	XP_016856297.1	0	N/A	28.287	251	58	4.42e-11	67.8	terminal uridylyltransferase 4 isoform X36 [Homo sapiens]	TRUE	Tut4
XP_001682818.1	XP_047272337.1	0	N/A	28.287	251	58	4.47e-11	67.8	terminal uridylyltransferase 4 isoform X27 [Homo sapiens]	TRUE	Tut4
XP_001682818.1	XP_016856295.1	0	N/A	28.287	251	58	4.51e-11	67.8	terminal uridylyltransferase 4 isoform X25 [Homo sapiens]	TRUE	Tut4
XP_001682818.1	XP_016856296.1	0	N/A	28.287	251	58	4.55e-11	67.8	terminal uridylyltransferase 4 isoform X28 [Homo sapiens]	TRUE	Tut4
XP_001682818.1	XP_047272345.1	0	N/A	28.287	251	58	4.58e-11	67.8	terminal uridylyltransferase 4 isoform X31 [Homo sapiens]	TRUE	Tut4
XP_001682818.1	XP_047272325.1	0	N/A	28.287	251	58	5.25e-11	67.4	terminal uridylyltransferase 4 isoform X23 [Homo sapiens]	TRUE	Tut4
XP_001682818.1	XP_047272384.1	0	N/A	28.287	251	58	7.42e-11	66.6	terminal uridylyltransferase 4 isoform X46 [Homo sapiens]	TRUE	Tut4
XP_001682818.1	NP_001375029.1	0	N/A	26.609	233	55	1.23e-10	65.5	poly(A) RNA polymerase GLD2 isoform 8 [Homo sapiens]	TRUE	TENT2
XP_001682818.1	NP_001375028.1	0	N/A	26.609	233	55	1.23e-10	65.5	poly(A) RNA polymerase GLD2 isoform 8 [Homo sapiens]	TRUE	TENT2
XP_001682818.1	NP_001375060.1	0	N/A	26.872	227	53	1.95e-10	64.7	poly(A) RNA polymerase GLD2 isoform 11 [Homo sapiens]	TRUE	TENT2
XP_001682818.1	NP_001375030.1	0	N/A	27.391	230	55	2.1e-10	64.7	poly(A) RNA polymerase GLD2 isoform 9 [Homo sapiens]	TRUE	TENT2
XP_001682818.1	XP_047272808.1	0	N/A	26.872	227	53	2.29e-10	64.7	poly(A) RNA polymerase GLD2 isoform X3 [Homo sapiens]	TRUE	TENT2
XP_001682818.1	XP_047272807.1	0	N/A	26.872	227	53	2.29e-10	64.7	poly(A) RNA polymerase GLD2 isoform X3 [Homo sapiens]	TRUE	TENT2
XP_001682818.1	XP_047272806.1	0	N/A	26.872	227	53	2.29e-10	64.7	poly(A) RNA polymerase GLD2 isoform X3 [Homo sapiens]	TRUE	TENT2
XP_001682818.1	NP_776158.2	0	N/A	26.872	227	53	2.29e-10	64.7	poly(A) RNA polymerase GLD2 isoform 1 [Homo sapiens]	TRUE	TENT2
XP_001682818.1	NP_001375041.1	0	N/A	26.872	227	53	2.29e-10	64.7	poly(A) RNA polymerase GLD2 isoform 1 [Homo sapiens]	TRUE	TENT2
XP_001682818.1	NP_001375040.1	0	N/A	26.872	227	53	2.29e-10	64.7	poly(A) RNA polymerase GLD2 isoform 1 [Homo sapiens]	TRUE	TENT2
XP_001682818.1	NP_001375039.1	0	N/A	26.872	227	53	2.29e-10	64.7	poly(A) RNA polymerase GLD2 isoform 1 [Homo sapiens]	TRUE	TENT2
XP_001682818.1	NP_001375038.1	0	N/A	26.872	227	53	2.29e-10	64.7	poly(A) RNA polymerase GLD2 isoform 1 [Homo sapiens]	TRUE	TENT2
XP_001682818.1	NP_001375037.1	0	N/A	26.872	227	53	2.29e-10	64.7	poly(A) RNA polymerase GLD2 isoform 1 [Homo sapiens]	TRUE	TENT2
XP_001682818.1	NP_001375036.1	0	N/A	26.872	227	53	2.29e-10	64.7	poly(A) RNA polymerase GLD2 isoform 1 [Homo sapiens]	TRUE	TENT2
XP_001682818.1	NP_001375035.1	0	N/A	26.872	227	53	2.29e-10	64.7	poly(A) RNA polymerase GLD2 isoform 1 [Homo sapiens]	TRUE	TENT2
XP_001682818.1	NP_001375034.1	0	N/A	26.872	227	53	2.29e-10	64.7	poly(A) RNA polymerase GLD2 isoform 1 [Homo sapiens]	TRUE	TENT2
XP_001682818.1	NP_001375032.1	0	N/A	26.872	227	53	2.29e-10	64.7	poly(A) RNA polymerase GLD2 isoform 1 [Homo sapiens]	TRUE	TENT2
XP_001682818.1	NP_001375031.1	0	N/A	26.872	227	53	2.29e-10	64.7	poly(A) RNA polymerase GLD2 isoform 1 [Homo sapiens]	TRUE	TENT2
XP_001682818.1	NP_001336482.1	0	N/A	26.872	227	53	2.29e-10	64.7	poly(A) RNA polymerase GLD2 isoform 1 [Homo sapiens]	TRUE	TENT2
XP_001682818.1	NP_001336481.1	0	N/A	26.872	227	53	2.29e-10	64.7	poly(A) RNA polymerase GLD2 isoform 1 [Homo sapiens]	TRUE	TENT2
XP_001682818.1	NP_001107866.1	0	N/A	26.872	227	53	2.29e-10	64.7	poly(A) RNA polymerase GLD2 isoform 1 [Homo sapiens]	TRUE	TENT2
XP_001682818.1	NP_001107865.1	0	N/A	26.872	227	53	2.29e-10	64.7	poly(A) RNA polymerase GLD2 isoform 1 [Homo sapiens]	TRUE	TENT2
XP_001682818.1	NP_001375042.1	0	N/A	26.872	227	53	2.43e-10	64.7	poly(A) RNA polymerase GLD2 isoform 16 [Homo sapiens]	TRUE	TENT2
XP_001682818.1	NP_001375065.1	0	N/A	27.679	224	53	3.11e-10	63.9	poly(A) RNA polymerase GLD2 isoform 14 [Homo sapiens]	TRUE	TENT2
XP_001682818.1	NP_001375061.1	0	N/A	27.679	224	53	3.33e-10	64.3	poly(A) RNA polymerase GLD2 isoform 12 [Homo sapiens]	TRUE	TENT2
XP_001682818.1	XP_047272811.1	0	N/A	27.679	224	53	3.71e-10	63.9	poly(A) RNA polymerase GLD2 isoform X4 [Homo sapiens]	TRUE	TENT2
XP_001682818.1	XP_047272810.1	0	N/A	27.679	224	53	3.71e-10	63.9	poly(A) RNA polymerase GLD2 isoform X4 [Homo sapiens]	TRUE	TENT2
XP_001682818.1	XP_047272809.1	0	N/A	27.679	224	53	3.71e-10	63.9	poly(A) RNA polymerase GLD2 isoform X4 [Homo sapiens]	TRUE	TENT2
XP_001682818.1	NP_001375058.1	0	N/A	27.679	224	53	3.71e-10	63.9	poly(A) RNA polymerase GLD2 isoform 2 [Homo sapiens]	TRUE	TENT2
XP_001682818.1	NP_001375057.1	0	N/A	27.679	224	53	3.71e-10	63.9	poly(A) RNA polymerase GLD2 isoform 2 [Homo sapiens]	TRUE	TENT2
XP_001682818.1	NP_001375056.1	0	N/A	27.679	224	53	3.71e-10	63.9	poly(A) RNA polymerase GLD2 isoform 2 [Homo sapiens]	TRUE	TENT2
XP_001682818.1	NP_001375055.1	0	N/A	27.679	224	53	3.71e-10	63.9	poly(A) RNA polymerase GLD2 isoform 2 [Homo sapiens]	TRUE	TENT2
XP_001682818.1	NP_001375054.1	0	N/A	27.679	224	53	3.71e-10	63.9	poly(A) RNA polymerase GLD2 isoform 2 [Homo sapiens]	TRUE	TENT2
XP_001682818.1	NP_001375053.1	0	N/A	27.679	224	53	3.71e-10	63.9	poly(A) RNA polymerase GLD2 isoform 2 [Homo sapiens]	TRUE	TENT2
XP_001682818.1	NP_001375052.1	0	N/A	27.679	224	53	3.71e-10	63.9	poly(A) RNA polymerase GLD2 isoform 2 [Homo sapiens]	TRUE	TENT2
XP_001682818.1	NP_001375051.1	0	N/A	27.679	224	53	3.71e-10	63.9	poly(A) RNA polymerase GLD2 isoform 2 [Homo sapiens]	TRUE	TENT2
XP_001682818.1	NP_001375050.1	0	N/A	27.679	224	53	3.71e-10	63.9	poly(A) RNA polymerase GLD2 isoform 2 [Homo sapiens]	TRUE	TENT2
XP_001682818.1	NP_001375049.1	0	N/A	27.679	224	53	3.71e-10	63.9	poly(A) RNA polymerase GLD2 isoform 2 [Homo sapiens]	TRUE	TENT2
XP_001682818.1	NP_001375048.1	0	N/A	27.679	224	53	3.71e-10	63.9	poly(A) RNA polymerase GLD2 isoform 2 [Homo sapiens]	TRUE	TENT2
XP_001682818.1	NP_001375047.1	0	N/A	27.679	224	53	3.71e-10	63.9	poly(A) RNA polymerase GLD2 isoform 2 [Homo sapiens]	TRUE	TENT2
XP_001682818.1	NP_001375046.1	0	N/A	27.679	224	53	3.71e-10	63.9	poly(A) RNA polymerase GLD2 isoform 2 [Homo sapiens]	TRUE	TENT2
XP_001682818.1	NP_001375045.1	0	N/A	27.679	224	53	3.71e-10	63.9	poly(A) RNA polymerase GLD2 isoform 2 [Homo sapiens]	TRUE	TENT2
XP_001682818.1	NP_001375044.1	0	N/A	27.679	224	53	3.71e-10	63.9	poly(A) RNA polymerase GLD2 isoform 2 [Homo sapiens]	TRUE	TENT2
XP_001682818.1	NP_001375043.1	0	N/A	27.679	224	53	3.71e-10	63.9	poly(A) RNA polymerase GLD2 isoform 2 [Homo sapiens]	TRUE	TENT2
XP_001682818.1	NP_001336483.1	0	N/A	27.679	224	53	3.71e-10	63.9	poly(A) RNA polymerase GLD2 isoform 2 [Homo sapiens]	TRUE	TENT2
XP_001682818.1	NP_001284673.1	0	N/A	27.679	224	53	3.71e-10	63.9	poly(A) RNA polymerase GLD2 isoform 2 [Homo sapiens]	TRUE	TENT2
XP_001682818.1	NP_001375059.1	0	N/A	27.679	224	53	3.98e-10	63.9	poly(A) RNA polymerase GLD2 isoform 10 [Homo sapiens]	TRUE	TENT2
XP_001682818.1	NP_001172003.1	0	N/A	25.182	274	63	6.49e-09	60.8	terminal uridylyltransferase 7 isoform 2 [Homo sapiens]	TRUE	Tut7
XP_001682818.1	XP_047272818.1	0	N/A	26.49	151	36	2.04e-08	58.2	poly(A) RNA polymerase GLD2 isoform X10 [Homo sapiens]	TRUE	TENT2
XP_001683139.1	NP_001375065.1	0	N/A	26.18	233	61	6.47e-12	68.9	poly(A) RNA polymerase GLD2 isoform 14 [Homo sapiens]	TRUE	TENT2
XP_001683139.1	NP_001375061.1	0	N/A	26.18	233	61	1.54e-11	68.2	poly(A) RNA polymerase GLD2 isoform 12 [Homo sapiens]	TRUE	TENT2
XP_001683139.1	XP_047272811.1	0	N/A	26.18	233	61	1.67e-11	68.2	poly(A) RNA polymerase GLD2 isoform X4 [Homo sapiens]	TRUE	TENT2
XP_001683139.1	XP_047272810.1	0	N/A	26.18	233	61	1.67e-11	68.2	poly(A) RNA polymerase GLD2 isoform X4 [Homo sapiens]	TRUE	TENT2
XP_001683139.1	XP_047272809.1	0	N/A	26.18	233	61	1.67e-11	68.2	poly(A) RNA polymerase GLD2 isoform X4 [Homo sapiens]	TRUE	TENT2
XP_001683139.1	NP_001375058.1	0	N/A	26.18	233	61	1.67e-11	68.2	poly(A) RNA polymerase GLD2 isoform 2 [Homo sapiens]	TRUE	TENT2
XP_001683139.1	NP_001375057.1	0	N/A	26.18	233	61	1.67e-11	68.2	poly(A) RNA polymerase GLD2 isoform 2 [Homo sapiens]	TRUE	TENT2
XP_001683139.1	NP_001375056.1	0	N/A	26.18	233	61	1.67e-11	68.2	poly(A) RNA polymerase GLD2 isoform 2 [Homo sapiens]	TRUE	TENT2
XP_001683139.1	NP_001375055.1	0	N/A	26.18	233	61	1.67e-11	68.2	poly(A) RNA polymerase GLD2 isoform 2 [Homo sapiens]	TRUE	TENT2
XP_001683139.1	NP_001375054.1	0	N/A	26.18	233	61	1.67e-11	68.2	poly(A) RNA polymerase GLD2 isoform 2 [Homo sapiens]	TRUE	TENT2
XP_001683139.1	NP_001375053.1	0	N/A	26.18	233	61	1.67e-11	68.2	poly(A) RNA polymerase GLD2 isoform 2 [Homo sapiens]	TRUE	TENT2
XP_001683139.1	NP_001375052.1	0	N/A	26.18	233	61	1.67e-11	68.2	poly(A) RNA polymerase GLD2 isoform 2 [Homo sapiens]	TRUE	TENT2
XP_001683139.1	NP_001375051.1	0	N/A	26.18	233	61	1.67e-11	68.2	poly(A) RNA polymerase GLD2 isoform 2 [Homo sapiens]	TRUE	TENT2
XP_001683139.1	NP_001375050.1	0	N/A	26.18	233	61	1.67e-11	68.2	poly(A) RNA polymerase GLD2 isoform 2 [Homo sapiens]	TRUE	TENT2
XP_001683139.1	NP_001375049.1	0	N/A	26.18	233	61	1.67e-11	68.2	poly(A) RNA polymerase GLD2 isoform 2 [Homo sapiens]	TRUE	TENT2
XP_001683139.1	NP_001375048.1	0	N/A	26.18	233	61	1.67e-11	68.2	poly(A) RNA polymerase GLD2 isoform 2 [Homo sapiens]	TRUE	TENT2
XP_001683139.1	NP_001375047.1	0	N/A	26.18	233	61	1.67e-11	68.2	poly(A) RNA polymerase GLD2 isoform 2 [Homo sapiens]	TRUE	TENT2
XP_001683139.1	NP_001375046.1	0	N/A	26.18	233	61	1.67e-11	68.2	poly(A) RNA polymerase GLD2 isoform 2 [Homo sapiens]	TRUE	TENT2
XP_001683139.1	NP_001375045.1	0	N/A	26.18	233	61	1.67e-11	68.2	poly(A) RNA polymerase GLD2 isoform 2 [Homo sapiens]	TRUE	TENT2
XP_001683139.1	NP_001375044.1	0	N/A	26.18	233	61	1.67e-11	68.2	poly(A) RNA polymerase GLD2 isoform 2 [Homo sapiens]	TRUE	TENT2
XP_001683139.1	NP_001375043.1	0	N/A	26.18	233	61	1.67e-11	68.2	poly(A) RNA polymerase GLD2 isoform 2 [Homo sapiens]	TRUE	TENT2
XP_001683139.1	NP_001336483.1	0	N/A	26.18	233	61	1.67e-11	68.2	poly(A) RNA polymerase GLD2 isoform 2 [Homo sapiens]	TRUE	TENT2
XP_001683139.1	NP_001284673.1	0	N/A	26.18	233	61	1.67e-11	68.2	poly(A) RNA polymerase GLD2 isoform 2 [Homo sapiens]	TRUE	TENT2
XP_001683139.1	NP_001375059.1	0	N/A	26.18	233	61	1.81e-11	67.8	poly(A) RNA polymerase GLD2 isoform 10 [Homo sapiens]	TRUE	TENT2
XP_001683139.1	NP_001375030.1	0	N/A	26.16	237	61	1.85e-11	67.8	poly(A) RNA polymerase GLD2 isoform 9 [Homo sapiens]	TRUE	TENT2
XP_001683139.1	NP_001375060.1	0	N/A	26.068	234	61	3.33e-11	67	poly(A) RNA polymerase GLD2 isoform 11 [Homo sapiens]	TRUE	TENT2
XP_001683139.1	NP_001375029.1	0	N/A	25.726	241	62	3.42e-11	67	poly(A) RNA polymerase GLD2 isoform 8 [Homo sapiens]	TRUE	TENT2
XP_001683139.1	NP_001375028.1	0	N/A	25.726	241	62	3.42e-11	67	poly(A) RNA polymerase GLD2 isoform 8 [Homo sapiens]	TRUE	TENT2
XP_001683139.1	XP_047272808.1	0	N/A	25.726	241	62	3.71e-11	67	poly(A) RNA polymerase GLD2 isoform X3 [Homo sapiens]	TRUE	TENT2
XP_001683139.1	XP_047272807.1	0	N/A	25.726	241	62	3.71e-11	67	poly(A) RNA polymerase GLD2 isoform X3 [Homo sapiens]	TRUE	TENT2
XP_001683139.1	XP_047272806.1	0	N/A	25.726	241	62	3.71e-11	67	poly(A) RNA polymerase GLD2 isoform X3 [Homo sapiens]	TRUE	TENT2
XP_001683139.1	NP_776158.2	0	N/A	25.726	241	62	3.71e-11	67	poly(A) RNA polymerase GLD2 isoform 1 [Homo sapiens]	TRUE	TENT2
XP_001683139.1	NP_001375041.1	0	N/A	25.726	241	62	3.71e-11	67	poly(A) RNA polymerase GLD2 isoform 1 [Homo sapiens]	TRUE	TENT2
XP_001683139.1	NP_001375040.1	0	N/A	25.726	241	62	3.71e-11	67	poly(A) RNA polymerase GLD2 isoform 1 [Homo sapiens]	TRUE	TENT2
XP_001683139.1	NP_001375039.1	0	N/A	25.726	241	62	3.71e-11	67	poly(A) RNA polymerase GLD2 isoform 1 [Homo sapiens]	TRUE	TENT2
XP_001683139.1	NP_001375038.1	0	N/A	25.726	241	62	3.71e-11	67	poly(A) RNA polymerase GLD2 isoform 1 [Homo sapiens]	TRUE	TENT2
XP_001683139.1	NP_001375037.1	0	N/A	25.726	241	62	3.71e-11	67	poly(A) RNA polymerase GLD2 isoform 1 [Homo sapiens]	TRUE	TENT2
XP_001683139.1	NP_001375036.1	0	N/A	25.726	241	62	3.71e-11	67	poly(A) RNA polymerase GLD2 isoform 1 [Homo sapiens]	TRUE	TENT2
XP_001683139.1	NP_001375035.1	0	N/A	25.726	241	62	3.71e-11	67	poly(A) RNA polymerase GLD2 isoform 1 [Homo sapiens]	TRUE	TENT2
XP_001683139.1	NP_001375034.1	0	N/A	25.726	241	62	3.71e-11	67	poly(A) RNA polymerase GLD2 isoform 1 [Homo sapiens]	TRUE	TENT2
XP_001683139.1	NP_001375032.1	0	N/A	25.726	241	62	3.71e-11	67	poly(A) RNA polymerase GLD2 isoform 1 [Homo sapiens]	TRUE	TENT2
XP_001683139.1	NP_001375031.1	0	N/A	25.726	241	62	3.71e-11	67	poly(A) RNA polymerase GLD2 isoform 1 [Homo sapiens]	TRUE	TENT2
XP_001683139.1	NP_001336482.1	0	N/A	25.726	241	62	3.71e-11	67	poly(A) RNA polymerase GLD2 isoform 1 [Homo sapiens]	TRUE	TENT2
XP_001683139.1	NP_001336481.1	0	N/A	25.726	241	62	3.71e-11	67	poly(A) RNA polymerase GLD2 isoform 1 [Homo sapiens]	TRUE	TENT2
XP_001683139.1	NP_001107866.1	0	N/A	25.726	241	62	3.71e-11	67	poly(A) RNA polymerase GLD2 isoform 1 [Homo sapiens]	TRUE	TENT2
XP_001683139.1	NP_001107865.1	0	N/A	25.726	241	62	3.71e-11	67	poly(A) RNA polymerase GLD2 isoform 1 [Homo sapiens]	TRUE	TENT2
XP_001683139.1	NP_001375042.1	0	N/A	25.726	241	62	3.87e-11	67	poly(A) RNA polymerase GLD2 isoform 16 [Homo sapiens]	TRUE	TENT2
XP_001683139.1	NP_001336477.1	0	N/A	27.041	196	51	4.39e-11	65.1	poly(A) RNA polymerase GLD2 isoform 4 [Homo sapiens]	TRUE	TENT2
XP_001683139.1	XP_047272818.1	0	N/A	32.877	146	38	4.82e-11	65.9	poly(A) RNA polymerase GLD2 isoform X10 [Homo sapiens]	TRUE	TENT2
XP_001683139.1	XP_047272820.1	0	N/A	27.684	177	46	1.08e-10	63.9	poly(A) RNA polymerase GLD2 isoform X11 [Homo sapiens]	TRUE	TENT2
XP_001683139.1	XP_047272801.1	0	N/A	27.624	181	47	2.15e-10	64.7	poly(A) RNA polymerase GLD2 isoform X1 [Homo sapiens]	TRUE	TENT2
XP_001683139.1	XP_047272800.1	0	N/A	27.624	181	47	2.15e-10	64.7	poly(A) RNA polymerase GLD2 isoform X1 [Homo sapiens]	TRUE	TENT2
XP_001683139.1	XP_011541527.1	0	N/A	27.624	181	47	2.15e-10	64.7	poly(A) RNA polymerase GLD2 isoform X1 [Homo sapiens]	TRUE	TENT2
XP_001683139.1	XP_011541526.1	0	N/A	27.624	181	47	2.15e-10	64.7	poly(A) RNA polymerase GLD2 isoform X1 [Homo sapiens]	TRUE	TENT2
XP_001683139.1	XP_011541523.1	0	N/A	27.624	181	47	2.15e-10	64.7	poly(A) RNA polymerase GLD2 isoform X1 [Homo sapiens]	TRUE	TENT2
XP_001683139.1	XP_011541522.1	0	N/A	27.624	181	47	2.15e-10	64.7	poly(A) RNA polymerase GLD2 isoform X1 [Homo sapiens]	TRUE	TENT2
XP_001683139.1	NP_001375023.1	0	N/A	27.624	181	47	2.15e-10	64.7	poly(A) RNA polymerase GLD2 isoform 5 [Homo sapiens]	TRUE	TENT2
XP_001683139.1	NP_001375022.1	0	N/A	27.624	181	47	2.15e-10	64.7	poly(A) RNA polymerase GLD2 isoform 5 [Homo sapiens]	TRUE	TENT2
XP_001683139.1	NP_001336479.1	0	N/A	27.624	181	47	2.15e-10	64.7	poly(A) RNA polymerase GLD2 isoform 5 [Homo sapiens]	TRUE	TENT2
XP_001683139.1	NP_001336478.1	0	N/A	27.624	181	47	2.15e-10	64.7	poly(A) RNA polymerase GLD2 isoform 5 [Homo sapiens]	TRUE	TENT2
XP_001683139.1	NP_001375027.1	0	N/A	27.624	181	47	2.32e-10	64.7	poly(A) RNA polymerase GLD2 isoform 7 [Homo sapiens]	TRUE	TENT2
XP_001683139.1	XP_047272805.1	0	N/A	27.624	181	47	2.38e-10	64.3	poly(A) RNA polymerase GLD2 isoform X2 [Homo sapiens]	TRUE	TENT2
XP_001683139.1	XP_047272804.1	0	N/A	27.624	181	47	2.38e-10	64.3	poly(A) RNA polymerase GLD2 isoform X2 [Homo sapiens]	TRUE	TENT2
XP_001683139.1	XP_047272803.1	0	N/A	27.624	181	47	2.38e-10	64.3	poly(A) RNA polymerase GLD2 isoform X2 [Homo sapiens]	TRUE	TENT2
XP_001683139.1	XP_047272802.1	0	N/A	27.624	181	47	2.38e-10	64.3	poly(A) RNA polymerase GLD2 isoform X2 [Homo sapiens]	TRUE	TENT2
XP_001683139.1	XP_016864641.1	0	N/A	27.624	181	47	2.38e-10	64.3	poly(A) RNA polymerase GLD2 isoform X2 [Homo sapiens]	TRUE	TENT2
XP_001683139.1	NP_001375026.1	0	N/A	27.624	181	47	2.38e-10	64.3	poly(A) RNA polymerase GLD2 isoform 6 [Homo sapiens]	TRUE	TENT2
XP_001683139.1	NP_001375025.1	0	N/A	27.624	181	47	2.38e-10	64.3	poly(A) RNA polymerase GLD2 isoform 6 [Homo sapiens]	TRUE	TENT2
XP_001683139.1	NP_001375024.1	0	N/A	27.624	181	47	2.38e-10	64.3	poly(A) RNA polymerase GLD2 isoform 6 [Homo sapiens]	TRUE	TENT2
XP_001683139.1	NP_001336480.1	0	N/A	27.624	181	47	2.38e-10	64.3	poly(A) RNA polymerase GLD2 isoform 6 [Homo sapiens]	TRUE	TENT2
XP_001683139.1	XP_047272816.1	0	N/A	40.449	89	23	3.05e-10	63.5	poly(A) RNA polymerase GLD2 isoform X8 [Homo sapiens]	TRUE	TENT2
XP_001683139.1	XP_047272817.1	0	N/A	40.449	89	23	3.34e-10	63.5	poly(A) RNA polymerase GLD2 isoform X9 [Homo sapiens]	TRUE	TENT2
XP_001683139.1	NP_001375066.1	0	N/A	25.157	159	41	3.07e-08	57	poly(A) RNA polymerase GLD2 isoform 15 [Homo sapiens]	TRUE	TENT2
XP_001683139.1	NP_060579.3	0	N/A	27.746	173	43	3.71e-08	57.8	poly(A) RNA polymerase, mitochondrial precursor [Homo sapiens]	TRUE	mtPAP
XP_001683139.1	XP_047272345.1	0	N/A	23.841	302	75	3.84e-05	48.5	terminal uridylyltransferase 4 isoform X31 [Homo sapiens]	TRUE	Tut4
XP_001683139.1	XP_011539401.1	0	N/A	23.841	302	75	3.88e-05	48.5	terminal uridylyltransferase 4 isoform X29 [Homo sapiens]	TRUE	Tut4
XP_001683139.1	XP_047272280.1	0	N/A	23.841	302	75	3.9e-05	48.5	terminal uridylyltransferase 4 isoform X3 [Homo sapiens]	TRUE	Tut4
XP_001683139.1	XP_005270736.1	0	N/A	23.841	302	75	3.9e-05	48.5	terminal uridylyltransferase 4 isoform X3 [Homo sapiens]	TRUE	Tut4
XP_001683139.1	XP_005270735.1	0	N/A	23.841	302	75	3.91e-05	48.5	terminal uridylyltransferase 4 isoform X2 [Homo sapiens]	TRUE	Tut4
XP_001683139.1	XP_016856297.1	0	N/A	23.841	302	75	4.19e-05	48.5	terminal uridylyltransferase 4 isoform X36 [Homo sapiens]	TRUE	Tut4
XP_001683139.1	XP_011539399.1	0	N/A	23.841	302	75	4.22e-05	48.5	terminal uridylyltransferase 4 isoform X1 [Homo sapiens]	TRUE	Tut4
XP_001683139.1	XP_005270733.1	0	N/A	23.841	302	75	4.22e-05	48.5	terminal uridylyltransferase 4 isoform X1 [Homo sapiens]	TRUE	Tut4
XP_001683139.1	XP_047272283.1	0	N/A	23.841	302	75	4.26e-05	48.5	terminal uridylyltransferase 4 isoform X6 [Homo sapiens]	TRUE	Tut4
XP_001683139.1	XP_005270737.1	0	N/A	23.841	302	75	4.26e-05	48.5	terminal uridylyltransferase 4 isoform X6 [Homo sapiens]	TRUE	Tut4
XP_001683139.1	XP_047272281.1	0	N/A	23.841	302	75	4.29e-05	48.5	terminal uridylyltransferase 4 isoform X4 [Homo sapiens]	TRUE	Tut4
XP_001683139.1	NP_001009881.1	0	N/A	23.841	302	75	4.29e-05	48.5	terminal uridylyltransferase 4 isoform a [Homo sapiens]	TRUE	Tut4
XP_001683139.1	XP_016856299.1	0	N/A	23.841	302	75	4.33e-05	48.5	terminal uridylyltransferase 4 isoform X40 [Homo sapiens]	TRUE	Tut4
XP_001683139.1	XP_016856292.1	0	N/A	23.841	302	75	4.36e-05	48.5	terminal uridylyltransferase 4 isoform X9 [Homo sapiens]	TRUE	Tut4
XP_001683139.1	XP_047272282.1	0	N/A	23.841	302	75	4.45e-05	48.5	terminal uridylyltransferase 4 isoform X5 [Homo sapiens]	TRUE	Tut4
XP_001683139.1	NP_056084.1	0	N/A	23.841	302	75	4.45e-05	48.5	terminal uridylyltransferase 4 isoform b [Homo sapiens]	TRUE	Tut4
XP_001683139.1	XP_016856293.1	0	N/A	23.841	302	75	4.51e-05	48.5	terminal uridylyltransferase 4 isoform X16 [Homo sapiens]	TRUE	Tut4
XP_001683139.1	XP_047272285.1	0	N/A	23.841	302	75	4.52e-05	48.5	terminal uridylyltransferase 4 isoform X7 [Homo sapiens]	TRUE	Tut4
XP_001683139.1	XP_047272365.1	0	N/A	23.841	302	75	4.53e-05	48.5	terminal uridylyltransferase 4 isoform X38 [Homo sapiens]	TRUE	Tut4
XP_001683139.1	XP_047272288.1	0	N/A	23.841	302	75	5.06e-05	48.1	terminal uridylyltransferase 4 isoform X10 [Homo sapiens]	TRUE	Tut4
XP_001683139.1	XP_047272337.1	0	N/A	23.793	290	72	6.89e-05	47.8	terminal uridylyltransferase 4 isoform X27 [Homo sapiens]	TRUE	Tut4
XP_001683139.1	XP_047272325.1	0	N/A	23.793	290	72	6.89e-05	47.8	terminal uridylyltransferase 4 isoform X23 [Homo sapiens]	TRUE	Tut4
XP_001683139.1	XP_016856295.1	0	N/A	23.793	290	72	7.13e-05	47.8	terminal uridylyltransferase 4 isoform X25 [Homo sapiens]	TRUE	Tut4
XP_001683139.1	XP_016856296.1	0	N/A	23.793	290	72	7.32e-05	47.8	terminal uridylyltransferase 4 isoform X28 [Homo sapiens]	TRUE	Tut4
XP_001683139.1	XP_005270739.1	0	N/A	23.793	290	72	8.39e-05	47.4	terminal uridylyltransferase 4 isoform X33 [Homo sapiens]	TRUE	Tut4
XP_001683139.1	XP_047272384.1	0	N/A	23.793	290	72	0.000111	47	terminal uridylyltransferase 4 isoform X46 [Homo sapiens]	TRUE	Tut4
XP_001684046.2	XP_047272820.1	0	N/A	26.562	192	35	1.41e-10	64.3	poly(A) RNA polymerase GLD2 isoform X11 [Homo sapiens]	TRUE	TENT2
XP_001684046.2	NP_001336477.1	0	N/A	26.562	192	35	1.5e-10	64.3	poly(A) RNA polymerase GLD2 isoform 4 [Homo sapiens]	TRUE	TENT2
XP_001684046.2	NP_001375065.1	0	N/A	26.562	192	35	2.11e-10	65.1	poly(A) RNA polymerase GLD2 isoform 14 [Homo sapiens]	TRUE	TENT2
XP_001684046.2	XP_047272805.1	0	N/A	26.562	192	35	3.22e-10	65.1	poly(A) RNA polymerase GLD2 isoform X2 [Homo sapiens]	TRUE	TENT2
XP_001684046.2	XP_047272804.1	0	N/A	26.562	192	35	3.22e-10	65.1	poly(A) RNA polymerase GLD2 isoform X2 [Homo sapiens]	TRUE	TENT2
XP_001684046.2	XP_047272803.1	0	N/A	26.562	192	35	3.22e-10	65.1	poly(A) RNA polymerase GLD2 isoform X2 [Homo sapiens]	TRUE	TENT2
XP_001684046.2	XP_047272802.1	0	N/A	26.562	192	35	3.22e-10	65.1	poly(A) RNA polymerase GLD2 isoform X2 [Homo sapiens]	TRUE	TENT2
XP_001684046.2	XP_016864641.1	0	N/A	26.562	192	35	3.22e-10	65.1	poly(A) RNA polymerase GLD2 isoform X2 [Homo sapiens]	TRUE	TENT2
XP_001684046.2	NP_001375026.1	0	N/A	26.562	192	35	3.22e-10	65.1	poly(A) RNA polymerase GLD2 isoform 6 [Homo sapiens]	TRUE	TENT2
XP_001684046.2	NP_001375025.1	0	N/A	26.562	192	35	3.22e-10	65.1	poly(A) RNA polymerase GLD2 isoform 6 [Homo sapiens]	TRUE	TENT2
XP_001684046.2	NP_001375024.1	0	N/A	26.562	192	35	3.22e-10	65.1	poly(A) RNA polymerase GLD2 isoform 6 [Homo sapiens]	TRUE	TENT2
XP_001684046.2	NP_001336480.1	0	N/A	26.562	192	35	3.22e-10	65.1	poly(A) RNA polymerase GLD2 isoform 6 [Homo sapiens]	TRUE	TENT2
XP_001684046.2	NP_001375027.1	0	N/A	26.562	192	35	3.45e-10	64.7	poly(A) RNA polymerase GLD2 isoform 7 [Homo sapiens]	TRUE	TENT2
XP_001684046.2	XP_047272801.1	0	N/A	26.562	192	35	3.57e-10	64.7	poly(A) RNA polymerase GLD2 isoform X1 [Homo sapiens]	TRUE	TENT2
XP_001684046.2	XP_047272800.1	0	N/A	26.562	192	35	3.57e-10	64.7	poly(A) RNA polymerase GLD2 isoform X1 [Homo sapiens]	TRUE	TENT2
XP_001684046.2	XP_011541527.1	0	N/A	26.562	192	35	3.57e-10	64.7	poly(A) RNA polymerase GLD2 isoform X1 [Homo sapiens]	TRUE	TENT2
XP_001684046.2	XP_011541526.1	0	N/A	26.562	192	35	3.57e-10	64.7	poly(A) RNA polymerase GLD2 isoform X1 [Homo sapiens]	TRUE	TENT2
XP_001684046.2	XP_011541523.1	0	N/A	26.562	192	35	3.57e-10	64.7	poly(A) RNA polymerase GLD2 isoform X1 [Homo sapiens]	TRUE	TENT2
XP_001684046.2	XP_011541522.1	0	N/A	26.562	192	35	3.57e-10	64.7	poly(A) RNA polymerase GLD2 isoform X1 [Homo sapiens]	TRUE	TENT2
XP_001684046.2	NP_001375023.1	0	N/A	26.562	192	35	3.57e-10	64.7	poly(A) RNA polymerase GLD2 isoform 5 [Homo sapiens]	TRUE	TENT2
XP_001684046.2	NP_001375022.1	0	N/A	26.562	192	35	3.57e-10	64.7	poly(A) RNA polymerase GLD2 isoform 5 [Homo sapiens]	TRUE	TENT2
XP_001684046.2	NP_001336479.1	0	N/A	26.562	192	35	3.57e-10	64.7	poly(A) RNA polymerase GLD2 isoform 5 [Homo sapiens]	TRUE	TENT2
XP_001684046.2	NP_001336478.1	0	N/A	26.562	192	35	3.57e-10	64.7	poly(A) RNA polymerase GLD2 isoform 5 [Homo sapiens]	TRUE	TENT2
XP_001684046.2	NP_001375059.1	0	N/A	26.562	192	35	3.98e-10	64.7	poly(A) RNA polymerase GLD2 isoform 10 [Homo sapiens]	TRUE	TENT2
XP_001684046.2	XP_047272811.1	0	N/A	26.562	192	35	4.02e-10	64.7	poly(A) RNA polymerase GLD2 isoform X4 [Homo sapiens]	TRUE	TENT2
XP_001684046.2	XP_047272810.1	0	N/A	26.562	192	35	4.02e-10	64.7	poly(A) RNA polymerase GLD2 isoform X4 [Homo sapiens]	TRUE	TENT2
XP_001684046.2	XP_047272809.1	0	N/A	26.562	192	35	4.02e-10	64.7	poly(A) RNA polymerase GLD2 isoform X4 [Homo sapiens]	TRUE	TENT2
XP_001684046.2	NP_001375058.1	0	N/A	26.562	192	35	4.02e-10	64.7	poly(A) RNA polymerase GLD2 isoform 2 [Homo sapiens]	TRUE	TENT2
XP_001684046.2	NP_001375057.1	0	N/A	26.562	192	35	4.02e-10	64.7	poly(A) RNA polymerase GLD2 isoform 2 [Homo sapiens]	TRUE	TENT2
XP_001684046.2	NP_001375056.1	0	N/A	26.562	192	35	4.02e-10	64.7	poly(A) RNA polymerase GLD2 isoform 2 [Homo sapiens]	TRUE	TENT2
XP_001684046.2	NP_001375055.1	0	N/A	26.562	192	35	4.02e-10	64.7	poly(A) RNA polymerase GLD2 isoform 2 [Homo sapiens]	TRUE	TENT2
XP_001684046.2	NP_001375054.1	0	N/A	26.562	192	35	4.02e-10	64.7	poly(A) RNA polymerase GLD2 isoform 2 [Homo sapiens]	TRUE	TENT2
XP_001684046.2	NP_001375053.1	0	N/A	26.562	192	35	4.02e-10	64.7	poly(A) RNA polymerase GLD2 isoform 2 [Homo sapiens]	TRUE	TENT2
XP_001684046.2	NP_001375052.1	0	N/A	26.562	192	35	4.02e-10	64.7	poly(A) RNA polymerase GLD2 isoform 2 [Homo sapiens]	TRUE	TENT2
XP_001684046.2	NP_001375051.1	0	N/A	26.562	192	35	4.02e-10	64.7	poly(A) RNA polymerase GLD2 isoform 2 [Homo sapiens]	TRUE	TENT2
XP_001684046.2	NP_001375050.1	0	N/A	26.562	192	35	4.02e-10	64.7	poly(A) RNA polymerase GLD2 isoform 2 [Homo sapiens]	TRUE	TENT2
XP_001684046.2	NP_001375049.1	0	N/A	26.562	192	35	4.02e-10	64.7	poly(A) RNA polymerase GLD2 isoform 2 [Homo sapiens]	TRUE	TENT2
XP_001684046.2	NP_001375048.1	0	N/A	26.562	192	35	4.02e-10	64.7	poly(A) RNA polymerase GLD2 isoform 2 [Homo sapiens]	TRUE	TENT2
XP_001684046.2	NP_001375047.1	0	N/A	26.562	192	35	4.02e-10	64.7	poly(A) RNA polymerase GLD2 isoform 2 [Homo sapiens]	TRUE	TENT2
XP_001684046.2	NP_001375046.1	0	N/A	26.562	192	35	4.02e-10	64.7	poly(A) RNA polymerase GLD2 isoform 2 [Homo sapiens]	TRUE	TENT2
XP_001684046.2	NP_001375045.1	0	N/A	26.562	192	35	4.02e-10	64.7	poly(A) RNA polymerase GLD2 isoform 2 [Homo sapiens]	TRUE	TENT2
XP_001684046.2	NP_001375044.1	0	N/A	26.562	192	35	4.02e-10	64.7	poly(A) RNA polymerase GLD2 isoform 2 [Homo sapiens]	TRUE	TENT2
XP_001684046.2	NP_001375043.1	0	N/A	26.562	192	35	4.02e-10	64.7	poly(A) RNA polymerase GLD2 isoform 2 [Homo sapiens]	TRUE	TENT2
XP_001684046.2	NP_001336483.1	0	N/A	26.562	192	35	4.02e-10	64.7	poly(A) RNA polymerase GLD2 isoform 2 [Homo sapiens]	TRUE	TENT2
XP_001684046.2	NP_001284673.1	0	N/A	26.562	192	35	4.02e-10	64.7	poly(A) RNA polymerase GLD2 isoform 2 [Homo sapiens]	TRUE	TENT2
XP_001684046.2	XP_047272808.1	0	N/A	26.562	192	35	4.05e-10	64.7	poly(A) RNA polymerase GLD2 isoform X3 [Homo sapiens]	TRUE	TENT2
XP_001684046.2	XP_047272807.1	0	N/A	26.562	192	35	4.05e-10	64.7	poly(A) RNA polymerase GLD2 isoform X3 [Homo sapiens]	TRUE	TENT2
XP_001684046.2	XP_047272806.1	0	N/A	26.562	192	35	4.05e-10	64.7	poly(A) RNA polymerase GLD2 isoform X3 [Homo sapiens]	TRUE	TENT2
XP_001684046.2	NP_776158.2	0	N/A	26.562	192	35	4.05e-10	64.7	poly(A) RNA polymerase GLD2 isoform 1 [Homo sapiens]	TRUE	TENT2
XP_001684046.2	NP_001375041.1	0	N/A	26.562	192	35	4.05e-10	64.7	poly(A) RNA polymerase GLD2 isoform 1 [Homo sapiens]	TRUE	TENT2
XP_001684046.2	NP_001375040.1	0	N/A	26.562	192	35	4.05e-10	64.7	poly(A) RNA polymerase GLD2 isoform 1 [Homo sapiens]	TRUE	TENT2
XP_001684046.2	NP_001375039.1	0	N/A	26.562	192	35	4.05e-10	64.7	poly(A) RNA polymerase GLD2 isoform 1 [Homo sapiens]	TRUE	TENT2
XP_001684046.2	NP_001375038.1	0	N/A	26.562	192	35	4.05e-10	64.7	poly(A) RNA polymerase GLD2 isoform 1 [Homo sapiens]	TRUE	TENT2
XP_001684046.2	NP_001375037.1	0	N/A	26.562	192	35	4.05e-10	64.7	poly(A) RNA polymerase GLD2 isoform 1 [Homo sapiens]	TRUE	TENT2
XP_001684046.2	NP_001375036.1	0	N/A	26.562	192	35	4.05e-10	64.7	poly(A) RNA polymerase GLD2 isoform 1 [Homo sapiens]	TRUE	TENT2
XP_001684046.2	NP_001375035.1	0	N/A	26.562	192	35	4.05e-10	64.7	poly(A) RNA polymerase GLD2 isoform 1 [Homo sapiens]	TRUE	TENT2
XP_001684046.2	NP_001375034.1	0	N/A	26.562	192	35	4.05e-10	64.7	poly(A) RNA polymerase GLD2 isoform 1 [Homo sapiens]	TRUE	TENT2
XP_001684046.2	NP_001375032.1	0	N/A	26.562	192	35	4.05e-10	64.7	poly(A) RNA polymerase GLD2 isoform 1 [Homo sapiens]	TRUE	TENT2
XP_001684046.2	NP_001375031.1	0	N/A	26.562	192	35	4.05e-10	64.7	poly(A) RNA polymerase GLD2 isoform 1 [Homo sapiens]	TRUE	TENT2
XP_001684046.2	NP_001336482.1	0	N/A	26.562	192	35	4.05e-10	64.7	poly(A) RNA polymerase GLD2 isoform 1 [Homo sapiens]	TRUE	TENT2
XP_001684046.2	NP_001336481.1	0	N/A	26.562	192	35	4.05e-10	64.7	poly(A) RNA polymerase GLD2 isoform 1 [Homo sapiens]	TRUE	TENT2
XP_001684046.2	NP_001107866.1	0	N/A	26.562	192	35	4.05e-10	64.7	poly(A) RNA polymerase GLD2 isoform 1 [Homo sapiens]	TRUE	TENT2
XP_001684046.2	NP_001107865.1	0	N/A	26.562	192	35	4.05e-10	64.7	poly(A) RNA polymerase GLD2 isoform 1 [Homo sapiens]	TRUE	TENT2
XP_001684046.2	NP_001375061.1	0	N/A	26.562	192	35	4.09e-10	64.3	poly(A) RNA polymerase GLD2 isoform 12 [Homo sapiens]	TRUE	TENT2
XP_001684046.2	NP_001375042.1	0	N/A	26.562	192	35	4.12e-10	64.7	poly(A) RNA polymerase GLD2 isoform 16 [Homo sapiens]	TRUE	TENT2
XP_001684046.2	NP_001375060.1	0	N/A	26.562	192	35	4.43e-10	64.3	poly(A) RNA polymerase GLD2 isoform 11 [Homo sapiens]	TRUE	TENT2
XP_001684046.2	NP_001375066.1	0	N/A	26.562	192	35	4.72e-10	63.2	poly(A) RNA polymerase GLD2 isoform 15 [Homo sapiens]	TRUE	TENT2
XP_001684046.2	NP_001375030.1	0	N/A	26.562	192	35	4.77e-10	64.3	poly(A) RNA polymerase GLD2 isoform 9 [Homo sapiens]	TRUE	TENT2
XP_001684046.2	NP_001375029.1	0	N/A	26.562	192	35	4.85e-10	64.3	poly(A) RNA polymerase GLD2 isoform 8 [Homo sapiens]	TRUE	TENT2
XP_001684046.2	NP_001375028.1	0	N/A	26.562	192	35	4.85e-10	64.3	poly(A) RNA polymerase GLD2 isoform 8 [Homo sapiens]	TRUE	TENT2
XP_001684046.2	NP_001317647.1	0	N/A	21.311	183	32	0.002	43.9	terminal uridylyltransferase 7 isoform 3 [Homo sapiens]	TRUE	Tut7
XP_001684046.2	NP_001172003.1	0	N/A	20.126	159	27	0.002	43.5	terminal uridylyltransferase 7 isoform 2 [Homo sapiens]	TRUE	Tut7
XP_001684046.2	XP_016870620.1	0	N/A	21.311	183	32	0.003	43.5	terminal uridylyltransferase 7 isoform X4 [Homo sapiens]	TRUE	Tut7
XP_001684046.2	XP_016870619.1	0	N/A	21.311	183	32	0.003	43.5	terminal uridylyltransferase 7 isoform X4 [Homo sapiens]	TRUE	Tut7
XP_001684046.2	NP_078893.2	0	N/A	21.311	183	32	0.003	43.5	terminal uridylyltransferase 7 isoform 1 [Homo sapiens]	TRUE	Tut7
XP_001684046.2	NP_001171988.1	0	N/A	21.311	183	32	0.003	43.5	terminal uridylyltransferase 7 isoform 1 [Homo sapiens]	TRUE	Tut7
XP_001684046.2	XP_047272815.1	0	N/A	25.503	149	28	0.003	43.1	poly(A) RNA polymerase GLD2 isoform X7 [Homo sapiens]	TRUE	TENT2
XP_001684046.2	NP_001375064.1	0	N/A	25.503	149	28	0.003	43.1	poly(A) RNA polymerase GLD2 isoform 13 [Homo sapiens]	TRUE	TENT2
XP_001684046.2	NP_001375063.1	0	N/A	25.503	149	28	0.003	43.1	poly(A) RNA polymerase GLD2 isoform 13 [Homo sapiens]	TRUE	TENT2
XP_001684046.2	XP_047279825.1	0	N/A	21.311	183	32	0.003	43.5	terminal uridylyltransferase 7 isoform X6 [Homo sapiens]	TRUE	Tut7
XP_001684046.2	XP_047279824.1	0	N/A	21.311	183	32	0.003	43.5	terminal uridylyltransferase 7 isoform X6 [Homo sapiens]	TRUE	Tut7
XP_001684046.2	XP_005252264.1	0	N/A	21.311	183	32	0.003	43.5	terminal uridylyltransferase 7 isoform X6 [Homo sapiens]	TRUE	Tut7
XP_001684046.2	XP_047272814.1	0	N/A	25.503	149	28	0.003	42.7	poly(A) RNA polymerase GLD2 isoform X6 [Homo sapiens]	TRUE	TENT2
XP_001684046.2	XP_047272813.1	0	N/A	25.503	149	28	0.003	42.7	poly(A) RNA polymerase GLD2 isoform X6 [Homo sapiens]	TRUE	TENT2
XP_001684046.2	XP_047272812.1	0	N/A	25.503	149	28	0.003	42.7	poly(A) RNA polymerase GLD2 isoform X6 [Homo sapiens]	TRUE	TENT2
XP_001684046.2	NP_001375062.1	0	N/A	25.503	149	28	0.003	42.7	poly(A) RNA polymerase GLD2 isoform 3 [Homo sapiens]	TRUE	TENT2
XP_001684046.2	NP_001284674.1	0	N/A	25.503	149	28	0.003	42.7	poly(A) RNA polymerase GLD2 isoform 3 [Homo sapiens]	TRUE	TENT2
XP_001684046.2	XP_011517318.1	0	N/A	21.311	183	32	0.003	43.1	terminal uridylyltransferase 7 isoform X5 [Homo sapiens]	TRUE	Tut7
XP_001684046.2	XP_011541531.1	0	N/A	25.503	149	28	0.003	42.7	poly(A) RNA polymerase GLD2 isoform X5 [Homo sapiens]	TRUE	TENT2
XP_001684046.2	XP_011517317.1	0	N/A	21.311	183	32	0.003	43.1	terminal uridylyltransferase 7 isoform X3 [Homo sapiens]	TRUE	Tut7
XP_001684046.2	XP_047279823.1	0	N/A	21.311	183	32	0.003	43.1	terminal uridylyltransferase 7 isoform X2 [Homo sapiens]	TRUE	Tut7
XP_001684046.2	XP_006717346.1	0	N/A	21.311	183	32	0.003	43.1	terminal uridylyltransferase 7 isoform X2 [Homo sapiens]	TRUE	Tut7
XP_001684046.2	XP_005252265.1	0	N/A	21.311	183	32	0.003	43.1	terminal uridylyltransferase 7 isoform X7 [Homo sapiens]	TRUE	Tut7
XP_001684046.2	XP_011517316.1	0	N/A	21.311	183	32	0.003	43.1	terminal uridylyltransferase 7 isoform X1 [Homo sapiens]	TRUE	Tut7
XP_001684046.2	XP_011517315.1	0	N/A	21.311	183	32	0.003	43.1	terminal uridylyltransferase 7 isoform X1 [Homo sapiens]	TRUE	Tut7
XP_001684046.2	XP_011517314.1	0	N/A	21.311	183	32	0.003	43.1	terminal uridylyltransferase 7 isoform X1 [Homo sapiens]	TRUE	Tut7
XP_001684046.2	XP_011517313.1	0	N/A	21.311	183	32	0.003	43.1	terminal uridylyltransferase 7 isoform X1 [Homo sapiens]	TRUE	Tut7
XP_001684046.2	NP_005264.2	0	N/A	36.923	65	12	0.078	38.1	guanine nucleotide-binding protein G(I)/G(S)/G(T) subunit beta-2 [Homo sapiens]	FALSE	NA
XP_001684046.2	XP_047272286.1	0	N/A	20.126	159	27	0.079	38.5	terminal uridylyltransferase 4 isoform X8 [Homo sapiens]	TRUE	Tut4
XP_001684046.2	XP_047272305.1	0	N/A	20.126	159	27	0.08	38.5	terminal uridylyltransferase 4 isoform X17 [Homo sapiens]	TRUE	Tut4
XP_001684056.2	NP_001035375.2	0	N/A	23.276	348	69	8.75e-16	82.4	terminal nucleotidyltransferase 4B isoform b [Homo sapiens]	TRUE	TENT4B
XP_001684056.2	XP_011521578.1	0	N/A	23.276	348	69	8.76e-16	82.4	terminal nucleotidyltransferase 4B isoform X2 [Homo sapiens]	TRUE	TENT4B
XP_001684056.2	NP_001035374.2	0	N/A	23.276	348	69	1.22e-15	82	terminal nucleotidyltransferase 4B isoform a [Homo sapiens]	TRUE	TENT4B
XP_001684056.2	XP_011521577.1	0	N/A	23.276	348	69	1.22e-15	82	terminal nucleotidyltransferase 4B isoform X1 [Homo sapiens]	TRUE	TENT4B
XP_001684056.2	XP_047290431.1	0	N/A	23.276	348	69	1.35e-15	82	terminal nucleotidyltransferase 4B isoform X3 [Homo sapiens]	TRUE	TENT4B
XP_001684056.2	XP_047290432.1	0	N/A	23.276	348	69	1.41e-15	82	terminal nucleotidyltransferase 4B isoform X4 [Homo sapiens]	TRUE	TENT4B
XP_001684056.2	NP_001352252.1	0	N/A	23.563	348	69	1.51e-15	82	terminal nucleotidyltransferase 4B isoform c [Homo sapiens]	TRUE	TENT4B
XP_001684056.2	NP_001352253.1	0	N/A	23.276	348	69	1.72e-15	81.6	terminal nucleotidyltransferase 4B isoform d [Homo sapiens]	TRUE	TENT4B
XP_001684056.2	XP_047290433.1	0	N/A	24.251	334	66	2.32e-15	80.9	terminal nucleotidyltransferase 4B isoform X6 [Homo sapiens]	TRUE	TENT4B
XP_001684056.2	XP_011521580.1	0	N/A	24.251	334	66	2.98e-15	80.5	terminal nucleotidyltransferase 4B isoform X5 [Homo sapiens]	TRUE	TENT4B
XP_001684056.2	NP_008930.2	0	N/A	26.357	258	52	1.38e-13	75.9	terminal nucleotidyltransferase 4A isoform 1 [Homo sapiens]	TRUE	TENT4A
XP_001684056.2	NP_001165276.2	0	N/A	26.357	258	52	1.39e-13	75.9	terminal nucleotidyltransferase 4A isoform 2 [Homo sapiens]	TRUE	TENT4A
XP_001684056.2	XP_047272622.1	0	N/A	25.207	242	49	2.27e-12	71.6	terminal nucleotidyltransferase 4A isoform X1 [Homo sapiens]	TRUE	TENT4A
XP_001684056.2	XP_047272621.1	0	N/A	25.207	242	49	2.27e-12	71.6	terminal nucleotidyltransferase 4A isoform X1 [Homo sapiens]	TRUE	TENT4A
XP_001684056.2	XP_047272620.1	0	N/A	25.207	242	49	2.27e-12	71.6	terminal nucleotidyltransferase 4A isoform X1 [Homo sapiens]	TRUE	TENT4A
XP_001684056.2	XP_047272623.1	0	N/A	25.822	213	43	3.58e-11	67.8	terminal nucleotidyltransferase 4A isoform X2 [Homo sapiens]	TRUE	TENT4A
XP_001684056.2	XP_016864477.1	0	N/A	25.822	213	43	3.58e-11	67.8	terminal nucleotidyltransferase 4A isoform X2 [Homo sapiens]	TRUE	TENT4A
XP_001684056.2	XP_047272624.1	0	N/A	25.822	213	43	3.67e-11	67.8	terminal nucleotidyltransferase 4A isoform X3 [Homo sapiens]	TRUE	TENT4A
XP_001684056.2	XP_047272820.1	0	N/A	27.326	172	30	9.78e-10	61.6	poly(A) RNA polymerase GLD2 isoform X11 [Homo sapiens]	TRUE	TENT2
XP_001684056.2	NP_001336477.1	0	N/A	28.049	164	28	1.14e-09	61.6	poly(A) RNA polymerase GLD2 isoform 4 [Homo sapiens]	TRUE	TENT2
XP_001684056.2	XP_047272805.1	0	N/A	24.503	302	53	1.51e-09	62.8	poly(A) RNA polymerase GLD2 isoform X2 [Homo sapiens]	TRUE	TENT2
XP_001684056.2	XP_047272804.1	0	N/A	24.503	302	53	1.51e-09	62.8	poly(A) RNA polymerase GLD2 isoform X2 [Homo sapiens]	TRUE	TENT2
XP_001684056.2	XP_047272803.1	0	N/A	24.503	302	53	1.51e-09	62.8	poly(A) RNA polymerase GLD2 isoform X2 [Homo sapiens]	TRUE	TENT2
XP_001684056.2	XP_047272802.1	0	N/A	24.503	302	53	1.51e-09	62.8	poly(A) RNA polymerase GLD2 isoform X2 [Homo sapiens]	TRUE	TENT2
XP_001684056.2	XP_016864641.1	0	N/A	24.503	302	53	1.51e-09	62.8	poly(A) RNA polymerase GLD2 isoform X2 [Homo sapiens]	TRUE	TENT2
XP_001684056.2	NP_001375026.1	0	N/A	24.503	302	53	1.51e-09	62.8	poly(A) RNA polymerase GLD2 isoform 6 [Homo sapiens]	TRUE	TENT2
XP_001684056.2	NP_001375025.1	0	N/A	24.503	302	53	1.51e-09	62.8	poly(A) RNA polymerase GLD2 isoform 6 [Homo sapiens]	TRUE	TENT2
XP_001684056.2	NP_001375024.1	0	N/A	24.503	302	53	1.51e-09	62.8	poly(A) RNA polymerase GLD2 isoform 6 [Homo sapiens]	TRUE	TENT2
XP_001684056.2	NP_001336480.1	0	N/A	24.503	302	53	1.51e-09	62.8	poly(A) RNA polymerase GLD2 isoform 6 [Homo sapiens]	TRUE	TENT2
XP_001684056.2	NP_001375027.1	0	N/A	23.841	302	53	1.69e-09	62.4	poly(A) RNA polymerase GLD2 isoform 7 [Homo sapiens]	TRUE	TENT2
XP_001684056.2	XP_047272811.1	0	N/A	28.049	164	28	4.45e-09	61.2	poly(A) RNA polymerase GLD2 isoform X4 [Homo sapiens]	TRUE	TENT2
XP_001684056.2	XP_047272810.1	0	N/A	28.049	164	28	4.45e-09	61.2	poly(A) RNA polymerase GLD2 isoform X4 [Homo sapiens]	TRUE	TENT2
XP_001684056.2	XP_047272809.1	0	N/A	28.049	164	28	4.45e-09	61.2	poly(A) RNA polymerase GLD2 isoform X4 [Homo sapiens]	TRUE	TENT2
XP_001684056.2	NP_001375058.1	0	N/A	28.049	164	28	4.45e-09	61.2	poly(A) RNA polymerase GLD2 isoform 2 [Homo sapiens]	TRUE	TENT2
XP_001684056.2	NP_001375057.1	0	N/A	28.049	164	28	4.45e-09	61.2	poly(A) RNA polymerase GLD2 isoform 2 [Homo sapiens]	TRUE	TENT2
XP_001684056.2	NP_001375056.1	0	N/A	28.049	164	28	4.45e-09	61.2	poly(A) RNA polymerase GLD2 isoform 2 [Homo sapiens]	TRUE	TENT2
XP_001684056.2	NP_001375055.1	0	N/A	28.049	164	28	4.45e-09	61.2	poly(A) RNA polymerase GLD2 isoform 2 [Homo sapiens]	TRUE	TENT2
XP_001684056.2	NP_001375054.1	0	N/A	28.049	164	28	4.45e-09	61.2	poly(A) RNA polymerase GLD2 isoform 2 [Homo sapiens]	TRUE	TENT2
XP_001684056.2	NP_001375053.1	0	N/A	28.049	164	28	4.45e-09	61.2	poly(A) RNA polymerase GLD2 isoform 2 [Homo sapiens]	TRUE	TENT2
XP_001684056.2	NP_001375052.1	0	N/A	28.049	164	28	4.45e-09	61.2	poly(A) RNA polymerase GLD2 isoform 2 [Homo sapiens]	TRUE	TENT2
XP_001684056.2	NP_001375051.1	0	N/A	28.049	164	28	4.45e-09	61.2	poly(A) RNA polymerase GLD2 isoform 2 [Homo sapiens]	TRUE	TENT2
XP_001684056.2	NP_001375050.1	0	N/A	28.049	164	28	4.45e-09	61.2	poly(A) RNA polymerase GLD2 isoform 2 [Homo sapiens]	TRUE	TENT2
XP_001684056.2	NP_001375049.1	0	N/A	28.049	164	28	4.45e-09	61.2	poly(A) RNA polymerase GLD2 isoform 2 [Homo sapiens]	TRUE	TENT2
XP_001684056.2	NP_001375048.1	0	N/A	28.049	164	28	4.45e-09	61.2	poly(A) RNA polymerase GLD2 isoform 2 [Homo sapiens]	TRUE	TENT2
XP_001684056.2	NP_001375047.1	0	N/A	28.049	164	28	4.45e-09	61.2	poly(A) RNA polymerase GLD2 isoform 2 [Homo sapiens]	TRUE	TENT2
XP_001684056.2	NP_001375046.1	0	N/A	28.049	164	28	4.45e-09	61.2	poly(A) RNA polymerase GLD2 isoform 2 [Homo sapiens]	TRUE	TENT2
XP_001684056.2	NP_001375045.1	0	N/A	28.049	164	28	4.45e-09	61.2	poly(A) RNA polymerase GLD2 isoform 2 [Homo sapiens]	TRUE	TENT2
XP_001684056.2	NP_001375044.1	0	N/A	28.049	164	28	4.45e-09	61.2	poly(A) RNA polymerase GLD2 isoform 2 [Homo sapiens]	TRUE	TENT2
XP_001684056.2	NP_001375043.1	0	N/A	28.049	164	28	4.45e-09	61.2	poly(A) RNA polymerase GLD2 isoform 2 [Homo sapiens]	TRUE	TENT2
XP_001684056.2	NP_001336483.1	0	N/A	28.049	164	28	4.45e-09	61.2	poly(A) RNA polymerase GLD2 isoform 2 [Homo sapiens]	TRUE	TENT2
XP_001684056.2	NP_001284673.1	0	N/A	28.049	164	28	4.45e-09	61.2	poly(A) RNA polymerase GLD2 isoform 2 [Homo sapiens]	TRUE	TENT2
XP_001684056.2	NP_001375059.1	0	N/A	28.049	164	28	4.48e-09	61.2	poly(A) RNA polymerase GLD2 isoform 10 [Homo sapiens]	TRUE	TENT2
XP_001684056.2	XP_047272801.1	0	N/A	23.529	306	53	5.24e-09	60.8	poly(A) RNA polymerase GLD2 isoform X1 [Homo sapiens]	TRUE	TENT2
XP_001684056.2	XP_047272800.1	0	N/A	23.529	306	53	5.24e-09	60.8	poly(A) RNA polymerase GLD2 isoform X1 [Homo sapiens]	TRUE	TENT2
XP_001684056.2	XP_011541527.1	0	N/A	23.529	306	53	5.24e-09	60.8	poly(A) RNA polymerase GLD2 isoform X1 [Homo sapiens]	TRUE	TENT2
XP_001684056.2	XP_011541526.1	0	N/A	23.529	306	53	5.24e-09	60.8	poly(A) RNA polymerase GLD2 isoform X1 [Homo sapiens]	TRUE	TENT2
XP_001684056.2	XP_011541523.1	0	N/A	23.529	306	53	5.24e-09	60.8	poly(A) RNA polymerase GLD2 isoform X1 [Homo sapiens]	TRUE	TENT2
XP_001684056.2	XP_011541522.1	0	N/A	23.529	306	53	5.24e-09	60.8	poly(A) RNA polymerase GLD2 isoform X1 [Homo sapiens]	TRUE	TENT2
XP_001684056.2	NP_001375023.1	0	N/A	23.529	306	53	5.24e-09	60.8	poly(A) RNA polymerase GLD2 isoform 5 [Homo sapiens]	TRUE	TENT2
XP_001684056.2	NP_001375022.1	0	N/A	23.529	306	53	5.24e-09	60.8	poly(A) RNA polymerase GLD2 isoform 5 [Homo sapiens]	TRUE	TENT2
XP_001684056.2	NP_001336479.1	0	N/A	23.529	306	53	5.24e-09	60.8	poly(A) RNA polymerase GLD2 isoform 5 [Homo sapiens]	TRUE	TENT2
XP_001684056.2	NP_001336478.1	0	N/A	23.529	306	53	5.24e-09	60.8	poly(A) RNA polymerase GLD2 isoform 5 [Homo sapiens]	TRUE	TENT2
XP_001684056.2	NP_001375030.1	0	N/A	28.049	164	28	5.35e-09	60.8	poly(A) RNA polymerase GLD2 isoform 9 [Homo sapiens]	TRUE	TENT2
XP_001684056.2	NP_001375061.1	0	N/A	28.049	164	28	5.59e-09	60.8	poly(A) RNA polymerase GLD2 isoform 12 [Homo sapiens]	TRUE	TENT2
XP_001684056.2	NP_001375065.1	0	N/A	28.049	164	28	5.63e-09	60.5	poly(A) RNA polymerase GLD2 isoform 14 [Homo sapiens]	TRUE	TENT2
XP_001684056.2	NP_001375042.1	0	N/A	28.049	164	28	5.77e-09	60.8	poly(A) RNA polymerase GLD2 isoform 16 [Homo sapiens]	TRUE	TENT2
XP_001684056.2	XP_047272808.1	0	N/A	28.049	164	28	5.99e-09	60.8	poly(A) RNA polymerase GLD2 isoform X3 [Homo sapiens]	TRUE	TENT2
XP_001684056.2	XP_047272807.1	0	N/A	28.049	164	28	5.99e-09	60.8	poly(A) RNA polymerase GLD2 isoform X3 [Homo sapiens]	TRUE	TENT2
XP_001684056.2	XP_047272806.1	0	N/A	28.049	164	28	5.99e-09	60.8	poly(A) RNA polymerase GLD2 isoform X3 [Homo sapiens]	TRUE	TENT2
XP_001684056.2	NP_776158.2	0	N/A	28.049	164	28	5.99e-09	60.8	poly(A) RNA polymerase GLD2 isoform 1 [Homo sapiens]	TRUE	TENT2
XP_001684056.2	NP_001375041.1	0	N/A	28.049	164	28	5.99e-09	60.8	poly(A) RNA polymerase GLD2 isoform 1 [Homo sapiens]	TRUE	TENT2
XP_001684056.2	NP_001375040.1	0	N/A	28.049	164	28	5.99e-09	60.8	poly(A) RNA polymerase GLD2 isoform 1 [Homo sapiens]	TRUE	TENT2
XP_001684056.2	NP_001375039.1	0	N/A	28.049	164	28	5.99e-09	60.8	poly(A) RNA polymerase GLD2 isoform 1 [Homo sapiens]	TRUE	TENT2
XP_001684056.2	NP_001375038.1	0	N/A	28.049	164	28	5.99e-09	60.8	poly(A) RNA polymerase GLD2 isoform 1 [Homo sapiens]	TRUE	TENT2
XP_001684056.2	NP_001375037.1	0	N/A	28.049	164	28	5.99e-09	60.8	poly(A) RNA polymerase GLD2 isoform 1 [Homo sapiens]	TRUE	TENT2
XP_001684056.2	NP_001375036.1	0	N/A	28.049	164	28	5.99e-09	60.8	poly(A) RNA polymerase GLD2 isoform 1 [Homo sapiens]	TRUE	TENT2
XP_001684056.2	NP_001375035.1	0	N/A	28.049	164	28	5.99e-09	60.8	poly(A) RNA polymerase GLD2 isoform 1 [Homo sapiens]	TRUE	TENT2
XP_001684056.2	NP_001375034.1	0	N/A	28.049	164	28	5.99e-09	60.8	poly(A) RNA polymerase GLD2 isoform 1 [Homo sapiens]	TRUE	TENT2
XP_001684056.2	NP_001375032.1	0	N/A	28.049	164	28	5.99e-09	60.8	poly(A) RNA polymerase GLD2 isoform 1 [Homo sapiens]	TRUE	TENT2
XP_001684056.2	NP_001375031.1	0	N/A	28.049	164	28	5.99e-09	60.8	poly(A) RNA polymerase GLD2 isoform 1 [Homo sapiens]	TRUE	TENT2
XP_001684056.2	NP_001336482.1	0	N/A	28.049	164	28	5.99e-09	60.8	poly(A) RNA polymerase GLD2 isoform 1 [Homo sapiens]	TRUE	TENT2
XP_001684056.2	NP_001336481.1	0	N/A	28.049	164	28	5.99e-09	60.8	poly(A) RNA polymerase GLD2 isoform 1 [Homo sapiens]	TRUE	TENT2
XP_001684056.2	NP_001107866.1	0	N/A	28.049	164	28	5.99e-09	60.8	poly(A) RNA polymerase GLD2 isoform 1 [Homo sapiens]	TRUE	TENT2
XP_001684056.2	NP_001107865.1	0	N/A	28.049	164	28	5.99e-09	60.8	poly(A) RNA polymerase GLD2 isoform 1 [Homo sapiens]	TRUE	TENT2
XP_001684056.2	NP_001375060.1	0	N/A	28.049	164	28	6.79e-09	60.5	poly(A) RNA polymerase GLD2 isoform 11 [Homo sapiens]	TRUE	TENT2
XP_001684056.2	NP_001375029.1	0	N/A	28.049	164	28	7.14e-09	60.5	poly(A) RNA polymerase GLD2 isoform 8 [Homo sapiens]	TRUE	TENT2
XP_001684056.2	NP_001375028.1	0	N/A	28.049	164	28	7.14e-09	60.5	poly(A) RNA polymerase GLD2 isoform 8 [Homo sapiens]	TRUE	TENT2
XP_001684056.2	XP_011517316.1	0	N/A	24.201	219	45	7.44e-08	57.8	terminal uridylyltransferase 7 isoform X1 [Homo sapiens]	TRUE	Tut7
XP_001684056.2	XP_011517315.1	0	N/A	24.201	219	45	7.44e-08	57.8	terminal uridylyltransferase 7 isoform X1 [Homo sapiens]	TRUE	Tut7
XP_001684056.2	XP_011517314.1	0	N/A	24.201	219	45	7.44e-08	57.8	terminal uridylyltransferase 7 isoform X1 [Homo sapiens]	TRUE	Tut7
XP_001684056.2	XP_011517313.1	0	N/A	24.201	219	45	7.44e-08	57.8	terminal uridylyltransferase 7 isoform X1 [Homo sapiens]	TRUE	Tut7
XP_001684056.2	XP_047279825.1	0	N/A	24.201	219	45	7.64e-08	57.8	terminal uridylyltransferase 7 isoform X6 [Homo sapiens]	TRUE	Tut7
XP_001684056.2	XP_047279824.1	0	N/A	24.201	219	45	7.64e-08	57.8	terminal uridylyltransferase 7 isoform X6 [Homo sapiens]	TRUE	Tut7
XP_001684056.2	XP_005252264.1	0	N/A	24.201	219	45	7.64e-08	57.8	terminal uridylyltransferase 7 isoform X6 [Homo sapiens]	TRUE	Tut7
XP_001684056.2	XP_011517317.1	0	N/A	24.201	219	45	7.69e-08	57.8	terminal uridylyltransferase 7 isoform X3 [Homo sapiens]	TRUE	Tut7
XP_001684056.2	XP_047279826.1	0	N/A	23.629	237	49	7.88e-08	57.8	terminal uridylyltransferase 7 isoform X8 [Homo sapiens]	TRUE	Tut7
XP_001684056.2	XP_005252265.1	0	N/A	24.201	219	45	8.02e-08	57.8	terminal uridylyltransferase 7 isoform X7 [Homo sapiens]	TRUE	Tut7
XP_001684056.2	XP_047279823.1	0	N/A	24.201	219	45	8.46e-08	57.8	terminal uridylyltransferase 7 isoform X2 [Homo sapiens]	TRUE	Tut7
XP_001684056.2	XP_006717346.1	0	N/A	24.201	219	45	8.46e-08	57.8	terminal uridylyltransferase 7 isoform X2 [Homo sapiens]	TRUE	Tut7
XP_001684056.2	XP_016870620.1	0	N/A	24.201	219	45	9.17e-08	57.8	terminal uridylyltransferase 7 isoform X4 [Homo sapiens]	TRUE	Tut7
XP_001684357.1	NP_001336477.1	0	N/A	24.876	201	40	1.68e-05	48.9	poly(A) RNA polymerase GLD2 isoform 4 [Homo sapiens]	TRUE	TENT2
XP_001684357.1	XP_047272820.1	0	N/A	24.876	201	40	2.23e-05	48.5	poly(A) RNA polymerase GLD2 isoform X11 [Homo sapiens]	TRUE	TENT2
XP_001684357.1	NP_001375061.1	0	N/A	25	196	40	2.7e-05	48.9	poly(A) RNA polymerase GLD2 isoform 12 [Homo sapiens]	TRUE	TENT2
XP_001684357.1	XP_047272811.1	0	N/A	25	196	40	2.96e-05	48.9	poly(A) RNA polymerase GLD2 isoform X4 [Homo sapiens]	TRUE	TENT2
XP_001684357.1	XP_047272810.1	0	N/A	25	196	40	2.96e-05	48.9	poly(A) RNA polymerase GLD2 isoform X4 [Homo sapiens]	TRUE	TENT2
XP_001684357.1	XP_047272809.1	0	N/A	25	196	40	2.96e-05	48.9	poly(A) RNA polymerase GLD2 isoform X4 [Homo sapiens]	TRUE	TENT2
XP_001684357.1	NP_001375058.1	0	N/A	25	196	40	2.96e-05	48.9	poly(A) RNA polymerase GLD2 isoform 2 [Homo sapiens]	TRUE	TENT2
XP_001684357.1	NP_001375057.1	0	N/A	25	196	40	2.96e-05	48.9	poly(A) RNA polymerase GLD2 isoform 2 [Homo sapiens]	TRUE	TENT2
XP_001684357.1	NP_001375056.1	0	N/A	25	196	40	2.96e-05	48.9	poly(A) RNA polymerase GLD2 isoform 2 [Homo sapiens]	TRUE	TENT2
XP_001684357.1	NP_001375055.1	0	N/A	25	196	40	2.96e-05	48.9	poly(A) RNA polymerase GLD2 isoform 2 [Homo sapiens]	TRUE	TENT2
XP_001684357.1	NP_001375054.1	0	N/A	25	196	40	2.96e-05	48.9	poly(A) RNA polymerase GLD2 isoform 2 [Homo sapiens]	TRUE	TENT2
XP_001684357.1	NP_001375053.1	0	N/A	25	196	40	2.96e-05	48.9	poly(A) RNA polymerase GLD2 isoform 2 [Homo sapiens]	TRUE	TENT2
XP_001684357.1	NP_001375052.1	0	N/A	25	196	40	2.96e-05	48.9	poly(A) RNA polymerase GLD2 isoform 2 [Homo sapiens]	TRUE	TENT2
XP_001684357.1	NP_001375051.1	0	N/A	25	196	40	2.96e-05	48.9	poly(A) RNA polymerase GLD2 isoform 2 [Homo sapiens]	TRUE	TENT2
XP_001684357.1	NP_001375050.1	0	N/A	25	196	40	2.96e-05	48.9	poly(A) RNA polymerase GLD2 isoform 2 [Homo sapiens]	TRUE	TENT2
XP_001684357.1	NP_001375049.1	0	N/A	25	196	40	2.96e-05	48.9	poly(A) RNA polymerase GLD2 isoform 2 [Homo sapiens]	TRUE	TENT2
XP_001684357.1	NP_001375048.1	0	N/A	25	196	40	2.96e-05	48.9	poly(A) RNA polymerase GLD2 isoform 2 [Homo sapiens]	TRUE	TENT2
XP_001684357.1	NP_001375047.1	0	N/A	25	196	40	2.96e-05	48.9	poly(A) RNA polymerase GLD2 isoform 2 [Homo sapiens]	TRUE	TENT2
XP_001684357.1	NP_001375046.1	0	N/A	25	196	40	2.96e-05	48.9	poly(A) RNA polymerase GLD2 isoform 2 [Homo sapiens]	TRUE	TENT2
XP_001684357.1	NP_001375045.1	0	N/A	25	196	40	2.96e-05	48.9	poly(A) RNA polymerase GLD2 isoform 2 [Homo sapiens]	TRUE	TENT2
XP_001684357.1	NP_001375044.1	0	N/A	25	196	40	2.96e-05	48.9	poly(A) RNA polymerase GLD2 isoform 2 [Homo sapiens]	TRUE	TENT2
XP_001684357.1	NP_001375043.1	0	N/A	25	196	40	2.96e-05	48.9	poly(A) RNA polymerase GLD2 isoform 2 [Homo sapiens]	TRUE	TENT2
XP_001684357.1	NP_001336483.1	0	N/A	25	196	40	2.96e-05	48.9	poly(A) RNA polymerase GLD2 isoform 2 [Homo sapiens]	TRUE	TENT2
XP_001684357.1	NP_001284673.1	0	N/A	25	196	40	2.96e-05	48.9	poly(A) RNA polymerase GLD2 isoform 2 [Homo sapiens]	TRUE	TENT2
XP_001684357.1	NP_001375059.1	0	N/A	25	196	40	3.01e-05	48.9	poly(A) RNA polymerase GLD2 isoform 10 [Homo sapiens]	TRUE	TENT2
XP_001684357.1	NP_001375060.1	0	N/A	25	196	40	3.1e-05	48.9	poly(A) RNA polymerase GLD2 isoform 11 [Homo sapiens]	TRUE	TENT2
XP_001684357.1	NP_001375065.1	0	N/A	25	196	40	3.18e-05	48.5	poly(A) RNA polymerase GLD2 isoform 14 [Homo sapiens]	TRUE	TENT2
XP_001684357.1	XP_047272808.1	0	N/A	25	196	40	3.25e-05	48.9	poly(A) RNA polymerase GLD2 isoform X3 [Homo sapiens]	TRUE	TENT2
XP_001684357.1	XP_047272807.1	0	N/A	25	196	40	3.25e-05	48.9	poly(A) RNA polymerase GLD2 isoform X3 [Homo sapiens]	TRUE	TENT2
XP_001684357.1	XP_047272806.1	0	N/A	25	196	40	3.25e-05	48.9	poly(A) RNA polymerase GLD2 isoform X3 [Homo sapiens]	TRUE	TENT2
XP_001684357.1	NP_776158.2	0	N/A	25	196	40	3.25e-05	48.9	poly(A) RNA polymerase GLD2 isoform 1 [Homo sapiens]	TRUE	TENT2
XP_001684357.1	NP_001375041.1	0	N/A	25	196	40	3.25e-05	48.9	poly(A) RNA polymerase GLD2 isoform 1 [Homo sapiens]	TRUE	TENT2
XP_001684357.1	NP_001375040.1	0	N/A	25	196	40	3.25e-05	48.9	poly(A) RNA polymerase GLD2 isoform 1 [Homo sapiens]	TRUE	TENT2
XP_001684357.1	NP_001375039.1	0	N/A	25	196	40	3.25e-05	48.9	poly(A) RNA polymerase GLD2 isoform 1 [Homo sapiens]	TRUE	TENT2
XP_001684357.1	NP_001375038.1	0	N/A	25	196	40	3.25e-05	48.9	poly(A) RNA polymerase GLD2 isoform 1 [Homo sapiens]	TRUE	TENT2
XP_001684357.1	NP_001375037.1	0	N/A	25	196	40	3.25e-05	48.9	poly(A) RNA polymerase GLD2 isoform 1 [Homo sapiens]	TRUE	TENT2
XP_001684357.1	NP_001375036.1	0	N/A	25	196	40	3.25e-05	48.9	poly(A) RNA polymerase GLD2 isoform 1 [Homo sapiens]	TRUE	TENT2
XP_001684357.1	NP_001375035.1	0	N/A	25	196	40	3.25e-05	48.9	poly(A) RNA polymerase GLD2 isoform 1 [Homo sapiens]	TRUE	TENT2
XP_001684357.1	NP_001375034.1	0	N/A	25	196	40	3.25e-05	48.9	poly(A) RNA polymerase GLD2 isoform 1 [Homo sapiens]	TRUE	TENT2
XP_001684357.1	NP_001375032.1	0	N/A	25	196	40	3.25e-05	48.9	poly(A) RNA polymerase GLD2 isoform 1 [Homo sapiens]	TRUE	TENT2
XP_001684357.1	NP_001375031.1	0	N/A	25	196	40	3.25e-05	48.9	poly(A) RNA polymerase GLD2 isoform 1 [Homo sapiens]	TRUE	TENT2
XP_001684357.1	NP_001336482.1	0	N/A	25	196	40	3.25e-05	48.9	poly(A) RNA polymerase GLD2 isoform 1 [Homo sapiens]	TRUE	TENT2
XP_001684357.1	NP_001336481.1	0	N/A	25	196	40	3.25e-05	48.9	poly(A) RNA polymerase GLD2 isoform 1 [Homo sapiens]	TRUE	TENT2
XP_001684357.1	NP_001107866.1	0	N/A	25	196	40	3.25e-05	48.9	poly(A) RNA polymerase GLD2 isoform 1 [Homo sapiens]	TRUE	TENT2
XP_001684357.1	NP_001107865.1	0	N/A	25	196	40	3.25e-05	48.9	poly(A) RNA polymerase GLD2 isoform 1 [Homo sapiens]	TRUE	TENT2
XP_001684357.1	NP_001375042.1	0	N/A	25	196	40	3.33e-05	48.9	poly(A) RNA polymerase GLD2 isoform 16 [Homo sapiens]	TRUE	TENT2
XP_001684357.1	XP_047272805.1	0	N/A	25	196	40	3.57e-05	48.5	poly(A) RNA polymerase GLD2 isoform X2 [Homo sapiens]	TRUE	TENT2
XP_001684357.1	XP_047272804.1	0	N/A	25	196	40	3.57e-05	48.5	poly(A) RNA polymerase GLD2 isoform X2 [Homo sapiens]	TRUE	TENT2
XP_001684357.1	XP_047272803.1	0	N/A	25	196	40	3.57e-05	48.5	poly(A) RNA polymerase GLD2 isoform X2 [Homo sapiens]	TRUE	TENT2
XP_001684357.1	XP_047272802.1	0	N/A	25	196	40	3.57e-05	48.5	poly(A) RNA polymerase GLD2 isoform X2 [Homo sapiens]	TRUE	TENT2
XP_001684357.1	XP_016864641.1	0	N/A	25	196	40	3.57e-05	48.5	poly(A) RNA polymerase GLD2 isoform X2 [Homo sapiens]	TRUE	TENT2
XP_001684357.1	NP_001375026.1	0	N/A	25	196	40	3.57e-05	48.5	poly(A) RNA polymerase GLD2 isoform 6 [Homo sapiens]	TRUE	TENT2
XP_001684357.1	NP_001375025.1	0	N/A	25	196	40	3.57e-05	48.5	poly(A) RNA polymerase GLD2 isoform 6 [Homo sapiens]	TRUE	TENT2
XP_001684357.1	NP_001375024.1	0	N/A	25	196	40	3.57e-05	48.5	poly(A) RNA polymerase GLD2 isoform 6 [Homo sapiens]	TRUE	TENT2
XP_001684357.1	NP_001336480.1	0	N/A	25	196	40	3.57e-05	48.5	poly(A) RNA polymerase GLD2 isoform 6 [Homo sapiens]	TRUE	TENT2
XP_001684357.1	NP_001375030.1	0	N/A	25	196	40	3.57e-05	48.5	poly(A) RNA polymerase GLD2 isoform 9 [Homo sapiens]	TRUE	TENT2
XP_001684357.1	NP_001375029.1	0	N/A	25	196	40	3.62e-05	48.5	poly(A) RNA polymerase GLD2 isoform 8 [Homo sapiens]	TRUE	TENT2
XP_001684357.1	NP_001375028.1	0	N/A	25	196	40	3.62e-05	48.5	poly(A) RNA polymerase GLD2 isoform 8 [Homo sapiens]	TRUE	TENT2
XP_001684357.1	NP_001375027.1	0	N/A	25	196	40	3.63e-05	48.5	poly(A) RNA polymerase GLD2 isoform 7 [Homo sapiens]	TRUE	TENT2
XP_001684357.1	XP_047272801.1	0	N/A	25	196	40	4.12e-05	48.5	poly(A) RNA polymerase GLD2 isoform X1 [Homo sapiens]	TRUE	TENT2
XP_001684357.1	XP_047272800.1	0	N/A	25	196	40	4.12e-05	48.5	poly(A) RNA polymerase GLD2 isoform X1 [Homo sapiens]	TRUE	TENT2
XP_001684357.1	XP_011541527.1	0	N/A	25	196	40	4.12e-05	48.5	poly(A) RNA polymerase GLD2 isoform X1 [Homo sapiens]	TRUE	TENT2
XP_001684357.1	XP_011541526.1	0	N/A	25	196	40	4.12e-05	48.5	poly(A) RNA polymerase GLD2 isoform X1 [Homo sapiens]	TRUE	TENT2
XP_001684357.1	XP_011541523.1	0	N/A	25	196	40	4.12e-05	48.5	poly(A) RNA polymerase GLD2 isoform X1 [Homo sapiens]	TRUE	TENT2
XP_001684357.1	XP_011541522.1	0	N/A	25	196	40	4.12e-05	48.5	poly(A) RNA polymerase GLD2 isoform X1 [Homo sapiens]	TRUE	TENT2
XP_001684357.1	NP_001375023.1	0	N/A	25	196	40	4.12e-05	48.5	poly(A) RNA polymerase GLD2 isoform 5 [Homo sapiens]	TRUE	TENT2
XP_001684357.1	NP_001375022.1	0	N/A	25	196	40	4.12e-05	48.5	poly(A) RNA polymerase GLD2 isoform 5 [Homo sapiens]	TRUE	TENT2
XP_001684357.1	NP_001336479.1	0	N/A	25	196	40	4.12e-05	48.5	poly(A) RNA polymerase GLD2 isoform 5 [Homo sapiens]	TRUE	TENT2
XP_001684357.1	NP_001336478.1	0	N/A	25	196	40	4.12e-05	48.5	poly(A) RNA polymerase GLD2 isoform 5 [Homo sapiens]	TRUE	TENT2
XP_001684357.1	NP_001375066.1	0	N/A	25.556	180	37	4.7e-05	47.8	poly(A) RNA polymerase GLD2 isoform 15 [Homo sapiens]	TRUE	TENT2
XP_001684357.1	XP_047272367.1	0	N/A	25.517	145	31	0.005	42.4	terminal uridylyltransferase 4 isoform X39 [Homo sapiens]	TRUE	Tut4
XP_001684357.1	XP_047272354.1	0	N/A	25.517	145	31	0.005	42.4	terminal uridylyltransferase 4 isoform X35 [Homo sapiens]	TRUE	Tut4
XP_001684357.1	XP_047272325.1	0	N/A	25.517	145	31	0.005	42.4	terminal uridylyltransferase 4 isoform X23 [Homo sapiens]	TRUE	Tut4
XP_001684357.1	XP_047272362.1	0	N/A	25.517	145	31	0.005	42.4	terminal uridylyltransferase 4 isoform X37 [Homo sapiens]	TRUE	Tut4
XP_001684357.1	XP_047272337.1	0	N/A	25.517	145	31	0.005	42.4	terminal uridylyltransferase 4 isoform X27 [Homo sapiens]	TRUE	Tut4
XP_001684357.1	XP_016856295.1	0	N/A	25.517	145	31	0.005	42.4	terminal uridylyltransferase 4 isoform X25 [Homo sapiens]	TRUE	Tut4
XP_001684357.1	XP_047272344.1	0	N/A	25.517	145	31	0.005	42.4	terminal uridylyltransferase 4 isoform X30 [Homo sapiens]	TRUE	Tut4
XP_001684357.1	XP_016856296.1	0	N/A	25.517	145	31	0.005	42.4	terminal uridylyltransferase 4 isoform X28 [Homo sapiens]	TRUE	Tut4
XP_001684357.1	XP_047272348.1	0	N/A	25.517	145	31	0.005	42.4	terminal uridylyltransferase 4 isoform X32 [Homo sapiens]	TRUE	Tut4
XP_001684357.1	XP_047272350.1	0	N/A	25.517	145	31	0.005	42	terminal uridylyltransferase 4 isoform X34 [Homo sapiens]	TRUE	Tut4
XP_001684357.1	XP_047272623.1	0	N/A	24.561	114	25	0.014	40.4	terminal nucleotidyltransferase 4A isoform X2 [Homo sapiens]	TRUE	TENT4A
XP_001684357.1	XP_016864477.1	0	N/A	24.561	114	25	0.014	40.4	terminal nucleotidyltransferase 4A isoform X2 [Homo sapiens]	TRUE	TENT4A
XP_001684357.1	XP_047272624.1	0	N/A	23.932	117	26	0.014	40.4	terminal nucleotidyltransferase 4A isoform X3 [Homo sapiens]	TRUE	TENT4A
XP_001684357.1	XP_047272622.1	0	N/A	24.561	114	25	0.015	40.4	terminal nucleotidyltransferase 4A isoform X1 [Homo sapiens]	TRUE	TENT4A
XP_001684357.1	XP_047272621.1	0	N/A	24.561	114	25	0.015	40.4	terminal nucleotidyltransferase 4A isoform X1 [Homo sapiens]	TRUE	TENT4A
XP_001684357.1	XP_047272620.1	0	N/A	24.561	114	25	0.015	40.4	terminal nucleotidyltransferase 4A isoform X1 [Homo sapiens]	TRUE	TENT4A
XP_001684357.1	XP_047272818.1	0	N/A	31.325	83	18	0.015	40	poly(A) RNA polymerase GLD2 isoform X10 [Homo sapiens]	TRUE	TENT2
XP_001684357.1	XP_047272817.1	0	N/A	31.325	83	18	0.017	40	poly(A) RNA polymerase GLD2 isoform X9 [Homo sapiens]	TRUE	TENT2
XP_001684357.1	XP_047272816.1	0	N/A	31.325	83	18	0.018	40	poly(A) RNA polymerase GLD2 isoform X8 [Homo sapiens]	TRUE	TENT2
XP_001684357.1	NP_008930.2	0	N/A	23.529	119	26	0.023	40	terminal nucleotidyltransferase 4A isoform 1 [Homo sapiens]	TRUE	TENT4A
XP_001684357.1	NP_001165276.2	0	N/A	23.529	119	26	0.024	40	terminal nucleotidyltransferase 4A isoform 2 [Homo sapiens]	TRUE	TENT4A
XP_001685568.1	NP_001375065.1	0	N/A	22.517	302	81	1.3e-11	67.8	poly(A) RNA polymerase GLD2 isoform 14 [Homo sapiens]	TRUE	TENT2
XP_001685568.1	NP_001375029.1	0	N/A	22.54	315	81	1.45e-11	67.8	poly(A) RNA polymerase GLD2 isoform 8 [Homo sapiens]	TRUE	TENT2
XP_001685568.1	NP_001375028.1	0	N/A	22.54	315	81	1.45e-11	67.8	poly(A) RNA polymerase GLD2 isoform 8 [Homo sapiens]	TRUE	TENT2
XP_001685568.1	XP_047272808.1	0	N/A	22.876	306	81	1.69e-11	67.8	poly(A) RNA polymerase GLD2 isoform X3 [Homo sapiens]	TRUE	TENT2
XP_001685568.1	XP_047272807.1	0	N/A	22.876	306	81	1.69e-11	67.8	poly(A) RNA polymerase GLD2 isoform X3 [Homo sapiens]	TRUE	TENT2
XP_001685568.1	XP_047272806.1	0	N/A	22.876	306	81	1.69e-11	67.8	poly(A) RNA polymerase GLD2 isoform X3 [Homo sapiens]	TRUE	TENT2
XP_001685568.1	NP_776158.2	0	N/A	22.876	306	81	1.69e-11	67.8	poly(A) RNA polymerase GLD2 isoform 1 [Homo sapiens]	TRUE	TENT2
XP_001685568.1	NP_001375041.1	0	N/A	22.876	306	81	1.69e-11	67.8	poly(A) RNA polymerase GLD2 isoform 1 [Homo sapiens]	TRUE	TENT2
XP_001685568.1	NP_001375040.1	0	N/A	22.876	306	81	1.69e-11	67.8	poly(A) RNA polymerase GLD2 isoform 1 [Homo sapiens]	TRUE	TENT2
XP_001685568.1	NP_001375039.1	0	N/A	22.876	306	81	1.69e-11	67.8	poly(A) RNA polymerase GLD2 isoform 1 [Homo sapiens]	TRUE	TENT2
XP_001685568.1	NP_001375038.1	0	N/A	22.876	306	81	1.69e-11	67.8	poly(A) RNA polymerase GLD2 isoform 1 [Homo sapiens]	TRUE	TENT2
XP_001685568.1	NP_001375037.1	0	N/A	22.876	306	81	1.69e-11	67.8	poly(A) RNA polymerase GLD2 isoform 1 [Homo sapiens]	TRUE	TENT2
XP_001685568.1	NP_001375036.1	0	N/A	22.876	306	81	1.69e-11	67.8	poly(A) RNA polymerase GLD2 isoform 1 [Homo sapiens]	TRUE	TENT2
XP_001685568.1	NP_001375035.1	0	N/A	22.876	306	81	1.69e-11	67.8	poly(A) RNA polymerase GLD2 isoform 1 [Homo sapiens]	TRUE	TENT2
XP_001685568.1	NP_001375034.1	0	N/A	22.876	306	81	1.69e-11	67.8	poly(A) RNA polymerase GLD2 isoform 1 [Homo sapiens]	TRUE	TENT2
XP_001685568.1	NP_001375032.1	0	N/A	22.876	306	81	1.69e-11	67.8	poly(A) RNA polymerase GLD2 isoform 1 [Homo sapiens]	TRUE	TENT2
XP_001685568.1	NP_001375031.1	0	N/A	22.876	306	81	1.69e-11	67.8	poly(A) RNA polymerase GLD2 isoform 1 [Homo sapiens]	TRUE	TENT2
XP_001685568.1	NP_001336482.1	0	N/A	22.876	306	81	1.69e-11	67.8	poly(A) RNA polymerase GLD2 isoform 1 [Homo sapiens]	TRUE	TENT2
XP_001685568.1	NP_001336481.1	0	N/A	22.876	306	81	1.69e-11	67.8	poly(A) RNA polymerase GLD2 isoform 1 [Homo sapiens]	TRUE	TENT2
XP_001685568.1	NP_001107866.1	0	N/A	22.876	306	81	1.69e-11	67.8	poly(A) RNA polymerase GLD2 isoform 1 [Homo sapiens]	TRUE	TENT2
XP_001685568.1	NP_001107865.1	0	N/A	22.876	306	81	1.69e-11	67.8	poly(A) RNA polymerase GLD2 isoform 1 [Homo sapiens]	TRUE	TENT2
XP_001685568.1	NP_001375042.1	0	N/A	22.876	306	81	1.8e-11	67.8	poly(A) RNA polymerase GLD2 isoform 16 [Homo sapiens]	TRUE	TENT2
XP_001685568.1	NP_001375060.1	0	N/A	22.876	306	81	1.83e-11	67.4	poly(A) RNA polymerase GLD2 isoform 11 [Homo sapiens]	TRUE	TENT2
XP_001685568.1	NP_001375030.1	0	N/A	22.186	311	81	2.41e-11	67.4	poly(A) RNA polymerase GLD2 isoform 9 [Homo sapiens]	TRUE	TENT2
XP_001685568.1	NP_001375061.1	0	N/A	22.517	302	81	2.77e-11	67	poly(A) RNA polymerase GLD2 isoform 12 [Homo sapiens]	TRUE	TENT2
XP_001685568.1	XP_047272811.1	0	N/A	22.517	302	81	2.81e-11	67	poly(A) RNA polymerase GLD2 isoform X4 [Homo sapiens]	TRUE	TENT2
XP_001685568.1	XP_047272810.1	0	N/A	22.517	302	81	2.81e-11	67	poly(A) RNA polymerase GLD2 isoform X4 [Homo sapiens]	TRUE	TENT2
XP_001685568.1	XP_047272809.1	0	N/A	22.517	302	81	2.81e-11	67	poly(A) RNA polymerase GLD2 isoform X4 [Homo sapiens]	TRUE	TENT2
XP_001685568.1	NP_001375058.1	0	N/A	22.517	302	81	2.81e-11	67	poly(A) RNA polymerase GLD2 isoform 2 [Homo sapiens]	TRUE	TENT2
XP_001685568.1	NP_001375057.1	0	N/A	22.517	302	81	2.81e-11	67	poly(A) RNA polymerase GLD2 isoform 2 [Homo sapiens]	TRUE	TENT2
XP_001685568.1	NP_001375056.1	0	N/A	22.517	302	81	2.81e-11	67	poly(A) RNA polymerase GLD2 isoform 2 [Homo sapiens]	TRUE	TENT2
XP_001685568.1	NP_001375055.1	0	N/A	22.517	302	81	2.81e-11	67	poly(A) RNA polymerase GLD2 isoform 2 [Homo sapiens]	TRUE	TENT2
XP_001685568.1	NP_001375054.1	0	N/A	22.517	302	81	2.81e-11	67	poly(A) RNA polymerase GLD2 isoform 2 [Homo sapiens]	TRUE	TENT2
XP_001685568.1	NP_001375053.1	0	N/A	22.517	302	81	2.81e-11	67	poly(A) RNA polymerase GLD2 isoform 2 [Homo sapiens]	TRUE	TENT2
XP_001685568.1	NP_001375052.1	0	N/A	22.517	302	81	2.81e-11	67	poly(A) RNA polymerase GLD2 isoform 2 [Homo sapiens]	TRUE	TENT2
XP_001685568.1	NP_001375051.1	0	N/A	22.517	302	81	2.81e-11	67	poly(A) RNA polymerase GLD2 isoform 2 [Homo sapiens]	TRUE	TENT2
XP_001685568.1	NP_001375050.1	0	N/A	22.517	302	81	2.81e-11	67	poly(A) RNA polymerase GLD2 isoform 2 [Homo sapiens]	TRUE	TENT2
XP_001685568.1	NP_001375049.1	0	N/A	22.517	302	81	2.81e-11	67	poly(A) RNA polymerase GLD2 isoform 2 [Homo sapiens]	TRUE	TENT2
XP_001685568.1	NP_001375048.1	0	N/A	22.517	302	81	2.81e-11	67	poly(A) RNA polymerase GLD2 isoform 2 [Homo sapiens]	TRUE	TENT2
XP_001685568.1	NP_001375047.1	0	N/A	22.517	302	81	2.81e-11	67	poly(A) RNA polymerase GLD2 isoform 2 [Homo sapiens]	TRUE	TENT2
XP_001685568.1	NP_001375046.1	0	N/A	22.517	302	81	2.81e-11	67	poly(A) RNA polymerase GLD2 isoform 2 [Homo sapiens]	TRUE	TENT2
XP_001685568.1	NP_001375045.1	0	N/A	22.517	302	81	2.81e-11	67	poly(A) RNA polymerase GLD2 isoform 2 [Homo sapiens]	TRUE	TENT2
XP_001685568.1	NP_001375044.1	0	N/A	22.517	302	81	2.81e-11	67	poly(A) RNA polymerase GLD2 isoform 2 [Homo sapiens]	TRUE	TENT2
XP_001685568.1	NP_001375043.1	0	N/A	22.517	302	81	2.81e-11	67	poly(A) RNA polymerase GLD2 isoform 2 [Homo sapiens]	TRUE	TENT2
XP_001685568.1	NP_001336483.1	0	N/A	22.517	302	81	2.81e-11	67	poly(A) RNA polymerase GLD2 isoform 2 [Homo sapiens]	TRUE	TENT2
XP_001685568.1	NP_001284673.1	0	N/A	22.517	302	81	2.81e-11	67	poly(A) RNA polymerase GLD2 isoform 2 [Homo sapiens]	TRUE	TENT2
XP_001685568.1	NP_001375059.1	0	N/A	22.517	302	81	3.04e-11	67	poly(A) RNA polymerase GLD2 isoform 10 [Homo sapiens]	TRUE	TENT2
XP_001685568.1	NP_001375066.1	0	N/A	23.134	268	71	4.81e-11	65.1	poly(A) RNA polymerase GLD2 isoform 15 [Homo sapiens]	TRUE	TENT2
XP_001685568.1	XP_047272820.1	0	N/A	24.623	199	52	6.44e-11	64.3	poly(A) RNA polymerase GLD2 isoform X11 [Homo sapiens]	TRUE	TENT2
XP_001685568.1	NP_001336477.1	0	N/A	24.623	199	52	6.68e-11	64.3	poly(A) RNA polymerase GLD2 isoform 4 [Homo sapiens]	TRUE	TENT2
XP_001685568.1	NP_001375027.1	0	N/A	24.623	199	52	2.08e-10	64.3	poly(A) RNA polymerase GLD2 isoform 7 [Homo sapiens]	TRUE	TENT2
XP_001685568.1	XP_047272805.1	0	N/A	24.623	199	52	2.14e-10	64.3	poly(A) RNA polymerase GLD2 isoform X2 [Homo sapiens]	TRUE	TENT2
XP_001685568.1	XP_047272804.1	0	N/A	24.623	199	52	2.14e-10	64.3	poly(A) RNA polymerase GLD2 isoform X2 [Homo sapiens]	TRUE	TENT2
XP_001685568.1	XP_047272803.1	0	N/A	24.623	199	52	2.14e-10	64.3	poly(A) RNA polymerase GLD2 isoform X2 [Homo sapiens]	TRUE	TENT2
XP_001685568.1	XP_047272802.1	0	N/A	24.623	199	52	2.14e-10	64.3	poly(A) RNA polymerase GLD2 isoform X2 [Homo sapiens]	TRUE	TENT2
XP_001685568.1	XP_016864641.1	0	N/A	24.623	199	52	2.14e-10	64.3	poly(A) RNA polymerase GLD2 isoform X2 [Homo sapiens]	TRUE	TENT2
XP_001685568.1	NP_001375026.1	0	N/A	24.623	199	52	2.14e-10	64.3	poly(A) RNA polymerase GLD2 isoform 6 [Homo sapiens]	TRUE	TENT2
XP_001685568.1	NP_001375025.1	0	N/A	24.623	199	52	2.14e-10	64.3	poly(A) RNA polymerase GLD2 isoform 6 [Homo sapiens]	TRUE	TENT2
XP_001685568.1	NP_001375024.1	0	N/A	24.623	199	52	2.14e-10	64.3	poly(A) RNA polymerase GLD2 isoform 6 [Homo sapiens]	TRUE	TENT2
XP_001685568.1	NP_001336480.1	0	N/A	24.623	199	52	2.14e-10	64.3	poly(A) RNA polymerase GLD2 isoform 6 [Homo sapiens]	TRUE	TENT2
XP_001685568.1	XP_047272801.1	0	N/A	24.623	199	52	2.21e-10	64.3	poly(A) RNA polymerase GLD2 isoform X1 [Homo sapiens]	TRUE	TENT2
XP_001685568.1	XP_047272800.1	0	N/A	24.623	199	52	2.21e-10	64.3	poly(A) RNA polymerase GLD2 isoform X1 [Homo sapiens]	TRUE	TENT2
XP_001685568.1	XP_011541527.1	0	N/A	24.623	199	52	2.21e-10	64.3	poly(A) RNA polymerase GLD2 isoform X1 [Homo sapiens]	TRUE	TENT2
XP_001685568.1	XP_011541526.1	0	N/A	24.623	199	52	2.21e-10	64.3	poly(A) RNA polymerase GLD2 isoform X1 [Homo sapiens]	TRUE	TENT2
XP_001685568.1	XP_011541523.1	0	N/A	24.623	199	52	2.21e-10	64.3	poly(A) RNA polymerase GLD2 isoform X1 [Homo sapiens]	TRUE	TENT2
XP_001685568.1	XP_011541522.1	0	N/A	24.623	199	52	2.21e-10	64.3	poly(A) RNA polymerase GLD2 isoform X1 [Homo sapiens]	TRUE	TENT2
XP_001685568.1	NP_001375023.1	0	N/A	24.623	199	52	2.21e-10	64.3	poly(A) RNA polymerase GLD2 isoform 5 [Homo sapiens]	TRUE	TENT2
XP_001685568.1	NP_001375022.1	0	N/A	24.623	199	52	2.21e-10	64.3	poly(A) RNA polymerase GLD2 isoform 5 [Homo sapiens]	TRUE	TENT2
XP_001685568.1	NP_001336479.1	0	N/A	24.623	199	52	2.21e-10	64.3	poly(A) RNA polymerase GLD2 isoform 5 [Homo sapiens]	TRUE	TENT2
XP_001685568.1	NP_001336478.1	0	N/A	24.623	199	52	2.21e-10	64.3	poly(A) RNA polymerase GLD2 isoform 5 [Homo sapiens]	TRUE	TENT2
XP_001685568.1	NP_060579.3	0	N/A	23.438	256	66	5.36e-09	60.1	poly(A) RNA polymerase, mitochondrial precursor [Homo sapiens]	TRUE	mtPAP
XP_001685568.1	XP_005252265.1	0	N/A	19.874	317	82	1.22e-07	56.2	terminal uridylyltransferase 7 isoform X7 [Homo sapiens]	TRUE	Tut7
XP_001685568.1	XP_011517318.1	0	N/A	19.874	317	82	1.48e-07	55.8	terminal uridylyltransferase 7 isoform X5 [Homo sapiens]	TRUE	Tut7
XP_001685568.1	XP_047272818.1	0	N/A	24.87	193	53	1.52e-07	55.1	poly(A) RNA polymerase GLD2 isoform X10 [Homo sapiens]	TRUE	TENT2
XP_001685568.1	XP_011517316.1	0	N/A	19.874	317	82	1.53e-07	55.8	terminal uridylyltransferase 7 isoform X1 [Homo sapiens]	TRUE	Tut7
XP_001685568.1	XP_011517315.1	0	N/A	19.874	317	82	1.53e-07	55.8	terminal uridylyltransferase 7 isoform X1 [Homo sapiens]	TRUE	Tut7
XP_001685568.1	XP_011517314.1	0	N/A	19.874	317	82	1.53e-07	55.8	terminal uridylyltransferase 7 isoform X1 [Homo sapiens]	TRUE	Tut7
XP_001685568.1	XP_011517313.1	0	N/A	19.874	317	82	1.53e-07	55.8	terminal uridylyltransferase 7 isoform X1 [Homo sapiens]	TRUE	Tut7
XP_001685568.1	XP_011517317.1	0	N/A	19.874	317	82	1.54e-07	55.8	terminal uridylyltransferase 7 isoform X3 [Homo sapiens]	TRUE	Tut7
XP_001685568.1	XP_047279825.1	0	N/A	19.874	317	82	1.62e-07	55.8	terminal uridylyltransferase 7 isoform X6 [Homo sapiens]	TRUE	Tut7
XP_001685568.1	XP_047279824.1	0	N/A	19.874	317	82	1.62e-07	55.8	terminal uridylyltransferase 7 isoform X6 [Homo sapiens]	TRUE	Tut7
XP_001685568.1	XP_005252264.1	0	N/A	19.874	317	82	1.62e-07	55.8	terminal uridylyltransferase 7 isoform X6 [Homo sapiens]	TRUE	Tut7
XP_001685568.1	XP_016870620.1	0	N/A	19.874	317	82	1.74e-07	55.8	terminal uridylyltransferase 7 isoform X4 [Homo sapiens]	TRUE	Tut7
XP_001685568.1	XP_016870619.1	0	N/A	19.874	317	82	1.74e-07	55.8	terminal uridylyltransferase 7 isoform X4 [Homo sapiens]	TRUE	Tut7
XP_001685568.1	NP_078893.2	0	N/A	19.874	317	82	1.74e-07	55.8	terminal uridylyltransferase 7 isoform 1 [Homo sapiens]	TRUE	Tut7
XP_001685568.1	NP_001171988.1	0	N/A	19.874	317	82	1.74e-07	55.8	terminal uridylyltransferase 7 isoform 1 [Homo sapiens]	TRUE	Tut7
XP_001685568.1	XP_047279823.1	0	N/A	19.874	317	82	1.85e-07	55.8	terminal uridylyltransferase 7 isoform X2 [Homo sapiens]	TRUE	Tut7
XP_001685568.1	XP_006717346.1	0	N/A	19.874	317	82	1.85e-07	55.8	terminal uridylyltransferase 7 isoform X2 [Homo sapiens]	TRUE	Tut7
XP_001685568.1	NP_001317647.1	0	N/A	20	315	82	2.18e-07	55.5	terminal uridylyltransferase 7 isoform 3 [Homo sapiens]	TRUE	Tut7
XP_001685568.1	XP_047272817.1	0	N/A	30.526	95	27	1.18e-06	52.4	poly(A) RNA polymerase GLD2 isoform X9 [Homo sapiens]	TRUE	TENT2
XP_001685568.1	XP_047272816.1	0	N/A	31.395	86	24	1.34e-06	52.4	poly(A) RNA polymerase GLD2 isoform X8 [Homo sapiens]	TRUE	TENT2
XP_001685568.1	XP_047272325.1	0	N/A	20.641	281	74	1.7e-06	52.8	terminal uridylyltransferase 4 isoform X23 [Homo sapiens]	TRUE	Tut4
XP_001685568.1	XP_016856296.1	0	N/A	20.641	281	74	1.92e-06	52.4	terminal uridylyltransferase 4 isoform X28 [Homo sapiens]	TRUE	Tut4
XP_001685568.1	XP_016856295.1	0	N/A	20.641	281	74	1.98e-06	52.4	terminal uridylyltransferase 4 isoform X25 [Homo sapiens]	TRUE	Tut4
XP_001685568.1	XP_047272345.1	0	N/A	20.641	281	74	1.99e-06	52.4	terminal uridylyltransferase 4 isoform X31 [Homo sapiens]	TRUE	Tut4
XP_001685568.1	XP_047272344.1	0	N/A	20.641	281	74	1.99e-06	52.4	terminal uridylyltransferase 4 isoform X30 [Homo sapiens]	TRUE	Tut4
XP_001685568.1	XP_047272350.1	0	N/A	20.641	281	74	2.01e-06	52.4	terminal uridylyltransferase 4 isoform X34 [Homo sapiens]	TRUE	Tut4
XP_001685568.1	XP_047272337.1	0	N/A	20.641	281	74	2.03e-06	52.4	terminal uridylyltransferase 4 isoform X27 [Homo sapiens]	TRUE	Tut4
XP_001685568.1	XP_016856299.1	0	N/A	20.641	281	74	2.04e-06	52.4	terminal uridylyltransferase 4 isoform X40 [Homo sapiens]	TRUE	Tut4
XP_001685568.1	XP_011539401.1	0	N/A	20.641	281	74	2.04e-06	52.4	terminal uridylyltransferase 4 isoform X29 [Homo sapiens]	TRUE	Tut4
XP_001687695.1	XP_047272820.1	0	N/A	30.851	188	16	3.64e-15	79.3	poly(A) RNA polymerase GLD2 isoform X11 [Homo sapiens]	TRUE	TENT2
XP_001687695.1	NP_001375027.1	0	N/A	30.851	188	16	1.23e-14	80.9	poly(A) RNA polymerase GLD2 isoform 7 [Homo sapiens]	TRUE	TENT2
XP_001687695.1	XP_047272805.1	0	N/A	30.851	188	16	1.27e-14	80.5	poly(A) RNA polymerase GLD2 isoform X2 [Homo sapiens]	TRUE	TENT2
XP_001687695.1	XP_047272804.1	0	N/A	30.851	188	16	1.27e-14	80.5	poly(A) RNA polymerase GLD2 isoform X2 [Homo sapiens]	TRUE	TENT2
XP_001687695.1	XP_047272803.1	0	N/A	30.851	188	16	1.27e-14	80.5	poly(A) RNA polymerase GLD2 isoform X2 [Homo sapiens]	TRUE	TENT2
XP_001687695.1	XP_047272802.1	0	N/A	30.851	188	16	1.27e-14	80.5	poly(A) RNA polymerase GLD2 isoform X2 [Homo sapiens]	TRUE	TENT2
XP_001687695.1	XP_016864641.1	0	N/A	30.851	188	16	1.27e-14	80.5	poly(A) RNA polymerase GLD2 isoform X2 [Homo sapiens]	TRUE	TENT2
XP_001687695.1	NP_001375026.1	0	N/A	30.851	188	16	1.27e-14	80.5	poly(A) RNA polymerase GLD2 isoform 6 [Homo sapiens]	TRUE	TENT2
XP_001687695.1	NP_001375025.1	0	N/A	30.851	188	16	1.27e-14	80.5	poly(A) RNA polymerase GLD2 isoform 6 [Homo sapiens]	TRUE	TENT2
XP_001687695.1	NP_001375024.1	0	N/A	30.851	188	16	1.27e-14	80.5	poly(A) RNA polymerase GLD2 isoform 6 [Homo sapiens]	TRUE	TENT2
XP_001687695.1	NP_001336480.1	0	N/A	30.851	188	16	1.27e-14	80.5	poly(A) RNA polymerase GLD2 isoform 6 [Homo sapiens]	TRUE	TENT2
XP_001687695.1	XP_047272801.1	0	N/A	30.851	188	16	1.74e-14	80.1	poly(A) RNA polymerase GLD2 isoform X1 [Homo sapiens]	TRUE	TENT2
XP_001687695.1	XP_047272800.1	0	N/A	30.851	188	16	1.74e-14	80.1	poly(A) RNA polymerase GLD2 isoform X1 [Homo sapiens]	TRUE	TENT2
XP_001687695.1	XP_011541527.1	0	N/A	30.851	188	16	1.74e-14	80.1	poly(A) RNA polymerase GLD2 isoform X1 [Homo sapiens]	TRUE	TENT2
XP_001687695.1	XP_011541526.1	0	N/A	30.851	188	16	1.74e-14	80.1	poly(A) RNA polymerase GLD2 isoform X1 [Homo sapiens]	TRUE	TENT2
XP_001687695.1	XP_011541523.1	0	N/A	30.851	188	16	1.74e-14	80.1	poly(A) RNA polymerase GLD2 isoform X1 [Homo sapiens]	TRUE	TENT2
XP_001687695.1	XP_011541522.1	0	N/A	30.851	188	16	1.74e-14	80.1	poly(A) RNA polymerase GLD2 isoform X1 [Homo sapiens]	TRUE	TENT2
XP_001687695.1	NP_001375023.1	0	N/A	30.851	188	16	1.74e-14	80.1	poly(A) RNA polymerase GLD2 isoform 5 [Homo sapiens]	TRUE	TENT2
XP_001687695.1	NP_001375022.1	0	N/A	30.851	188	16	1.74e-14	80.1	poly(A) RNA polymerase GLD2 isoform 5 [Homo sapiens]	TRUE	TENT2
XP_001687695.1	NP_001336479.1	0	N/A	30.851	188	16	1.74e-14	80.1	poly(A) RNA polymerase GLD2 isoform 5 [Homo sapiens]	TRUE	TENT2
XP_001687695.1	NP_001336478.1	0	N/A	30.851	188	16	1.74e-14	80.1	poly(A) RNA polymerase GLD2 isoform 5 [Homo sapiens]	TRUE	TENT2
XP_001687695.1	NP_001375066.1	0	N/A	31.646	158	14	1.31e-13	75.1	poly(A) RNA polymerase GLD2 isoform 15 [Homo sapiens]	TRUE	TENT2
XP_001687695.1	NP_001336477.1	0	N/A	31.973	147	13	1.62e-13	74.3	poly(A) RNA polymerase GLD2 isoform 4 [Homo sapiens]	TRUE	TENT2
XP_001687695.1	NP_001375065.1	0	N/A	31.973	147	13	5.46e-13	74.3	poly(A) RNA polymerase GLD2 isoform 14 [Homo sapiens]	TRUE	TENT2
XP_001687695.1	NP_001375059.1	0	N/A	31.973	147	13	5.55e-13	75.5	poly(A) RNA polymerase GLD2 isoform 10 [Homo sapiens]	TRUE	TENT2
XP_001687695.1	XP_047272811.1	0	N/A	31.973	147	13	5.62e-13	75.5	poly(A) RNA polymerase GLD2 isoform X4 [Homo sapiens]	TRUE	TENT2
XP_001687695.1	XP_047272810.1	0	N/A	31.973	147	13	5.62e-13	75.5	poly(A) RNA polymerase GLD2 isoform X4 [Homo sapiens]	TRUE	TENT2
XP_001687695.1	XP_047272809.1	0	N/A	31.973	147	13	5.62e-13	75.5	poly(A) RNA polymerase GLD2 isoform X4 [Homo sapiens]	TRUE	TENT2
XP_001687695.1	NP_001375058.1	0	N/A	31.973	147	13	5.62e-13	75.5	poly(A) RNA polymerase GLD2 isoform 2 [Homo sapiens]	TRUE	TENT2
XP_001687695.1	NP_001375057.1	0	N/A	31.973	147	13	5.62e-13	75.5	poly(A) RNA polymerase GLD2 isoform 2 [Homo sapiens]	TRUE	TENT2
XP_001687695.1	NP_001375056.1	0	N/A	31.973	147	13	5.62e-13	75.5	poly(A) RNA polymerase GLD2 isoform 2 [Homo sapiens]	TRUE	TENT2
XP_001687695.1	NP_001375055.1	0	N/A	31.973	147	13	5.62e-13	75.5	poly(A) RNA polymerase GLD2 isoform 2 [Homo sapiens]	TRUE	TENT2
XP_001687695.1	NP_001375054.1	0	N/A	31.973	147	13	5.62e-13	75.5	poly(A) RNA polymerase GLD2 isoform 2 [Homo sapiens]	TRUE	TENT2
XP_001687695.1	NP_001375053.1	0	N/A	31.973	147	13	5.62e-13	75.5	poly(A) RNA polymerase GLD2 isoform 2 [Homo sapiens]	TRUE	TENT2
XP_001687695.1	NP_001375052.1	0	N/A	31.973	147	13	5.62e-13	75.5	poly(A) RNA polymerase GLD2 isoform 2 [Homo sapiens]	TRUE	TENT2
XP_001687695.1	NP_001375051.1	0	N/A	31.973	147	13	5.62e-13	75.5	poly(A) RNA polymerase GLD2 isoform 2 [Homo sapiens]	TRUE	TENT2
XP_001687695.1	NP_001375050.1	0	N/A	31.973	147	13	5.62e-13	75.5	poly(A) RNA polymerase GLD2 isoform 2 [Homo sapiens]	TRUE	TENT2
XP_001687695.1	NP_001375049.1	0	N/A	31.973	147	13	5.62e-13	75.5	poly(A) RNA polymerase GLD2 isoform 2 [Homo sapiens]	TRUE	TENT2
XP_001687695.1	NP_001375048.1	0	N/A	31.973	147	13	5.62e-13	75.5	poly(A) RNA polymerase GLD2 isoform 2 [Homo sapiens]	TRUE	TENT2
XP_001687695.1	NP_001375047.1	0	N/A	31.973	147	13	5.62e-13	75.5	poly(A) RNA polymerase GLD2 isoform 2 [Homo sapiens]	TRUE	TENT2
XP_001687695.1	NP_001375046.1	0	N/A	31.973	147	13	5.62e-13	75.5	poly(A) RNA polymerase GLD2 isoform 2 [Homo sapiens]	TRUE	TENT2
XP_001687695.1	NP_001375045.1	0	N/A	31.973	147	13	5.62e-13	75.5	poly(A) RNA polymerase GLD2 isoform 2 [Homo sapiens]	TRUE	TENT2
XP_001687695.1	NP_001375044.1	0	N/A	31.973	147	13	5.62e-13	75.5	poly(A) RNA polymerase GLD2 isoform 2 [Homo sapiens]	TRUE	TENT2
XP_001687695.1	NP_001375043.1	0	N/A	31.973	147	13	5.62e-13	75.5	poly(A) RNA polymerase GLD2 isoform 2 [Homo sapiens]	TRUE	TENT2
XP_001687695.1	NP_001336483.1	0	N/A	31.973	147	13	5.62e-13	75.5	poly(A) RNA polymerase GLD2 isoform 2 [Homo sapiens]	TRUE	TENT2
XP_001687695.1	NP_001284673.1	0	N/A	31.973	147	13	5.62e-13	75.5	poly(A) RNA polymerase GLD2 isoform 2 [Homo sapiens]	TRUE	TENT2
XP_001687695.1	NP_001375061.1	0	N/A	31.973	147	13	6.23e-13	75.1	poly(A) RNA polymerase GLD2 isoform 12 [Homo sapiens]	TRUE	TENT2
XP_001687695.1	NP_001375042.1	0	N/A	31.973	147	13	6.37e-13	75.1	poly(A) RNA polymerase GLD2 isoform 16 [Homo sapiens]	TRUE	TENT2
XP_001687695.1	XP_047272808.1	0	N/A	31.973	147	13	6.39e-13	75.1	poly(A) RNA polymerase GLD2 isoform X3 [Homo sapiens]	TRUE	TENT2
XP_001687695.1	XP_047272807.1	0	N/A	31.973	147	13	6.39e-13	75.1	poly(A) RNA polymerase GLD2 isoform X3 [Homo sapiens]	TRUE	TENT2
XP_001687695.1	XP_047272806.1	0	N/A	31.973	147	13	6.39e-13	75.1	poly(A) RNA polymerase GLD2 isoform X3 [Homo sapiens]	TRUE	TENT2
XP_001687695.1	NP_776158.2	0	N/A	31.973	147	13	6.39e-13	75.1	poly(A) RNA polymerase GLD2 isoform 1 [Homo sapiens]	TRUE	TENT2
XP_001687695.1	NP_001375041.1	0	N/A	31.973	147	13	6.39e-13	75.1	poly(A) RNA polymerase GLD2 isoform 1 [Homo sapiens]	TRUE	TENT2
XP_001687695.1	NP_001375040.1	0	N/A	31.973	147	13	6.39e-13	75.1	poly(A) RNA polymerase GLD2 isoform 1 [Homo sapiens]	TRUE	TENT2
XP_001687695.1	NP_001375039.1	0	N/A	31.973	147	13	6.39e-13	75.1	poly(A) RNA polymerase GLD2 isoform 1 [Homo sapiens]	TRUE	TENT2
XP_001687695.1	NP_001375038.1	0	N/A	31.973	147	13	6.39e-13	75.1	poly(A) RNA polymerase GLD2 isoform 1 [Homo sapiens]	TRUE	TENT2
XP_001687695.1	NP_001375037.1	0	N/A	31.973	147	13	6.39e-13	75.1	poly(A) RNA polymerase GLD2 isoform 1 [Homo sapiens]	TRUE	TENT2
XP_001687695.1	NP_001375036.1	0	N/A	31.973	147	13	6.39e-13	75.1	poly(A) RNA polymerase GLD2 isoform 1 [Homo sapiens]	TRUE	TENT2
XP_001687695.1	NP_001375035.1	0	N/A	31.973	147	13	6.39e-13	75.1	poly(A) RNA polymerase GLD2 isoform 1 [Homo sapiens]	TRUE	TENT2
XP_001687695.1	NP_001375034.1	0	N/A	31.973	147	13	6.39e-13	75.1	poly(A) RNA polymerase GLD2 isoform 1 [Homo sapiens]	TRUE	TENT2
XP_001687695.1	NP_001375032.1	0	N/A	31.973	147	13	6.39e-13	75.1	poly(A) RNA polymerase GLD2 isoform 1 [Homo sapiens]	TRUE	TENT2
XP_001687695.1	NP_001375031.1	0	N/A	31.973	147	13	6.39e-13	75.1	poly(A) RNA polymerase GLD2 isoform 1 [Homo sapiens]	TRUE	TENT2
XP_001687695.1	NP_001336482.1	0	N/A	31.973	147	13	6.39e-13	75.1	poly(A) RNA polymerase GLD2 isoform 1 [Homo sapiens]	TRUE	TENT2
XP_001687695.1	NP_001336481.1	0	N/A	31.973	147	13	6.39e-13	75.1	poly(A) RNA polymerase GLD2 isoform 1 [Homo sapiens]	TRUE	TENT2
XP_001687695.1	NP_001107866.1	0	N/A	31.973	147	13	6.39e-13	75.1	poly(A) RNA polymerase GLD2 isoform 1 [Homo sapiens]	TRUE	TENT2
XP_001687695.1	NP_001107865.1	0	N/A	31.973	147	13	6.39e-13	75.1	poly(A) RNA polymerase GLD2 isoform 1 [Homo sapiens]	TRUE	TENT2
XP_001687695.1	NP_001375060.1	0	N/A	31.973	147	13	8.04e-13	74.7	poly(A) RNA polymerase GLD2 isoform 11 [Homo sapiens]	TRUE	TENT2
XP_001687695.1	NP_001375030.1	0	N/A	31.973	147	13	8.33e-13	74.7	poly(A) RNA polymerase GLD2 isoform 9 [Homo sapiens]	TRUE	TENT2
XP_001687695.1	NP_001375029.1	0	N/A	31.973	147	13	8.9e-13	74.7	poly(A) RNA polymerase GLD2 isoform 8 [Homo sapiens]	TRUE	TENT2
XP_001687695.1	NP_001375028.1	0	N/A	31.973	147	13	8.9e-13	74.7	poly(A) RNA polymerase GLD2 isoform 8 [Homo sapiens]	TRUE	TENT2
XP_001687695.1	XP_047279823.1	0	N/A	26.582	158	14	9.97e-08	59.3	terminal uridylyltransferase 7 isoform X2 [Homo sapiens]	TRUE	Tut7
XP_001687695.1	XP_006717346.1	0	N/A	26.582	158	14	9.97e-08	59.3	terminal uridylyltransferase 7 isoform X2 [Homo sapiens]	TRUE	Tut7
XP_001687695.1	XP_011517317.1	0	N/A	26.582	158	14	1.07e-07	59.3	terminal uridylyltransferase 7 isoform X3 [Homo sapiens]	TRUE	Tut7
XP_001687695.1	NP_001172003.1	0	N/A	26.582	158	14	1.1e-07	58.9	terminal uridylyltransferase 7 isoform 2 [Homo sapiens]	TRUE	Tut7
XP_001687695.1	XP_016870620.1	0	N/A	26.582	158	14	1.19e-07	58.9	terminal uridylyltransferase 7 isoform X4 [Homo sapiens]	TRUE	Tut7
XP_001687695.1	XP_016870619.1	0	N/A	26.582	158	14	1.19e-07	58.9	terminal uridylyltransferase 7 isoform X4 [Homo sapiens]	TRUE	Tut7
XP_001687695.1	NP_078893.2	0	N/A	26.582	158	14	1.19e-07	58.9	terminal uridylyltransferase 7 isoform 1 [Homo sapiens]	TRUE	Tut7
XP_001687695.1	NP_001171988.1	0	N/A	26.582	158	14	1.19e-07	58.9	terminal uridylyltransferase 7 isoform 1 [Homo sapiens]	TRUE	Tut7
XP_001687695.1	XP_011517318.1	0	N/A	26.582	158	14	1.22e-07	58.9	terminal uridylyltransferase 7 isoform X5 [Homo sapiens]	TRUE	Tut7
XP_001687695.1	XP_047279825.1	0	N/A	26.582	158	14	1.23e-07	58.9	terminal uridylyltransferase 7 isoform X6 [Homo sapiens]	TRUE	Tut7
XP_001687695.1	XP_047279824.1	0	N/A	26.582	158	14	1.23e-07	58.9	terminal uridylyltransferase 7 isoform X6 [Homo sapiens]	TRUE	Tut7
XP_001687695.1	XP_005252264.1	0	N/A	26.582	158	14	1.23e-07	58.9	terminal uridylyltransferase 7 isoform X6 [Homo sapiens]	TRUE	Tut7
XP_001687695.1	XP_005252265.1	0	N/A	26.582	158	14	1.27e-07	58.9	terminal uridylyltransferase 7 isoform X7 [Homo sapiens]	TRUE	Tut7
XP_001687695.1	XP_011517316.1	0	N/A	26.582	158	14	1.33e-07	58.9	terminal uridylyltransferase 7 isoform X1 [Homo sapiens]	TRUE	Tut7
XP_001687695.1	XP_011517315.1	0	N/A	26.582	158	14	1.33e-07	58.9	terminal uridylyltransferase 7 isoform X1 [Homo sapiens]	TRUE	Tut7
XP_001687695.1	XP_011517314.1	0	N/A	26.582	158	14	1.33e-07	58.9	terminal uridylyltransferase 7 isoform X1 [Homo sapiens]	TRUE	Tut7
XP_001687695.1	XP_011517313.1	0	N/A	26.582	158	14	1.33e-07	58.9	terminal uridylyltransferase 7 isoform X1 [Homo sapiens]	TRUE	Tut7
XP_001687695.1	NP_001317647.1	0	N/A	26.582	158	14	1.36e-07	58.5	terminal uridylyltransferase 7 isoform 3 [Homo sapiens]	TRUE	Tut7
XP_001687695.1	XP_047272816.1	0	N/A	32.743	113	10	8.95e-07	55.1	poly(A) RNA polymerase GLD2 isoform X8 [Homo sapiens]	TRUE	TENT2
XP_001687695.1	XP_047272817.1	0	N/A	32.743	113	10	1.11e-06	54.7	poly(A) RNA polymerase GLD2 isoform X9 [Homo sapiens]	TRUE	TENT2
XP_001687695.1	XP_047272288.1	0	N/A	25.455	165	14	8.29e-06	53.1	terminal uridylyltransferase 4 isoform X10 [Homo sapiens]	TRUE	Tut4
XP_001687695.1	XP_047272285.1	0	N/A	25.455	165	14	8.58e-06	53.1	terminal uridylyltransferase 4 isoform X7 [Homo sapiens]	TRUE	Tut4
XP_001687695.1	XP_016856292.1	0	N/A	25.455	165	14	8.65e-06	52.8	terminal uridylyltransferase 4 isoform X9 [Homo sapiens]	TRUE	Tut4
XP_001687695.1	XP_047272305.1	0	N/A	25.455	165	14	8.71e-06	52.8	terminal uridylyltransferase 4 isoform X17 [Homo sapiens]	TRUE	Tut4
XP_001687695.1	XP_047272296.1	0	N/A	25.455	165	14	8.79e-06	52.8	terminal uridylyltransferase 4 isoform X13 [Homo sapiens]	TRUE	Tut4
XP_001687695.1	XP_016856293.1	0	N/A	25.455	165	14	8.94e-06	52.8	terminal uridylyltransferase 4 isoform X16 [Homo sapiens]	TRUE	Tut4
XP_001687695.1	XP_047272295.1	0	N/A	25.455	165	14	9.02e-06	52.8	terminal uridylyltransferase 4 isoform X12 [Homo sapiens]	TRUE	Tut4
XP_001687695.1	XP_016856299.1	0	N/A	25.455	165	14	9.02e-06	52.8	terminal uridylyltransferase 4 isoform X40 [Homo sapiens]	TRUE	Tut4
XP_001687695.1	XP_047272283.1	0	N/A	25.455	165	14	9.19e-06	52.8	terminal uridylyltransferase 4 isoform X6 [Homo sapiens]	TRUE	Tut4
XP_001687695.1	XP_005270737.1	0	N/A	25.455	165	14	9.19e-06	52.8	terminal uridylyltransferase 4 isoform X6 [Homo sapiens]	TRUE	Tut4
XP_001698547.2	NP_001317647.1	0	N/A	31.963	219	16	1.16e-28	127	terminal uridylyltransferase 7 isoform 3 [Homo sapiens]	TRUE	Tut7
XP_001698547.2	NP_001172003.1	0	N/A	31.963	219	16	1.23e-28	127	terminal uridylyltransferase 7 isoform 2 [Homo sapiens]	TRUE	Tut7
XP_001698547.2	XP_047279823.1	0	N/A	31.963	219	16	1.59e-28	127	terminal uridylyltransferase 7 isoform X2 [Homo sapiens]	TRUE	Tut7
XP_001698547.2	XP_006717346.1	0	N/A	31.963	219	16	1.59e-28	127	terminal uridylyltransferase 7 isoform X2 [Homo sapiens]	TRUE	Tut7
XP_001698547.2	XP_011517317.1	0	N/A	31.963	219	16	2.38e-28	127	terminal uridylyltransferase 7 isoform X3 [Homo sapiens]	TRUE	Tut7
XP_001698547.2	XP_047279825.1	0	N/A	31.963	219	16	2.52e-28	127	terminal uridylyltransferase 7 isoform X6 [Homo sapiens]	TRUE	Tut7
XP_001698547.2	XP_047279824.1	0	N/A	31.963	219	16	2.52e-28	127	terminal uridylyltransferase 7 isoform X6 [Homo sapiens]	TRUE	Tut7
XP_001698547.2	XP_005252264.1	0	N/A	31.963	219	16	2.52e-28	127	terminal uridylyltransferase 7 isoform X6 [Homo sapiens]	TRUE	Tut7
XP_001698547.2	XP_016870620.1	0	N/A	31.963	219	16	2.95e-28	126	terminal uridylyltransferase 7 isoform X4 [Homo sapiens]	TRUE	Tut7
XP_001698547.2	XP_016870619.1	0	N/A	31.963	219	16	2.95e-28	126	terminal uridylyltransferase 7 isoform X4 [Homo sapiens]	TRUE	Tut7
XP_001698547.2	NP_078893.2	0	N/A	31.963	219	16	2.95e-28	126	terminal uridylyltransferase 7 isoform 1 [Homo sapiens]	TRUE	Tut7
XP_001698547.2	NP_001171988.1	0	N/A	31.963	219	16	2.95e-28	126	terminal uridylyltransferase 7 isoform 1 [Homo sapiens]	TRUE	Tut7
XP_001698547.2	XP_011517316.1	0	N/A	31.963	219	16	3.01e-28	126	terminal uridylyltransferase 7 isoform X1 [Homo sapiens]	TRUE	Tut7
XP_001698547.2	XP_011517315.1	0	N/A	31.963	219	16	3.01e-28	126	terminal uridylyltransferase 7 isoform X1 [Homo sapiens]	TRUE	Tut7
XP_001698547.2	XP_011517314.1	0	N/A	31.963	219	16	3.01e-28	126	terminal uridylyltransferase 7 isoform X1 [Homo sapiens]	TRUE	Tut7
XP_001698547.2	XP_011517313.1	0	N/A	31.963	219	16	3.01e-28	126	terminal uridylyltransferase 7 isoform X1 [Homo sapiens]	TRUE	Tut7
XP_001698547.2	XP_011517318.1	0	N/A	31.963	219	16	3.21e-28	126	terminal uridylyltransferase 7 isoform X5 [Homo sapiens]	TRUE	Tut7
XP_001698547.2	XP_047272384.1	0	N/A	32.895	228	16	3.32e-28	125	terminal uridylyltransferase 4 isoform X46 [Homo sapiens]	TRUE	Tut4
XP_001698547.2	XP_005252265.1	0	N/A	31.963	219	16	3.32e-28	126	terminal uridylyltransferase 7 isoform X7 [Homo sapiens]	TRUE	Tut7
XP_001698547.2	XP_016856292.1	0	N/A	32.895	228	16	1.41e-27	124	terminal uridylyltransferase 4 isoform X9 [Homo sapiens]	TRUE	Tut4
XP_001698547.2	XP_016856297.1	0	N/A	32.895	228	16	1.51e-27	124	terminal uridylyltransferase 4 isoform X36 [Homo sapiens]	TRUE	Tut4
XP_001698547.2	XP_005270739.1	0	N/A	32.895	228	16	1.64e-27	124	terminal uridylyltransferase 4 isoform X33 [Homo sapiens]	TRUE	Tut4
XP_001698547.2	XP_011539399.1	0	N/A	32.895	228	16	1.65e-27	124	terminal uridylyltransferase 4 isoform X1 [Homo sapiens]	TRUE	Tut4
XP_001698547.2	XP_005270733.1	0	N/A	32.895	228	16	1.65e-27	124	terminal uridylyltransferase 4 isoform X1 [Homo sapiens]	TRUE	Tut4
XP_001698547.2	XP_047272290.1	0	N/A	32.895	228	16	1.67e-27	124	terminal uridylyltransferase 4 isoform X11 [Homo sapiens]	TRUE	Tut4
XP_001698547.2	XP_047272285.1	0	N/A	32.895	228	16	1.68e-27	124	terminal uridylyltransferase 4 isoform X7 [Homo sapiens]	TRUE	Tut4
XP_001698547.2	XP_047272280.1	0	N/A	32.895	228	16	1.69e-27	124	terminal uridylyltransferase 4 isoform X3 [Homo sapiens]	TRUE	Tut4
XP_001698547.2	XP_005270736.1	0	N/A	32.895	228	16	1.69e-27	124	terminal uridylyltransferase 4 isoform X3 [Homo sapiens]	TRUE	Tut4
XP_001698547.2	XP_005270735.1	0	N/A	32.895	228	16	1.73e-27	124	terminal uridylyltransferase 4 isoform X2 [Homo sapiens]	TRUE	Tut4
XP_001698547.2	XP_047272286.1	0	N/A	32.895	228	16	1.75e-27	124	terminal uridylyltransferase 4 isoform X8 [Homo sapiens]	TRUE	Tut4
XP_001698547.2	XP_016856293.1	0	N/A	32.895	228	16	1.79e-27	124	terminal uridylyltransferase 4 isoform X16 [Homo sapiens]	TRUE	Tut4
XP_001698547.2	XP_047272345.1	0	N/A	32.895	228	16	1.9e-27	124	terminal uridylyltransferase 4 isoform X31 [Homo sapiens]	TRUE	Tut4
XP_001698547.2	XP_016856299.1	0	N/A	32.895	228	16	1.91e-27	124	terminal uridylyltransferase 4 isoform X40 [Homo sapiens]	TRUE	Tut4
XP_001698547.2	XP_011539401.1	0	N/A	32.895	228	16	2e-27	124	terminal uridylyltransferase 4 isoform X29 [Homo sapiens]	TRUE	Tut4
XP_001698547.2	XP_047272305.1	0	N/A	32.895	228	16	2.04e-27	124	terminal uridylyltransferase 4 isoform X17 [Homo sapiens]	TRUE	Tut4
XP_001698547.2	XP_047272288.1	0	N/A	32.895	228	16	2.04e-27	124	terminal uridylyltransferase 4 isoform X10 [Homo sapiens]	TRUE	Tut4
XP_001698547.2	XP_047272283.1	0	N/A	32.895	228	16	2.11e-27	124	terminal uridylyltransferase 4 isoform X6 [Homo sapiens]	TRUE	Tut4
XP_001698547.2	XP_005270737.1	0	N/A	32.895	228	16	2.11e-27	124	terminal uridylyltransferase 4 isoform X6 [Homo sapiens]	TRUE	Tut4
XP_001698547.2	XP_047272372.1	0	N/A	32.895	228	16	2.12e-27	124	terminal uridylyltransferase 4 isoform X42 [Homo sapiens]	TRUE	Tut4
XP_001698547.2	XP_047272365.1	0	N/A	32.895	228	16	2.14e-27	124	terminal uridylyltransferase 4 isoform X38 [Homo sapiens]	TRUE	Tut4
XP_001698547.2	XP_016856295.1	0	N/A	32.895	228	16	2.21e-27	124	terminal uridylyltransferase 4 isoform X25 [Homo sapiens]	TRUE	Tut4
XP_001698547.2	XP_047272344.1	0	N/A	32.895	228	16	2.25e-27	124	terminal uridylyltransferase 4 isoform X30 [Homo sapiens]	TRUE	Tut4
XP_001698547.2	XP_047272282.1	0	N/A	32.895	228	16	2.34e-27	124	terminal uridylyltransferase 4 isoform X5 [Homo sapiens]	TRUE	Tut4
XP_001698547.2	NP_056084.1	0	N/A	32.895	228	16	2.34e-27	124	terminal uridylyltransferase 4 isoform b [Homo sapiens]	TRUE	Tut4
XP_001698547.2	XP_047272296.1	0	N/A	32.895	228	16	2.39e-27	124	terminal uridylyltransferase 4 isoform X13 [Homo sapiens]	TRUE	Tut4
XP_001698547.2	XP_047272325.1	0	N/A	32.895	228	16	2.41e-27	124	terminal uridylyltransferase 4 isoform X23 [Homo sapiens]	TRUE	Tut4
XP_001698547.2	XP_047272295.1	0	N/A	32.895	228	16	2.44e-27	124	terminal uridylyltransferase 4 isoform X12 [Homo sapiens]	TRUE	Tut4
XP_001698547.2	XP_047272281.1	0	N/A	32.895	228	16	2.44e-27	124	terminal uridylyltransferase 4 isoform X4 [Homo sapiens]	TRUE	Tut4
XP_001698547.2	NP_001009881.1	0	N/A	32.895	228	16	2.44e-27	124	terminal uridylyltransferase 4 isoform a [Homo sapiens]	TRUE	Tut4
XP_001698547.2	XP_047272350.1	0	N/A	32.895	228	16	2.61e-27	123	terminal uridylyltransferase 4 isoform X34 [Homo sapiens]	TRUE	Tut4
XP_001698547.2	XP_016856296.1	0	N/A	32.895	228	16	2.7e-27	123	terminal uridylyltransferase 4 isoform X28 [Homo sapiens]	TRUE	Tut4
XP_001698547.2	XP_047272337.1	0	N/A	32.895	228	16	2.94e-27	123	terminal uridylyltransferase 4 isoform X27 [Homo sapiens]	TRUE	Tut4
XP_001698547.2	XP_047272820.1	0	N/A	26.009	223	16	1.16e-21	98.6	poly(A) RNA polymerase GLD2 isoform X11 [Homo sapiens]	TRUE	TENT2
XP_001698547.2	NP_001336477.1	0	N/A	26.009	223	16	1.32e-21	98.6	poly(A) RNA polymerase GLD2 isoform 4 [Homo sapiens]	TRUE	TENT2
XP_001698547.2	NP_001375065.1	0	N/A	26.009	223	16	8.26e-21	98.6	poly(A) RNA polymerase GLD2 isoform 14 [Homo sapiens]	TRUE	TENT2
XP_001698547.2	NP_001375061.1	0	N/A	26.009	223	16	2.26e-20	98.6	poly(A) RNA polymerase GLD2 isoform 12 [Homo sapiens]	TRUE	TENT2
XP_001698547.2	NP_001375066.1	0	N/A	26.341	205	15	6.11e-19	91.3	poly(A) RNA polymerase GLD2 isoform 15 [Homo sapiens]	TRUE	TENT2
XP_001698547.2	NP_001375059.1	0	N/A	27.807	187	14	5.21e-18	91.7	poly(A) RNA polymerase GLD2 isoform 10 [Homo sapiens]	TRUE	TENT2
XP_001698547.2	XP_047272811.1	0	N/A	27.807	187	14	5.68e-18	91.3	poly(A) RNA polymerase GLD2 isoform X4 [Homo sapiens]	TRUE	TENT2
XP_001698547.2	XP_047272810.1	0	N/A	27.807	187	14	5.68e-18	91.3	poly(A) RNA polymerase GLD2 isoform X4 [Homo sapiens]	TRUE	TENT2
XP_001698547.2	XP_047272809.1	0	N/A	27.807	187	14	5.68e-18	91.3	poly(A) RNA polymerase GLD2 isoform X4 [Homo sapiens]	TRUE	TENT2
XP_001698547.2	NP_001375058.1	0	N/A	27.807	187	14	5.68e-18	91.3	poly(A) RNA polymerase GLD2 isoform 2 [Homo sapiens]	TRUE	TENT2
XP_001698547.2	NP_001375057.1	0	N/A	27.807	187	14	5.68e-18	91.3	poly(A) RNA polymerase GLD2 isoform 2 [Homo sapiens]	TRUE	TENT2
XP_001698547.2	NP_001375056.1	0	N/A	27.807	187	14	5.68e-18	91.3	poly(A) RNA polymerase GLD2 isoform 2 [Homo sapiens]	TRUE	TENT2
XP_001698547.2	NP_001375055.1	0	N/A	27.807	187	14	5.68e-18	91.3	poly(A) RNA polymerase GLD2 isoform 2 [Homo sapiens]	TRUE	TENT2
XP_001698547.2	NP_001375054.1	0	N/A	27.807	187	14	5.68e-18	91.3	poly(A) RNA polymerase GLD2 isoform 2 [Homo sapiens]	TRUE	TENT2
XP_001698547.2	NP_001375053.1	0	N/A	27.807	187	14	5.68e-18	91.3	poly(A) RNA polymerase GLD2 isoform 2 [Homo sapiens]	TRUE	TENT2
XP_001698547.2	NP_001375052.1	0	N/A	27.807	187	14	5.68e-18	91.3	poly(A) RNA polymerase GLD2 isoform 2 [Homo sapiens]	TRUE	TENT2
XP_001698547.2	NP_001375051.1	0	N/A	27.807	187	14	5.68e-18	91.3	poly(A) RNA polymerase GLD2 isoform 2 [Homo sapiens]	TRUE	TENT2
XP_001698547.2	NP_001375050.1	0	N/A	27.807	187	14	5.68e-18	91.3	poly(A) RNA polymerase GLD2 isoform 2 [Homo sapiens]	TRUE	TENT2
XP_001698547.2	NP_001375049.1	0	N/A	27.807	187	14	5.68e-18	91.3	poly(A) RNA polymerase GLD2 isoform 2 [Homo sapiens]	TRUE	TENT2
XP_001698547.2	NP_001375048.1	0	N/A	27.807	187	14	5.68e-18	91.3	poly(A) RNA polymerase GLD2 isoform 2 [Homo sapiens]	TRUE	TENT2
XP_001698547.2	NP_001375047.1	0	N/A	27.807	187	14	5.68e-18	91.3	poly(A) RNA polymerase GLD2 isoform 2 [Homo sapiens]	TRUE	TENT2
XP_001698547.2	NP_001375046.1	0	N/A	27.807	187	14	5.68e-18	91.3	poly(A) RNA polymerase GLD2 isoform 2 [Homo sapiens]	TRUE	TENT2
XP_001698547.2	NP_001375045.1	0	N/A	27.807	187	14	5.68e-18	91.3	poly(A) RNA polymerase GLD2 isoform 2 [Homo sapiens]	TRUE	TENT2
XP_001698547.2	NP_001375044.1	0	N/A	27.807	187	14	5.68e-18	91.3	poly(A) RNA polymerase GLD2 isoform 2 [Homo sapiens]	TRUE	TENT2
XP_001698547.2	NP_001375043.1	0	N/A	27.807	187	14	5.68e-18	91.3	poly(A) RNA polymerase GLD2 isoform 2 [Homo sapiens]	TRUE	TENT2
XP_001698547.2	NP_001336483.1	0	N/A	27.807	187	14	5.68e-18	91.3	poly(A) RNA polymerase GLD2 isoform 2 [Homo sapiens]	TRUE	TENT2
XP_001698547.2	NP_001284673.1	0	N/A	27.807	187	14	5.68e-18	91.3	poly(A) RNA polymerase GLD2 isoform 2 [Homo sapiens]	TRUE	TENT2
XP_001698547.2	NP_001375027.1	0	N/A	27.604	192	14	6.74e-18	91.3	poly(A) RNA polymerase GLD2 isoform 7 [Homo sapiens]	TRUE	TENT2
XP_001698547.2	XP_047272805.1	0	N/A	27.604	192	14	7.15e-18	91.3	poly(A) RNA polymerase GLD2 isoform X2 [Homo sapiens]	TRUE	TENT2
XP_001698547.2	XP_047272804.1	0	N/A	27.604	192	14	7.15e-18	91.3	poly(A) RNA polymerase GLD2 isoform X2 [Homo sapiens]	TRUE	TENT2
XP_001698547.2	XP_047272803.1	0	N/A	27.604	192	14	7.15e-18	91.3	poly(A) RNA polymerase GLD2 isoform X2 [Homo sapiens]	TRUE	TENT2
XP_001698547.2	XP_047272802.1	0	N/A	27.604	192	14	7.15e-18	91.3	poly(A) RNA polymerase GLD2 isoform X2 [Homo sapiens]	TRUE	TENT2
XP_001698547.2	XP_016864641.1	0	N/A	27.604	192	14	7.15e-18	91.3	poly(A) RNA polymerase GLD2 isoform X2 [Homo sapiens]	TRUE	TENT2
XP_001698547.2	NP_001375026.1	0	N/A	27.604	192	14	7.15e-18	91.3	poly(A) RNA polymerase GLD2 isoform 6 [Homo sapiens]	TRUE	TENT2
XP_001698547.2	NP_001375025.1	0	N/A	27.604	192	14	7.15e-18	91.3	poly(A) RNA polymerase GLD2 isoform 6 [Homo sapiens]	TRUE	TENT2
XP_001698547.2	NP_001375024.1	0	N/A	27.604	192	14	7.15e-18	91.3	poly(A) RNA polymerase GLD2 isoform 6 [Homo sapiens]	TRUE	TENT2
XP_001698547.2	NP_001336480.1	0	N/A	27.604	192	14	7.15e-18	91.3	poly(A) RNA polymerase GLD2 isoform 6 [Homo sapiens]	TRUE	TENT2
XP_001698547.2	NP_001375030.1	0	N/A	27.604	192	14	7.55e-18	90.9	poly(A) RNA polymerase GLD2 isoform 9 [Homo sapiens]	TRUE	TENT2
XP_001698547.2	XP_047272808.1	0	N/A	27.604	192	14	8.38e-18	90.9	poly(A) RNA polymerase GLD2 isoform X3 [Homo sapiens]	TRUE	TENT2
XP_001698547.2	XP_047272807.1	0	N/A	27.604	192	14	8.38e-18	90.9	poly(A) RNA polymerase GLD2 isoform X3 [Homo sapiens]	TRUE	TENT2
XP_001698547.2	XP_047272806.1	0	N/A	27.604	192	14	8.38e-18	90.9	poly(A) RNA polymerase GLD2 isoform X3 [Homo sapiens]	TRUE	TENT2
XP_001698547.2	NP_776158.2	0	N/A	27.604	192	14	8.38e-18	90.9	poly(A) RNA polymerase GLD2 isoform 1 [Homo sapiens]	TRUE	TENT2
XP_001698547.2	NP_001375041.1	0	N/A	27.604	192	14	8.38e-18	90.9	poly(A) RNA polymerase GLD2 isoform 1 [Homo sapiens]	TRUE	TENT2
XP_001698547.2	NP_001375040.1	0	N/A	27.604	192	14	8.38e-18	90.9	poly(A) RNA polymerase GLD2 isoform 1 [Homo sapiens]	TRUE	TENT2
XP_001698547.2	NP_001375039.1	0	N/A	27.604	192	14	8.38e-18	90.9	poly(A) RNA polymerase GLD2 isoform 1 [Homo sapiens]	TRUE	TENT2
XP_001698547.2	NP_001375038.1	0	N/A	27.604	192	14	8.38e-18	90.9	poly(A) RNA polymerase GLD2 isoform 1 [Homo sapiens]	TRUE	TENT2
XP_001698547.2	NP_001375037.1	0	N/A	27.604	192	14	8.38e-18	90.9	poly(A) RNA polymerase GLD2 isoform 1 [Homo sapiens]	TRUE	TENT2
XP_001698547.2	NP_001375036.1	0	N/A	27.604	192	14	8.38e-18	90.9	poly(A) RNA polymerase GLD2 isoform 1 [Homo sapiens]	TRUE	TENT2
XP_001712814.1	NP_000980.1	0	N/A	33.766	77	75	2.41e-07	47.4	large ribosomal subunit protein eL30 [Homo sapiens]	FALSE	NA
XP_001749366.1	NP_001317647.1	0	N/A	39.091	220	58	3.8e-37	144	terminal uridylyltransferase 7 isoform 3 [Homo sapiens]	TRUE	Tut7
XP_001749366.1	NP_001172003.1	0	N/A	39.091	220	58	4.11e-37	145	terminal uridylyltransferase 7 isoform 2 [Homo sapiens]	TRUE	Tut7
XP_001749366.1	XP_005252265.1	0	N/A	39.091	220	58	4.86e-37	144	terminal uridylyltransferase 7 isoform X7 [Homo sapiens]	TRUE	Tut7
XP_001749366.1	XP_047279825.1	0	N/A	39.091	220	58	5.59e-37	144	terminal uridylyltransferase 7 isoform X6 [Homo sapiens]	TRUE	Tut7
XP_001749366.1	XP_047279824.1	0	N/A	39.091	220	58	5.59e-37	144	terminal uridylyltransferase 7 isoform X6 [Homo sapiens]	TRUE	Tut7
XP_001749366.1	XP_005252264.1	0	N/A	39.091	220	58	5.59e-37	144	terminal uridylyltransferase 7 isoform X6 [Homo sapiens]	TRUE	Tut7
XP_001749366.1	XP_047279823.1	0	N/A	39.091	220	58	5.97e-37	144	terminal uridylyltransferase 7 isoform X2 [Homo sapiens]	TRUE	Tut7
XP_001749366.1	XP_006717346.1	0	N/A	39.091	220	58	5.97e-37	144	terminal uridylyltransferase 7 isoform X2 [Homo sapiens]	TRUE	Tut7
XP_001749366.1	XP_011517316.1	0	N/A	39.091	220	58	6.04e-37	144	terminal uridylyltransferase 7 isoform X1 [Homo sapiens]	TRUE	Tut7
XP_001749366.1	XP_011517315.1	0	N/A	39.091	220	58	6.04e-37	144	terminal uridylyltransferase 7 isoform X1 [Homo sapiens]	TRUE	Tut7
XP_001749366.1	XP_011517314.1	0	N/A	39.091	220	58	6.04e-37	144	terminal uridylyltransferase 7 isoform X1 [Homo sapiens]	TRUE	Tut7
XP_001749366.1	XP_011517313.1	0	N/A	39.091	220	58	6.04e-37	144	terminal uridylyltransferase 7 isoform X1 [Homo sapiens]	TRUE	Tut7
XP_001749366.1	XP_011517318.1	0	N/A	39.091	220	58	6.27e-37	144	terminal uridylyltransferase 7 isoform X5 [Homo sapiens]	TRUE	Tut7
XP_001749366.1	XP_016870620.1	0	N/A	39.091	220	58	6.28e-37	144	terminal uridylyltransferase 7 isoform X4 [Homo sapiens]	TRUE	Tut7
XP_001749366.1	XP_016870619.1	0	N/A	39.091	220	58	6.28e-37	144	terminal uridylyltransferase 7 isoform X4 [Homo sapiens]	TRUE	Tut7
XP_001749366.1	NP_078893.2	0	N/A	39.091	220	58	6.28e-37	144	terminal uridylyltransferase 7 isoform 1 [Homo sapiens]	TRUE	Tut7
XP_001749366.1	NP_001171988.1	0	N/A	39.091	220	58	6.28e-37	144	terminal uridylyltransferase 7 isoform 1 [Homo sapiens]	TRUE	Tut7
XP_001749366.1	XP_011517317.1	0	N/A	39.091	220	58	6.56e-37	144	terminal uridylyltransferase 7 isoform X3 [Homo sapiens]	TRUE	Tut7
XP_001749366.1	XP_047272286.1	0	N/A	37.445	227	60	7.17e-37	144	terminal uridylyltransferase 4 isoform X8 [Homo sapiens]	TRUE	Tut4
XP_001749366.1	XP_047272285.1	0	N/A	37.445	227	60	7.73e-37	144	terminal uridylyltransferase 4 isoform X7 [Homo sapiens]	TRUE	Tut4
XP_001749366.1	XP_016856297.1	0	N/A	37.445	227	60	7.85e-37	144	terminal uridylyltransferase 4 isoform X36 [Homo sapiens]	TRUE	Tut4
XP_001749366.1	XP_011539401.1	0	N/A	37.445	227	60	8.1e-37	144	terminal uridylyltransferase 4 isoform X29 [Homo sapiens]	TRUE	Tut4
XP_001749366.1	XP_047272345.1	0	N/A	37.445	227	60	8.33e-37	144	terminal uridylyltransferase 4 isoform X31 [Homo sapiens]	TRUE	Tut4
XP_001749366.1	XP_016856295.1	0	N/A	37.445	227	60	8.36e-37	144	terminal uridylyltransferase 4 isoform X25 [Homo sapiens]	TRUE	Tut4
XP_001749366.1	XP_047272280.1	0	N/A	37.445	227	60	8.36e-37	144	terminal uridylyltransferase 4 isoform X3 [Homo sapiens]	TRUE	Tut4
XP_001749366.1	XP_005270736.1	0	N/A	37.445	227	60	8.36e-37	144	terminal uridylyltransferase 4 isoform X3 [Homo sapiens]	TRUE	Tut4
XP_001749366.1	XP_011539399.1	0	N/A	37.445	227	60	8.45e-37	144	terminal uridylyltransferase 4 isoform X1 [Homo sapiens]	TRUE	Tut4
XP_001749366.1	XP_005270733.1	0	N/A	37.445	227	60	8.45e-37	144	terminal uridylyltransferase 4 isoform X1 [Homo sapiens]	TRUE	Tut4
XP_001749366.1	XP_016856292.1	0	N/A	37.445	227	60	8.57e-37	144	terminal uridylyltransferase 4 isoform X9 [Homo sapiens]	TRUE	Tut4
XP_001749366.1	XP_047272372.1	0	N/A	37.445	227	60	8.59e-37	144	terminal uridylyltransferase 4 isoform X42 [Homo sapiens]	TRUE	Tut4
XP_001749366.1	XP_047272325.1	0	N/A	37.445	227	60	8.61e-37	144	terminal uridylyltransferase 4 isoform X23 [Homo sapiens]	TRUE	Tut4
XP_001749366.1	XP_005270735.1	0	N/A	37.445	227	60	8.61e-37	144	terminal uridylyltransferase 4 isoform X2 [Homo sapiens]	TRUE	Tut4
XP_001749366.1	XP_047272290.1	0	N/A	37.445	227	60	8.82e-37	144	terminal uridylyltransferase 4 isoform X11 [Homo sapiens]	TRUE	Tut4
XP_001749366.1	XP_047272288.1	0	N/A	37.445	227	60	9.33e-37	144	terminal uridylyltransferase 4 isoform X10 [Homo sapiens]	TRUE	Tut4
XP_001749366.1	XP_016856293.1	0	N/A	37.445	227	60	9.41e-37	144	terminal uridylyltransferase 4 isoform X16 [Homo sapiens]	TRUE	Tut4
XP_001749366.1	XP_047272344.1	0	N/A	37.445	227	60	9.42e-37	144	terminal uridylyltransferase 4 isoform X30 [Homo sapiens]	TRUE	Tut4
XP_001749366.1	XP_016856299.1	0	N/A	37.445	227	60	9.48e-37	144	terminal uridylyltransferase 4 isoform X40 [Homo sapiens]	TRUE	Tut4
XP_001749366.1	XP_005270739.1	0	N/A	37.445	227	60	9.5e-37	144	terminal uridylyltransferase 4 isoform X33 [Homo sapiens]	TRUE	Tut4
XP_001749366.1	XP_047272295.1	0	N/A	37.445	227	60	9.51e-37	144	terminal uridylyltransferase 4 isoform X12 [Homo sapiens]	TRUE	Tut4
XP_001749366.1	XP_047272296.1	0	N/A	37.445	227	60	9.87e-37	144	terminal uridylyltransferase 4 isoform X13 [Homo sapiens]	TRUE	Tut4
XP_001749366.1	XP_047272281.1	0	N/A	37.445	227	60	9.91e-37	144	terminal uridylyltransferase 4 isoform X4 [Homo sapiens]	TRUE	Tut4
XP_001749366.1	NP_001009881.1	0	N/A	37.445	227	60	9.91e-37	144	terminal uridylyltransferase 4 isoform a [Homo sapiens]	TRUE	Tut4
XP_001749366.1	XP_047272365.1	0	N/A	37.445	227	60	9.95e-37	144	terminal uridylyltransferase 4 isoform X38 [Homo sapiens]	TRUE	Tut4
XP_001749366.1	XP_047272305.1	0	N/A	37.445	227	60	1.02e-36	144	terminal uridylyltransferase 4 isoform X17 [Homo sapiens]	TRUE	Tut4
XP_001749366.1	XP_047272282.1	0	N/A	37.445	227	60	1.02e-36	144	terminal uridylyltransferase 4 isoform X5 [Homo sapiens]	TRUE	Tut4
XP_001749366.1	NP_056084.1	0	N/A	37.445	227	60	1.02e-36	144	terminal uridylyltransferase 4 isoform b [Homo sapiens]	TRUE	Tut4
XP_001749366.1	XP_047272337.1	0	N/A	37.445	227	60	1.04e-36	144	terminal uridylyltransferase 4 isoform X27 [Homo sapiens]	TRUE	Tut4
XP_001749366.1	XP_047272283.1	0	N/A	37.445	227	60	1.1e-36	144	terminal uridylyltransferase 4 isoform X6 [Homo sapiens]	TRUE	Tut4
XP_001749366.1	XP_005270737.1	0	N/A	37.445	227	60	1.1e-36	144	terminal uridylyltransferase 4 isoform X6 [Homo sapiens]	TRUE	Tut4
XP_001749366.1	XP_016856296.1	0	N/A	37.445	227	60	1.13e-36	144	terminal uridylyltransferase 4 isoform X28 [Homo sapiens]	TRUE	Tut4
XP_001749366.1	XP_047272350.1	0	N/A	37.445	227	60	1.16e-36	144	terminal uridylyltransferase 4 isoform X34 [Homo sapiens]	TRUE	Tut4
XP_001749366.1	XP_047272384.1	0	N/A	37.445	227	60	2.42e-36	142	terminal uridylyltransferase 4 isoform X46 [Homo sapiens]	TRUE	Tut4
XP_001749366.1	NP_001336477.1	0	N/A	37.264	212	56	1.7e-28	114	poly(A) RNA polymerase GLD2 isoform 4 [Homo sapiens]	TRUE	TENT2
XP_001749366.1	XP_047272820.1	0	N/A	37.264	212	56	3.31e-28	113	poly(A) RNA polymerase GLD2 isoform X11 [Homo sapiens]	TRUE	TENT2
XP_001749366.1	NP_073741.3	0	N/A	33.921	227	59	6.11e-28	117	speckle targeted PIP5K1A-regulated poly(A) polymerase isoform 1 [Homo sapiens]	TRUE	Tut1
XP_001749366.1	NP_060579.3	0	N/A	31.1	209	56	3.35e-27	115	poly(A) RNA polymerase, mitochondrial precursor [Homo sapiens]	TRUE	mtPAP
XP_001749366.1	NP_001375065.1	0	N/A	37.264	212	56	4e-27	112	poly(A) RNA polymerase GLD2 isoform 14 [Homo sapiens]	TRUE	TENT2
XP_001749366.1	NP_001375061.1	0	N/A	37.264	212	56	1.08e-26	112	poly(A) RNA polymerase GLD2 isoform 12 [Homo sapiens]	TRUE	TENT2
XP_001749366.1	XP_047272811.1	0	N/A	37.264	212	56	1.19e-26	112	poly(A) RNA polymerase GLD2 isoform X4 [Homo sapiens]	TRUE	TENT2
XP_001749366.1	XP_047272810.1	0	N/A	37.264	212	56	1.19e-26	112	poly(A) RNA polymerase GLD2 isoform X4 [Homo sapiens]	TRUE	TENT2
XP_001749366.1	XP_047272809.1	0	N/A	37.264	212	56	1.19e-26	112	poly(A) RNA polymerase GLD2 isoform X4 [Homo sapiens]	TRUE	TENT2
XP_001749366.1	NP_001375058.1	0	N/A	37.264	212	56	1.19e-26	112	poly(A) RNA polymerase GLD2 isoform 2 [Homo sapiens]	TRUE	TENT2
XP_001749366.1	NP_001375057.1	0	N/A	37.264	212	56	1.19e-26	112	poly(A) RNA polymerase GLD2 isoform 2 [Homo sapiens]	TRUE	TENT2
XP_001749366.1	NP_001375056.1	0	N/A	37.264	212	56	1.19e-26	112	poly(A) RNA polymerase GLD2 isoform 2 [Homo sapiens]	TRUE	TENT2
XP_001749366.1	NP_001375055.1	0	N/A	37.264	212	56	1.19e-26	112	poly(A) RNA polymerase GLD2 isoform 2 [Homo sapiens]	TRUE	TENT2
XP_001749366.1	NP_001375054.1	0	N/A	37.264	212	56	1.19e-26	112	poly(A) RNA polymerase GLD2 isoform 2 [Homo sapiens]	TRUE	TENT2
XP_001749366.1	NP_001375053.1	0	N/A	37.264	212	56	1.19e-26	112	poly(A) RNA polymerase GLD2 isoform 2 [Homo sapiens]	TRUE	TENT2
XP_001749366.1	NP_001375052.1	0	N/A	37.264	212	56	1.19e-26	112	poly(A) RNA polymerase GLD2 isoform 2 [Homo sapiens]	TRUE	TENT2
XP_001749366.1	NP_001375051.1	0	N/A	37.264	212	56	1.19e-26	112	poly(A) RNA polymerase GLD2 isoform 2 [Homo sapiens]	TRUE	TENT2
XP_001749366.1	NP_001375050.1	0	N/A	37.264	212	56	1.19e-26	112	poly(A) RNA polymerase GLD2 isoform 2 [Homo sapiens]	TRUE	TENT2
XP_001749366.1	NP_001375049.1	0	N/A	37.264	212	56	1.19e-26	112	poly(A) RNA polymerase GLD2 isoform 2 [Homo sapiens]	TRUE	TENT2
XP_001749366.1	NP_001375048.1	0	N/A	37.264	212	56	1.19e-26	112	poly(A) RNA polymerase GLD2 isoform 2 [Homo sapiens]	TRUE	TENT2
XP_001749366.1	NP_001375047.1	0	N/A	37.264	212	56	1.19e-26	112	poly(A) RNA polymerase GLD2 isoform 2 [Homo sapiens]	TRUE	TENT2
XP_001749366.1	NP_001375046.1	0	N/A	37.264	212	56	1.19e-26	112	poly(A) RNA polymerase GLD2 isoform 2 [Homo sapiens]	TRUE	TENT2
XP_001749366.1	NP_001375045.1	0	N/A	37.264	212	56	1.19e-26	112	poly(A) RNA polymerase GLD2 isoform 2 [Homo sapiens]	TRUE	TENT2
XP_001749366.1	NP_001375044.1	0	N/A	37.264	212	56	1.19e-26	112	poly(A) RNA polymerase GLD2 isoform 2 [Homo sapiens]	TRUE	TENT2
XP_001749366.1	NP_001375043.1	0	N/A	37.264	212	56	1.19e-26	112	poly(A) RNA polymerase GLD2 isoform 2 [Homo sapiens]	TRUE	TENT2
XP_001749366.1	NP_001336483.1	0	N/A	37.264	212	56	1.19e-26	112	poly(A) RNA polymerase GLD2 isoform 2 [Homo sapiens]	TRUE	TENT2
XP_001749366.1	NP_001284673.1	0	N/A	37.264	212	56	1.19e-26	112	poly(A) RNA polymerase GLD2 isoform 2 [Homo sapiens]	TRUE	TENT2
XP_001749366.1	NP_001375059.1	0	N/A	37.264	212	56	1.38e-26	112	poly(A) RNA polymerase GLD2 isoform 10 [Homo sapiens]	TRUE	TENT2
XP_001749366.1	NP_001375060.1	0	N/A	37.264	212	56	1.65e-26	112	poly(A) RNA polymerase GLD2 isoform 11 [Homo sapiens]	TRUE	TENT2
XP_001749366.1	XP_047272808.1	0	N/A	37.264	212	56	1.71e-26	112	poly(A) RNA polymerase GLD2 isoform X3 [Homo sapiens]	TRUE	TENT2
XP_001749366.1	XP_047272807.1	0	N/A	37.264	212	56	1.71e-26	112	poly(A) RNA polymerase GLD2 isoform X3 [Homo sapiens]	TRUE	TENT2
XP_001749366.1	XP_047272806.1	0	N/A	37.264	212	56	1.71e-26	112	poly(A) RNA polymerase GLD2 isoform X3 [Homo sapiens]	TRUE	TENT2
XP_001749366.1	NP_776158.2	0	N/A	37.264	212	56	1.71e-26	112	poly(A) RNA polymerase GLD2 isoform 1 [Homo sapiens]	TRUE	TENT2
XP_001749366.1	NP_001375041.1	0	N/A	37.264	212	56	1.71e-26	112	poly(A) RNA polymerase GLD2 isoform 1 [Homo sapiens]	TRUE	TENT2
XP_001749366.1	NP_001375040.1	0	N/A	37.264	212	56	1.71e-26	112	poly(A) RNA polymerase GLD2 isoform 1 [Homo sapiens]	TRUE	TENT2
XP_001749366.1	NP_001375039.1	0	N/A	37.264	212	56	1.71e-26	112	poly(A) RNA polymerase GLD2 isoform 1 [Homo sapiens]	TRUE	TENT2
XP_001749366.1	NP_001375038.1	0	N/A	37.264	212	56	1.71e-26	112	poly(A) RNA polymerase GLD2 isoform 1 [Homo sapiens]	TRUE	TENT2
XP_001749366.1	NP_001375037.1	0	N/A	37.264	212	56	1.71e-26	112	poly(A) RNA polymerase GLD2 isoform 1 [Homo sapiens]	TRUE	TENT2
XP_001749366.1	NP_001375036.1	0	N/A	37.264	212	56	1.71e-26	112	poly(A) RNA polymerase GLD2 isoform 1 [Homo sapiens]	TRUE	TENT2
XP_001749366.1	NP_001375035.1	0	N/A	37.264	212	56	1.71e-26	112	poly(A) RNA polymerase GLD2 isoform 1 [Homo sapiens]	TRUE	TENT2
XP_001749366.1	NP_001375034.1	0	N/A	37.264	212	56	1.71e-26	112	poly(A) RNA polymerase GLD2 isoform 1 [Homo sapiens]	TRUE	TENT2
XP_001749366.1	NP_001375032.1	0	N/A	37.264	212	56	1.71e-26	112	poly(A) RNA polymerase GLD2 isoform 1 [Homo sapiens]	TRUE	TENT2
XP_001749366.1	NP_001375031.1	0	N/A	37.264	212	56	1.71e-26	112	poly(A) RNA polymerase GLD2 isoform 1 [Homo sapiens]	TRUE	TENT2
XP_001749366.1	NP_001336482.1	0	N/A	37.264	212	56	1.71e-26	112	poly(A) RNA polymerase GLD2 isoform 1 [Homo sapiens]	TRUE	TENT2
XP_001749366.1	NP_001336481.1	0	N/A	37.264	212	56	1.71e-26	112	poly(A) RNA polymerase GLD2 isoform 1 [Homo sapiens]	TRUE	TENT2
XP_001749366.1	NP_001107866.1	0	N/A	37.264	212	56	1.71e-26	112	poly(A) RNA polymerase GLD2 isoform 1 [Homo sapiens]	TRUE	TENT2
XP_001749366.1	NP_001107865.1	0	N/A	37.264	212	56	1.71e-26	112	poly(A) RNA polymerase GLD2 isoform 1 [Homo sapiens]	TRUE	TENT2
XP_001749366.1	XP_047272805.1	0	N/A	37.264	212	56	1.82e-26	112	poly(A) RNA polymerase GLD2 isoform X2 [Homo sapiens]	TRUE	TENT2
XP_001901178.1	NP_001165276.2	0	N/A	47.753	356	83	6.4e-100	317	terminal nucleotidyltransferase 4A isoform 2 [Homo sapiens]	TRUE	TENT4A
XP_001901178.1	NP_008930.2	0	N/A	47.753	356	83	6.75e-100	317	terminal nucleotidyltransferase 4A isoform 1 [Homo sapiens]	TRUE	TENT4A
XP_001901178.1	NP_001035375.2	0	N/A	46.847	333	78	8.94e-96	302	terminal nucleotidyltransferase 4B isoform b [Homo sapiens]	TRUE	TENT4B
XP_001901178.1	XP_011521578.1	0	N/A	46.847	333	78	9.16e-96	302	terminal nucleotidyltransferase 4B isoform X2 [Homo sapiens]	TRUE	TENT4B
XP_001901178.1	XP_047290432.1	0	N/A	46.847	333	78	1.48e-95	301	terminal nucleotidyltransferase 4B isoform X4 [Homo sapiens]	TRUE	TENT4B
XP_001901178.1	NP_001035374.2	0	N/A	46.847	333	78	1.59e-95	303	terminal nucleotidyltransferase 4B isoform a [Homo sapiens]	TRUE	TENT4B
XP_001901178.1	XP_011521577.1	0	N/A	46.847	333	78	1.62e-95	303	terminal nucleotidyltransferase 4B isoform X1 [Homo sapiens]	TRUE	TENT4B
XP_001901178.1	NP_001352252.1	0	N/A	46.847	333	78	2.85e-95	302	terminal nucleotidyltransferase 4B isoform c [Homo sapiens]	TRUE	TENT4B
XP_001901178.1	XP_047290431.1	0	N/A	46.847	333	78	3.08e-95	301	terminal nucleotidyltransferase 4B isoform X3 [Homo sapiens]	TRUE	TENT4B
XP_001901178.1	NP_001352253.1	0	N/A	46.847	333	78	4.96e-95	302	terminal nucleotidyltransferase 4B isoform d [Homo sapiens]	TRUE	TENT4B
XP_001901178.1	XP_047290433.1	0	N/A	47.022	319	75	1.95e-92	289	terminal nucleotidyltransferase 4B isoform X6 [Homo sapiens]	TRUE	TENT4B
XP_001901178.1	XP_011521580.1	0	N/A	47.022	319	75	4.1e-92	289	terminal nucleotidyltransferase 4B isoform X5 [Homo sapiens]	TRUE	TENT4B
XP_001901178.1	XP_047272622.1	0	N/A	47.988	323	75	1.13e-90	286	terminal nucleotidyltransferase 4A isoform X1 [Homo sapiens]	TRUE	TENT4A
XP_001901178.1	XP_047272621.1	0	N/A	47.988	323	75	1.13e-90	286	terminal nucleotidyltransferase 4A isoform X1 [Homo sapiens]	TRUE	TENT4A
XP_001901178.1	XP_047272620.1	0	N/A	47.988	323	75	1.13e-90	286	terminal nucleotidyltransferase 4A isoform X1 [Homo sapiens]	TRUE	TENT4A
XP_001901178.1	XP_047272624.1	0	N/A	48.089	314	73	9.86e-88	278	terminal nucleotidyltransferase 4A isoform X3 [Homo sapiens]	TRUE	TENT4A
XP_001901178.1	XP_047272623.1	0	N/A	48.089	314	73	1.09e-87	278	terminal nucleotidyltransferase 4A isoform X2 [Homo sapiens]	TRUE	TENT4A
XP_001901178.1	XP_016864477.1	0	N/A	48.089	314	73	1.09e-87	278	terminal nucleotidyltransferase 4A isoform X2 [Homo sapiens]	TRUE	TENT4A
XP_001901178.1	XP_047272811.1	0	N/A	26.316	304	62	3.48e-16	82.8	poly(A) RNA polymerase GLD2 isoform X4 [Homo sapiens]	TRUE	TENT2
XP_001901178.1	XP_047272810.1	0	N/A	26.316	304	62	3.48e-16	82.8	poly(A) RNA polymerase GLD2 isoform X4 [Homo sapiens]	TRUE	TENT2
XP_001901178.1	XP_047272809.1	0	N/A	26.316	304	62	3.48e-16	82.8	poly(A) RNA polymerase GLD2 isoform X4 [Homo sapiens]	TRUE	TENT2
XP_001901178.1	NP_001375058.1	0	N/A	26.316	304	62	3.48e-16	82.8	poly(A) RNA polymerase GLD2 isoform 2 [Homo sapiens]	TRUE	TENT2
XP_001901178.1	NP_001375057.1	0	N/A	26.316	304	62	3.48e-16	82.8	poly(A) RNA polymerase GLD2 isoform 2 [Homo sapiens]	TRUE	TENT2
XP_001901178.1	NP_001375056.1	0	N/A	26.316	304	62	3.48e-16	82.8	poly(A) RNA polymerase GLD2 isoform 2 [Homo sapiens]	TRUE	TENT2
XP_001901178.1	NP_001375055.1	0	N/A	26.316	304	62	3.48e-16	82.8	poly(A) RNA polymerase GLD2 isoform 2 [Homo sapiens]	TRUE	TENT2
XP_001901178.1	NP_001375054.1	0	N/A	26.316	304	62	3.48e-16	82.8	poly(A) RNA polymerase GLD2 isoform 2 [Homo sapiens]	TRUE	TENT2
XP_001901178.1	NP_001375053.1	0	N/A	26.316	304	62	3.48e-16	82.8	poly(A) RNA polymerase GLD2 isoform 2 [Homo sapiens]	TRUE	TENT2
XP_001901178.1	NP_001375052.1	0	N/A	26.316	304	62	3.48e-16	82.8	poly(A) RNA polymerase GLD2 isoform 2 [Homo sapiens]	TRUE	TENT2
XP_001901178.1	NP_001375051.1	0	N/A	26.316	304	62	3.48e-16	82.8	poly(A) RNA polymerase GLD2 isoform 2 [Homo sapiens]	TRUE	TENT2
XP_001901178.1	NP_001375050.1	0	N/A	26.316	304	62	3.48e-16	82.8	poly(A) RNA polymerase GLD2 isoform 2 [Homo sapiens]	TRUE	TENT2
XP_001901178.1	NP_001375049.1	0	N/A	26.316	304	62	3.48e-16	82.8	poly(A) RNA polymerase GLD2 isoform 2 [Homo sapiens]	TRUE	TENT2
XP_001901178.1	NP_001375048.1	0	N/A	26.316	304	62	3.48e-16	82.8	poly(A) RNA polymerase GLD2 isoform 2 [Homo sapiens]	TRUE	TENT2
XP_001901178.1	NP_001375047.1	0	N/A	26.316	304	62	3.48e-16	82.8	poly(A) RNA polymerase GLD2 isoform 2 [Homo sapiens]	TRUE	TENT2
XP_001901178.1	NP_001375046.1	0	N/A	26.316	304	62	3.48e-16	82.8	poly(A) RNA polymerase GLD2 isoform 2 [Homo sapiens]	TRUE	TENT2
XP_001901178.1	NP_001375045.1	0	N/A	26.316	304	62	3.48e-16	82.8	poly(A) RNA polymerase GLD2 isoform 2 [Homo sapiens]	TRUE	TENT2
XP_001901178.1	NP_001375044.1	0	N/A	26.316	304	62	3.48e-16	82.8	poly(A) RNA polymerase GLD2 isoform 2 [Homo sapiens]	TRUE	TENT2
XP_001901178.1	NP_001375043.1	0	N/A	26.316	304	62	3.48e-16	82.8	poly(A) RNA polymerase GLD2 isoform 2 [Homo sapiens]	TRUE	TENT2
XP_001901178.1	NP_001336483.1	0	N/A	26.316	304	62	3.48e-16	82.8	poly(A) RNA polymerase GLD2 isoform 2 [Homo sapiens]	TRUE	TENT2
XP_001901178.1	NP_001284673.1	0	N/A	26.316	304	62	3.48e-16	82.8	poly(A) RNA polymerase GLD2 isoform 2 [Homo sapiens]	TRUE	TENT2
XP_001901178.1	NP_001375065.1	0	N/A	27.305	282	57	3.78e-16	82	poly(A) RNA polymerase GLD2 isoform 14 [Homo sapiens]	TRUE	TENT2
XP_001901178.1	NP_001375061.1	0	N/A	26.316	304	62	4.49e-16	82.4	poly(A) RNA polymerase GLD2 isoform 12 [Homo sapiens]	TRUE	TENT2
XP_001901178.1	NP_001375059.1	0	N/A	26.316	304	62	4.52e-16	82.4	poly(A) RNA polymerase GLD2 isoform 10 [Homo sapiens]	TRUE	TENT2
XP_001901178.1	XP_047272820.1	0	N/A	28.241	216	45	1.02e-15	79	poly(A) RNA polymerase GLD2 isoform X11 [Homo sapiens]	TRUE	TENT2
XP_001901178.1	XP_047272808.1	0	N/A	25.325	308	62	1.95e-15	80.5	poly(A) RNA polymerase GLD2 isoform X3 [Homo sapiens]	TRUE	TENT2
XP_001901178.1	XP_047272807.1	0	N/A	25.325	308	62	1.95e-15	80.5	poly(A) RNA polymerase GLD2 isoform X3 [Homo sapiens]	TRUE	TENT2
XP_001901178.1	XP_047272806.1	0	N/A	25.325	308	62	1.95e-15	80.5	poly(A) RNA polymerase GLD2 isoform X3 [Homo sapiens]	TRUE	TENT2
XP_001901178.1	NP_776158.2	0	N/A	25.325	308	62	1.95e-15	80.5	poly(A) RNA polymerase GLD2 isoform 1 [Homo sapiens]	TRUE	TENT2
XP_001901178.1	NP_001375041.1	0	N/A	25.325	308	62	1.95e-15	80.5	poly(A) RNA polymerase GLD2 isoform 1 [Homo sapiens]	TRUE	TENT2
XP_001901178.1	NP_001375040.1	0	N/A	25.325	308	62	1.95e-15	80.5	poly(A) RNA polymerase GLD2 isoform 1 [Homo sapiens]	TRUE	TENT2
XP_001901178.1	NP_001375039.1	0	N/A	25.325	308	62	1.95e-15	80.5	poly(A) RNA polymerase GLD2 isoform 1 [Homo sapiens]	TRUE	TENT2
XP_001901178.1	NP_001375038.1	0	N/A	25.325	308	62	1.95e-15	80.5	poly(A) RNA polymerase GLD2 isoform 1 [Homo sapiens]	TRUE	TENT2
XP_001901178.1	NP_001375037.1	0	N/A	25.325	308	62	1.95e-15	80.5	poly(A) RNA polymerase GLD2 isoform 1 [Homo sapiens]	TRUE	TENT2
XP_001901178.1	NP_001375036.1	0	N/A	25.325	308	62	1.95e-15	80.5	poly(A) RNA polymerase GLD2 isoform 1 [Homo sapiens]	TRUE	TENT2
XP_001901178.1	NP_001375035.1	0	N/A	25.325	308	62	1.95e-15	80.5	poly(A) RNA polymerase GLD2 isoform 1 [Homo sapiens]	TRUE	TENT2
XP_001901178.1	NP_001375034.1	0	N/A	25.325	308	62	1.95e-15	80.5	poly(A) RNA polymerase GLD2 isoform 1 [Homo sapiens]	TRUE	TENT2
XP_001901178.1	NP_001375032.1	0	N/A	25.325	308	62	1.95e-15	80.5	poly(A) RNA polymerase GLD2 isoform 1 [Homo sapiens]	TRUE	TENT2
XP_001901178.1	NP_001375031.1	0	N/A	25.325	308	62	1.95e-15	80.5	poly(A) RNA polymerase GLD2 isoform 1 [Homo sapiens]	TRUE	TENT2
XP_001901178.1	NP_001336482.1	0	N/A	25.325	308	62	1.95e-15	80.5	poly(A) RNA polymerase GLD2 isoform 1 [Homo sapiens]	TRUE	TENT2
XP_001901178.1	NP_001336481.1	0	N/A	25.325	308	62	1.95e-15	80.5	poly(A) RNA polymerase GLD2 isoform 1 [Homo sapiens]	TRUE	TENT2
XP_001901178.1	NP_001107866.1	0	N/A	25.325	308	62	1.95e-15	80.5	poly(A) RNA polymerase GLD2 isoform 1 [Homo sapiens]	TRUE	TENT2
XP_001901178.1	NP_001107865.1	0	N/A	25.325	308	62	1.95e-15	80.5	poly(A) RNA polymerase GLD2 isoform 1 [Homo sapiens]	TRUE	TENT2
XP_001901178.1	NP_001375042.1	0	N/A	25.325	308	62	2.29e-15	80.5	poly(A) RNA polymerase GLD2 isoform 16 [Homo sapiens]	TRUE	TENT2
XP_001901178.1	NP_001375060.1	0	N/A	25.325	308	62	2.68e-15	80.1	poly(A) RNA polymerase GLD2 isoform 11 [Homo sapiens]	TRUE	TENT2
XP_001901178.1	NP_001375027.1	0	N/A	28.241	216	45	7.4e-15	79	poly(A) RNA polymerase GLD2 isoform 7 [Homo sapiens]	TRUE	TENT2
XP_001901178.1	XP_047272805.1	0	N/A	28.241	216	45	7.42e-15	79	poly(A) RNA polymerase GLD2 isoform X2 [Homo sapiens]	TRUE	TENT2
XP_001901178.1	XP_047272804.1	0	N/A	28.241	216	45	7.42e-15	79	poly(A) RNA polymerase GLD2 isoform X2 [Homo sapiens]	TRUE	TENT2
XP_001901178.1	XP_047272803.1	0	N/A	28.241	216	45	7.42e-15	79	poly(A) RNA polymerase GLD2 isoform X2 [Homo sapiens]	TRUE	TENT2
XP_001901178.1	XP_047272802.1	0	N/A	28.241	216	45	7.42e-15	79	poly(A) RNA polymerase GLD2 isoform X2 [Homo sapiens]	TRUE	TENT2
XP_001901178.1	XP_016864641.1	0	N/A	28.241	216	45	7.42e-15	79	poly(A) RNA polymerase GLD2 isoform X2 [Homo sapiens]	TRUE	TENT2
XP_001901178.1	NP_001375026.1	0	N/A	28.241	216	45	7.42e-15	79	poly(A) RNA polymerase GLD2 isoform 6 [Homo sapiens]	TRUE	TENT2
XP_001901178.1	NP_001375025.1	0	N/A	28.241	216	45	7.42e-15	79	poly(A) RNA polymerase GLD2 isoform 6 [Homo sapiens]	TRUE	TENT2
XP_001901178.1	NP_001375024.1	0	N/A	28.241	216	45	7.42e-15	79	poly(A) RNA polymerase GLD2 isoform 6 [Homo sapiens]	TRUE	TENT2
XP_001901178.1	NP_001336480.1	0	N/A	28.241	216	45	7.42e-15	79	poly(A) RNA polymerase GLD2 isoform 6 [Homo sapiens]	TRUE	TENT2
XP_001901178.1	XP_047272801.1	0	N/A	28.241	216	45	9.05e-15	78.6	poly(A) RNA polymerase GLD2 isoform X1 [Homo sapiens]	TRUE	TENT2
XP_001901178.1	XP_047272800.1	0	N/A	28.241	216	45	9.05e-15	78.6	poly(A) RNA polymerase GLD2 isoform X1 [Homo sapiens]	TRUE	TENT2
XP_001901178.1	XP_011541527.1	0	N/A	28.241	216	45	9.05e-15	78.6	poly(A) RNA polymerase GLD2 isoform X1 [Homo sapiens]	TRUE	TENT2
XP_001901178.1	XP_011541526.1	0	N/A	28.241	216	45	9.05e-15	78.6	poly(A) RNA polymerase GLD2 isoform X1 [Homo sapiens]	TRUE	TENT2
XP_001901178.1	XP_011541523.1	0	N/A	28.241	216	45	9.05e-15	78.6	poly(A) RNA polymerase GLD2 isoform X1 [Homo sapiens]	TRUE	TENT2
XP_001901178.1	XP_011541522.1	0	N/A	28.241	216	45	9.05e-15	78.6	poly(A) RNA polymerase GLD2 isoform X1 [Homo sapiens]	TRUE	TENT2
XP_001901178.1	NP_001375023.1	0	N/A	28.241	216	45	9.05e-15	78.6	poly(A) RNA polymerase GLD2 isoform 5 [Homo sapiens]	TRUE	TENT2
XP_001901178.1	NP_001375022.1	0	N/A	28.241	216	45	9.05e-15	78.6	poly(A) RNA polymerase GLD2 isoform 5 [Homo sapiens]	TRUE	TENT2
XP_001901178.1	NP_001336479.1	0	N/A	28.241	216	45	9.05e-15	78.6	poly(A) RNA polymerase GLD2 isoform 5 [Homo sapiens]	TRUE	TENT2
XP_001901178.1	NP_001336478.1	0	N/A	28.241	216	45	9.05e-15	78.6	poly(A) RNA polymerase GLD2 isoform 5 [Homo sapiens]	TRUE	TENT2
XP_001901178.1	NP_001336477.1	0	N/A	28.934	197	40	1.01e-14	76.3	poly(A) RNA polymerase GLD2 isoform 4 [Homo sapiens]	TRUE	TENT2
XP_001901178.1	NP_001375030.1	0	N/A	26.82	261	53	3.64e-14	76.6	poly(A) RNA polymerase GLD2 isoform 9 [Homo sapiens]	TRUE	TENT2
XP_001901178.1	NP_001375029.1	0	N/A	28.641	206	42	8.32e-14	75.5	poly(A) RNA polymerase GLD2 isoform 8 [Homo sapiens]	TRUE	TENT2
XP_001901178.1	NP_001375028.1	0	N/A	28.641	206	42	8.32e-14	75.5	poly(A) RNA polymerase GLD2 isoform 8 [Homo sapiens]	TRUE	TENT2
XP_001901178.1	NP_001375066.1	0	N/A	26.667	180	36	2.65e-10	63.5	poly(A) RNA polymerase GLD2 isoform 15 [Homo sapiens]	TRUE	TENT2
XP_001901178.1	XP_047272818.1	0	N/A	26.667	195	42	3.35e-10	63.5	poly(A) RNA polymerase GLD2 isoform X10 [Homo sapiens]	TRUE	TENT2
XP_001901178.1	XP_047272817.1	0	N/A	33.981	103	24	1.82e-09	61.6	poly(A) RNA polymerase GLD2 isoform X9 [Homo sapiens]	TRUE	TENT2
XP_001901178.1	XP_047272816.1	0	N/A	33.981	103	24	1.92e-09	61.6	poly(A) RNA polymerase GLD2 isoform X8 [Homo sapiens]	TRUE	TENT2
XP_001901178.1	XP_047272815.1	0	N/A	24.275	276	62	4.28e-09	60.8	poly(A) RNA polymerase GLD2 isoform X7 [Homo sapiens]	TRUE	TENT2
XP_001901178.1	NP_001375064.1	0	N/A	24.275	276	62	4.28e-09	60.8	poly(A) RNA polymerase GLD2 isoform 13 [Homo sapiens]	TRUE	TENT2
XP_001901178.1	NP_001375063.1	0	N/A	24.275	276	62	4.28e-09	60.8	poly(A) RNA polymerase GLD2 isoform 13 [Homo sapiens]	TRUE	TENT2
XP_001901178.1	XP_047272814.1	0	N/A	23.214	280	62	2.66e-08	58.2	poly(A) RNA polymerase GLD2 isoform X6 [Homo sapiens]	TRUE	TENT2
XP_001901178.1	XP_047272813.1	0	N/A	23.214	280	62	2.66e-08	58.2	poly(A) RNA polymerase GLD2 isoform X6 [Homo sapiens]	TRUE	TENT2
XP_001901178.1	XP_047272812.1	0	N/A	23.214	280	62	2.66e-08	58.2	poly(A) RNA polymerase GLD2 isoform X6 [Homo sapiens]	TRUE	TENT2
XP_001901178.1	NP_001375062.1	0	N/A	23.214	280	62	2.66e-08	58.2	poly(A) RNA polymerase GLD2 isoform 3 [Homo sapiens]	TRUE	TENT2
XP_001901178.1	NP_001284674.1	0	N/A	23.214	280	62	2.66e-08	58.2	poly(A) RNA polymerase GLD2 isoform 3 [Homo sapiens]	TRUE	TENT2
XP_001901178.1	XP_011541531.1	0	N/A	25.532	188	45	1.06e-07	56.6	poly(A) RNA polymerase GLD2 isoform X5 [Homo sapiens]	TRUE	TENT2
XP_002130666.2	NP_060579.3	0	N/A	24.706	510	64	1.02e-41	163	poly(A) RNA polymerase, mitochondrial precursor [Homo sapiens]	TRUE	mtPAP
XP_002130666.2	NP_073741.3	0	N/A	29.74	269	34	5.71e-36	148	speckle targeted PIP5K1A-regulated poly(A) polymerase isoform 1 [Homo sapiens]	TRUE	Tut1
XP_002130666.2	NP_001354835.1	0	N/A	35.266	207	26	2.55e-26	116	speckle targeted PIP5K1A-regulated poly(A) polymerase isoform 2 [Homo sapiens]	TRUE	Tut1
XP_002130666.2	NP_001317647.1	0	N/A	29.607	331	41	3.36e-24	111	terminal uridylyltransferase 7 isoform 3 [Homo sapiens]	TRUE	Tut7
XP_002130666.2	XP_016870620.1	0	N/A	29.607	331	41	3.51e-24	112	terminal uridylyltransferase 7 isoform X4 [Homo sapiens]	TRUE	Tut7
XP_002130666.2	XP_016870619.1	0	N/A	29.607	331	41	3.51e-24	112	terminal uridylyltransferase 7 isoform X4 [Homo sapiens]	TRUE	Tut7
XP_002130666.2	NP_078893.2	0	N/A	29.607	331	41	3.51e-24	112	terminal uridylyltransferase 7 isoform 1 [Homo sapiens]	TRUE	Tut7
XP_002130666.2	NP_001171988.1	0	N/A	29.607	331	41	3.51e-24	112	terminal uridylyltransferase 7 isoform 1 [Homo sapiens]	TRUE	Tut7
XP_002130666.2	XP_047279823.1	0	N/A	29.909	331	41	3.71e-24	112	terminal uridylyltransferase 7 isoform X2 [Homo sapiens]	TRUE	Tut7
XP_002130666.2	XP_006717346.1	0	N/A	29.909	331	41	3.71e-24	112	terminal uridylyltransferase 7 isoform X2 [Homo sapiens]	TRUE	Tut7
XP_002130666.2	XP_011517318.1	0	N/A	29.607	331	41	4.31e-24	111	terminal uridylyltransferase 7 isoform X5 [Homo sapiens]	TRUE	Tut7
XP_002130666.2	XP_011517317.1	0	N/A	29.607	331	41	4.4e-24	111	terminal uridylyltransferase 7 isoform X3 [Homo sapiens]	TRUE	Tut7
XP_002130666.2	XP_047279825.1	0	N/A	29.607	331	41	4.4e-24	111	terminal uridylyltransferase 7 isoform X6 [Homo sapiens]	TRUE	Tut7
XP_002130666.2	XP_047279824.1	0	N/A	29.607	331	41	4.4e-24	111	terminal uridylyltransferase 7 isoform X6 [Homo sapiens]	TRUE	Tut7
XP_002130666.2	XP_005252264.1	0	N/A	29.607	331	41	4.4e-24	111	terminal uridylyltransferase 7 isoform X6 [Homo sapiens]	TRUE	Tut7
XP_002130666.2	XP_005252265.1	0	N/A	29.607	331	41	5.29e-24	111	terminal uridylyltransferase 7 isoform X7 [Homo sapiens]	TRUE	Tut7
XP_002130666.2	XP_011517316.1	0	N/A	29.607	331	41	6.08e-24	111	terminal uridylyltransferase 7 isoform X1 [Homo sapiens]	TRUE	Tut7
XP_002130666.2	XP_011517315.1	0	N/A	29.607	331	41	6.08e-24	111	terminal uridylyltransferase 7 isoform X1 [Homo sapiens]	TRUE	Tut7
XP_002130666.2	XP_011517314.1	0	N/A	29.607	331	41	6.08e-24	111	terminal uridylyltransferase 7 isoform X1 [Homo sapiens]	TRUE	Tut7
XP_002130666.2	XP_011517313.1	0	N/A	29.607	331	41	6.08e-24	111	terminal uridylyltransferase 7 isoform X1 [Homo sapiens]	TRUE	Tut7
XP_002130666.2	XP_047272286.1	0	N/A	27.761	335	42	2.33e-21	102	terminal uridylyltransferase 4 isoform X8 [Homo sapiens]	TRUE	Tut4
XP_002130666.2	XP_047272296.1	0	N/A	27.761	335	42	2.43e-21	102	terminal uridylyltransferase 4 isoform X13 [Homo sapiens]	TRUE	Tut4
XP_002130666.2	XP_047272295.1	0	N/A	27.761	335	42	2.67e-21	102	terminal uridylyltransferase 4 isoform X12 [Homo sapiens]	TRUE	Tut4
XP_002130666.2	XP_047272305.1	0	N/A	27.761	335	42	2.73e-21	102	terminal uridylyltransferase 4 isoform X17 [Homo sapiens]	TRUE	Tut4
XP_002130666.2	XP_047272344.1	0	N/A	27.761	335	42	2.82e-21	102	terminal uridylyltransferase 4 isoform X30 [Homo sapiens]	TRUE	Tut4
XP_002130666.2	XP_047272290.1	0	N/A	27.761	335	42	2.88e-21	102	terminal uridylyltransferase 4 isoform X11 [Homo sapiens]	TRUE	Tut4
XP_002130666.2	XP_047272372.1	0	N/A	27.761	335	42	3.19e-21	102	terminal uridylyltransferase 4 isoform X42 [Homo sapiens]	TRUE	Tut4
XP_002130666.2	XP_047272350.1	0	N/A	27.761	335	42	3.19e-21	102	terminal uridylyltransferase 4 isoform X34 [Homo sapiens]	TRUE	Tut4
XP_002130666.2	XP_005270735.1	0	N/A	28.188	298	37	6.17e-21	101	terminal uridylyltransferase 4 isoform X2 [Homo sapiens]	TRUE	Tut4
XP_002130666.2	XP_011539399.1	0	N/A	28.188	298	37	6.5e-21	101	terminal uridylyltransferase 4 isoform X1 [Homo sapiens]	TRUE	Tut4
XP_002130666.2	XP_005270733.1	0	N/A	28.188	298	37	6.5e-21	101	terminal uridylyltransferase 4 isoform X1 [Homo sapiens]	TRUE	Tut4
XP_002130666.2	XP_016856292.1	0	N/A	28.188	298	37	6.8e-21	101	terminal uridylyltransferase 4 isoform X9 [Homo sapiens]	TRUE	Tut4
XP_002130666.2	XP_047272285.1	0	N/A	28.188	298	37	6.8e-21	101	terminal uridylyltransferase 4 isoform X7 [Homo sapiens]	TRUE	Tut4
XP_002130666.2	XP_047272281.1	0	N/A	28.188	298	37	6.95e-21	101	terminal uridylyltransferase 4 isoform X4 [Homo sapiens]	TRUE	Tut4
XP_002130666.2	NP_001009881.1	0	N/A	28.188	298	37	6.95e-21	101	terminal uridylyltransferase 4 isoform a [Homo sapiens]	TRUE	Tut4
XP_002130666.2	XP_047272282.1	0	N/A	28.188	298	37	7.01e-21	101	terminal uridylyltransferase 4 isoform X5 [Homo sapiens]	TRUE	Tut4
XP_002130666.2	NP_056084.1	0	N/A	28.188	298	37	7.01e-21	101	terminal uridylyltransferase 4 isoform b [Homo sapiens]	TRUE	Tut4
XP_002130666.2	XP_047272288.1	0	N/A	28.188	298	37	7.09e-21	101	terminal uridylyltransferase 4 isoform X10 [Homo sapiens]	TRUE	Tut4
XP_002130666.2	XP_047272283.1	0	N/A	28.188	298	37	7.12e-21	101	terminal uridylyltransferase 4 isoform X6 [Homo sapiens]	TRUE	Tut4
XP_002130666.2	XP_005270737.1	0	N/A	28.188	298	37	7.12e-21	101	terminal uridylyltransferase 4 isoform X6 [Homo sapiens]	TRUE	Tut4
XP_002130666.2	XP_016856297.1	0	N/A	28.188	298	37	7.14e-21	101	terminal uridylyltransferase 4 isoform X36 [Homo sapiens]	TRUE	Tut4
XP_002130666.2	XP_016856299.1	0	N/A	28.188	298	37	7.25e-21	101	terminal uridylyltransferase 4 isoform X40 [Homo sapiens]	TRUE	Tut4
XP_002130666.2	XP_047272280.1	0	N/A	28.188	298	37	7.45e-21	101	terminal uridylyltransferase 4 isoform X3 [Homo sapiens]	TRUE	Tut4
XP_002130666.2	XP_005270736.1	0	N/A	28.188	298	37	7.45e-21	101	terminal uridylyltransferase 4 isoform X3 [Homo sapiens]	TRUE	Tut4
XP_002130666.2	XP_005270739.1	0	N/A	28.188	298	37	7.52e-21	101	terminal uridylyltransferase 4 isoform X33 [Homo sapiens]	TRUE	Tut4
XP_002130666.2	XP_047272345.1	0	N/A	28.188	298	37	7.54e-21	101	terminal uridylyltransferase 4 isoform X31 [Homo sapiens]	TRUE	Tut4
XP_002130666.2	XP_016856296.1	0	N/A	28.188	298	37	8.32e-21	101	terminal uridylyltransferase 4 isoform X28 [Homo sapiens]	TRUE	Tut4
XP_002130666.2	XP_016856293.1	0	N/A	28.188	298	37	8.33e-21	101	terminal uridylyltransferase 4 isoform X16 [Homo sapiens]	TRUE	Tut4
XP_002130666.2	XP_047272337.1	0	N/A	28.188	298	37	8.7e-21	100	terminal uridylyltransferase 4 isoform X27 [Homo sapiens]	TRUE	Tut4
XP_002130666.2	XP_047272365.1	0	N/A	28.188	298	37	8.76e-21	100	terminal uridylyltransferase 4 isoform X38 [Homo sapiens]	TRUE	Tut4
XP_002130666.2	XP_016856295.1	0	N/A	28.188	298	37	8.78e-21	100	terminal uridylyltransferase 4 isoform X25 [Homo sapiens]	TRUE	Tut4
XP_002130666.2	XP_047272325.1	0	N/A	28.188	298	37	8.86e-21	100	terminal uridylyltransferase 4 isoform X23 [Homo sapiens]	TRUE	Tut4
XP_002130666.2	XP_011539401.1	0	N/A	28.188	298	37	9.27e-21	100	terminal uridylyltransferase 4 isoform X29 [Homo sapiens]	TRUE	Tut4
XP_002130666.2	NP_001172003.1	0	N/A	31.739	230	28	1.12e-20	100	terminal uridylyltransferase 7 isoform 2 [Homo sapiens]	TRUE	Tut7
XP_002130666.2	XP_047272384.1	0	N/A	27.852	298	37	1.47e-20	99.8	terminal uridylyltransferase 4 isoform X46 [Homo sapiens]	TRUE	Tut4
XP_002130666.2	XP_047272336.1	0	N/A	27.055	292	37	1.06e-16	87.8	terminal uridylyltransferase 4 isoform X26 [Homo sapiens]	TRUE	Tut4
XP_002130666.2	XP_047272327.1	0	N/A	27.055	292	37	1.14e-16	87.8	terminal uridylyltransferase 4 isoform X24 [Homo sapiens]	TRUE	Tut4
XP_002130666.2	XP_047272320.1	0	N/A	27.055	292	37	1.16e-16	87.8	terminal uridylyltransferase 4 isoform X22 [Homo sapiens]	TRUE	Tut4
XP_002130666.2	XP_047272307.1	0	N/A	27.055	292	37	1.24e-16	87.4	terminal uridylyltransferase 4 isoform X19 [Homo sapiens]	TRUE	Tut4
XP_002130666.2	XP_016856294.1	0	N/A	27.055	292	37	1.25e-16	87.4	terminal uridylyltransferase 4 isoform X20 [Homo sapiens]	TRUE	Tut4
XP_002130666.2	XP_047272377.1	0	N/A	27.055	292	37	1.27e-16	87.4	terminal uridylyltransferase 4 isoform X44 [Homo sapiens]	TRUE	Tut4
XP_002130666.2	XP_047272311.1	0	N/A	27.055	292	37	1.29e-16	87.4	terminal uridylyltransferase 4 isoform X21 [Homo sapiens]	TRUE	Tut4
XP_002130666.2	XP_047272362.1	0	N/A	27.055	292	37	1.31e-16	87.4	terminal uridylyltransferase 4 isoform X37 [Homo sapiens]	TRUE	Tut4
XP_002130666.2	XP_047272354.1	0	N/A	27.055	292	37	1.35e-16	87.4	terminal uridylyltransferase 4 isoform X35 [Homo sapiens]	TRUE	Tut4
XP_002130666.2	XP_047272373.1	0	N/A	27.055	292	37	1.35e-16	87.4	terminal uridylyltransferase 4 isoform X43 [Homo sapiens]	TRUE	Tut4
XP_002130666.2	XP_047272306.1	0	N/A	27.055	292	37	1.38e-16	87.4	terminal uridylyltransferase 4 isoform X18 [Homo sapiens]	TRUE	Tut4
XP_002130666.2	XP_047272303.1	0	N/A	27.055	292	37	1.43e-16	87.4	terminal uridylyltransferase 4 isoform X15 [Homo sapiens]	TRUE	Tut4
XP_002130666.2	XP_047272367.1	0	N/A	27.055	292	37	1.43e-16	87.4	terminal uridylyltransferase 4 isoform X39 [Homo sapiens]	TRUE	Tut4
XP_002130666.2	XP_047272369.1	0	N/A	27.055	292	37	1.51e-16	87.4	terminal uridylyltransferase 4 isoform X41 [Homo sapiens]	TRUE	Tut4
XP_002130666.2	XP_005270738.1	0	N/A	27.055	292	37	1.51e-16	87.4	terminal uridylyltransferase 4 isoform X14 [Homo sapiens]	TRUE	Tut4
XP_002130666.2	XP_047272348.1	0	N/A	27.055	292	37	1.77e-16	87	terminal uridylyltransferase 4 isoform X32 [Homo sapiens]	TRUE	Tut4
XP_002130666.2	XP_047272805.1	0	N/A	25.475	263	31	9.84e-10	64.3	poly(A) RNA polymerase GLD2 isoform X2 [Homo sapiens]	TRUE	TENT2
XP_002130666.2	XP_047272804.1	0	N/A	25.475	263	31	9.84e-10	64.3	poly(A) RNA polymerase GLD2 isoform X2 [Homo sapiens]	TRUE	TENT2
XP_002130666.2	XP_047272803.1	0	N/A	25.475	263	31	9.84e-10	64.3	poly(A) RNA polymerase GLD2 isoform X2 [Homo sapiens]	TRUE	TENT2
XP_002130666.2	XP_047272802.1	0	N/A	25.475	263	31	9.84e-10	64.3	poly(A) RNA polymerase GLD2 isoform X2 [Homo sapiens]	TRUE	TENT2
XP_002130666.2	XP_016864641.1	0	N/A	25.475	263	31	9.84e-10	64.3	poly(A) RNA polymerase GLD2 isoform X2 [Homo sapiens]	TRUE	TENT2
XP_002130666.2	NP_001375026.1	0	N/A	25.475	263	31	9.84e-10	64.3	poly(A) RNA polymerase GLD2 isoform 6 [Homo sapiens]	TRUE	TENT2
XP_002130666.2	NP_001375025.1	0	N/A	25.475	263	31	9.84e-10	64.3	poly(A) RNA polymerase GLD2 isoform 6 [Homo sapiens]	TRUE	TENT2
XP_002130666.2	NP_001375024.1	0	N/A	25.475	263	31	9.84e-10	64.3	poly(A) RNA polymerase GLD2 isoform 6 [Homo sapiens]	TRUE	TENT2
XP_002130666.2	NP_001336480.1	0	N/A	25.475	263	31	9.84e-10	64.3	poly(A) RNA polymerase GLD2 isoform 6 [Homo sapiens]	TRUE	TENT2
XP_002130666.2	NP_001375027.1	0	N/A	25.475	263	31	1.08e-09	64.3	poly(A) RNA polymerase GLD2 isoform 7 [Homo sapiens]	TRUE	TENT2
XP_002130666.2	XP_047272801.1	0	N/A	25.379	264	31	3.23e-09	62.8	poly(A) RNA polymerase GLD2 isoform X1 [Homo sapiens]	TRUE	TENT2
XP_002130666.2	XP_047272800.1	0	N/A	25.379	264	31	3.23e-09	62.8	poly(A) RNA polymerase GLD2 isoform X1 [Homo sapiens]	TRUE	TENT2
XP_002130666.2	XP_011541527.1	0	N/A	25.379	264	31	3.23e-09	62.8	poly(A) RNA polymerase GLD2 isoform X1 [Homo sapiens]	TRUE	TENT2
XP_002130666.2	XP_011541526.1	0	N/A	25.379	264	31	3.23e-09	62.8	poly(A) RNA polymerase GLD2 isoform X1 [Homo sapiens]	TRUE	TENT2
XP_002130666.2	XP_011541523.1	0	N/A	25.379	264	31	3.23e-09	62.8	poly(A) RNA polymerase GLD2 isoform X1 [Homo sapiens]	TRUE	TENT2
XP_002130666.2	XP_011541522.1	0	N/A	25.379	264	31	3.23e-09	62.8	poly(A) RNA polymerase GLD2 isoform X1 [Homo sapiens]	TRUE	TENT2
XP_002130666.2	NP_001375023.1	0	N/A	25.379	264	31	3.23e-09	62.8	poly(A) RNA polymerase GLD2 isoform 5 [Homo sapiens]	TRUE	TENT2
XP_002130666.2	NP_001375022.1	0	N/A	25.379	264	31	3.23e-09	62.8	poly(A) RNA polymerase GLD2 isoform 5 [Homo sapiens]	TRUE	TENT2
XP_002130666.2	NP_001336479.1	0	N/A	25.379	264	31	3.23e-09	62.8	poly(A) RNA polymerase GLD2 isoform 5 [Homo sapiens]	TRUE	TENT2
XP_002130666.2	NP_001336478.1	0	N/A	25.379	264	31	3.23e-09	62.8	poly(A) RNA polymerase GLD2 isoform 5 [Homo sapiens]	TRUE	TENT2
XP_002130666.2	XP_047272811.1	0	N/A	25.301	249	31	7.44e-08	58.2	poly(A) RNA polymerase GLD2 isoform X4 [Homo sapiens]	TRUE	TENT2
XP_002130666.2	XP_047272810.1	0	N/A	25.301	249	31	7.44e-08	58.2	poly(A) RNA polymerase GLD2 isoform X4 [Homo sapiens]	TRUE	TENT2
XP_002130666.2	XP_047272809.1	0	N/A	25.301	249	31	7.44e-08	58.2	poly(A) RNA polymerase GLD2 isoform X4 [Homo sapiens]	TRUE	TENT2
XP_002130666.2	NP_001375058.1	0	N/A	25.301	249	31	7.44e-08	58.2	poly(A) RNA polymerase GLD2 isoform 2 [Homo sapiens]	TRUE	TENT2
XP_002130666.2	NP_001375057.1	0	N/A	25.301	249	31	7.44e-08	58.2	poly(A) RNA polymerase GLD2 isoform 2 [Homo sapiens]	TRUE	TENT2
XP_002130666.2	NP_001375056.1	0	N/A	25.301	249	31	7.44e-08	58.2	poly(A) RNA polymerase GLD2 isoform 2 [Homo sapiens]	TRUE	TENT2
XP_002130666.2	NP_001375055.1	0	N/A	25.301	249	31	7.44e-08	58.2	poly(A) RNA polymerase GLD2 isoform 2 [Homo sapiens]	TRUE	TENT2
XP_002130666.2	NP_001375054.1	0	N/A	25.301	249	31	7.44e-08	58.2	poly(A) RNA polymerase GLD2 isoform 2 [Homo sapiens]	TRUE	TENT2
XP_002130666.2	NP_001375053.1	0	N/A	25.301	249	31	7.44e-08	58.2	poly(A) RNA polymerase GLD2 isoform 2 [Homo sapiens]	TRUE	TENT2
XP_002181176.1	XP_047290433.1	0	N/A	32.287	223	15	2.35e-27	120	terminal nucleotidyltransferase 4B isoform X6 [Homo sapiens]	TRUE	TENT4B
XP_002181176.1	XP_011521580.1	0	N/A	32.287	223	15	5.39e-27	119	terminal nucleotidyltransferase 4B isoform X5 [Homo sapiens]	TRUE	TENT4B
XP_002181176.1	XP_047272623.1	0	N/A	32.11	218	15	5.56e-27	120	terminal nucleotidyltransferase 4A isoform X2 [Homo sapiens]	TRUE	TENT4A
XP_002181176.1	XP_016864477.1	0	N/A	32.11	218	15	5.56e-27	120	terminal nucleotidyltransferase 4A isoform X2 [Homo sapiens]	TRUE	TENT4A
XP_002181176.1	XP_047272622.1	0	N/A	31.39	223	15	6.05e-27	120	terminal nucleotidyltransferase 4A isoform X1 [Homo sapiens]	TRUE	TENT4A
XP_002181176.1	XP_047272621.1	0	N/A	31.39	223	15	6.05e-27	120	terminal nucleotidyltransferase 4A isoform X1 [Homo sapiens]	TRUE	TENT4A
XP_002181176.1	XP_047272620.1	0	N/A	31.39	223	15	6.05e-27	120	terminal nucleotidyltransferase 4A isoform X1 [Homo sapiens]	TRUE	TENT4A
XP_002181176.1	XP_047272624.1	0	N/A	32.11	218	15	6.48e-27	119	terminal nucleotidyltransferase 4A isoform X3 [Homo sapiens]	TRUE	TENT4A
XP_002181176.1	NP_008930.2	0	N/A	30.612	245	16	9.97e-27	120	terminal nucleotidyltransferase 4A isoform 1 [Homo sapiens]	TRUE	TENT4A
XP_002181176.1	NP_001035375.2	0	N/A	32.287	223	15	1.04e-26	120	terminal nucleotidyltransferase 4B isoform b [Homo sapiens]	TRUE	TENT4B
XP_002181176.1	NP_001165276.2	0	N/A	30.612	245	16	1.04e-26	120	terminal nucleotidyltransferase 4A isoform 2 [Homo sapiens]	TRUE	TENT4A
XP_002181176.1	XP_011521578.1	0	N/A	32.287	223	15	1.04e-26	120	terminal nucleotidyltransferase 4B isoform X2 [Homo sapiens]	TRUE	TENT4B
XP_002181176.1	XP_047290432.1	0	N/A	32.287	223	15	1.3e-26	119	terminal nucleotidyltransferase 4B isoform X4 [Homo sapiens]	TRUE	TENT4B
XP_002181176.1	NP_001035374.2	0	N/A	32.287	223	15	1.33e-26	120	terminal nucleotidyltransferase 4B isoform a [Homo sapiens]	TRUE	TENT4B
XP_002181176.1	XP_011521577.1	0	N/A	32.287	223	15	1.34e-26	120	terminal nucleotidyltransferase 4B isoform X1 [Homo sapiens]	TRUE	TENT4B
XP_002181176.1	XP_047290431.1	0	N/A	32.287	223	15	1.37e-26	120	terminal nucleotidyltransferase 4B isoform X3 [Homo sapiens]	TRUE	TENT4B
XP_002181176.1	NP_001352253.1	0	N/A	32.287	223	15	1.67e-26	120	terminal nucleotidyltransferase 4B isoform d [Homo sapiens]	TRUE	TENT4B
XP_002181176.1	NP_001352252.1	0	N/A	32.287	223	15	1.73e-26	119	terminal nucleotidyltransferase 4B isoform c [Homo sapiens]	TRUE	TENT4B
XP_002181176.1	NP_001336477.1	0	N/A	29.661	118	6	9.62e-05	48.5	poly(A) RNA polymerase GLD2 isoform 4 [Homo sapiens]	TRUE	TENT2
XP_002181176.1	XP_047272820.1	0	N/A	29.661	118	6	0.000119	48.1	poly(A) RNA polymerase GLD2 isoform X11 [Homo sapiens]	TRUE	TENT2
XP_002182621.1	XP_047272818.1	0	N/A	36.232	69	95	6.78e-10	55.5	poly(A) RNA polymerase GLD2 isoform X10 [Homo sapiens]	TRUE	TENT2
XP_002182621.1	XP_047272817.1	0	N/A	36.232	69	95	6.89e-10	55.5	poly(A) RNA polymerase GLD2 isoform X9 [Homo sapiens]	TRUE	TENT2
XP_002182621.1	XP_047272816.1	0	N/A	36.232	69	95	6.9e-10	55.5	poly(A) RNA polymerase GLD2 isoform X8 [Homo sapiens]	TRUE	TENT2
XP_002182621.1	XP_047272820.1	0	N/A	34.783	69	95	1.33e-09	54.3	poly(A) RNA polymerase GLD2 isoform X11 [Homo sapiens]	TRUE	TENT2
XP_002182621.1	NP_001336477.1	0	N/A	34.783	69	95	1.37e-09	54.3	poly(A) RNA polymerase GLD2 isoform 4 [Homo sapiens]	TRUE	TENT2
XP_002182621.1	NP_001375066.1	0	N/A	34.783	69	95	1.5e-09	54.3	poly(A) RNA polymerase GLD2 isoform 15 [Homo sapiens]	TRUE	TENT2
XP_002182621.1	NP_001375065.1	0	N/A	34.783	69	95	1.68e-09	54.3	poly(A) RNA polymerase GLD2 isoform 14 [Homo sapiens]	TRUE	TENT2
XP_002182621.1	NP_001375061.1	0	N/A	34.783	69	95	1.72e-09	54.3	poly(A) RNA polymerase GLD2 isoform 12 [Homo sapiens]	TRUE	TENT2
XP_002182621.1	NP_001375060.1	0	N/A	34.783	69	95	1.72e-09	54.3	poly(A) RNA polymerase GLD2 isoform 11 [Homo sapiens]	TRUE	TENT2
XP_002182621.1	NP_001375059.1	0	N/A	34.783	69	95	1.72e-09	54.3	poly(A) RNA polymerase GLD2 isoform 10 [Homo sapiens]	TRUE	TENT2
XP_002182621.1	XP_047272811.1	0	N/A	34.783	69	95	1.72e-09	54.3	poly(A) RNA polymerase GLD2 isoform X4 [Homo sapiens]	TRUE	TENT2
XP_002182621.1	XP_047272810.1	0	N/A	34.783	69	95	1.72e-09	54.3	poly(A) RNA polymerase GLD2 isoform X4 [Homo sapiens]	TRUE	TENT2
XP_002182621.1	XP_047272809.1	0	N/A	34.783	69	95	1.72e-09	54.3	poly(A) RNA polymerase GLD2 isoform X4 [Homo sapiens]	TRUE	TENT2
XP_002182621.1	NP_001375058.1	0	N/A	34.783	69	95	1.72e-09	54.3	poly(A) RNA polymerase GLD2 isoform 2 [Homo sapiens]	TRUE	TENT2
XP_002182621.1	NP_001375057.1	0	N/A	34.783	69	95	1.72e-09	54.3	poly(A) RNA polymerase GLD2 isoform 2 [Homo sapiens]	TRUE	TENT2
XP_002182621.1	NP_001375056.1	0	N/A	34.783	69	95	1.72e-09	54.3	poly(A) RNA polymerase GLD2 isoform 2 [Homo sapiens]	TRUE	TENT2
XP_002182621.1	NP_001375055.1	0	N/A	34.783	69	95	1.72e-09	54.3	poly(A) RNA polymerase GLD2 isoform 2 [Homo sapiens]	TRUE	TENT2
XP_002182621.1	NP_001375054.1	0	N/A	34.783	69	95	1.72e-09	54.3	poly(A) RNA polymerase GLD2 isoform 2 [Homo sapiens]	TRUE	TENT2
XP_002182621.1	NP_001375053.1	0	N/A	34.783	69	95	1.72e-09	54.3	poly(A) RNA polymerase GLD2 isoform 2 [Homo sapiens]	TRUE	TENT2
XP_002182621.1	NP_001375052.1	0	N/A	34.783	69	95	1.72e-09	54.3	poly(A) RNA polymerase GLD2 isoform 2 [Homo sapiens]	TRUE	TENT2
XP_002182621.1	NP_001375051.1	0	N/A	34.783	69	95	1.72e-09	54.3	poly(A) RNA polymerase GLD2 isoform 2 [Homo sapiens]	TRUE	TENT2
XP_002182621.1	NP_001375050.1	0	N/A	34.783	69	95	1.72e-09	54.3	poly(A) RNA polymerase GLD2 isoform 2 [Homo sapiens]	TRUE	TENT2
XP_002182621.1	NP_001375049.1	0	N/A	34.783	69	95	1.72e-09	54.3	poly(A) RNA polymerase GLD2 isoform 2 [Homo sapiens]	TRUE	TENT2
XP_002182621.1	NP_001375048.1	0	N/A	34.783	69	95	1.72e-09	54.3	poly(A) RNA polymerase GLD2 isoform 2 [Homo sapiens]	TRUE	TENT2
XP_002182621.1	NP_001375047.1	0	N/A	34.783	69	95	1.72e-09	54.3	poly(A) RNA polymerase GLD2 isoform 2 [Homo sapiens]	TRUE	TENT2
XP_002182621.1	NP_001375046.1	0	N/A	34.783	69	95	1.72e-09	54.3	poly(A) RNA polymerase GLD2 isoform 2 [Homo sapiens]	TRUE	TENT2
XP_002182621.1	NP_001375045.1	0	N/A	34.783	69	95	1.72e-09	54.3	poly(A) RNA polymerase GLD2 isoform 2 [Homo sapiens]	TRUE	TENT2
XP_002182621.1	NP_001375044.1	0	N/A	34.783	69	95	1.72e-09	54.3	poly(A) RNA polymerase GLD2 isoform 2 [Homo sapiens]	TRUE	TENT2
XP_002182621.1	NP_001375043.1	0	N/A	34.783	69	95	1.72e-09	54.3	poly(A) RNA polymerase GLD2 isoform 2 [Homo sapiens]	TRUE	TENT2
XP_002182621.1	NP_001336483.1	0	N/A	34.783	69	95	1.72e-09	54.3	poly(A) RNA polymerase GLD2 isoform 2 [Homo sapiens]	TRUE	TENT2
XP_002182621.1	NP_001284673.1	0	N/A	34.783	69	95	1.72e-09	54.3	poly(A) RNA polymerase GLD2 isoform 2 [Homo sapiens]	TRUE	TENT2
XP_002182621.1	NP_001375042.1	0	N/A	34.783	69	95	1.72e-09	54.3	poly(A) RNA polymerase GLD2 isoform 16 [Homo sapiens]	TRUE	TENT2
XP_002182621.1	XP_047272808.1	0	N/A	34.783	69	95	1.72e-09	54.3	poly(A) RNA polymerase GLD2 isoform X3 [Homo sapiens]	TRUE	TENT2
XP_002182621.1	XP_047272807.1	0	N/A	34.783	69	95	1.72e-09	54.3	poly(A) RNA polymerase GLD2 isoform X3 [Homo sapiens]	TRUE	TENT2
XP_002182621.1	XP_047272806.1	0	N/A	34.783	69	95	1.72e-09	54.3	poly(A) RNA polymerase GLD2 isoform X3 [Homo sapiens]	TRUE	TENT2
XP_002182621.1	NP_776158.2	0	N/A	34.783	69	95	1.72e-09	54.3	poly(A) RNA polymerase GLD2 isoform 1 [Homo sapiens]	TRUE	TENT2
XP_002182621.1	NP_001375041.1	0	N/A	34.783	69	95	1.72e-09	54.3	poly(A) RNA polymerase GLD2 isoform 1 [Homo sapiens]	TRUE	TENT2
XP_002182621.1	NP_001375040.1	0	N/A	34.783	69	95	1.72e-09	54.3	poly(A) RNA polymerase GLD2 isoform 1 [Homo sapiens]	TRUE	TENT2
XP_002182621.1	NP_001375039.1	0	N/A	34.783	69	95	1.72e-09	54.3	poly(A) RNA polymerase GLD2 isoform 1 [Homo sapiens]	TRUE	TENT2
XP_002182621.1	NP_001375038.1	0	N/A	34.783	69	95	1.72e-09	54.3	poly(A) RNA polymerase GLD2 isoform 1 [Homo sapiens]	TRUE	TENT2
XP_002182621.1	NP_001375037.1	0	N/A	34.783	69	95	1.72e-09	54.3	poly(A) RNA polymerase GLD2 isoform 1 [Homo sapiens]	TRUE	TENT2
XP_002182621.1	NP_001375036.1	0	N/A	34.783	69	95	1.72e-09	54.3	poly(A) RNA polymerase GLD2 isoform 1 [Homo sapiens]	TRUE	TENT2
XP_002182621.1	NP_001375035.1	0	N/A	34.783	69	95	1.72e-09	54.3	poly(A) RNA polymerase GLD2 isoform 1 [Homo sapiens]	TRUE	TENT2
XP_002182621.1	NP_001375034.1	0	N/A	34.783	69	95	1.72e-09	54.3	poly(A) RNA polymerase GLD2 isoform 1 [Homo sapiens]	TRUE	TENT2
XP_002182621.1	NP_001375032.1	0	N/A	34.783	69	95	1.72e-09	54.3	poly(A) RNA polymerase GLD2 isoform 1 [Homo sapiens]	TRUE	TENT2
XP_002182621.1	NP_001375031.1	0	N/A	34.783	69	95	1.72e-09	54.3	poly(A) RNA polymerase GLD2 isoform 1 [Homo sapiens]	TRUE	TENT2
XP_002182621.1	NP_001336482.1	0	N/A	34.783	69	95	1.72e-09	54.3	poly(A) RNA polymerase GLD2 isoform 1 [Homo sapiens]	TRUE	TENT2
XP_002182621.1	NP_001336481.1	0	N/A	34.783	69	95	1.72e-09	54.3	poly(A) RNA polymerase GLD2 isoform 1 [Homo sapiens]	TRUE	TENT2
XP_002182621.1	NP_001107866.1	0	N/A	34.783	69	95	1.72e-09	54.3	poly(A) RNA polymerase GLD2 isoform 1 [Homo sapiens]	TRUE	TENT2
XP_002182621.1	NP_001107865.1	0	N/A	34.783	69	95	1.72e-09	54.3	poly(A) RNA polymerase GLD2 isoform 1 [Homo sapiens]	TRUE	TENT2
XP_002182621.1	NP_001375030.1	0	N/A	34.783	69	95	1.72e-09	54.3	poly(A) RNA polymerase GLD2 isoform 9 [Homo sapiens]	TRUE	TENT2
XP_002182621.1	NP_001375029.1	0	N/A	34.783	69	95	1.72e-09	54.3	poly(A) RNA polymerase GLD2 isoform 8 [Homo sapiens]	TRUE	TENT2
XP_002182621.1	NP_001375028.1	0	N/A	34.783	69	95	1.72e-09	54.3	poly(A) RNA polymerase GLD2 isoform 8 [Homo sapiens]	TRUE	TENT2
XP_002182621.1	NP_001375027.1	0	N/A	34.783	69	95	1.73e-09	54.3	poly(A) RNA polymerase GLD2 isoform 7 [Homo sapiens]	TRUE	TENT2
XP_002182621.1	XP_047272805.1	0	N/A	34.783	69	95	1.73e-09	54.3	poly(A) RNA polymerase GLD2 isoform X2 [Homo sapiens]	TRUE	TENT2
XP_002182621.1	XP_047272804.1	0	N/A	34.783	69	95	1.73e-09	54.3	poly(A) RNA polymerase GLD2 isoform X2 [Homo sapiens]	TRUE	TENT2
XP_002182621.1	XP_047272803.1	0	N/A	34.783	69	95	1.73e-09	54.3	poly(A) RNA polymerase GLD2 isoform X2 [Homo sapiens]	TRUE	TENT2
XP_002182621.1	XP_047272802.1	0	N/A	34.783	69	95	1.73e-09	54.3	poly(A) RNA polymerase GLD2 isoform X2 [Homo sapiens]	TRUE	TENT2
XP_002182621.1	XP_016864641.1	0	N/A	34.783	69	95	1.73e-09	54.3	poly(A) RNA polymerase GLD2 isoform X2 [Homo sapiens]	TRUE	TENT2
XP_002182621.1	NP_001375026.1	0	N/A	34.783	69	95	1.73e-09	54.3	poly(A) RNA polymerase GLD2 isoform 6 [Homo sapiens]	TRUE	TENT2
XP_002182621.1	NP_001375025.1	0	N/A	34.783	69	95	1.73e-09	54.3	poly(A) RNA polymerase GLD2 isoform 6 [Homo sapiens]	TRUE	TENT2
XP_002182621.1	NP_001375024.1	0	N/A	34.783	69	95	1.73e-09	54.3	poly(A) RNA polymerase GLD2 isoform 6 [Homo sapiens]	TRUE	TENT2
XP_002182621.1	NP_001336480.1	0	N/A	34.783	69	95	1.73e-09	54.3	poly(A) RNA polymerase GLD2 isoform 6 [Homo sapiens]	TRUE	TENT2
XP_002182621.1	XP_047272801.1	0	N/A	34.783	69	95	1.73e-09	54.3	poly(A) RNA polymerase GLD2 isoform X1 [Homo sapiens]	TRUE	TENT2
XP_002182621.1	XP_047272800.1	0	N/A	34.783	69	95	1.73e-09	54.3	poly(A) RNA polymerase GLD2 isoform X1 [Homo sapiens]	TRUE	TENT2
XP_002182621.1	XP_011541527.1	0	N/A	34.783	69	95	1.73e-09	54.3	poly(A) RNA polymerase GLD2 isoform X1 [Homo sapiens]	TRUE	TENT2
XP_002182621.1	XP_011541526.1	0	N/A	34.783	69	95	1.73e-09	54.3	poly(A) RNA polymerase GLD2 isoform X1 [Homo sapiens]	TRUE	TENT2
XP_002182621.1	XP_011541523.1	0	N/A	34.783	69	95	1.73e-09	54.3	poly(A) RNA polymerase GLD2 isoform X1 [Homo sapiens]	TRUE	TENT2
XP_002182621.1	XP_011541522.1	0	N/A	34.783	69	95	1.73e-09	54.3	poly(A) RNA polymerase GLD2 isoform X1 [Homo sapiens]	TRUE	TENT2
XP_002182621.1	NP_001375023.1	0	N/A	34.783	69	95	1.73e-09	54.3	poly(A) RNA polymerase GLD2 isoform 5 [Homo sapiens]	TRUE	TENT2
XP_002182621.1	NP_001375022.1	0	N/A	34.783	69	95	1.73e-09	54.3	poly(A) RNA polymerase GLD2 isoform 5 [Homo sapiens]	TRUE	TENT2
XP_002182621.1	NP_001336479.1	0	N/A	34.783	69	95	1.73e-09	54.3	poly(A) RNA polymerase GLD2 isoform 5 [Homo sapiens]	TRUE	TENT2
XP_002182621.1	NP_001336478.1	0	N/A	34.783	69	95	1.73e-09	54.3	poly(A) RNA polymerase GLD2 isoform 5 [Homo sapiens]	TRUE	TENT2
XP_002182621.1	NP_001317647.1	0	N/A	35.821	67	92	8.72e-08	49.3	terminal uridylyltransferase 7 isoform 3 [Homo sapiens]	TRUE	Tut7
XP_002182621.1	NP_001172003.1	0	N/A	35.821	67	92	8.82e-08	49.3	terminal uridylyltransferase 7 isoform 2 [Homo sapiens]	TRUE	Tut7
XP_002182621.1	XP_005252265.1	0	N/A	35.821	67	92	8.84e-08	49.3	terminal uridylyltransferase 7 isoform X7 [Homo sapiens]	TRUE	Tut7
XP_002182621.1	XP_047279825.1	0	N/A	35.821	67	92	8.85e-08	49.3	terminal uridylyltransferase 7 isoform X6 [Homo sapiens]	TRUE	Tut7
XP_002182621.1	XP_047279824.1	0	N/A	35.821	67	92	8.85e-08	49.3	terminal uridylyltransferase 7 isoform X6 [Homo sapiens]	TRUE	Tut7
XP_002182621.1	XP_005252264.1	0	N/A	35.821	67	92	8.85e-08	49.3	terminal uridylyltransferase 7 isoform X6 [Homo sapiens]	TRUE	Tut7
XP_002182621.1	XP_011517318.1	0	N/A	35.821	67	92	8.85e-08	49.3	terminal uridylyltransferase 7 isoform X5 [Homo sapiens]	TRUE	Tut7
XP_002182621.1	XP_016870620.1	0	N/A	35.821	67	92	8.85e-08	49.3	terminal uridylyltransferase 7 isoform X4 [Homo sapiens]	TRUE	Tut7
XP_002182621.1	XP_016870619.1	0	N/A	35.821	67	92	8.85e-08	49.3	terminal uridylyltransferase 7 isoform X4 [Homo sapiens]	TRUE	Tut7
XP_002182621.1	NP_078893.2	0	N/A	35.821	67	92	8.85e-08	49.3	terminal uridylyltransferase 7 isoform 1 [Homo sapiens]	TRUE	Tut7
XP_002182621.1	NP_001171988.1	0	N/A	35.821	67	92	8.85e-08	49.3	terminal uridylyltransferase 7 isoform 1 [Homo sapiens]	TRUE	Tut7
XP_002182621.1	XP_011517317.1	0	N/A	35.821	67	92	8.86e-08	49.3	terminal uridylyltransferase 7 isoform X3 [Homo sapiens]	TRUE	Tut7
XP_002182621.1	XP_047279823.1	0	N/A	35.821	67	92	8.86e-08	49.3	terminal uridylyltransferase 7 isoform X2 [Homo sapiens]	TRUE	Tut7
XP_002182621.1	XP_006717346.1	0	N/A	35.821	67	92	8.86e-08	49.3	terminal uridylyltransferase 7 isoform X2 [Homo sapiens]	TRUE	Tut7
XP_002182621.1	XP_011517316.1	0	N/A	35.821	67	92	8.86e-08	49.3	terminal uridylyltransferase 7 isoform X1 [Homo sapiens]	TRUE	Tut7
XP_002182621.1	XP_011517315.1	0	N/A	35.821	67	92	8.86e-08	49.3	terminal uridylyltransferase 7 isoform X1 [Homo sapiens]	TRUE	Tut7
XP_002182621.1	XP_011517314.1	0	N/A	35.821	67	92	8.86e-08	49.3	terminal uridylyltransferase 7 isoform X1 [Homo sapiens]	TRUE	Tut7
XP_002182621.1	XP_011517313.1	0	N/A	35.821	67	92	8.86e-08	49.3	terminal uridylyltransferase 7 isoform X1 [Homo sapiens]	TRUE	Tut7
XP_002182621.1	XP_047272384.1	0	N/A	34.375	64	88	2.81e-06	45.1	terminal uridylyltransferase 4 isoform X46 [Homo sapiens]	TRUE	Tut4
XP_002182621.1	NP_060579.3	0	N/A	36.923	65	88	2.82e-06	45.1	poly(A) RNA polymerase, mitochondrial precursor [Homo sapiens]	TRUE	mtPAP
XP_002182621.1	XP_047272372.1	0	N/A	34.375	64	88	2.84e-06	45.1	terminal uridylyltransferase 4 isoform X42 [Homo sapiens]	TRUE	Tut4
XP_002182621.1	XP_016856299.1	0	N/A	34.375	64	88	2.84e-06	45.1	terminal uridylyltransferase 4 isoform X40 [Homo sapiens]	TRUE	Tut4
XP_002182621.1	XP_047272365.1	0	N/A	34.375	64	88	2.84e-06	45.1	terminal uridylyltransferase 4 isoform X38 [Homo sapiens]	TRUE	Tut4
XP_002182621.1	XP_016856297.1	0	N/A	34.375	64	88	2.84e-06	45.1	terminal uridylyltransferase 4 isoform X36 [Homo sapiens]	TRUE	Tut4
XP_002182621.1	XP_047272350.1	0	N/A	34.375	64	88	2.84e-06	45.1	terminal uridylyltransferase 4 isoform X34 [Homo sapiens]	TRUE	Tut4
XP_002182621.1	XP_005270739.1	0	N/A	34.375	64	88	2.84e-06	45.1	terminal uridylyltransferase 4 isoform X33 [Homo sapiens]	TRUE	Tut4
XP_002182621.1	XP_047272345.1	0	N/A	34.375	64	88	2.84e-06	45.1	terminal uridylyltransferase 4 isoform X31 [Homo sapiens]	TRUE	Tut4
XP_002182622.1	XP_011517316.1	0	N/A	26.316	323	64	7.87e-17	86.7	terminal uridylyltransferase 7 isoform X1 [Homo sapiens]	TRUE	Tut7
XP_002182622.1	XP_011517315.1	0	N/A	26.316	323	64	7.87e-17	86.7	terminal uridylyltransferase 7 isoform X1 [Homo sapiens]	TRUE	Tut7
XP_002182622.1	XP_011517314.1	0	N/A	26.316	323	64	7.87e-17	86.7	terminal uridylyltransferase 7 isoform X1 [Homo sapiens]	TRUE	Tut7
XP_002182622.1	XP_011517313.1	0	N/A	26.316	323	64	7.87e-17	86.7	terminal uridylyltransferase 7 isoform X1 [Homo sapiens]	TRUE	Tut7
XP_002182622.1	XP_005252265.1	0	N/A	26.316	323	64	9.09e-17	86.3	terminal uridylyltransferase 7 isoform X7 [Homo sapiens]	TRUE	Tut7
XP_002182622.1	XP_016870620.1	0	N/A	26.316	323	64	9.54e-17	86.3	terminal uridylyltransferase 7 isoform X4 [Homo sapiens]	TRUE	Tut7
XP_002182622.1	XP_016870619.1	0	N/A	26.316	323	64	9.54e-17	86.3	terminal uridylyltransferase 7 isoform X4 [Homo sapiens]	TRUE	Tut7
XP_002182622.1	NP_078893.2	0	N/A	26.316	323	64	9.54e-17	86.3	terminal uridylyltransferase 7 isoform 1 [Homo sapiens]	TRUE	Tut7
XP_002182622.1	NP_001171988.1	0	N/A	26.316	323	64	9.54e-17	86.3	terminal uridylyltransferase 7 isoform 1 [Homo sapiens]	TRUE	Tut7
XP_002182622.1	XP_011517317.1	0	N/A	26.316	323	64	1e-16	86.3	terminal uridylyltransferase 7 isoform X3 [Homo sapiens]	TRUE	Tut7
XP_002182622.1	XP_047279823.1	0	N/A	26.316	323	64	1.01e-16	86.3	terminal uridylyltransferase 7 isoform X2 [Homo sapiens]	TRUE	Tut7
XP_002182622.1	XP_006717346.1	0	N/A	26.316	323	64	1.01e-16	86.3	terminal uridylyltransferase 7 isoform X2 [Homo sapiens]	TRUE	Tut7
XP_002182622.1	XP_047279825.1	0	N/A	26.316	323	64	1.03e-16	86.3	terminal uridylyltransferase 7 isoform X6 [Homo sapiens]	TRUE	Tut7
XP_002182622.1	XP_047279824.1	0	N/A	26.316	323	64	1.03e-16	86.3	terminal uridylyltransferase 7 isoform X6 [Homo sapiens]	TRUE	Tut7
XP_002182622.1	XP_005252264.1	0	N/A	26.316	323	64	1.03e-16	86.3	terminal uridylyltransferase 7 isoform X6 [Homo sapiens]	TRUE	Tut7
XP_002182622.1	XP_011517318.1	0	N/A	26.316	323	64	1.07e-16	86.3	terminal uridylyltransferase 7 isoform X5 [Homo sapiens]	TRUE	Tut7
XP_002182622.1	NP_001317647.1	0	N/A	26.316	323	64	1.15e-16	85.9	terminal uridylyltransferase 7 isoform 3 [Homo sapiens]	TRUE	Tut7
XP_002182622.1	NP_001375065.1	0	N/A	23.837	344	68	1.72e-14	77.4	poly(A) RNA polymerase GLD2 isoform 14 [Homo sapiens]	TRUE	TENT2
XP_002182622.1	NP_001375061.1	0	N/A	24.742	291	57	2.06e-14	77.8	poly(A) RNA polymerase GLD2 isoform 12 [Homo sapiens]	TRUE	TENT2
XP_002182622.1	XP_047272811.1	0	N/A	24.742	291	57	2.34e-14	77.8	poly(A) RNA polymerase GLD2 isoform X4 [Homo sapiens]	TRUE	TENT2
XP_002182622.1	XP_047272810.1	0	N/A	24.742	291	57	2.34e-14	77.8	poly(A) RNA polymerase GLD2 isoform X4 [Homo sapiens]	TRUE	TENT2
XP_002182622.1	XP_047272809.1	0	N/A	24.742	291	57	2.34e-14	77.8	poly(A) RNA polymerase GLD2 isoform X4 [Homo sapiens]	TRUE	TENT2
XP_002182622.1	NP_001375058.1	0	N/A	24.742	291	57	2.34e-14	77.8	poly(A) RNA polymerase GLD2 isoform 2 [Homo sapiens]	TRUE	TENT2
XP_002182622.1	NP_001375057.1	0	N/A	24.742	291	57	2.34e-14	77.8	poly(A) RNA polymerase GLD2 isoform 2 [Homo sapiens]	TRUE	TENT2
XP_002182622.1	NP_001375056.1	0	N/A	24.742	291	57	2.34e-14	77.8	poly(A) RNA polymerase GLD2 isoform 2 [Homo sapiens]	TRUE	TENT2
XP_002182622.1	NP_001375055.1	0	N/A	24.742	291	57	2.34e-14	77.8	poly(A) RNA polymerase GLD2 isoform 2 [Homo sapiens]	TRUE	TENT2
XP_002182622.1	NP_001375054.1	0	N/A	24.742	291	57	2.34e-14	77.8	poly(A) RNA polymerase GLD2 isoform 2 [Homo sapiens]	TRUE	TENT2
XP_002182622.1	NP_001375053.1	0	N/A	24.742	291	57	2.34e-14	77.8	poly(A) RNA polymerase GLD2 isoform 2 [Homo sapiens]	TRUE	TENT2
XP_002182622.1	NP_001375052.1	0	N/A	24.742	291	57	2.34e-14	77.8	poly(A) RNA polymerase GLD2 isoform 2 [Homo sapiens]	TRUE	TENT2
XP_002182622.1	NP_001375051.1	0	N/A	24.742	291	57	2.34e-14	77.8	poly(A) RNA polymerase GLD2 isoform 2 [Homo sapiens]	TRUE	TENT2
XP_002182622.1	NP_001375050.1	0	N/A	24.742	291	57	2.34e-14	77.8	poly(A) RNA polymerase GLD2 isoform 2 [Homo sapiens]	TRUE	TENT2
XP_002182622.1	NP_001375049.1	0	N/A	24.742	291	57	2.34e-14	77.8	poly(A) RNA polymerase GLD2 isoform 2 [Homo sapiens]	TRUE	TENT2
XP_002182622.1	NP_001375048.1	0	N/A	24.742	291	57	2.34e-14	77.8	poly(A) RNA polymerase GLD2 isoform 2 [Homo sapiens]	TRUE	TENT2
XP_002182622.1	NP_001375047.1	0	N/A	24.742	291	57	2.34e-14	77.8	poly(A) RNA polymerase GLD2 isoform 2 [Homo sapiens]	TRUE	TENT2
XP_002182622.1	NP_001375046.1	0	N/A	24.742	291	57	2.34e-14	77.8	poly(A) RNA polymerase GLD2 isoform 2 [Homo sapiens]	TRUE	TENT2
XP_002182622.1	NP_001375045.1	0	N/A	24.742	291	57	2.34e-14	77.8	poly(A) RNA polymerase GLD2 isoform 2 [Homo sapiens]	TRUE	TENT2
XP_002182622.1	NP_001375044.1	0	N/A	24.742	291	57	2.34e-14	77.8	poly(A) RNA polymerase GLD2 isoform 2 [Homo sapiens]	TRUE	TENT2
XP_002182622.1	NP_001375043.1	0	N/A	24.742	291	57	2.34e-14	77.8	poly(A) RNA polymerase GLD2 isoform 2 [Homo sapiens]	TRUE	TENT2
XP_002182622.1	NP_001336483.1	0	N/A	24.742	291	57	2.34e-14	77.8	poly(A) RNA polymerase GLD2 isoform 2 [Homo sapiens]	TRUE	TENT2
XP_002182622.1	NP_001284673.1	0	N/A	24.742	291	57	2.34e-14	77.8	poly(A) RNA polymerase GLD2 isoform 2 [Homo sapiens]	TRUE	TENT2
XP_002182622.1	NP_001375059.1	0	N/A	24.742	291	57	2.5e-14	77.8	poly(A) RNA polymerase GLD2 isoform 10 [Homo sapiens]	TRUE	TENT2
XP_002182622.1	NP_001375060.1	0	N/A	24.399	291	57	2.78e-14	77.4	poly(A) RNA polymerase GLD2 isoform 11 [Homo sapiens]	TRUE	TENT2
XP_002182622.1	NP_001375042.1	0	N/A	24.399	291	57	3.19e-14	77.4	poly(A) RNA polymerase GLD2 isoform 16 [Homo sapiens]	TRUE	TENT2
XP_002182622.1	XP_047272808.1	0	N/A	24.399	291	57	3.53e-14	77.4	poly(A) RNA polymerase GLD2 isoform X3 [Homo sapiens]	TRUE	TENT2
XP_002182622.1	XP_047272807.1	0	N/A	24.399	291	57	3.53e-14	77.4	poly(A) RNA polymerase GLD2 isoform X3 [Homo sapiens]	TRUE	TENT2
XP_002182622.1	XP_047272806.1	0	N/A	24.399	291	57	3.53e-14	77.4	poly(A) RNA polymerase GLD2 isoform X3 [Homo sapiens]	TRUE	TENT2
XP_002182622.1	NP_776158.2	0	N/A	24.399	291	57	3.53e-14	77.4	poly(A) RNA polymerase GLD2 isoform 1 [Homo sapiens]	TRUE	TENT2
XP_002182622.1	NP_001375041.1	0	N/A	24.399	291	57	3.53e-14	77.4	poly(A) RNA polymerase GLD2 isoform 1 [Homo sapiens]	TRUE	TENT2
XP_002182622.1	NP_001375040.1	0	N/A	24.399	291	57	3.53e-14	77.4	poly(A) RNA polymerase GLD2 isoform 1 [Homo sapiens]	TRUE	TENT2
XP_002182622.1	NP_001375039.1	0	N/A	24.399	291	57	3.53e-14	77.4	poly(A) RNA polymerase GLD2 isoform 1 [Homo sapiens]	TRUE	TENT2
XP_002182622.1	NP_001375038.1	0	N/A	24.399	291	57	3.53e-14	77.4	poly(A) RNA polymerase GLD2 isoform 1 [Homo sapiens]	TRUE	TENT2
XP_002182622.1	NP_001375037.1	0	N/A	24.399	291	57	3.53e-14	77.4	poly(A) RNA polymerase GLD2 isoform 1 [Homo sapiens]	TRUE	TENT2
XP_002182622.1	NP_001375036.1	0	N/A	24.399	291	57	3.53e-14	77.4	poly(A) RNA polymerase GLD2 isoform 1 [Homo sapiens]	TRUE	TENT2
XP_002182622.1	NP_001375035.1	0	N/A	24.399	291	57	3.53e-14	77.4	poly(A) RNA polymerase GLD2 isoform 1 [Homo sapiens]	TRUE	TENT2
XP_002182622.1	NP_001375034.1	0	N/A	24.399	291	57	3.53e-14	77.4	poly(A) RNA polymerase GLD2 isoform 1 [Homo sapiens]	TRUE	TENT2
XP_002182622.1	NP_001375032.1	0	N/A	24.399	291	57	3.53e-14	77.4	poly(A) RNA polymerase GLD2 isoform 1 [Homo sapiens]	TRUE	TENT2
XP_002182622.1	NP_001375031.1	0	N/A	24.399	291	57	3.53e-14	77.4	poly(A) RNA polymerase GLD2 isoform 1 [Homo sapiens]	TRUE	TENT2
XP_002182622.1	NP_001336482.1	0	N/A	24.399	291	57	3.53e-14	77.4	poly(A) RNA polymerase GLD2 isoform 1 [Homo sapiens]	TRUE	TENT2
XP_002182622.1	NP_001336481.1	0	N/A	24.399	291	57	3.53e-14	77.4	poly(A) RNA polymerase GLD2 isoform 1 [Homo sapiens]	TRUE	TENT2
XP_002182622.1	NP_001107866.1	0	N/A	24.399	291	57	3.53e-14	77.4	poly(A) RNA polymerase GLD2 isoform 1 [Homo sapiens]	TRUE	TENT2
XP_002182622.1	NP_001107865.1	0	N/A	24.399	291	57	3.53e-14	77.4	poly(A) RNA polymerase GLD2 isoform 1 [Homo sapiens]	TRUE	TENT2
XP_002182622.1	NP_001172003.1	0	N/A	28.74	254	49	3.72e-14	78.2	terminal uridylyltransferase 7 isoform 2 [Homo sapiens]	TRUE	Tut7
XP_002182622.1	NP_001375030.1	0	N/A	23.934	305	59	1.26e-12	72.4	poly(A) RNA polymerase GLD2 isoform 9 [Homo sapiens]	TRUE	TENT2
XP_002182622.1	NP_001375029.1	0	N/A	23.607	305	59	1.52e-12	72.4	poly(A) RNA polymerase GLD2 isoform 8 [Homo sapiens]	TRUE	TENT2
XP_002182622.1	NP_001375028.1	0	N/A	23.607	305	59	1.52e-12	72.4	poly(A) RNA polymerase GLD2 isoform 8 [Homo sapiens]	TRUE	TENT2
XP_002182622.1	NP_001375027.1	0	N/A	24.422	303	57	2.15e-12	71.6	poly(A) RNA polymerase GLD2 isoform 7 [Homo sapiens]	TRUE	TENT2
XP_002182622.1	XP_047272805.1	0	N/A	24.422	303	57	2.42e-12	71.6	poly(A) RNA polymerase GLD2 isoform X2 [Homo sapiens]	TRUE	TENT2
XP_002182622.1	XP_047272804.1	0	N/A	24.422	303	57	2.42e-12	71.6	poly(A) RNA polymerase GLD2 isoform X2 [Homo sapiens]	TRUE	TENT2
XP_002182622.1	XP_047272803.1	0	N/A	24.422	303	57	2.42e-12	71.6	poly(A) RNA polymerase GLD2 isoform X2 [Homo sapiens]	TRUE	TENT2
XP_002182622.1	XP_047272802.1	0	N/A	24.422	303	57	2.42e-12	71.6	poly(A) RNA polymerase GLD2 isoform X2 [Homo sapiens]	TRUE	TENT2
XP_002182622.1	XP_016864641.1	0	N/A	24.422	303	57	2.42e-12	71.6	poly(A) RNA polymerase GLD2 isoform X2 [Homo sapiens]	TRUE	TENT2
XP_002182622.1	NP_001375026.1	0	N/A	24.422	303	57	2.42e-12	71.6	poly(A) RNA polymerase GLD2 isoform 6 [Homo sapiens]	TRUE	TENT2
XP_002182622.1	NP_001375025.1	0	N/A	24.422	303	57	2.42e-12	71.6	poly(A) RNA polymerase GLD2 isoform 6 [Homo sapiens]	TRUE	TENT2
XP_002182622.1	NP_001375024.1	0	N/A	24.422	303	57	2.42e-12	71.6	poly(A) RNA polymerase GLD2 isoform 6 [Homo sapiens]	TRUE	TENT2
XP_002182622.1	NP_001336480.1	0	N/A	24.422	303	57	2.42e-12	71.6	poly(A) RNA polymerase GLD2 isoform 6 [Homo sapiens]	TRUE	TENT2
XP_002182622.1	XP_047272344.1	0	N/A	23.926	326	64	2.54e-12	72.4	terminal uridylyltransferase 4 isoform X30 [Homo sapiens]	TRUE	Tut4
XP_002182622.1	XP_047272372.1	0	N/A	24.54	326	64	2.59e-12	72.4	terminal uridylyltransferase 4 isoform X42 [Homo sapiens]	TRUE	Tut4
XP_002182622.1	XP_047272290.1	0	N/A	24.54	326	64	2.79e-12	72.4	terminal uridylyltransferase 4 isoform X11 [Homo sapiens]	TRUE	Tut4
XP_002182622.1	XP_047272350.1	0	N/A	23.926	326	64	2.89e-12	72	terminal uridylyltransferase 4 isoform X34 [Homo sapiens]	TRUE	Tut4
XP_002182622.1	XP_047272286.1	0	N/A	24.54	326	64	2.92e-12	72	terminal uridylyltransferase 4 isoform X8 [Homo sapiens]	TRUE	Tut4
XP_002182622.1	XP_047272305.1	0	N/A	24.54	326	64	3.02e-12	72	terminal uridylyltransferase 4 isoform X17 [Homo sapiens]	TRUE	Tut4
XP_002182622.1	XP_047272295.1	0	N/A	24.54	326	64	3.1e-12	72	terminal uridylyltransferase 4 isoform X12 [Homo sapiens]	TRUE	Tut4
XP_002182622.1	XP_047272296.1	0	N/A	24.54	326	64	3.12e-12	72	terminal uridylyltransferase 4 isoform X13 [Homo sapiens]	TRUE	Tut4
XP_002182622.1	XP_047272801.1	0	N/A	23.934	305	57	4.69e-12	70.9	poly(A) RNA polymerase GLD2 isoform X1 [Homo sapiens]	TRUE	TENT2
XP_002182622.1	XP_047272800.1	0	N/A	23.934	305	57	4.69e-12	70.9	poly(A) RNA polymerase GLD2 isoform X1 [Homo sapiens]	TRUE	TENT2
XP_002182622.1	XP_011541527.1	0	N/A	23.934	305	57	4.69e-12	70.9	poly(A) RNA polymerase GLD2 isoform X1 [Homo sapiens]	TRUE	TENT2
XP_002182622.1	XP_011541526.1	0	N/A	23.934	305	57	4.69e-12	70.9	poly(A) RNA polymerase GLD2 isoform X1 [Homo sapiens]	TRUE	TENT2
XP_002182622.1	XP_011541523.1	0	N/A	23.934	305	57	4.69e-12	70.9	poly(A) RNA polymerase GLD2 isoform X1 [Homo sapiens]	TRUE	TENT2
XP_002182622.1	XP_011541522.1	0	N/A	23.934	305	57	4.69e-12	70.9	poly(A) RNA polymerase GLD2 isoform X1 [Homo sapiens]	TRUE	TENT2
XP_002182622.1	NP_001375023.1	0	N/A	23.934	305	57	4.69e-12	70.9	poly(A) RNA polymerase GLD2 isoform 5 [Homo sapiens]	TRUE	TENT2
XP_002182622.1	NP_001375022.1	0	N/A	23.934	305	57	4.69e-12	70.9	poly(A) RNA polymerase GLD2 isoform 5 [Homo sapiens]	TRUE	TENT2
XP_002182622.1	NP_001336479.1	0	N/A	23.934	305	57	4.69e-12	70.9	poly(A) RNA polymerase GLD2 isoform 5 [Homo sapiens]	TRUE	TENT2
XP_002182622.1	NP_001336478.1	0	N/A	23.934	305	57	4.69e-12	70.9	poly(A) RNA polymerase GLD2 isoform 5 [Homo sapiens]	TRUE	TENT2
XP_002182622.1	XP_047272818.1	0	N/A	25.877	228	45	1.19e-11	68.6	poly(A) RNA polymerase GLD2 isoform X10 [Homo sapiens]	TRUE	TENT2
XP_002182622.1	XP_047272384.1	0	N/A	23.676	321	63	1.33e-11	69.7	terminal uridylyltransferase 4 isoform X46 [Homo sapiens]	TRUE	Tut4
XP_002182622.1	XP_047272285.1	0	N/A	24.299	321	63	1.43e-11	70.1	terminal uridylyltransferase 4 isoform X7 [Homo sapiens]	TRUE	Tut4
XP_002182622.1	XP_016856292.1	0	N/A	24.299	321	63	1.51e-11	69.7	terminal uridylyltransferase 4 isoform X9 [Homo sapiens]	TRUE	Tut4
XP_002182622.1	XP_016856293.1	0	N/A	24.299	321	63	1.57e-11	69.7	terminal uridylyltransferase 4 isoform X16 [Homo sapiens]	TRUE	Tut4
XP_002182622.1	XP_005270739.1	0	N/A	24.299	321	63	1.58e-11	69.7	terminal uridylyltransferase 4 isoform X33 [Homo sapiens]	TRUE	Tut4
XP_002182622.1	XP_011539401.1	0	N/A	24.299	321	63	1.6e-11	69.7	terminal uridylyltransferase 4 isoform X29 [Homo sapiens]	TRUE	Tut4
XP_002183822.1	XP_047272296.1	0	N/A	27.701	361	27	4.05e-24	113	terminal uridylyltransferase 4 isoform X13 [Homo sapiens]	TRUE	Tut4
XP_002183822.1	XP_047272295.1	0	N/A	27.701	361	27	4.05e-24	113	terminal uridylyltransferase 4 isoform X12 [Homo sapiens]	TRUE	Tut4
XP_002183822.1	XP_047272305.1	0	N/A	27.701	361	27	4.63e-24	113	terminal uridylyltransferase 4 isoform X17 [Homo sapiens]	TRUE	Tut4
XP_002183822.1	XP_047272350.1	0	N/A	27.701	361	27	4.73e-24	113	terminal uridylyltransferase 4 isoform X34 [Homo sapiens]	TRUE	Tut4
XP_002183822.1	XP_047272372.1	0	N/A	27.701	361	27	4.97e-24	112	terminal uridylyltransferase 4 isoform X42 [Homo sapiens]	TRUE	Tut4
XP_002183822.1	XP_047272286.1	0	N/A	27.701	361	27	5.65e-24	112	terminal uridylyltransferase 4 isoform X8 [Homo sapiens]	TRUE	Tut4
XP_002183822.1	XP_047272290.1	0	N/A	27.701	361	27	5.88e-24	112	terminal uridylyltransferase 4 isoform X11 [Homo sapiens]	TRUE	Tut4
XP_002183822.1	XP_047272344.1	0	N/A	27.701	361	27	5.97e-24	112	terminal uridylyltransferase 4 isoform X30 [Homo sapiens]	TRUE	Tut4
XP_002183822.1	XP_047272288.1	0	N/A	28.487	337	25	1.47e-23	111	terminal uridylyltransferase 4 isoform X10 [Homo sapiens]	TRUE	Tut4
XP_002183822.1	XP_047272281.1	0	N/A	28.487	337	25	1.52e-23	111	terminal uridylyltransferase 4 isoform X4 [Homo sapiens]	TRUE	Tut4
XP_002183822.1	NP_001009881.1	0	N/A	28.487	337	25	1.52e-23	111	terminal uridylyltransferase 4 isoform a [Homo sapiens]	TRUE	Tut4
XP_002183822.1	XP_016856299.1	0	N/A	28.487	337	25	1.52e-23	111	terminal uridylyltransferase 4 isoform X40 [Homo sapiens]	TRUE	Tut4
XP_002183822.1	XP_047272282.1	0	N/A	28.487	337	25	1.55e-23	111	terminal uridylyltransferase 4 isoform X5 [Homo sapiens]	TRUE	Tut4
XP_002183822.1	NP_056084.1	0	N/A	28.487	337	25	1.55e-23	111	terminal uridylyltransferase 4 isoform b [Homo sapiens]	TRUE	Tut4
XP_002183822.1	XP_016856293.1	0	N/A	28.487	337	25	1.59e-23	111	terminal uridylyltransferase 4 isoform X16 [Homo sapiens]	TRUE	Tut4
XP_002183822.1	XP_016856292.1	0	N/A	28.487	337	25	1.64e-23	111	terminal uridylyltransferase 4 isoform X9 [Homo sapiens]	TRUE	Tut4
XP_002183822.1	XP_047272283.1	0	N/A	28.487	337	25	1.66e-23	111	terminal uridylyltransferase 4 isoform X6 [Homo sapiens]	TRUE	Tut4
XP_002183822.1	XP_005270737.1	0	N/A	28.487	337	25	1.66e-23	111	terminal uridylyltransferase 4 isoform X6 [Homo sapiens]	TRUE	Tut4
XP_002183822.1	XP_016856296.1	0	N/A	28.487	337	25	1.67e-23	111	terminal uridylyltransferase 4 isoform X28 [Homo sapiens]	TRUE	Tut4
XP_002183822.1	XP_047272365.1	0	N/A	28.487	337	25	1.85e-23	111	terminal uridylyltransferase 4 isoform X38 [Homo sapiens]	TRUE	Tut4
XP_002183822.1	XP_047272337.1	0	N/A	28.487	337	25	1.93e-23	111	terminal uridylyltransferase 4 isoform X27 [Homo sapiens]	TRUE	Tut4
XP_002183822.1	XP_047272285.1	0	N/A	28.487	337	25	1.96e-23	111	terminal uridylyltransferase 4 isoform X7 [Homo sapiens]	TRUE	Tut4
XP_002183822.1	XP_016856297.1	0	N/A	28.487	337	25	2.03e-23	110	terminal uridylyltransferase 4 isoform X36 [Homo sapiens]	TRUE	Tut4
XP_002183822.1	XP_047272384.1	0	N/A	28.19	337	25	2.06e-23	110	terminal uridylyltransferase 4 isoform X46 [Homo sapiens]	TRUE	Tut4
XP_002183822.1	XP_047272345.1	0	N/A	28.487	337	25	2.09e-23	110	terminal uridylyltransferase 4 isoform X31 [Homo sapiens]	TRUE	Tut4
XP_002183822.1	XP_011539401.1	0	N/A	28.487	337	25	2.15e-23	110	terminal uridylyltransferase 4 isoform X29 [Homo sapiens]	TRUE	Tut4
XP_002183822.1	XP_005270739.1	0	N/A	28.487	337	25	2.21e-23	110	terminal uridylyltransferase 4 isoform X33 [Homo sapiens]	TRUE	Tut4
XP_002183822.1	XP_047272280.1	0	N/A	28.487	337	25	2.22e-23	110	terminal uridylyltransferase 4 isoform X3 [Homo sapiens]	TRUE	Tut4
XP_002183822.1	XP_005270736.1	0	N/A	28.487	337	25	2.22e-23	110	terminal uridylyltransferase 4 isoform X3 [Homo sapiens]	TRUE	Tut4
XP_002183822.1	XP_011539399.1	0	N/A	28.487	337	25	2.3e-23	110	terminal uridylyltransferase 4 isoform X1 [Homo sapiens]	TRUE	Tut4
XP_002183822.1	XP_005270733.1	0	N/A	28.487	337	25	2.3e-23	110	terminal uridylyltransferase 4 isoform X1 [Homo sapiens]	TRUE	Tut4
XP_002183822.1	XP_005270735.1	0	N/A	28.487	337	25	2.4e-23	110	terminal uridylyltransferase 4 isoform X2 [Homo sapiens]	TRUE	Tut4
XP_002183822.1	XP_016856295.1	0	N/A	28.487	337	25	2.69e-23	110	terminal uridylyltransferase 4 isoform X25 [Homo sapiens]	TRUE	Tut4
XP_002183822.1	XP_047272325.1	0	N/A	28.487	337	25	2.81e-23	110	terminal uridylyltransferase 4 isoform X23 [Homo sapiens]	TRUE	Tut4
XP_002183822.1	NP_001375030.1	0	N/A	26.558	369	27	2.4e-21	102	poly(A) RNA polymerase GLD2 isoform 9 [Homo sapiens]	TRUE	TENT2
XP_002183822.1	NP_001375029.1	0	N/A	26.81	373	27	7.04e-21	100	poly(A) RNA polymerase GLD2 isoform 8 [Homo sapiens]	TRUE	TENT2
XP_002183822.1	NP_001375028.1	0	N/A	26.81	373	27	7.04e-21	100	poly(A) RNA polymerase GLD2 isoform 8 [Homo sapiens]	TRUE	TENT2
XP_002183822.1	XP_047272811.1	0	N/A	26.649	379	28	9.86e-21	99.8	poly(A) RNA polymerase GLD2 isoform X4 [Homo sapiens]	TRUE	TENT2
XP_002183822.1	XP_047272810.1	0	N/A	26.649	379	28	9.86e-21	99.8	poly(A) RNA polymerase GLD2 isoform X4 [Homo sapiens]	TRUE	TENT2
XP_002183822.1	XP_047272809.1	0	N/A	26.649	379	28	9.86e-21	99.8	poly(A) RNA polymerase GLD2 isoform X4 [Homo sapiens]	TRUE	TENT2
XP_002183822.1	NP_001375058.1	0	N/A	26.649	379	28	9.86e-21	99.8	poly(A) RNA polymerase GLD2 isoform 2 [Homo sapiens]	TRUE	TENT2
XP_002183822.1	NP_001375057.1	0	N/A	26.649	379	28	9.86e-21	99.8	poly(A) RNA polymerase GLD2 isoform 2 [Homo sapiens]	TRUE	TENT2
XP_002183822.1	NP_001375056.1	0	N/A	26.649	379	28	9.86e-21	99.8	poly(A) RNA polymerase GLD2 isoform 2 [Homo sapiens]	TRUE	TENT2
XP_002183822.1	NP_001375055.1	0	N/A	26.649	379	28	9.86e-21	99.8	poly(A) RNA polymerase GLD2 isoform 2 [Homo sapiens]	TRUE	TENT2
XP_002183822.1	NP_001375054.1	0	N/A	26.649	379	28	9.86e-21	99.8	poly(A) RNA polymerase GLD2 isoform 2 [Homo sapiens]	TRUE	TENT2
XP_002183822.1	NP_001375053.1	0	N/A	26.649	379	28	9.86e-21	99.8	poly(A) RNA polymerase GLD2 isoform 2 [Homo sapiens]	TRUE	TENT2
XP_002183822.1	NP_001375052.1	0	N/A	26.649	379	28	9.86e-21	99.8	poly(A) RNA polymerase GLD2 isoform 2 [Homo sapiens]	TRUE	TENT2
XP_002183822.1	NP_001375051.1	0	N/A	26.649	379	28	9.86e-21	99.8	poly(A) RNA polymerase GLD2 isoform 2 [Homo sapiens]	TRUE	TENT2
XP_002183822.1	NP_001375050.1	0	N/A	26.649	379	28	9.86e-21	99.8	poly(A) RNA polymerase GLD2 isoform 2 [Homo sapiens]	TRUE	TENT2
XP_002183822.1	NP_001375049.1	0	N/A	26.649	379	28	9.86e-21	99.8	poly(A) RNA polymerase GLD2 isoform 2 [Homo sapiens]	TRUE	TENT2
XP_002183822.1	NP_001375048.1	0	N/A	26.649	379	28	9.86e-21	99.8	poly(A) RNA polymerase GLD2 isoform 2 [Homo sapiens]	TRUE	TENT2
XP_002183822.1	NP_001375047.1	0	N/A	26.649	379	28	9.86e-21	99.8	poly(A) RNA polymerase GLD2 isoform 2 [Homo sapiens]	TRUE	TENT2
XP_002183822.1	NP_001375046.1	0	N/A	26.649	379	28	9.86e-21	99.8	poly(A) RNA polymerase GLD2 isoform 2 [Homo sapiens]	TRUE	TENT2
XP_002183822.1	NP_001375045.1	0	N/A	26.649	379	28	9.86e-21	99.8	poly(A) RNA polymerase GLD2 isoform 2 [Homo sapiens]	TRUE	TENT2
XP_002183822.1	NP_001375044.1	0	N/A	26.649	379	28	9.86e-21	99.8	poly(A) RNA polymerase GLD2 isoform 2 [Homo sapiens]	TRUE	TENT2
XP_002183822.1	NP_001375043.1	0	N/A	26.649	379	28	9.86e-21	99.8	poly(A) RNA polymerase GLD2 isoform 2 [Homo sapiens]	TRUE	TENT2
XP_002183822.1	NP_001336483.1	0	N/A	26.649	379	28	9.86e-21	99.8	poly(A) RNA polymerase GLD2 isoform 2 [Homo sapiens]	TRUE	TENT2
XP_002183822.1	NP_001284673.1	0	N/A	26.649	379	28	9.86e-21	99.8	poly(A) RNA polymerase GLD2 isoform 2 [Homo sapiens]	TRUE	TENT2
XP_002183822.1	NP_001375059.1	0	N/A	26.649	379	28	1.04e-20	99.8	poly(A) RNA polymerase GLD2 isoform 10 [Homo sapiens]	TRUE	TENT2
XP_002183822.1	NP_001375061.1	0	N/A	26.649	379	28	1.24e-20	99.4	poly(A) RNA polymerase GLD2 isoform 12 [Homo sapiens]	TRUE	TENT2
XP_002183822.1	NP_001375065.1	0	N/A	26.649	379	28	1.98e-20	97.4	poly(A) RNA polymerase GLD2 isoform 14 [Homo sapiens]	TRUE	TENT2
XP_002183822.1	NP_001375042.1	0	N/A	26.893	383	28	3.47e-20	98.2	poly(A) RNA polymerase GLD2 isoform 16 [Homo sapiens]	TRUE	TENT2
XP_002183822.1	XP_047272808.1	0	N/A	26.893	383	28	3.63e-20	98.2	poly(A) RNA polymerase GLD2 isoform X3 [Homo sapiens]	TRUE	TENT2
XP_002183822.1	XP_047272807.1	0	N/A	26.893	383	28	3.63e-20	98.2	poly(A) RNA polymerase GLD2 isoform X3 [Homo sapiens]	TRUE	TENT2
XP_002183822.1	XP_047272806.1	0	N/A	26.893	383	28	3.63e-20	98.2	poly(A) RNA polymerase GLD2 isoform X3 [Homo sapiens]	TRUE	TENT2
XP_002183822.1	NP_776158.2	0	N/A	26.893	383	28	3.63e-20	98.2	poly(A) RNA polymerase GLD2 isoform 1 [Homo sapiens]	TRUE	TENT2
XP_002183822.1	NP_001375041.1	0	N/A	26.893	383	28	3.63e-20	98.2	poly(A) RNA polymerase GLD2 isoform 1 [Homo sapiens]	TRUE	TENT2
XP_002183822.1	NP_001375040.1	0	N/A	26.893	383	28	3.63e-20	98.2	poly(A) RNA polymerase GLD2 isoform 1 [Homo sapiens]	TRUE	TENT2
XP_002183822.1	NP_001375039.1	0	N/A	26.893	383	28	3.63e-20	98.2	poly(A) RNA polymerase GLD2 isoform 1 [Homo sapiens]	TRUE	TENT2
XP_002183822.1	NP_001375038.1	0	N/A	26.893	383	28	3.63e-20	98.2	poly(A) RNA polymerase GLD2 isoform 1 [Homo sapiens]	TRUE	TENT2
XP_002183822.1	NP_001375037.1	0	N/A	26.893	383	28	3.63e-20	98.2	poly(A) RNA polymerase GLD2 isoform 1 [Homo sapiens]	TRUE	TENT2
XP_002183822.1	NP_001375036.1	0	N/A	26.893	383	28	3.63e-20	98.2	poly(A) RNA polymerase GLD2 isoform 1 [Homo sapiens]	TRUE	TENT2
XP_002183822.1	NP_001375035.1	0	N/A	26.893	383	28	3.63e-20	98.2	poly(A) RNA polymerase GLD2 isoform 1 [Homo sapiens]	TRUE	TENT2
XP_002183822.1	NP_001375034.1	0	N/A	26.893	383	28	3.63e-20	98.2	poly(A) RNA polymerase GLD2 isoform 1 [Homo sapiens]	TRUE	TENT2
XP_002183822.1	NP_001375032.1	0	N/A	26.893	383	28	3.63e-20	98.2	poly(A) RNA polymerase GLD2 isoform 1 [Homo sapiens]	TRUE	TENT2
XP_002183822.1	NP_001375031.1	0	N/A	26.893	383	28	3.63e-20	98.2	poly(A) RNA polymerase GLD2 isoform 1 [Homo sapiens]	TRUE	TENT2
XP_002183822.1	NP_001336482.1	0	N/A	26.893	383	28	3.63e-20	98.2	poly(A) RNA polymerase GLD2 isoform 1 [Homo sapiens]	TRUE	TENT2
XP_002183822.1	NP_001336481.1	0	N/A	26.893	383	28	3.63e-20	98.2	poly(A) RNA polymerase GLD2 isoform 1 [Homo sapiens]	TRUE	TENT2
XP_002183822.1	NP_001107866.1	0	N/A	26.893	383	28	3.63e-20	98.2	poly(A) RNA polymerase GLD2 isoform 1 [Homo sapiens]	TRUE	TENT2
XP_002183822.1	NP_001107865.1	0	N/A	26.893	383	28	3.63e-20	98.2	poly(A) RNA polymerase GLD2 isoform 1 [Homo sapiens]	TRUE	TENT2
XP_002183822.1	NP_001375060.1	0	N/A	26.893	383	28	4.47e-20	97.4	poly(A) RNA polymerase GLD2 isoform 11 [Homo sapiens]	TRUE	TENT2
XP_002183822.1	NP_001317647.1	0	N/A	25.595	336	25	5.53e-19	95.9	terminal uridylyltransferase 7 isoform 3 [Homo sapiens]	TRUE	Tut7
XP_002183822.1	XP_011517318.1	0	N/A	25.291	344	25	6.95e-19	96.3	terminal uridylyltransferase 7 isoform X5 [Homo sapiens]	TRUE	Tut7
XP_002183822.1	XP_005252265.1	0	N/A	25.291	344	25	7.09e-19	96.3	terminal uridylyltransferase 7 isoform X7 [Homo sapiens]	TRUE	Tut7
XP_002183822.1	XP_011517317.1	0	N/A	26.163	344	25	9.14e-19	95.9	terminal uridylyltransferase 7 isoform X3 [Homo sapiens]	TRUE	Tut7
XP_002183822.1	XP_047279823.1	0	N/A	26.163	344	25	9.39e-19	95.9	terminal uridylyltransferase 7 isoform X2 [Homo sapiens]	TRUE	Tut7
XP_002183822.1	XP_006717346.1	0	N/A	26.163	344	25	9.39e-19	95.9	terminal uridylyltransferase 7 isoform X2 [Homo sapiens]	TRUE	Tut7
XP_002183822.1	XP_016870620.1	0	N/A	26.488	336	25	9.44e-19	95.9	terminal uridylyltransferase 7 isoform X4 [Homo sapiens]	TRUE	Tut7
XP_002183822.1	XP_016870619.1	0	N/A	26.488	336	25	9.44e-19	95.9	terminal uridylyltransferase 7 isoform X4 [Homo sapiens]	TRUE	Tut7
XP_002183822.1	NP_078893.2	0	N/A	26.488	336	25	9.44e-19	95.9	terminal uridylyltransferase 7 isoform 1 [Homo sapiens]	TRUE	Tut7
XP_002183822.1	NP_001171988.1	0	N/A	26.488	336	25	9.44e-19	95.9	terminal uridylyltransferase 7 isoform 1 [Homo sapiens]	TRUE	Tut7
XP_002183822.1	XP_047279825.1	0	N/A	26.163	344	25	9.56e-19	95.9	terminal uridylyltransferase 7 isoform X6 [Homo sapiens]	TRUE	Tut7
XP_002183822.1	XP_047279824.1	0	N/A	26.163	344	25	9.56e-19	95.9	terminal uridylyltransferase 7 isoform X6 [Homo sapiens]	TRUE	Tut7
XP_002183822.1	XP_005252264.1	0	N/A	26.163	344	25	9.56e-19	95.9	terminal uridylyltransferase 7 isoform X6 [Homo sapiens]	TRUE	Tut7
XP_002183822.1	XP_011517316.1	0	N/A	26.163	344	25	1.12e-18	95.5	terminal uridylyltransferase 7 isoform X1 [Homo sapiens]	TRUE	Tut7
XP_002183822.1	XP_011517315.1	0	N/A	26.163	344	25	1.12e-18	95.5	terminal uridylyltransferase 7 isoform X1 [Homo sapiens]	TRUE	Tut7
XP_002183822.1	XP_011517314.1	0	N/A	26.163	344	25	1.12e-18	95.5	terminal uridylyltransferase 7 isoform X1 [Homo sapiens]	TRUE	Tut7
XP_002183822.1	XP_011517313.1	0	N/A	26.163	344	25	1.12e-18	95.5	terminal uridylyltransferase 7 isoform X1 [Homo sapiens]	TRUE	Tut7
XP_002183822.1	XP_047272805.1	0	N/A	25.253	396	28	3.94e-18	92	poly(A) RNA polymerase GLD2 isoform X2 [Homo sapiens]	TRUE	TENT2
XP_002183822.1	XP_047272804.1	0	N/A	25.253	396	28	3.94e-18	92	poly(A) RNA polymerase GLD2 isoform X2 [Homo sapiens]	TRUE	TENT2
XP_002185169.1	NP_001165276.2	0	N/A	38.286	350	80	4.54e-56	200	terminal nucleotidyltransferase 4A isoform 2 [Homo sapiens]	TRUE	TENT4A
XP_002185169.1	NP_008930.2	0	N/A	38.286	350	80	4.59e-56	200	terminal nucleotidyltransferase 4A isoform 1 [Homo sapiens]	TRUE	TENT4A
XP_002185169.1	XP_011521580.1	0	N/A	37.538	333	76	4.08e-54	190	terminal nucleotidyltransferase 4B isoform X5 [Homo sapiens]	TRUE	TENT4B
XP_002185169.1	XP_047290433.1	0	N/A	37.538	333	76	4.22e-54	189	terminal nucleotidyltransferase 4B isoform X6 [Homo sapiens]	TRUE	TENT4B
XP_002185169.1	XP_047272622.1	0	N/A	38.166	338	78	1.15e-53	189	terminal nucleotidyltransferase 4A isoform X1 [Homo sapiens]	TRUE	TENT4A
XP_002185169.1	XP_047272621.1	0	N/A	38.166	338	78	1.15e-53	189	terminal nucleotidyltransferase 4A isoform X1 [Homo sapiens]	TRUE	TENT4A
XP_002185169.1	XP_047272620.1	0	N/A	38.166	338	78	1.15e-53	189	terminal nucleotidyltransferase 4A isoform X1 [Homo sapiens]	TRUE	TENT4A
XP_002185169.1	NP_001035375.2	0	N/A	37.092	337	77	5.43e-53	189	terminal nucleotidyltransferase 4B isoform b [Homo sapiens]	TRUE	TENT4B
XP_002185169.1	XP_011521578.1	0	N/A	37.092	337	77	5.5e-53	189	terminal nucleotidyltransferase 4B isoform X2 [Homo sapiens]	TRUE	TENT4B
XP_002185169.1	NP_001352252.1	0	N/A	37.092	337	77	5.96e-53	190	terminal nucleotidyltransferase 4B isoform c [Homo sapiens]	TRUE	TENT4B
XP_002185169.1	XP_047290432.1	0	N/A	37.092	337	77	6.02e-53	189	terminal nucleotidyltransferase 4B isoform X4 [Homo sapiens]	TRUE	TENT4B
XP_002185169.1	NP_001035374.2	0	N/A	37.092	337	77	6.2e-53	190	terminal nucleotidyltransferase 4B isoform a [Homo sapiens]	TRUE	TENT4B
XP_002185169.1	XP_011521577.1	0	N/A	37.092	337	77	6.27e-53	190	terminal nucleotidyltransferase 4B isoform X1 [Homo sapiens]	TRUE	TENT4B
XP_002185169.1	XP_047290431.1	0	N/A	37.092	337	77	8.72e-53	189	terminal nucleotidyltransferase 4B isoform X3 [Homo sapiens]	TRUE	TENT4B
XP_002185169.1	NP_001352253.1	0	N/A	37.092	337	77	9.58e-53	189	terminal nucleotidyltransferase 4B isoform d [Homo sapiens]	TRUE	TENT4B
XP_002185169.1	XP_047272623.1	0	N/A	37.805	328	75	2.86e-50	180	terminal nucleotidyltransferase 4A isoform X2 [Homo sapiens]	TRUE	TENT4A
XP_002185169.1	XP_016864477.1	0	N/A	37.805	328	75	2.86e-50	180	terminal nucleotidyltransferase 4A isoform X2 [Homo sapiens]	TRUE	TENT4A
XP_002185169.1	XP_047272624.1	0	N/A	37.805	328	75	3.35e-50	179	terminal nucleotidyltransferase 4A isoform X3 [Homo sapiens]	TRUE	TENT4A
XP_002185169.1	NP_001375065.1	0	N/A	24.265	272	56	9.05e-10	62.4	poly(A) RNA polymerase GLD2 isoform 14 [Homo sapiens]	TRUE	TENT2
XP_002185169.1	XP_047272325.1	0	N/A	24.468	376	82	9.39e-10	63.5	terminal uridylyltransferase 4 isoform X23 [Homo sapiens]	TRUE	Tut4
XP_002185169.1	XP_047272348.1	0	N/A	24.468	376	82	9.43e-10	63.5	terminal uridylyltransferase 4 isoform X32 [Homo sapiens]	TRUE	Tut4
XP_002185169.1	XP_047272362.1	0	N/A	24.468	376	82	9.84e-10	63.5	terminal uridylyltransferase 4 isoform X37 [Homo sapiens]	TRUE	Tut4
XP_002185169.1	XP_047272354.1	0	N/A	24.468	376	82	9.84e-10	63.5	terminal uridylyltransferase 4 isoform X35 [Homo sapiens]	TRUE	Tut4
XP_002185169.1	XP_005252265.1	0	N/A	23.958	192	45	1.02e-09	63.5	terminal uridylyltransferase 7 isoform X7 [Homo sapiens]	TRUE	Tut7
XP_002185169.1	XP_047272350.1	0	N/A	24.468	376	82	1.03e-09	63.5	terminal uridylyltransferase 4 isoform X34 [Homo sapiens]	TRUE	Tut4
XP_002185169.1	XP_016856295.1	0	N/A	24.468	376	82	1.05e-09	63.5	terminal uridylyltransferase 4 isoform X25 [Homo sapiens]	TRUE	Tut4
XP_002185169.1	NP_001317647.1	0	N/A	23.958	192	45	1.08e-09	63.2	terminal uridylyltransferase 7 isoform 3 [Homo sapiens]	TRUE	Tut7
XP_002185169.1	XP_047272367.1	0	N/A	24.468	376	82	1.09e-09	63.5	terminal uridylyltransferase 4 isoform X39 [Homo sapiens]	TRUE	Tut4
XP_002185169.1	XP_016856296.1	0	N/A	24.468	376	82	1.11e-09	63.5	terminal uridylyltransferase 4 isoform X28 [Homo sapiens]	TRUE	Tut4
XP_002185169.1	XP_047272344.1	0	N/A	24.468	376	82	1.11e-09	63.5	terminal uridylyltransferase 4 isoform X30 [Homo sapiens]	TRUE	Tut4
XP_002185169.1	XP_011517316.1	0	N/A	23.958	192	45	1.17e-09	63.2	terminal uridylyltransferase 7 isoform X1 [Homo sapiens]	TRUE	Tut7
XP_002185169.1	XP_011517315.1	0	N/A	23.958	192	45	1.17e-09	63.2	terminal uridylyltransferase 7 isoform X1 [Homo sapiens]	TRUE	Tut7
XP_002185169.1	XP_011517314.1	0	N/A	23.958	192	45	1.17e-09	63.2	terminal uridylyltransferase 7 isoform X1 [Homo sapiens]	TRUE	Tut7
XP_002185169.1	XP_011517313.1	0	N/A	23.958	192	45	1.17e-09	63.2	terminal uridylyltransferase 7 isoform X1 [Homo sapiens]	TRUE	Tut7
XP_002185169.1	NP_001375061.1	0	N/A	24.265	272	56	1.19e-09	62.4	poly(A) RNA polymerase GLD2 isoform 12 [Homo sapiens]	TRUE	TENT2
XP_002185169.1	NP_001375059.1	0	N/A	24.265	272	56	1.2e-09	62.8	poly(A) RNA polymerase GLD2 isoform 10 [Homo sapiens]	TRUE	TENT2
XP_002185169.1	XP_047272811.1	0	N/A	24.265	272	56	1.21e-09	62.8	poly(A) RNA polymerase GLD2 isoform X4 [Homo sapiens]	TRUE	TENT2
XP_002185169.1	XP_047272810.1	0	N/A	24.265	272	56	1.21e-09	62.8	poly(A) RNA polymerase GLD2 isoform X4 [Homo sapiens]	TRUE	TENT2
XP_002185169.1	XP_047272809.1	0	N/A	24.265	272	56	1.21e-09	62.8	poly(A) RNA polymerase GLD2 isoform X4 [Homo sapiens]	TRUE	TENT2
XP_002185169.1	NP_001375058.1	0	N/A	24.265	272	56	1.21e-09	62.8	poly(A) RNA polymerase GLD2 isoform 2 [Homo sapiens]	TRUE	TENT2
XP_002185169.1	NP_001375057.1	0	N/A	24.265	272	56	1.21e-09	62.8	poly(A) RNA polymerase GLD2 isoform 2 [Homo sapiens]	TRUE	TENT2
XP_002185169.1	NP_001375056.1	0	N/A	24.265	272	56	1.21e-09	62.8	poly(A) RNA polymerase GLD2 isoform 2 [Homo sapiens]	TRUE	TENT2
XP_002185169.1	NP_001375055.1	0	N/A	24.265	272	56	1.21e-09	62.8	poly(A) RNA polymerase GLD2 isoform 2 [Homo sapiens]	TRUE	TENT2
XP_002185169.1	NP_001375054.1	0	N/A	24.265	272	56	1.21e-09	62.8	poly(A) RNA polymerase GLD2 isoform 2 [Homo sapiens]	TRUE	TENT2
XP_002185169.1	NP_001375053.1	0	N/A	24.265	272	56	1.21e-09	62.8	poly(A) RNA polymerase GLD2 isoform 2 [Homo sapiens]	TRUE	TENT2
XP_002185169.1	NP_001375052.1	0	N/A	24.265	272	56	1.21e-09	62.8	poly(A) RNA polymerase GLD2 isoform 2 [Homo sapiens]	TRUE	TENT2
XP_002185169.1	NP_001375051.1	0	N/A	24.265	272	56	1.21e-09	62.8	poly(A) RNA polymerase GLD2 isoform 2 [Homo sapiens]	TRUE	TENT2
XP_002185169.1	NP_001375050.1	0	N/A	24.265	272	56	1.21e-09	62.8	poly(A) RNA polymerase GLD2 isoform 2 [Homo sapiens]	TRUE	TENT2
XP_002185169.1	NP_001375049.1	0	N/A	24.265	272	56	1.21e-09	62.8	poly(A) RNA polymerase GLD2 isoform 2 [Homo sapiens]	TRUE	TENT2
XP_002185169.1	NP_001375048.1	0	N/A	24.265	272	56	1.21e-09	62.8	poly(A) RNA polymerase GLD2 isoform 2 [Homo sapiens]	TRUE	TENT2
XP_002185169.1	NP_001375047.1	0	N/A	24.265	272	56	1.21e-09	62.8	poly(A) RNA polymerase GLD2 isoform 2 [Homo sapiens]	TRUE	TENT2
XP_002185169.1	NP_001375046.1	0	N/A	24.265	272	56	1.21e-09	62.8	poly(A) RNA polymerase GLD2 isoform 2 [Homo sapiens]	TRUE	TENT2
XP_002185169.1	NP_001375045.1	0	N/A	24.265	272	56	1.21e-09	62.8	poly(A) RNA polymerase GLD2 isoform 2 [Homo sapiens]	TRUE	TENT2
XP_002185169.1	NP_001375044.1	0	N/A	24.265	272	56	1.21e-09	62.8	poly(A) RNA polymerase GLD2 isoform 2 [Homo sapiens]	TRUE	TENT2
XP_002185169.1	NP_001375043.1	0	N/A	24.265	272	56	1.21e-09	62.8	poly(A) RNA polymerase GLD2 isoform 2 [Homo sapiens]	TRUE	TENT2
XP_002185169.1	NP_001336483.1	0	N/A	24.265	272	56	1.21e-09	62.8	poly(A) RNA polymerase GLD2 isoform 2 [Homo sapiens]	TRUE	TENT2
XP_002185169.1	NP_001284673.1	0	N/A	24.265	272	56	1.21e-09	62.8	poly(A) RNA polymerase GLD2 isoform 2 [Homo sapiens]	TRUE	TENT2
XP_002185169.1	XP_016870620.1	0	N/A	23.958	192	45	1.23e-09	63.2	terminal uridylyltransferase 7 isoform X4 [Homo sapiens]	TRUE	Tut7
XP_002185169.1	XP_016870619.1	0	N/A	23.958	192	45	1.23e-09	63.2	terminal uridylyltransferase 7 isoform X4 [Homo sapiens]	TRUE	Tut7
XP_002185169.1	NP_078893.2	0	N/A	23.958	192	45	1.23e-09	63.2	terminal uridylyltransferase 7 isoform 1 [Homo sapiens]	TRUE	Tut7
XP_002185169.1	NP_001171988.1	0	N/A	23.958	192	45	1.23e-09	63.2	terminal uridylyltransferase 7 isoform 1 [Homo sapiens]	TRUE	Tut7
XP_002185169.1	XP_047279823.1	0	N/A	23.958	192	45	1.24e-09	63.2	terminal uridylyltransferase 7 isoform X2 [Homo sapiens]	TRUE	Tut7
XP_002185169.1	XP_006717346.1	0	N/A	23.958	192	45	1.24e-09	63.2	terminal uridylyltransferase 7 isoform X2 [Homo sapiens]	TRUE	Tut7
XP_002185169.1	XP_047272337.1	0	N/A	24.468	376	82	1.24e-09	63.2	terminal uridylyltransferase 4 isoform X27 [Homo sapiens]	TRUE	Tut4
XP_002185169.1	XP_047279825.1	0	N/A	23.958	192	45	1.25e-09	63.2	terminal uridylyltransferase 7 isoform X6 [Homo sapiens]	TRUE	Tut7
XP_002185169.1	XP_047279824.1	0	N/A	23.958	192	45	1.25e-09	63.2	terminal uridylyltransferase 7 isoform X6 [Homo sapiens]	TRUE	Tut7
XP_002185169.1	XP_005252264.1	0	N/A	23.958	192	45	1.25e-09	63.2	terminal uridylyltransferase 7 isoform X6 [Homo sapiens]	TRUE	Tut7
XP_002185169.1	XP_011517318.1	0	N/A	23.958	192	45	1.28e-09	63.2	terminal uridylyltransferase 7 isoform X5 [Homo sapiens]	TRUE	Tut7
XP_002185169.1	XP_011517317.1	0	N/A	23.958	192	45	1.4e-09	63.2	terminal uridylyltransferase 7 isoform X3 [Homo sapiens]	TRUE	Tut7
XP_002185169.1	NP_001375060.1	0	N/A	23.985	271	56	4.95e-09	60.5	poly(A) RNA polymerase GLD2 isoform 11 [Homo sapiens]	TRUE	TENT2
XP_002185169.1	NP_001375042.1	0	N/A	23.985	271	56	5e-09	60.8	poly(A) RNA polymerase GLD2 isoform 16 [Homo sapiens]	TRUE	TENT2
XP_002185169.1	XP_047272808.1	0	N/A	23.985	271	56	5.33e-09	60.5	poly(A) RNA polymerase GLD2 isoform X3 [Homo sapiens]	TRUE	TENT2
XP_002185169.1	XP_047272807.1	0	N/A	23.985	271	56	5.33e-09	60.5	poly(A) RNA polymerase GLD2 isoform X3 [Homo sapiens]	TRUE	TENT2
XP_002185169.1	XP_047272806.1	0	N/A	23.985	271	56	5.33e-09	60.5	poly(A) RNA polymerase GLD2 isoform X3 [Homo sapiens]	TRUE	TENT2
XP_002185169.1	NP_776158.2	0	N/A	23.985	271	56	5.33e-09	60.5	poly(A) RNA polymerase GLD2 isoform 1 [Homo sapiens]	TRUE	TENT2
XP_002185169.1	NP_001375041.1	0	N/A	23.985	271	56	5.33e-09	60.5	poly(A) RNA polymerase GLD2 isoform 1 [Homo sapiens]	TRUE	TENT2
XP_002185169.1	NP_001375040.1	0	N/A	23.985	271	56	5.33e-09	60.5	poly(A) RNA polymerase GLD2 isoform 1 [Homo sapiens]	TRUE	TENT2
XP_002185169.1	NP_001375039.1	0	N/A	23.985	271	56	5.33e-09	60.5	poly(A) RNA polymerase GLD2 isoform 1 [Homo sapiens]	TRUE	TENT2
XP_002185169.1	NP_001375038.1	0	N/A	23.985	271	56	5.33e-09	60.5	poly(A) RNA polymerase GLD2 isoform 1 [Homo sapiens]	TRUE	TENT2
XP_002185169.1	NP_001375037.1	0	N/A	23.985	271	56	5.33e-09	60.5	poly(A) RNA polymerase GLD2 isoform 1 [Homo sapiens]	TRUE	TENT2
XP_002185169.1	NP_001375036.1	0	N/A	23.985	271	56	5.33e-09	60.5	poly(A) RNA polymerase GLD2 isoform 1 [Homo sapiens]	TRUE	TENT2
XP_002185169.1	NP_001375035.1	0	N/A	23.985	271	56	5.33e-09	60.5	poly(A) RNA polymerase GLD2 isoform 1 [Homo sapiens]	TRUE	TENT2
XP_002185169.1	NP_001375034.1	0	N/A	23.985	271	56	5.33e-09	60.5	poly(A) RNA polymerase GLD2 isoform 1 [Homo sapiens]	TRUE	TENT2
XP_002185169.1	NP_001375032.1	0	N/A	23.985	271	56	5.33e-09	60.5	poly(A) RNA polymerase GLD2 isoform 1 [Homo sapiens]	TRUE	TENT2
XP_002185169.1	NP_001375031.1	0	N/A	23.985	271	56	5.33e-09	60.5	poly(A) RNA polymerase GLD2 isoform 1 [Homo sapiens]	TRUE	TENT2
XP_002185169.1	NP_001336482.1	0	N/A	23.985	271	56	5.33e-09	60.5	poly(A) RNA polymerase GLD2 isoform 1 [Homo sapiens]	TRUE	TENT2
XP_002185169.1	NP_001336481.1	0	N/A	23.985	271	56	5.33e-09	60.5	poly(A) RNA polymerase GLD2 isoform 1 [Homo sapiens]	TRUE	TENT2
XP_002185169.1	NP_001107866.1	0	N/A	23.985	271	56	5.33e-09	60.5	poly(A) RNA polymerase GLD2 isoform 1 [Homo sapiens]	TRUE	TENT2
XP_002185169.1	NP_001107865.1	0	N/A	23.985	271	56	5.33e-09	60.5	poly(A) RNA polymerase GLD2 isoform 1 [Homo sapiens]	TRUE	TENT2
XP_002185169.1	XP_047272805.1	0	N/A	24.468	282	56	3.27e-08	58.2	poly(A) RNA polymerase GLD2 isoform X2 [Homo sapiens]	TRUE	TENT2
XP_002185169.1	XP_047272804.1	0	N/A	24.468	282	56	3.27e-08	58.2	poly(A) RNA polymerase GLD2 isoform X2 [Homo sapiens]	TRUE	TENT2
XP_002185169.1	XP_047272803.1	0	N/A	24.468	282	56	3.27e-08	58.2	poly(A) RNA polymerase GLD2 isoform X2 [Homo sapiens]	TRUE	TENT2
XP_002185169.1	XP_047272802.1	0	N/A	24.468	282	56	3.27e-08	58.2	poly(A) RNA polymerase GLD2 isoform X2 [Homo sapiens]	TRUE	TENT2
XP_002185169.1	XP_016864641.1	0	N/A	24.468	282	56	3.27e-08	58.2	poly(A) RNA polymerase GLD2 isoform X2 [Homo sapiens]	TRUE	TENT2
XP_002185169.1	NP_001375026.1	0	N/A	24.468	282	56	3.27e-08	58.2	poly(A) RNA polymerase GLD2 isoform 6 [Homo sapiens]	TRUE	TENT2
XP_002185169.1	NP_001375025.1	0	N/A	24.468	282	56	3.27e-08	58.2	poly(A) RNA polymerase GLD2 isoform 6 [Homo sapiens]	TRUE	TENT2
XP_002185169.1	NP_001375024.1	0	N/A	24.468	282	56	3.27e-08	58.2	poly(A) RNA polymerase GLD2 isoform 6 [Homo sapiens]	TRUE	TENT2
XP_002185169.1	NP_001336480.1	0	N/A	24.468	282	56	3.27e-08	58.2	poly(A) RNA polymerase GLD2 isoform 6 [Homo sapiens]	TRUE	TENT2
XP_002185169.1	NP_001375027.1	0	N/A	24.468	282	56	3.47e-08	58.2	poly(A) RNA polymerase GLD2 isoform 7 [Homo sapiens]	TRUE	TENT2
XP_002185169.1	NP_001375030.1	0	N/A	26.087	253	51	7.52e-08	57	poly(A) RNA polymerase GLD2 isoform 9 [Homo sapiens]	TRUE	TENT2
XP_002296060.1	NP_001352252.1	0	N/A	31.675	382	49	2.64e-41	164	terminal nucleotidyltransferase 4B isoform c [Homo sapiens]	TRUE	TENT4B
XP_002296060.1	NP_001035374.2	0	N/A	31.783	387	49	3.4e-41	163	terminal nucleotidyltransferase 4B isoform a [Homo sapiens]	TRUE	TENT4B
XP_002296060.1	XP_011521577.1	0	N/A	31.783	387	49	3.43e-41	163	terminal nucleotidyltransferase 4B isoform X1 [Homo sapiens]	TRUE	TENT4B
XP_002296060.1	NP_001352253.1	0	N/A	31.783	387	49	3.5e-41	163	terminal nucleotidyltransferase 4B isoform d [Homo sapiens]	TRUE	TENT4B
XP_002296060.1	XP_047290432.1	0	N/A	31.783	387	49	3.9e-41	162	terminal nucleotidyltransferase 4B isoform X4 [Homo sapiens]	TRUE	TENT4B
XP_002296060.1	XP_047290431.1	0	N/A	31.783	387	49	4.76e-41	162	terminal nucleotidyltransferase 4B isoform X3 [Homo sapiens]	TRUE	TENT4B
XP_002296060.1	NP_001035375.2	0	N/A	31.783	387	49	5.18e-41	162	terminal nucleotidyltransferase 4B isoform b [Homo sapiens]	TRUE	TENT4B
XP_002296060.1	XP_011521578.1	0	N/A	31.783	387	49	5.23e-41	162	terminal nucleotidyltransferase 4B isoform X2 [Homo sapiens]	TRUE	TENT4B
XP_002296060.1	XP_011521580.1	0	N/A	31.733	375	48	7.68e-41	160	terminal nucleotidyltransferase 4B isoform X5 [Homo sapiens]	TRUE	TENT4B
XP_002296060.1	XP_047290433.1	0	N/A	31.733	375	48	1.15e-40	158	terminal nucleotidyltransferase 4B isoform X6 [Homo sapiens]	TRUE	TENT4B
XP_002296060.1	NP_008930.2	0	N/A	29.024	410	52	4.26e-39	157	terminal nucleotidyltransferase 4A isoform 1 [Homo sapiens]	TRUE	TENT4A
XP_002296060.1	NP_001165276.2	0	N/A	29.024	410	52	4.56e-39	157	terminal nucleotidyltransferase 4A isoform 2 [Homo sapiens]	TRUE	TENT4A
XP_002296060.1	XP_047272622.1	0	N/A	28.792	389	50	1.47e-34	141	terminal nucleotidyltransferase 4A isoform X1 [Homo sapiens]	TRUE	TENT4A
XP_002296060.1	XP_047272621.1	0	N/A	28.792	389	50	1.47e-34	141	terminal nucleotidyltransferase 4A isoform X1 [Homo sapiens]	TRUE	TENT4A
XP_002296060.1	XP_047272620.1	0	N/A	28.792	389	50	1.47e-34	141	terminal nucleotidyltransferase 4A isoform X1 [Homo sapiens]	TRUE	TENT4A
XP_002296060.1	XP_047272624.1	0	N/A	28.421	380	48	3.21e-32	134	terminal nucleotidyltransferase 4A isoform X3 [Homo sapiens]	TRUE	TENT4A
XP_002296060.1	XP_047272623.1	0	N/A	28.421	380	48	3.53e-32	134	terminal nucleotidyltransferase 4A isoform X2 [Homo sapiens]	TRUE	TENT4A
XP_002296060.1	XP_016864477.1	0	N/A	28.421	380	48	3.53e-32	134	terminal nucleotidyltransferase 4A isoform X2 [Homo sapiens]	TRUE	TENT4A
XP_002296060.1	NP_001269615.2	0	N/A	33.333	81	10	2.78e-05	48.5	BTB/POZ domain-containing protein KCTD17 isoform 4 [Homo sapiens]	FALSE	NA
XP_002296060.1	NP_001172003.1	0	N/A	20.27	222	24	3.88e-05	50.1	terminal uridylyltransferase 7 isoform 2 [Homo sapiens]	TRUE	Tut7
XP_002296060.1	NP_001269613.2	0	N/A	33.333	81	10	3.92e-05	48.9	BTB/POZ domain-containing protein KCTD17 isoform 1 [Homo sapiens]	FALSE	NA
XP_002296060.1	NP_078957.3	0	N/A	33.333	81	10	4.12e-05	48.9	BTB/POZ domain-containing protein KCTD17 isoform 2 [Homo sapiens]	FALSE	NA
XP_002296060.1	XP_047297451.1	0	N/A	33.333	81	10	4.4e-05	48.1	BTB/POZ domain-containing protein KCTD17 isoform X9 [Homo sapiens]	FALSE	NA
XP_002296060.1	NP_001269614.2	0	N/A	33.333	81	10	4.4e-05	48.1	BTB/POZ domain-containing protein KCTD17 isoform 3 [Homo sapiens]	FALSE	NA
XP_002296060.1	XP_005261799.3	0	N/A	33.333	81	10	5.36e-05	48.9	BTB/POZ domain-containing protein KCTD17 isoform X4 [Homo sapiens]	FALSE	NA
XP_002296060.1	XP_005261800.3	0	N/A	33.333	81	10	5.41e-05	48.5	BTB/POZ domain-containing protein KCTD17 isoform X5 [Homo sapiens]	FALSE	NA
XP_002296060.1	XP_047297447.1	0	N/A	33.333	81	10	6.02e-05	48.5	BTB/POZ domain-containing protein KCTD17 isoform X2 [Homo sapiens]	FALSE	NA
XP_002296060.1	XP_005252265.1	0	N/A	19.672	305	35	6.19e-05	49.3	terminal uridylyltransferase 7 isoform X7 [Homo sapiens]	TRUE	Tut7
XP_002296060.1	NP_001317647.1	0	N/A	20.27	222	24	6.58e-05	49.3	terminal uridylyltransferase 7 isoform 3 [Homo sapiens]	TRUE	Tut7
XP_002296060.1	XP_011517318.1	0	N/A	19.672	305	35	6.64e-05	49.3	terminal uridylyltransferase 7 isoform X5 [Homo sapiens]	TRUE	Tut7
XP_002296060.1	XP_016870620.1	0	N/A	19.672	305	35	7.17e-05	49.3	terminal uridylyltransferase 7 isoform X4 [Homo sapiens]	TRUE	Tut7
XP_002296060.1	XP_016870619.1	0	N/A	19.672	305	35	7.17e-05	49.3	terminal uridylyltransferase 7 isoform X4 [Homo sapiens]	TRUE	Tut7
XP_002296060.1	NP_078893.2	0	N/A	19.672	305	35	7.17e-05	49.3	terminal uridylyltransferase 7 isoform 1 [Homo sapiens]	TRUE	Tut7
XP_002296060.1	NP_001171988.1	0	N/A	19.672	305	35	7.17e-05	49.3	terminal uridylyltransferase 7 isoform 1 [Homo sapiens]	TRUE	Tut7
XP_002296060.1	XP_047297448.1	0	N/A	33.333	81	10	7.29e-05	48.5	BTB/POZ domain-containing protein KCTD17 isoform X3 [Homo sapiens]	FALSE	NA
XP_002296060.1	XP_047279825.1	0	N/A	19.672	305	35	7.73e-05	49.3	terminal uridylyltransferase 7 isoform X6 [Homo sapiens]	TRUE	Tut7
XP_002296060.1	XP_047279824.1	0	N/A	19.672	305	35	7.73e-05	49.3	terminal uridylyltransferase 7 isoform X6 [Homo sapiens]	TRUE	Tut7
XP_002296060.1	XP_005252264.1	0	N/A	19.672	305	35	7.73e-05	49.3	terminal uridylyltransferase 7 isoform X6 [Homo sapiens]	TRUE	Tut7
XP_002296060.1	XP_047279823.1	0	N/A	19.672	305	35	8.32e-05	48.9	terminal uridylyltransferase 7 isoform X2 [Homo sapiens]	TRUE	Tut7
XP_002296060.1	XP_006717346.1	0	N/A	19.672	305	35	8.32e-05	48.9	terminal uridylyltransferase 7 isoform X2 [Homo sapiens]	TRUE	Tut7
XP_002296060.1	XP_005261801.2	0	N/A	33.333	81	10	8.63e-05	47.8	BTB/POZ domain-containing protein KCTD17 isoform X6 [Homo sapiens]	FALSE	NA
XP_002296060.1	XP_011517316.1	0	N/A	19.672	305	35	8.69e-05	48.9	terminal uridylyltransferase 7 isoform X1 [Homo sapiens]	TRUE	Tut7
XP_002296060.1	XP_011517315.1	0	N/A	19.672	305	35	8.69e-05	48.9	terminal uridylyltransferase 7 isoform X1 [Homo sapiens]	TRUE	Tut7
XP_002296060.1	XP_011517314.1	0	N/A	19.672	305	35	8.69e-05	48.9	terminal uridylyltransferase 7 isoform X1 [Homo sapiens]	TRUE	Tut7
XP_002296060.1	XP_011517313.1	0	N/A	19.672	305	35	8.69e-05	48.9	terminal uridylyltransferase 7 isoform X1 [Homo sapiens]	TRUE	Tut7
XP_002296060.1	XP_011517317.1	0	N/A	19.672	305	35	9.21e-05	48.9	terminal uridylyltransferase 7 isoform X3 [Homo sapiens]	TRUE	Tut7
XP_002296060.1	XP_047297450.1	0	N/A	33.333	81	10	0.000101	47.4	BTB/POZ domain-containing protein KCTD17 isoform X8 [Homo sapiens]	FALSE	NA
XP_002296060.1	XP_047272362.1	0	N/A	26.38	163	20	0.000135	48.5	terminal uridylyltransferase 4 isoform X37 [Homo sapiens]	TRUE	Tut4
XP_002296060.1	XP_047272354.1	0	N/A	26.38	163	20	0.000135	48.5	terminal uridylyltransferase 4 isoform X35 [Homo sapiens]	TRUE	Tut4
XP_002296060.1	XP_047272367.1	0	N/A	26.38	163	20	0.000141	48.1	terminal uridylyltransferase 4 isoform X39 [Homo sapiens]	TRUE	Tut4
XP_002296060.1	XP_016856296.1	0	N/A	26.38	163	20	0.000146	48.1	terminal uridylyltransferase 4 isoform X28 [Homo sapiens]	TRUE	Tut4
XP_002296060.1	XP_047272288.1	0	N/A	22.321	224	24	0.000147	48.1	terminal uridylyltransferase 4 isoform X10 [Homo sapiens]	TRUE	Tut4
XP_002296060.1	XP_016856293.1	0	N/A	22.321	224	24	0.000149	48.1	terminal uridylyltransferase 4 isoform X16 [Homo sapiens]	TRUE	Tut4
XP_002296060.1	XP_047272337.1	0	N/A	26.38	163	20	0.000154	48.1	terminal uridylyltransferase 4 isoform X27 [Homo sapiens]	TRUE	Tut4
XP_002296060.1	XP_016856292.1	0	N/A	22.321	224	24	0.000161	48.1	terminal uridylyltransferase 4 isoform X9 [Homo sapiens]	TRUE	Tut4
XP_002296060.1	XP_047272305.1	0	N/A	22.321	224	24	0.000165	48.1	terminal uridylyltransferase 4 isoform X17 [Homo sapiens]	TRUE	Tut4
XP_002296060.1	XP_047272283.1	0	N/A	22.321	224	24	0.000167	48.1	terminal uridylyltransferase 4 isoform X6 [Homo sapiens]	TRUE	Tut4
XP_002296060.1	XP_005270737.1	0	N/A	22.321	224	24	0.000167	48.1	terminal uridylyltransferase 4 isoform X6 [Homo sapiens]	TRUE	Tut4
XP_002296060.1	XP_047272350.1	0	N/A	26.38	163	20	0.000167	48.1	terminal uridylyltransferase 4 isoform X34 [Homo sapiens]	TRUE	Tut4
XP_002296060.1	XP_047272281.1	0	N/A	22.321	224	24	0.00017	48.1	terminal uridylyltransferase 4 isoform X4 [Homo sapiens]	TRUE	Tut4
XP_002296060.1	NP_001009881.1	0	N/A	22.321	224	24	0.00017	48.1	terminal uridylyltransferase 4 isoform a [Homo sapiens]	TRUE	Tut4
XP_002296060.1	XP_047272285.1	0	N/A	22.321	224	24	0.000171	48.1	terminal uridylyltransferase 4 isoform X7 [Homo sapiens]	TRUE	Tut4
XP_002296060.1	XP_047272282.1	0	N/A	22.321	224	24	0.000171	48.1	terminal uridylyltransferase 4 isoform X5 [Homo sapiens]	TRUE	Tut4
XP_002296060.1	NP_056084.1	0	N/A	22.321	224	24	0.000171	48.1	terminal uridylyltransferase 4 isoform b [Homo sapiens]	TRUE	Tut4
XP_002296060.1	XP_047272344.1	0	N/A	26.38	163	20	0.000176	48.1	terminal uridylyltransferase 4 isoform X30 [Homo sapiens]	TRUE	Tut4
XP_002296060.1	XP_047272295.1	0	N/A	22.321	224	24	0.000177	48.1	terminal uridylyltransferase 4 isoform X12 [Homo sapiens]	TRUE	Tut4
XP_002296060.1	XP_047272296.1	0	N/A	22.321	224	24	0.000181	48.1	terminal uridylyltransferase 4 isoform X13 [Homo sapiens]	TRUE	Tut4
XP_002296060.1	XP_047272325.1	0	N/A	26.38	163	20	0.000182	48.1	terminal uridylyltransferase 4 isoform X23 [Homo sapiens]	TRUE	Tut4
XP_002296060.1	XP_047272348.1	0	N/A	26.38	163	20	0.000183	47.8	terminal uridylyltransferase 4 isoform X32 [Homo sapiens]	TRUE	Tut4
XP_002296060.1	XP_016856299.1	0	N/A	22.321	224	24	0.000188	47.8	terminal uridylyltransferase 4 isoform X40 [Homo sapiens]	TRUE	Tut4
XP_002296060.1	XP_016856295.1	0	N/A	26.38	163	20	0.000189	47.8	terminal uridylyltransferase 4 isoform X25 [Homo sapiens]	TRUE	Tut4
XP_002296060.1	XP_047272372.1	0	N/A	22.321	224	24	0.000192	47.8	terminal uridylyltransferase 4 isoform X42 [Homo sapiens]	TRUE	Tut4
XP_002296060.1	XP_047272365.1	0	N/A	22.321	224	24	0.000198	47.8	terminal uridylyltransferase 4 isoform X38 [Homo sapiens]	TRUE	Tut4
XP_002296060.1	XP_047272286.1	0	N/A	22.321	224	24	0.000199	47.8	terminal uridylyltransferase 4 isoform X8 [Homo sapiens]	TRUE	Tut4
XP_002296060.1	XP_047272290.1	0	N/A	22.321	224	24	0.000201	47.8	terminal uridylyltransferase 4 isoform X11 [Homo sapiens]	TRUE	Tut4
XP_002296060.1	XP_005270735.1	0	N/A	22.321	224	24	0.000206	47.8	terminal uridylyltransferase 4 isoform X2 [Homo sapiens]	TRUE	Tut4
XP_002296060.1	NP_060104.2	0	N/A	33.333	81	10	0.00021	47	BTB/POZ domain-containing protein KCTD9 [Homo sapiens]	FALSE	NA
XP_002296060.1	XP_011539399.1	0	N/A	22.321	224	24	0.000214	47.8	terminal uridylyltransferase 4 isoform X1 [Homo sapiens]	TRUE	Tut4
XP_002296060.1	XP_005270733.1	0	N/A	22.321	224	24	0.000214	47.8	terminal uridylyltransferase 4 isoform X1 [Homo sapiens]	TRUE	Tut4
XP_002296060.1	XP_047272280.1	0	N/A	22.321	224	24	0.000217	47.8	terminal uridylyltransferase 4 isoform X3 [Homo sapiens]	TRUE	Tut4
XP_002296060.1	XP_005270736.1	0	N/A	22.321	224	24	0.000217	47.8	terminal uridylyltransferase 4 isoform X3 [Homo sapiens]	TRUE	Tut4
XP_002296060.1	XP_016856297.1	0	N/A	22.321	224	24	0.000223	47.8	terminal uridylyltransferase 4 isoform X36 [Homo sapiens]	TRUE	Tut4
XP_002296060.1	XP_047272345.1	0	N/A	22.321	224	24	0.000229	47.8	terminal uridylyltransferase 4 isoform X31 [Homo sapiens]	TRUE	Tut4
XP_002296060.1	XP_005270739.1	0	N/A	22.321	224	24	0.000232	47.8	terminal uridylyltransferase 4 isoform X33 [Homo sapiens]	TRUE	Tut4
XP_002296060.1	XP_047277867.1	0	N/A	33.333	81	10	0.000242	46.6	BTB/POZ domain-containing protein KCTD9 isoform X1 [Homo sapiens]	FALSE	NA
XP_002296060.1	NP_751948.1	0	N/A	30	80	10	0.000264	47	A-type voltage-gated potassium channel KCND3 isoform 2 [Homo sapiens]	FALSE	NA
XP_002296060.1	NP_001365899.1	0	N/A	30	80	10	0.000264	47	A-type voltage-gated potassium channel KCND3 isoform 2 [Homo sapiens]	FALSE	NA
XP_002296060.1	XP_011539401.1	0	N/A	22.321	224	24	0.000278	47.4	terminal uridylyltransferase 4 isoform X29 [Homo sapiens]	TRUE	Tut4
XP_002296060.1	XP_011539728.1	0	N/A	30	80	10	0.000284	46.6	A-type voltage-gated potassium channel KCND3 isoform X3 [Homo sapiens]	FALSE	NA
XP_002296060.1	XP_016856733.1	0	N/A	30	80	10	0.000311	47	A-type voltage-gated potassium channel KCND3 isoform X1 [Homo sapiens]	FALSE	NA
XP_002296060.1	XP_006710692.1	0	N/A	30	80	10	0.000311	47	A-type voltage-gated potassium channel KCND3 isoform X1 [Homo sapiens]	FALSE	NA
XP_002296060.1	NP_004971.2	0	N/A	30	80	10	0.000311	47	A-type voltage-gated potassium channel KCND3 isoform 1 [Homo sapiens]	FALSE	NA
XP_002296060.1	NP_001365898.1	0	N/A	30	80	10	0.000311	47	A-type voltage-gated potassium channel KCND3 isoform 1 [Homo sapiens]	FALSE	NA
XP_002296060.1	XP_006710695.1	0	N/A	30	80	10	0.000313	46.6	A-type voltage-gated potassium channel KCND3 isoform X4 [Homo sapiens]	FALSE	NA
XP_002296060.1	XP_011539730.1	0	N/A	30	80	10	0.000339	46.2	A-type voltage-gated potassium channel KCND3 isoform X6 [Homo sapiens]	FALSE	NA
XP_002296060.1	XP_011539729.1	0	N/A	30	80	10	0.000339	46.2	A-type voltage-gated potassium channel KCND3 isoform X5 [Homo sapiens]	FALSE	NA
XP_002296060.1	XP_047297449.1	0	N/A	33.333	81	10	0.000341	46.2	BTB/POZ domain-containing protein KCTD17 isoform X7 [Homo sapiens]	FALSE	NA
XP_002296060.1	XP_016856734.1	0	N/A	30	80	10	0.000348	46.6	A-type voltage-gated potassium channel KCND3 isoform X2 [Homo sapiens]	FALSE	NA
XP_002296060.1	XP_011539727.1	0	N/A	30	80	10	0.000348	46.6	A-type voltage-gated potassium channel KCND3 isoform X2 [Homo sapiens]	FALSE	NA
XP_002296060.1	XP_047272820.1	0	N/A	22.995	187	21	0.000464	45.4	poly(A) RNA polymerase GLD2 isoform X11 [Homo sapiens]	TRUE	TENT2
XP_002296066.1	NP_001375065.1	0	N/A	39.13	69	100	5.68e-11	58.2	poly(A) RNA polymerase GLD2 isoform 14 [Homo sapiens]	TRUE	TENT2
XP_002296066.1	NP_001375061.1	0	N/A	39.13	69	100	5.86e-11	58.2	poly(A) RNA polymerase GLD2 isoform 12 [Homo sapiens]	TRUE	TENT2
XP_002296066.1	NP_001375060.1	0	N/A	39.13	69	100	5.87e-11	58.2	poly(A) RNA polymerase GLD2 isoform 11 [Homo sapiens]	TRUE	TENT2
XP_002296066.1	NP_001375059.1	0	N/A	39.13	69	100	5.88e-11	58.2	poly(A) RNA polymerase GLD2 isoform 10 [Homo sapiens]	TRUE	TENT2
XP_002296066.1	XP_047272811.1	0	N/A	39.13	69	100	5.88e-11	58.2	poly(A) RNA polymerase GLD2 isoform X4 [Homo sapiens]	TRUE	TENT2
XP_002296066.1	XP_047272810.1	0	N/A	39.13	69	100	5.88e-11	58.2	poly(A) RNA polymerase GLD2 isoform X4 [Homo sapiens]	TRUE	TENT2
XP_002296066.1	XP_047272809.1	0	N/A	39.13	69	100	5.88e-11	58.2	poly(A) RNA polymerase GLD2 isoform X4 [Homo sapiens]	TRUE	TENT2
XP_002296066.1	NP_001375058.1	0	N/A	39.13	69	100	5.88e-11	58.2	poly(A) RNA polymerase GLD2 isoform 2 [Homo sapiens]	TRUE	TENT2
XP_002296066.1	NP_001375057.1	0	N/A	39.13	69	100	5.88e-11	58.2	poly(A) RNA polymerase GLD2 isoform 2 [Homo sapiens]	TRUE	TENT2
XP_002296066.1	NP_001375056.1	0	N/A	39.13	69	100	5.88e-11	58.2	poly(A) RNA polymerase GLD2 isoform 2 [Homo sapiens]	TRUE	TENT2
XP_002296066.1	NP_001375055.1	0	N/A	39.13	69	100	5.88e-11	58.2	poly(A) RNA polymerase GLD2 isoform 2 [Homo sapiens]	TRUE	TENT2
XP_002296066.1	NP_001375054.1	0	N/A	39.13	69	100	5.88e-11	58.2	poly(A) RNA polymerase GLD2 isoform 2 [Homo sapiens]	TRUE	TENT2
XP_002296066.1	NP_001375053.1	0	N/A	39.13	69	100	5.88e-11	58.2	poly(A) RNA polymerase GLD2 isoform 2 [Homo sapiens]	TRUE	TENT2
XP_002296066.1	NP_001375052.1	0	N/A	39.13	69	100	5.88e-11	58.2	poly(A) RNA polymerase GLD2 isoform 2 [Homo sapiens]	TRUE	TENT2
XP_002296066.1	NP_001375051.1	0	N/A	39.13	69	100	5.88e-11	58.2	poly(A) RNA polymerase GLD2 isoform 2 [Homo sapiens]	TRUE	TENT2
XP_002296066.1	NP_001375050.1	0	N/A	39.13	69	100	5.88e-11	58.2	poly(A) RNA polymerase GLD2 isoform 2 [Homo sapiens]	TRUE	TENT2
XP_002296066.1	NP_001375049.1	0	N/A	39.13	69	100	5.88e-11	58.2	poly(A) RNA polymerase GLD2 isoform 2 [Homo sapiens]	TRUE	TENT2
XP_002296066.1	NP_001375048.1	0	N/A	39.13	69	100	5.88e-11	58.2	poly(A) RNA polymerase GLD2 isoform 2 [Homo sapiens]	TRUE	TENT2
XP_002296066.1	NP_001375047.1	0	N/A	39.13	69	100	5.88e-11	58.2	poly(A) RNA polymerase GLD2 isoform 2 [Homo sapiens]	TRUE	TENT2
XP_002296066.1	NP_001375046.1	0	N/A	39.13	69	100	5.88e-11	58.2	poly(A) RNA polymerase GLD2 isoform 2 [Homo sapiens]	TRUE	TENT2
XP_002296066.1	NP_001375045.1	0	N/A	39.13	69	100	5.88e-11	58.2	poly(A) RNA polymerase GLD2 isoform 2 [Homo sapiens]	TRUE	TENT2
XP_002296066.1	NP_001375044.1	0	N/A	39.13	69	100	5.88e-11	58.2	poly(A) RNA polymerase GLD2 isoform 2 [Homo sapiens]	TRUE	TENT2
XP_002296066.1	NP_001375043.1	0	N/A	39.13	69	100	5.88e-11	58.2	poly(A) RNA polymerase GLD2 isoform 2 [Homo sapiens]	TRUE	TENT2
XP_002296066.1	NP_001336483.1	0	N/A	39.13	69	100	5.88e-11	58.2	poly(A) RNA polymerase GLD2 isoform 2 [Homo sapiens]	TRUE	TENT2
XP_002296066.1	NP_001284673.1	0	N/A	39.13	69	100	5.88e-11	58.2	poly(A) RNA polymerase GLD2 isoform 2 [Homo sapiens]	TRUE	TENT2
XP_002296066.1	NP_001375042.1	0	N/A	39.13	69	100	5.89e-11	58.2	poly(A) RNA polymerase GLD2 isoform 16 [Homo sapiens]	TRUE	TENT2
XP_002296066.1	XP_047272808.1	0	N/A	39.13	69	100	5.89e-11	58.2	poly(A) RNA polymerase GLD2 isoform X3 [Homo sapiens]	TRUE	TENT2
XP_002296066.1	XP_047272807.1	0	N/A	39.13	69	100	5.89e-11	58.2	poly(A) RNA polymerase GLD2 isoform X3 [Homo sapiens]	TRUE	TENT2
XP_002296066.1	XP_047272806.1	0	N/A	39.13	69	100	5.89e-11	58.2	poly(A) RNA polymerase GLD2 isoform X3 [Homo sapiens]	TRUE	TENT2
XP_002296066.1	NP_776158.2	0	N/A	39.13	69	100	5.89e-11	58.2	poly(A) RNA polymerase GLD2 isoform 1 [Homo sapiens]	TRUE	TENT2
XP_002296066.1	NP_001375041.1	0	N/A	39.13	69	100	5.89e-11	58.2	poly(A) RNA polymerase GLD2 isoform 1 [Homo sapiens]	TRUE	TENT2
XP_002296066.1	NP_001375040.1	0	N/A	39.13	69	100	5.89e-11	58.2	poly(A) RNA polymerase GLD2 isoform 1 [Homo sapiens]	TRUE	TENT2
XP_002296066.1	NP_001375039.1	0	N/A	39.13	69	100	5.89e-11	58.2	poly(A) RNA polymerase GLD2 isoform 1 [Homo sapiens]	TRUE	TENT2
XP_002296066.1	NP_001375038.1	0	N/A	39.13	69	100	5.89e-11	58.2	poly(A) RNA polymerase GLD2 isoform 1 [Homo sapiens]	TRUE	TENT2
XP_002296066.1	NP_001375037.1	0	N/A	39.13	69	100	5.89e-11	58.2	poly(A) RNA polymerase GLD2 isoform 1 [Homo sapiens]	TRUE	TENT2
XP_002296066.1	NP_001375036.1	0	N/A	39.13	69	100	5.89e-11	58.2	poly(A) RNA polymerase GLD2 isoform 1 [Homo sapiens]	TRUE	TENT2
XP_002296066.1	NP_001375035.1	0	N/A	39.13	69	100	5.89e-11	58.2	poly(A) RNA polymerase GLD2 isoform 1 [Homo sapiens]	TRUE	TENT2
XP_002296066.1	NP_001375034.1	0	N/A	39.13	69	100	5.89e-11	58.2	poly(A) RNA polymerase GLD2 isoform 1 [Homo sapiens]	TRUE	TENT2
XP_002296066.1	NP_001375032.1	0	N/A	39.13	69	100	5.89e-11	58.2	poly(A) RNA polymerase GLD2 isoform 1 [Homo sapiens]	TRUE	TENT2
XP_002296066.1	NP_001375031.1	0	N/A	39.13	69	100	5.89e-11	58.2	poly(A) RNA polymerase GLD2 isoform 1 [Homo sapiens]	TRUE	TENT2
XP_002296066.1	NP_001336482.1	0	N/A	39.13	69	100	5.89e-11	58.2	poly(A) RNA polymerase GLD2 isoform 1 [Homo sapiens]	TRUE	TENT2
XP_002296066.1	NP_001336481.1	0	N/A	39.13	69	100	5.89e-11	58.2	poly(A) RNA polymerase GLD2 isoform 1 [Homo sapiens]	TRUE	TENT2
XP_002296066.1	NP_001107866.1	0	N/A	39.13	69	100	5.89e-11	58.2	poly(A) RNA polymerase GLD2 isoform 1 [Homo sapiens]	TRUE	TENT2
XP_002296066.1	NP_001107865.1	0	N/A	39.13	69	100	5.89e-11	58.2	poly(A) RNA polymerase GLD2 isoform 1 [Homo sapiens]	TRUE	TENT2
XP_002296066.1	NP_001375030.1	0	N/A	39.13	69	100	5.89e-11	58.2	poly(A) RNA polymerase GLD2 isoform 9 [Homo sapiens]	TRUE	TENT2
XP_002296066.1	NP_001375029.1	0	N/A	39.13	69	100	5.89e-11	58.2	poly(A) RNA polymerase GLD2 isoform 8 [Homo sapiens]	TRUE	TENT2
XP_002296066.1	NP_001375028.1	0	N/A	39.13	69	100	5.89e-11	58.2	poly(A) RNA polymerase GLD2 isoform 8 [Homo sapiens]	TRUE	TENT2
XP_002296066.1	NP_001375027.1	0	N/A	39.13	69	100	5.9e-11	58.2	poly(A) RNA polymerase GLD2 isoform 7 [Homo sapiens]	TRUE	TENT2
XP_002296066.1	XP_047272805.1	0	N/A	39.13	69	100	5.9e-11	58.2	poly(A) RNA polymerase GLD2 isoform X2 [Homo sapiens]	TRUE	TENT2
XP_002296066.1	XP_047272804.1	0	N/A	39.13	69	100	5.9e-11	58.2	poly(A) RNA polymerase GLD2 isoform X2 [Homo sapiens]	TRUE	TENT2
XP_002296066.1	XP_047272803.1	0	N/A	39.13	69	100	5.9e-11	58.2	poly(A) RNA polymerase GLD2 isoform X2 [Homo sapiens]	TRUE	TENT2
XP_002296066.1	XP_047272802.1	0	N/A	39.13	69	100	5.9e-11	58.2	poly(A) RNA polymerase GLD2 isoform X2 [Homo sapiens]	TRUE	TENT2
XP_002296066.1	XP_016864641.1	0	N/A	39.13	69	100	5.9e-11	58.2	poly(A) RNA polymerase GLD2 isoform X2 [Homo sapiens]	TRUE	TENT2
XP_002296066.1	NP_001375026.1	0	N/A	39.13	69	100	5.9e-11	58.2	poly(A) RNA polymerase GLD2 isoform 6 [Homo sapiens]	TRUE	TENT2
XP_002296066.1	NP_001375025.1	0	N/A	39.13	69	100	5.9e-11	58.2	poly(A) RNA polymerase GLD2 isoform 6 [Homo sapiens]	TRUE	TENT2
XP_002296066.1	NP_001375024.1	0	N/A	39.13	69	100	5.9e-11	58.2	poly(A) RNA polymerase GLD2 isoform 6 [Homo sapiens]	TRUE	TENT2
XP_002296066.1	NP_001336480.1	0	N/A	39.13	69	100	5.9e-11	58.2	poly(A) RNA polymerase GLD2 isoform 6 [Homo sapiens]	TRUE	TENT2
XP_002296066.1	XP_047272801.1	0	N/A	39.13	69	100	5.9e-11	58.2	poly(A) RNA polymerase GLD2 isoform X1 [Homo sapiens]	TRUE	TENT2
XP_002296066.1	XP_047272800.1	0	N/A	39.13	69	100	5.9e-11	58.2	poly(A) RNA polymerase GLD2 isoform X1 [Homo sapiens]	TRUE	TENT2
XP_002296066.1	XP_011541527.1	0	N/A	39.13	69	100	5.9e-11	58.2	poly(A) RNA polymerase GLD2 isoform X1 [Homo sapiens]	TRUE	TENT2
XP_002296066.1	XP_011541526.1	0	N/A	39.13	69	100	5.9e-11	58.2	poly(A) RNA polymerase GLD2 isoform X1 [Homo sapiens]	TRUE	TENT2
XP_002296066.1	XP_011541523.1	0	N/A	39.13	69	100	5.9e-11	58.2	poly(A) RNA polymerase GLD2 isoform X1 [Homo sapiens]	TRUE	TENT2
XP_002296066.1	XP_011541522.1	0	N/A	39.13	69	100	5.9e-11	58.2	poly(A) RNA polymerase GLD2 isoform X1 [Homo sapiens]	TRUE	TENT2
XP_002296066.1	NP_001375023.1	0	N/A	39.13	69	100	5.9e-11	58.2	poly(A) RNA polymerase GLD2 isoform 5 [Homo sapiens]	TRUE	TENT2
XP_002296066.1	NP_001375022.1	0	N/A	39.13	69	100	5.9e-11	58.2	poly(A) RNA polymerase GLD2 isoform 5 [Homo sapiens]	TRUE	TENT2
XP_002296066.1	NP_001336479.1	0	N/A	39.13	69	100	5.9e-11	58.2	poly(A) RNA polymerase GLD2 isoform 5 [Homo sapiens]	TRUE	TENT2
XP_002296066.1	NP_001336478.1	0	N/A	39.13	69	100	5.9e-11	58.2	poly(A) RNA polymerase GLD2 isoform 5 [Homo sapiens]	TRUE	TENT2
XP_002296066.1	XP_047272818.1	0	N/A	40.299	67	97	9.03e-11	57.4	poly(A) RNA polymerase GLD2 isoform X10 [Homo sapiens]	TRUE	TENT2
XP_002296066.1	NP_001336477.1	0	N/A	39.13	69	100	1.01e-10	57	poly(A) RNA polymerase GLD2 isoform 4 [Homo sapiens]	TRUE	TENT2
XP_002296066.1	XP_047272817.1	0	N/A	40.299	67	97	1.03e-10	57.4	poly(A) RNA polymerase GLD2 isoform X9 [Homo sapiens]	TRUE	TENT2
XP_002296066.1	XP_047272820.1	0	N/A	39.13	69	100	1.06e-10	57	poly(A) RNA polymerase GLD2 isoform X11 [Homo sapiens]	TRUE	TENT2
XP_002296066.1	XP_047272816.1	0	N/A	40.299	67	97	1.16e-10	57.4	poly(A) RNA polymerase GLD2 isoform X8 [Homo sapiens]	TRUE	TENT2
XP_002296066.1	NP_001375066.1	0	N/A	39.13	69	100	4.47e-10	55.5	poly(A) RNA polymerase GLD2 isoform 15 [Homo sapiens]	TRUE	TENT2
XP_002296066.1	NP_001317647.1	0	N/A	35.821	67	97	1.78e-09	53.9	terminal uridylyltransferase 7 isoform 3 [Homo sapiens]	TRUE	Tut7
XP_002296066.1	NP_001172003.1	0	N/A	35.821	67	97	1.8e-09	53.9	terminal uridylyltransferase 7 isoform 2 [Homo sapiens]	TRUE	Tut7
XP_002296066.1	XP_005252265.1	0	N/A	35.821	67	97	1.8e-09	53.9	terminal uridylyltransferase 7 isoform X7 [Homo sapiens]	TRUE	Tut7
XP_002296066.1	XP_047279825.1	0	N/A	35.821	67	97	1.8e-09	53.9	terminal uridylyltransferase 7 isoform X6 [Homo sapiens]	TRUE	Tut7
XP_002296066.1	XP_047279824.1	0	N/A	35.821	67	97	1.8e-09	53.9	terminal uridylyltransferase 7 isoform X6 [Homo sapiens]	TRUE	Tut7
XP_002296066.1	XP_005252264.1	0	N/A	35.821	67	97	1.8e-09	53.9	terminal uridylyltransferase 7 isoform X6 [Homo sapiens]	TRUE	Tut7
XP_002296066.1	XP_011517318.1	0	N/A	35.821	67	97	1.8e-09	53.9	terminal uridylyltransferase 7 isoform X5 [Homo sapiens]	TRUE	Tut7
XP_002296066.1	XP_016870620.1	0	N/A	35.821	67	97	1.8e-09	53.9	terminal uridylyltransferase 7 isoform X4 [Homo sapiens]	TRUE	Tut7
XP_002296066.1	XP_016870619.1	0	N/A	35.821	67	97	1.8e-09	53.9	terminal uridylyltransferase 7 isoform X4 [Homo sapiens]	TRUE	Tut7
XP_002296066.1	NP_078893.2	0	N/A	35.821	67	97	1.8e-09	53.9	terminal uridylyltransferase 7 isoform 1 [Homo sapiens]	TRUE	Tut7
XP_002296066.1	NP_001171988.1	0	N/A	35.821	67	97	1.8e-09	53.9	terminal uridylyltransferase 7 isoform 1 [Homo sapiens]	TRUE	Tut7
XP_002296066.1	XP_011517317.1	0	N/A	35.821	67	97	1.81e-09	53.9	terminal uridylyltransferase 7 isoform X3 [Homo sapiens]	TRUE	Tut7
XP_002296066.1	XP_047279823.1	0	N/A	35.821	67	97	1.81e-09	53.9	terminal uridylyltransferase 7 isoform X2 [Homo sapiens]	TRUE	Tut7
XP_002296066.1	XP_006717346.1	0	N/A	35.821	67	97	1.81e-09	53.9	terminal uridylyltransferase 7 isoform X2 [Homo sapiens]	TRUE	Tut7
XP_002296066.1	XP_011517316.1	0	N/A	35.821	67	97	1.81e-09	53.9	terminal uridylyltransferase 7 isoform X1 [Homo sapiens]	TRUE	Tut7
XP_002296066.1	XP_011517315.1	0	N/A	35.821	67	97	1.81e-09	53.9	terminal uridylyltransferase 7 isoform X1 [Homo sapiens]	TRUE	Tut7
XP_002296066.1	XP_011517314.1	0	N/A	35.821	67	97	1.81e-09	53.9	terminal uridylyltransferase 7 isoform X1 [Homo sapiens]	TRUE	Tut7
XP_002296066.1	XP_011517313.1	0	N/A	35.821	67	97	1.81e-09	53.9	terminal uridylyltransferase 7 isoform X1 [Homo sapiens]	TRUE	Tut7
XP_002296066.1	XP_047272384.1	0	N/A	32.836	67	97	3.9e-08	50.1	terminal uridylyltransferase 4 isoform X46 [Homo sapiens]	TRUE	Tut4
XP_002296066.1	XP_047272372.1	0	N/A	32.836	67	97	3.94e-08	50.1	terminal uridylyltransferase 4 isoform X42 [Homo sapiens]	TRUE	Tut4
XP_002296066.1	XP_016856299.1	0	N/A	32.836	67	97	3.94e-08	50.1	terminal uridylyltransferase 4 isoform X40 [Homo sapiens]	TRUE	Tut4
XP_002296066.1	XP_047272365.1	0	N/A	32.836	67	97	3.94e-08	50.1	terminal uridylyltransferase 4 isoform X38 [Homo sapiens]	TRUE	Tut4
XP_002296066.1	XP_016856297.1	0	N/A	32.836	67	97	3.94e-08	50.1	terminal uridylyltransferase 4 isoform X36 [Homo sapiens]	TRUE	Tut4
XP_002296066.1	XP_047272350.1	0	N/A	32.836	67	97	3.94e-08	50.1	terminal uridylyltransferase 4 isoform X34 [Homo sapiens]	TRUE	Tut4
XP_002296066.1	XP_005270739.1	0	N/A	32.836	67	97	3.94e-08	50.1	terminal uridylyltransferase 4 isoform X33 [Homo sapiens]	TRUE	Tut4
XP_002296066.1	XP_047272345.1	0	N/A	32.836	67	97	3.94e-08	50.1	terminal uridylyltransferase 4 isoform X31 [Homo sapiens]	TRUE	Tut4
XP_002296066.1	XP_047272344.1	0	N/A	32.836	67	97	3.94e-08	50.1	terminal uridylyltransferase 4 isoform X30 [Homo sapiens]	TRUE	Tut4
XP_002368453.2	XP_016856299.1	0	N/A	38.028	71	8	2.97e-06	54.3	terminal uridylyltransferase 4 isoform X40 [Homo sapiens]	TRUE	Tut4
XP_002368453.2	XP_016856292.1	0	N/A	38.028	71	8	2.97e-06	54.3	terminal uridylyltransferase 4 isoform X9 [Homo sapiens]	TRUE	Tut4
XP_002368453.2	XP_016856293.1	0	N/A	38.028	71	8	2.99e-06	54.3	terminal uridylyltransferase 4 isoform X16 [Homo sapiens]	TRUE	Tut4
XP_002368453.2	XP_047272305.1	0	N/A	38.028	71	8	3.02e-06	54.3	terminal uridylyltransferase 4 isoform X17 [Homo sapiens]	TRUE	Tut4
XP_002368453.2	XP_047272365.1	0	N/A	38.028	71	8	3.07e-06	53.9	terminal uridylyltransferase 4 isoform X38 [Homo sapiens]	TRUE	Tut4
XP_002368453.2	XP_047272290.1	0	N/A	38.028	71	8	3.09e-06	53.9	terminal uridylyltransferase 4 isoform X11 [Homo sapiens]	TRUE	Tut4
XP_002368453.2	XP_047272372.1	0	N/A	38.028	71	8	3.11e-06	53.9	terminal uridylyltransferase 4 isoform X42 [Homo sapiens]	TRUE	Tut4
XP_002368453.2	XP_047272296.1	0	N/A	38.028	71	8	3.12e-06	53.9	terminal uridylyltransferase 4 isoform X13 [Homo sapiens]	TRUE	Tut4
XP_002368453.2	XP_047272295.1	0	N/A	38.028	71	8	3.12e-06	53.9	terminal uridylyltransferase 4 isoform X12 [Homo sapiens]	TRUE	Tut4
XP_002368453.2	XP_047272288.1	0	N/A	38.028	71	8	3.15e-06	53.9	terminal uridylyltransferase 4 isoform X10 [Homo sapiens]	TRUE	Tut4
XP_002368453.2	XP_047272285.1	0	N/A	38.028	71	8	3.15e-06	53.9	terminal uridylyltransferase 4 isoform X7 [Homo sapiens]	TRUE	Tut4
XP_002368453.2	XP_047272345.1	0	N/A	38.028	71	8	3.18e-06	53.9	terminal uridylyltransferase 4 isoform X31 [Homo sapiens]	TRUE	Tut4
XP_002368453.2	XP_047272283.1	0	N/A	38.028	71	8	3.18e-06	53.9	terminal uridylyltransferase 4 isoform X6 [Homo sapiens]	TRUE	Tut4
XP_002368453.2	XP_005270737.1	0	N/A	38.028	71	8	3.18e-06	53.9	terminal uridylyltransferase 4 isoform X6 [Homo sapiens]	TRUE	Tut4
XP_002368453.2	XP_047272282.1	0	N/A	38.028	71	8	3.18e-06	53.9	terminal uridylyltransferase 4 isoform X5 [Homo sapiens]	TRUE	Tut4
XP_002368453.2	NP_056084.1	0	N/A	38.028	71	8	3.18e-06	53.9	terminal uridylyltransferase 4 isoform b [Homo sapiens]	TRUE	Tut4
XP_002368453.2	XP_047272281.1	0	N/A	38.028	71	8	3.24e-06	53.9	terminal uridylyltransferase 4 isoform X4 [Homo sapiens]	TRUE	Tut4
XP_002368453.2	NP_001009881.1	0	N/A	38.028	71	8	3.24e-06	53.9	terminal uridylyltransferase 4 isoform a [Homo sapiens]	TRUE	Tut4
XP_002368453.2	XP_016856297.1	0	N/A	38.028	71	8	3.26e-06	53.9	terminal uridylyltransferase 4 isoform X36 [Homo sapiens]	TRUE	Tut4
XP_002368453.2	XP_047272286.1	0	N/A	38.028	71	8	3.26e-06	53.9	terminal uridylyltransferase 4 isoform X8 [Homo sapiens]	TRUE	Tut4
XP_002368453.2	XP_005270735.1	0	N/A	38.028	71	8	3.27e-06	53.9	terminal uridylyltransferase 4 isoform X2 [Homo sapiens]	TRUE	Tut4
XP_002368453.2	XP_047272280.1	0	N/A	38.028	71	8	3.29e-06	53.9	terminal uridylyltransferase 4 isoform X3 [Homo sapiens]	TRUE	Tut4
XP_002368453.2	XP_005270736.1	0	N/A	38.028	71	8	3.29e-06	53.9	terminal uridylyltransferase 4 isoform X3 [Homo sapiens]	TRUE	Tut4
XP_002368453.2	XP_005270739.1	0	N/A	38.028	71	8	3.32e-06	53.9	terminal uridylyltransferase 4 isoform X33 [Homo sapiens]	TRUE	Tut4
XP_002368453.2	XP_011539399.1	0	N/A	38.028	71	8	3.32e-06	53.9	terminal uridylyltransferase 4 isoform X1 [Homo sapiens]	TRUE	Tut4
XP_002368453.2	XP_005270733.1	0	N/A	38.028	71	8	3.32e-06	53.9	terminal uridylyltransferase 4 isoform X1 [Homo sapiens]	TRUE	Tut4
XP_002368453.2	XP_011539401.1	0	N/A	38.028	71	8	3.38e-06	53.9	terminal uridylyltransferase 4 isoform X29 [Homo sapiens]	TRUE	Tut4
XP_002368453.2	XP_047272337.1	0	N/A	38.028	71	8	3.41e-06	53.9	terminal uridylyltransferase 4 isoform X27 [Homo sapiens]	TRUE	Tut4
XP_002368453.2	XP_016856296.1	0	N/A	38.028	71	8	3.44e-06	53.9	terminal uridylyltransferase 4 isoform X28 [Homo sapiens]	TRUE	Tut4
XP_002368453.2	XP_047272350.1	0	N/A	38.028	71	8	3.46e-06	53.9	terminal uridylyltransferase 4 isoform X34 [Homo sapiens]	TRUE	Tut4
XP_002368453.2	XP_016856295.1	0	N/A	38.028	71	8	3.56e-06	53.9	terminal uridylyltransferase 4 isoform X25 [Homo sapiens]	TRUE	Tut4
XP_002368453.2	XP_047272384.1	0	N/A	36.486	74	8	3.62e-06	53.5	terminal uridylyltransferase 4 isoform X46 [Homo sapiens]	TRUE	Tut4
XP_002368453.2	XP_047272325.1	0	N/A	38.028	71	8	3.68e-06	53.9	terminal uridylyltransferase 4 isoform X23 [Homo sapiens]	TRUE	Tut4
XP_002368453.2	XP_047272344.1	0	N/A	38.028	71	8	3.71e-06	53.9	terminal uridylyltransferase 4 isoform X30 [Homo sapiens]	TRUE	Tut4
XP_002368453.2	NP_001317647.1	0	N/A	32.432	74	8	9.98e-05	48.9	terminal uridylyltransferase 7 isoform 3 [Homo sapiens]	TRUE	Tut7
XP_002368453.2	XP_047279823.1	0	N/A	32.432	74	8	0.000127	48.9	terminal uridylyltransferase 7 isoform X2 [Homo sapiens]	TRUE	Tut7
XP_002368453.2	XP_006717346.1	0	N/A	32.432	74	8	0.000127	48.9	terminal uridylyltransferase 7 isoform X2 [Homo sapiens]	TRUE	Tut7
XP_002368453.2	NP_001172003.1	0	N/A	32.432	74	8	0.000134	48.5	terminal uridylyltransferase 7 isoform 2 [Homo sapiens]	TRUE	Tut7
XP_002368453.2	XP_011517317.1	0	N/A	32.432	74	8	0.000135	48.9	terminal uridylyltransferase 7 isoform X3 [Homo sapiens]	TRUE	Tut7
XP_002368453.2	XP_047279825.1	0	N/A	32.432	74	8	0.000136	48.5	terminal uridylyltransferase 7 isoform X6 [Homo sapiens]	TRUE	Tut7
XP_002368453.2	XP_047279824.1	0	N/A	32.432	74	8	0.000136	48.5	terminal uridylyltransferase 7 isoform X6 [Homo sapiens]	TRUE	Tut7
XP_002368453.2	XP_005252264.1	0	N/A	32.432	74	8	0.000136	48.5	terminal uridylyltransferase 7 isoform X6 [Homo sapiens]	TRUE	Tut7
XP_002368453.2	XP_016870620.1	0	N/A	32.432	74	8	0.000139	48.5	terminal uridylyltransferase 7 isoform X4 [Homo sapiens]	TRUE	Tut7
XP_002368453.2	XP_016870619.1	0	N/A	32.432	74	8	0.000139	48.5	terminal uridylyltransferase 7 isoform X4 [Homo sapiens]	TRUE	Tut7
XP_002368453.2	NP_078893.2	0	N/A	32.432	74	8	0.000139	48.5	terminal uridylyltransferase 7 isoform 1 [Homo sapiens]	TRUE	Tut7
XP_002368453.2	NP_001171988.1	0	N/A	32.432	74	8	0.000139	48.5	terminal uridylyltransferase 7 isoform 1 [Homo sapiens]	TRUE	Tut7
XP_002368453.2	XP_011517316.1	0	N/A	32.432	74	8	0.00014	48.5	terminal uridylyltransferase 7 isoform X1 [Homo sapiens]	TRUE	Tut7
XP_002368453.2	XP_011517315.1	0	N/A	32.432	74	8	0.00014	48.5	terminal uridylyltransferase 7 isoform X1 [Homo sapiens]	TRUE	Tut7
XP_002368453.2	XP_011517314.1	0	N/A	32.432	74	8	0.00014	48.5	terminal uridylyltransferase 7 isoform X1 [Homo sapiens]	TRUE	Tut7
XP_002368453.2	XP_011517313.1	0	N/A	32.432	74	8	0.00014	48.5	terminal uridylyltransferase 7 isoform X1 [Homo sapiens]	TRUE	Tut7
XP_002368453.2	XP_005252265.1	0	N/A	32.432	74	8	0.00014	48.5	terminal uridylyltransferase 7 isoform X7 [Homo sapiens]	TRUE	Tut7
XP_002368453.2	XP_011517318.1	0	N/A	32.432	74	8	0.00014	48.5	terminal uridylyltransferase 7 isoform X5 [Homo sapiens]	TRUE	Tut7
XP_002368453.2	NP_073741.3	0	N/A	28.994	169	16	0.000209	48.1	speckle targeted PIP5K1A-regulated poly(A) polymerase isoform 1 [Homo sapiens]	TRUE	Tut1
XP_002368453.2	XP_047279826.1	0	N/A	29.577	71	8	0.046	40.4	terminal uridylyltransferase 7 isoform X8 [Homo sapiens]	TRUE	Tut7
XP_002368453.2	NP_001375060.1	0	N/A	23.894	113	12	0.05	40	poly(A) RNA polymerase GLD2 isoform 11 [Homo sapiens]	TRUE	TENT2
XP_002368453.2	NP_001375065.1	0	N/A	26.531	98	10	0.051	39.7	poly(A) RNA polymerase GLD2 isoform 14 [Homo sapiens]	TRUE	TENT2
XP_002368453.2	NP_001375027.1	0	N/A	26.882	93	10	0.052	40	poly(A) RNA polymerase GLD2 isoform 7 [Homo sapiens]	TRUE	TENT2
XP_002368453.2	NP_001375061.1	0	N/A	26.882	93	10	0.052	39.7	poly(A) RNA polymerase GLD2 isoform 12 [Homo sapiens]	TRUE	TENT2
XP_002368453.2	XP_047272801.1	0	N/A	26.882	93	10	0.055	39.7	poly(A) RNA polymerase GLD2 isoform X1 [Homo sapiens]	TRUE	TENT2
XP_002368453.2	XP_047272800.1	0	N/A	26.882	93	10	0.055	39.7	poly(A) RNA polymerase GLD2 isoform X1 [Homo sapiens]	TRUE	TENT2
XP_002368453.2	XP_011541527.1	0	N/A	26.882	93	10	0.055	39.7	poly(A) RNA polymerase GLD2 isoform X1 [Homo sapiens]	TRUE	TENT2
XP_002368453.2	XP_011541526.1	0	N/A	26.882	93	10	0.055	39.7	poly(A) RNA polymerase GLD2 isoform X1 [Homo sapiens]	TRUE	TENT2
XP_002368453.2	XP_011541523.1	0	N/A	26.882	93	10	0.055	39.7	poly(A) RNA polymerase GLD2 isoform X1 [Homo sapiens]	TRUE	TENT2
XP_002368453.2	XP_011541522.1	0	N/A	26.882	93	10	0.055	39.7	poly(A) RNA polymerase GLD2 isoform X1 [Homo sapiens]	TRUE	TENT2
XP_002368453.2	NP_001375023.1	0	N/A	26.882	93	10	0.055	39.7	poly(A) RNA polymerase GLD2 isoform 5 [Homo sapiens]	TRUE	TENT2
XP_002368453.2	NP_001375022.1	0	N/A	26.882	93	10	0.055	39.7	poly(A) RNA polymerase GLD2 isoform 5 [Homo sapiens]	TRUE	TENT2
XP_002368453.2	NP_001336479.1	0	N/A	26.882	93	10	0.055	39.7	poly(A) RNA polymerase GLD2 isoform 5 [Homo sapiens]	TRUE	TENT2
XP_002368453.2	NP_001336478.1	0	N/A	26.882	93	10	0.055	39.7	poly(A) RNA polymerase GLD2 isoform 5 [Homo sapiens]	TRUE	TENT2
XP_002368453.2	XP_047272805.1	0	N/A	26.882	93	10	0.055	39.7	poly(A) RNA polymerase GLD2 isoform X2 [Homo sapiens]	TRUE	TENT2
XP_002368453.2	XP_047272804.1	0	N/A	26.882	93	10	0.055	39.7	poly(A) RNA polymerase GLD2 isoform X2 [Homo sapiens]	TRUE	TENT2
XP_002368453.2	XP_047272803.1	0	N/A	26.882	93	10	0.055	39.7	poly(A) RNA polymerase GLD2 isoform X2 [Homo sapiens]	TRUE	TENT2
XP_002368453.2	XP_047272802.1	0	N/A	26.882	93	10	0.055	39.7	poly(A) RNA polymerase GLD2 isoform X2 [Homo sapiens]	TRUE	TENT2
XP_002368453.2	XP_016864641.1	0	N/A	26.882	93	10	0.055	39.7	poly(A) RNA polymerase GLD2 isoform X2 [Homo sapiens]	TRUE	TENT2
XP_002368453.2	NP_001375026.1	0	N/A	26.882	93	10	0.055	39.7	poly(A) RNA polymerase GLD2 isoform 6 [Homo sapiens]	TRUE	TENT2
XP_002368453.2	NP_001375025.1	0	N/A	26.882	93	10	0.055	39.7	poly(A) RNA polymerase GLD2 isoform 6 [Homo sapiens]	TRUE	TENT2
XP_002368453.2	NP_001375024.1	0	N/A	26.882	93	10	0.055	39.7	poly(A) RNA polymerase GLD2 isoform 6 [Homo sapiens]	TRUE	TENT2
XP_002368453.2	NP_001336480.1	0	N/A	26.882	93	10	0.055	39.7	poly(A) RNA polymerase GLD2 isoform 6 [Homo sapiens]	TRUE	TENT2
XP_002368453.2	XP_047272808.1	0	N/A	26.882	93	10	0.059	39.7	poly(A) RNA polymerase GLD2 isoform X3 [Homo sapiens]	TRUE	TENT2
XP_002368453.2	XP_047272807.1	0	N/A	26.882	93	10	0.059	39.7	poly(A) RNA polymerase GLD2 isoform X3 [Homo sapiens]	TRUE	TENT2
XP_002368453.2	XP_047272806.1	0	N/A	26.882	93	10	0.059	39.7	poly(A) RNA polymerase GLD2 isoform X3 [Homo sapiens]	TRUE	TENT2
XP_002368453.2	NP_776158.2	0	N/A	26.882	93	10	0.059	39.7	poly(A) RNA polymerase GLD2 isoform 1 [Homo sapiens]	TRUE	TENT2
XP_002368453.2	NP_001375041.1	0	N/A	26.882	93	10	0.059	39.7	poly(A) RNA polymerase GLD2 isoform 1 [Homo sapiens]	TRUE	TENT2
XP_002368453.2	NP_001375040.1	0	N/A	26.882	93	10	0.059	39.7	poly(A) RNA polymerase GLD2 isoform 1 [Homo sapiens]	TRUE	TENT2
XP_002368453.2	NP_001375039.1	0	N/A	26.882	93	10	0.059	39.7	poly(A) RNA polymerase GLD2 isoform 1 [Homo sapiens]	TRUE	TENT2
XP_002368453.2	NP_001375038.1	0	N/A	26.882	93	10	0.059	39.7	poly(A) RNA polymerase GLD2 isoform 1 [Homo sapiens]	TRUE	TENT2
XP_002368453.2	NP_001375037.1	0	N/A	26.882	93	10	0.059	39.7	poly(A) RNA polymerase GLD2 isoform 1 [Homo sapiens]	TRUE	TENT2
XP_002368453.2	NP_001375036.1	0	N/A	26.882	93	10	0.059	39.7	poly(A) RNA polymerase GLD2 isoform 1 [Homo sapiens]	TRUE	TENT2
XP_002368453.2	NP_001375035.1	0	N/A	26.882	93	10	0.059	39.7	poly(A) RNA polymerase GLD2 isoform 1 [Homo sapiens]	TRUE	TENT2
XP_002368453.2	NP_001375034.1	0	N/A	26.882	93	10	0.059	39.7	poly(A) RNA polymerase GLD2 isoform 1 [Homo sapiens]	TRUE	TENT2
XP_002368453.2	NP_001375032.1	0	N/A	26.882	93	10	0.059	39.7	poly(A) RNA polymerase GLD2 isoform 1 [Homo sapiens]	TRUE	TENT2
XP_002368453.2	NP_001375031.1	0	N/A	26.882	93	10	0.059	39.7	poly(A) RNA polymerase GLD2 isoform 1 [Homo sapiens]	TRUE	TENT2
XP_002368453.2	NP_001336482.1	0	N/A	26.882	93	10	0.059	39.7	poly(A) RNA polymerase GLD2 isoform 1 [Homo sapiens]	TRUE	TENT2
XP_002368453.2	NP_001336481.1	0	N/A	26.882	93	10	0.059	39.7	poly(A) RNA polymerase GLD2 isoform 1 [Homo sapiens]	TRUE	TENT2
XP_002368453.2	NP_001107866.1	0	N/A	26.882	93	10	0.059	39.7	poly(A) RNA polymerase GLD2 isoform 1 [Homo sapiens]	TRUE	TENT2
XP_002368453.2	NP_001107865.1	0	N/A	26.882	93	10	0.059	39.7	poly(A) RNA polymerase GLD2 isoform 1 [Homo sapiens]	TRUE	TENT2
XP_002368453.2	NP_001375059.1	0	N/A	26.882	93	10	0.059	39.7	poly(A) RNA polymerase GLD2 isoform 10 [Homo sapiens]	TRUE	TENT2
XP_002368453.2	XP_047272811.1	0	N/A	26.882	93	10	0.06	39.7	poly(A) RNA polymerase GLD2 isoform X4 [Homo sapiens]	TRUE	TENT2
XP_002368453.2	XP_047272810.1	0	N/A	26.882	93	10	0.06	39.7	poly(A) RNA polymerase GLD2 isoform X4 [Homo sapiens]	TRUE	TENT2
XP_002368453.2	XP_047272809.1	0	N/A	26.882	93	10	0.06	39.7	poly(A) RNA polymerase GLD2 isoform X4 [Homo sapiens]	TRUE	TENT2
XP_002368453.2	NP_001375058.1	0	N/A	26.882	93	10	0.06	39.7	poly(A) RNA polymerase GLD2 isoform 2 [Homo sapiens]	TRUE	TENT2
XP_002371366.1	XP_016856293.1	0	N/A	35.616	146	14	4.44e-20	99.4	terminal uridylyltransferase 4 isoform X16 [Homo sapiens]	TRUE	Tut4
XP_002371366.1	XP_047272296.1	0	N/A	35.616	146	14	4.72e-20	99.4	terminal uridylyltransferase 4 isoform X13 [Homo sapiens]	TRUE	Tut4
XP_002371366.1	XP_047272288.1	0	N/A	35.616	146	14	4.72e-20	99.4	terminal uridylyltransferase 4 isoform X10 [Homo sapiens]	TRUE	Tut4
XP_002371366.1	XP_047272295.1	0	N/A	35.616	146	14	4.76e-20	99.4	terminal uridylyltransferase 4 isoform X12 [Homo sapiens]	TRUE	Tut4
XP_002371366.1	XP_047272305.1	0	N/A	35.616	146	14	4.88e-20	99.4	terminal uridylyltransferase 4 isoform X17 [Homo sapiens]	TRUE	Tut4
XP_002371366.1	XP_047272281.1	0	N/A	35.616	146	14	5.13e-20	99.4	terminal uridylyltransferase 4 isoform X4 [Homo sapiens]	TRUE	Tut4
XP_002371366.1	NP_001009881.1	0	N/A	35.616	146	14	5.13e-20	99.4	terminal uridylyltransferase 4 isoform a [Homo sapiens]	TRUE	Tut4
XP_002371366.1	XP_047272372.1	0	N/A	35.616	146	14	5.13e-20	99.4	terminal uridylyltransferase 4 isoform X42 [Homo sapiens]	TRUE	Tut4
XP_002371366.1	XP_047272285.1	0	N/A	35.616	146	14	5.15e-20	99.4	terminal uridylyltransferase 4 isoform X7 [Homo sapiens]	TRUE	Tut4
XP_002371366.1	XP_016856299.1	0	N/A	35.616	146	14	5.25e-20	99.4	terminal uridylyltransferase 4 isoform X40 [Homo sapiens]	TRUE	Tut4
XP_002371366.1	XP_047272283.1	0	N/A	35.616	146	14	5.25e-20	99.4	terminal uridylyltransferase 4 isoform X6 [Homo sapiens]	TRUE	Tut4
XP_002371366.1	XP_005270737.1	0	N/A	35.616	146	14	5.25e-20	99.4	terminal uridylyltransferase 4 isoform X6 [Homo sapiens]	TRUE	Tut4
XP_002371366.1	XP_047272282.1	0	N/A	35.616	146	14	5.26e-20	99.4	terminal uridylyltransferase 4 isoform X5 [Homo sapiens]	TRUE	Tut4
XP_002371366.1	NP_056084.1	0	N/A	35.616	146	14	5.26e-20	99.4	terminal uridylyltransferase 4 isoform b [Homo sapiens]	TRUE	Tut4
XP_002371366.1	XP_047272365.1	0	N/A	35.616	146	14	5.35e-20	99.4	terminal uridylyltransferase 4 isoform X38 [Homo sapiens]	TRUE	Tut4
XP_002371366.1	XP_016856292.1	0	N/A	35.616	146	14	5.5e-20	99.4	terminal uridylyltransferase 4 isoform X9 [Homo sapiens]	TRUE	Tut4
XP_002371366.1	XP_047272337.1	0	N/A	35.616	146	14	5.63e-20	99.4	terminal uridylyltransferase 4 isoform X27 [Homo sapiens]	TRUE	Tut4
XP_002371366.1	XP_016856296.1	0	N/A	35.616	146	14	5.73e-20	99.4	terminal uridylyltransferase 4 isoform X28 [Homo sapiens]	TRUE	Tut4
XP_002371366.1	XP_047272350.1	0	N/A	35.616	146	14	5.73e-20	99	terminal uridylyltransferase 4 isoform X34 [Homo sapiens]	TRUE	Tut4
XP_002371366.1	XP_047272290.1	0	N/A	35.616	146	14	5.79e-20	99.4	terminal uridylyltransferase 4 isoform X11 [Homo sapiens]	TRUE	Tut4
XP_002371366.1	XP_047272280.1	0	N/A	35.616	146	14	5.93e-20	99	terminal uridylyltransferase 4 isoform X3 [Homo sapiens]	TRUE	Tut4
XP_002371366.1	XP_005270736.1	0	N/A	35.616	146	14	5.93e-20	99	terminal uridylyltransferase 4 isoform X3 [Homo sapiens]	TRUE	Tut4
XP_002371366.1	XP_005270735.1	0	N/A	35.616	146	14	5.98e-20	99	terminal uridylyltransferase 4 isoform X2 [Homo sapiens]	TRUE	Tut4
XP_002371366.1	XP_011539399.1	0	N/A	35.616	146	14	6.08e-20	99	terminal uridylyltransferase 4 isoform X1 [Homo sapiens]	TRUE	Tut4
XP_002371366.1	XP_005270733.1	0	N/A	35.616	146	14	6.08e-20	99	terminal uridylyltransferase 4 isoform X1 [Homo sapiens]	TRUE	Tut4
XP_002371366.1	XP_011539401.1	0	N/A	35.616	146	14	6.16e-20	99	terminal uridylyltransferase 4 isoform X29 [Homo sapiens]	TRUE	Tut4
XP_002371366.1	XP_047272286.1	0	N/A	35.616	146	14	6.2e-20	99	terminal uridylyltransferase 4 isoform X8 [Homo sapiens]	TRUE	Tut4
XP_002371366.1	XP_047272345.1	0	N/A	35.616	146	14	6.31e-20	99	terminal uridylyltransferase 4 isoform X31 [Homo sapiens]	TRUE	Tut4
XP_002371366.1	XP_005270739.1	0	N/A	35.616	146	14	6.57e-20	99	terminal uridylyltransferase 4 isoform X33 [Homo sapiens]	TRUE	Tut4
XP_002371366.1	XP_047272384.1	0	N/A	35.616	146	14	6.67e-20	98.6	terminal uridylyltransferase 4 isoform X46 [Homo sapiens]	TRUE	Tut4
XP_002371366.1	XP_016856297.1	0	N/A	35.616	146	14	6.67e-20	99	terminal uridylyltransferase 4 isoform X36 [Homo sapiens]	TRUE	Tut4
XP_002371366.1	XP_016856295.1	0	N/A	35.616	146	14	6.85e-20	99	terminal uridylyltransferase 4 isoform X25 [Homo sapiens]	TRUE	Tut4
XP_002371366.1	XP_047272325.1	0	N/A	35.616	146	14	7.1e-20	99	terminal uridylyltransferase 4 isoform X23 [Homo sapiens]	TRUE	Tut4
XP_002371366.1	XP_047272344.1	0	N/A	35.616	146	14	7.11e-20	99	terminal uridylyltransferase 4 isoform X30 [Homo sapiens]	TRUE	Tut4
XP_002371366.1	NP_001317647.1	0	N/A	25.817	306	29	2e-19	96.7	terminal uridylyltransferase 7 isoform 3 [Homo sapiens]	TRUE	Tut7
XP_002371366.1	XP_047279823.1	0	N/A	25.817	306	29	3.65e-19	96.7	terminal uridylyltransferase 7 isoform X2 [Homo sapiens]	TRUE	Tut7
XP_002371366.1	XP_006717346.1	0	N/A	25.817	306	29	3.65e-19	96.7	terminal uridylyltransferase 7 isoform X2 [Homo sapiens]	TRUE	Tut7
XP_002371366.1	XP_047279825.1	0	N/A	25.817	306	29	4.3e-19	96.3	terminal uridylyltransferase 7 isoform X6 [Homo sapiens]	TRUE	Tut7
XP_002371366.1	XP_047279824.1	0	N/A	25.817	306	29	4.3e-19	96.3	terminal uridylyltransferase 7 isoform X6 [Homo sapiens]	TRUE	Tut7
XP_002371366.1	XP_005252264.1	0	N/A	25.817	306	29	4.3e-19	96.3	terminal uridylyltransferase 7 isoform X6 [Homo sapiens]	TRUE	Tut7
XP_002371366.1	XP_016870620.1	0	N/A	25.817	306	29	4.39e-19	96.3	terminal uridylyltransferase 7 isoform X4 [Homo sapiens]	TRUE	Tut7
XP_002371366.1	XP_016870619.1	0	N/A	25.817	306	29	4.39e-19	96.3	terminal uridylyltransferase 7 isoform X4 [Homo sapiens]	TRUE	Tut7
XP_002371366.1	NP_078893.2	0	N/A	25.817	306	29	4.39e-19	96.3	terminal uridylyltransferase 7 isoform 1 [Homo sapiens]	TRUE	Tut7
XP_002371366.1	NP_001171988.1	0	N/A	25.817	306	29	4.39e-19	96.3	terminal uridylyltransferase 7 isoform 1 [Homo sapiens]	TRUE	Tut7
XP_002371366.1	XP_011517316.1	0	N/A	26.059	307	29	4.53e-19	96.3	terminal uridylyltransferase 7 isoform X1 [Homo sapiens]	TRUE	Tut7
XP_002371366.1	XP_011517315.1	0	N/A	26.059	307	29	4.53e-19	96.3	terminal uridylyltransferase 7 isoform X1 [Homo sapiens]	TRUE	Tut7
XP_002371366.1	XP_011517314.1	0	N/A	26.059	307	29	4.53e-19	96.3	terminal uridylyltransferase 7 isoform X1 [Homo sapiens]	TRUE	Tut7
XP_002371366.1	XP_011517313.1	0	N/A	26.059	307	29	4.53e-19	96.3	terminal uridylyltransferase 7 isoform X1 [Homo sapiens]	TRUE	Tut7
XP_002371366.1	XP_011517318.1	0	N/A	25.733	307	29	4.65e-19	96.3	terminal uridylyltransferase 7 isoform X5 [Homo sapiens]	TRUE	Tut7
XP_002371366.1	XP_011517317.1	0	N/A	25.733	307	29	4.71e-19	96.3	terminal uridylyltransferase 7 isoform X3 [Homo sapiens]	TRUE	Tut7
XP_002371366.1	XP_005252265.1	0	N/A	25.817	306	29	4.87e-19	95.9	terminal uridylyltransferase 7 isoform X7 [Homo sapiens]	TRUE	Tut7
XP_002371366.1	NP_001172003.1	0	N/A	32.886	149	14	4.53e-18	92.8	terminal uridylyltransferase 7 isoform 2 [Homo sapiens]	TRUE	Tut7
XP_002371366.1	XP_047272801.1	0	N/A	25.128	390	36	7.15e-18	90.9	poly(A) RNA polymerase GLD2 isoform X1 [Homo sapiens]	TRUE	TENT2
XP_002371366.1	XP_047272800.1	0	N/A	25.128	390	36	7.15e-18	90.9	poly(A) RNA polymerase GLD2 isoform X1 [Homo sapiens]	TRUE	TENT2
XP_002371366.1	XP_011541527.1	0	N/A	25.128	390	36	7.15e-18	90.9	poly(A) RNA polymerase GLD2 isoform X1 [Homo sapiens]	TRUE	TENT2
XP_002371366.1	XP_011541526.1	0	N/A	25.128	390	36	7.15e-18	90.9	poly(A) RNA polymerase GLD2 isoform X1 [Homo sapiens]	TRUE	TENT2
XP_002371366.1	XP_011541523.1	0	N/A	25.128	390	36	7.15e-18	90.9	poly(A) RNA polymerase GLD2 isoform X1 [Homo sapiens]	TRUE	TENT2
XP_002371366.1	XP_011541522.1	0	N/A	25.128	390	36	7.15e-18	90.9	poly(A) RNA polymerase GLD2 isoform X1 [Homo sapiens]	TRUE	TENT2
XP_002371366.1	NP_001375023.1	0	N/A	25.128	390	36	7.15e-18	90.9	poly(A) RNA polymerase GLD2 isoform 5 [Homo sapiens]	TRUE	TENT2
XP_002371366.1	NP_001375022.1	0	N/A	25.128	390	36	7.15e-18	90.9	poly(A) RNA polymerase GLD2 isoform 5 [Homo sapiens]	TRUE	TENT2
XP_002371366.1	NP_001336479.1	0	N/A	25.128	390	36	7.15e-18	90.9	poly(A) RNA polymerase GLD2 isoform 5 [Homo sapiens]	TRUE	TENT2
XP_002371366.1	NP_001336478.1	0	N/A	25.128	390	36	7.15e-18	90.9	poly(A) RNA polymerase GLD2 isoform 5 [Homo sapiens]	TRUE	TENT2
XP_002371366.1	NP_001375027.1	0	N/A	24.872	390	36	1.15e-17	90.1	poly(A) RNA polymerase GLD2 isoform 7 [Homo sapiens]	TRUE	TENT2
XP_002371366.1	XP_047272805.1	0	N/A	24.872	390	36	1.28e-17	90.1	poly(A) RNA polymerase GLD2 isoform X2 [Homo sapiens]	TRUE	TENT2
XP_002371366.1	XP_047272804.1	0	N/A	24.872	390	36	1.28e-17	90.1	poly(A) RNA polymerase GLD2 isoform X2 [Homo sapiens]	TRUE	TENT2
XP_002371366.1	XP_047272803.1	0	N/A	24.872	390	36	1.28e-17	90.1	poly(A) RNA polymerase GLD2 isoform X2 [Homo sapiens]	TRUE	TENT2
XP_002371366.1	XP_047272802.1	0	N/A	24.872	390	36	1.28e-17	90.1	poly(A) RNA polymerase GLD2 isoform X2 [Homo sapiens]	TRUE	TENT2
XP_002371366.1	XP_016864641.1	0	N/A	24.872	390	36	1.28e-17	90.1	poly(A) RNA polymerase GLD2 isoform X2 [Homo sapiens]	TRUE	TENT2
XP_002371366.1	NP_001375026.1	0	N/A	24.872	390	36	1.28e-17	90.1	poly(A) RNA polymerase GLD2 isoform 6 [Homo sapiens]	TRUE	TENT2
XP_002371366.1	NP_001375025.1	0	N/A	24.872	390	36	1.28e-17	90.1	poly(A) RNA polymerase GLD2 isoform 6 [Homo sapiens]	TRUE	TENT2
XP_002371366.1	NP_001375024.1	0	N/A	24.872	390	36	1.28e-17	90.1	poly(A) RNA polymerase GLD2 isoform 6 [Homo sapiens]	TRUE	TENT2
XP_002371366.1	NP_001336480.1	0	N/A	24.872	390	36	1.28e-17	90.1	poly(A) RNA polymerase GLD2 isoform 6 [Homo sapiens]	TRUE	TENT2
XP_002371366.1	NP_001336477.1	0	N/A	35.294	153	14	3.2e-17	85.1	poly(A) RNA polymerase GLD2 isoform 4 [Homo sapiens]	TRUE	TENT2
XP_002371366.1	XP_047272820.1	0	N/A	35.294	153	14	4.1e-17	84.7	poly(A) RNA polymerase GLD2 isoform X11 [Homo sapiens]	TRUE	TENT2
XP_002371366.1	NP_001375065.1	0	N/A	35.294	153	14	1.16e-16	85.5	poly(A) RNA polymerase GLD2 isoform 14 [Homo sapiens]	TRUE	TENT2
XP_002371366.1	XP_047272811.1	0	N/A	35.294	153	14	1.6e-16	86.3	poly(A) RNA polymerase GLD2 isoform X4 [Homo sapiens]	TRUE	TENT2
XP_002371366.1	XP_047272810.1	0	N/A	35.294	153	14	1.6e-16	86.3	poly(A) RNA polymerase GLD2 isoform X4 [Homo sapiens]	TRUE	TENT2
XP_002371366.1	XP_047272809.1	0	N/A	35.294	153	14	1.6e-16	86.3	poly(A) RNA polymerase GLD2 isoform X4 [Homo sapiens]	TRUE	TENT2
XP_002371366.1	NP_001375058.1	0	N/A	35.294	153	14	1.6e-16	86.3	poly(A) RNA polymerase GLD2 isoform 2 [Homo sapiens]	TRUE	TENT2
XP_002371366.1	NP_001375057.1	0	N/A	35.294	153	14	1.6e-16	86.3	poly(A) RNA polymerase GLD2 isoform 2 [Homo sapiens]	TRUE	TENT2
XP_002371366.1	NP_001375056.1	0	N/A	35.294	153	14	1.6e-16	86.3	poly(A) RNA polymerase GLD2 isoform 2 [Homo sapiens]	TRUE	TENT2
XP_002371366.1	NP_001375055.1	0	N/A	35.294	153	14	1.6e-16	86.3	poly(A) RNA polymerase GLD2 isoform 2 [Homo sapiens]	TRUE	TENT2
XP_002371366.1	NP_001375054.1	0	N/A	35.294	153	14	1.6e-16	86.3	poly(A) RNA polymerase GLD2 isoform 2 [Homo sapiens]	TRUE	TENT2
XP_002371366.1	NP_001375053.1	0	N/A	35.294	153	14	1.6e-16	86.3	poly(A) RNA polymerase GLD2 isoform 2 [Homo sapiens]	TRUE	TENT2
XP_002371366.1	NP_001375052.1	0	N/A	35.294	153	14	1.6e-16	86.3	poly(A) RNA polymerase GLD2 isoform 2 [Homo sapiens]	TRUE	TENT2
XP_002371366.1	NP_001375051.1	0	N/A	35.294	153	14	1.6e-16	86.3	poly(A) RNA polymerase GLD2 isoform 2 [Homo sapiens]	TRUE	TENT2
XP_002371366.1	NP_001375050.1	0	N/A	35.294	153	14	1.6e-16	86.3	poly(A) RNA polymerase GLD2 isoform 2 [Homo sapiens]	TRUE	TENT2
XP_002371366.1	NP_001375049.1	0	N/A	35.294	153	14	1.6e-16	86.3	poly(A) RNA polymerase GLD2 isoform 2 [Homo sapiens]	TRUE	TENT2
XP_002371366.1	NP_001375048.1	0	N/A	35.294	153	14	1.6e-16	86.3	poly(A) RNA polymerase GLD2 isoform 2 [Homo sapiens]	TRUE	TENT2
XP_002371366.1	NP_001375047.1	0	N/A	35.294	153	14	1.6e-16	86.3	poly(A) RNA polymerase GLD2 isoform 2 [Homo sapiens]	TRUE	TENT2
XP_002371366.1	NP_001375046.1	0	N/A	35.294	153	14	1.6e-16	86.3	poly(A) RNA polymerase GLD2 isoform 2 [Homo sapiens]	TRUE	TENT2
XP_002371366.1	NP_001375045.1	0	N/A	35.294	153	14	1.6e-16	86.3	poly(A) RNA polymerase GLD2 isoform 2 [Homo sapiens]	TRUE	TENT2
XP_002371366.1	NP_001375044.1	0	N/A	35.294	153	14	1.6e-16	86.3	poly(A) RNA polymerase GLD2 isoform 2 [Homo sapiens]	TRUE	TENT2
XP_002371366.1	NP_001375043.1	0	N/A	35.294	153	14	1.6e-16	86.3	poly(A) RNA polymerase GLD2 isoform 2 [Homo sapiens]	TRUE	TENT2
XP_002371366.1	NP_001336483.1	0	N/A	35.294	153	14	1.6e-16	86.3	poly(A) RNA polymerase GLD2 isoform 2 [Homo sapiens]	TRUE	TENT2
XP_002371366.1	NP_001284673.1	0	N/A	35.294	153	14	1.6e-16	86.3	poly(A) RNA polymerase GLD2 isoform 2 [Homo sapiens]	TRUE	TENT2
XP_002371366.1	NP_001375059.1	0	N/A	35.294	153	14	1.6e-16	86.3	poly(A) RNA polymerase GLD2 isoform 10 [Homo sapiens]	TRUE	TENT2
XP_002371366.1	NP_001375042.1	0	N/A	35.294	153	14	1.61e-16	86.3	poly(A) RNA polymerase GLD2 isoform 16 [Homo sapiens]	TRUE	TENT2
XP_002371366.1	XP_047272808.1	0	N/A	35.294	153	14	1.62e-16	86.3	poly(A) RNA polymerase GLD2 isoform X3 [Homo sapiens]	TRUE	TENT2
XP_002371366.1	XP_047272807.1	0	N/A	35.294	153	14	1.62e-16	86.3	poly(A) RNA polymerase GLD2 isoform X3 [Homo sapiens]	TRUE	TENT2
XP_002500013.1	XP_047290433.1	0	N/A	39.1	289	98	4.23e-68	221	terminal nucleotidyltransferase 4B isoform X6 [Homo sapiens]	TRUE	TENT4B
XP_002500013.1	XP_011521580.1	0	N/A	39.1	289	98	1.34e-67	221	terminal nucleotidyltransferase 4B isoform X5 [Homo sapiens]	TRUE	TENT4B
XP_002500013.1	XP_047290432.1	0	N/A	38.699	292	99	9.3e-67	221	terminal nucleotidyltransferase 4B isoform X4 [Homo sapiens]	TRUE	TENT4B
XP_002500013.1	XP_047290431.1	0	N/A	38.699	292	99	1.51e-66	221	terminal nucleotidyltransferase 4B isoform X3 [Homo sapiens]	TRUE	TENT4B
XP_002500013.1	NP_001035375.2	0	N/A	38.699	292	99	1.58e-66	221	terminal nucleotidyltransferase 4B isoform b [Homo sapiens]	TRUE	TENT4B
XP_002500013.1	XP_011521578.1	0	N/A	38.699	292	99	1.61e-66	221	terminal nucleotidyltransferase 4B isoform X2 [Homo sapiens]	TRUE	TENT4B
XP_002500013.1	NP_001352252.1	0	N/A	38.699	292	99	2.55e-66	221	terminal nucleotidyltransferase 4B isoform c [Homo sapiens]	TRUE	TENT4B
XP_002500013.1	NP_001352253.1	0	N/A	38.699	292	99	3.24e-66	221	terminal nucleotidyltransferase 4B isoform d [Homo sapiens]	TRUE	TENT4B
XP_002500013.1	NP_001035374.2	0	N/A	38.699	292	99	4.55e-66	221	terminal nucleotidyltransferase 4B isoform a [Homo sapiens]	TRUE	TENT4B
XP_002500013.1	XP_011521577.1	0	N/A	38.699	292	99	4.62e-66	221	terminal nucleotidyltransferase 4B isoform X1 [Homo sapiens]	TRUE	TENT4B
XP_002500013.1	NP_008930.2	0	N/A	38.832	291	98	1.25e-63	216	terminal nucleotidyltransferase 4A isoform 1 [Homo sapiens]	TRUE	TENT4A
XP_002500013.1	NP_001165276.2	0	N/A	38.832	291	98	1.27e-63	216	terminal nucleotidyltransferase 4A isoform 2 [Homo sapiens]	TRUE	TENT4A
XP_002500013.1	XP_047272622.1	0	N/A	38.214	280	95	1.96e-60	202	terminal nucleotidyltransferase 4A isoform X1 [Homo sapiens]	TRUE	TENT4A
XP_002500013.1	XP_047272621.1	0	N/A	38.214	280	95	1.96e-60	202	terminal nucleotidyltransferase 4A isoform X1 [Homo sapiens]	TRUE	TENT4A
XP_002500013.1	XP_047272620.1	0	N/A	38.214	280	95	1.96e-60	202	terminal nucleotidyltransferase 4A isoform X1 [Homo sapiens]	TRUE	TENT4A
XP_002500013.1	XP_047272623.1	0	N/A	38.519	270	91	4.62e-58	196	terminal nucleotidyltransferase 4A isoform X2 [Homo sapiens]	TRUE	TENT4A
XP_002500013.1	XP_016864477.1	0	N/A	38.519	270	91	4.62e-58	196	terminal nucleotidyltransferase 4A isoform X2 [Homo sapiens]	TRUE	TENT4A
XP_002500013.1	XP_047272624.1	0	N/A	38.519	270	91	5.2e-58	196	terminal nucleotidyltransferase 4A isoform X3 [Homo sapiens]	TRUE	TENT4A
XP_002500013.1	NP_001375027.1	0	N/A	27.119	236	74	2.19e-13	72.4	poly(A) RNA polymerase GLD2 isoform 7 [Homo sapiens]	TRUE	TENT2
XP_002500013.1	XP_047272805.1	0	N/A	27.119	236	74	2.25e-13	72.4	poly(A) RNA polymerase GLD2 isoform X2 [Homo sapiens]	TRUE	TENT2
XP_002500013.1	XP_047272804.1	0	N/A	27.119	236	74	2.25e-13	72.4	poly(A) RNA polymerase GLD2 isoform X2 [Homo sapiens]	TRUE	TENT2
XP_002500013.1	XP_047272803.1	0	N/A	27.119	236	74	2.25e-13	72.4	poly(A) RNA polymerase GLD2 isoform X2 [Homo sapiens]	TRUE	TENT2
XP_002500013.1	XP_047272802.1	0	N/A	27.119	236	74	2.25e-13	72.4	poly(A) RNA polymerase GLD2 isoform X2 [Homo sapiens]	TRUE	TENT2
XP_002500013.1	XP_016864641.1	0	N/A	27.119	236	74	2.25e-13	72.4	poly(A) RNA polymerase GLD2 isoform X2 [Homo sapiens]	TRUE	TENT2
XP_002500013.1	NP_001375026.1	0	N/A	27.119	236	74	2.25e-13	72.4	poly(A) RNA polymerase GLD2 isoform 6 [Homo sapiens]	TRUE	TENT2
XP_002500013.1	NP_001375025.1	0	N/A	27.119	236	74	2.25e-13	72.4	poly(A) RNA polymerase GLD2 isoform 6 [Homo sapiens]	TRUE	TENT2
XP_002500013.1	NP_001375024.1	0	N/A	27.119	236	74	2.25e-13	72.4	poly(A) RNA polymerase GLD2 isoform 6 [Homo sapiens]	TRUE	TENT2
XP_002500013.1	NP_001336480.1	0	N/A	27.119	236	74	2.25e-13	72.4	poly(A) RNA polymerase GLD2 isoform 6 [Homo sapiens]	TRUE	TENT2
XP_002500013.1	XP_047272801.1	0	N/A	27.119	236	74	2.49e-13	72.4	poly(A) RNA polymerase GLD2 isoform X1 [Homo sapiens]	TRUE	TENT2
XP_002500013.1	XP_047272800.1	0	N/A	27.119	236	74	2.49e-13	72.4	poly(A) RNA polymerase GLD2 isoform X1 [Homo sapiens]	TRUE	TENT2
XP_002500013.1	XP_011541527.1	0	N/A	27.119	236	74	2.49e-13	72.4	poly(A) RNA polymerase GLD2 isoform X1 [Homo sapiens]	TRUE	TENT2
XP_002500013.1	XP_011541526.1	0	N/A	27.119	236	74	2.49e-13	72.4	poly(A) RNA polymerase GLD2 isoform X1 [Homo sapiens]	TRUE	TENT2
XP_002500013.1	XP_011541523.1	0	N/A	27.119	236	74	2.49e-13	72.4	poly(A) RNA polymerase GLD2 isoform X1 [Homo sapiens]	TRUE	TENT2
XP_002500013.1	XP_011541522.1	0	N/A	27.119	236	74	2.49e-13	72.4	poly(A) RNA polymerase GLD2 isoform X1 [Homo sapiens]	TRUE	TENT2
XP_002500013.1	NP_001375023.1	0	N/A	27.119	236	74	2.49e-13	72.4	poly(A) RNA polymerase GLD2 isoform 5 [Homo sapiens]	TRUE	TENT2
XP_002500013.1	NP_001375022.1	0	N/A	27.119	236	74	2.49e-13	72.4	poly(A) RNA polymerase GLD2 isoform 5 [Homo sapiens]	TRUE	TENT2
XP_002500013.1	NP_001336479.1	0	N/A	27.119	236	74	2.49e-13	72.4	poly(A) RNA polymerase GLD2 isoform 5 [Homo sapiens]	TRUE	TENT2
XP_002500013.1	NP_001336478.1	0	N/A	27.119	236	74	2.49e-13	72.4	poly(A) RNA polymerase GLD2 isoform 5 [Homo sapiens]	TRUE	TENT2
XP_002500013.1	XP_047272820.1	0	N/A	26.415	212	66	2.49e-13	70.9	poly(A) RNA polymerase GLD2 isoform X11 [Homo sapiens]	TRUE	TENT2
XP_002500013.1	XP_047272817.1	0	N/A	33.582	134	46	1.36e-11	66.6	poly(A) RNA polymerase GLD2 isoform X9 [Homo sapiens]	TRUE	TENT2
XP_002500013.1	XP_047272816.1	0	N/A	33.582	134	46	1.43e-11	66.6	poly(A) RNA polymerase GLD2 isoform X8 [Homo sapiens]	TRUE	TENT2
XP_002500013.1	XP_005252265.1	0	N/A	22.776	281	85	1.19e-09	61.6	terminal uridylyltransferase 7 isoform X7 [Homo sapiens]	TRUE	Tut7
XP_002500013.1	NP_001317647.1	0	N/A	26.627	169	56	1.43e-09	61.2	terminal uridylyltransferase 7 isoform 3 [Homo sapiens]	TRUE	Tut7
XP_002500013.1	XP_011517316.1	0	N/A	22.776	281	85	1.52e-09	61.2	terminal uridylyltransferase 7 isoform X1 [Homo sapiens]	TRUE	Tut7
XP_002500013.1	XP_011517315.1	0	N/A	22.776	281	85	1.52e-09	61.2	terminal uridylyltransferase 7 isoform X1 [Homo sapiens]	TRUE	Tut7
XP_002500013.1	XP_011517314.1	0	N/A	22.776	281	85	1.52e-09	61.2	terminal uridylyltransferase 7 isoform X1 [Homo sapiens]	TRUE	Tut7
XP_002500013.1	XP_011517313.1	0	N/A	22.776	281	85	1.52e-09	61.2	terminal uridylyltransferase 7 isoform X1 [Homo sapiens]	TRUE	Tut7
XP_002500013.1	XP_011517317.1	0	N/A	22.776	281	85	1.81e-09	61.2	terminal uridylyltransferase 7 isoform X3 [Homo sapiens]	TRUE	Tut7
XP_002500013.1	XP_011517318.1	0	N/A	22.776	281	85	1.92e-09	60.8	terminal uridylyltransferase 7 isoform X5 [Homo sapiens]	TRUE	Tut7
XP_002500013.1	XP_047279825.1	0	N/A	22.776	281	85	1.99e-09	60.8	terminal uridylyltransferase 7 isoform X6 [Homo sapiens]	TRUE	Tut7
XP_002500013.1	XP_047279824.1	0	N/A	22.776	281	85	1.99e-09	60.8	terminal uridylyltransferase 7 isoform X6 [Homo sapiens]	TRUE	Tut7
XP_002500013.1	XP_005252264.1	0	N/A	22.776	281	85	1.99e-09	60.8	terminal uridylyltransferase 7 isoform X6 [Homo sapiens]	TRUE	Tut7
XP_002500013.1	XP_016870620.1	0	N/A	22.776	281	85	2.08e-09	60.8	terminal uridylyltransferase 7 isoform X4 [Homo sapiens]	TRUE	Tut7
XP_002500013.1	XP_016870619.1	0	N/A	22.776	281	85	2.08e-09	60.8	terminal uridylyltransferase 7 isoform X4 [Homo sapiens]	TRUE	Tut7
XP_002500013.1	NP_078893.2	0	N/A	22.776	281	85	2.08e-09	60.8	terminal uridylyltransferase 7 isoform 1 [Homo sapiens]	TRUE	Tut7
XP_002500013.1	NP_001171988.1	0	N/A	22.776	281	85	2.08e-09	60.8	terminal uridylyltransferase 7 isoform 1 [Homo sapiens]	TRUE	Tut7
XP_002500013.1	XP_047279823.1	0	N/A	22.776	281	85	2.11e-09	60.8	terminal uridylyltransferase 7 isoform X2 [Homo sapiens]	TRUE	Tut7
XP_002500013.1	XP_006717346.1	0	N/A	22.776	281	85	2.11e-09	60.8	terminal uridylyltransferase 7 isoform X2 [Homo sapiens]	TRUE	Tut7
XP_002500013.1	NP_001336477.1	0	N/A	25.258	194	60	3.42e-09	58.9	poly(A) RNA polymerase GLD2 isoform 4 [Homo sapiens]	TRUE	TENT2
XP_002500013.1	NP_001375065.1	0	N/A	25.258	194	60	6.74e-09	58.5	poly(A) RNA polymerase GLD2 isoform 14 [Homo sapiens]	TRUE	TENT2
XP_002500013.1	NP_001375059.1	0	N/A	25.258	194	60	1.06e-08	58.2	poly(A) RNA polymerase GLD2 isoform 10 [Homo sapiens]	TRUE	TENT2
XP_002500013.1	NP_001375060.1	0	N/A	25.258	194	60	1.08e-08	58.2	poly(A) RNA polymerase GLD2 isoform 11 [Homo sapiens]	TRUE	TENT2
XP_002500013.1	XP_047272811.1	0	N/A	25.258	194	60	1.08e-08	58.2	poly(A) RNA polymerase GLD2 isoform X4 [Homo sapiens]	TRUE	TENT2
XP_002500013.1	XP_047272810.1	0	N/A	25.258	194	60	1.08e-08	58.2	poly(A) RNA polymerase GLD2 isoform X4 [Homo sapiens]	TRUE	TENT2
XP_002500013.1	XP_047272809.1	0	N/A	25.258	194	60	1.08e-08	58.2	poly(A) RNA polymerase GLD2 isoform X4 [Homo sapiens]	TRUE	TENT2
XP_002500013.1	NP_001375058.1	0	N/A	25.258	194	60	1.08e-08	58.2	poly(A) RNA polymerase GLD2 isoform 2 [Homo sapiens]	TRUE	TENT2
XP_002500013.1	NP_001375057.1	0	N/A	25.258	194	60	1.08e-08	58.2	poly(A) RNA polymerase GLD2 isoform 2 [Homo sapiens]	TRUE	TENT2
XP_002500013.1	NP_001375056.1	0	N/A	25.258	194	60	1.08e-08	58.2	poly(A) RNA polymerase GLD2 isoform 2 [Homo sapiens]	TRUE	TENT2
XP_002500013.1	NP_001375055.1	0	N/A	25.258	194	60	1.08e-08	58.2	poly(A) RNA polymerase GLD2 isoform 2 [Homo sapiens]	TRUE	TENT2
XP_002500013.1	NP_001375054.1	0	N/A	25.258	194	60	1.08e-08	58.2	poly(A) RNA polymerase GLD2 isoform 2 [Homo sapiens]	TRUE	TENT2
XP_002500013.1	NP_001375053.1	0	N/A	25.258	194	60	1.08e-08	58.2	poly(A) RNA polymerase GLD2 isoform 2 [Homo sapiens]	TRUE	TENT2
XP_002500013.1	NP_001375052.1	0	N/A	25.258	194	60	1.08e-08	58.2	poly(A) RNA polymerase GLD2 isoform 2 [Homo sapiens]	TRUE	TENT2
XP_002500013.1	NP_001375051.1	0	N/A	25.258	194	60	1.08e-08	58.2	poly(A) RNA polymerase GLD2 isoform 2 [Homo sapiens]	TRUE	TENT2
XP_002500013.1	NP_001375050.1	0	N/A	25.258	194	60	1.08e-08	58.2	poly(A) RNA polymerase GLD2 isoform 2 [Homo sapiens]	TRUE	TENT2
XP_002500013.1	NP_001375049.1	0	N/A	25.258	194	60	1.08e-08	58.2	poly(A) RNA polymerase GLD2 isoform 2 [Homo sapiens]	TRUE	TENT2
XP_002500013.1	NP_001375048.1	0	N/A	25.258	194	60	1.08e-08	58.2	poly(A) RNA polymerase GLD2 isoform 2 [Homo sapiens]	TRUE	TENT2
XP_002500013.1	NP_001375047.1	0	N/A	25.258	194	60	1.08e-08	58.2	poly(A) RNA polymerase GLD2 isoform 2 [Homo sapiens]	TRUE	TENT2
XP_002500013.1	NP_001375046.1	0	N/A	25.258	194	60	1.08e-08	58.2	poly(A) RNA polymerase GLD2 isoform 2 [Homo sapiens]	TRUE	TENT2
XP_002500013.1	NP_001375045.1	0	N/A	25.258	194	60	1.08e-08	58.2	poly(A) RNA polymerase GLD2 isoform 2 [Homo sapiens]	TRUE	TENT2
XP_002500013.1	NP_001375044.1	0	N/A	25.258	194	60	1.08e-08	58.2	poly(A) RNA polymerase GLD2 isoform 2 [Homo sapiens]	TRUE	TENT2
XP_002500013.1	NP_001375043.1	0	N/A	25.258	194	60	1.08e-08	58.2	poly(A) RNA polymerase GLD2 isoform 2 [Homo sapiens]	TRUE	TENT2
XP_002500013.1	NP_001336483.1	0	N/A	25.258	194	60	1.08e-08	58.2	poly(A) RNA polymerase GLD2 isoform 2 [Homo sapiens]	TRUE	TENT2
XP_002500013.1	NP_001284673.1	0	N/A	25.258	194	60	1.08e-08	58.2	poly(A) RNA polymerase GLD2 isoform 2 [Homo sapiens]	TRUE	TENT2
XP_002500013.1	NP_001375061.1	0	N/A	25.258	194	60	1.14e-08	58.2	poly(A) RNA polymerase GLD2 isoform 12 [Homo sapiens]	TRUE	TENT2
XP_002500013.1	NP_001375042.1	0	N/A	25.258	194	60	1.16e-08	58.2	poly(A) RNA polymerase GLD2 isoform 16 [Homo sapiens]	TRUE	TENT2
XP_002500013.1	XP_047272808.1	0	N/A	25.258	194	60	1.17e-08	58.2	poly(A) RNA polymerase GLD2 isoform X3 [Homo sapiens]	TRUE	TENT2
XP_002500013.1	XP_047272807.1	0	N/A	25.258	194	60	1.17e-08	58.2	poly(A) RNA polymerase GLD2 isoform X3 [Homo sapiens]	TRUE	TENT2
XP_002500013.1	XP_047272806.1	0	N/A	25.258	194	60	1.17e-08	58.2	poly(A) RNA polymerase GLD2 isoform X3 [Homo sapiens]	TRUE	TENT2
XP_002500013.1	NP_776158.2	0	N/A	25.258	194	60	1.17e-08	58.2	poly(A) RNA polymerase GLD2 isoform 1 [Homo sapiens]	TRUE	TENT2
XP_002500013.1	NP_001375041.1	0	N/A	25.258	194	60	1.17e-08	58.2	poly(A) RNA polymerase GLD2 isoform 1 [Homo sapiens]	TRUE	TENT2
XP_002500013.1	NP_001375040.1	0	N/A	25.258	194	60	1.17e-08	58.2	poly(A) RNA polymerase GLD2 isoform 1 [Homo sapiens]	TRUE	TENT2
XP_002500013.1	NP_001375039.1	0	N/A	25.258	194	60	1.17e-08	58.2	poly(A) RNA polymerase GLD2 isoform 1 [Homo sapiens]	TRUE	TENT2
XP_002500013.1	NP_001375038.1	0	N/A	25.258	194	60	1.17e-08	58.2	poly(A) RNA polymerase GLD2 isoform 1 [Homo sapiens]	TRUE	TENT2
XP_002500013.1	NP_001375037.1	0	N/A	25.258	194	60	1.17e-08	58.2	poly(A) RNA polymerase GLD2 isoform 1 [Homo sapiens]	TRUE	TENT2
XP_002500013.1	NP_001375036.1	0	N/A	25.258	194	60	1.17e-08	58.2	poly(A) RNA polymerase GLD2 isoform 1 [Homo sapiens]	TRUE	TENT2
XP_002500013.1	NP_001375035.1	0	N/A	25.258	194	60	1.17e-08	58.2	poly(A) RNA polymerase GLD2 isoform 1 [Homo sapiens]	TRUE	TENT2
XP_002500013.1	NP_001375034.1	0	N/A	25.258	194	60	1.17e-08	58.2	poly(A) RNA polymerase GLD2 isoform 1 [Homo sapiens]	TRUE	TENT2
XP_002500013.1	NP_001375032.1	0	N/A	25.258	194	60	1.17e-08	58.2	poly(A) RNA polymerase GLD2 isoform 1 [Homo sapiens]	TRUE	TENT2
XP_002500013.1	NP_001375031.1	0	N/A	25.258	194	60	1.17e-08	58.2	poly(A) RNA polymerase GLD2 isoform 1 [Homo sapiens]	TRUE	TENT2
XP_002500013.1	NP_001336482.1	0	N/A	25.258	194	60	1.17e-08	58.2	poly(A) RNA polymerase GLD2 isoform 1 [Homo sapiens]	TRUE	TENT2
XP_002506204.1	NP_001336477.1	0	N/A	44.944	89	100	8.68e-18	77	poly(A) RNA polymerase GLD2 isoform 4 [Homo sapiens]	TRUE	TENT2
XP_002506204.1	XP_047272820.1	0	N/A	44.944	89	100	1.06e-17	76.6	poly(A) RNA polymerase GLD2 isoform X11 [Homo sapiens]	TRUE	TENT2
XP_002506204.1	NP_001375065.1	0	N/A	44.944	89	100	3.39e-17	76.3	poly(A) RNA polymerase GLD2 isoform 14 [Homo sapiens]	TRUE	TENT2
XP_002506204.1	NP_001375061.1	0	N/A	44.944	89	100	4.27e-17	76.6	poly(A) RNA polymerase GLD2 isoform 12 [Homo sapiens]	TRUE	TENT2
XP_002506204.1	NP_001375060.1	0	N/A	44.944	89	100	4.37e-17	76.3	poly(A) RNA polymerase GLD2 isoform 11 [Homo sapiens]	TRUE	TENT2
XP_002506204.1	XP_047272811.1	0	N/A	44.944	89	100	5.67e-17	76.3	poly(A) RNA polymerase GLD2 isoform X4 [Homo sapiens]	TRUE	TENT2
XP_002506204.1	XP_047272810.1	0	N/A	44.944	89	100	5.67e-17	76.3	poly(A) RNA polymerase GLD2 isoform X4 [Homo sapiens]	TRUE	TENT2
XP_002506204.1	XP_047272809.1	0	N/A	44.944	89	100	5.67e-17	76.3	poly(A) RNA polymerase GLD2 isoform X4 [Homo sapiens]	TRUE	TENT2
XP_002506204.1	NP_001375058.1	0	N/A	44.944	89	100	5.67e-17	76.3	poly(A) RNA polymerase GLD2 isoform 2 [Homo sapiens]	TRUE	TENT2
XP_002506204.1	NP_001375057.1	0	N/A	44.944	89	100	5.67e-17	76.3	poly(A) RNA polymerase GLD2 isoform 2 [Homo sapiens]	TRUE	TENT2
XP_002506204.1	NP_001375056.1	0	N/A	44.944	89	100	5.67e-17	76.3	poly(A) RNA polymerase GLD2 isoform 2 [Homo sapiens]	TRUE	TENT2
XP_002506204.1	NP_001375055.1	0	N/A	44.944	89	100	5.67e-17	76.3	poly(A) RNA polymerase GLD2 isoform 2 [Homo sapiens]	TRUE	TENT2
XP_002506204.1	NP_001375054.1	0	N/A	44.944	89	100	5.67e-17	76.3	poly(A) RNA polymerase GLD2 isoform 2 [Homo sapiens]	TRUE	TENT2
XP_002506204.1	NP_001375053.1	0	N/A	44.944	89	100	5.67e-17	76.3	poly(A) RNA polymerase GLD2 isoform 2 [Homo sapiens]	TRUE	TENT2
XP_002506204.1	NP_001375052.1	0	N/A	44.944	89	100	5.67e-17	76.3	poly(A) RNA polymerase GLD2 isoform 2 [Homo sapiens]	TRUE	TENT2
XP_002506204.1	NP_001375051.1	0	N/A	44.944	89	100	5.67e-17	76.3	poly(A) RNA polymerase GLD2 isoform 2 [Homo sapiens]	TRUE	TENT2
XP_002506204.1	NP_001375050.1	0	N/A	44.944	89	100	5.67e-17	76.3	poly(A) RNA polymerase GLD2 isoform 2 [Homo sapiens]	TRUE	TENT2
XP_002506204.1	NP_001375049.1	0	N/A	44.944	89	100	5.67e-17	76.3	poly(A) RNA polymerase GLD2 isoform 2 [Homo sapiens]	TRUE	TENT2
XP_002506204.1	NP_001375048.1	0	N/A	44.944	89	100	5.67e-17	76.3	poly(A) RNA polymerase GLD2 isoform 2 [Homo sapiens]	TRUE	TENT2
XP_002506204.1	NP_001375047.1	0	N/A	44.944	89	100	5.67e-17	76.3	poly(A) RNA polymerase GLD2 isoform 2 [Homo sapiens]	TRUE	TENT2
XP_002506204.1	NP_001375046.1	0	N/A	44.944	89	100	5.67e-17	76.3	poly(A) RNA polymerase GLD2 isoform 2 [Homo sapiens]	TRUE	TENT2
XP_002506204.1	NP_001375045.1	0	N/A	44.944	89	100	5.67e-17	76.3	poly(A) RNA polymerase GLD2 isoform 2 [Homo sapiens]	TRUE	TENT2
XP_002506204.1	NP_001375044.1	0	N/A	44.944	89	100	5.67e-17	76.3	poly(A) RNA polymerase GLD2 isoform 2 [Homo sapiens]	TRUE	TENT2
XP_002506204.1	NP_001375043.1	0	N/A	44.944	89	100	5.67e-17	76.3	poly(A) RNA polymerase GLD2 isoform 2 [Homo sapiens]	TRUE	TENT2
XP_002506204.1	NP_001336483.1	0	N/A	44.944	89	100	5.67e-17	76.3	poly(A) RNA polymerase GLD2 isoform 2 [Homo sapiens]	TRUE	TENT2
XP_002506204.1	NP_001284673.1	0	N/A	44.944	89	100	5.67e-17	76.3	poly(A) RNA polymerase GLD2 isoform 2 [Homo sapiens]	TRUE	TENT2
XP_002506204.1	NP_001375042.1	0	N/A	44.944	89	100	5.68e-17	76.3	poly(A) RNA polymerase GLD2 isoform 16 [Homo sapiens]	TRUE	TENT2
XP_002506204.1	XP_047272808.1	0	N/A	44.944	89	100	5.69e-17	76.3	poly(A) RNA polymerase GLD2 isoform X3 [Homo sapiens]	TRUE	TENT2
XP_002506204.1	XP_047272807.1	0	N/A	44.944	89	100	5.69e-17	76.3	poly(A) RNA polymerase GLD2 isoform X3 [Homo sapiens]	TRUE	TENT2
XP_002506204.1	XP_047272806.1	0	N/A	44.944	89	100	5.69e-17	76.3	poly(A) RNA polymerase GLD2 isoform X3 [Homo sapiens]	TRUE	TENT2
XP_002506204.1	NP_776158.2	0	N/A	44.944	89	100	5.69e-17	76.3	poly(A) RNA polymerase GLD2 isoform 1 [Homo sapiens]	TRUE	TENT2
XP_002506204.1	NP_001375041.1	0	N/A	44.944	89	100	5.69e-17	76.3	poly(A) RNA polymerase GLD2 isoform 1 [Homo sapiens]	TRUE	TENT2
XP_002506204.1	NP_001375040.1	0	N/A	44.944	89	100	5.69e-17	76.3	poly(A) RNA polymerase GLD2 isoform 1 [Homo sapiens]	TRUE	TENT2
XP_002506204.1	NP_001375039.1	0	N/A	44.944	89	100	5.69e-17	76.3	poly(A) RNA polymerase GLD2 isoform 1 [Homo sapiens]	TRUE	TENT2
XP_002506204.1	NP_001375038.1	0	N/A	44.944	89	100	5.69e-17	76.3	poly(A) RNA polymerase GLD2 isoform 1 [Homo sapiens]	TRUE	TENT2
XP_002506204.1	NP_001375037.1	0	N/A	44.944	89	100	5.69e-17	76.3	poly(A) RNA polymerase GLD2 isoform 1 [Homo sapiens]	TRUE	TENT2
XP_002506204.1	NP_001375036.1	0	N/A	44.944	89	100	5.69e-17	76.3	poly(A) RNA polymerase GLD2 isoform 1 [Homo sapiens]	TRUE	TENT2
XP_002506204.1	NP_001375035.1	0	N/A	44.944	89	100	5.69e-17	76.3	poly(A) RNA polymerase GLD2 isoform 1 [Homo sapiens]	TRUE	TENT2
XP_002506204.1	NP_001375034.1	0	N/A	44.944	89	100	5.69e-17	76.3	poly(A) RNA polymerase GLD2 isoform 1 [Homo sapiens]	TRUE	TENT2
XP_002506204.1	NP_001375032.1	0	N/A	44.944	89	100	5.69e-17	76.3	poly(A) RNA polymerase GLD2 isoform 1 [Homo sapiens]	TRUE	TENT2
XP_002506204.1	NP_001375031.1	0	N/A	44.944	89	100	5.69e-17	76.3	poly(A) RNA polymerase GLD2 isoform 1 [Homo sapiens]	TRUE	TENT2
XP_002506204.1	NP_001336482.1	0	N/A	44.944	89	100	5.69e-17	76.3	poly(A) RNA polymerase GLD2 isoform 1 [Homo sapiens]	TRUE	TENT2
XP_002506204.1	NP_001336481.1	0	N/A	44.944	89	100	5.69e-17	76.3	poly(A) RNA polymerase GLD2 isoform 1 [Homo sapiens]	TRUE	TENT2
XP_002506204.1	NP_001107866.1	0	N/A	44.944	89	100	5.69e-17	76.3	poly(A) RNA polymerase GLD2 isoform 1 [Homo sapiens]	TRUE	TENT2
XP_002506204.1	NP_001107865.1	0	N/A	44.944	89	100	5.69e-17	76.3	poly(A) RNA polymerase GLD2 isoform 1 [Homo sapiens]	TRUE	TENT2
XP_002506204.1	NP_001375059.1	0	N/A	44.944	89	100	5.72e-17	76.3	poly(A) RNA polymerase GLD2 isoform 10 [Homo sapiens]	TRUE	TENT2
XP_002506204.1	NP_001375030.1	0	N/A	44.944	89	100	6.81e-17	75.9	poly(A) RNA polymerase GLD2 isoform 9 [Homo sapiens]	TRUE	TENT2
XP_002506204.1	NP_001375029.1	0	N/A	44.944	89	100	7.02e-17	75.9	poly(A) RNA polymerase GLD2 isoform 8 [Homo sapiens]	TRUE	TENT2
XP_002506204.1	NP_001375028.1	0	N/A	44.944	89	100	7.02e-17	75.9	poly(A) RNA polymerase GLD2 isoform 8 [Homo sapiens]	TRUE	TENT2
XP_002506204.1	NP_001375027.1	0	N/A	44.944	89	100	7.63e-17	75.9	poly(A) RNA polymerase GLD2 isoform 7 [Homo sapiens]	TRUE	TENT2
XP_002506204.1	XP_047272805.1	0	N/A	44.944	89	100	7.63e-17	75.9	poly(A) RNA polymerase GLD2 isoform X2 [Homo sapiens]	TRUE	TENT2
XP_002506204.1	XP_047272804.1	0	N/A	44.944	89	100	7.63e-17	75.9	poly(A) RNA polymerase GLD2 isoform X2 [Homo sapiens]	TRUE	TENT2
XP_002506204.1	XP_047272803.1	0	N/A	44.944	89	100	7.63e-17	75.9	poly(A) RNA polymerase GLD2 isoform X2 [Homo sapiens]	TRUE	TENT2
XP_002506204.1	XP_047272802.1	0	N/A	44.944	89	100	7.63e-17	75.9	poly(A) RNA polymerase GLD2 isoform X2 [Homo sapiens]	TRUE	TENT2
XP_002506204.1	XP_016864641.1	0	N/A	44.944	89	100	7.63e-17	75.9	poly(A) RNA polymerase GLD2 isoform X2 [Homo sapiens]	TRUE	TENT2
XP_002506204.1	NP_001375026.1	0	N/A	44.944	89	100	7.63e-17	75.9	poly(A) RNA polymerase GLD2 isoform 6 [Homo sapiens]	TRUE	TENT2
XP_002506204.1	NP_001375025.1	0	N/A	44.944	89	100	7.63e-17	75.9	poly(A) RNA polymerase GLD2 isoform 6 [Homo sapiens]	TRUE	TENT2
XP_002506204.1	NP_001375024.1	0	N/A	44.944	89	100	7.63e-17	75.9	poly(A) RNA polymerase GLD2 isoform 6 [Homo sapiens]	TRUE	TENT2
XP_002506204.1	NP_001336480.1	0	N/A	44.944	89	100	7.63e-17	75.9	poly(A) RNA polymerase GLD2 isoform 6 [Homo sapiens]	TRUE	TENT2
XP_002506204.1	XP_047272801.1	0	N/A	44.944	89	100	7.65e-17	75.9	poly(A) RNA polymerase GLD2 isoform X1 [Homo sapiens]	TRUE	TENT2
XP_002506204.1	XP_047272800.1	0	N/A	44.944	89	100	7.65e-17	75.9	poly(A) RNA polymerase GLD2 isoform X1 [Homo sapiens]	TRUE	TENT2
XP_002506204.1	XP_011541527.1	0	N/A	44.944	89	100	7.65e-17	75.9	poly(A) RNA polymerase GLD2 isoform X1 [Homo sapiens]	TRUE	TENT2
XP_002506204.1	XP_011541526.1	0	N/A	44.944	89	100	7.65e-17	75.9	poly(A) RNA polymerase GLD2 isoform X1 [Homo sapiens]	TRUE	TENT2
XP_002506204.1	XP_011541523.1	0	N/A	44.944	89	100	7.65e-17	75.9	poly(A) RNA polymerase GLD2 isoform X1 [Homo sapiens]	TRUE	TENT2
XP_002506204.1	XP_011541522.1	0	N/A	44.944	89	100	7.65e-17	75.9	poly(A) RNA polymerase GLD2 isoform X1 [Homo sapiens]	TRUE	TENT2
XP_002506204.1	NP_001375023.1	0	N/A	44.944	89	100	7.65e-17	75.9	poly(A) RNA polymerase GLD2 isoform 5 [Homo sapiens]	TRUE	TENT2
XP_002506204.1	NP_001375022.1	0	N/A	44.944	89	100	7.65e-17	75.9	poly(A) RNA polymerase GLD2 isoform 5 [Homo sapiens]	TRUE	TENT2
XP_002506204.1	NP_001336479.1	0	N/A	44.944	89	100	7.65e-17	75.9	poly(A) RNA polymerase GLD2 isoform 5 [Homo sapiens]	TRUE	TENT2
XP_002506204.1	NP_001336478.1	0	N/A	44.944	89	100	7.65e-17	75.9	poly(A) RNA polymerase GLD2 isoform 5 [Homo sapiens]	TRUE	TENT2
XP_002506204.1	NP_001317647.1	0	N/A	35.955	89	100	4.59e-15	70.9	terminal uridylyltransferase 7 isoform 3 [Homo sapiens]	TRUE	Tut7
XP_002506204.1	NP_001172003.1	0	N/A	35.955	89	100	4.67e-15	70.9	terminal uridylyltransferase 7 isoform 2 [Homo sapiens]	TRUE	Tut7
XP_002506204.1	XP_047279825.1	0	N/A	35.955	89	100	4.69e-15	70.9	terminal uridylyltransferase 7 isoform X6 [Homo sapiens]	TRUE	Tut7
XP_002506204.1	XP_047279824.1	0	N/A	35.955	89	100	4.69e-15	70.9	terminal uridylyltransferase 7 isoform X6 [Homo sapiens]	TRUE	Tut7
XP_002506204.1	XP_005252264.1	0	N/A	35.955	89	100	4.69e-15	70.9	terminal uridylyltransferase 7 isoform X6 [Homo sapiens]	TRUE	Tut7
XP_002506204.1	XP_011517318.1	0	N/A	35.955	89	100	4.69e-15	70.9	terminal uridylyltransferase 7 isoform X5 [Homo sapiens]	TRUE	Tut7
XP_002506204.1	XP_016870620.1	0	N/A	35.955	89	100	4.69e-15	70.9	terminal uridylyltransferase 7 isoform X4 [Homo sapiens]	TRUE	Tut7
XP_002506204.1	XP_016870619.1	0	N/A	35.955	89	100	4.69e-15	70.9	terminal uridylyltransferase 7 isoform X4 [Homo sapiens]	TRUE	Tut7
XP_002506204.1	NP_078893.2	0	N/A	35.955	89	100	4.69e-15	70.9	terminal uridylyltransferase 7 isoform 1 [Homo sapiens]	TRUE	Tut7
XP_002506204.1	NP_001171988.1	0	N/A	35.955	89	100	4.69e-15	70.9	terminal uridylyltransferase 7 isoform 1 [Homo sapiens]	TRUE	Tut7
XP_002506204.1	XP_011517317.1	0	N/A	35.955	89	100	4.7e-15	70.9	terminal uridylyltransferase 7 isoform X3 [Homo sapiens]	TRUE	Tut7
XP_002506204.1	XP_047279823.1	0	N/A	35.955	89	100	4.7e-15	70.9	terminal uridylyltransferase 7 isoform X2 [Homo sapiens]	TRUE	Tut7
XP_002506204.1	XP_006717346.1	0	N/A	35.955	89	100	4.7e-15	70.9	terminal uridylyltransferase 7 isoform X2 [Homo sapiens]	TRUE	Tut7
XP_002506204.1	XP_005252265.1	0	N/A	35.955	89	100	4.73e-15	70.9	terminal uridylyltransferase 7 isoform X7 [Homo sapiens]	TRUE	Tut7
XP_002506204.1	XP_011517316.1	0	N/A	35.955	89	100	5.28e-15	70.5	terminal uridylyltransferase 7 isoform X1 [Homo sapiens]	TRUE	Tut7
XP_002506204.1	XP_011517315.1	0	N/A	35.955	89	100	5.28e-15	70.5	terminal uridylyltransferase 7 isoform X1 [Homo sapiens]	TRUE	Tut7
XP_002506204.1	XP_011517314.1	0	N/A	35.955	89	100	5.28e-15	70.5	terminal uridylyltransferase 7 isoform X1 [Homo sapiens]	TRUE	Tut7
XP_002506204.1	XP_011517313.1	0	N/A	35.955	89	100	5.28e-15	70.5	terminal uridylyltransferase 7 isoform X1 [Homo sapiens]	TRUE	Tut7
XP_002506204.1	NP_060579.3	0	N/A	40	90	100	1.02e-14	69.7	poly(A) RNA polymerase, mitochondrial precursor [Homo sapiens]	TRUE	mtPAP
XP_002506204.1	XP_016856292.1	0	N/A	37.079	89	100	4.83e-14	67.8	terminal uridylyltransferase 4 isoform X9 [Homo sapiens]	TRUE	Tut4
XP_002506204.1	XP_047272285.1	0	N/A	37.079	89	100	4.92e-14	67.8	terminal uridylyltransferase 4 isoform X7 [Homo sapiens]	TRUE	Tut4
XP_002506204.1	XP_047272280.1	0	N/A	37.079	89	100	5.07e-14	67.8	terminal uridylyltransferase 4 isoform X3 [Homo sapiens]	TRUE	Tut4
XP_002506204.1	XP_005270736.1	0	N/A	37.079	89	100	5.07e-14	67.8	terminal uridylyltransferase 4 isoform X3 [Homo sapiens]	TRUE	Tut4
XP_002506204.1	XP_005270735.1	0	N/A	37.079	89	100	5.07e-14	67.8	terminal uridylyltransferase 4 isoform X2 [Homo sapiens]	TRUE	Tut4
XP_002506204.1	XP_016856297.1	0	N/A	37.079	89	100	5.21e-14	67.8	terminal uridylyltransferase 4 isoform X36 [Homo sapiens]	TRUE	Tut4
XP_002506204.1	XP_005270739.1	0	N/A	37.079	89	100	5.21e-14	67.8	terminal uridylyltransferase 4 isoform X33 [Homo sapiens]	TRUE	Tut4
XP_002506204.1	XP_011539399.1	0	N/A	37.079	89	100	5.22e-14	67.8	terminal uridylyltransferase 4 isoform X1 [Homo sapiens]	TRUE	Tut4
XP_002506204.1	XP_005270733.1	0	N/A	37.079	89	100	5.22e-14	67.8	terminal uridylyltransferase 4 isoform X1 [Homo sapiens]	TRUE	Tut4
XP_002506204.1	XP_047272365.1	0	N/A	37.079	89	100	5.42e-14	67.8	terminal uridylyltransferase 4 isoform X38 [Homo sapiens]	TRUE	Tut4
XP_002506204.1	XP_016856293.1	0	N/A	37.079	89	100	5.43e-14	67.8	terminal uridylyltransferase 4 isoform X16 [Homo sapiens]	TRUE	Tut4
XP_002506204.1	XP_047272345.1	0	N/A	37.079	89	100	5.48e-14	67.8	terminal uridylyltransferase 4 isoform X31 [Homo sapiens]	TRUE	Tut4
XP_002508084.1	XP_047290433.1	0	N/A	31.438	299	27	7.28e-30	127	terminal nucleotidyltransferase 4B isoform X6 [Homo sapiens]	TRUE	TENT4B
XP_002508084.1	XP_011521580.1	0	N/A	31.438	299	27	9.25e-30	127	terminal nucleotidyltransferase 4B isoform X5 [Homo sapiens]	TRUE	TENT4B
XP_002508084.1	NP_001035374.2	0	N/A	31.544	298	27	4.98e-29	127	terminal nucleotidyltransferase 4B isoform a [Homo sapiens]	TRUE	TENT4B
XP_002508084.1	XP_011521577.1	0	N/A	31.544	298	27	5e-29	127	terminal nucleotidyltransferase 4B isoform X1 [Homo sapiens]	TRUE	TENT4B
XP_002508084.1	NP_001352253.1	0	N/A	31.544	298	27	5.51e-29	127	terminal nucleotidyltransferase 4B isoform d [Homo sapiens]	TRUE	TENT4B
XP_002508084.1	NP_001035375.2	0	N/A	31.544	298	27	5.96e-29	126	terminal nucleotidyltransferase 4B isoform b [Homo sapiens]	TRUE	TENT4B
XP_002508084.1	XP_011521578.1	0	N/A	31.544	298	27	5.99e-29	126	terminal nucleotidyltransferase 4B isoform X2 [Homo sapiens]	TRUE	TENT4B
XP_002508084.1	XP_047290431.1	0	N/A	31.544	298	27	6.36e-29	126	terminal nucleotidyltransferase 4B isoform X3 [Homo sapiens]	TRUE	TENT4B
XP_002508084.1	NP_001352252.1	0	N/A	31.544	298	27	8.39e-29	126	terminal nucleotidyltransferase 4B isoform c [Homo sapiens]	TRUE	TENT4B
XP_002508084.1	XP_047290432.1	0	N/A	31.544	298	27	8.69e-29	125	terminal nucleotidyltransferase 4B isoform X4 [Homo sapiens]	TRUE	TENT4B
XP_002508084.1	NP_008930.2	0	N/A	29.53	298	27	2.99e-28	125	terminal nucleotidyltransferase 4A isoform 1 [Homo sapiens]	TRUE	TENT4A
XP_002508084.1	NP_001165276.2	0	N/A	29.53	298	27	3.14e-28	125	terminal nucleotidyltransferase 4A isoform 2 [Homo sapiens]	TRUE	TENT4A
XP_002508084.1	XP_047272622.1	0	N/A	30.292	274	25	7.92e-27	119	terminal nucleotidyltransferase 4A isoform X1 [Homo sapiens]	TRUE	TENT4A
XP_002508084.1	XP_047272621.1	0	N/A	30.292	274	25	7.92e-27	119	terminal nucleotidyltransferase 4A isoform X1 [Homo sapiens]	TRUE	TENT4A
XP_002508084.1	XP_047272620.1	0	N/A	30.292	274	25	7.92e-27	119	terminal nucleotidyltransferase 4A isoform X1 [Homo sapiens]	TRUE	TENT4A
XP_002508084.1	XP_047272623.1	0	N/A	30.292	274	25	9.16e-27	118	terminal nucleotidyltransferase 4A isoform X2 [Homo sapiens]	TRUE	TENT4A
XP_002508084.1	XP_016864477.1	0	N/A	30.292	274	25	9.16e-27	118	terminal nucleotidyltransferase 4A isoform X2 [Homo sapiens]	TRUE	TENT4A
XP_002508084.1	XP_047272624.1	0	N/A	30.292	274	25	9.94e-27	118	terminal nucleotidyltransferase 4A isoform X3 [Homo sapiens]	TRUE	TENT4A
XP_002508084.1	NP_001375060.1	0	N/A	27.5	280	22	2.78e-16	85.5	poly(A) RNA polymerase GLD2 isoform 11 [Homo sapiens]	TRUE	TENT2
XP_002508084.1	NP_001375042.1	0	N/A	27.5	280	22	4.89e-16	84.7	poly(A) RNA polymerase GLD2 isoform 16 [Homo sapiens]	TRUE	TENT2
XP_002508084.1	XP_047272808.1	0	N/A	27.5	280	22	5.01e-16	84.7	poly(A) RNA polymerase GLD2 isoform X3 [Homo sapiens]	TRUE	TENT2
XP_002508084.1	XP_047272807.1	0	N/A	27.5	280	22	5.01e-16	84.7	poly(A) RNA polymerase GLD2 isoform X3 [Homo sapiens]	TRUE	TENT2
XP_002508084.1	XP_047272806.1	0	N/A	27.5	280	22	5.01e-16	84.7	poly(A) RNA polymerase GLD2 isoform X3 [Homo sapiens]	TRUE	TENT2
XP_002508084.1	NP_776158.2	0	N/A	27.5	280	22	5.01e-16	84.7	poly(A) RNA polymerase GLD2 isoform 1 [Homo sapiens]	TRUE	TENT2
XP_002508084.1	NP_001375041.1	0	N/A	27.5	280	22	5.01e-16	84.7	poly(A) RNA polymerase GLD2 isoform 1 [Homo sapiens]	TRUE	TENT2
XP_002508084.1	NP_001375040.1	0	N/A	27.5	280	22	5.01e-16	84.7	poly(A) RNA polymerase GLD2 isoform 1 [Homo sapiens]	TRUE	TENT2
XP_002508084.1	NP_001375039.1	0	N/A	27.5	280	22	5.01e-16	84.7	poly(A) RNA polymerase GLD2 isoform 1 [Homo sapiens]	TRUE	TENT2
XP_002508084.1	NP_001375038.1	0	N/A	27.5	280	22	5.01e-16	84.7	poly(A) RNA polymerase GLD2 isoform 1 [Homo sapiens]	TRUE	TENT2
XP_002508084.1	NP_001375037.1	0	N/A	27.5	280	22	5.01e-16	84.7	poly(A) RNA polymerase GLD2 isoform 1 [Homo sapiens]	TRUE	TENT2
XP_002508084.1	NP_001375036.1	0	N/A	27.5	280	22	5.01e-16	84.7	poly(A) RNA polymerase GLD2 isoform 1 [Homo sapiens]	TRUE	TENT2
XP_002508084.1	NP_001375035.1	0	N/A	27.5	280	22	5.01e-16	84.7	poly(A) RNA polymerase GLD2 isoform 1 [Homo sapiens]	TRUE	TENT2
XP_002508084.1	NP_001375034.1	0	N/A	27.5	280	22	5.01e-16	84.7	poly(A) RNA polymerase GLD2 isoform 1 [Homo sapiens]	TRUE	TENT2
XP_002508084.1	NP_001375032.1	0	N/A	27.5	280	22	5.01e-16	84.7	poly(A) RNA polymerase GLD2 isoform 1 [Homo sapiens]	TRUE	TENT2
XP_002508084.1	NP_001375031.1	0	N/A	27.5	280	22	5.01e-16	84.7	poly(A) RNA polymerase GLD2 isoform 1 [Homo sapiens]	TRUE	TENT2
XP_002508084.1	NP_001336482.1	0	N/A	27.5	280	22	5.01e-16	84.7	poly(A) RNA polymerase GLD2 isoform 1 [Homo sapiens]	TRUE	TENT2
XP_002508084.1	NP_001336481.1	0	N/A	27.5	280	22	5.01e-16	84.7	poly(A) RNA polymerase GLD2 isoform 1 [Homo sapiens]	TRUE	TENT2
XP_002508084.1	NP_001107866.1	0	N/A	27.5	280	22	5.01e-16	84.7	poly(A) RNA polymerase GLD2 isoform 1 [Homo sapiens]	TRUE	TENT2
XP_002508084.1	NP_001107865.1	0	N/A	27.5	280	22	5.01e-16	84.7	poly(A) RNA polymerase GLD2 isoform 1 [Homo sapiens]	TRUE	TENT2
XP_002508084.1	NP_001375061.1	0	N/A	27.143	280	22	2.74e-15	82.4	poly(A) RNA polymerase GLD2 isoform 12 [Homo sapiens]	TRUE	TENT2
XP_002508084.1	NP_001375065.1	0	N/A	27.007	274	22	4.12e-15	80.9	poly(A) RNA polymerase GLD2 isoform 14 [Homo sapiens]	TRUE	TENT2
XP_002508084.1	NP_001375059.1	0	N/A	27.007	274	22	4.5e-15	82	poly(A) RNA polymerase GLD2 isoform 10 [Homo sapiens]	TRUE	TENT2
XP_002508084.1	XP_047272811.1	0	N/A	27.007	274	22	4.56e-15	81.6	poly(A) RNA polymerase GLD2 isoform X4 [Homo sapiens]	TRUE	TENT2
XP_002508084.1	XP_047272810.1	0	N/A	27.007	274	22	4.56e-15	81.6	poly(A) RNA polymerase GLD2 isoform X4 [Homo sapiens]	TRUE	TENT2
XP_002508084.1	XP_047272809.1	0	N/A	27.007	274	22	4.56e-15	81.6	poly(A) RNA polymerase GLD2 isoform X4 [Homo sapiens]	TRUE	TENT2
XP_002508084.1	NP_001375058.1	0	N/A	27.007	274	22	4.56e-15	81.6	poly(A) RNA polymerase GLD2 isoform 2 [Homo sapiens]	TRUE	TENT2
XP_002508084.1	NP_001375057.1	0	N/A	27.007	274	22	4.56e-15	81.6	poly(A) RNA polymerase GLD2 isoform 2 [Homo sapiens]	TRUE	TENT2
XP_002508084.1	NP_001375056.1	0	N/A	27.007	274	22	4.56e-15	81.6	poly(A) RNA polymerase GLD2 isoform 2 [Homo sapiens]	TRUE	TENT2
XP_002508084.1	NP_001375055.1	0	N/A	27.007	274	22	4.56e-15	81.6	poly(A) RNA polymerase GLD2 isoform 2 [Homo sapiens]	TRUE	TENT2
XP_002508084.1	NP_001375054.1	0	N/A	27.007	274	22	4.56e-15	81.6	poly(A) RNA polymerase GLD2 isoform 2 [Homo sapiens]	TRUE	TENT2
XP_002508084.1	NP_001375053.1	0	N/A	27.007	274	22	4.56e-15	81.6	poly(A) RNA polymerase GLD2 isoform 2 [Homo sapiens]	TRUE	TENT2
XP_002508084.1	NP_001375052.1	0	N/A	27.007	274	22	4.56e-15	81.6	poly(A) RNA polymerase GLD2 isoform 2 [Homo sapiens]	TRUE	TENT2
XP_002508084.1	NP_001375051.1	0	N/A	27.007	274	22	4.56e-15	81.6	poly(A) RNA polymerase GLD2 isoform 2 [Homo sapiens]	TRUE	TENT2
XP_002508084.1	NP_001375050.1	0	N/A	27.007	274	22	4.56e-15	81.6	poly(A) RNA polymerase GLD2 isoform 2 [Homo sapiens]	TRUE	TENT2
XP_002508084.1	NP_001375049.1	0	N/A	27.007	274	22	4.56e-15	81.6	poly(A) RNA polymerase GLD2 isoform 2 [Homo sapiens]	TRUE	TENT2
XP_002508084.1	NP_001375048.1	0	N/A	27.007	274	22	4.56e-15	81.6	poly(A) RNA polymerase GLD2 isoform 2 [Homo sapiens]	TRUE	TENT2
XP_002508084.1	NP_001375047.1	0	N/A	27.007	274	22	4.56e-15	81.6	poly(A) RNA polymerase GLD2 isoform 2 [Homo sapiens]	TRUE	TENT2
XP_002508084.1	NP_001375046.1	0	N/A	27.007	274	22	4.56e-15	81.6	poly(A) RNA polymerase GLD2 isoform 2 [Homo sapiens]	TRUE	TENT2
XP_002508084.1	NP_001375045.1	0	N/A	27.007	274	22	4.56e-15	81.6	poly(A) RNA polymerase GLD2 isoform 2 [Homo sapiens]	TRUE	TENT2
XP_002508084.1	NP_001375044.1	0	N/A	27.007	274	22	4.56e-15	81.6	poly(A) RNA polymerase GLD2 isoform 2 [Homo sapiens]	TRUE	TENT2
XP_002508084.1	NP_001375043.1	0	N/A	27.007	274	22	4.56e-15	81.6	poly(A) RNA polymerase GLD2 isoform 2 [Homo sapiens]	TRUE	TENT2
XP_002508084.1	NP_001336483.1	0	N/A	27.007	274	22	4.56e-15	81.6	poly(A) RNA polymerase GLD2 isoform 2 [Homo sapiens]	TRUE	TENT2
XP_002508084.1	NP_001284673.1	0	N/A	27.007	274	22	4.56e-15	81.6	poly(A) RNA polymerase GLD2 isoform 2 [Homo sapiens]	TRUE	TENT2
XP_002508084.1	NP_001375029.1	0	N/A	26.897	290	22	6.51e-14	78.2	poly(A) RNA polymerase GLD2 isoform 8 [Homo sapiens]	TRUE	TENT2
XP_002508084.1	NP_001375028.1	0	N/A	26.897	290	22	6.51e-14	78.2	poly(A) RNA polymerase GLD2 isoform 8 [Homo sapiens]	TRUE	TENT2
XP_002508084.1	NP_001375027.1	0	N/A	26.263	297	22	3.14e-13	76.3	poly(A) RNA polymerase GLD2 isoform 7 [Homo sapiens]	TRUE	TENT2
XP_002508084.1	XP_047272805.1	0	N/A	26.117	291	22	3.17e-13	76.3	poly(A) RNA polymerase GLD2 isoform X2 [Homo sapiens]	TRUE	TENT2
XP_002508084.1	XP_047272804.1	0	N/A	26.117	291	22	3.17e-13	76.3	poly(A) RNA polymerase GLD2 isoform X2 [Homo sapiens]	TRUE	TENT2
XP_002508084.1	XP_047272803.1	0	N/A	26.117	291	22	3.17e-13	76.3	poly(A) RNA polymerase GLD2 isoform X2 [Homo sapiens]	TRUE	TENT2
XP_002508084.1	XP_047272802.1	0	N/A	26.117	291	22	3.17e-13	76.3	poly(A) RNA polymerase GLD2 isoform X2 [Homo sapiens]	TRUE	TENT2
XP_002508084.1	XP_016864641.1	0	N/A	26.117	291	22	3.17e-13	76.3	poly(A) RNA polymerase GLD2 isoform X2 [Homo sapiens]	TRUE	TENT2
XP_002508084.1	NP_001375026.1	0	N/A	26.117	291	22	3.17e-13	76.3	poly(A) RNA polymerase GLD2 isoform 6 [Homo sapiens]	TRUE	TENT2
XP_002508084.1	NP_001375025.1	0	N/A	26.117	291	22	3.17e-13	76.3	poly(A) RNA polymerase GLD2 isoform 6 [Homo sapiens]	TRUE	TENT2
XP_002508084.1	NP_001375024.1	0	N/A	26.117	291	22	3.17e-13	76.3	poly(A) RNA polymerase GLD2 isoform 6 [Homo sapiens]	TRUE	TENT2
XP_002508084.1	NP_001336480.1	0	N/A	26.117	291	22	3.17e-13	76.3	poly(A) RNA polymerase GLD2 isoform 6 [Homo sapiens]	TRUE	TENT2
XP_002508084.1	XP_047272801.1	0	N/A	25.581	301	22	4.76e-13	75.5	poly(A) RNA polymerase GLD2 isoform X1 [Homo sapiens]	TRUE	TENT2
XP_002508084.1	XP_047272800.1	0	N/A	25.581	301	22	4.76e-13	75.5	poly(A) RNA polymerase GLD2 isoform X1 [Homo sapiens]	TRUE	TENT2
XP_002508084.1	XP_011541527.1	0	N/A	25.581	301	22	4.76e-13	75.5	poly(A) RNA polymerase GLD2 isoform X1 [Homo sapiens]	TRUE	TENT2
XP_002508084.1	XP_011541526.1	0	N/A	25.581	301	22	4.76e-13	75.5	poly(A) RNA polymerase GLD2 isoform X1 [Homo sapiens]	TRUE	TENT2
XP_002508084.1	XP_011541523.1	0	N/A	25.581	301	22	4.76e-13	75.5	poly(A) RNA polymerase GLD2 isoform X1 [Homo sapiens]	TRUE	TENT2
XP_002508084.1	XP_011541522.1	0	N/A	25.581	301	22	4.76e-13	75.5	poly(A) RNA polymerase GLD2 isoform X1 [Homo sapiens]	TRUE	TENT2
XP_002508084.1	NP_001375023.1	0	N/A	25.581	301	22	4.76e-13	75.5	poly(A) RNA polymerase GLD2 isoform 5 [Homo sapiens]	TRUE	TENT2
XP_002508084.1	NP_001375022.1	0	N/A	25.581	301	22	4.76e-13	75.5	poly(A) RNA polymerase GLD2 isoform 5 [Homo sapiens]	TRUE	TENT2
XP_002508084.1	NP_001336479.1	0	N/A	25.581	301	22	4.76e-13	75.5	poly(A) RNA polymerase GLD2 isoform 5 [Homo sapiens]	TRUE	TENT2
XP_002508084.1	NP_001336478.1	0	N/A	25.581	301	22	4.76e-13	75.5	poly(A) RNA polymerase GLD2 isoform 5 [Homo sapiens]	TRUE	TENT2
XP_002508084.1	NP_001375030.1	0	N/A	26.552	290	22	6.39e-13	75.1	poly(A) RNA polymerase GLD2 isoform 9 [Homo sapiens]	TRUE	TENT2
XP_002508084.1	NP_001317647.1	0	N/A	22.819	298	23	1.01e-10	68.6	terminal uridylyltransferase 7 isoform 3 [Homo sapiens]	TRUE	Tut7
XP_002508084.1	XP_016870620.1	0	N/A	22.819	298	23	1.97e-10	68.2	terminal uridylyltransferase 7 isoform X4 [Homo sapiens]	TRUE	Tut7
XP_002508084.1	XP_016870619.1	0	N/A	22.819	298	23	1.97e-10	68.2	terminal uridylyltransferase 7 isoform X4 [Homo sapiens]	TRUE	Tut7
XP_002508084.1	NP_078893.2	0	N/A	22.819	298	23	1.97e-10	68.2	terminal uridylyltransferase 7 isoform 1 [Homo sapiens]	TRUE	Tut7
XP_002508084.1	NP_001171988.1	0	N/A	22.819	298	23	1.97e-10	68.2	terminal uridylyltransferase 7 isoform 1 [Homo sapiens]	TRUE	Tut7
XP_002508084.1	XP_011517317.1	0	N/A	22.819	298	23	2.15e-10	67.8	terminal uridylyltransferase 7 isoform X3 [Homo sapiens]	TRUE	Tut7
XP_002508084.1	XP_047279823.1	0	N/A	22.819	298	23	2.17e-10	67.8	terminal uridylyltransferase 7 isoform X2 [Homo sapiens]	TRUE	Tut7
XP_002508084.1	XP_006717346.1	0	N/A	22.819	298	23	2.17e-10	67.8	terminal uridylyltransferase 7 isoform X2 [Homo sapiens]	TRUE	Tut7
XP_002508084.1	XP_047279825.1	0	N/A	22.819	298	23	2.21e-10	67.8	terminal uridylyltransferase 7 isoform X6 [Homo sapiens]	TRUE	Tut7
XP_002508084.1	XP_047279824.1	0	N/A	22.819	298	23	2.21e-10	67.8	terminal uridylyltransferase 7 isoform X6 [Homo sapiens]	TRUE	Tut7
XP_002508084.1	XP_005252264.1	0	N/A	22.819	298	23	2.21e-10	67.8	terminal uridylyltransferase 7 isoform X6 [Homo sapiens]	TRUE	Tut7
XP_002508084.1	XP_011517318.1	0	N/A	22.819	298	23	2.31e-10	67.8	terminal uridylyltransferase 7 isoform X5 [Homo sapiens]	TRUE	Tut7
XP_002508084.1	XP_011517316.1	0	N/A	22.819	298	23	2.67e-10	67.8	terminal uridylyltransferase 7 isoform X1 [Homo sapiens]	TRUE	Tut7
XP_002508084.1	XP_011517315.1	0	N/A	22.819	298	23	2.67e-10	67.8	terminal uridylyltransferase 7 isoform X1 [Homo sapiens]	TRUE	Tut7
XP_002508084.1	XP_011517314.1	0	N/A	22.819	298	23	2.67e-10	67.8	terminal uridylyltransferase 7 isoform X1 [Homo sapiens]	TRUE	Tut7
XP_002649102.1	XP_011521580.1	0	N/A	35.816	282	29	5.32e-48	182	terminal nucleotidyltransferase 4B isoform X5 [Homo sapiens]	TRUE	TENT4B
XP_002649102.1	XP_047290433.1	0	N/A	36.713	286	29	7.37e-48	180	terminal nucleotidyltransferase 4B isoform X6 [Homo sapiens]	TRUE	TENT4B
XP_002649102.1	NP_001035374.2	0	N/A	35.689	283	29	8.05e-47	181	terminal nucleotidyltransferase 4B isoform a [Homo sapiens]	TRUE	TENT4B
XP_002649102.1	XP_011521577.1	0	N/A	35.689	283	29	8.14e-47	181	terminal nucleotidyltransferase 4B isoform X1 [Homo sapiens]	TRUE	TENT4B
XP_002649102.1	NP_001035375.2	0	N/A	35.689	283	29	1.1e-46	180	terminal nucleotidyltransferase 4B isoform b [Homo sapiens]	TRUE	TENT4B
XP_002649102.1	XP_011521578.1	0	N/A	35.689	283	29	1.12e-46	180	terminal nucleotidyltransferase 4B isoform X2 [Homo sapiens]	TRUE	TENT4B
XP_002649102.1	NP_001352252.1	0	N/A	35.689	283	29	2.69e-46	180	terminal nucleotidyltransferase 4B isoform c [Homo sapiens]	TRUE	TENT4B
XP_002649102.1	NP_001352253.1	0	N/A	35.689	283	29	2.91e-46	180	terminal nucleotidyltransferase 4B isoform d [Homo sapiens]	TRUE	TENT4B
XP_002649102.1	XP_047290432.1	0	N/A	36.585	287	29	3.45e-46	179	terminal nucleotidyltransferase 4B isoform X4 [Homo sapiens]	TRUE	TENT4B
XP_002649102.1	XP_047290431.1	0	N/A	36.585	287	29	4.6e-46	179	terminal nucleotidyltransferase 4B isoform X3 [Homo sapiens]	TRUE	TENT4B
XP_002649102.1	NP_001165276.2	0	N/A	32.997	297	31	5.24e-45	177	terminal nucleotidyltransferase 4A isoform 2 [Homo sapiens]	TRUE	TENT4A
XP_002649102.1	XP_047272622.1	0	N/A	33.916	286	30	5.39e-45	173	terminal nucleotidyltransferase 4A isoform X1 [Homo sapiens]	TRUE	TENT4A
XP_002649102.1	XP_047272621.1	0	N/A	33.916	286	30	5.39e-45	173	terminal nucleotidyltransferase 4A isoform X1 [Homo sapiens]	TRUE	TENT4A
XP_002649102.1	XP_047272620.1	0	N/A	33.916	286	30	5.39e-45	173	terminal nucleotidyltransferase 4A isoform X1 [Homo sapiens]	TRUE	TENT4A
XP_002649102.1	NP_008930.2	0	N/A	32.997	297	31	5.42e-45	177	terminal nucleotidyltransferase 4A isoform 1 [Homo sapiens]	TRUE	TENT4A
XP_002649102.1	XP_047272624.1	0	N/A	34.296	277	29	1.06e-43	169	terminal nucleotidyltransferase 4A isoform X3 [Homo sapiens]	TRUE	TENT4A
XP_002649102.1	XP_047272623.1	0	N/A	34.296	277	29	1.09e-43	169	terminal nucleotidyltransferase 4A isoform X2 [Homo sapiens]	TRUE	TENT4A
XP_002649102.1	XP_016864477.1	0	N/A	34.296	277	29	1.09e-43	169	terminal nucleotidyltransferase 4A isoform X2 [Homo sapiens]	TRUE	TENT4A
XP_002649102.1	XP_047279823.1	0	N/A	21.986	282	27	2.22e-12	74.3	terminal uridylyltransferase 7 isoform X2 [Homo sapiens]	TRUE	Tut7
XP_002649102.1	XP_006717346.1	0	N/A	21.986	282	27	2.22e-12	74.3	terminal uridylyltransferase 7 isoform X2 [Homo sapiens]	TRUE	Tut7
XP_002649102.1	XP_016870620.1	0	N/A	21.986	282	27	2.3e-12	73.9	terminal uridylyltransferase 7 isoform X4 [Homo sapiens]	TRUE	Tut7
XP_002649102.1	XP_016870619.1	0	N/A	21.986	282	27	2.3e-12	73.9	terminal uridylyltransferase 7 isoform X4 [Homo sapiens]	TRUE	Tut7
XP_002649102.1	NP_078893.2	0	N/A	21.986	282	27	2.3e-12	73.9	terminal uridylyltransferase 7 isoform 1 [Homo sapiens]	TRUE	Tut7
XP_002649102.1	NP_001171988.1	0	N/A	21.986	282	27	2.3e-12	73.9	terminal uridylyltransferase 7 isoform 1 [Homo sapiens]	TRUE	Tut7
XP_002649102.1	XP_011517317.1	0	N/A	21.986	282	27	2.35e-12	73.9	terminal uridylyltransferase 7 isoform X3 [Homo sapiens]	TRUE	Tut7
XP_002649102.1	XP_047272305.1	0	N/A	25.283	265	26	2.42e-12	73.9	terminal uridylyltransferase 4 isoform X17 [Homo sapiens]	TRUE	Tut4
XP_002649102.1	XP_047279825.1	0	N/A	21.986	282	27	2.49e-12	73.9	terminal uridylyltransferase 7 isoform X6 [Homo sapiens]	TRUE	Tut7
XP_002649102.1	XP_047279824.1	0	N/A	21.986	282	27	2.49e-12	73.9	terminal uridylyltransferase 7 isoform X6 [Homo sapiens]	TRUE	Tut7
XP_002649102.1	XP_005252264.1	0	N/A	21.986	282	27	2.49e-12	73.9	terminal uridylyltransferase 7 isoform X6 [Homo sapiens]	TRUE	Tut7
XP_002649102.1	XP_047272295.1	0	N/A	25.283	265	26	2.55e-12	73.9	terminal uridylyltransferase 4 isoform X12 [Homo sapiens]	TRUE	Tut4
XP_002649102.1	NP_001317647.1	0	N/A	21.986	282	27	2.63e-12	73.6	terminal uridylyltransferase 7 isoform 3 [Homo sapiens]	TRUE	Tut7
XP_002649102.1	XP_047272290.1	0	N/A	25.283	265	26	2.7e-12	73.9	terminal uridylyltransferase 4 isoform X11 [Homo sapiens]	TRUE	Tut4
XP_002649102.1	XP_047272296.1	0	N/A	25.283	265	26	2.73e-12	73.9	terminal uridylyltransferase 4 isoform X13 [Homo sapiens]	TRUE	Tut4
XP_002649102.1	XP_047272372.1	0	N/A	25.283	265	26	2.87e-12	73.9	terminal uridylyltransferase 4 isoform X42 [Homo sapiens]	TRUE	Tut4
XP_002649102.1	XP_011517318.1	0	N/A	21.986	282	27	2.88e-12	73.9	terminal uridylyltransferase 7 isoform X5 [Homo sapiens]	TRUE	Tut7
XP_002649102.1	XP_047272286.1	0	N/A	25.283	265	26	3e-12	73.9	terminal uridylyltransferase 4 isoform X8 [Homo sapiens]	TRUE	Tut4
XP_002649102.1	XP_011517316.1	0	N/A	21.986	282	27	4.41e-12	73.2	terminal uridylyltransferase 7 isoform X1 [Homo sapiens]	TRUE	Tut7
XP_002649102.1	XP_011517315.1	0	N/A	21.986	282	27	4.41e-12	73.2	terminal uridylyltransferase 7 isoform X1 [Homo sapiens]	TRUE	Tut7
XP_002649102.1	XP_011517314.1	0	N/A	21.986	282	27	4.41e-12	73.2	terminal uridylyltransferase 7 isoform X1 [Homo sapiens]	TRUE	Tut7
XP_002649102.1	XP_011517313.1	0	N/A	21.986	282	27	4.41e-12	73.2	terminal uridylyltransferase 7 isoform X1 [Homo sapiens]	TRUE	Tut7
XP_002649102.1	XP_047272350.1	0	N/A	25.283	265	26	4.92e-12	73.2	terminal uridylyltransferase 4 isoform X34 [Homo sapiens]	TRUE	Tut4
XP_002649102.1	XP_005252265.1	0	N/A	21.986	282	27	5.12e-12	72.8	terminal uridylyltransferase 7 isoform X7 [Homo sapiens]	TRUE	Tut7
XP_002649102.1	XP_047272344.1	0	N/A	25.283	265	26	6.47e-12	72.8	terminal uridylyltransferase 4 isoform X30 [Homo sapiens]	TRUE	Tut4
XP_002649102.1	XP_016856293.1	0	N/A	24.542	273	26	1.2e-11	71.6	terminal uridylyltransferase 4 isoform X16 [Homo sapiens]	TRUE	Tut4
XP_002649102.1	XP_047272288.1	0	N/A	24.542	273	26	1.23e-11	71.6	terminal uridylyltransferase 4 isoform X10 [Homo sapiens]	TRUE	Tut4
XP_002649102.1	XP_016856292.1	0	N/A	24.542	273	26	1.43e-11	71.6	terminal uridylyltransferase 4 isoform X9 [Homo sapiens]	TRUE	Tut4
XP_002649102.1	XP_047272285.1	0	N/A	24.542	273	26	1.78e-11	71.2	terminal uridylyltransferase 4 isoform X7 [Homo sapiens]	TRUE	Tut4
XP_002649102.1	XP_047272283.1	0	N/A	24.542	273	26	1.96e-11	71.2	terminal uridylyltransferase 4 isoform X6 [Homo sapiens]	TRUE	Tut4
XP_002649102.1	XP_005270737.1	0	N/A	24.542	273	26	1.96e-11	71.2	terminal uridylyltransferase 4 isoform X6 [Homo sapiens]	TRUE	Tut4
XP_002649102.1	XP_047272281.1	0	N/A	24.542	273	26	2.04e-11	70.9	terminal uridylyltransferase 4 isoform X4 [Homo sapiens]	TRUE	Tut4
XP_002649102.1	NP_001009881.1	0	N/A	24.542	273	26	2.04e-11	70.9	terminal uridylyltransferase 4 isoform a [Homo sapiens]	TRUE	Tut4
XP_002649102.1	XP_016856299.1	0	N/A	24.542	273	26	2.17e-11	70.9	terminal uridylyltransferase 4 isoform X40 [Homo sapiens]	TRUE	Tut4
XP_002649102.1	XP_047272282.1	0	N/A	24.542	273	26	2.18e-11	70.9	terminal uridylyltransferase 4 isoform X5 [Homo sapiens]	TRUE	Tut4
XP_002649102.1	NP_056084.1	0	N/A	24.542	273	26	2.18e-11	70.9	terminal uridylyltransferase 4 isoform b [Homo sapiens]	TRUE	Tut4
XP_002649102.1	XP_047272365.1	0	N/A	24.542	273	26	2.55e-11	70.9	terminal uridylyltransferase 4 isoform X38 [Homo sapiens]	TRUE	Tut4
XP_002649102.1	XP_047272280.1	0	N/A	24.542	273	26	2.57e-11	70.9	terminal uridylyltransferase 4 isoform X3 [Homo sapiens]	TRUE	Tut4
XP_002649102.1	XP_005270736.1	0	N/A	24.542	273	26	2.57e-11	70.9	terminal uridylyltransferase 4 isoform X3 [Homo sapiens]	TRUE	Tut4
XP_002649102.1	XP_011539399.1	0	N/A	24.542	273	26	2.7e-11	70.5	terminal uridylyltransferase 4 isoform X1 [Homo sapiens]	TRUE	Tut4
XP_002649102.1	XP_005270733.1	0	N/A	24.542	273	26	2.7e-11	70.5	terminal uridylyltransferase 4 isoform X1 [Homo sapiens]	TRUE	Tut4
XP_002649102.1	XP_016856297.1	0	N/A	24.542	273	26	2.71e-11	70.5	terminal uridylyltransferase 4 isoform X36 [Homo sapiens]	TRUE	Tut4
XP_002649102.1	XP_005270735.1	0	N/A	24.542	273	26	2.8e-11	70.5	terminal uridylyltransferase 4 isoform X2 [Homo sapiens]	TRUE	Tut4
XP_002649102.1	XP_005270739.1	0	N/A	24.542	273	26	3.32e-11	70.5	terminal uridylyltransferase 4 isoform X33 [Homo sapiens]	TRUE	Tut4
XP_002649102.1	XP_011539401.1	0	N/A	24.542	273	26	3.53e-11	70.1	terminal uridylyltransferase 4 isoform X29 [Homo sapiens]	TRUE	Tut4
XP_002649102.1	XP_047272345.1	0	N/A	24.542	273	26	3.84e-11	70.1	terminal uridylyltransferase 4 isoform X31 [Homo sapiens]	TRUE	Tut4
XP_002649102.1	XP_016856296.1	0	N/A	24.542	273	26	4.41e-11	70.1	terminal uridylyltransferase 4 isoform X28 [Homo sapiens]	TRUE	Tut4
XP_002649102.1	XP_047272337.1	0	N/A	24.542	273	26	4.53e-11	70.1	terminal uridylyltransferase 4 isoform X27 [Homo sapiens]	TRUE	Tut4
XP_002649102.1	XP_016856295.1	0	N/A	24.542	273	26	5.18e-11	69.7	terminal uridylyltransferase 4 isoform X25 [Homo sapiens]	TRUE	Tut4
XP_002649102.1	XP_047272367.1	0	N/A	21.318	258	27	5.33e-11	69.7	terminal uridylyltransferase 4 isoform X39 [Homo sapiens]	TRUE	Tut4
XP_002649102.1	XP_047272362.1	0	N/A	21.318	258	27	5.33e-11	69.7	terminal uridylyltransferase 4 isoform X37 [Homo sapiens]	TRUE	Tut4
XP_002649102.1	XP_047272354.1	0	N/A	21.318	258	27	5.42e-11	69.7	terminal uridylyltransferase 4 isoform X35 [Homo sapiens]	TRUE	Tut4
XP_002649102.1	XP_047272325.1	0	N/A	24.542	273	26	5.74e-11	69.7	terminal uridylyltransferase 4 isoform X23 [Homo sapiens]	TRUE	Tut4
XP_002649102.1	XP_047272348.1	0	N/A	21.318	258	27	7.56e-11	69.3	terminal uridylyltransferase 4 isoform X32 [Homo sapiens]	TRUE	Tut4
XP_002649102.1	XP_047272384.1	0	N/A	24.735	283	27	1.06e-10	68.6	terminal uridylyltransferase 4 isoform X46 [Homo sapiens]	TRUE	Tut4
XP_002649102.1	XP_016856294.1	0	N/A	23.699	173	18	5.89e-09	63.2	terminal uridylyltransferase 4 isoform X20 [Homo sapiens]	TRUE	Tut4
XP_002649102.1	XP_047272307.1	0	N/A	23.699	173	18	6e-09	63.2	terminal uridylyltransferase 4 isoform X19 [Homo sapiens]	TRUE	Tut4
XP_002649102.1	XP_047272306.1	0	N/A	23.699	173	18	7.05e-09	62.8	terminal uridylyltransferase 4 isoform X18 [Homo sapiens]	TRUE	Tut4
XP_002649102.1	XP_005270738.1	0	N/A	23.699	173	18	7.05e-09	62.8	terminal uridylyltransferase 4 isoform X14 [Homo sapiens]	TRUE	Tut4
XP_002649102.1	XP_047272303.1	0	N/A	23.699	173	18	7.54e-09	62.8	terminal uridylyltransferase 4 isoform X15 [Homo sapiens]	TRUE	Tut4
XP_002649102.1	XP_047279826.1	0	N/A	25.143	175	18	7.28e-08	59.3	terminal uridylyltransferase 7 isoform X8 [Homo sapiens]	TRUE	Tut7
XP_002649102.1	XP_047272811.1	0	N/A	23.111	225	21	1.78e-05	51.2	poly(A) RNA polymerase GLD2 isoform X4 [Homo sapiens]	TRUE	TENT2
XP_002649102.1	XP_047272810.1	0	N/A	23.111	225	21	1.78e-05	51.2	poly(A) RNA polymerase GLD2 isoform X4 [Homo sapiens]	TRUE	TENT2
XP_002649102.1	XP_047272809.1	0	N/A	23.111	225	21	1.78e-05	51.2	poly(A) RNA polymerase GLD2 isoform X4 [Homo sapiens]	TRUE	TENT2
XP_002649102.1	NP_001375058.1	0	N/A	23.111	225	21	1.78e-05	51.2	poly(A) RNA polymerase GLD2 isoform 2 [Homo sapiens]	TRUE	TENT2
XP_002649102.1	NP_001375057.1	0	N/A	23.111	225	21	1.78e-05	51.2	poly(A) RNA polymerase GLD2 isoform 2 [Homo sapiens]	TRUE	TENT2
XP_002649102.1	NP_001375056.1	0	N/A	23.111	225	21	1.78e-05	51.2	poly(A) RNA polymerase GLD2 isoform 2 [Homo sapiens]	TRUE	TENT2
XP_002649102.1	NP_001375055.1	0	N/A	23.111	225	21	1.78e-05	51.2	poly(A) RNA polymerase GLD2 isoform 2 [Homo sapiens]	TRUE	TENT2
XP_002649102.1	NP_001375054.1	0	N/A	23.111	225	21	1.78e-05	51.2	poly(A) RNA polymerase GLD2 isoform 2 [Homo sapiens]	TRUE	TENT2
XP_002649102.1	NP_001375053.1	0	N/A	23.111	225	21	1.78e-05	51.2	poly(A) RNA polymerase GLD2 isoform 2 [Homo sapiens]	TRUE	TENT2
XP_002649102.1	NP_001375052.1	0	N/A	23.111	225	21	1.78e-05	51.2	poly(A) RNA polymerase GLD2 isoform 2 [Homo sapiens]	TRUE	TENT2
XP_002649102.1	NP_001375051.1	0	N/A	23.111	225	21	1.78e-05	51.2	poly(A) RNA polymerase GLD2 isoform 2 [Homo sapiens]	TRUE	TENT2
XP_002649102.1	NP_001375050.1	0	N/A	23.111	225	21	1.78e-05	51.2	poly(A) RNA polymerase GLD2 isoform 2 [Homo sapiens]	TRUE	TENT2
XP_002649102.1	NP_001375049.1	0	N/A	23.111	225	21	1.78e-05	51.2	poly(A) RNA polymerase GLD2 isoform 2 [Homo sapiens]	TRUE	TENT2
XP_002649102.1	NP_001375048.1	0	N/A	23.111	225	21	1.78e-05	51.2	poly(A) RNA polymerase GLD2 isoform 2 [Homo sapiens]	TRUE	TENT2
XP_002649102.1	NP_001375047.1	0	N/A	23.111	225	21	1.78e-05	51.2	poly(A) RNA polymerase GLD2 isoform 2 [Homo sapiens]	TRUE	TENT2
XP_002649102.1	NP_001375046.1	0	N/A	23.111	225	21	1.78e-05	51.2	poly(A) RNA polymerase GLD2 isoform 2 [Homo sapiens]	TRUE	TENT2
XP_002649102.1	NP_001375045.1	0	N/A	23.111	225	21	1.78e-05	51.2	poly(A) RNA polymerase GLD2 isoform 2 [Homo sapiens]	TRUE	TENT2
XP_002649102.1	NP_001375044.1	0	N/A	23.111	225	21	1.78e-05	51.2	poly(A) RNA polymerase GLD2 isoform 2 [Homo sapiens]	TRUE	TENT2
XP_002649102.1	NP_001375043.1	0	N/A	23.111	225	21	1.78e-05	51.2	poly(A) RNA polymerase GLD2 isoform 2 [Homo sapiens]	TRUE	TENT2
XP_002649102.1	NP_001336483.1	0	N/A	23.111	225	21	1.78e-05	51.2	poly(A) RNA polymerase GLD2 isoform 2 [Homo sapiens]	TRUE	TENT2
XP_002649102.1	NP_001284673.1	0	N/A	23.111	225	21	1.78e-05	51.2	poly(A) RNA polymerase GLD2 isoform 2 [Homo sapiens]	TRUE	TENT2
XP_002669192.1	NP_689596.4	0	N/A	28.007	557	25	1.93e-40	166	DIS3-like exonuclease 2 isoform 1 [Homo sapiens]	FALSE	NA
XP_002669192.1	NP_001310872.1	0	N/A	25.222	563	25	2.09e-32	139	DIS3-like exonuclease 1 isoform 4 [Homo sapiens]	FALSE	NA
XP_002669192.1	NP_001310869.1	0	N/A	25.222	563	25	2.09e-32	139	DIS3-like exonuclease 1 isoform 4 [Homo sapiens]	FALSE	NA
XP_002669192.1	NP_001310875.1	0	N/A	25.222	563	25	5.58e-32	139	DIS3-like exonuclease 1 isoform 3 [Homo sapiens]	FALSE	NA
XP_002669192.1	NP_001310870.1	0	N/A	25.222	563	25	5.58e-32	139	DIS3-like exonuclease 1 isoform 3 [Homo sapiens]	FALSE	NA
XP_002669192.1	NP_001310868.1	0	N/A	25.222	563	25	5.58e-32	139	DIS3-like exonuclease 1 isoform 3 [Homo sapiens]	FALSE	NA
XP_002669192.1	NP_001310867.1	0	N/A	25.222	563	25	5.58e-32	139	DIS3-like exonuclease 1 isoform 3 [Homo sapiens]	FALSE	NA
XP_002669192.1	NP_001310866.1	0	N/A	25.222	563	25	6.98e-32	139	DIS3-like exonuclease 1 isoform 5 [Homo sapiens]	FALSE	NA
XP_002669192.1	NP_001310877.1	0	N/A	25.222	563	25	8.08e-32	139	DIS3-like exonuclease 1 isoform 7 [Homo sapiens]	FALSE	NA
XP_002669192.1	NP_588616.1	0	N/A	25.222	563	25	8.3e-32	139	DIS3-like exonuclease 1 isoform 2 [Homo sapiens]	FALSE	NA
XP_002669192.1	NP_001310874.1	0	N/A	25.222	563	25	8.3e-32	139	DIS3-like exonuclease 1 isoform 2 [Homo sapiens]	FALSE	NA
XP_002669192.1	NP_001310865.1	0	N/A	25.222	563	25	8.3e-32	139	DIS3-like exonuclease 1 isoform 2 [Homo sapiens]	FALSE	NA
XP_002669192.1	NP_001310873.1	0	N/A	25.222	563	25	1.64e-31	137	DIS3-like exonuclease 1 isoform 6 [Homo sapiens]	FALSE	NA
XP_002669192.1	NP_001137160.1	0	N/A	25.222	563	25	1.8e-31	137	DIS3-like exonuclease 1 isoform 1 [Homo sapiens]	FALSE	NA
XP_002669192.1	XP_005254203.1	0	N/A	25.591	508	22	4.06e-27	123	DIS3-like exonuclease 1 isoform X1 [Homo sapiens]	FALSE	NA
XP_002669192.1	NP_001317647.1	0	N/A	27.456	397	17	2.33e-22	107	terminal uridylyltransferase 7 isoform 3 [Homo sapiens]	TRUE	Tut7
XP_002669192.1	XP_005252265.1	0	N/A	27.456	397	17	2.42e-22	108	terminal uridylyltransferase 7 isoform X7 [Homo sapiens]	TRUE	Tut7
XP_002669192.1	XP_047279825.1	0	N/A	27.456	397	17	4.3e-22	107	terminal uridylyltransferase 7 isoform X6 [Homo sapiens]	TRUE	Tut7
XP_002669192.1	XP_047279824.1	0	N/A	27.456	397	17	4.3e-22	107	terminal uridylyltransferase 7 isoform X6 [Homo sapiens]	TRUE	Tut7
XP_002669192.1	XP_005252264.1	0	N/A	27.456	397	17	4.3e-22	107	terminal uridylyltransferase 7 isoform X6 [Homo sapiens]	TRUE	Tut7
XP_002669192.1	XP_011517318.1	0	N/A	27.204	397	17	4.47e-22	107	terminal uridylyltransferase 7 isoform X5 [Homo sapiens]	TRUE	Tut7
XP_002669192.1	XP_011517316.1	0	N/A	27.318	399	17	4.47e-22	107	terminal uridylyltransferase 7 isoform X1 [Homo sapiens]	TRUE	Tut7
XP_002669192.1	XP_011517315.1	0	N/A	27.318	399	17	4.47e-22	107	terminal uridylyltransferase 7 isoform X1 [Homo sapiens]	TRUE	Tut7
XP_002669192.1	XP_011517314.1	0	N/A	27.318	399	17	4.47e-22	107	terminal uridylyltransferase 7 isoform X1 [Homo sapiens]	TRUE	Tut7
XP_002669192.1	XP_011517313.1	0	N/A	27.318	399	17	4.47e-22	107	terminal uridylyltransferase 7 isoform X1 [Homo sapiens]	TRUE	Tut7
XP_002669192.1	XP_047279823.1	0	N/A	27.204	397	17	4.77e-22	107	terminal uridylyltransferase 7 isoform X2 [Homo sapiens]	TRUE	Tut7
XP_002669192.1	XP_006717346.1	0	N/A	27.204	397	17	4.77e-22	107	terminal uridylyltransferase 7 isoform X2 [Homo sapiens]	TRUE	Tut7
XP_002669192.1	XP_016870620.1	0	N/A	27.204	397	17	5.08e-22	107	terminal uridylyltransferase 7 isoform X4 [Homo sapiens]	TRUE	Tut7
XP_002669192.1	XP_016870619.1	0	N/A	27.204	397	17	5.08e-22	107	terminal uridylyltransferase 7 isoform X4 [Homo sapiens]	TRUE	Tut7
XP_002669192.1	NP_078893.2	0	N/A	27.204	397	17	5.08e-22	107	terminal uridylyltransferase 7 isoform 1 [Homo sapiens]	TRUE	Tut7
XP_002669192.1	NP_001171988.1	0	N/A	27.204	397	17	5.08e-22	107	terminal uridylyltransferase 7 isoform 1 [Homo sapiens]	TRUE	Tut7
XP_002669192.1	XP_011517317.1	0	N/A	27.204	397	17	5.1e-22	107	terminal uridylyltransferase 7 isoform X3 [Homo sapiens]	TRUE	Tut7
XP_002669192.1	XP_016856292.1	0	N/A	26.648	364	16	2.01e-21	105	terminal uridylyltransferase 4 isoform X9 [Homo sapiens]	TRUE	Tut4
XP_002669192.1	XP_016856293.1	0	N/A	26.648	364	16	2.11e-21	105	terminal uridylyltransferase 4 isoform X16 [Homo sapiens]	TRUE	Tut4
XP_002669192.1	XP_047272285.1	0	N/A	26.648	364	16	2.34e-21	105	terminal uridylyltransferase 4 isoform X7 [Homo sapiens]	TRUE	Tut4
XP_002669192.1	XP_047272288.1	0	N/A	26.648	364	16	2.44e-21	105	terminal uridylyltransferase 4 isoform X10 [Homo sapiens]	TRUE	Tut4
XP_002669192.1	XP_005270735.1	0	N/A	26.648	364	16	2.56e-21	105	terminal uridylyltransferase 4 isoform X2 [Homo sapiens]	TRUE	Tut4
XP_002669192.1	XP_047272280.1	0	N/A	26.648	364	16	2.65e-21	105	terminal uridylyltransferase 4 isoform X3 [Homo sapiens]	TRUE	Tut4
XP_002669192.1	XP_005270736.1	0	N/A	26.648	364	16	2.65e-21	105	terminal uridylyltransferase 4 isoform X3 [Homo sapiens]	TRUE	Tut4
XP_002669192.1	XP_011539399.1	0	N/A	26.648	364	16	2.67e-21	105	terminal uridylyltransferase 4 isoform X1 [Homo sapiens]	TRUE	Tut4
XP_002669192.1	XP_005270733.1	0	N/A	26.648	364	16	2.67e-21	105	terminal uridylyltransferase 4 isoform X1 [Homo sapiens]	TRUE	Tut4
XP_002669192.1	XP_047272283.1	0	N/A	26.648	364	16	2.69e-21	105	terminal uridylyltransferase 4 isoform X6 [Homo sapiens]	TRUE	Tut4
XP_002669192.1	XP_005270737.1	0	N/A	26.648	364	16	2.69e-21	105	terminal uridylyltransferase 4 isoform X6 [Homo sapiens]	TRUE	Tut4
XP_002669192.1	XP_047272282.1	0	N/A	26.648	364	16	2.74e-21	105	terminal uridylyltransferase 4 isoform X5 [Homo sapiens]	TRUE	Tut4
XP_002669192.1	NP_056084.1	0	N/A	26.648	364	16	2.74e-21	105	terminal uridylyltransferase 4 isoform b [Homo sapiens]	TRUE	Tut4
XP_002669192.1	XP_047272345.1	0	N/A	26.648	364	16	2.76e-21	105	terminal uridylyltransferase 4 isoform X31 [Homo sapiens]	TRUE	Tut4
XP_002669192.1	XP_005270739.1	0	N/A	26.648	364	16	2.78e-21	105	terminal uridylyltransferase 4 isoform X33 [Homo sapiens]	TRUE	Tut4
XP_002669192.1	XP_016856297.1	0	N/A	26.648	364	16	2.82e-21	105	terminal uridylyltransferase 4 isoform X36 [Homo sapiens]	TRUE	Tut4
XP_002669192.1	XP_016856299.1	0	N/A	26.648	364	16	2.89e-21	105	terminal uridylyltransferase 4 isoform X40 [Homo sapiens]	TRUE	Tut4
XP_002669192.1	XP_047272365.1	0	N/A	26.648	364	16	2.92e-21	105	terminal uridylyltransferase 4 isoform X38 [Homo sapiens]	TRUE	Tut4
XP_002669192.1	XP_047272281.1	0	N/A	26.648	364	16	3.03e-21	104	terminal uridylyltransferase 4 isoform X4 [Homo sapiens]	TRUE	Tut4
XP_002669192.1	NP_001009881.1	0	N/A	26.648	364	16	3.03e-21	104	terminal uridylyltransferase 4 isoform a [Homo sapiens]	TRUE	Tut4
XP_002669192.1	XP_011539401.1	0	N/A	26.648	364	16	3.17e-21	104	terminal uridylyltransferase 4 isoform X29 [Homo sapiens]	TRUE	Tut4
XP_002669192.1	XP_047272337.1	0	N/A	26.648	364	16	3.21e-21	104	terminal uridylyltransferase 4 isoform X27 [Homo sapiens]	TRUE	Tut4
XP_002669192.1	XP_016856295.1	0	N/A	26.648	364	16	3.3e-21	104	terminal uridylyltransferase 4 isoform X25 [Homo sapiens]	TRUE	Tut4
XP_002669192.1	XP_016856296.1	0	N/A	26.648	364	16	3.55e-21	104	terminal uridylyltransferase 4 isoform X28 [Homo sapiens]	TRUE	Tut4
XP_002669192.1	XP_047272325.1	0	N/A	26.648	364	16	3.62e-21	104	terminal uridylyltransferase 4 isoform X23 [Homo sapiens]	TRUE	Tut4
XP_002669192.1	XP_047272384.1	0	N/A	26.648	364	16	7.26e-21	103	terminal uridylyltransferase 4 isoform X46 [Homo sapiens]	TRUE	Tut4
XP_002669192.1	XP_047272286.1	0	N/A	27.848	316	14	5.85e-20	100	terminal uridylyltransferase 4 isoform X8 [Homo sapiens]	TRUE	Tut4
XP_002669192.1	XP_047272296.1	0	N/A	27.848	316	14	5.99e-20	100	terminal uridylyltransferase 4 isoform X13 [Homo sapiens]	TRUE	Tut4
XP_002669192.1	XP_047272295.1	0	N/A	27.848	316	14	6.05e-20	100	terminal uridylyltransferase 4 isoform X12 [Homo sapiens]	TRUE	Tut4
XP_002669192.1	NP_001309278.1	0	N/A	28.214	280	13	6.08e-20	100	exosome complex exonuclease RRP44 isoform d [Homo sapiens]	FALSE	NA
XP_002669192.1	XP_047272305.1	0	N/A	27.848	316	14	6.14e-20	100	terminal uridylyltransferase 4 isoform X17 [Homo sapiens]	TRUE	Tut4
XP_002669192.1	XP_047272290.1	0	N/A	27.848	316	14	6.31e-20	100	terminal uridylyltransferase 4 isoform X11 [Homo sapiens]	TRUE	Tut4
XP_002669192.1	NP_001309277.1	0	N/A	28.214	280	13	6.37e-20	100	exosome complex exonuclease RRP44 isoform c [Homo sapiens]	FALSE	NA
XP_002669192.1	XP_047272372.1	0	N/A	27.848	316	14	7.07e-20	100	terminal uridylyltransferase 4 isoform X42 [Homo sapiens]	TRUE	Tut4
XP_002669192.1	NP_001121698.1	0	N/A	28.214	280	13	7.45e-20	99.8	exosome complex exonuclease RRP44 isoform b [Homo sapiens]	FALSE	NA
XP_002669192.1	NP_055768.3	0	N/A	28.214	280	13	7.92e-20	99.8	exosome complex exonuclease RRP44 isoform a [Homo sapiens]	FALSE	NA
XP_002669192.1	XP_047272344.1	0	N/A	27.848	316	14	8.34e-20	100	terminal uridylyltransferase 4 isoform X30 [Homo sapiens]	TRUE	Tut4
XP_002669192.1	XP_047272350.1	0	N/A	27.848	316	14	9.04e-20	100	terminal uridylyltransferase 4 isoform X34 [Homo sapiens]	TRUE	Tut4
XP_002669192.1	NP_001172003.1	0	N/A	30.417	240	11	3.27e-19	98.2	terminal uridylyltransferase 7 isoform 2 [Homo sapiens]	TRUE	Tut7
XP_002669192.1	NP_001375029.1	0	N/A	27.294	425	17	1.1e-18	94.4	poly(A) RNA polymerase GLD2 isoform 8 [Homo sapiens]	TRUE	TENT2
XP_002669192.1	NP_001375028.1	0	N/A	27.294	425	17	1.1e-18	94.4	poly(A) RNA polymerase GLD2 isoform 8 [Homo sapiens]	TRUE	TENT2
XP_002669192.1	NP_001375065.1	0	N/A	26.988	415	17	1.49e-18	92.4	poly(A) RNA polymerase GLD2 isoform 14 [Homo sapiens]	TRUE	TENT2
XP_002669192.1	NP_001375060.1	0	N/A	27.163	416	17	1.67e-18	93.6	poly(A) RNA polymerase GLD2 isoform 11 [Homo sapiens]	TRUE	TENT2
XP_002669192.1	NP_001375030.1	0	N/A	27.23	426	17	1.77e-18	94	poly(A) RNA polymerase GLD2 isoform 9 [Homo sapiens]	TRUE	TENT2
XP_002669192.1	NP_001244210.1	0	N/A	36.646	161	7	1.8e-18	94.7	DIS3-like exonuclease 2 isoform 2 [Homo sapiens]	FALSE	NA
XP_002669192.1	NP_001375061.1	0	N/A	26.988	415	17	2.25e-18	93.2	poly(A) RNA polymerase GLD2 isoform 12 [Homo sapiens]	TRUE	TENT2
XP_002669192.1	NP_001336477.1	0	N/A	29.104	268	12	2.27e-18	89.7	poly(A) RNA polymerase GLD2 isoform 4 [Homo sapiens]	TRUE	TENT2
XP_002669192.1	NP_001375042.1	0	N/A	27.163	416	17	2.3e-18	93.6	poly(A) RNA polymerase GLD2 isoform 16 [Homo sapiens]	TRUE	TENT2
XP_002669192.1	XP_047272820.1	0	N/A	29.104	268	12	2.62e-18	89.4	poly(A) RNA polymerase GLD2 isoform X11 [Homo sapiens]	TRUE	TENT2
XP_002669192.1	XP_047272808.1	0	N/A	27.163	416	17	2.72e-18	93.2	poly(A) RNA polymerase GLD2 isoform X3 [Homo sapiens]	TRUE	TENT2
XP_002669192.1	XP_047272807.1	0	N/A	27.163	416	17	2.72e-18	93.2	poly(A) RNA polymerase GLD2 isoform X3 [Homo sapiens]	TRUE	TENT2
XP_002669192.1	XP_047272806.1	0	N/A	27.163	416	17	2.72e-18	93.2	poly(A) RNA polymerase GLD2 isoform X3 [Homo sapiens]	TRUE	TENT2
XP_002669192.1	NP_776158.2	0	N/A	27.163	416	17	2.72e-18	93.2	poly(A) RNA polymerase GLD2 isoform 1 [Homo sapiens]	TRUE	TENT2
XP_002669192.1	NP_001375041.1	0	N/A	27.163	416	17	2.72e-18	93.2	poly(A) RNA polymerase GLD2 isoform 1 [Homo sapiens]	TRUE	TENT2
XP_002669192.1	NP_001375040.1	0	N/A	27.163	416	17	2.72e-18	93.2	poly(A) RNA polymerase GLD2 isoform 1 [Homo sapiens]	TRUE	TENT2
XP_002669192.1	NP_001375039.1	0	N/A	27.163	416	17	2.72e-18	93.2	poly(A) RNA polymerase GLD2 isoform 1 [Homo sapiens]	TRUE	TENT2
XP_002669192.1	NP_001375038.1	0	N/A	27.163	416	17	2.72e-18	93.2	poly(A) RNA polymerase GLD2 isoform 1 [Homo sapiens]	TRUE	TENT2
XP_002669192.1	NP_001375037.1	0	N/A	27.163	416	17	2.72e-18	93.2	poly(A) RNA polymerase GLD2 isoform 1 [Homo sapiens]	TRUE	TENT2
XP_002669192.1	NP_001375036.1	0	N/A	27.163	416	17	2.72e-18	93.2	poly(A) RNA polymerase GLD2 isoform 1 [Homo sapiens]	TRUE	TENT2
XP_002669192.1	NP_001375035.1	0	N/A	27.163	416	17	2.72e-18	93.2	poly(A) RNA polymerase GLD2 isoform 1 [Homo sapiens]	TRUE	TENT2
XP_002669192.1	NP_001375034.1	0	N/A	27.163	416	17	2.72e-18	93.2	poly(A) RNA polymerase GLD2 isoform 1 [Homo sapiens]	TRUE	TENT2
XP_002669192.1	NP_001375032.1	0	N/A	27.163	416	17	2.72e-18	93.2	poly(A) RNA polymerase GLD2 isoform 1 [Homo sapiens]	TRUE	TENT2
XP_002669192.1	NP_001375031.1	0	N/A	27.163	416	17	2.72e-18	93.2	poly(A) RNA polymerase GLD2 isoform 1 [Homo sapiens]	TRUE	TENT2
XP_002669192.1	NP_001336482.1	0	N/A	27.163	416	17	2.72e-18	93.2	poly(A) RNA polymerase GLD2 isoform 1 [Homo sapiens]	TRUE	TENT2
XP_002669192.1	NP_001336481.1	0	N/A	27.163	416	17	2.72e-18	93.2	poly(A) RNA polymerase GLD2 isoform 1 [Homo sapiens]	TRUE	TENT2
XP_002669192.1	NP_001107866.1	0	N/A	27.163	416	17	2.72e-18	93.2	poly(A) RNA polymerase GLD2 isoform 1 [Homo sapiens]	TRUE	TENT2
XP_002669192.1	NP_001107865.1	0	N/A	27.163	416	17	2.72e-18	93.2	poly(A) RNA polymerase GLD2 isoform 1 [Homo sapiens]	TRUE	TENT2
XP_002669192.1	NP_001375059.1	0	N/A	26.988	415	17	3.11e-18	92.8	poly(A) RNA polymerase GLD2 isoform 10 [Homo sapiens]	TRUE	TENT2
XP_002676756.1	XP_047290433.1	0	N/A	34.286	315	50	6.67e-45	168	terminal nucleotidyltransferase 4B isoform X6 [Homo sapiens]	TRUE	TENT4B
XP_002676756.1	NP_008930.2	0	N/A	36.446	332	53	7.43e-45	172	terminal nucleotidyltransferase 4A isoform 1 [Homo sapiens]	TRUE	TENT4A
XP_002676756.1	NP_001165276.2	0	N/A	36.446	332	53	9.63e-45	172	terminal nucleotidyltransferase 4A isoform 2 [Homo sapiens]	TRUE	TENT4A
XP_002676756.1	XP_011521580.1	0	N/A	34.286	315	50	1.14e-44	169	terminal nucleotidyltransferase 4B isoform X5 [Homo sapiens]	TRUE	TENT4B
XP_002676756.1	NP_001352252.1	0	N/A	33.636	330	53	1.21e-44	171	terminal nucleotidyltransferase 4B isoform c [Homo sapiens]	TRUE	TENT4B
XP_002676756.1	XP_047290432.1	0	N/A	33.636	330	53	1.29e-44	170	terminal nucleotidyltransferase 4B isoform X4 [Homo sapiens]	TRUE	TENT4B
XP_002676756.1	NP_001035374.2	0	N/A	33.333	333	53	1.3e-44	171	terminal nucleotidyltransferase 4B isoform a [Homo sapiens]	TRUE	TENT4B
XP_002676756.1	XP_011521577.1	0	N/A	33.333	333	53	1.32e-44	171	terminal nucleotidyltransferase 4B isoform X1 [Homo sapiens]	TRUE	TENT4B
XP_002676756.1	NP_001352253.1	0	N/A	33.333	333	53	1.33e-44	171	terminal nucleotidyltransferase 4B isoform d [Homo sapiens]	TRUE	TENT4B
XP_002676756.1	NP_001035375.2	0	N/A	33.333	333	53	1.44e-44	170	terminal nucleotidyltransferase 4B isoform b [Homo sapiens]	TRUE	TENT4B
XP_002676756.1	XP_011521578.1	0	N/A	33.333	333	53	1.46e-44	170	terminal nucleotidyltransferase 4B isoform X2 [Homo sapiens]	TRUE	TENT4B
XP_002676756.1	XP_047290431.1	0	N/A	33.636	330	53	1.69e-44	170	terminal nucleotidyltransferase 4B isoform X3 [Homo sapiens]	TRUE	TENT4B
XP_002676756.1	XP_047272622.1	0	N/A	35.333	300	48	1.34e-37	149	terminal nucleotidyltransferase 4A isoform X1 [Homo sapiens]	TRUE	TENT4A
XP_002676756.1	XP_047272621.1	0	N/A	35.333	300	48	1.34e-37	149	terminal nucleotidyltransferase 4A isoform X1 [Homo sapiens]	TRUE	TENT4A
XP_002676756.1	XP_047272620.1	0	N/A	35.333	300	48	1.34e-37	149	terminal nucleotidyltransferase 4A isoform X1 [Homo sapiens]	TRUE	TENT4A
XP_002676756.1	XP_047272623.1	0	N/A	35.135	296	47	1.36e-36	145	terminal nucleotidyltransferase 4A isoform X2 [Homo sapiens]	TRUE	TENT4A
XP_002676756.1	XP_016864477.1	0	N/A	35.135	296	47	1.36e-36	145	terminal nucleotidyltransferase 4A isoform X2 [Homo sapiens]	TRUE	TENT4A
XP_002676756.1	XP_047272624.1	0	N/A	35.135	296	47	1.46e-36	145	terminal nucleotidyltransferase 4A isoform X3 [Homo sapiens]	TRUE	TENT4A
XP_002676756.1	XP_016870620.1	0	N/A	30.899	178	28	4.91e-12	72	terminal uridylyltransferase 7 isoform X4 [Homo sapiens]	TRUE	Tut7
XP_002676756.1	XP_016870619.1	0	N/A	30.899	178	28	4.91e-12	72	terminal uridylyltransferase 7 isoform X4 [Homo sapiens]	TRUE	Tut7
XP_002676756.1	NP_078893.2	0	N/A	30.899	178	28	4.91e-12	72	terminal uridylyltransferase 7 isoform 1 [Homo sapiens]	TRUE	Tut7
XP_002676756.1	NP_001171988.1	0	N/A	30.899	178	28	4.91e-12	72	terminal uridylyltransferase 7 isoform 1 [Homo sapiens]	TRUE	Tut7
XP_002676756.1	NP_001317647.1	0	N/A	30.899	178	28	5.33e-12	71.6	terminal uridylyltransferase 7 isoform 3 [Homo sapiens]	TRUE	Tut7
XP_002676756.1	XP_005252265.1	0	N/A	31.073	177	28	5.39e-12	72	terminal uridylyltransferase 7 isoform X7 [Homo sapiens]	TRUE	Tut7
XP_002676756.1	XP_011517317.1	0	N/A	30.899	178	28	5.62e-12	71.6	terminal uridylyltransferase 7 isoform X3 [Homo sapiens]	TRUE	Tut7
XP_002676756.1	XP_047279825.1	0	N/A	30.899	178	28	5.72e-12	71.6	terminal uridylyltransferase 7 isoform X6 [Homo sapiens]	TRUE	Tut7
XP_002676756.1	XP_047279824.1	0	N/A	30.899	178	28	5.72e-12	71.6	terminal uridylyltransferase 7 isoform X6 [Homo sapiens]	TRUE	Tut7
XP_002676756.1	XP_005252264.1	0	N/A	30.899	178	28	5.72e-12	71.6	terminal uridylyltransferase 7 isoform X6 [Homo sapiens]	TRUE	Tut7
XP_002676756.1	XP_011517318.1	0	N/A	30.899	178	28	5.93e-12	71.6	terminal uridylyltransferase 7 isoform X5 [Homo sapiens]	TRUE	Tut7
XP_002676756.1	XP_047279823.1	0	N/A	30.899	178	28	5.97e-12	71.6	terminal uridylyltransferase 7 isoform X2 [Homo sapiens]	TRUE	Tut7
XP_002676756.1	XP_006717346.1	0	N/A	30.899	178	28	5.97e-12	71.6	terminal uridylyltransferase 7 isoform X2 [Homo sapiens]	TRUE	Tut7
XP_002676756.1	XP_011517316.1	0	N/A	30.899	178	28	6.24e-12	71.6	terminal uridylyltransferase 7 isoform X1 [Homo sapiens]	TRUE	Tut7
XP_002676756.1	XP_011517315.1	0	N/A	30.899	178	28	6.24e-12	71.6	terminal uridylyltransferase 7 isoform X1 [Homo sapiens]	TRUE	Tut7
XP_002676756.1	XP_011517314.1	0	N/A	30.899	178	28	6.24e-12	71.6	terminal uridylyltransferase 7 isoform X1 [Homo sapiens]	TRUE	Tut7
XP_002676756.1	XP_011517313.1	0	N/A	30.899	178	28	6.24e-12	71.6	terminal uridylyltransferase 7 isoform X1 [Homo sapiens]	TRUE	Tut7
XP_002676756.1	XP_016856292.1	0	N/A	28.5	200	31	1.93e-09	63.5	terminal uridylyltransferase 4 isoform X9 [Homo sapiens]	TRUE	Tut4
XP_002676756.1	XP_047272285.1	0	N/A	28.5	200	31	1.93e-09	63.5	terminal uridylyltransferase 4 isoform X7 [Homo sapiens]	TRUE	Tut4
XP_002676756.1	XP_005270735.1	0	N/A	28.5	200	31	1.98e-09	63.5	terminal uridylyltransferase 4 isoform X2 [Homo sapiens]	TRUE	Tut4
XP_002676756.1	XP_047272288.1	0	N/A	28.5	200	31	2.05e-09	63.5	terminal uridylyltransferase 4 isoform X10 [Homo sapiens]	TRUE	Tut4
XP_002676756.1	XP_011539399.1	0	N/A	28.5	200	31	2.05e-09	63.5	terminal uridylyltransferase 4 isoform X1 [Homo sapiens]	TRUE	Tut4
XP_002676756.1	XP_005270733.1	0	N/A	28.5	200	31	2.05e-09	63.5	terminal uridylyltransferase 4 isoform X1 [Homo sapiens]	TRUE	Tut4
XP_002676756.1	XP_047272283.1	0	N/A	28.5	200	31	2.07e-09	63.5	terminal uridylyltransferase 4 isoform X6 [Homo sapiens]	TRUE	Tut4
XP_002676756.1	XP_005270737.1	0	N/A	28.5	200	31	2.07e-09	63.5	terminal uridylyltransferase 4 isoform X6 [Homo sapiens]	TRUE	Tut4
XP_002676756.1	XP_047272280.1	0	N/A	28.5	200	31	2.07e-09	63.5	terminal uridylyltransferase 4 isoform X3 [Homo sapiens]	TRUE	Tut4
XP_002676756.1	XP_005270736.1	0	N/A	28.5	200	31	2.07e-09	63.5	terminal uridylyltransferase 4 isoform X3 [Homo sapiens]	TRUE	Tut4
XP_002676756.1	XP_016856293.1	0	N/A	28.5	200	31	2.12e-09	63.5	terminal uridylyltransferase 4 isoform X16 [Homo sapiens]	TRUE	Tut4
XP_002676756.1	XP_047272281.1	0	N/A	28.5	200	31	2.22e-09	63.5	terminal uridylyltransferase 4 isoform X4 [Homo sapiens]	TRUE	Tut4
XP_002676756.1	NP_001009881.1	0	N/A	28.5	200	31	2.22e-09	63.5	terminal uridylyltransferase 4 isoform a [Homo sapiens]	TRUE	Tut4
XP_002676756.1	XP_047272282.1	0	N/A	28.5	200	31	2.24e-09	63.5	terminal uridylyltransferase 4 isoform X5 [Homo sapiens]	TRUE	Tut4
XP_002676756.1	NP_056084.1	0	N/A	28.5	200	31	2.24e-09	63.5	terminal uridylyltransferase 4 isoform b [Homo sapiens]	TRUE	Tut4
XP_002676756.1	XP_016856297.1	0	N/A	28.5	200	31	2.32e-09	63.2	terminal uridylyltransferase 4 isoform X36 [Homo sapiens]	TRUE	Tut4
XP_002676756.1	XP_047272365.1	0	N/A	28.5	200	31	2.4e-09	63.2	terminal uridylyltransferase 4 isoform X38 [Homo sapiens]	TRUE	Tut4
XP_002676756.1	XP_016856299.1	0	N/A	28.5	200	31	2.53e-09	63.2	terminal uridylyltransferase 4 isoform X40 [Homo sapiens]	TRUE	Tut4
XP_002676756.1	XP_047272345.1	0	N/A	28.5	200	31	2.6e-09	63.2	terminal uridylyltransferase 4 isoform X31 [Homo sapiens]	TRUE	Tut4
XP_002676756.1	XP_005270739.1	0	N/A	28.5	200	31	2.78e-09	63.2	terminal uridylyltransferase 4 isoform X33 [Homo sapiens]	TRUE	Tut4
XP_002676756.1	XP_011539401.1	0	N/A	28.5	200	31	2.79e-09	63.2	terminal uridylyltransferase 4 isoform X29 [Homo sapiens]	TRUE	Tut4
XP_002676756.1	XP_016856296.1	0	N/A	28.5	200	31	2.79e-09	63.2	terminal uridylyltransferase 4 isoform X28 [Homo sapiens]	TRUE	Tut4
XP_002676756.1	XP_016856295.1	0	N/A	28.5	200	31	2.84e-09	63.2	terminal uridylyltransferase 4 isoform X25 [Homo sapiens]	TRUE	Tut4
XP_002676756.1	XP_047272337.1	0	N/A	28.5	200	31	2.94e-09	63.2	terminal uridylyltransferase 4 isoform X27 [Homo sapiens]	TRUE	Tut4
XP_002676756.1	XP_047272325.1	0	N/A	28.5	200	31	2.97e-09	63.2	terminal uridylyltransferase 4 isoform X23 [Homo sapiens]	TRUE	Tut4
XP_002676756.1	XP_047272286.1	0	N/A	30.464	151	24	3.51e-09	62.8	terminal uridylyltransferase 4 isoform X8 [Homo sapiens]	TRUE	Tut4
XP_002676756.1	XP_047272290.1	0	N/A	30.464	151	24	3.54e-09	62.8	terminal uridylyltransferase 4 isoform X11 [Homo sapiens]	TRUE	Tut4
XP_002676756.1	XP_047272305.1	0	N/A	30.464	151	24	3.75e-09	62.8	terminal uridylyltransferase 4 isoform X17 [Homo sapiens]	TRUE	Tut4
XP_002676756.1	XP_047272296.1	0	N/A	30.464	151	24	4.02e-09	62.8	terminal uridylyltransferase 4 isoform X13 [Homo sapiens]	TRUE	Tut4
XP_002676756.1	XP_047272295.1	0	N/A	30.464	151	24	4.06e-09	62.4	terminal uridylyltransferase 4 isoform X12 [Homo sapiens]	TRUE	Tut4
XP_002676756.1	XP_047272372.1	0	N/A	30.464	151	24	4.14e-09	62.4	terminal uridylyltransferase 4 isoform X42 [Homo sapiens]	TRUE	Tut4
XP_002676756.1	XP_047272384.1	0	N/A	28.5	200	31	4.42e-09	62.4	terminal uridylyltransferase 4 isoform X46 [Homo sapiens]	TRUE	Tut4
XP_002676756.1	XP_047272350.1	0	N/A	30.464	151	24	4.57e-09	62.4	terminal uridylyltransferase 4 isoform X34 [Homo sapiens]	TRUE	Tut4
XP_002676756.1	XP_047272344.1	0	N/A	30.464	151	24	4.74e-09	62.4	terminal uridylyltransferase 4 isoform X30 [Homo sapiens]	TRUE	Tut4
XP_002676756.1	NP_001172003.1	0	N/A	36.893	103	17	1.8e-08	60.5	terminal uridylyltransferase 7 isoform 2 [Homo sapiens]	TRUE	Tut7
XP_002676756.1	XP_047272348.1	0	N/A	22.026	227	35	5.72e-07	55.5	terminal uridylyltransferase 4 isoform X32 [Homo sapiens]	TRUE	Tut4
XP_002676756.1	XP_047272362.1	0	N/A	22.026	227	35	6.73e-07	55.5	terminal uridylyltransferase 4 isoform X37 [Homo sapiens]	TRUE	Tut4
XP_002676756.1	XP_047272367.1	0	N/A	22.026	227	35	6.84e-07	55.5	terminal uridylyltransferase 4 isoform X39 [Homo sapiens]	TRUE	Tut4
XP_002676756.1	XP_047272354.1	0	N/A	22.026	227	35	6.96e-07	55.5	terminal uridylyltransferase 4 isoform X35 [Homo sapiens]	TRUE	Tut4
XP_002676756.1	XP_005270738.1	0	N/A	22.222	189	30	1.24e-05	51.2	terminal uridylyltransferase 4 isoform X14 [Homo sapiens]	TRUE	Tut4
XP_002676756.1	XP_047272303.1	0	N/A	22.222	189	30	1.26e-05	51.2	terminal uridylyltransferase 4 isoform X15 [Homo sapiens]	TRUE	Tut4
XP_002676756.1	XP_047272306.1	0	N/A	22.222	189	30	1.4e-05	51.2	terminal uridylyltransferase 4 isoform X18 [Homo sapiens]	TRUE	Tut4
XP_002676756.1	XP_047272307.1	0	N/A	22.222	189	30	1.43e-05	51.2	terminal uridylyltransferase 4 isoform X19 [Homo sapiens]	TRUE	Tut4
XP_002676756.1	XP_016856294.1	0	N/A	22.222	189	30	1.45e-05	51.2	terminal uridylyltransferase 4 isoform X20 [Homo sapiens]	TRUE	Tut4
XP_002676756.1	XP_047272811.1	0	N/A	22.628	274	37	3.73e-05	49.3	poly(A) RNA polymerase GLD2 isoform X4 [Homo sapiens]	TRUE	TENT2
XP_002676756.1	XP_047272810.1	0	N/A	22.628	274	37	3.73e-05	49.3	poly(A) RNA polymerase GLD2 isoform X4 [Homo sapiens]	TRUE	TENT2
XP_002676756.1	XP_047272809.1	0	N/A	22.628	274	37	3.73e-05	49.3	poly(A) RNA polymerase GLD2 isoform X4 [Homo sapiens]	TRUE	TENT2
XP_002676756.1	NP_001375058.1	0	N/A	22.628	274	37	3.73e-05	49.3	poly(A) RNA polymerase GLD2 isoform 2 [Homo sapiens]	TRUE	TENT2
XP_002676756.1	NP_001375057.1	0	N/A	22.628	274	37	3.73e-05	49.3	poly(A) RNA polymerase GLD2 isoform 2 [Homo sapiens]	TRUE	TENT2
XP_002676756.1	NP_001375056.1	0	N/A	22.628	274	37	3.73e-05	49.3	poly(A) RNA polymerase GLD2 isoform 2 [Homo sapiens]	TRUE	TENT2
XP_002676756.1	NP_001375055.1	0	N/A	22.628	274	37	3.73e-05	49.3	poly(A) RNA polymerase GLD2 isoform 2 [Homo sapiens]	TRUE	TENT2
XP_002676756.1	NP_001375054.1	0	N/A	22.628	274	37	3.73e-05	49.3	poly(A) RNA polymerase GLD2 isoform 2 [Homo sapiens]	TRUE	TENT2
XP_002676756.1	NP_001375053.1	0	N/A	22.628	274	37	3.73e-05	49.3	poly(A) RNA polymerase GLD2 isoform 2 [Homo sapiens]	TRUE	TENT2
XP_002676756.1	NP_001375052.1	0	N/A	22.628	274	37	3.73e-05	49.3	poly(A) RNA polymerase GLD2 isoform 2 [Homo sapiens]	TRUE	TENT2
XP_002676756.1	NP_001375051.1	0	N/A	22.628	274	37	3.73e-05	49.3	poly(A) RNA polymerase GLD2 isoform 2 [Homo sapiens]	TRUE	TENT2
XP_002676756.1	NP_001375050.1	0	N/A	22.628	274	37	3.73e-05	49.3	poly(A) RNA polymerase GLD2 isoform 2 [Homo sapiens]	TRUE	TENT2
XP_002676756.1	NP_001375049.1	0	N/A	22.628	274	37	3.73e-05	49.3	poly(A) RNA polymerase GLD2 isoform 2 [Homo sapiens]	TRUE	TENT2
XP_002676756.1	NP_001375048.1	0	N/A	22.628	274	37	3.73e-05	49.3	poly(A) RNA polymerase GLD2 isoform 2 [Homo sapiens]	TRUE	TENT2
XP_002676756.1	NP_001375047.1	0	N/A	22.628	274	37	3.73e-05	49.3	poly(A) RNA polymerase GLD2 isoform 2 [Homo sapiens]	TRUE	TENT2
XP_002676756.1	NP_001375046.1	0	N/A	22.628	274	37	3.73e-05	49.3	poly(A) RNA polymerase GLD2 isoform 2 [Homo sapiens]	TRUE	TENT2
XP_002676756.1	NP_001375045.1	0	N/A	22.628	274	37	3.73e-05	49.3	poly(A) RNA polymerase GLD2 isoform 2 [Homo sapiens]	TRUE	TENT2
XP_002676756.1	NP_001375044.1	0	N/A	22.628	274	37	3.73e-05	49.3	poly(A) RNA polymerase GLD2 isoform 2 [Homo sapiens]	TRUE	TENT2
XP_002676756.1	NP_001375043.1	0	N/A	22.628	274	37	3.73e-05	49.3	poly(A) RNA polymerase GLD2 isoform 2 [Homo sapiens]	TRUE	TENT2
XP_002676756.1	NP_001336483.1	0	N/A	22.628	274	37	3.73e-05	49.3	poly(A) RNA polymerase GLD2 isoform 2 [Homo sapiens]	TRUE	TENT2
XP_002676756.1	NP_001284673.1	0	N/A	22.628	274	37	3.73e-05	49.3	poly(A) RNA polymerase GLD2 isoform 2 [Homo sapiens]	TRUE	TENT2
XP_002678238.1	NP_001375027.1	0	N/A	26.794	418	62	4.1e-30	127	poly(A) RNA polymerase GLD2 isoform 7 [Homo sapiens]	TRUE	TENT2
XP_002678238.1	XP_047272805.1	0	N/A	26.794	418	62	4.1e-30	127	poly(A) RNA polymerase GLD2 isoform X2 [Homo sapiens]	TRUE	TENT2
XP_002678238.1	XP_047272804.1	0	N/A	26.794	418	62	4.1e-30	127	poly(A) RNA polymerase GLD2 isoform X2 [Homo sapiens]	TRUE	TENT2
XP_002678238.1	XP_047272803.1	0	N/A	26.794	418	62	4.1e-30	127	poly(A) RNA polymerase GLD2 isoform X2 [Homo sapiens]	TRUE	TENT2
XP_002678238.1	XP_047272802.1	0	N/A	26.794	418	62	4.1e-30	127	poly(A) RNA polymerase GLD2 isoform X2 [Homo sapiens]	TRUE	TENT2
XP_002678238.1	XP_016864641.1	0	N/A	26.794	418	62	4.1e-30	127	poly(A) RNA polymerase GLD2 isoform X2 [Homo sapiens]	TRUE	TENT2
XP_002678238.1	NP_001375026.1	0	N/A	26.794	418	62	4.1e-30	127	poly(A) RNA polymerase GLD2 isoform 6 [Homo sapiens]	TRUE	TENT2
XP_002678238.1	NP_001375025.1	0	N/A	26.794	418	62	4.1e-30	127	poly(A) RNA polymerase GLD2 isoform 6 [Homo sapiens]	TRUE	TENT2
XP_002678238.1	NP_001375024.1	0	N/A	26.794	418	62	4.1e-30	127	poly(A) RNA polymerase GLD2 isoform 6 [Homo sapiens]	TRUE	TENT2
XP_002678238.1	NP_001336480.1	0	N/A	26.794	418	62	4.1e-30	127	poly(A) RNA polymerase GLD2 isoform 6 [Homo sapiens]	TRUE	TENT2
XP_002678238.1	XP_047272801.1	0	N/A	27.033	418	62	2.82e-29	124	poly(A) RNA polymerase GLD2 isoform X1 [Homo sapiens]	TRUE	TENT2
XP_002678238.1	XP_047272800.1	0	N/A	27.033	418	62	2.82e-29	124	poly(A) RNA polymerase GLD2 isoform X1 [Homo sapiens]	TRUE	TENT2
XP_002678238.1	XP_011541527.1	0	N/A	27.033	418	62	2.82e-29	124	poly(A) RNA polymerase GLD2 isoform X1 [Homo sapiens]	TRUE	TENT2
XP_002678238.1	XP_011541526.1	0	N/A	27.033	418	62	2.82e-29	124	poly(A) RNA polymerase GLD2 isoform X1 [Homo sapiens]	TRUE	TENT2
XP_002678238.1	XP_011541523.1	0	N/A	27.033	418	62	2.82e-29	124	poly(A) RNA polymerase GLD2 isoform X1 [Homo sapiens]	TRUE	TENT2
XP_002678238.1	XP_011541522.1	0	N/A	27.033	418	62	2.82e-29	124	poly(A) RNA polymerase GLD2 isoform X1 [Homo sapiens]	TRUE	TENT2
XP_002678238.1	NP_001375023.1	0	N/A	27.033	418	62	2.82e-29	124	poly(A) RNA polymerase GLD2 isoform 5 [Homo sapiens]	TRUE	TENT2
XP_002678238.1	NP_001375022.1	0	N/A	27.033	418	62	2.82e-29	124	poly(A) RNA polymerase GLD2 isoform 5 [Homo sapiens]	TRUE	TENT2
XP_002678238.1	NP_001336479.1	0	N/A	27.033	418	62	2.82e-29	124	poly(A) RNA polymerase GLD2 isoform 5 [Homo sapiens]	TRUE	TENT2
XP_002678238.1	NP_001336478.1	0	N/A	27.033	418	62	2.82e-29	124	poly(A) RNA polymerase GLD2 isoform 5 [Homo sapiens]	TRUE	TENT2
XP_002678238.1	XP_047272384.1	0	N/A	26.273	373	55	1.17e-28	124	terminal uridylyltransferase 4 isoform X46 [Homo sapiens]	TRUE	Tut4
XP_002678238.1	XP_047272285.1	0	N/A	26.273	373	55	1.58e-28	125	terminal uridylyltransferase 4 isoform X7 [Homo sapiens]	TRUE	Tut4
XP_002678238.1	XP_016856292.1	0	N/A	26.273	373	55	1.61e-28	125	terminal uridylyltransferase 4 isoform X9 [Homo sapiens]	TRUE	Tut4
XP_002678238.1	XP_005270739.1	0	N/A	26.273	373	55	1.66e-28	125	terminal uridylyltransferase 4 isoform X33 [Homo sapiens]	TRUE	Tut4
XP_002678238.1	XP_047272345.1	0	N/A	26.273	373	55	1.69e-28	124	terminal uridylyltransferase 4 isoform X31 [Homo sapiens]	TRUE	Tut4
XP_002678238.1	XP_016856297.1	0	N/A	26.273	373	55	1.79e-28	124	terminal uridylyltransferase 4 isoform X36 [Homo sapiens]	TRUE	Tut4
XP_002678238.1	XP_011539401.1	0	N/A	26.273	373	55	1.99e-28	124	terminal uridylyltransferase 4 isoform X29 [Homo sapiens]	TRUE	Tut4
XP_002678238.1	XP_011539399.1	0	N/A	26.273	373	55	2e-28	124	terminal uridylyltransferase 4 isoform X1 [Homo sapiens]	TRUE	Tut4
XP_002678238.1	XP_005270733.1	0	N/A	26.273	373	55	2e-28	124	terminal uridylyltransferase 4 isoform X1 [Homo sapiens]	TRUE	Tut4
XP_002678238.1	XP_047272365.1	0	N/A	26.273	373	55	2.01e-28	124	terminal uridylyltransferase 4 isoform X38 [Homo sapiens]	TRUE	Tut4
XP_002678238.1	XP_047272280.1	0	N/A	26.273	373	55	2.02e-28	124	terminal uridylyltransferase 4 isoform X3 [Homo sapiens]	TRUE	Tut4
XP_002678238.1	XP_005270736.1	0	N/A	26.273	373	55	2.02e-28	124	terminal uridylyltransferase 4 isoform X3 [Homo sapiens]	TRUE	Tut4
XP_002678238.1	XP_005270735.1	0	N/A	26.273	373	55	2.09e-28	124	terminal uridylyltransferase 4 isoform X2 [Homo sapiens]	TRUE	Tut4
XP_002678238.1	XP_016856293.1	0	N/A	26.273	373	55	2.2e-28	124	terminal uridylyltransferase 4 isoform X16 [Homo sapiens]	TRUE	Tut4
XP_002678238.1	XP_016856299.1	0	N/A	26.273	373	55	2.23e-28	124	terminal uridylyltransferase 4 isoform X40 [Homo sapiens]	TRUE	Tut4
XP_002678238.1	XP_016856295.1	0	N/A	26.273	373	55	2.24e-28	124	terminal uridylyltransferase 4 isoform X25 [Homo sapiens]	TRUE	Tut4
XP_002678238.1	XP_047272325.1	0	N/A	26.273	373	55	2.41e-28	124	terminal uridylyltransferase 4 isoform X23 [Homo sapiens]	TRUE	Tut4
XP_002678238.1	XP_047272288.1	0	N/A	26.273	373	55	2.58e-28	124	terminal uridylyltransferase 4 isoform X10 [Homo sapiens]	TRUE	Tut4
XP_002678238.1	XP_016856296.1	0	N/A	26.273	373	55	2.64e-28	124	terminal uridylyltransferase 4 isoform X28 [Homo sapiens]	TRUE	Tut4
XP_002678238.1	XP_047272283.1	0	N/A	26.273	373	55	2.72e-28	124	terminal uridylyltransferase 4 isoform X6 [Homo sapiens]	TRUE	Tut4
XP_002678238.1	XP_005270737.1	0	N/A	26.273	373	55	2.72e-28	124	terminal uridylyltransferase 4 isoform X6 [Homo sapiens]	TRUE	Tut4
XP_002678238.1	XP_047272337.1	0	N/A	26.273	373	55	2.72e-28	124	terminal uridylyltransferase 4 isoform X27 [Homo sapiens]	TRUE	Tut4
XP_002678238.1	XP_047272282.1	0	N/A	26.273	373	55	2.72e-28	124	terminal uridylyltransferase 4 isoform X5 [Homo sapiens]	TRUE	Tut4
XP_002678238.1	NP_056084.1	0	N/A	26.273	373	55	2.72e-28	124	terminal uridylyltransferase 4 isoform b [Homo sapiens]	TRUE	Tut4
XP_002678238.1	XP_047272281.1	0	N/A	26.273	373	55	2.82e-28	124	terminal uridylyltransferase 4 isoform X4 [Homo sapiens]	TRUE	Tut4
XP_002678238.1	NP_001009881.1	0	N/A	26.273	373	55	2.82e-28	124	terminal uridylyltransferase 4 isoform a [Homo sapiens]	TRUE	Tut4
XP_002678238.1	NP_001375061.1	0	N/A	26.139	417	62	2.86e-28	120	poly(A) RNA polymerase GLD2 isoform 12 [Homo sapiens]	TRUE	TENT2
XP_002678238.1	XP_047272811.1	0	N/A	26.139	417	62	3.4e-28	120	poly(A) RNA polymerase GLD2 isoform X4 [Homo sapiens]	TRUE	TENT2
XP_002678238.1	XP_047272810.1	0	N/A	26.139	417	62	3.4e-28	120	poly(A) RNA polymerase GLD2 isoform X4 [Homo sapiens]	TRUE	TENT2
XP_002678238.1	XP_047272809.1	0	N/A	26.139	417	62	3.4e-28	120	poly(A) RNA polymerase GLD2 isoform X4 [Homo sapiens]	TRUE	TENT2
XP_002678238.1	NP_001375058.1	0	N/A	26.139	417	62	3.4e-28	120	poly(A) RNA polymerase GLD2 isoform 2 [Homo sapiens]	TRUE	TENT2
XP_002678238.1	NP_001375057.1	0	N/A	26.139	417	62	3.4e-28	120	poly(A) RNA polymerase GLD2 isoform 2 [Homo sapiens]	TRUE	TENT2
XP_002678238.1	NP_001375056.1	0	N/A	26.139	417	62	3.4e-28	120	poly(A) RNA polymerase GLD2 isoform 2 [Homo sapiens]	TRUE	TENT2
XP_002678238.1	NP_001375055.1	0	N/A	26.139	417	62	3.4e-28	120	poly(A) RNA polymerase GLD2 isoform 2 [Homo sapiens]	TRUE	TENT2
XP_002678238.1	NP_001375054.1	0	N/A	26.139	417	62	3.4e-28	120	poly(A) RNA polymerase GLD2 isoform 2 [Homo sapiens]	TRUE	TENT2
XP_002678238.1	NP_001375053.1	0	N/A	26.139	417	62	3.4e-28	120	poly(A) RNA polymerase GLD2 isoform 2 [Homo sapiens]	TRUE	TENT2
XP_002678238.1	NP_001375052.1	0	N/A	26.139	417	62	3.4e-28	120	poly(A) RNA polymerase GLD2 isoform 2 [Homo sapiens]	TRUE	TENT2
XP_002678238.1	NP_001375051.1	0	N/A	26.139	417	62	3.4e-28	120	poly(A) RNA polymerase GLD2 isoform 2 [Homo sapiens]	TRUE	TENT2
XP_002678238.1	NP_001375050.1	0	N/A	26.139	417	62	3.4e-28	120	poly(A) RNA polymerase GLD2 isoform 2 [Homo sapiens]	TRUE	TENT2
XP_002678238.1	NP_001375049.1	0	N/A	26.139	417	62	3.4e-28	120	poly(A) RNA polymerase GLD2 isoform 2 [Homo sapiens]	TRUE	TENT2
XP_002678238.1	NP_001375048.1	0	N/A	26.139	417	62	3.4e-28	120	poly(A) RNA polymerase GLD2 isoform 2 [Homo sapiens]	TRUE	TENT2
XP_002678238.1	NP_001375047.1	0	N/A	26.139	417	62	3.4e-28	120	poly(A) RNA polymerase GLD2 isoform 2 [Homo sapiens]	TRUE	TENT2
XP_002678238.1	NP_001375046.1	0	N/A	26.139	417	62	3.4e-28	120	poly(A) RNA polymerase GLD2 isoform 2 [Homo sapiens]	TRUE	TENT2
XP_002678238.1	NP_001375045.1	0	N/A	26.139	417	62	3.4e-28	120	poly(A) RNA polymerase GLD2 isoform 2 [Homo sapiens]	TRUE	TENT2
XP_002678238.1	NP_001375044.1	0	N/A	26.139	417	62	3.4e-28	120	poly(A) RNA polymerase GLD2 isoform 2 [Homo sapiens]	TRUE	TENT2
XP_002678238.1	NP_001375043.1	0	N/A	26.139	417	62	3.4e-28	120	poly(A) RNA polymerase GLD2 isoform 2 [Homo sapiens]	TRUE	TENT2
XP_002678238.1	NP_001336483.1	0	N/A	26.139	417	62	3.4e-28	120	poly(A) RNA polymerase GLD2 isoform 2 [Homo sapiens]	TRUE	TENT2
XP_002678238.1	NP_001284673.1	0	N/A	26.139	417	62	3.4e-28	120	poly(A) RNA polymerase GLD2 isoform 2 [Homo sapiens]	TRUE	TENT2
XP_002678238.1	NP_001375059.1	0	N/A	26.139	417	62	3.68e-28	120	poly(A) RNA polymerase GLD2 isoform 10 [Homo sapiens]	TRUE	TENT2
XP_002678238.1	XP_047272808.1	0	N/A	25.18	417	62	5.17e-28	120	poly(A) RNA polymerase GLD2 isoform X3 [Homo sapiens]	TRUE	TENT2
XP_002678238.1	XP_047272807.1	0	N/A	25.18	417	62	5.17e-28	120	poly(A) RNA polymerase GLD2 isoform X3 [Homo sapiens]	TRUE	TENT2
XP_002678238.1	XP_047272806.1	0	N/A	25.18	417	62	5.17e-28	120	poly(A) RNA polymerase GLD2 isoform X3 [Homo sapiens]	TRUE	TENT2
XP_002678238.1	NP_776158.2	0	N/A	25.18	417	62	5.17e-28	120	poly(A) RNA polymerase GLD2 isoform 1 [Homo sapiens]	TRUE	TENT2
XP_002678238.1	NP_001375041.1	0	N/A	25.18	417	62	5.17e-28	120	poly(A) RNA polymerase GLD2 isoform 1 [Homo sapiens]	TRUE	TENT2
XP_002678238.1	NP_001375040.1	0	N/A	25.18	417	62	5.17e-28	120	poly(A) RNA polymerase GLD2 isoform 1 [Homo sapiens]	TRUE	TENT2
XP_002678238.1	NP_001375039.1	0	N/A	25.18	417	62	5.17e-28	120	poly(A) RNA polymerase GLD2 isoform 1 [Homo sapiens]	TRUE	TENT2
XP_002678238.1	NP_001375038.1	0	N/A	25.18	417	62	5.17e-28	120	poly(A) RNA polymerase GLD2 isoform 1 [Homo sapiens]	TRUE	TENT2
XP_002678238.1	NP_001375037.1	0	N/A	25.18	417	62	5.17e-28	120	poly(A) RNA polymerase GLD2 isoform 1 [Homo sapiens]	TRUE	TENT2
XP_002678238.1	NP_001375036.1	0	N/A	25.18	417	62	5.17e-28	120	poly(A) RNA polymerase GLD2 isoform 1 [Homo sapiens]	TRUE	TENT2
XP_002678238.1	NP_001375035.1	0	N/A	25.18	417	62	5.17e-28	120	poly(A) RNA polymerase GLD2 isoform 1 [Homo sapiens]	TRUE	TENT2
XP_002678238.1	NP_001375034.1	0	N/A	25.18	417	62	5.17e-28	120	poly(A) RNA polymerase GLD2 isoform 1 [Homo sapiens]	TRUE	TENT2
XP_002678238.1	NP_001375032.1	0	N/A	25.18	417	62	5.17e-28	120	poly(A) RNA polymerase GLD2 isoform 1 [Homo sapiens]	TRUE	TENT2
XP_002678238.1	NP_001375031.1	0	N/A	25.18	417	62	5.17e-28	120	poly(A) RNA polymerase GLD2 isoform 1 [Homo sapiens]	TRUE	TENT2
XP_002678238.1	NP_001336482.1	0	N/A	25.18	417	62	5.17e-28	120	poly(A) RNA polymerase GLD2 isoform 1 [Homo sapiens]	TRUE	TENT2
XP_002678238.1	NP_001336481.1	0	N/A	25.18	417	62	5.17e-28	120	poly(A) RNA polymerase GLD2 isoform 1 [Homo sapiens]	TRUE	TENT2
XP_002678238.1	NP_001107866.1	0	N/A	25.18	417	62	5.17e-28	120	poly(A) RNA polymerase GLD2 isoform 1 [Homo sapiens]	TRUE	TENT2
XP_002678238.1	NP_001107865.1	0	N/A	25.18	417	62	5.17e-28	120	poly(A) RNA polymerase GLD2 isoform 1 [Homo sapiens]	TRUE	TENT2
XP_002678238.1	NP_001375060.1	0	N/A	25.18	417	62	5.3e-28	120	poly(A) RNA polymerase GLD2 isoform 11 [Homo sapiens]	TRUE	TENT2
XP_002678238.1	NP_001375042.1	0	N/A	25.18	417	62	6.21e-28	120	poly(A) RNA polymerase GLD2 isoform 16 [Homo sapiens]	TRUE	TENT2
XP_002678238.1	NP_001336477.1	0	N/A	31.076	251	37	6.79e-28	115	poly(A) RNA polymerase GLD2 isoform 4 [Homo sapiens]	TRUE	TENT2
XP_002678238.1	XP_047272820.1	0	N/A	31.301	246	37	8.44e-28	115	poly(A) RNA polymerase GLD2 isoform X11 [Homo sapiens]	TRUE	TENT2
XP_002678238.1	NP_001375030.1	0	N/A	27.731	357	53	1.11e-27	119	poly(A) RNA polymerase GLD2 isoform 9 [Homo sapiens]	TRUE	TENT2
XP_002678238.1	NP_001375065.1	0	N/A	26.139	417	62	1.99e-27	116	poly(A) RNA polymerase GLD2 isoform 14 [Homo sapiens]	TRUE	TENT2
XP_002678238.1	NP_001375029.1	0	N/A	26.611	357	53	2.13e-27	119	poly(A) RNA polymerase GLD2 isoform 8 [Homo sapiens]	TRUE	TENT2
XP_002678238.1	NP_001375028.1	0	N/A	26.611	357	53	2.13e-27	119	poly(A) RNA polymerase GLD2 isoform 8 [Homo sapiens]	TRUE	TENT2
XP_002678238.1	XP_011517317.1	0	N/A	26.521	411	61	7.3e-27	119	terminal uridylyltransferase 7 isoform X3 [Homo sapiens]	TRUE	Tut7
XP_002678238.1	XP_047279823.1	0	N/A	26.521	411	61	7.7e-27	119	terminal uridylyltransferase 7 isoform X2 [Homo sapiens]	TRUE	Tut7
XP_002678238.1	XP_006717346.1	0	N/A	26.521	411	61	7.7e-27	119	terminal uridylyltransferase 7 isoform X2 [Homo sapiens]	TRUE	Tut7
XP_002678238.1	XP_011517316.1	0	N/A	26.521	411	61	8.07e-27	119	terminal uridylyltransferase 7 isoform X1 [Homo sapiens]	TRUE	Tut7
XP_002678238.1	XP_011517315.1	0	N/A	26.521	411	61	8.07e-27	119	terminal uridylyltransferase 7 isoform X1 [Homo sapiens]	TRUE	Tut7
XP_002732726.1	NP_001375065.1	0	N/A	39.193	347	58	1.64e-60	207	poly(A) RNA polymerase GLD2 isoform 14 [Homo sapiens]	TRUE	TENT2
XP_002732726.1	NP_001375061.1	0	N/A	38.682	349	58	8.49e-60	207	poly(A) RNA polymerase GLD2 isoform 12 [Homo sapiens]	TRUE	TENT2
XP_002732726.1	XP_047272811.1	0	N/A	38.682	349	58	1.38e-59	207	poly(A) RNA polymerase GLD2 isoform X4 [Homo sapiens]	TRUE	TENT2
XP_002732726.1	XP_047272810.1	0	N/A	38.682	349	58	1.38e-59	207	poly(A) RNA polymerase GLD2 isoform X4 [Homo sapiens]	TRUE	TENT2
XP_002732726.1	XP_047272809.1	0	N/A	38.682	349	58	1.38e-59	207	poly(A) RNA polymerase GLD2 isoform X4 [Homo sapiens]	TRUE	TENT2
XP_002732726.1	NP_001375058.1	0	N/A	38.682	349	58	1.38e-59	207	poly(A) RNA polymerase GLD2 isoform 2 [Homo sapiens]	TRUE	TENT2
XP_002732726.1	NP_001375057.1	0	N/A	38.682	349	58	1.38e-59	207	poly(A) RNA polymerase GLD2 isoform 2 [Homo sapiens]	TRUE	TENT2
XP_002732726.1	NP_001375056.1	0	N/A	38.682	349	58	1.38e-59	207	poly(A) RNA polymerase GLD2 isoform 2 [Homo sapiens]	TRUE	TENT2
XP_002732726.1	NP_001375055.1	0	N/A	38.682	349	58	1.38e-59	207	poly(A) RNA polymerase GLD2 isoform 2 [Homo sapiens]	TRUE	TENT2
XP_002732726.1	NP_001375054.1	0	N/A	38.682	349	58	1.38e-59	207	poly(A) RNA polymerase GLD2 isoform 2 [Homo sapiens]	TRUE	TENT2
XP_002732726.1	NP_001375053.1	0	N/A	38.682	349	58	1.38e-59	207	poly(A) RNA polymerase GLD2 isoform 2 [Homo sapiens]	TRUE	TENT2
XP_002732726.1	NP_001375052.1	0	N/A	38.682	349	58	1.38e-59	207	poly(A) RNA polymerase GLD2 isoform 2 [Homo sapiens]	TRUE	TENT2
XP_002732726.1	NP_001375051.1	0	N/A	38.682	349	58	1.38e-59	207	poly(A) RNA polymerase GLD2 isoform 2 [Homo sapiens]	TRUE	TENT2
XP_002732726.1	NP_001375050.1	0	N/A	38.682	349	58	1.38e-59	207	poly(A) RNA polymerase GLD2 isoform 2 [Homo sapiens]	TRUE	TENT2
XP_002732726.1	NP_001375049.1	0	N/A	38.682	349	58	1.38e-59	207	poly(A) RNA polymerase GLD2 isoform 2 [Homo sapiens]	TRUE	TENT2
XP_002732726.1	NP_001375048.1	0	N/A	38.682	349	58	1.38e-59	207	poly(A) RNA polymerase GLD2 isoform 2 [Homo sapiens]	TRUE	TENT2
XP_002732726.1	NP_001375047.1	0	N/A	38.682	349	58	1.38e-59	207	poly(A) RNA polymerase GLD2 isoform 2 [Homo sapiens]	TRUE	TENT2
XP_002732726.1	NP_001375046.1	0	N/A	38.682	349	58	1.38e-59	207	poly(A) RNA polymerase GLD2 isoform 2 [Homo sapiens]	TRUE	TENT2
XP_002732726.1	NP_001375045.1	0	N/A	38.682	349	58	1.38e-59	207	poly(A) RNA polymerase GLD2 isoform 2 [Homo sapiens]	TRUE	TENT2
XP_002732726.1	NP_001375044.1	0	N/A	38.682	349	58	1.38e-59	207	poly(A) RNA polymerase GLD2 isoform 2 [Homo sapiens]	TRUE	TENT2
XP_002732726.1	NP_001375043.1	0	N/A	38.682	349	58	1.38e-59	207	poly(A) RNA polymerase GLD2 isoform 2 [Homo sapiens]	TRUE	TENT2
XP_002732726.1	NP_001336483.1	0	N/A	38.682	349	58	1.38e-59	207	poly(A) RNA polymerase GLD2 isoform 2 [Homo sapiens]	TRUE	TENT2
XP_002732726.1	NP_001284673.1	0	N/A	38.682	349	58	1.38e-59	207	poly(A) RNA polymerase GLD2 isoform 2 [Homo sapiens]	TRUE	TENT2
XP_002732726.1	NP_001375059.1	0	N/A	38.682	349	58	1.45e-59	207	poly(A) RNA polymerase GLD2 isoform 10 [Homo sapiens]	TRUE	TENT2
XP_002732726.1	NP_001375027.1	0	N/A	38.356	365	58	2.19e-59	207	poly(A) RNA polymerase GLD2 isoform 7 [Homo sapiens]	TRUE	TENT2
XP_002732726.1	XP_047272805.1	0	N/A	38.356	365	58	2.45e-59	207	poly(A) RNA polymerase GLD2 isoform X2 [Homo sapiens]	TRUE	TENT2
XP_002732726.1	XP_047272804.1	0	N/A	38.356	365	58	2.45e-59	207	poly(A) RNA polymerase GLD2 isoform X2 [Homo sapiens]	TRUE	TENT2
XP_002732726.1	XP_047272803.1	0	N/A	38.356	365	58	2.45e-59	207	poly(A) RNA polymerase GLD2 isoform X2 [Homo sapiens]	TRUE	TENT2
XP_002732726.1	XP_047272802.1	0	N/A	38.356	365	58	2.45e-59	207	poly(A) RNA polymerase GLD2 isoform X2 [Homo sapiens]	TRUE	TENT2
XP_002732726.1	XP_016864641.1	0	N/A	38.356	365	58	2.45e-59	207	poly(A) RNA polymerase GLD2 isoform X2 [Homo sapiens]	TRUE	TENT2
XP_002732726.1	NP_001375026.1	0	N/A	38.356	365	58	2.45e-59	207	poly(A) RNA polymerase GLD2 isoform 6 [Homo sapiens]	TRUE	TENT2
XP_002732726.1	NP_001375025.1	0	N/A	38.356	365	58	2.45e-59	207	poly(A) RNA polymerase GLD2 isoform 6 [Homo sapiens]	TRUE	TENT2
XP_002732726.1	NP_001375024.1	0	N/A	38.356	365	58	2.45e-59	207	poly(A) RNA polymerase GLD2 isoform 6 [Homo sapiens]	TRUE	TENT2
XP_002732726.1	NP_001336480.1	0	N/A	38.356	365	58	2.45e-59	207	poly(A) RNA polymerase GLD2 isoform 6 [Homo sapiens]	TRUE	TENT2
XP_002732726.1	NP_001375060.1	0	N/A	38.244	353	58	4.56e-59	206	poly(A) RNA polymerase GLD2 isoform 11 [Homo sapiens]	TRUE	TENT2
XP_002732726.1	XP_047272808.1	0	N/A	38.244	353	58	7.64e-59	206	poly(A) RNA polymerase GLD2 isoform X3 [Homo sapiens]	TRUE	TENT2
XP_002732726.1	XP_047272807.1	0	N/A	38.244	353	58	7.64e-59	206	poly(A) RNA polymerase GLD2 isoform X3 [Homo sapiens]	TRUE	TENT2
XP_002732726.1	XP_047272806.1	0	N/A	38.244	353	58	7.64e-59	206	poly(A) RNA polymerase GLD2 isoform X3 [Homo sapiens]	TRUE	TENT2
XP_002732726.1	NP_776158.2	0	N/A	38.244	353	58	7.64e-59	206	poly(A) RNA polymerase GLD2 isoform 1 [Homo sapiens]	TRUE	TENT2
XP_002732726.1	NP_001375041.1	0	N/A	38.244	353	58	7.64e-59	206	poly(A) RNA polymerase GLD2 isoform 1 [Homo sapiens]	TRUE	TENT2
XP_002732726.1	NP_001375040.1	0	N/A	38.244	353	58	7.64e-59	206	poly(A) RNA polymerase GLD2 isoform 1 [Homo sapiens]	TRUE	TENT2
XP_002732726.1	NP_001375039.1	0	N/A	38.244	353	58	7.64e-59	206	poly(A) RNA polymerase GLD2 isoform 1 [Homo sapiens]	TRUE	TENT2
XP_002732726.1	NP_001375038.1	0	N/A	38.244	353	58	7.64e-59	206	poly(A) RNA polymerase GLD2 isoform 1 [Homo sapiens]	TRUE	TENT2
XP_002732726.1	NP_001375037.1	0	N/A	38.244	353	58	7.64e-59	206	poly(A) RNA polymerase GLD2 isoform 1 [Homo sapiens]	TRUE	TENT2
XP_002732726.1	NP_001375036.1	0	N/A	38.244	353	58	7.64e-59	206	poly(A) RNA polymerase GLD2 isoform 1 [Homo sapiens]	TRUE	TENT2
XP_002732726.1	NP_001375035.1	0	N/A	38.244	353	58	7.64e-59	206	poly(A) RNA polymerase GLD2 isoform 1 [Homo sapiens]	TRUE	TENT2
XP_002732726.1	NP_001375034.1	0	N/A	38.244	353	58	7.64e-59	206	poly(A) RNA polymerase GLD2 isoform 1 [Homo sapiens]	TRUE	TENT2
XP_002732726.1	NP_001375032.1	0	N/A	38.244	353	58	7.64e-59	206	poly(A) RNA polymerase GLD2 isoform 1 [Homo sapiens]	TRUE	TENT2
XP_002732726.1	NP_001375031.1	0	N/A	38.244	353	58	7.64e-59	206	poly(A) RNA polymerase GLD2 isoform 1 [Homo sapiens]	TRUE	TENT2
XP_002732726.1	NP_001336482.1	0	N/A	38.244	353	58	7.64e-59	206	poly(A) RNA polymerase GLD2 isoform 1 [Homo sapiens]	TRUE	TENT2
XP_002732726.1	NP_001336481.1	0	N/A	38.244	353	58	7.64e-59	206	poly(A) RNA polymerase GLD2 isoform 1 [Homo sapiens]	TRUE	TENT2
XP_002732726.1	NP_001107866.1	0	N/A	38.244	353	58	7.64e-59	206	poly(A) RNA polymerase GLD2 isoform 1 [Homo sapiens]	TRUE	TENT2
XP_002732726.1	NP_001107865.1	0	N/A	38.244	353	58	7.64e-59	206	poly(A) RNA polymerase GLD2 isoform 1 [Homo sapiens]	TRUE	TENT2
XP_002732726.1	NP_001375042.1	0	N/A	38.244	353	58	7.87e-59	206	poly(A) RNA polymerase GLD2 isoform 16 [Homo sapiens]	TRUE	TENT2
XP_002732726.1	XP_047272801.1	0	N/A	37.94	369	58	1.34e-58	206	poly(A) RNA polymerase GLD2 isoform X1 [Homo sapiens]	TRUE	TENT2
XP_002732726.1	XP_047272800.1	0	N/A	37.94	369	58	1.34e-58	206	poly(A) RNA polymerase GLD2 isoform X1 [Homo sapiens]	TRUE	TENT2
XP_002732726.1	XP_011541527.1	0	N/A	37.94	369	58	1.34e-58	206	poly(A) RNA polymerase GLD2 isoform X1 [Homo sapiens]	TRUE	TENT2
XP_002732726.1	XP_011541526.1	0	N/A	37.94	369	58	1.34e-58	206	poly(A) RNA polymerase GLD2 isoform X1 [Homo sapiens]	TRUE	TENT2
XP_002732726.1	XP_011541523.1	0	N/A	37.94	369	58	1.34e-58	206	poly(A) RNA polymerase GLD2 isoform X1 [Homo sapiens]	TRUE	TENT2
XP_002732726.1	XP_011541522.1	0	N/A	37.94	369	58	1.34e-58	206	poly(A) RNA polymerase GLD2 isoform X1 [Homo sapiens]	TRUE	TENT2
XP_002732726.1	NP_001375023.1	0	N/A	37.94	369	58	1.34e-58	206	poly(A) RNA polymerase GLD2 isoform 5 [Homo sapiens]	TRUE	TENT2
XP_002732726.1	NP_001375022.1	0	N/A	37.94	369	58	1.34e-58	206	poly(A) RNA polymerase GLD2 isoform 5 [Homo sapiens]	TRUE	TENT2
XP_002732726.1	NP_001336479.1	0	N/A	37.94	369	58	1.34e-58	206	poly(A) RNA polymerase GLD2 isoform 5 [Homo sapiens]	TRUE	TENT2
XP_002732726.1	NP_001336478.1	0	N/A	37.94	369	58	1.34e-58	206	poly(A) RNA polymerase GLD2 isoform 5 [Homo sapiens]	TRUE	TENT2
XP_002732726.1	NP_001375030.1	0	N/A	38.177	351	58	1.97e-58	205	poly(A) RNA polymerase GLD2 isoform 9 [Homo sapiens]	TRUE	TENT2
XP_002732726.1	NP_001375029.1	0	N/A	37.746	355	58	1.24e-57	202	poly(A) RNA polymerase GLD2 isoform 8 [Homo sapiens]	TRUE	TENT2
XP_002732726.1	NP_001375028.1	0	N/A	37.746	355	58	1.24e-57	202	poly(A) RNA polymerase GLD2 isoform 8 [Homo sapiens]	TRUE	TENT2
XP_002732726.1	NP_001336477.1	0	N/A	41.81	232	40	1.4e-47	169	poly(A) RNA polymerase GLD2 isoform 4 [Homo sapiens]	TRUE	TENT2
XP_002732726.1	XP_047272820.1	0	N/A	41.81	232	40	1.74e-47	168	poly(A) RNA polymerase GLD2 isoform X11 [Homo sapiens]	TRUE	TENT2
XP_002732726.1	NP_001375066.1	0	N/A	41.096	219	37	2.92e-40	150	poly(A) RNA polymerase GLD2 isoform 15 [Homo sapiens]	TRUE	TENT2
XP_002732726.1	XP_047272817.1	0	N/A	42.857	217	33	1.04e-37	145	poly(A) RNA polymerase GLD2 isoform X9 [Homo sapiens]	TRUE	TENT2
XP_002732726.1	XP_047272818.1	0	N/A	42.927	205	33	1.89e-37	144	poly(A) RNA polymerase GLD2 isoform X10 [Homo sapiens]	TRUE	TENT2
XP_002732726.1	XP_047272816.1	0	N/A	42.081	221	33	4.41e-37	143	poly(A) RNA polymerase GLD2 isoform X8 [Homo sapiens]	TRUE	TENT2
XP_002732726.1	NP_001317647.1	0	N/A	35.156	256	44	2.43e-34	141	terminal uridylyltransferase 7 isoform 3 [Homo sapiens]	TRUE	Tut7
XP_002732726.1	XP_047279823.1	0	N/A	35.156	256	44	4.15e-34	141	terminal uridylyltransferase 7 isoform X2 [Homo sapiens]	TRUE	Tut7
XP_002732726.1	XP_006717346.1	0	N/A	35.156	256	44	4.15e-34	141	terminal uridylyltransferase 7 isoform X2 [Homo sapiens]	TRUE	Tut7
XP_002732726.1	XP_016870620.1	0	N/A	35.156	256	44	4.78e-34	140	terminal uridylyltransferase 7 isoform X4 [Homo sapiens]	TRUE	Tut7
XP_002732726.1	XP_016870619.1	0	N/A	35.156	256	44	4.78e-34	140	terminal uridylyltransferase 7 isoform X4 [Homo sapiens]	TRUE	Tut7
XP_002732726.1	NP_078893.2	0	N/A	35.156	256	44	4.78e-34	140	terminal uridylyltransferase 7 isoform 1 [Homo sapiens]	TRUE	Tut7
XP_002732726.1	NP_001171988.1	0	N/A	35.156	256	44	4.78e-34	140	terminal uridylyltransferase 7 isoform 1 [Homo sapiens]	TRUE	Tut7
XP_002732726.1	XP_011517317.1	0	N/A	35.156	256	44	4.87e-34	140	terminal uridylyltransferase 7 isoform X3 [Homo sapiens]	TRUE	Tut7
XP_002732726.1	XP_005252265.1	0	N/A	35.156	256	44	5.04e-34	140	terminal uridylyltransferase 7 isoform X7 [Homo sapiens]	TRUE	Tut7
XP_002732726.1	XP_047279825.1	0	N/A	35.156	256	44	5.11e-34	140	terminal uridylyltransferase 7 isoform X6 [Homo sapiens]	TRUE	Tut7
XP_002732726.1	XP_047279824.1	0	N/A	35.156	256	44	5.11e-34	140	terminal uridylyltransferase 7 isoform X6 [Homo sapiens]	TRUE	Tut7
XP_002732726.1	XP_005252264.1	0	N/A	35.156	256	44	5.11e-34	140	terminal uridylyltransferase 7 isoform X6 [Homo sapiens]	TRUE	Tut7
XP_002732726.1	XP_011517318.1	0	N/A	35.156	256	44	5.17e-34	140	terminal uridylyltransferase 7 isoform X5 [Homo sapiens]	TRUE	Tut7
XP_002732726.1	XP_011517316.1	0	N/A	35.156	256	44	5.87e-34	140	terminal uridylyltransferase 7 isoform X1 [Homo sapiens]	TRUE	Tut7
XP_002732726.1	XP_011517315.1	0	N/A	35.156	256	44	5.87e-34	140	terminal uridylyltransferase 7 isoform X1 [Homo sapiens]	TRUE	Tut7
XP_002732726.1	XP_011517314.1	0	N/A	35.156	256	44	5.87e-34	140	terminal uridylyltransferase 7 isoform X1 [Homo sapiens]	TRUE	Tut7
XP_002732726.1	XP_011517313.1	0	N/A	35.156	256	44	5.87e-34	140	terminal uridylyltransferase 7 isoform X1 [Homo sapiens]	TRUE	Tut7
XP_002732726.1	XP_047272815.1	0	N/A	30.659	349	58	1.19e-32	132	poly(A) RNA polymerase GLD2 isoform X7 [Homo sapiens]	TRUE	TENT2
XP_002732726.1	NP_001375064.1	0	N/A	30.659	349	58	1.19e-32	132	poly(A) RNA polymerase GLD2 isoform 13 [Homo sapiens]	TRUE	TENT2
XP_002732726.1	NP_001375063.1	0	N/A	30.659	349	58	1.19e-32	132	poly(A) RNA polymerase GLD2 isoform 13 [Homo sapiens]	TRUE	TENT2
XP_002732726.1	XP_011541531.1	0	N/A	30.352	369	58	5.93e-32	131	poly(A) RNA polymerase GLD2 isoform X5 [Homo sapiens]	TRUE	TENT2
XP_002732726.1	XP_047272814.1	0	N/A	30.312	353	58	7.06e-32	130	poly(A) RNA polymerase GLD2 isoform X6 [Homo sapiens]	TRUE	TENT2
XP_002732726.1	XP_047272813.1	0	N/A	30.312	353	58	7.06e-32	130	poly(A) RNA polymerase GLD2 isoform X6 [Homo sapiens]	TRUE	TENT2
XP_002732726.1	XP_047272812.1	0	N/A	30.312	353	58	7.06e-32	130	poly(A) RNA polymerase GLD2 isoform X6 [Homo sapiens]	TRUE	TENT2
XP_002732726.1	NP_001375062.1	0	N/A	30.312	353	58	7.06e-32	130	poly(A) RNA polymerase GLD2 isoform 3 [Homo sapiens]	TRUE	TENT2
XP_002732726.1	NP_001284674.1	0	N/A	30.312	353	58	7.06e-32	130	poly(A) RNA polymerase GLD2 isoform 3 [Homo sapiens]	TRUE	TENT2
XP_002732726.1	XP_047272305.1	0	N/A	33.969	262	44	1.56e-28	124	terminal uridylyltransferase 4 isoform X17 [Homo sapiens]	TRUE	Tut4
XP_002742099.2	NP_060579.3	0	N/A	41.822	483	80	3.48e-132	400	poly(A) RNA polymerase, mitochondrial precursor [Homo sapiens]	TRUE	mtPAP
XP_002742099.2	NP_073741.3	0	N/A	34.426	244	39	1.4e-37	151	speckle targeted PIP5K1A-regulated poly(A) polymerase isoform 1 [Homo sapiens]	TRUE	Tut1
XP_002742099.2	NP_001375065.1	0	N/A	24.033	362	59	8.62e-24	105	poly(A) RNA polymerase GLD2 isoform 14 [Homo sapiens]	TRUE	TENT2
XP_002742099.2	NP_001375042.1	0	N/A	24.586	362	59	2.11e-23	106	poly(A) RNA polymerase GLD2 isoform 16 [Homo sapiens]	TRUE	TENT2
XP_002742099.2	XP_047272808.1	0	N/A	24.586	362	59	2.18e-23	106	poly(A) RNA polymerase GLD2 isoform X3 [Homo sapiens]	TRUE	TENT2
XP_002742099.2	XP_047272807.1	0	N/A	24.586	362	59	2.18e-23	106	poly(A) RNA polymerase GLD2 isoform X3 [Homo sapiens]	TRUE	TENT2
XP_002742099.2	XP_047272806.1	0	N/A	24.586	362	59	2.18e-23	106	poly(A) RNA polymerase GLD2 isoform X3 [Homo sapiens]	TRUE	TENT2
XP_002742099.2	NP_776158.2	0	N/A	24.586	362	59	2.18e-23	106	poly(A) RNA polymerase GLD2 isoform 1 [Homo sapiens]	TRUE	TENT2
XP_002742099.2	NP_001375041.1	0	N/A	24.586	362	59	2.18e-23	106	poly(A) RNA polymerase GLD2 isoform 1 [Homo sapiens]	TRUE	TENT2
XP_002742099.2	NP_001375040.1	0	N/A	24.586	362	59	2.18e-23	106	poly(A) RNA polymerase GLD2 isoform 1 [Homo sapiens]	TRUE	TENT2
XP_002742099.2	NP_001375039.1	0	N/A	24.586	362	59	2.18e-23	106	poly(A) RNA polymerase GLD2 isoform 1 [Homo sapiens]	TRUE	TENT2
XP_002742099.2	NP_001375038.1	0	N/A	24.586	362	59	2.18e-23	106	poly(A) RNA polymerase GLD2 isoform 1 [Homo sapiens]	TRUE	TENT2
XP_002742099.2	NP_001375037.1	0	N/A	24.586	362	59	2.18e-23	106	poly(A) RNA polymerase GLD2 isoform 1 [Homo sapiens]	TRUE	TENT2
XP_002742099.2	NP_001375036.1	0	N/A	24.586	362	59	2.18e-23	106	poly(A) RNA polymerase GLD2 isoform 1 [Homo sapiens]	TRUE	TENT2
XP_002742099.2	NP_001375035.1	0	N/A	24.586	362	59	2.18e-23	106	poly(A) RNA polymerase GLD2 isoform 1 [Homo sapiens]	TRUE	TENT2
XP_002742099.2	NP_001375034.1	0	N/A	24.586	362	59	2.18e-23	106	poly(A) RNA polymerase GLD2 isoform 1 [Homo sapiens]	TRUE	TENT2
XP_002742099.2	NP_001375032.1	0	N/A	24.586	362	59	2.18e-23	106	poly(A) RNA polymerase GLD2 isoform 1 [Homo sapiens]	TRUE	TENT2
XP_002742099.2	NP_001375031.1	0	N/A	24.586	362	59	2.18e-23	106	poly(A) RNA polymerase GLD2 isoform 1 [Homo sapiens]	TRUE	TENT2
XP_002742099.2	NP_001336482.1	0	N/A	24.586	362	59	2.18e-23	106	poly(A) RNA polymerase GLD2 isoform 1 [Homo sapiens]	TRUE	TENT2
XP_002742099.2	NP_001336481.1	0	N/A	24.586	362	59	2.18e-23	106	poly(A) RNA polymerase GLD2 isoform 1 [Homo sapiens]	TRUE	TENT2
XP_002742099.2	NP_001107866.1	0	N/A	24.586	362	59	2.18e-23	106	poly(A) RNA polymerase GLD2 isoform 1 [Homo sapiens]	TRUE	TENT2
XP_002742099.2	NP_001107865.1	0	N/A	24.586	362	59	2.18e-23	106	poly(A) RNA polymerase GLD2 isoform 1 [Homo sapiens]	TRUE	TENT2
XP_002742099.2	NP_001375060.1	0	N/A	24.586	362	59	2.54e-23	105	poly(A) RNA polymerase GLD2 isoform 11 [Homo sapiens]	TRUE	TENT2
XP_002742099.2	NP_001375061.1	0	N/A	24.033	362	59	3.32e-23	105	poly(A) RNA polymerase GLD2 isoform 12 [Homo sapiens]	TRUE	TENT2
XP_002742099.2	XP_047272811.1	0	N/A	24.033	362	59	3.59e-23	105	poly(A) RNA polymerase GLD2 isoform X4 [Homo sapiens]	TRUE	TENT2
XP_002742099.2	XP_047272810.1	0	N/A	24.033	362	59	3.59e-23	105	poly(A) RNA polymerase GLD2 isoform X4 [Homo sapiens]	TRUE	TENT2
XP_002742099.2	XP_047272809.1	0	N/A	24.033	362	59	3.59e-23	105	poly(A) RNA polymerase GLD2 isoform X4 [Homo sapiens]	TRUE	TENT2
XP_002742099.2	NP_001375058.1	0	N/A	24.033	362	59	3.59e-23	105	poly(A) RNA polymerase GLD2 isoform 2 [Homo sapiens]	TRUE	TENT2
XP_002742099.2	NP_001375057.1	0	N/A	24.033	362	59	3.59e-23	105	poly(A) RNA polymerase GLD2 isoform 2 [Homo sapiens]	TRUE	TENT2
XP_002742099.2	NP_001375056.1	0	N/A	24.033	362	59	3.59e-23	105	poly(A) RNA polymerase GLD2 isoform 2 [Homo sapiens]	TRUE	TENT2
XP_002742099.2	NP_001375055.1	0	N/A	24.033	362	59	3.59e-23	105	poly(A) RNA polymerase GLD2 isoform 2 [Homo sapiens]	TRUE	TENT2
XP_002742099.2	NP_001375054.1	0	N/A	24.033	362	59	3.59e-23	105	poly(A) RNA polymerase GLD2 isoform 2 [Homo sapiens]	TRUE	TENT2
XP_002742099.2	NP_001375053.1	0	N/A	24.033	362	59	3.59e-23	105	poly(A) RNA polymerase GLD2 isoform 2 [Homo sapiens]	TRUE	TENT2
XP_002742099.2	NP_001375052.1	0	N/A	24.033	362	59	3.59e-23	105	poly(A) RNA polymerase GLD2 isoform 2 [Homo sapiens]	TRUE	TENT2
XP_002742099.2	NP_001375051.1	0	N/A	24.033	362	59	3.59e-23	105	poly(A) RNA polymerase GLD2 isoform 2 [Homo sapiens]	TRUE	TENT2
XP_002742099.2	NP_001375050.1	0	N/A	24.033	362	59	3.59e-23	105	poly(A) RNA polymerase GLD2 isoform 2 [Homo sapiens]	TRUE	TENT2
XP_002742099.2	NP_001375049.1	0	N/A	24.033	362	59	3.59e-23	105	poly(A) RNA polymerase GLD2 isoform 2 [Homo sapiens]	TRUE	TENT2
XP_002742099.2	NP_001375048.1	0	N/A	24.033	362	59	3.59e-23	105	poly(A) RNA polymerase GLD2 isoform 2 [Homo sapiens]	TRUE	TENT2
XP_002742099.2	NP_001375047.1	0	N/A	24.033	362	59	3.59e-23	105	poly(A) RNA polymerase GLD2 isoform 2 [Homo sapiens]	TRUE	TENT2
XP_002742099.2	NP_001375046.1	0	N/A	24.033	362	59	3.59e-23	105	poly(A) RNA polymerase GLD2 isoform 2 [Homo sapiens]	TRUE	TENT2
XP_002742099.2	NP_001375045.1	0	N/A	24.033	362	59	3.59e-23	105	poly(A) RNA polymerase GLD2 isoform 2 [Homo sapiens]	TRUE	TENT2
XP_002742099.2	NP_001375044.1	0	N/A	24.033	362	59	3.59e-23	105	poly(A) RNA polymerase GLD2 isoform 2 [Homo sapiens]	TRUE	TENT2
XP_002742099.2	NP_001375043.1	0	N/A	24.033	362	59	3.59e-23	105	poly(A) RNA polymerase GLD2 isoform 2 [Homo sapiens]	TRUE	TENT2
XP_002742099.2	NP_001336483.1	0	N/A	24.033	362	59	3.59e-23	105	poly(A) RNA polymerase GLD2 isoform 2 [Homo sapiens]	TRUE	TENT2
XP_002742099.2	NP_001284673.1	0	N/A	24.033	362	59	3.59e-23	105	poly(A) RNA polymerase GLD2 isoform 2 [Homo sapiens]	TRUE	TENT2
XP_002742099.2	NP_001375059.1	0	N/A	24.033	362	59	3.87e-23	105	poly(A) RNA polymerase GLD2 isoform 10 [Homo sapiens]	TRUE	TENT2
XP_002742099.2	XP_047272805.1	0	N/A	25.606	371	59	5.68e-23	105	poly(A) RNA polymerase GLD2 isoform X2 [Homo sapiens]	TRUE	TENT2
XP_002742099.2	XP_047272804.1	0	N/A	25.606	371	59	5.68e-23	105	poly(A) RNA polymerase GLD2 isoform X2 [Homo sapiens]	TRUE	TENT2
XP_002742099.2	XP_047272803.1	0	N/A	25.606	371	59	5.68e-23	105	poly(A) RNA polymerase GLD2 isoform X2 [Homo sapiens]	TRUE	TENT2
XP_002742099.2	XP_047272802.1	0	N/A	25.606	371	59	5.68e-23	105	poly(A) RNA polymerase GLD2 isoform X2 [Homo sapiens]	TRUE	TENT2
XP_002742099.2	XP_016864641.1	0	N/A	25.606	371	59	5.68e-23	105	poly(A) RNA polymerase GLD2 isoform X2 [Homo sapiens]	TRUE	TENT2
XP_002742099.2	NP_001375026.1	0	N/A	25.606	371	59	5.68e-23	105	poly(A) RNA polymerase GLD2 isoform 6 [Homo sapiens]	TRUE	TENT2
XP_002742099.2	NP_001375025.1	0	N/A	25.606	371	59	5.68e-23	105	poly(A) RNA polymerase GLD2 isoform 6 [Homo sapiens]	TRUE	TENT2
XP_002742099.2	NP_001375024.1	0	N/A	25.606	371	59	5.68e-23	105	poly(A) RNA polymerase GLD2 isoform 6 [Homo sapiens]	TRUE	TENT2
XP_002742099.2	NP_001336480.1	0	N/A	25.606	371	59	5.68e-23	105	poly(A) RNA polymerase GLD2 isoform 6 [Homo sapiens]	TRUE	TENT2
XP_002742099.2	XP_005252265.1	0	N/A	29.825	285	46	5.72e-23	106	terminal uridylyltransferase 7 isoform X7 [Homo sapiens]	TRUE	Tut7
XP_002742099.2	NP_001375027.1	0	N/A	25.606	371	59	5.85e-23	105	poly(A) RNA polymerase GLD2 isoform 7 [Homo sapiens]	TRUE	TENT2
XP_002742099.2	XP_047279825.1	0	N/A	29.825	285	46	5.98e-23	106	terminal uridylyltransferase 7 isoform X6 [Homo sapiens]	TRUE	Tut7
XP_002742099.2	XP_047279824.1	0	N/A	29.825	285	46	5.98e-23	106	terminal uridylyltransferase 7 isoform X6 [Homo sapiens]	TRUE	Tut7
XP_002742099.2	XP_005252264.1	0	N/A	29.825	285	46	5.98e-23	106	terminal uridylyltransferase 7 isoform X6 [Homo sapiens]	TRUE	Tut7
XP_002742099.2	XP_047279823.1	0	N/A	29.825	285	46	6.4e-23	106	terminal uridylyltransferase 7 isoform X2 [Homo sapiens]	TRUE	Tut7
XP_002742099.2	XP_006717346.1	0	N/A	29.825	285	46	6.4e-23	106	terminal uridylyltransferase 7 isoform X2 [Homo sapiens]	TRUE	Tut7
XP_002742099.2	XP_016870620.1	0	N/A	29.825	285	46	6.5e-23	106	terminal uridylyltransferase 7 isoform X4 [Homo sapiens]	TRUE	Tut7
XP_002742099.2	XP_016870619.1	0	N/A	29.825	285	46	6.5e-23	106	terminal uridylyltransferase 7 isoform X4 [Homo sapiens]	TRUE	Tut7
XP_002742099.2	NP_078893.2	0	N/A	29.825	285	46	6.5e-23	106	terminal uridylyltransferase 7 isoform 1 [Homo sapiens]	TRUE	Tut7
XP_002742099.2	NP_001171988.1	0	N/A	29.825	285	46	6.5e-23	106	terminal uridylyltransferase 7 isoform 1 [Homo sapiens]	TRUE	Tut7
XP_002742099.2	XP_047272801.1	0	N/A	25.401	374	59	6.56e-23	105	poly(A) RNA polymerase GLD2 isoform X1 [Homo sapiens]	TRUE	TENT2
XP_002742099.2	XP_047272800.1	0	N/A	25.401	374	59	6.56e-23	105	poly(A) RNA polymerase GLD2 isoform X1 [Homo sapiens]	TRUE	TENT2
XP_002742099.2	XP_011541527.1	0	N/A	25.401	374	59	6.56e-23	105	poly(A) RNA polymerase GLD2 isoform X1 [Homo sapiens]	TRUE	TENT2
XP_002742099.2	XP_011541526.1	0	N/A	25.401	374	59	6.56e-23	105	poly(A) RNA polymerase GLD2 isoform X1 [Homo sapiens]	TRUE	TENT2
XP_002742099.2	XP_011541523.1	0	N/A	25.401	374	59	6.56e-23	105	poly(A) RNA polymerase GLD2 isoform X1 [Homo sapiens]	TRUE	TENT2
XP_002742099.2	XP_011541522.1	0	N/A	25.401	374	59	6.56e-23	105	poly(A) RNA polymerase GLD2 isoform X1 [Homo sapiens]	TRUE	TENT2
XP_002742099.2	NP_001375023.1	0	N/A	25.401	374	59	6.56e-23	105	poly(A) RNA polymerase GLD2 isoform 5 [Homo sapiens]	TRUE	TENT2
XP_002742099.2	NP_001375022.1	0	N/A	25.401	374	59	6.56e-23	105	poly(A) RNA polymerase GLD2 isoform 5 [Homo sapiens]	TRUE	TENT2
XP_002742099.2	NP_001336479.1	0	N/A	25.401	374	59	6.56e-23	105	poly(A) RNA polymerase GLD2 isoform 5 [Homo sapiens]	TRUE	TENT2
XP_002742099.2	NP_001336478.1	0	N/A	25.401	374	59	6.56e-23	105	poly(A) RNA polymerase GLD2 isoform 5 [Homo sapiens]	TRUE	TENT2
XP_002742099.2	XP_011517318.1	0	N/A	29.825	285	46	6.72e-23	106	terminal uridylyltransferase 7 isoform X5 [Homo sapiens]	TRUE	Tut7
XP_002742099.2	NP_001317647.1	0	N/A	29.825	285	46	6.74e-23	105	terminal uridylyltransferase 7 isoform 3 [Homo sapiens]	TRUE	Tut7
XP_002742099.2	XP_011517316.1	0	N/A	29.825	285	46	7.31e-23	106	terminal uridylyltransferase 7 isoform X1 [Homo sapiens]	TRUE	Tut7
XP_002742099.2	XP_011517315.1	0	N/A	29.825	285	46	7.31e-23	106	terminal uridylyltransferase 7 isoform X1 [Homo sapiens]	TRUE	Tut7
XP_002742099.2	XP_011517314.1	0	N/A	29.825	285	46	7.31e-23	106	terminal uridylyltransferase 7 isoform X1 [Homo sapiens]	TRUE	Tut7
XP_002742099.2	XP_011517313.1	0	N/A	29.825	285	46	7.31e-23	106	terminal uridylyltransferase 7 isoform X1 [Homo sapiens]	TRUE	Tut7
XP_002742099.2	XP_011517317.1	0	N/A	29.825	285	46	8.24e-23	106	terminal uridylyltransferase 7 isoform X3 [Homo sapiens]	TRUE	Tut7
XP_002742099.2	XP_005270735.1	0	N/A	28.938	273	44	6.66e-21	100	terminal uridylyltransferase 4 isoform X2 [Homo sapiens]	TRUE	Tut4
XP_002742099.2	XP_047272285.1	0	N/A	28.938	273	44	6.92e-21	100	terminal uridylyltransferase 4 isoform X7 [Homo sapiens]	TRUE	Tut4
XP_002742099.2	XP_016856292.1	0	N/A	28.938	273	44	7.29e-21	100	terminal uridylyltransferase 4 isoform X9 [Homo sapiens]	TRUE	Tut4
XP_002742099.2	XP_016856297.1	0	N/A	28.938	273	44	7.29e-21	100	terminal uridylyltransferase 4 isoform X36 [Homo sapiens]	TRUE	Tut4
XP_002742099.2	XP_047272280.1	0	N/A	28.938	273	44	7.39e-21	100	terminal uridylyltransferase 4 isoform X3 [Homo sapiens]	TRUE	Tut4
XP_002742099.2	XP_005270736.1	0	N/A	28.938	273	44	7.39e-21	100	terminal uridylyltransferase 4 isoform X3 [Homo sapiens]	TRUE	Tut4
XP_002742099.2	XP_011539399.1	0	N/A	28.938	273	44	7.4e-21	100	terminal uridylyltransferase 4 isoform X1 [Homo sapiens]	TRUE	Tut4
XP_002742099.2	XP_005270733.1	0	N/A	28.938	273	44	7.4e-21	100	terminal uridylyltransferase 4 isoform X1 [Homo sapiens]	TRUE	Tut4
XP_002742099.2	XP_005270739.1	0	N/A	28.938	273	44	7.69e-21	100	terminal uridylyltransferase 4 isoform X33 [Homo sapiens]	TRUE	Tut4
XP_002742099.2	XP_047272286.1	0	N/A	28.938	273	44	7.76e-21	100	terminal uridylyltransferase 4 isoform X8 [Homo sapiens]	TRUE	Tut4
XP_002742099.2	XP_047272288.1	0	N/A	28.938	273	44	7.82e-21	100	terminal uridylyltransferase 4 isoform X10 [Homo sapiens]	TRUE	Tut4
XP_002742099.2	XP_016856295.1	0	N/A	28.938	273	44	7.96e-21	100	terminal uridylyltransferase 4 isoform X25 [Homo sapiens]	TRUE	Tut4
XP_002742099.2	XP_016856299.1	0	N/A	28.938	273	44	8.02e-21	100	terminal uridylyltransferase 4 isoform X40 [Homo sapiens]	TRUE	Tut4
XP_002742099.2	XP_047272290.1	0	N/A	28.938	273	44	8.02e-21	100	terminal uridylyltransferase 4 isoform X11 [Homo sapiens]	TRUE	Tut4
XP_002742099.2	XP_047272325.1	0	N/A	28.938	273	44	8.03e-21	100	terminal uridylyltransferase 4 isoform X23 [Homo sapiens]	TRUE	Tut4
XP_002742099.2	XP_047272345.1	0	N/A	28.938	273	44	8.05e-21	100	terminal uridylyltransferase 4 isoform X31 [Homo sapiens]	TRUE	Tut4
XP_002742099.2	XP_047272365.1	0	N/A	28.938	273	44	8.24e-21	100	terminal uridylyltransferase 4 isoform X38 [Homo sapiens]	TRUE	Tut4
XP_002896602.1	NP_001317647.1	0	N/A	25.857	321	34	1.68e-17	90.1	terminal uridylyltransferase 7 isoform 3 [Homo sapiens]	TRUE	Tut7
XP_002896602.1	NP_001375060.1	0	N/A	28	300	31	2.33e-17	88.6	poly(A) RNA polymerase GLD2 isoform 11 [Homo sapiens]	TRUE	TENT2
XP_002896602.1	XP_047279825.1	0	N/A	25.857	321	34	2.52e-17	90.1	terminal uridylyltransferase 7 isoform X6 [Homo sapiens]	TRUE	Tut7
XP_002896602.1	XP_047279824.1	0	N/A	25.857	321	34	2.52e-17	90.1	terminal uridylyltransferase 7 isoform X6 [Homo sapiens]	TRUE	Tut7
XP_002896602.1	XP_005252264.1	0	N/A	25.857	321	34	2.52e-17	90.1	terminal uridylyltransferase 7 isoform X6 [Homo sapiens]	TRUE	Tut7
XP_002896602.1	XP_047279823.1	0	N/A	25.857	321	34	2.78e-17	90.1	terminal uridylyltransferase 7 isoform X2 [Homo sapiens]	TRUE	Tut7
XP_002896602.1	XP_006717346.1	0	N/A	25.857	321	34	2.78e-17	90.1	terminal uridylyltransferase 7 isoform X2 [Homo sapiens]	TRUE	Tut7
XP_002896602.1	XP_047272808.1	0	N/A	28	300	31	2.83e-17	88.6	poly(A) RNA polymerase GLD2 isoform X3 [Homo sapiens]	TRUE	TENT2
XP_002896602.1	XP_047272807.1	0	N/A	28	300	31	2.83e-17	88.6	poly(A) RNA polymerase GLD2 isoform X3 [Homo sapiens]	TRUE	TENT2
XP_002896602.1	XP_047272806.1	0	N/A	28	300	31	2.83e-17	88.6	poly(A) RNA polymerase GLD2 isoform X3 [Homo sapiens]	TRUE	TENT2
XP_002896602.1	NP_776158.2	0	N/A	28	300	31	2.83e-17	88.6	poly(A) RNA polymerase GLD2 isoform 1 [Homo sapiens]	TRUE	TENT2
XP_002896602.1	NP_001375041.1	0	N/A	28	300	31	2.83e-17	88.6	poly(A) RNA polymerase GLD2 isoform 1 [Homo sapiens]	TRUE	TENT2
XP_002896602.1	NP_001375040.1	0	N/A	28	300	31	2.83e-17	88.6	poly(A) RNA polymerase GLD2 isoform 1 [Homo sapiens]	TRUE	TENT2
XP_002896602.1	NP_001375039.1	0	N/A	28	300	31	2.83e-17	88.6	poly(A) RNA polymerase GLD2 isoform 1 [Homo sapiens]	TRUE	TENT2
XP_002896602.1	NP_001375038.1	0	N/A	28	300	31	2.83e-17	88.6	poly(A) RNA polymerase GLD2 isoform 1 [Homo sapiens]	TRUE	TENT2
XP_002896602.1	NP_001375037.1	0	N/A	28	300	31	2.83e-17	88.6	poly(A) RNA polymerase GLD2 isoform 1 [Homo sapiens]	TRUE	TENT2
XP_002896602.1	NP_001375036.1	0	N/A	28	300	31	2.83e-17	88.6	poly(A) RNA polymerase GLD2 isoform 1 [Homo sapiens]	TRUE	TENT2
XP_002896602.1	NP_001375035.1	0	N/A	28	300	31	2.83e-17	88.6	poly(A) RNA polymerase GLD2 isoform 1 [Homo sapiens]	TRUE	TENT2
XP_002896602.1	NP_001375034.1	0	N/A	28	300	31	2.83e-17	88.6	poly(A) RNA polymerase GLD2 isoform 1 [Homo sapiens]	TRUE	TENT2
XP_002896602.1	NP_001375032.1	0	N/A	28	300	31	2.83e-17	88.6	poly(A) RNA polymerase GLD2 isoform 1 [Homo sapiens]	TRUE	TENT2
XP_002896602.1	NP_001375031.1	0	N/A	28	300	31	2.83e-17	88.6	poly(A) RNA polymerase GLD2 isoform 1 [Homo sapiens]	TRUE	TENT2
XP_002896602.1	NP_001336482.1	0	N/A	28	300	31	2.83e-17	88.6	poly(A) RNA polymerase GLD2 isoform 1 [Homo sapiens]	TRUE	TENT2
XP_002896602.1	NP_001336481.1	0	N/A	28	300	31	2.83e-17	88.6	poly(A) RNA polymerase GLD2 isoform 1 [Homo sapiens]	TRUE	TENT2
XP_002896602.1	NP_001107866.1	0	N/A	28	300	31	2.83e-17	88.6	poly(A) RNA polymerase GLD2 isoform 1 [Homo sapiens]	TRUE	TENT2
XP_002896602.1	NP_001107865.1	0	N/A	28	300	31	2.83e-17	88.6	poly(A) RNA polymerase GLD2 isoform 1 [Homo sapiens]	TRUE	TENT2
XP_002896602.1	XP_011517317.1	0	N/A	25.857	321	34	2.85e-17	90.1	terminal uridylyltransferase 7 isoform X3 [Homo sapiens]	TRUE	Tut7
XP_002896602.1	NP_001375042.1	0	N/A	28	300	31	2.91e-17	88.6	poly(A) RNA polymerase GLD2 isoform 16 [Homo sapiens]	TRUE	TENT2
XP_002896602.1	XP_005252265.1	0	N/A	25.857	321	34	2.99e-17	90.1	terminal uridylyltransferase 7 isoform X7 [Homo sapiens]	TRUE	Tut7
XP_002896602.1	XP_016870620.1	0	N/A	25.857	321	34	3.21e-17	89.7	terminal uridylyltransferase 7 isoform X4 [Homo sapiens]	TRUE	Tut7
XP_002896602.1	XP_016870619.1	0	N/A	25.857	321	34	3.21e-17	89.7	terminal uridylyltransferase 7 isoform X4 [Homo sapiens]	TRUE	Tut7
XP_002896602.1	NP_078893.2	0	N/A	25.857	321	34	3.21e-17	89.7	terminal uridylyltransferase 7 isoform 1 [Homo sapiens]	TRUE	Tut7
XP_002896602.1	NP_001171988.1	0	N/A	25.857	321	34	3.21e-17	89.7	terminal uridylyltransferase 7 isoform 1 [Homo sapiens]	TRUE	Tut7
XP_002896602.1	XP_011517318.1	0	N/A	25.857	321	34	3.52e-17	89.7	terminal uridylyltransferase 7 isoform X5 [Homo sapiens]	TRUE	Tut7
XP_002896602.1	XP_011517316.1	0	N/A	25.857	321	34	3.72e-17	89.7	terminal uridylyltransferase 7 isoform X1 [Homo sapiens]	TRUE	Tut7
XP_002896602.1	XP_011517315.1	0	N/A	25.857	321	34	3.72e-17	89.7	terminal uridylyltransferase 7 isoform X1 [Homo sapiens]	TRUE	Tut7
XP_002896602.1	XP_011517314.1	0	N/A	25.857	321	34	3.72e-17	89.7	terminal uridylyltransferase 7 isoform X1 [Homo sapiens]	TRUE	Tut7
XP_002896602.1	XP_011517313.1	0	N/A	25.857	321	34	3.72e-17	89.7	terminal uridylyltransferase 7 isoform X1 [Homo sapiens]	TRUE	Tut7
XP_002896602.1	NP_001375061.1	0	N/A	27.74	292	31	2.25e-16	85.5	poly(A) RNA polymerase GLD2 isoform 12 [Homo sapiens]	TRUE	TENT2
XP_002896602.1	NP_001375059.1	0	N/A	27.74	292	31	2.83e-16	85.5	poly(A) RNA polymerase GLD2 isoform 10 [Homo sapiens]	TRUE	TENT2
XP_002896602.1	NP_001375065.1	0	N/A	27.74	292	31	2.83e-16	84	poly(A) RNA polymerase GLD2 isoform 14 [Homo sapiens]	TRUE	TENT2
XP_002896602.1	XP_047272811.1	0	N/A	27.74	292	31	3.05e-16	85.1	poly(A) RNA polymerase GLD2 isoform X4 [Homo sapiens]	TRUE	TENT2
XP_002896602.1	XP_047272810.1	0	N/A	27.74	292	31	3.05e-16	85.1	poly(A) RNA polymerase GLD2 isoform X4 [Homo sapiens]	TRUE	TENT2
XP_002896602.1	XP_047272809.1	0	N/A	27.74	292	31	3.05e-16	85.1	poly(A) RNA polymerase GLD2 isoform X4 [Homo sapiens]	TRUE	TENT2
XP_002896602.1	NP_001375058.1	0	N/A	27.74	292	31	3.05e-16	85.1	poly(A) RNA polymerase GLD2 isoform 2 [Homo sapiens]	TRUE	TENT2
XP_002896602.1	NP_001375057.1	0	N/A	27.74	292	31	3.05e-16	85.1	poly(A) RNA polymerase GLD2 isoform 2 [Homo sapiens]	TRUE	TENT2
XP_002896602.1	NP_001375056.1	0	N/A	27.74	292	31	3.05e-16	85.1	poly(A) RNA polymerase GLD2 isoform 2 [Homo sapiens]	TRUE	TENT2
XP_002896602.1	NP_001375055.1	0	N/A	27.74	292	31	3.05e-16	85.1	poly(A) RNA polymerase GLD2 isoform 2 [Homo sapiens]	TRUE	TENT2
XP_002896602.1	NP_001375054.1	0	N/A	27.74	292	31	3.05e-16	85.1	poly(A) RNA polymerase GLD2 isoform 2 [Homo sapiens]	TRUE	TENT2
XP_002896602.1	NP_001375053.1	0	N/A	27.74	292	31	3.05e-16	85.1	poly(A) RNA polymerase GLD2 isoform 2 [Homo sapiens]	TRUE	TENT2
XP_002896602.1	NP_001375052.1	0	N/A	27.74	292	31	3.05e-16	85.1	poly(A) RNA polymerase GLD2 isoform 2 [Homo sapiens]	TRUE	TENT2
XP_002896602.1	NP_001375051.1	0	N/A	27.74	292	31	3.05e-16	85.1	poly(A) RNA polymerase GLD2 isoform 2 [Homo sapiens]	TRUE	TENT2
XP_002896602.1	NP_001375050.1	0	N/A	27.74	292	31	3.05e-16	85.1	poly(A) RNA polymerase GLD2 isoform 2 [Homo sapiens]	TRUE	TENT2
XP_002896602.1	NP_001375049.1	0	N/A	27.74	292	31	3.05e-16	85.1	poly(A) RNA polymerase GLD2 isoform 2 [Homo sapiens]	TRUE	TENT2
XP_002896602.1	NP_001375048.1	0	N/A	27.74	292	31	3.05e-16	85.1	poly(A) RNA polymerase GLD2 isoform 2 [Homo sapiens]	TRUE	TENT2
XP_002896602.1	NP_001375047.1	0	N/A	27.74	292	31	3.05e-16	85.1	poly(A) RNA polymerase GLD2 isoform 2 [Homo sapiens]	TRUE	TENT2
XP_002896602.1	NP_001375046.1	0	N/A	27.74	292	31	3.05e-16	85.1	poly(A) RNA polymerase GLD2 isoform 2 [Homo sapiens]	TRUE	TENT2
XP_002896602.1	NP_001375045.1	0	N/A	27.74	292	31	3.05e-16	85.1	poly(A) RNA polymerase GLD2 isoform 2 [Homo sapiens]	TRUE	TENT2
XP_002896602.1	NP_001375044.1	0	N/A	27.74	292	31	3.05e-16	85.1	poly(A) RNA polymerase GLD2 isoform 2 [Homo sapiens]	TRUE	TENT2
XP_002896602.1	NP_001375043.1	0	N/A	27.74	292	31	3.05e-16	85.1	poly(A) RNA polymerase GLD2 isoform 2 [Homo sapiens]	TRUE	TENT2
XP_002896602.1	NP_001336483.1	0	N/A	27.74	292	31	3.05e-16	85.1	poly(A) RNA polymerase GLD2 isoform 2 [Homo sapiens]	TRUE	TENT2
XP_002896602.1	NP_001284673.1	0	N/A	27.74	292	31	3.05e-16	85.1	poly(A) RNA polymerase GLD2 isoform 2 [Homo sapiens]	TRUE	TENT2
XP_002896602.1	NP_001375029.1	0	N/A	28.146	302	31	2.95e-15	82	poly(A) RNA polymerase GLD2 isoform 8 [Homo sapiens]	TRUE	TENT2
XP_002896602.1	NP_001375028.1	0	N/A	28.146	302	31	2.95e-15	82	poly(A) RNA polymerase GLD2 isoform 8 [Homo sapiens]	TRUE	TENT2
XP_002896602.1	XP_047272801.1	0	N/A	26.646	319	31	8.08e-15	80.9	poly(A) RNA polymerase GLD2 isoform X1 [Homo sapiens]	TRUE	TENT2
XP_002896602.1	XP_047272800.1	0	N/A	26.646	319	31	8.08e-15	80.9	poly(A) RNA polymerase GLD2 isoform X1 [Homo sapiens]	TRUE	TENT2
XP_002896602.1	XP_011541527.1	0	N/A	26.646	319	31	8.08e-15	80.9	poly(A) RNA polymerase GLD2 isoform X1 [Homo sapiens]	TRUE	TENT2
XP_002896602.1	XP_011541526.1	0	N/A	26.646	319	31	8.08e-15	80.9	poly(A) RNA polymerase GLD2 isoform X1 [Homo sapiens]	TRUE	TENT2
XP_002896602.1	XP_011541523.1	0	N/A	26.646	319	31	8.08e-15	80.9	poly(A) RNA polymerase GLD2 isoform X1 [Homo sapiens]	TRUE	TENT2
XP_002896602.1	XP_011541522.1	0	N/A	26.646	319	31	8.08e-15	80.9	poly(A) RNA polymerase GLD2 isoform X1 [Homo sapiens]	TRUE	TENT2
XP_002896602.1	NP_001375023.1	0	N/A	26.646	319	31	8.08e-15	80.9	poly(A) RNA polymerase GLD2 isoform 5 [Homo sapiens]	TRUE	TENT2
XP_002896602.1	NP_001375022.1	0	N/A	26.646	319	31	8.08e-15	80.9	poly(A) RNA polymerase GLD2 isoform 5 [Homo sapiens]	TRUE	TENT2
XP_002896602.1	NP_001336479.1	0	N/A	26.646	319	31	8.08e-15	80.9	poly(A) RNA polymerase GLD2 isoform 5 [Homo sapiens]	TRUE	TENT2
XP_002896602.1	NP_001336478.1	0	N/A	26.646	319	31	8.08e-15	80.9	poly(A) RNA polymerase GLD2 isoform 5 [Homo sapiens]	TRUE	TENT2
XP_002896602.1	XP_047272290.1	0	N/A	27.541	305	31	1.89e-14	80.9	terminal uridylyltransferase 4 isoform X11 [Homo sapiens]	TRUE	Tut4
XP_002896602.1	XP_047272286.1	0	N/A	27.541	305	31	1.91e-14	80.9	terminal uridylyltransferase 4 isoform X8 [Homo sapiens]	TRUE	Tut4
XP_002896602.1	XP_047272296.1	0	N/A	27.541	305	31	2.1e-14	80.9	terminal uridylyltransferase 4 isoform X13 [Homo sapiens]	TRUE	Tut4
XP_002896602.1	XP_047272344.1	0	N/A	27.389	314	32	2.2e-14	80.5	terminal uridylyltransferase 4 isoform X30 [Homo sapiens]	TRUE	Tut4
XP_002896602.1	XP_047272295.1	0	N/A	27.541	305	31	2.21e-14	80.9	terminal uridylyltransferase 4 isoform X12 [Homo sapiens]	TRUE	Tut4
XP_002896602.1	XP_047272372.1	0	N/A	27.541	305	31	2.22e-14	80.5	terminal uridylyltransferase 4 isoform X42 [Homo sapiens]	TRUE	Tut4
XP_002896602.1	XP_047272305.1	0	N/A	27.541	305	31	2.24e-14	80.5	terminal uridylyltransferase 4 isoform X17 [Homo sapiens]	TRUE	Tut4
XP_002896602.1	XP_016856292.1	0	N/A	26.861	309	32	2.36e-14	80.5	terminal uridylyltransferase 4 isoform X9 [Homo sapiens]	TRUE	Tut4
XP_002896602.1	XP_005270735.1	0	N/A	26.861	309	32	2.38e-14	80.5	terminal uridylyltransferase 4 isoform X2 [Homo sapiens]	TRUE	Tut4
XP_002896602.1	XP_011539399.1	0	N/A	26.861	309	32	2.42e-14	80.5	terminal uridylyltransferase 4 isoform X1 [Homo sapiens]	TRUE	Tut4
XP_002896602.1	XP_005270733.1	0	N/A	26.861	309	32	2.42e-14	80.5	terminal uridylyltransferase 4 isoform X1 [Homo sapiens]	TRUE	Tut4
XP_002896602.1	NP_001375030.1	0	N/A	27.483	302	31	2.43e-14	79.3	poly(A) RNA polymerase GLD2 isoform 9 [Homo sapiens]	TRUE	TENT2
XP_002896602.1	XP_047272285.1	0	N/A	26.861	309	32	2.45e-14	80.5	terminal uridylyltransferase 4 isoform X7 [Homo sapiens]	TRUE	Tut4
XP_002896602.1	XP_047272280.1	0	N/A	26.861	309	32	2.5e-14	80.5	terminal uridylyltransferase 4 isoform X3 [Homo sapiens]	TRUE	Tut4
XP_002896602.1	XP_005270736.1	0	N/A	26.861	309	32	2.5e-14	80.5	terminal uridylyltransferase 4 isoform X3 [Homo sapiens]	TRUE	Tut4
XP_002896602.1	XP_016856293.1	0	N/A	26.861	309	32	2.53e-14	80.5	terminal uridylyltransferase 4 isoform X16 [Homo sapiens]	TRUE	Tut4
XP_002896602.1	XP_016856297.1	0	N/A	26.861	309	32	2.79e-14	80.5	terminal uridylyltransferase 4 isoform X36 [Homo sapiens]	TRUE	Tut4
XP_002896602.1	XP_047272283.1	0	N/A	26.861	309	32	2.83e-14	80.5	terminal uridylyltransferase 4 isoform X6 [Homo sapiens]	TRUE	Tut4
XP_002896602.1	XP_005270737.1	0	N/A	26.861	309	32	2.83e-14	80.5	terminal uridylyltransferase 4 isoform X6 [Homo sapiens]	TRUE	Tut4
XP_002896602.1	XP_047272282.1	0	N/A	26.861	309	32	2.88e-14	80.5	terminal uridylyltransferase 4 isoform X5 [Homo sapiens]	TRUE	Tut4
XP_002896602.1	NP_056084.1	0	N/A	26.861	309	32	2.88e-14	80.5	terminal uridylyltransferase 4 isoform b [Homo sapiens]	TRUE	Tut4
XP_002896602.1	XP_005270739.1	0	N/A	26.861	309	32	2.93e-14	80.1	terminal uridylyltransferase 4 isoform X33 [Homo sapiens]	TRUE	Tut4
XP_002896602.1	XP_011539401.1	0	N/A	26.861	309	32	3.02e-14	80.1	terminal uridylyltransferase 4 isoform X29 [Homo sapiens]	TRUE	Tut4
XP_002896602.1	XP_047272365.1	0	N/A	26.861	309	32	3.03e-14	80.1	terminal uridylyltransferase 4 isoform X38 [Homo sapiens]	TRUE	Tut4
XP_002896602.1	XP_047272288.1	0	N/A	26.861	309	32	3.05e-14	80.1	terminal uridylyltransferase 4 isoform X10 [Homo sapiens]	TRUE	Tut4
XP_002896602.1	XP_047272281.1	0	N/A	26.861	309	32	3.06e-14	80.1	terminal uridylyltransferase 4 isoform X4 [Homo sapiens]	TRUE	Tut4
XP_002896602.1	NP_001009881.1	0	N/A	26.861	309	32	3.06e-14	80.1	terminal uridylyltransferase 4 isoform a [Homo sapiens]	TRUE	Tut4
XP_002896727.1	XP_011509796.1	0	N/A	22.121	1103	33	1.24e-36	156	dynein axonemal heavy chain 7 isoform X8 [Homo sapiens]	FALSE	NA
XP_002896727.1	XP_011509797.1	0	N/A	22.031	1103	33	1.77e-36	156	dynein axonemal heavy chain 7 isoform X9 [Homo sapiens]	FALSE	NA
XP_002896727.1	XP_011509790.1	0	N/A	22.031	1103	33	2.04e-36	155	dynein axonemal heavy chain 7 isoform X1 [Homo sapiens]	FALSE	NA
XP_002896727.1	XP_011509795.1	0	N/A	22.121	1103	33	2.09e-36	155	dynein axonemal heavy chain 7 isoform X7 [Homo sapiens]	FALSE	NA
XP_002896727.1	XP_011509794.1	0	N/A	22.031	1103	33	2.21e-36	155	dynein axonemal heavy chain 7 isoform X6 [Homo sapiens]	FALSE	NA
XP_002896727.1	XP_011509791.1	0	N/A	22.031	1103	33	2.24e-36	155	dynein axonemal heavy chain 7 isoform X2 [Homo sapiens]	FALSE	NA
XP_002896727.1	XP_011509793.1	0	N/A	22.031	1103	33	2.5e-36	155	dynein axonemal heavy chain 7 isoform X5 [Homo sapiens]	FALSE	NA
XP_002896727.1	NP_061720.2	0	N/A	22.031	1103	33	2.82e-36	155	dynein axonemal heavy chain 7 [Homo sapiens]	FALSE	NA
XP_002896727.1	XP_016859993.1	0	N/A	22.031	1103	33	2.95e-36	155	dynein axonemal heavy chain 7 isoform X4 [Homo sapiens]	FALSE	NA
XP_002896727.1	NP_001264044.1	0	N/A	21.103	1142	33	2.66e-31	139	dynein axonemal heavy chain 11 [Homo sapiens]	FALSE	NA
XP_002896727.1	XP_011521972.1	0	N/A	23.263	619	18	1.14e-29	133	dynein axonemal heavy chain 2 isoform X8 [Homo sapiens]	FALSE	NA
XP_002896727.1	XP_016879708.1	0	N/A	23.263	619	18	1.52e-29	133	dynein axonemal heavy chain 2 isoform X7 [Homo sapiens]	FALSE	NA
XP_002896727.1	XP_011521969.1	0	N/A	23.263	619	18	1.61e-29	133	dynein axonemal heavy chain 2 isoform X3 [Homo sapiens]	FALSE	NA
XP_002896727.1	NP_065928.2	0	N/A	23.263	619	18	1.61e-29	133	dynein axonemal heavy chain 2 isoform 1 [Homo sapiens]	FALSE	NA
XP_002896727.1	XP_047291382.1	0	N/A	23.263	619	18	1.66e-29	133	dynein axonemal heavy chain 2 isoform X4 [Homo sapiens]	FALSE	NA
XP_002896727.1	XP_047291383.1	0	N/A	23.263	619	18	1.78e-29	133	dynein axonemal heavy chain 2 isoform X5 [Homo sapiens]	FALSE	NA
XP_002896727.1	XP_047291380.1	0	N/A	23.263	619	18	1.8e-29	133	dynein axonemal heavy chain 2 isoform X1 [Homo sapiens]	FALSE	NA
XP_002896727.1	XP_011521965.1	0	N/A	23.263	619	18	1.8e-29	133	dynein axonemal heavy chain 2 isoform X1 [Homo sapiens]	FALSE	NA
XP_002896727.1	XP_047291384.1	0	N/A	23.263	619	18	1.81e-29	133	dynein axonemal heavy chain 2 isoform X6 [Homo sapiens]	FALSE	NA
XP_002896727.1	XP_047291381.1	0	N/A	23.263	619	18	2.43e-29	132	dynein axonemal heavy chain 2 isoform X2 [Homo sapiens]	FALSE	NA
XP_002896727.1	XP_016861619.1	0	N/A	20.941	1127	32	7.74e-29	130	dynein axonemal heavy chain 1 isoform X2 [Homo sapiens]	FALSE	NA
XP_002896727.1	NP_056327.4	0	N/A	20.941	1127	32	7.74e-29	130	dynein axonemal heavy chain 1 [Homo sapiens]	FALSE	NA
XP_002896727.1	NP_997320.2	0	N/A	22.004	1068	31	3.16e-28	129	dynein axonemal heavy chain 10 isoform 1 [Homo sapiens]	FALSE	NA
XP_002896727.1	XP_016874450.1	0	N/A	22.004	1068	31	3.38e-28	129	dynein axonemal heavy chain 10 isoform X5 [Homo sapiens]	FALSE	NA
XP_002896727.1	XP_016861351.1	0	N/A	23.209	642	18	3.71e-28	128	dynein axonemal heavy chain 12 isoform X7 [Homo sapiens]	FALSE	NA
XP_002896727.1	NP_001359035.1	0	N/A	22.004	1068	31	4.05e-28	128	dynein axonemal heavy chain 10 isoform 3 [Homo sapiens]	FALSE	NA
XP_002896727.1	XP_011536318.1	0	N/A	22.004	1068	31	4.07e-28	128	dynein axonemal heavy chain 10 isoform X3 [Homo sapiens]	FALSE	NA
XP_002896727.1	XP_016874449.1	0	N/A	22.004	1068	31	4.21e-28	128	dynein axonemal heavy chain 10 isoform X4 [Homo sapiens]	FALSE	NA
XP_002896727.1	XP_016874451.1	0	N/A	22.004	1068	31	4.93e-28	128	dynein axonemal heavy chain 10 isoform X8 [Homo sapiens]	FALSE	NA
XP_002896727.1	XP_011536321.1	0	N/A	22.004	1068	31	5.6e-28	128	dynein axonemal heavy chain 10 isoform X7 [Homo sapiens]	FALSE	NA
XP_002896727.1	XP_047303625.1	0	N/A	23.209	642	18	5.91e-28	128	dynein axonemal heavy chain 12 isoform X5 [Homo sapiens]	FALSE	NA
XP_002896727.1	XP_047303624.1	0	N/A	23.209	642	18	8.32e-28	127	dynein axonemal heavy chain 12 isoform X3 [Homo sapiens]	FALSE	NA
XP_002896727.1	XP_016861349.1	0	N/A	23.209	642	18	1.1e-27	127	dynein axonemal heavy chain 12 isoform X4 [Homo sapiens]	FALSE	NA
XP_002896727.1	XP_047303623.1	0	N/A	23.209	642	18	1.13e-27	127	dynein axonemal heavy chain 12 isoform X1 [Homo sapiens]	FALSE	NA
XP_002896727.1	XP_047303622.1	0	N/A	23.209	642	18	1.13e-27	127	dynein axonemal heavy chain 12 isoform X1 [Homo sapiens]	FALSE	NA
XP_002896727.1	NP_001352957.1	0	N/A	23.209	642	18	1.13e-27	127	dynein axonemal heavy chain 12 isoform 4 [Homo sapiens]	FALSE	NA
XP_002896727.1	XP_016861620.1	0	N/A	21.162	1153	32	1.17e-27	127	dynein axonemal heavy chain 1 isoform X3 [Homo sapiens]	FALSE	NA
XP_002896727.1	XP_011531773.1	0	N/A	23.209	642	18	1.32e-27	127	dynein axonemal heavy chain 12 isoform X6 [Homo sapiens]	FALSE	NA
XP_002896727.1	XP_016861618.1	0	N/A	21.162	1153	32	1.47e-27	126	dynein axonemal heavy chain 1 isoform X1 [Homo sapiens]	FALSE	NA
XP_002896727.1	XP_011542378.1	0	N/A	24.855	692	20	4.52e-27	125	dynein axonemal heavy chain 14 isoform X22 [Homo sapiens]	FALSE	NA
XP_002896727.1	XP_011542376.1	0	N/A	24.855	692	20	4.62e-27	125	dynein axonemal heavy chain 14 isoform X21 [Homo sapiens]	FALSE	NA
XP_002896727.1	XP_016855788.1	0	N/A	24.855	692	20	5.56e-27	124	dynein axonemal heavy chain 14 isoform X23 [Homo sapiens]	FALSE	NA
XP_002896727.1	XP_011542383.1	0	N/A	24.855	692	20	6.59e-27	124	dynein axonemal heavy chain 14 isoform X24 [Homo sapiens]	FALSE	NA
XP_002896727.1	XP_047301627.1	0	N/A	24.855	692	20	6.81e-27	124	dynein axonemal heavy chain 14 isoform X25 [Homo sapiens]	FALSE	NA
XP_002896727.1	XP_011542375.1	0	N/A	24.855	692	20	6.97e-27	124	dynein axonemal heavy chain 14 isoform X19 [Homo sapiens]	FALSE	NA
XP_002896727.1	XP_011542373.1	0	N/A	24.855	692	20	9.56e-27	124	dynein axonemal heavy chain 14 isoform X17 [Homo sapiens]	FALSE	NA
XP_002896727.1	XP_016859010.1	0	N/A	21.593	653	19	1.05e-26	124	dynein axonemal heavy chain 6 isoform X4 [Homo sapiens]	FALSE	NA
XP_002896727.1	XP_011542374.1	0	N/A	24.855	692	20	1.07e-26	124	dynein axonemal heavy chain 14 isoform X18 [Homo sapiens]	FALSE	NA
XP_002896727.1	XP_011542368.1	0	N/A	24.855	692	20	1.13e-26	124	dynein axonemal heavy chain 14 isoform X12 [Homo sapiens]	FALSE	NA
XP_002896727.1	XP_011542365.1	0	N/A	24.855	692	20	1.14e-26	124	dynein axonemal heavy chain 14 isoform X9 [Homo sapiens]	FALSE	NA
XP_002896727.1	XP_011542366.1	0	N/A	24.855	692	20	1.14e-26	124	dynein axonemal heavy chain 14 isoform X10 [Homo sapiens]	FALSE	NA
XP_002896727.1	XP_011542372.1	0	N/A	24.855	692	20	1.19e-26	124	dynein axonemal heavy chain 14 isoform X16 [Homo sapiens]	FALSE	NA
XP_002896727.1	XP_011530954.1	0	N/A	21.593	653	19	1.2e-26	124	dynein axonemal heavy chain 6 isoform X2 [Homo sapiens]	FALSE	NA
XP_002896727.1	XP_016855785.1	0	N/A	24.855	692	20	1.25e-26	123	dynein axonemal heavy chain 14 isoform X5 [Homo sapiens]	FALSE	NA
XP_002896727.1	NP_001354408.1	0	N/A	24.855	692	20	1.25e-26	123	dynein axonemal heavy chain 14 isoform 7 [Homo sapiens]	FALSE	NA
XP_002896727.1	XP_011542360.1	0	N/A	24.855	692	20	1.27e-26	123	dynein axonemal heavy chain 14 isoform X1 [Homo sapiens]	FALSE	NA
XP_002896727.1	XP_016855784.1	0	N/A	24.855	692	20	1.28e-26	123	dynein axonemal heavy chain 14 isoform X3 [Homo sapiens]	FALSE	NA
XP_002896727.1	XP_011542363.1	0	N/A	24.855	692	20	1.39e-26	123	dynein axonemal heavy chain 14 isoform X6 [Homo sapiens]	FALSE	NA
XP_002896727.1	XP_011542361.1	0	N/A	24.855	692	20	1.39e-26	123	dynein axonemal heavy chain 14 isoform X2 [Homo sapiens]	FALSE	NA
XP_002896727.1	XP_016855786.1	0	N/A	24.855	692	20	1.44e-26	123	dynein axonemal heavy chain 14 isoform X7 [Homo sapiens]	FALSE	NA
XP_002896727.1	XP_011542364.1	0	N/A	24.855	692	20	1.48e-26	123	dynein axonemal heavy chain 14 isoform X8 [Homo sapiens]	FALSE	NA
XP_002896727.1	XP_047301580.1	0	N/A	24.855	692	20	1.61e-26	123	dynein axonemal heavy chain 14 isoform X14 [Homo sapiens]	FALSE	NA
XP_002896727.1	XP_011542369.1	0	N/A	24.855	692	20	1.61e-26	123	dynein axonemal heavy chain 14 isoform X13 [Homo sapiens]	FALSE	NA
XP_002896727.1	XP_047299546.1	0	N/A	27.665	394	11	3.07e-26	122	dynein axonemal heavy chain 6 isoform X8 [Homo sapiens]	FALSE	NA
XP_002896727.1	XP_016855787.1	0	N/A	24.855	692	20	3.19e-26	122	dynein axonemal heavy chain 14 isoform X20 [Homo sapiens]	FALSE	NA
XP_002896727.1	XP_011530957.1	0	N/A	27.665	394	11	3.63e-26	122	dynein axonemal heavy chain 6 isoform X6 [Homo sapiens]	FALSE	NA
XP_002896727.1	XP_047299545.1	0	N/A	27.665	394	11	3.68e-26	122	dynein axonemal heavy chain 6 isoform X7 [Homo sapiens]	FALSE	NA
XP_002896727.1	XP_011530959.1	0	N/A	27.665	394	11	3.68e-26	122	dynein axonemal heavy chain 6 isoform X7 [Homo sapiens]	FALSE	NA
XP_002896727.1	XP_011530956.1	0	N/A	28.158	380	11	3.95e-26	122	dynein axonemal heavy chain 6 isoform X5 [Homo sapiens]	FALSE	NA
XP_002896727.1	XP_016878919.1	0	N/A	22.339	667	18	4.49e-26	121	dynein axonemal heavy chain 3 isoform X11 [Homo sapiens]	FALSE	NA
XP_002896727.1	XP_011530955.1	0	N/A	27.665	394	11	4.69e-26	121	dynein axonemal heavy chain 6 isoform X3 [Homo sapiens]	FALSE	NA
XP_002896727.1	XP_011530952.1	0	N/A	28.158	380	11	4.98e-26	121	dynein axonemal heavy chain 6 isoform X1 [Homo sapiens]	FALSE	NA
XP_002896727.1	XP_011530951.1	0	N/A	28.158	380	11	4.98e-26	121	dynein axonemal heavy chain 6 isoform X1 [Homo sapiens]	FALSE	NA
XP_002896727.1	XP_006712019.1	0	N/A	28.158	380	11	4.98e-26	121	dynein axonemal heavy chain 6 isoform X1 [Homo sapiens]	FALSE	NA
XP_002896727.1	NP_001361.1	0	N/A	28.158	380	11	4.98e-26	121	dynein axonemal heavy chain 6 [Homo sapiens]	FALSE	NA
XP_002896727.1	XP_011544191.1	0	N/A	22.339	667	18	5.72e-26	121	dynein axonemal heavy chain 3 isoform X9 [Homo sapiens]	FALSE	NA
XP_002896727.1	XP_011544190.1	0	N/A	22.339	667	18	5.72e-26	121	dynein axonemal heavy chain 3 isoform X9 [Homo sapiens]	FALSE	NA
XP_002896727.1	XP_016859013.1	0	N/A	21.451	648	19	8.67e-26	120	dynein axonemal heavy chain 6 isoform X10 [Homo sapiens]	FALSE	NA
XP_002896727.1	XP_011530962.1	0	N/A	21.451	648	19	8.97e-26	120	dynein axonemal heavy chain 6 isoform X9 [Homo sapiens]	FALSE	NA
XP_002896727.1	XP_016878916.1	0	N/A	22.339	667	18	1.05e-25	120	dynein axonemal heavy chain 3 isoform X4 [Homo sapiens]	FALSE	NA
XP_002896727.1	XP_047290305.1	0	N/A	22.339	667	18	1.14e-25	120	dynein axonemal heavy chain 3 isoform X5 [Homo sapiens]	FALSE	NA
XP_002896727.1	XP_011544185.1	0	N/A	22.339	667	18	1.17e-25	120	dynein axonemal heavy chain 3 isoform X1 [Homo sapiens]	FALSE	NA
XP_002896727.1	XP_011544184.1	0	N/A	22.339	667	18	1.17e-25	120	dynein axonemal heavy chain 3 isoform X1 [Homo sapiens]	FALSE	NA
XP_002896727.1	XP_016878921.1	0	N/A	22.339	667	18	1.17e-25	120	dynein axonemal heavy chain 3 isoform X13 [Homo sapiens]	FALSE	NA
XP_002896727.1	XP_016878915.1	0	N/A	22.339	667	18	1.23e-25	120	dynein axonemal heavy chain 3 isoform X3 [Homo sapiens]	FALSE	NA
XP_002896727.1	XP_047290304.1	0	N/A	22.339	667	18	1.23e-25	120	dynein axonemal heavy chain 3 isoform X2 [Homo sapiens]	FALSE	NA
XP_002896727.1	NP_001334815.1	0	N/A	22.339	667	18	1.23e-25	120	dynein axonemal heavy chain 3 isoform 2 [Homo sapiens]	FALSE	NA
XP_002896727.1	XP_011544188.1	0	N/A	22.339	667	18	1.25e-25	120	dynein axonemal heavy chain 3 isoform X8 [Homo sapiens]	FALSE	NA
XP_002896727.1	XP_016878917.1	0	N/A	22.339	667	18	1.5e-25	120	dynein axonemal heavy chain 3 isoform X6 [Homo sapiens]	FALSE	NA
XP_002896727.1	XP_011544187.1	0	N/A	22.339	667	18	1.56e-25	120	dynein axonemal heavy chain 3 isoform X7 [Homo sapiens]	FALSE	NA
XP_002896727.1	XP_016864666.1	0	N/A	20.734	1090	32	2.93e-25	119	dynein axonemal heavy chain 5 isoform X3 [Homo sapiens]	FALSE	NA
XP_002896727.1	XP_016864675.1	0	N/A	20.607	1087	32	3.14e-25	119	dynein axonemal heavy chain 5 isoform X10 [Homo sapiens]	FALSE	NA
XP_002896727.1	XP_016864670.1	0	N/A	20.648	1080	32	3.2e-25	119	dynein axonemal heavy chain 5 isoform X6 [Homo sapiens]	FALSE	NA
XP_002896727.1	XP_005248319.2	0	N/A	20.734	1090	32	3.51e-25	119	dynein axonemal heavy chain 5 isoform X1 [Homo sapiens]	FALSE	NA
XP_002896727.1	XP_016864669.1	0	N/A	20.734	1090	32	3.55e-25	119	dynein axonemal heavy chain 5 isoform X5 [Homo sapiens]	FALSE	NA
XP_002896727.1	XP_047272842.1	0	N/A	20.734	1090	32	3.93e-25	119	dynein axonemal heavy chain 5 isoform X2 [Homo sapiens]	FALSE	NA
XP_002896727.1	XP_016864668.1	0	N/A	20.734	1090	32	4.03e-25	118	dynein axonemal heavy chain 5 isoform X4 [Homo sapiens]	FALSE	NA
XP_002896727.1	XP_016864671.1	0	N/A	20.734	1090	32	4.16e-25	118	dynein axonemal heavy chain 5 isoform X7 [Homo sapiens]	FALSE	NA
XP_002896727.1	XP_016864674.1	0	N/A	20.607	1087	32	5.58e-25	118	dynein axonemal heavy chain 5 isoform X9 [Homo sapiens]	FALSE	NA
XP_002896727.1	NP_001360.1	0	N/A	20.734	1090	32	5.79e-25	118	dynein axonemal heavy chain 5 [Homo sapiens]	FALSE	NA
XP_002897974.1	XP_047290433.1	0	N/A	33.161	193	26	3.44e-18	90.9	terminal nucleotidyltransferase 4B isoform X6 [Homo sapiens]	TRUE	TENT4B
XP_002897974.1	XP_011521580.1	0	N/A	32.642	193	26	3.62e-18	90.9	terminal nucleotidyltransferase 4B isoform X5 [Homo sapiens]	TRUE	TENT4B
XP_002897974.1	NP_001035374.2	0	N/A	32.821	195	27	3.77e-18	91.7	terminal nucleotidyltransferase 4B isoform a [Homo sapiens]	TRUE	TENT4B
XP_002897974.1	XP_011521577.1	0	N/A	32.821	195	27	3.77e-18	91.7	terminal nucleotidyltransferase 4B isoform X1 [Homo sapiens]	TRUE	TENT4B
XP_002897974.1	NP_001035375.2	0	N/A	33.846	195	27	4.18e-18	91.3	terminal nucleotidyltransferase 4B isoform b [Homo sapiens]	TRUE	TENT4B
XP_002897974.1	XP_011521578.1	0	N/A	33.846	195	27	4.19e-18	91.3	terminal nucleotidyltransferase 4B isoform X2 [Homo sapiens]	TRUE	TENT4B
XP_002897974.1	NP_001352253.1	0	N/A	32.821	195	27	5.8e-18	90.9	terminal nucleotidyltransferase 4B isoform d [Homo sapiens]	TRUE	TENT4B
XP_002897974.1	XP_047290431.1	0	N/A	33.846	195	27	7.32e-18	90.5	terminal nucleotidyltransferase 4B isoform X3 [Homo sapiens]	TRUE	TENT4B
XP_002897974.1	NP_001352252.1	0	N/A	32.821	195	27	8.09e-18	90.5	terminal nucleotidyltransferase 4B isoform c [Homo sapiens]	TRUE	TENT4B
XP_002897974.1	XP_047290432.1	0	N/A	33.333	195	27	8.16e-18	90.5	terminal nucleotidyltransferase 4B isoform X4 [Homo sapiens]	TRUE	TENT4B
XP_002897974.1	NP_001165276.2	0	N/A	31.633	196	26	5.92e-17	87.8	terminal nucleotidyltransferase 4A isoform 2 [Homo sapiens]	TRUE	TENT4A
XP_002897974.1	NP_008930.2	0	N/A	31.633	196	26	6.03e-17	87.8	terminal nucleotidyltransferase 4A isoform 1 [Homo sapiens]	TRUE	TENT4A
XP_002897974.1	XP_047272622.1	0	N/A	32.484	157	21	7.12e-14	77.4	terminal nucleotidyltransferase 4A isoform X1 [Homo sapiens]	TRUE	TENT4A
XP_002897974.1	XP_047272621.1	0	N/A	32.484	157	21	7.12e-14	77.4	terminal nucleotidyltransferase 4A isoform X1 [Homo sapiens]	TRUE	TENT4A
XP_002897974.1	XP_047272620.1	0	N/A	32.484	157	21	7.12e-14	77.4	terminal nucleotidyltransferase 4A isoform X1 [Homo sapiens]	TRUE	TENT4A
XP_002897974.1	XP_047272623.1	0	N/A	32.484	157	21	8.73e-14	77.4	terminal nucleotidyltransferase 4A isoform X2 [Homo sapiens]	TRUE	TENT4A
XP_002897974.1	XP_016864477.1	0	N/A	32.484	157	21	8.73e-14	77.4	terminal nucleotidyltransferase 4A isoform X2 [Homo sapiens]	TRUE	TENT4A
XP_002897974.1	XP_047272624.1	0	N/A	32.484	157	21	9.33e-14	77	terminal nucleotidyltransferase 4A isoform X3 [Homo sapiens]	TRUE	TENT4A
XP_002897974.1	NP_001375060.1	0	N/A	24.809	262	34	7.51e-05	48.5	poly(A) RNA polymerase GLD2 isoform 11 [Homo sapiens]	TRUE	TENT2
XP_002897974.1	XP_047272808.1	0	N/A	24.809	262	34	8.1e-05	48.5	poly(A) RNA polymerase GLD2 isoform X3 [Homo sapiens]	TRUE	TENT2
XP_002897974.1	XP_047272807.1	0	N/A	24.809	262	34	8.1e-05	48.5	poly(A) RNA polymerase GLD2 isoform X3 [Homo sapiens]	TRUE	TENT2
XP_002897974.1	XP_047272806.1	0	N/A	24.809	262	34	8.1e-05	48.5	poly(A) RNA polymerase GLD2 isoform X3 [Homo sapiens]	TRUE	TENT2
XP_002897974.1	NP_776158.2	0	N/A	24.809	262	34	8.1e-05	48.5	poly(A) RNA polymerase GLD2 isoform 1 [Homo sapiens]	TRUE	TENT2
XP_002897974.1	NP_001375041.1	0	N/A	24.809	262	34	8.1e-05	48.5	poly(A) RNA polymerase GLD2 isoform 1 [Homo sapiens]	TRUE	TENT2
XP_002897974.1	NP_001375040.1	0	N/A	24.809	262	34	8.1e-05	48.5	poly(A) RNA polymerase GLD2 isoform 1 [Homo sapiens]	TRUE	TENT2
XP_002897974.1	NP_001375039.1	0	N/A	24.809	262	34	8.1e-05	48.5	poly(A) RNA polymerase GLD2 isoform 1 [Homo sapiens]	TRUE	TENT2
XP_002897974.1	NP_001375038.1	0	N/A	24.809	262	34	8.1e-05	48.5	poly(A) RNA polymerase GLD2 isoform 1 [Homo sapiens]	TRUE	TENT2
XP_002897974.1	NP_001375037.1	0	N/A	24.809	262	34	8.1e-05	48.5	poly(A) RNA polymerase GLD2 isoform 1 [Homo sapiens]	TRUE	TENT2
XP_002897974.1	NP_001375036.1	0	N/A	24.809	262	34	8.1e-05	48.5	poly(A) RNA polymerase GLD2 isoform 1 [Homo sapiens]	TRUE	TENT2
XP_002897974.1	NP_001375035.1	0	N/A	24.809	262	34	8.1e-05	48.5	poly(A) RNA polymerase GLD2 isoform 1 [Homo sapiens]	TRUE	TENT2
XP_002897974.1	NP_001375034.1	0	N/A	24.809	262	34	8.1e-05	48.5	poly(A) RNA polymerase GLD2 isoform 1 [Homo sapiens]	TRUE	TENT2
XP_002897974.1	NP_001375032.1	0	N/A	24.809	262	34	8.1e-05	48.5	poly(A) RNA polymerase GLD2 isoform 1 [Homo sapiens]	TRUE	TENT2
XP_002897974.1	NP_001375031.1	0	N/A	24.809	262	34	8.1e-05	48.5	poly(A) RNA polymerase GLD2 isoform 1 [Homo sapiens]	TRUE	TENT2
XP_002897974.1	NP_001336482.1	0	N/A	24.809	262	34	8.1e-05	48.5	poly(A) RNA polymerase GLD2 isoform 1 [Homo sapiens]	TRUE	TENT2
XP_002897974.1	NP_001336481.1	0	N/A	24.809	262	34	8.1e-05	48.5	poly(A) RNA polymerase GLD2 isoform 1 [Homo sapiens]	TRUE	TENT2
XP_002897974.1	NP_001107866.1	0	N/A	24.809	262	34	8.1e-05	48.5	poly(A) RNA polymerase GLD2 isoform 1 [Homo sapiens]	TRUE	TENT2
XP_002897974.1	NP_001107865.1	0	N/A	24.809	262	34	8.1e-05	48.5	poly(A) RNA polymerase GLD2 isoform 1 [Homo sapiens]	TRUE	TENT2
XP_002897974.1	NP_001375029.1	0	N/A	24.809	262	34	8.56e-05	48.5	poly(A) RNA polymerase GLD2 isoform 8 [Homo sapiens]	TRUE	TENT2
XP_002897974.1	NP_001375028.1	0	N/A	24.809	262	34	8.56e-05	48.5	poly(A) RNA polymerase GLD2 isoform 8 [Homo sapiens]	TRUE	TENT2
XP_002897974.1	NP_001375042.1	0	N/A	24.809	262	34	8.59e-05	48.5	poly(A) RNA polymerase GLD2 isoform 16 [Homo sapiens]	TRUE	TENT2
XP_002897974.1	XP_047272811.1	0	N/A	24.031	258	34	0.000208	47.4	poly(A) RNA polymerase GLD2 isoform X4 [Homo sapiens]	TRUE	TENT2
XP_002897974.1	XP_047272810.1	0	N/A	24.031	258	34	0.000208	47.4	poly(A) RNA polymerase GLD2 isoform X4 [Homo sapiens]	TRUE	TENT2
XP_002897974.1	XP_047272809.1	0	N/A	24.031	258	34	0.000208	47.4	poly(A) RNA polymerase GLD2 isoform X4 [Homo sapiens]	TRUE	TENT2
XP_002897974.1	NP_001375058.1	0	N/A	24.031	258	34	0.000208	47.4	poly(A) RNA polymerase GLD2 isoform 2 [Homo sapiens]	TRUE	TENT2
XP_002897974.1	NP_001375057.1	0	N/A	24.031	258	34	0.000208	47.4	poly(A) RNA polymerase GLD2 isoform 2 [Homo sapiens]	TRUE	TENT2
XP_002897974.1	NP_001375056.1	0	N/A	24.031	258	34	0.000208	47.4	poly(A) RNA polymerase GLD2 isoform 2 [Homo sapiens]	TRUE	TENT2
XP_002897974.1	NP_001375055.1	0	N/A	24.031	258	34	0.000208	47.4	poly(A) RNA polymerase GLD2 isoform 2 [Homo sapiens]	TRUE	TENT2
XP_002897974.1	NP_001375054.1	0	N/A	24.031	258	34	0.000208	47.4	poly(A) RNA polymerase GLD2 isoform 2 [Homo sapiens]	TRUE	TENT2
XP_002897974.1	NP_001375053.1	0	N/A	24.031	258	34	0.000208	47.4	poly(A) RNA polymerase GLD2 isoform 2 [Homo sapiens]	TRUE	TENT2
XP_002897974.1	NP_001375052.1	0	N/A	24.031	258	34	0.000208	47.4	poly(A) RNA polymerase GLD2 isoform 2 [Homo sapiens]	TRUE	TENT2
XP_002897974.1	NP_001375051.1	0	N/A	24.031	258	34	0.000208	47.4	poly(A) RNA polymerase GLD2 isoform 2 [Homo sapiens]	TRUE	TENT2
XP_002897974.1	NP_001375050.1	0	N/A	24.031	258	34	0.000208	47.4	poly(A) RNA polymerase GLD2 isoform 2 [Homo sapiens]	TRUE	TENT2
XP_002897974.1	NP_001375049.1	0	N/A	24.031	258	34	0.000208	47.4	poly(A) RNA polymerase GLD2 isoform 2 [Homo sapiens]	TRUE	TENT2
XP_002897974.1	NP_001375048.1	0	N/A	24.031	258	34	0.000208	47.4	poly(A) RNA polymerase GLD2 isoform 2 [Homo sapiens]	TRUE	TENT2
XP_002897974.1	NP_001375047.1	0	N/A	24.031	258	34	0.000208	47.4	poly(A) RNA polymerase GLD2 isoform 2 [Homo sapiens]	TRUE	TENT2
XP_002897974.1	NP_001375046.1	0	N/A	24.031	258	34	0.000208	47.4	poly(A) RNA polymerase GLD2 isoform 2 [Homo sapiens]	TRUE	TENT2
XP_002897974.1	NP_001375045.1	0	N/A	24.031	258	34	0.000208	47.4	poly(A) RNA polymerase GLD2 isoform 2 [Homo sapiens]	TRUE	TENT2
XP_002897974.1	NP_001375044.1	0	N/A	24.031	258	34	0.000208	47.4	poly(A) RNA polymerase GLD2 isoform 2 [Homo sapiens]	TRUE	TENT2
XP_002897974.1	NP_001375043.1	0	N/A	24.031	258	34	0.000208	47.4	poly(A) RNA polymerase GLD2 isoform 2 [Homo sapiens]	TRUE	TENT2
XP_002897974.1	NP_001336483.1	0	N/A	24.031	258	34	0.000208	47.4	poly(A) RNA polymerase GLD2 isoform 2 [Homo sapiens]	TRUE	TENT2
XP_002897974.1	NP_001284673.1	0	N/A	24.031	258	34	0.000208	47.4	poly(A) RNA polymerase GLD2 isoform 2 [Homo sapiens]	TRUE	TENT2
XP_002897974.1	NP_001375061.1	0	N/A	24.031	258	34	0.000215	47	poly(A) RNA polymerase GLD2 isoform 12 [Homo sapiens]	TRUE	TENT2
XP_002897974.1	NP_001375030.1	0	N/A	24.031	258	34	0.000228	47	poly(A) RNA polymerase GLD2 isoform 9 [Homo sapiens]	TRUE	TENT2
XP_002897974.1	NP_001375059.1	0	N/A	24.031	258	34	0.000239	47	poly(A) RNA polymerase GLD2 isoform 10 [Homo sapiens]	TRUE	TENT2
XP_002897974.1	NP_001375065.1	0	N/A	24.031	258	34	0.000287	46.6	poly(A) RNA polymerase GLD2 isoform 14 [Homo sapiens]	TRUE	TENT2
XP_002897974.1	NP_001336477.1	0	N/A	23.81	210	29	0.000619	45.1	poly(A) RNA polymerase GLD2 isoform 4 [Homo sapiens]	TRUE	TENT2
XP_002897974.1	XP_047272820.1	0	N/A	23.923	209	28	0.001	44.3	poly(A) RNA polymerase GLD2 isoform X11 [Homo sapiens]	TRUE	TENT2
XP_002897974.1	XP_047272801.1	0	N/A	24.057	212	28	0.001	45.1	poly(A) RNA polymerase GLD2 isoform X1 [Homo sapiens]	TRUE	TENT2
XP_002897974.1	XP_047272800.1	0	N/A	24.057	212	28	0.001	45.1	poly(A) RNA polymerase GLD2 isoform X1 [Homo sapiens]	TRUE	TENT2
XP_002897974.1	XP_011541527.1	0	N/A	24.057	212	28	0.001	45.1	poly(A) RNA polymerase GLD2 isoform X1 [Homo sapiens]	TRUE	TENT2
XP_002897974.1	XP_011541526.1	0	N/A	24.057	212	28	0.001	45.1	poly(A) RNA polymerase GLD2 isoform X1 [Homo sapiens]	TRUE	TENT2
XP_002897974.1	XP_011541523.1	0	N/A	24.057	212	28	0.001	45.1	poly(A) RNA polymerase GLD2 isoform X1 [Homo sapiens]	TRUE	TENT2
XP_002897974.1	XP_011541522.1	0	N/A	24.057	212	28	0.001	45.1	poly(A) RNA polymerase GLD2 isoform X1 [Homo sapiens]	TRUE	TENT2
XP_002897974.1	NP_001375023.1	0	N/A	24.057	212	28	0.001	45.1	poly(A) RNA polymerase GLD2 isoform 5 [Homo sapiens]	TRUE	TENT2
XP_002897974.1	NP_001375022.1	0	N/A	24.057	212	28	0.001	45.1	poly(A) RNA polymerase GLD2 isoform 5 [Homo sapiens]	TRUE	TENT2
XP_002897974.1	NP_001336479.1	0	N/A	24.057	212	28	0.001	45.1	poly(A) RNA polymerase GLD2 isoform 5 [Homo sapiens]	TRUE	TENT2
XP_002897974.1	NP_001336478.1	0	N/A	24.057	212	28	0.001	45.1	poly(A) RNA polymerase GLD2 isoform 5 [Homo sapiens]	TRUE	TENT2
XP_002897974.1	XP_047272805.1	0	N/A	24.057	212	28	0.001	44.7	poly(A) RNA polymerase GLD2 isoform X2 [Homo sapiens]	TRUE	TENT2
XP_002897974.1	XP_047272804.1	0	N/A	24.057	212	28	0.001	44.7	poly(A) RNA polymerase GLD2 isoform X2 [Homo sapiens]	TRUE	TENT2
XP_002897974.1	XP_047272803.1	0	N/A	24.057	212	28	0.001	44.7	poly(A) RNA polymerase GLD2 isoform X2 [Homo sapiens]	TRUE	TENT2
XP_002897974.1	XP_047272802.1	0	N/A	24.057	212	28	0.001	44.7	poly(A) RNA polymerase GLD2 isoform X2 [Homo sapiens]	TRUE	TENT2
XP_002897974.1	XP_016864641.1	0	N/A	24.057	212	28	0.001	44.7	poly(A) RNA polymerase GLD2 isoform X2 [Homo sapiens]	TRUE	TENT2
XP_002897974.1	NP_001375026.1	0	N/A	24.057	212	28	0.001	44.7	poly(A) RNA polymerase GLD2 isoform 6 [Homo sapiens]	TRUE	TENT2
XP_002897974.1	NP_001375025.1	0	N/A	24.057	212	28	0.001	44.7	poly(A) RNA polymerase GLD2 isoform 6 [Homo sapiens]	TRUE	TENT2
XP_002897974.1	NP_001375024.1	0	N/A	24.057	212	28	0.001	44.7	poly(A) RNA polymerase GLD2 isoform 6 [Homo sapiens]	TRUE	TENT2
XP_002897974.1	NP_001336480.1	0	N/A	24.057	212	28	0.001	44.7	poly(A) RNA polymerase GLD2 isoform 6 [Homo sapiens]	TRUE	TENT2
XP_002897974.1	NP_001375027.1	0	N/A	24.057	212	28	0.001	44.7	poly(A) RNA polymerase GLD2 isoform 7 [Homo sapiens]	TRUE	TENT2
XP_002897974.1	XP_047272818.1	0	N/A	28.758	153	20	0.002	43.9	poly(A) RNA polymerase GLD2 isoform X10 [Homo sapiens]	TRUE	TENT2
XP_002897974.1	XP_047272816.1	0	N/A	29.126	103	14	0.025	40.4	poly(A) RNA polymerase GLD2 isoform X8 [Homo sapiens]	TRUE	TENT2
XP_002897974.1	XP_047272817.1	0	N/A	29.126	103	14	0.025	40.4	poly(A) RNA polymerase GLD2 isoform X9 [Homo sapiens]	TRUE	TENT2
XP_002899510.1	XP_047290432.1	0	N/A	29.297	256	86	7.51e-24	102	terminal nucleotidyltransferase 4B isoform X4 [Homo sapiens]	TRUE	TENT4B
XP_002899510.1	XP_047290433.1	0	N/A	28.47	281	95	8.5e-24	102	terminal nucleotidyltransferase 4B isoform X6 [Homo sapiens]	TRUE	TENT4B
XP_002899510.1	NP_001352252.1	0	N/A	29.297	256	86	8.59e-24	102	terminal nucleotidyltransferase 4B isoform c [Homo sapiens]	TRUE	TENT4B
XP_002899510.1	NP_001352253.1	0	N/A	29.297	256	86	1.08e-23	102	terminal nucleotidyltransferase 4B isoform d [Homo sapiens]	TRUE	TENT4B
XP_002899510.1	XP_047290431.1	0	N/A	29.297	256	86	1.13e-23	102	terminal nucleotidyltransferase 4B isoform X3 [Homo sapiens]	TRUE	TENT4B
XP_002899510.1	XP_011521580.1	0	N/A	29.297	256	86	1.15e-23	102	terminal nucleotidyltransferase 4B isoform X5 [Homo sapiens]	TRUE	TENT4B
XP_002899510.1	NP_001035374.2	0	N/A	29.297	256	86	1.52e-23	102	terminal nucleotidyltransferase 4B isoform a [Homo sapiens]	TRUE	TENT4B
XP_002899510.1	XP_011521577.1	0	N/A	29.297	256	86	1.53e-23	102	terminal nucleotidyltransferase 4B isoform X1 [Homo sapiens]	TRUE	TENT4B
XP_002899510.1	NP_001035375.2	0	N/A	29.297	256	86	1.79e-23	102	terminal nucleotidyltransferase 4B isoform b [Homo sapiens]	TRUE	TENT4B
XP_002899510.1	XP_011521578.1	0	N/A	29.297	256	86	1.8e-23	102	terminal nucleotidyltransferase 4B isoform X2 [Homo sapiens]	TRUE	TENT4B
XP_002899510.1	XP_047272624.1	0	N/A	27.668	253	85	2.14e-18	87	terminal nucleotidyltransferase 4A isoform X3 [Homo sapiens]	TRUE	TENT4A
XP_002899510.1	XP_047272623.1	0	N/A	27.668	253	85	2.15e-18	87	terminal nucleotidyltransferase 4A isoform X2 [Homo sapiens]	TRUE	TENT4A
XP_002899510.1	XP_016864477.1	0	N/A	27.668	253	85	2.15e-18	87	terminal nucleotidyltransferase 4A isoform X2 [Homo sapiens]	TRUE	TENT4A
XP_002899510.1	XP_047272622.1	0	N/A	27.668	253	85	2.58e-18	86.7	terminal nucleotidyltransferase 4A isoform X1 [Homo sapiens]	TRUE	TENT4A
XP_002899510.1	XP_047272621.1	0	N/A	27.668	253	85	2.58e-18	86.7	terminal nucleotidyltransferase 4A isoform X1 [Homo sapiens]	TRUE	TENT4A
XP_002899510.1	XP_047272620.1	0	N/A	27.668	253	85	2.58e-18	86.7	terminal nucleotidyltransferase 4A isoform X1 [Homo sapiens]	TRUE	TENT4A
XP_002899510.1	NP_008930.2	0	N/A	26.877	253	85	4.76e-18	86.3	terminal nucleotidyltransferase 4A isoform 1 [Homo sapiens]	TRUE	TENT4A
XP_002899510.1	NP_001165276.2	0	N/A	26.877	253	85	5.23e-18	85.9	terminal nucleotidyltransferase 4A isoform 2 [Homo sapiens]	TRUE	TENT4A
XP_002899510.1	XP_047272344.1	0	N/A	26.282	156	53	0.011	40	terminal uridylyltransferase 4 isoform X30 [Homo sapiens]	TRUE	Tut4
XP_002899510.1	XP_016856295.1	0	N/A	26.282	156	53	0.011	39.7	terminal uridylyltransferase 4 isoform X25 [Homo sapiens]	TRUE	Tut4
XP_002899510.1	XP_047272325.1	0	N/A	26.282	156	53	0.011	39.7	terminal uridylyltransferase 4 isoform X23 [Homo sapiens]	TRUE	Tut4
XP_002899510.1	XP_047272337.1	0	N/A	26.282	156	53	0.012	39.7	terminal uridylyltransferase 4 isoform X27 [Homo sapiens]	TRUE	Tut4
XP_002899510.1	XP_047272350.1	0	N/A	26.282	156	53	0.012	39.7	terminal uridylyltransferase 4 isoform X34 [Homo sapiens]	TRUE	Tut4
XP_002899510.1	XP_016856296.1	0	N/A	26.282	156	53	0.012	39.7	terminal uridylyltransferase 4 isoform X28 [Homo sapiens]	TRUE	Tut4
XP_002899510.1	XP_047272296.1	0	N/A	26.282	156	53	0.012	39.7	terminal uridylyltransferase 4 isoform X13 [Homo sapiens]	TRUE	Tut4
XP_002899510.1	XP_047272348.1	0	N/A	26.282	156	53	0.013	39.7	terminal uridylyltransferase 4 isoform X32 [Homo sapiens]	TRUE	Tut4
XP_002899510.1	XP_047272362.1	0	N/A	26.282	156	53	0.013	39.7	terminal uridylyltransferase 4 isoform X37 [Homo sapiens]	TRUE	Tut4
XP_002899510.1	XP_047272367.1	0	N/A	26.282	156	53	0.013	39.7	terminal uridylyltransferase 4 isoform X39 [Homo sapiens]	TRUE	Tut4
XP_002899510.1	XP_047272295.1	0	N/A	26.282	156	53	0.013	39.7	terminal uridylyltransferase 4 isoform X12 [Homo sapiens]	TRUE	Tut4
XP_002899510.1	XP_047272281.1	0	N/A	26.282	156	53	0.013	39.7	terminal uridylyltransferase 4 isoform X4 [Homo sapiens]	TRUE	Tut4
XP_002899510.1	NP_001009881.1	0	N/A	26.282	156	53	0.013	39.7	terminal uridylyltransferase 4 isoform a [Homo sapiens]	TRUE	Tut4
XP_002899510.1	XP_047272354.1	0	N/A	26.282	156	53	0.013	39.7	terminal uridylyltransferase 4 isoform X35 [Homo sapiens]	TRUE	Tut4
XP_002899510.1	XP_047272282.1	0	N/A	26.282	156	53	0.014	39.7	terminal uridylyltransferase 4 isoform X5 [Homo sapiens]	TRUE	Tut4
XP_002899510.1	NP_056084.1	0	N/A	26.282	156	53	0.014	39.7	terminal uridylyltransferase 4 isoform b [Homo sapiens]	TRUE	Tut4
XP_002899510.1	XP_047272290.1	0	N/A	26.282	156	53	0.014	39.7	terminal uridylyltransferase 4 isoform X11 [Homo sapiens]	TRUE	Tut4
XP_002899510.1	XP_047272305.1	0	N/A	26.282	156	53	0.014	39.7	terminal uridylyltransferase 4 isoform X17 [Homo sapiens]	TRUE	Tut4
XP_002899510.1	XP_047272303.1	0	N/A	26.282	156	53	0.015	39.3	terminal uridylyltransferase 4 isoform X15 [Homo sapiens]	TRUE	Tut4
XP_002899510.1	XP_005270738.1	0	N/A	26.282	156	53	0.015	39.3	terminal uridylyltransferase 4 isoform X14 [Homo sapiens]	TRUE	Tut4
XP_002899510.1	NP_001375065.1	0	N/A	25.137	183	55	0.015	38.9	poly(A) RNA polymerase GLD2 isoform 14 [Homo sapiens]	TRUE	TENT2
XP_002899510.1	XP_047272286.1	0	N/A	26.282	156	53	0.015	39.3	terminal uridylyltransferase 4 isoform X8 [Homo sapiens]	TRUE	Tut4
XP_002899510.1	XP_047272283.1	0	N/A	26.282	156	53	0.015	39.3	terminal uridylyltransferase 4 isoform X6 [Homo sapiens]	TRUE	Tut4
XP_002899510.1	XP_005270737.1	0	N/A	26.282	156	53	0.015	39.3	terminal uridylyltransferase 4 isoform X6 [Homo sapiens]	TRUE	Tut4
XP_002899510.1	XP_005270735.1	0	N/A	26.282	156	53	0.015	39.3	terminal uridylyltransferase 4 isoform X2 [Homo sapiens]	TRUE	Tut4
XP_002899510.1	XP_011539399.1	0	N/A	26.282	156	53	0.015	39.3	terminal uridylyltransferase 4 isoform X1 [Homo sapiens]	TRUE	Tut4
XP_002899510.1	XP_005270733.1	0	N/A	26.282	156	53	0.015	39.3	terminal uridylyltransferase 4 isoform X1 [Homo sapiens]	TRUE	Tut4
XP_002899510.1	XP_047272307.1	0	N/A	26.282	156	53	0.016	39.3	terminal uridylyltransferase 4 isoform X19 [Homo sapiens]	TRUE	Tut4
XP_002899510.1	XP_047272306.1	0	N/A	26.282	156	53	0.016	39.3	terminal uridylyltransferase 4 isoform X18 [Homo sapiens]	TRUE	Tut4
XP_002899510.1	XP_047272280.1	0	N/A	26.282	156	53	0.016	39.3	terminal uridylyltransferase 4 isoform X3 [Homo sapiens]	TRUE	Tut4
XP_002899510.1	XP_005270736.1	0	N/A	26.282	156	53	0.016	39.3	terminal uridylyltransferase 4 isoform X3 [Homo sapiens]	TRUE	Tut4
XP_002899510.1	NP_001375059.1	0	N/A	25.137	183	55	0.017	38.9	poly(A) RNA polymerase GLD2 isoform 10 [Homo sapiens]	TRUE	TENT2
XP_002899510.1	XP_047272811.1	0	N/A	25.137	183	55	0.017	38.9	poly(A) RNA polymerase GLD2 isoform X4 [Homo sapiens]	TRUE	TENT2
XP_002899510.1	XP_047272810.1	0	N/A	25.137	183	55	0.017	38.9	poly(A) RNA polymerase GLD2 isoform X4 [Homo sapiens]	TRUE	TENT2
XP_002899510.1	XP_047272809.1	0	N/A	25.137	183	55	0.017	38.9	poly(A) RNA polymerase GLD2 isoform X4 [Homo sapiens]	TRUE	TENT2
XP_002899510.1	NP_001375058.1	0	N/A	25.137	183	55	0.017	38.9	poly(A) RNA polymerase GLD2 isoform 2 [Homo sapiens]	TRUE	TENT2
XP_002899510.1	NP_001375057.1	0	N/A	25.137	183	55	0.017	38.9	poly(A) RNA polymerase GLD2 isoform 2 [Homo sapiens]	TRUE	TENT2
XP_002899510.1	NP_001375056.1	0	N/A	25.137	183	55	0.017	38.9	poly(A) RNA polymerase GLD2 isoform 2 [Homo sapiens]	TRUE	TENT2
XP_002899510.1	NP_001375055.1	0	N/A	25.137	183	55	0.017	38.9	poly(A) RNA polymerase GLD2 isoform 2 [Homo sapiens]	TRUE	TENT2
XP_002899510.1	NP_001375054.1	0	N/A	25.137	183	55	0.017	38.9	poly(A) RNA polymerase GLD2 isoform 2 [Homo sapiens]	TRUE	TENT2
XP_002899510.1	NP_001375053.1	0	N/A	25.137	183	55	0.017	38.9	poly(A) RNA polymerase GLD2 isoform 2 [Homo sapiens]	TRUE	TENT2
XP_002899510.1	NP_001375052.1	0	N/A	25.137	183	55	0.017	38.9	poly(A) RNA polymerase GLD2 isoform 2 [Homo sapiens]	TRUE	TENT2
XP_002899510.1	NP_001375051.1	0	N/A	25.137	183	55	0.017	38.9	poly(A) RNA polymerase GLD2 isoform 2 [Homo sapiens]	TRUE	TENT2
XP_002899510.1	NP_001375050.1	0	N/A	25.137	183	55	0.017	38.9	poly(A) RNA polymerase GLD2 isoform 2 [Homo sapiens]	TRUE	TENT2
XP_002899510.1	NP_001375049.1	0	N/A	25.137	183	55	0.017	38.9	poly(A) RNA polymerase GLD2 isoform 2 [Homo sapiens]	TRUE	TENT2
XP_002899510.1	NP_001375048.1	0	N/A	25.137	183	55	0.017	38.9	poly(A) RNA polymerase GLD2 isoform 2 [Homo sapiens]	TRUE	TENT2
XP_002899510.1	NP_001375047.1	0	N/A	25.137	183	55	0.017	38.9	poly(A) RNA polymerase GLD2 isoform 2 [Homo sapiens]	TRUE	TENT2
XP_002899510.1	NP_001375046.1	0	N/A	25.137	183	55	0.017	38.9	poly(A) RNA polymerase GLD2 isoform 2 [Homo sapiens]	TRUE	TENT2
XP_002899510.1	NP_001375045.1	0	N/A	25.137	183	55	0.017	38.9	poly(A) RNA polymerase GLD2 isoform 2 [Homo sapiens]	TRUE	TENT2
XP_002899510.1	NP_001375044.1	0	N/A	25.137	183	55	0.017	38.9	poly(A) RNA polymerase GLD2 isoform 2 [Homo sapiens]	TRUE	TENT2
XP_002899510.1	NP_001375043.1	0	N/A	25.137	183	55	0.017	38.9	poly(A) RNA polymerase GLD2 isoform 2 [Homo sapiens]	TRUE	TENT2
XP_002899510.1	NP_001336483.1	0	N/A	25.137	183	55	0.017	38.9	poly(A) RNA polymerase GLD2 isoform 2 [Homo sapiens]	TRUE	TENT2
XP_002899510.1	NP_001284673.1	0	N/A	25.137	183	55	0.017	38.9	poly(A) RNA polymerase GLD2 isoform 2 [Homo sapiens]	TRUE	TENT2
XP_002899510.1	XP_016856294.1	0	N/A	26.282	156	53	0.018	39.3	terminal uridylyltransferase 4 isoform X20 [Homo sapiens]	TRUE	Tut4
XP_002899510.1	NP_001375061.1	0	N/A	23.108	251	73	0.018	38.9	poly(A) RNA polymerase GLD2 isoform 12 [Homo sapiens]	TRUE	TENT2
XP_002899510.1	NP_001336477.1	0	N/A	30.769	91	34	0.026	38.1	poly(A) RNA polymerase GLD2 isoform 4 [Homo sapiens]	TRUE	TENT2
XP_002899510.1	XP_047272820.1	0	N/A	25.904	166	54	0.029	37.7	poly(A) RNA polymerase GLD2 isoform X11 [Homo sapiens]	TRUE	TENT2
XP_002899510.1	NP_001375027.1	0	N/A	25.904	166	54	0.048	37.7	poly(A) RNA polymerase GLD2 isoform 7 [Homo sapiens]	TRUE	TENT2
XP_002899510.1	XP_047272805.1	0	N/A	25.904	166	54	0.048	37.7	poly(A) RNA polymerase GLD2 isoform X2 [Homo sapiens]	TRUE	TENT2
XP_002899510.1	XP_047272804.1	0	N/A	25.904	166	54	0.048	37.7	poly(A) RNA polymerase GLD2 isoform X2 [Homo sapiens]	TRUE	TENT2
XP_002899510.1	XP_047272803.1	0	N/A	25.904	166	54	0.048	37.7	poly(A) RNA polymerase GLD2 isoform X2 [Homo sapiens]	TRUE	TENT2
XP_002899510.1	XP_047272802.1	0	N/A	25.904	166	54	0.048	37.7	poly(A) RNA polymerase GLD2 isoform X2 [Homo sapiens]	TRUE	TENT2
XP_002899510.1	XP_016864641.1	0	N/A	25.904	166	54	0.048	37.7	poly(A) RNA polymerase GLD2 isoform X2 [Homo sapiens]	TRUE	TENT2
XP_002899510.1	NP_001375026.1	0	N/A	25.904	166	54	0.048	37.7	poly(A) RNA polymerase GLD2 isoform 6 [Homo sapiens]	TRUE	TENT2
XP_002899510.1	NP_001375025.1	0	N/A	25.904	166	54	0.048	37.7	poly(A) RNA polymerase GLD2 isoform 6 [Homo sapiens]	TRUE	TENT2
XP_002899510.1	NP_001375024.1	0	N/A	25.904	166	54	0.048	37.7	poly(A) RNA polymerase GLD2 isoform 6 [Homo sapiens]	TRUE	TENT2
XP_002899510.1	NP_001336480.1	0	N/A	25.904	166	54	0.048	37.7	poly(A) RNA polymerase GLD2 isoform 6 [Homo sapiens]	TRUE	TENT2
XP_002899510.1	NP_001375029.1	0	N/A	31.959	97	36	0.05	37.4	poly(A) RNA polymerase GLD2 isoform 8 [Homo sapiens]	TRUE	TENT2
XP_002899510.1	NP_001375028.1	0	N/A	31.959	97	36	0.05	37.4	poly(A) RNA polymerase GLD2 isoform 8 [Homo sapiens]	TRUE	TENT2
XP_002899510.1	NP_001375060.1	0	N/A	30.208	96	36	0.051	37.4	poly(A) RNA polymerase GLD2 isoform 11 [Homo sapiens]	TRUE	TENT2
XP_002899510.1	NP_001375042.1	0	N/A	30.208	96	36	0.052	37.4	poly(A) RNA polymerase GLD2 isoform 16 [Homo sapiens]	TRUE	TENT2
XP_002899510.1	XP_047272801.1	0	N/A	25.904	166	54	0.053	37.4	poly(A) RNA polymerase GLD2 isoform X1 [Homo sapiens]	TRUE	TENT2
XP_002899510.1	XP_047272800.1	0	N/A	25.904	166	54	0.053	37.4	poly(A) RNA polymerase GLD2 isoform X1 [Homo sapiens]	TRUE	TENT2
XP_002899510.1	XP_011541527.1	0	N/A	25.904	166	54	0.053	37.4	poly(A) RNA polymerase GLD2 isoform X1 [Homo sapiens]	TRUE	TENT2
XP_002899510.1	XP_011541526.1	0	N/A	25.904	166	54	0.053	37.4	poly(A) RNA polymerase GLD2 isoform X1 [Homo sapiens]	TRUE	TENT2
XP_002899510.1	XP_011541523.1	0	N/A	25.904	166	54	0.053	37.4	poly(A) RNA polymerase GLD2 isoform X1 [Homo sapiens]	TRUE	TENT2
XP_002899510.1	XP_011541522.1	0	N/A	25.904	166	54	0.053	37.4	poly(A) RNA polymerase GLD2 isoform X1 [Homo sapiens]	TRUE	TENT2
XP_002899510.1	NP_001375023.1	0	N/A	25.904	166	54	0.053	37.4	poly(A) RNA polymerase GLD2 isoform 5 [Homo sapiens]	TRUE	TENT2
XP_002899510.1	NP_001375022.1	0	N/A	25.904	166	54	0.053	37.4	poly(A) RNA polymerase GLD2 isoform 5 [Homo sapiens]	TRUE	TENT2
XP_002899510.1	NP_001336479.1	0	N/A	25.904	166	54	0.053	37.4	poly(A) RNA polymerase GLD2 isoform 5 [Homo sapiens]	TRUE	TENT2
XP_002899510.1	NP_001336478.1	0	N/A	25.904	166	54	0.053	37.4	poly(A) RNA polymerase GLD2 isoform 5 [Homo sapiens]	TRUE	TENT2
XP_002899510.1	XP_047272808.1	0	N/A	30.208	96	36	0.053	37.4	poly(A) RNA polymerase GLD2 isoform X3 [Homo sapiens]	TRUE	TENT2
XP_002901367.1	NP_001317647.1	0	N/A	33.779	299	30	1.43e-41	167	terminal uridylyltransferase 7 isoform 3 [Homo sapiens]	TRUE	Tut7
XP_002901367.1	XP_005252265.1	0	N/A	33.779	299	30	3.42e-41	167	terminal uridylyltransferase 7 isoform X7 [Homo sapiens]	TRUE	Tut7
XP_002901367.1	XP_047279825.1	0	N/A	33.779	299	30	4.13e-41	167	terminal uridylyltransferase 7 isoform X6 [Homo sapiens]	TRUE	Tut7
XP_002901367.1	XP_047279824.1	0	N/A	33.779	299	30	4.13e-41	167	terminal uridylyltransferase 7 isoform X6 [Homo sapiens]	TRUE	Tut7
XP_002901367.1	XP_005252264.1	0	N/A	33.779	299	30	4.13e-41	167	terminal uridylyltransferase 7 isoform X6 [Homo sapiens]	TRUE	Tut7
XP_002901367.1	XP_047279823.1	0	N/A	33.779	299	30	4.32e-41	167	terminal uridylyltransferase 7 isoform X2 [Homo sapiens]	TRUE	Tut7
XP_002901367.1	XP_006717346.1	0	N/A	33.779	299	30	4.32e-41	167	terminal uridylyltransferase 7 isoform X2 [Homo sapiens]	TRUE	Tut7
XP_002901367.1	XP_016870620.1	0	N/A	33.779	299	30	4.62e-41	167	terminal uridylyltransferase 7 isoform X4 [Homo sapiens]	TRUE	Tut7
XP_002901367.1	XP_016870619.1	0	N/A	33.779	299	30	4.62e-41	167	terminal uridylyltransferase 7 isoform X4 [Homo sapiens]	TRUE	Tut7
XP_002901367.1	NP_078893.2	0	N/A	33.779	299	30	4.62e-41	167	terminal uridylyltransferase 7 isoform 1 [Homo sapiens]	TRUE	Tut7
XP_002901367.1	NP_001171988.1	0	N/A	33.779	299	30	4.62e-41	167	terminal uridylyltransferase 7 isoform 1 [Homo sapiens]	TRUE	Tut7
XP_002901367.1	XP_011517316.1	0	N/A	33.779	299	30	4.77e-41	167	terminal uridylyltransferase 7 isoform X1 [Homo sapiens]	TRUE	Tut7
XP_002901367.1	XP_011517315.1	0	N/A	33.779	299	30	4.77e-41	167	terminal uridylyltransferase 7 isoform X1 [Homo sapiens]	TRUE	Tut7
XP_002901367.1	XP_011517314.1	0	N/A	33.779	299	30	4.77e-41	167	terminal uridylyltransferase 7 isoform X1 [Homo sapiens]	TRUE	Tut7
XP_002901367.1	XP_011517313.1	0	N/A	33.779	299	30	4.77e-41	167	terminal uridylyltransferase 7 isoform X1 [Homo sapiens]	TRUE	Tut7
XP_002901367.1	XP_011517318.1	0	N/A	33.779	299	30	4.77e-41	167	terminal uridylyltransferase 7 isoform X5 [Homo sapiens]	TRUE	Tut7
XP_002901367.1	XP_011517317.1	0	N/A	33.779	299	30	4.77e-41	167	terminal uridylyltransferase 7 isoform X3 [Homo sapiens]	TRUE	Tut7
XP_002901367.1	XP_047272384.1	0	N/A	30.982	326	33	1.47e-38	158	terminal uridylyltransferase 4 isoform X46 [Homo sapiens]	TRUE	Tut4
XP_002901367.1	XP_047272285.1	0	N/A	30.982	326	33	4.88e-38	157	terminal uridylyltransferase 4 isoform X7 [Homo sapiens]	TRUE	Tut4
XP_002901367.1	XP_016856292.1	0	N/A	30.982	326	33	5.13e-38	157	terminal uridylyltransferase 4 isoform X9 [Homo sapiens]	TRUE	Tut4
XP_002901367.1	XP_011539399.1	0	N/A	30.982	326	33	5.34e-38	157	terminal uridylyltransferase 4 isoform X1 [Homo sapiens]	TRUE	Tut4
XP_002901367.1	XP_005270733.1	0	N/A	30.982	326	33	5.34e-38	157	terminal uridylyltransferase 4 isoform X1 [Homo sapiens]	TRUE	Tut4
XP_002901367.1	XP_047272280.1	0	N/A	30.982	326	33	5.37e-38	157	terminal uridylyltransferase 4 isoform X3 [Homo sapiens]	TRUE	Tut4
XP_002901367.1	XP_005270736.1	0	N/A	30.982	326	33	5.37e-38	157	terminal uridylyltransferase 4 isoform X3 [Homo sapiens]	TRUE	Tut4
XP_002901367.1	XP_005270735.1	0	N/A	30.982	326	33	5.43e-38	157	terminal uridylyltransferase 4 isoform X2 [Homo sapiens]	TRUE	Tut4
XP_002901367.1	XP_047272286.1	0	N/A	31.646	316	31	5.46e-38	157	terminal uridylyltransferase 4 isoform X8 [Homo sapiens]	TRUE	Tut4
XP_002901367.1	XP_047272290.1	0	N/A	31.646	316	31	5.59e-38	157	terminal uridylyltransferase 4 isoform X11 [Homo sapiens]	TRUE	Tut4
XP_002901367.1	XP_047272288.1	0	N/A	30.982	326	33	5.78e-38	157	terminal uridylyltransferase 4 isoform X10 [Homo sapiens]	TRUE	Tut4
XP_002901367.1	XP_011539401.1	0	N/A	30.982	326	33	5.81e-38	157	terminal uridylyltransferase 4 isoform X29 [Homo sapiens]	TRUE	Tut4
XP_002901367.1	XP_047272344.1	0	N/A	31.646	316	31	5.96e-38	157	terminal uridylyltransferase 4 isoform X30 [Homo sapiens]	TRUE	Tut4
XP_002901367.1	XP_005270739.1	0	N/A	30.982	326	33	6.08e-38	157	terminal uridylyltransferase 4 isoform X33 [Homo sapiens]	TRUE	Tut4
XP_002901367.1	XP_016856293.1	0	N/A	30.982	326	33	6.13e-38	157	terminal uridylyltransferase 4 isoform X16 [Homo sapiens]	TRUE	Tut4
XP_002901367.1	XP_047272345.1	0	N/A	30.982	326	33	6.26e-38	157	terminal uridylyltransferase 4 isoform X31 [Homo sapiens]	TRUE	Tut4
XP_002901367.1	XP_047272372.1	0	N/A	31.646	316	31	6.39e-38	157	terminal uridylyltransferase 4 isoform X42 [Homo sapiens]	TRUE	Tut4
XP_002901367.1	XP_047272325.1	0	N/A	30.982	326	33	6.41e-38	157	terminal uridylyltransferase 4 isoform X23 [Homo sapiens]	TRUE	Tut4
XP_002901367.1	XP_047272282.1	0	N/A	30.982	326	33	6.43e-38	157	terminal uridylyltransferase 4 isoform X5 [Homo sapiens]	TRUE	Tut4
XP_002901367.1	NP_056084.1	0	N/A	30.982	326	33	6.43e-38	157	terminal uridylyltransferase 4 isoform b [Homo sapiens]	TRUE	Tut4
XP_002901367.1	XP_016856297.1	0	N/A	30.982	326	33	6.72e-38	157	terminal uridylyltransferase 4 isoform X36 [Homo sapiens]	TRUE	Tut4
XP_002901367.1	XP_047272281.1	0	N/A	30.982	326	33	6.83e-38	157	terminal uridylyltransferase 4 isoform X4 [Homo sapiens]	TRUE	Tut4
XP_002901367.1	NP_001009881.1	0	N/A	30.982	326	33	6.83e-38	157	terminal uridylyltransferase 4 isoform a [Homo sapiens]	TRUE	Tut4
XP_002901367.1	XP_016856299.1	0	N/A	30.982	326	33	7e-38	157	terminal uridylyltransferase 4 isoform X40 [Homo sapiens]	TRUE	Tut4
XP_002901367.1	XP_047272296.1	0	N/A	31.646	316	31	7.04e-38	157	terminal uridylyltransferase 4 isoform X13 [Homo sapiens]	TRUE	Tut4
XP_002901367.1	XP_016856295.1	0	N/A	30.982	326	33	7.1e-38	157	terminal uridylyltransferase 4 isoform X25 [Homo sapiens]	TRUE	Tut4
XP_002901367.1	XP_047272295.1	0	N/A	31.646	316	31	7.23e-38	157	terminal uridylyltransferase 4 isoform X12 [Homo sapiens]	TRUE	Tut4
XP_002901367.1	XP_047272365.1	0	N/A	30.982	326	33	7.45e-38	157	terminal uridylyltransferase 4 isoform X38 [Homo sapiens]	TRUE	Tut4
XP_002901367.1	XP_047272283.1	0	N/A	30.982	326	33	7.49e-38	157	terminal uridylyltransferase 4 isoform X6 [Homo sapiens]	TRUE	Tut4
XP_002901367.1	XP_005270737.1	0	N/A	30.982	326	33	7.49e-38	157	terminal uridylyltransferase 4 isoform X6 [Homo sapiens]	TRUE	Tut4
XP_002901367.1	XP_016856296.1	0	N/A	30.982	326	33	7.91e-38	157	terminal uridylyltransferase 4 isoform X28 [Homo sapiens]	TRUE	Tut4
XP_002901367.1	XP_047272337.1	0	N/A	30.982	326	33	8.27e-38	157	terminal uridylyltransferase 4 isoform X27 [Homo sapiens]	TRUE	Tut4
XP_002901367.1	XP_047272305.1	0	N/A	31.646	316	31	8.34e-38	157	terminal uridylyltransferase 4 isoform X17 [Homo sapiens]	TRUE	Tut4
XP_002901367.1	XP_047272350.1	0	N/A	31.646	316	31	9.03e-38	156	terminal uridylyltransferase 4 isoform X34 [Homo sapiens]	TRUE	Tut4
XP_002901367.1	NP_001172003.1	0	N/A	34.599	237	24	7.5e-34	144	terminal uridylyltransferase 7 isoform 2 [Homo sapiens]	TRUE	Tut7
XP_002901367.1	NP_001375030.1	0	N/A	31.613	310	30	1.92e-31	132	poly(A) RNA polymerase GLD2 isoform 9 [Homo sapiens]	TRUE	TENT2
XP_002901367.1	NP_001375061.1	0	N/A	31.788	302	30	3.86e-31	130	poly(A) RNA polymerase GLD2 isoform 12 [Homo sapiens]	TRUE	TENT2
XP_002901367.1	NP_001375059.1	0	N/A	31.788	302	30	4.81e-31	130	poly(A) RNA polymerase GLD2 isoform 10 [Homo sapiens]	TRUE	TENT2
XP_002901367.1	NP_001375065.1	0	N/A	31.457	302	30	5.06e-31	128	poly(A) RNA polymerase GLD2 isoform 14 [Homo sapiens]	TRUE	TENT2
XP_002901367.1	XP_047272811.1	0	N/A	31.788	302	30	5.54e-31	130	poly(A) RNA polymerase GLD2 isoform X4 [Homo sapiens]	TRUE	TENT2
XP_002901367.1	XP_047272810.1	0	N/A	31.788	302	30	5.54e-31	130	poly(A) RNA polymerase GLD2 isoform X4 [Homo sapiens]	TRUE	TENT2
XP_002901367.1	XP_047272809.1	0	N/A	31.788	302	30	5.54e-31	130	poly(A) RNA polymerase GLD2 isoform X4 [Homo sapiens]	TRUE	TENT2
XP_002901367.1	NP_001375058.1	0	N/A	31.788	302	30	5.54e-31	130	poly(A) RNA polymerase GLD2 isoform 2 [Homo sapiens]	TRUE	TENT2
XP_002901367.1	NP_001375057.1	0	N/A	31.788	302	30	5.54e-31	130	poly(A) RNA polymerase GLD2 isoform 2 [Homo sapiens]	TRUE	TENT2
XP_002901367.1	NP_001375056.1	0	N/A	31.788	302	30	5.54e-31	130	poly(A) RNA polymerase GLD2 isoform 2 [Homo sapiens]	TRUE	TENT2
XP_002901367.1	NP_001375055.1	0	N/A	31.788	302	30	5.54e-31	130	poly(A) RNA polymerase GLD2 isoform 2 [Homo sapiens]	TRUE	TENT2
XP_002901367.1	NP_001375054.1	0	N/A	31.788	302	30	5.54e-31	130	poly(A) RNA polymerase GLD2 isoform 2 [Homo sapiens]	TRUE	TENT2
XP_002901367.1	NP_001375053.1	0	N/A	31.788	302	30	5.54e-31	130	poly(A) RNA polymerase GLD2 isoform 2 [Homo sapiens]	TRUE	TENT2
XP_002901367.1	NP_001375052.1	0	N/A	31.788	302	30	5.54e-31	130	poly(A) RNA polymerase GLD2 isoform 2 [Homo sapiens]	TRUE	TENT2
XP_002901367.1	NP_001375051.1	0	N/A	31.788	302	30	5.54e-31	130	poly(A) RNA polymerase GLD2 isoform 2 [Homo sapiens]	TRUE	TENT2
XP_002901367.1	NP_001375050.1	0	N/A	31.788	302	30	5.54e-31	130	poly(A) RNA polymerase GLD2 isoform 2 [Homo sapiens]	TRUE	TENT2
XP_002901367.1	NP_001375049.1	0	N/A	31.788	302	30	5.54e-31	130	poly(A) RNA polymerase GLD2 isoform 2 [Homo sapiens]	TRUE	TENT2
XP_002901367.1	NP_001375048.1	0	N/A	31.788	302	30	5.54e-31	130	poly(A) RNA polymerase GLD2 isoform 2 [Homo sapiens]	TRUE	TENT2
XP_002901367.1	NP_001375047.1	0	N/A	31.788	302	30	5.54e-31	130	poly(A) RNA polymerase GLD2 isoform 2 [Homo sapiens]	TRUE	TENT2
XP_002901367.1	NP_001375046.1	0	N/A	31.788	302	30	5.54e-31	130	poly(A) RNA polymerase GLD2 isoform 2 [Homo sapiens]	TRUE	TENT2
XP_002901367.1	NP_001375045.1	0	N/A	31.788	302	30	5.54e-31	130	poly(A) RNA polymerase GLD2 isoform 2 [Homo sapiens]	TRUE	TENT2
XP_002901367.1	NP_001375044.1	0	N/A	31.788	302	30	5.54e-31	130	poly(A) RNA polymerase GLD2 isoform 2 [Homo sapiens]	TRUE	TENT2
XP_002901367.1	NP_001375043.1	0	N/A	31.788	302	30	5.54e-31	130	poly(A) RNA polymerase GLD2 isoform 2 [Homo sapiens]	TRUE	TENT2
XP_002901367.1	NP_001336483.1	0	N/A	31.788	302	30	5.54e-31	130	poly(A) RNA polymerase GLD2 isoform 2 [Homo sapiens]	TRUE	TENT2
XP_002901367.1	NP_001284673.1	0	N/A	31.788	302	30	5.54e-31	130	poly(A) RNA polymerase GLD2 isoform 2 [Homo sapiens]	TRUE	TENT2
XP_002901367.1	NP_001375029.1	0	N/A	31.677	322	30	1.36e-30	129	poly(A) RNA polymerase GLD2 isoform 8 [Homo sapiens]	TRUE	TENT2
XP_002901367.1	NP_001375028.1	0	N/A	31.677	322	30	1.36e-30	129	poly(A) RNA polymerase GLD2 isoform 8 [Homo sapiens]	TRUE	TENT2
XP_002901367.1	NP_001375027.1	0	N/A	30.462	325	30	1.74e-30	129	poly(A) RNA polymerase GLD2 isoform 7 [Homo sapiens]	TRUE	TENT2
XP_002901367.1	XP_047272805.1	0	N/A	30.462	325	30	2.07e-30	129	poly(A) RNA polymerase GLD2 isoform X2 [Homo sapiens]	TRUE	TENT2
XP_002901367.1	XP_047272804.1	0	N/A	30.462	325	30	2.07e-30	129	poly(A) RNA polymerase GLD2 isoform X2 [Homo sapiens]	TRUE	TENT2
XP_002901367.1	XP_047272803.1	0	N/A	30.462	325	30	2.07e-30	129	poly(A) RNA polymerase GLD2 isoform X2 [Homo sapiens]	TRUE	TENT2
XP_002901367.1	XP_047272802.1	0	N/A	30.462	325	30	2.07e-30	129	poly(A) RNA polymerase GLD2 isoform X2 [Homo sapiens]	TRUE	TENT2
XP_002901367.1	XP_016864641.1	0	N/A	30.462	325	30	2.07e-30	129	poly(A) RNA polymerase GLD2 isoform X2 [Homo sapiens]	TRUE	TENT2
XP_002901367.1	NP_001375026.1	0	N/A	30.462	325	30	2.07e-30	129	poly(A) RNA polymerase GLD2 isoform 6 [Homo sapiens]	TRUE	TENT2
XP_002901367.1	NP_001375025.1	0	N/A	30.462	325	30	2.07e-30	129	poly(A) RNA polymerase GLD2 isoform 6 [Homo sapiens]	TRUE	TENT2
XP_002901367.1	NP_001375024.1	0	N/A	30.462	325	30	2.07e-30	129	poly(A) RNA polymerase GLD2 isoform 6 [Homo sapiens]	TRUE	TENT2
XP_002901367.1	NP_001336480.1	0	N/A	30.462	325	30	2.07e-30	129	poly(A) RNA polymerase GLD2 isoform 6 [Homo sapiens]	TRUE	TENT2
XP_002901367.1	NP_001375060.1	0	N/A	31.847	314	30	3.1e-30	127	poly(A) RNA polymerase GLD2 isoform 11 [Homo sapiens]	TRUE	TENT2
XP_002901367.1	XP_047272808.1	0	N/A	31.847	314	30	3.61e-30	128	poly(A) RNA polymerase GLD2 isoform X3 [Homo sapiens]	TRUE	TENT2
XP_002901367.1	XP_047272807.1	0	N/A	31.847	314	30	3.61e-30	128	poly(A) RNA polymerase GLD2 isoform X3 [Homo sapiens]	TRUE	TENT2
XP_002901367.1	XP_047272806.1	0	N/A	31.847	314	30	3.61e-30	128	poly(A) RNA polymerase GLD2 isoform X3 [Homo sapiens]	TRUE	TENT2
XP_002901367.1	NP_776158.2	0	N/A	31.847	314	30	3.61e-30	128	poly(A) RNA polymerase GLD2 isoform 1 [Homo sapiens]	TRUE	TENT2
XP_002901367.1	NP_001375041.1	0	N/A	31.847	314	30	3.61e-30	128	poly(A) RNA polymerase GLD2 isoform 1 [Homo sapiens]	TRUE	TENT2
XP_002901367.1	NP_001375040.1	0	N/A	31.847	314	30	3.61e-30	128	poly(A) RNA polymerase GLD2 isoform 1 [Homo sapiens]	TRUE	TENT2
XP_002901367.1	NP_001375039.1	0	N/A	31.847	314	30	3.61e-30	128	poly(A) RNA polymerase GLD2 isoform 1 [Homo sapiens]	TRUE	TENT2
XP_002901367.1	NP_001375038.1	0	N/A	31.847	314	30	3.61e-30	128	poly(A) RNA polymerase GLD2 isoform 1 [Homo sapiens]	TRUE	TENT2
XP_002901367.1	NP_001375037.1	0	N/A	31.847	314	30	3.61e-30	128	poly(A) RNA polymerase GLD2 isoform 1 [Homo sapiens]	TRUE	TENT2
XP_002901367.1	NP_001375036.1	0	N/A	31.847	314	30	3.61e-30	128	poly(A) RNA polymerase GLD2 isoform 1 [Homo sapiens]	TRUE	TENT2
XP_002904890.1	XP_011521580.1	0	N/A	30.531	226	14	1.17e-21	103	terminal nucleotidyltransferase 4B isoform X5 [Homo sapiens]	TRUE	TENT4B
XP_002904890.1	NP_001352252.1	0	N/A	30.531	226	14	2.02e-21	103	terminal nucleotidyltransferase 4B isoform c [Homo sapiens]	TRUE	TENT4B
XP_002904890.1	XP_047290433.1	0	N/A	30.531	226	14	2.09e-21	102	terminal nucleotidyltransferase 4B isoform X6 [Homo sapiens]	TRUE	TENT4B
XP_002904890.1	NP_001035374.2	0	N/A	30.531	226	14	3.13e-21	103	terminal nucleotidyltransferase 4B isoform a [Homo sapiens]	TRUE	TENT4B
XP_002904890.1	XP_011521577.1	0	N/A	30.531	226	14	3.14e-21	103	terminal nucleotidyltransferase 4B isoform X1 [Homo sapiens]	TRUE	TENT4B
XP_002904890.1	NP_001352253.1	0	N/A	30.531	226	14	3.42e-21	103	terminal nucleotidyltransferase 4B isoform d [Homo sapiens]	TRUE	TENT4B
XP_002904890.1	XP_047290432.1	0	N/A	30.531	226	14	3.66e-21	102	terminal nucleotidyltransferase 4B isoform X4 [Homo sapiens]	TRUE	TENT4B
XP_002904890.1	XP_047290431.1	0	N/A	30.531	226	14	5.29e-21	102	terminal nucleotidyltransferase 4B isoform X3 [Homo sapiens]	TRUE	TENT4B
XP_002904890.1	NP_001035375.2	0	N/A	30.531	226	14	5.6e-21	102	terminal nucleotidyltransferase 4B isoform b [Homo sapiens]	TRUE	TENT4B
XP_002904890.1	XP_011521578.1	0	N/A	30.531	226	14	5.62e-21	102	terminal nucleotidyltransferase 4B isoform X2 [Homo sapiens]	TRUE	TENT4B
XP_002904890.1	XP_047272622.1	0	N/A	29.762	252	15	1.03e-17	91.3	terminal nucleotidyltransferase 4A isoform X1 [Homo sapiens]	TRUE	TENT4A
XP_002904890.1	XP_047272621.1	0	N/A	29.762	252	15	1.03e-17	91.3	terminal nucleotidyltransferase 4A isoform X1 [Homo sapiens]	TRUE	TENT4A
XP_002904890.1	XP_047272620.1	0	N/A	29.762	252	15	1.03e-17	91.3	terminal nucleotidyltransferase 4A isoform X1 [Homo sapiens]	TRUE	TENT4A
XP_002904890.1	XP_047272623.1	0	N/A	29.762	252	15	1.16e-17	91.3	terminal nucleotidyltransferase 4A isoform X2 [Homo sapiens]	TRUE	TENT4A
XP_002904890.1	XP_016864477.1	0	N/A	29.762	252	15	1.16e-17	91.3	terminal nucleotidyltransferase 4A isoform X2 [Homo sapiens]	TRUE	TENT4A
XP_002904890.1	XP_047272624.1	0	N/A	29.762	252	15	1.21e-17	90.9	terminal nucleotidyltransferase 4A isoform X3 [Homo sapiens]	TRUE	TENT4A
XP_002904890.1	NP_008930.2	0	N/A	29.762	252	15	3.61e-17	90.5	terminal nucleotidyltransferase 4A isoform 1 [Homo sapiens]	TRUE	TENT4A
XP_002904890.1	NP_001165276.2	0	N/A	31.081	222	14	3.7e-17	90.5	terminal nucleotidyltransferase 4A isoform 2 [Homo sapiens]	TRUE	TENT4A
XP_002904890.1	XP_047272288.1	0	N/A	25.62	242	13	6.68e-05	50.8	terminal uridylyltransferase 4 isoform X10 [Homo sapiens]	TRUE	Tut4
XP_002904890.1	XP_016856293.1	0	N/A	25.62	242	13	6.73e-05	50.8	terminal uridylyltransferase 4 isoform X16 [Homo sapiens]	TRUE	Tut4
XP_002904890.1	XP_047272283.1	0	N/A	25.62	242	13	7.09e-05	50.4	terminal uridylyltransferase 4 isoform X6 [Homo sapiens]	TRUE	Tut4
XP_002904890.1	XP_005270737.1	0	N/A	25.62	242	13	7.09e-05	50.4	terminal uridylyltransferase 4 isoform X6 [Homo sapiens]	TRUE	Tut4
XP_002904890.1	XP_047272281.1	0	N/A	25.62	242	13	7.16e-05	50.4	terminal uridylyltransferase 4 isoform X4 [Homo sapiens]	TRUE	Tut4
XP_002904890.1	NP_001009881.1	0	N/A	25.62	242	13	7.16e-05	50.4	terminal uridylyltransferase 4 isoform a [Homo sapiens]	TRUE	Tut4
XP_002904890.1	XP_047272282.1	0	N/A	25.62	242	13	7.4e-05	50.4	terminal uridylyltransferase 4 isoform X5 [Homo sapiens]	TRUE	Tut4
XP_002904890.1	NP_056084.1	0	N/A	25.62	242	13	7.4e-05	50.4	terminal uridylyltransferase 4 isoform b [Homo sapiens]	TRUE	Tut4
XP_002904890.1	XP_047272296.1	0	N/A	25.62	242	13	7.45e-05	50.4	terminal uridylyltransferase 4 isoform X13 [Homo sapiens]	TRUE	Tut4
XP_002904890.1	XP_047272365.1	0	N/A	25.62	242	13	7.77e-05	50.4	terminal uridylyltransferase 4 isoform X38 [Homo sapiens]	TRUE	Tut4
XP_002904890.1	XP_047272295.1	0	N/A	25.62	242	13	7.83e-05	50.4	terminal uridylyltransferase 4 isoform X12 [Homo sapiens]	TRUE	Tut4
XP_002904890.1	XP_047272305.1	0	N/A	25.62	242	13	7.9e-05	50.4	terminal uridylyltransferase 4 isoform X17 [Homo sapiens]	TRUE	Tut4
XP_002904890.1	XP_047272285.1	0	N/A	25.62	242	13	7.9e-05	50.4	terminal uridylyltransferase 4 isoform X7 [Homo sapiens]	TRUE	Tut4
XP_002904890.1	XP_016856299.1	0	N/A	25.62	242	13	8.04e-05	50.4	terminal uridylyltransferase 4 isoform X40 [Homo sapiens]	TRUE	Tut4
XP_002904890.1	XP_016856292.1	0	N/A	25.62	242	13	8.1e-05	50.4	terminal uridylyltransferase 4 isoform X9 [Homo sapiens]	TRUE	Tut4
XP_002904890.1	XP_047272372.1	0	N/A	25.62	242	13	8.58e-05	50.4	terminal uridylyltransferase 4 isoform X42 [Homo sapiens]	TRUE	Tut4
XP_002904890.1	XP_011539399.1	0	N/A	25.62	242	13	8.62e-05	50.4	terminal uridylyltransferase 4 isoform X1 [Homo sapiens]	TRUE	Tut4
XP_002904890.1	XP_005270733.1	0	N/A	25.62	242	13	8.62e-05	50.4	terminal uridylyltransferase 4 isoform X1 [Homo sapiens]	TRUE	Tut4
XP_002904890.1	XP_047272280.1	0	N/A	25.62	242	13	8.76e-05	50.4	terminal uridylyltransferase 4 isoform X3 [Homo sapiens]	TRUE	Tut4
XP_002904890.1	XP_005270736.1	0	N/A	25.62	242	13	8.76e-05	50.4	terminal uridylyltransferase 4 isoform X3 [Homo sapiens]	TRUE	Tut4
XP_002904890.1	XP_047272290.1	0	N/A	25.62	242	13	9.43e-05	50.1	terminal uridylyltransferase 4 isoform X11 [Homo sapiens]	TRUE	Tut4
XP_002904890.1	XP_005270735.1	0	N/A	25.62	242	13	9.46e-05	50.1	terminal uridylyltransferase 4 isoform X2 [Homo sapiens]	TRUE	Tut4
XP_002904890.1	XP_016856297.1	0	N/A	25.62	242	13	9.6e-05	50.1	terminal uridylyltransferase 4 isoform X36 [Homo sapiens]	TRUE	Tut4
XP_002904890.1	XP_047272337.1	0	N/A	25.62	242	13	0.000103	50.1	terminal uridylyltransferase 4 isoform X27 [Homo sapiens]	TRUE	Tut4
XP_002904890.1	XP_047272286.1	0	N/A	25.62	242	13	0.000104	50.1	terminal uridylyltransferase 4 isoform X8 [Homo sapiens]	TRUE	Tut4
XP_002904890.1	XP_016856296.1	0	N/A	25.62	242	13	0.000104	50.1	terminal uridylyltransferase 4 isoform X28 [Homo sapiens]	TRUE	Tut4
XP_002904890.1	XP_047272345.1	0	N/A	25.62	242	13	0.000105	50.1	terminal uridylyltransferase 4 isoform X31 [Homo sapiens]	TRUE	Tut4
XP_002904890.1	XP_005270739.1	0	N/A	25.62	242	13	0.000105	50.1	terminal uridylyltransferase 4 isoform X33 [Homo sapiens]	TRUE	Tut4
XP_002904890.1	XP_011539401.1	0	N/A	25.62	242	13	0.000107	50.1	terminal uridylyltransferase 4 isoform X29 [Homo sapiens]	TRUE	Tut4
XP_002904890.1	XP_047272350.1	0	N/A	25.62	242	13	0.000112	50.1	terminal uridylyltransferase 4 isoform X34 [Homo sapiens]	TRUE	Tut4
XP_002904890.1	XP_016856295.1	0	N/A	25.62	242	13	0.000112	50.1	terminal uridylyltransferase 4 isoform X25 [Homo sapiens]	TRUE	Tut4
XP_002904890.1	XP_047272325.1	0	N/A	25.62	242	13	0.000133	49.7	terminal uridylyltransferase 4 isoform X23 [Homo sapiens]	TRUE	Tut4
XP_002904890.1	XP_047272344.1	0	N/A	25.62	242	13	0.000147	49.7	terminal uridylyltransferase 4 isoform X30 [Homo sapiens]	TRUE	Tut4
XP_002904890.1	NP_001336477.1	0	N/A	29.771	131	7	0.000425	46.6	poly(A) RNA polymerase GLD2 isoform 4 [Homo sapiens]	TRUE	TENT2
XP_002904890.1	XP_047272820.1	0	N/A	30.556	108	6	0.000533	46.2	poly(A) RNA polymerase GLD2 isoform X11 [Homo sapiens]	TRUE	TENT2
XP_002904890.1	NP_001375061.1	0	N/A	29.771	131	7	0.00056	47	poly(A) RNA polymerase GLD2 isoform 12 [Homo sapiens]	TRUE	TENT2
XP_002904890.1	XP_047272384.1	0	N/A	25.62	242	13	0.000571	47.4	terminal uridylyltransferase 4 isoform X46 [Homo sapiens]	TRUE	Tut4
XP_002904890.1	NP_001375065.1	0	N/A	29.771	131	7	0.000576	46.6	poly(A) RNA polymerase GLD2 isoform 14 [Homo sapiens]	TRUE	TENT2
XP_002904890.1	NP_001375060.1	0	N/A	29.771	131	7	0.000613	47	poly(A) RNA polymerase GLD2 isoform 11 [Homo sapiens]	TRUE	TENT2
XP_002904890.1	XP_047272805.1	0	N/A	30.556	108	6	0.000665	47	poly(A) RNA polymerase GLD2 isoform X2 [Homo sapiens]	TRUE	TENT2
XP_002904890.1	XP_047272804.1	0	N/A	30.556	108	6	0.000665	47	poly(A) RNA polymerase GLD2 isoform X2 [Homo sapiens]	TRUE	TENT2
XP_002904890.1	XP_047272803.1	0	N/A	30.556	108	6	0.000665	47	poly(A) RNA polymerase GLD2 isoform X2 [Homo sapiens]	TRUE	TENT2
XP_002904890.1	XP_047272802.1	0	N/A	30.556	108	6	0.000665	47	poly(A) RNA polymerase GLD2 isoform X2 [Homo sapiens]	TRUE	TENT2
XP_002904890.1	XP_016864641.1	0	N/A	30.556	108	6	0.000665	47	poly(A) RNA polymerase GLD2 isoform X2 [Homo sapiens]	TRUE	TENT2
XP_002904890.1	NP_001375026.1	0	N/A	30.556	108	6	0.000665	47	poly(A) RNA polymerase GLD2 isoform 6 [Homo sapiens]	TRUE	TENT2
XP_002904890.1	NP_001375025.1	0	N/A	30.556	108	6	0.000665	47	poly(A) RNA polymerase GLD2 isoform 6 [Homo sapiens]	TRUE	TENT2
XP_002904890.1	NP_001375024.1	0	N/A	30.556	108	6	0.000665	47	poly(A) RNA polymerase GLD2 isoform 6 [Homo sapiens]	TRUE	TENT2
XP_002904890.1	NP_001336480.1	0	N/A	30.556	108	6	0.000665	47	poly(A) RNA polymerase GLD2 isoform 6 [Homo sapiens]	TRUE	TENT2
XP_002904890.1	NP_001375027.1	0	N/A	30.556	108	6	0.00067	47	poly(A) RNA polymerase GLD2 isoform 7 [Homo sapiens]	TRUE	TENT2
XP_002904890.1	NP_001375066.1	0	N/A	32.11	109	6	0.000698	46.2	poly(A) RNA polymerase GLD2 isoform 15 [Homo sapiens]	TRUE	TENT2
XP_002904890.1	XP_047272811.1	0	N/A	30.556	108	6	0.000716	46.6	poly(A) RNA polymerase GLD2 isoform X4 [Homo sapiens]	TRUE	TENT2
XP_002904890.1	XP_047272810.1	0	N/A	30.556	108	6	0.000716	46.6	poly(A) RNA polymerase GLD2 isoform X4 [Homo sapiens]	TRUE	TENT2
XP_002904890.1	XP_047272809.1	0	N/A	30.556	108	6	0.000716	46.6	poly(A) RNA polymerase GLD2 isoform X4 [Homo sapiens]	TRUE	TENT2
XP_002904890.1	NP_001375058.1	0	N/A	30.556	108	6	0.000716	46.6	poly(A) RNA polymerase GLD2 isoform 2 [Homo sapiens]	TRUE	TENT2
XP_002904890.1	NP_001375057.1	0	N/A	30.556	108	6	0.000716	46.6	poly(A) RNA polymerase GLD2 isoform 2 [Homo sapiens]	TRUE	TENT2
XP_002904890.1	NP_001375056.1	0	N/A	30.556	108	6	0.000716	46.6	poly(A) RNA polymerase GLD2 isoform 2 [Homo sapiens]	TRUE	TENT2
XP_002904890.1	NP_001375055.1	0	N/A	30.556	108	6	0.000716	46.6	poly(A) RNA polymerase GLD2 isoform 2 [Homo sapiens]	TRUE	TENT2
XP_002904890.1	NP_001375054.1	0	N/A	30.556	108	6	0.000716	46.6	poly(A) RNA polymerase GLD2 isoform 2 [Homo sapiens]	TRUE	TENT2
XP_002904890.1	NP_001375053.1	0	N/A	30.556	108	6	0.000716	46.6	poly(A) RNA polymerase GLD2 isoform 2 [Homo sapiens]	TRUE	TENT2
XP_002904890.1	NP_001375052.1	0	N/A	30.556	108	6	0.000716	46.6	poly(A) RNA polymerase GLD2 isoform 2 [Homo sapiens]	TRUE	TENT2
XP_002904890.1	NP_001375051.1	0	N/A	30.556	108	6	0.000716	46.6	poly(A) RNA polymerase GLD2 isoform 2 [Homo sapiens]	TRUE	TENT2
XP_002904890.1	NP_001375050.1	0	N/A	30.556	108	6	0.000716	46.6	poly(A) RNA polymerase GLD2 isoform 2 [Homo sapiens]	TRUE	TENT2
XP_002904890.1	NP_001375049.1	0	N/A	30.556	108	6	0.000716	46.6	poly(A) RNA polymerase GLD2 isoform 2 [Homo sapiens]	TRUE	TENT2
XP_002904890.1	NP_001375048.1	0	N/A	30.556	108	6	0.000716	46.6	poly(A) RNA polymerase GLD2 isoform 2 [Homo sapiens]	TRUE	TENT2
XP_002904890.1	NP_001375047.1	0	N/A	30.556	108	6	0.000716	46.6	poly(A) RNA polymerase GLD2 isoform 2 [Homo sapiens]	TRUE	TENT2
XP_002904890.1	NP_001375046.1	0	N/A	30.556	108	6	0.000716	46.6	poly(A) RNA polymerase GLD2 isoform 2 [Homo sapiens]	TRUE	TENT2
XP_002904890.1	NP_001375045.1	0	N/A	30.556	108	6	0.000716	46.6	poly(A) RNA polymerase GLD2 isoform 2 [Homo sapiens]	TRUE	TENT2
XP_002904890.1	NP_001375044.1	0	N/A	30.556	108	6	0.000716	46.6	poly(A) RNA polymerase GLD2 isoform 2 [Homo sapiens]	TRUE	TENT2
XP_002904890.1	NP_001375043.1	0	N/A	30.556	108	6	0.000716	46.6	poly(A) RNA polymerase GLD2 isoform 2 [Homo sapiens]	TRUE	TENT2
XP_002904890.1	NP_001336483.1	0	N/A	30.556	108	6	0.000716	46.6	poly(A) RNA polymerase GLD2 isoform 2 [Homo sapiens]	TRUE	TENT2
XP_002904890.1	NP_001284673.1	0	N/A	30.556	108	6	0.000716	46.6	poly(A) RNA polymerase GLD2 isoform 2 [Homo sapiens]	TRUE	TENT2
XP_002904890.1	NP_001375059.1	0	N/A	30.556	108	6	0.000722	46.6	poly(A) RNA polymerase GLD2 isoform 10 [Homo sapiens]	TRUE	TENT2
XP_002904890.1	NP_001375042.1	0	N/A	30.556	108	6	0.000757	46.6	poly(A) RNA polymerase GLD2 isoform 16 [Homo sapiens]	TRUE	TENT2
XP_002904890.1	XP_047272808.1	0	N/A	29.771	131	7	0.000758	46.6	poly(A) RNA polymerase GLD2 isoform X3 [Homo sapiens]	TRUE	TENT2
XP_002904890.1	XP_047272807.1	0	N/A	29.771	131	7	0.000758	46.6	poly(A) RNA polymerase GLD2 isoform X3 [Homo sapiens]	TRUE	TENT2
XP_002904890.1	XP_047272806.1	0	N/A	29.771	131	7	0.000758	46.6	poly(A) RNA polymerase GLD2 isoform X3 [Homo sapiens]	TRUE	TENT2
XP_002904890.1	NP_776158.2	0	N/A	29.771	131	7	0.000758	46.6	poly(A) RNA polymerase GLD2 isoform 1 [Homo sapiens]	TRUE	TENT2
XP_002904890.1	NP_001375041.1	0	N/A	29.771	131	7	0.000758	46.6	poly(A) RNA polymerase GLD2 isoform 1 [Homo sapiens]	TRUE	TENT2
XP_002904890.1	NP_001375040.1	0	N/A	29.771	131	7	0.000758	46.6	poly(A) RNA polymerase GLD2 isoform 1 [Homo sapiens]	TRUE	TENT2
XP_002904890.1	NP_001375039.1	0	N/A	29.771	131	7	0.000758	46.6	poly(A) RNA polymerase GLD2 isoform 1 [Homo sapiens]	TRUE	TENT2
XP_002904890.1	NP_001375038.1	0	N/A	29.771	131	7	0.000758	46.6	poly(A) RNA polymerase GLD2 isoform 1 [Homo sapiens]	TRUE	TENT2
XP_002904890.1	NP_001375037.1	0	N/A	29.771	131	7	0.000758	46.6	poly(A) RNA polymerase GLD2 isoform 1 [Homo sapiens]	TRUE	TENT2
XP_002907686.1	XP_047290433.1	0	N/A	36.683	199	30	2.28e-31	130	terminal nucleotidyltransferase 4B isoform X6 [Homo sapiens]	TRUE	TENT4B
XP_002907686.1	NP_001165276.2	0	N/A	38.624	189	29	2.63e-31	132	terminal nucleotidyltransferase 4A isoform 2 [Homo sapiens]	TRUE	TENT4A
XP_002907686.1	NP_008930.2	0	N/A	38.624	189	29	2.66e-31	132	terminal nucleotidyltransferase 4A isoform 1 [Homo sapiens]	TRUE	TENT4A
XP_002907686.1	XP_011521580.1	0	N/A	36.683	199	30	3.79e-31	130	terminal nucleotidyltransferase 4B isoform X5 [Homo sapiens]	TRUE	TENT4B
XP_002907686.1	NP_001035375.2	0	N/A	36.548	197	30	1.28e-30	130	terminal nucleotidyltransferase 4B isoform b [Homo sapiens]	TRUE	TENT4B
XP_002907686.1	XP_011521578.1	0	N/A	36.548	197	30	1.29e-30	130	terminal nucleotidyltransferase 4B isoform X2 [Homo sapiens]	TRUE	TENT4B
XP_002907686.1	NP_001035374.2	0	N/A	36.548	197	30	1.64e-30	130	terminal nucleotidyltransferase 4B isoform a [Homo sapiens]	TRUE	TENT4B
XP_002907686.1	XP_011521577.1	0	N/A	36.548	197	30	1.65e-30	130	terminal nucleotidyltransferase 4B isoform X1 [Homo sapiens]	TRUE	TENT4B
XP_002907686.1	XP_047290432.1	0	N/A	36.548	197	30	3.3e-30	128	terminal nucleotidyltransferase 4B isoform X4 [Homo sapiens]	TRUE	TENT4B
XP_002907686.1	NP_001352252.1	0	N/A	36.548	197	30	3.62e-30	129	terminal nucleotidyltransferase 4B isoform c [Homo sapiens]	TRUE	TENT4B
XP_002907686.1	XP_047290431.1	0	N/A	36.548	197	30	3.68e-30	128	terminal nucleotidyltransferase 4B isoform X3 [Homo sapiens]	TRUE	TENT4B
XP_002907686.1	NP_001352253.1	0	N/A	36.548	197	30	4.81e-30	128	terminal nucleotidyltransferase 4B isoform d [Homo sapiens]	TRUE	TENT4B
XP_002907686.1	XP_047272622.1	0	N/A	40.244	164	25	1.19e-28	123	terminal nucleotidyltransferase 4A isoform X1 [Homo sapiens]	TRUE	TENT4A
XP_002907686.1	XP_047272621.1	0	N/A	40.244	164	25	1.19e-28	123	terminal nucleotidyltransferase 4A isoform X1 [Homo sapiens]	TRUE	TENT4A
XP_002907686.1	XP_047272620.1	0	N/A	40.244	164	25	1.19e-28	123	terminal nucleotidyltransferase 4A isoform X1 [Homo sapiens]	TRUE	TENT4A
XP_002907686.1	XP_047272623.1	0	N/A	40.244	164	25	1.41e-28	122	terminal nucleotidyltransferase 4A isoform X2 [Homo sapiens]	TRUE	TENT4A
XP_002907686.1	XP_016864477.1	0	N/A	40.244	164	25	1.41e-28	122	terminal nucleotidyltransferase 4A isoform X2 [Homo sapiens]	TRUE	TENT4A
XP_002907686.1	XP_047272624.1	0	N/A	40.244	164	25	1.45e-28	122	terminal nucleotidyltransferase 4A isoform X3 [Homo sapiens]	TRUE	TENT4A
XP_002907686.1	XP_047279823.1	0	N/A	26.63	184	28	1.05e-12	74.3	terminal uridylyltransferase 7 isoform X2 [Homo sapiens]	TRUE	Tut7
XP_002907686.1	XP_006717346.1	0	N/A	26.63	184	28	1.05e-12	74.3	terminal uridylyltransferase 7 isoform X2 [Homo sapiens]	TRUE	Tut7
XP_002907686.1	NP_001317647.1	0	N/A	26.63	184	28	1.09e-12	73.9	terminal uridylyltransferase 7 isoform 3 [Homo sapiens]	TRUE	Tut7
XP_002907686.1	XP_011517317.1	0	N/A	26.63	184	28	1.24e-12	73.9	terminal uridylyltransferase 7 isoform X3 [Homo sapiens]	TRUE	Tut7
XP_002907686.1	XP_047279825.1	0	N/A	26.63	184	28	1.26e-12	73.9	terminal uridylyltransferase 7 isoform X6 [Homo sapiens]	TRUE	Tut7
XP_002907686.1	XP_047279824.1	0	N/A	26.63	184	28	1.26e-12	73.9	terminal uridylyltransferase 7 isoform X6 [Homo sapiens]	TRUE	Tut7
XP_002907686.1	XP_005252264.1	0	N/A	26.63	184	28	1.26e-12	73.9	terminal uridylyltransferase 7 isoform X6 [Homo sapiens]	TRUE	Tut7
XP_002907686.1	XP_011517316.1	0	N/A	26.63	184	28	1.31e-12	73.9	terminal uridylyltransferase 7 isoform X1 [Homo sapiens]	TRUE	Tut7
XP_002907686.1	XP_011517315.1	0	N/A	26.63	184	28	1.31e-12	73.9	terminal uridylyltransferase 7 isoform X1 [Homo sapiens]	TRUE	Tut7
XP_002907686.1	XP_011517314.1	0	N/A	26.63	184	28	1.31e-12	73.9	terminal uridylyltransferase 7 isoform X1 [Homo sapiens]	TRUE	Tut7
XP_002907686.1	XP_011517313.1	0	N/A	26.63	184	28	1.31e-12	73.9	terminal uridylyltransferase 7 isoform X1 [Homo sapiens]	TRUE	Tut7
XP_002907686.1	XP_016870620.1	0	N/A	26.63	184	28	1.34e-12	73.9	terminal uridylyltransferase 7 isoform X4 [Homo sapiens]	TRUE	Tut7
XP_002907686.1	XP_016870619.1	0	N/A	26.63	184	28	1.34e-12	73.9	terminal uridylyltransferase 7 isoform X4 [Homo sapiens]	TRUE	Tut7
XP_002907686.1	NP_078893.2	0	N/A	26.63	184	28	1.34e-12	73.9	terminal uridylyltransferase 7 isoform 1 [Homo sapiens]	TRUE	Tut7
XP_002907686.1	NP_001171988.1	0	N/A	26.63	184	28	1.34e-12	73.9	terminal uridylyltransferase 7 isoform 1 [Homo sapiens]	TRUE	Tut7
XP_002907686.1	XP_011517318.1	0	N/A	26.63	184	28	1.41e-12	73.9	terminal uridylyltransferase 7 isoform X5 [Homo sapiens]	TRUE	Tut7
XP_002907686.1	XP_005252265.1	0	N/A	26.63	184	28	1.57e-12	73.6	terminal uridylyltransferase 7 isoform X7 [Homo sapiens]	TRUE	Tut7
XP_002907686.1	XP_047272811.1	0	N/A	27.041	196	29	2.32e-11	68.9	poly(A) RNA polymerase GLD2 isoform X4 [Homo sapiens]	TRUE	TENT2
XP_002907686.1	XP_047272810.1	0	N/A	27.041	196	29	2.32e-11	68.9	poly(A) RNA polymerase GLD2 isoform X4 [Homo sapiens]	TRUE	TENT2
XP_002907686.1	XP_047272809.1	0	N/A	27.041	196	29	2.32e-11	68.9	poly(A) RNA polymerase GLD2 isoform X4 [Homo sapiens]	TRUE	TENT2
XP_002907686.1	NP_001375058.1	0	N/A	27.041	196	29	2.32e-11	68.9	poly(A) RNA polymerase GLD2 isoform 2 [Homo sapiens]	TRUE	TENT2
XP_002907686.1	NP_001375057.1	0	N/A	27.041	196	29	2.32e-11	68.9	poly(A) RNA polymerase GLD2 isoform 2 [Homo sapiens]	TRUE	TENT2
XP_002907686.1	NP_001375056.1	0	N/A	27.041	196	29	2.32e-11	68.9	poly(A) RNA polymerase GLD2 isoform 2 [Homo sapiens]	TRUE	TENT2
XP_002907686.1	NP_001375055.1	0	N/A	27.041	196	29	2.32e-11	68.9	poly(A) RNA polymerase GLD2 isoform 2 [Homo sapiens]	TRUE	TENT2
XP_002907686.1	NP_001375054.1	0	N/A	27.041	196	29	2.32e-11	68.9	poly(A) RNA polymerase GLD2 isoform 2 [Homo sapiens]	TRUE	TENT2
XP_002907686.1	NP_001375053.1	0	N/A	27.041	196	29	2.32e-11	68.9	poly(A) RNA polymerase GLD2 isoform 2 [Homo sapiens]	TRUE	TENT2
XP_002907686.1	NP_001375052.1	0	N/A	27.041	196	29	2.32e-11	68.9	poly(A) RNA polymerase GLD2 isoform 2 [Homo sapiens]	TRUE	TENT2
XP_002907686.1	NP_001375051.1	0	N/A	27.041	196	29	2.32e-11	68.9	poly(A) RNA polymerase GLD2 isoform 2 [Homo sapiens]	TRUE	TENT2
XP_002907686.1	NP_001375050.1	0	N/A	27.041	196	29	2.32e-11	68.9	poly(A) RNA polymerase GLD2 isoform 2 [Homo sapiens]	TRUE	TENT2
XP_002907686.1	NP_001375049.1	0	N/A	27.041	196	29	2.32e-11	68.9	poly(A) RNA polymerase GLD2 isoform 2 [Homo sapiens]	TRUE	TENT2
XP_002907686.1	NP_001375048.1	0	N/A	27.041	196	29	2.32e-11	68.9	poly(A) RNA polymerase GLD2 isoform 2 [Homo sapiens]	TRUE	TENT2
XP_002907686.1	NP_001375047.1	0	N/A	27.041	196	29	2.32e-11	68.9	poly(A) RNA polymerase GLD2 isoform 2 [Homo sapiens]	TRUE	TENT2
XP_002907686.1	NP_001375046.1	0	N/A	27.041	196	29	2.32e-11	68.9	poly(A) RNA polymerase GLD2 isoform 2 [Homo sapiens]	TRUE	TENT2
XP_002907686.1	NP_001375045.1	0	N/A	27.041	196	29	2.32e-11	68.9	poly(A) RNA polymerase GLD2 isoform 2 [Homo sapiens]	TRUE	TENT2
XP_002907686.1	NP_001375044.1	0	N/A	27.041	196	29	2.32e-11	68.9	poly(A) RNA polymerase GLD2 isoform 2 [Homo sapiens]	TRUE	TENT2
XP_002907686.1	NP_001375043.1	0	N/A	27.041	196	29	2.32e-11	68.9	poly(A) RNA polymerase GLD2 isoform 2 [Homo sapiens]	TRUE	TENT2
XP_002907686.1	NP_001336483.1	0	N/A	27.041	196	29	2.32e-11	68.9	poly(A) RNA polymerase GLD2 isoform 2 [Homo sapiens]	TRUE	TENT2
XP_002907686.1	NP_001284673.1	0	N/A	27.041	196	29	2.32e-11	68.9	poly(A) RNA polymerase GLD2 isoform 2 [Homo sapiens]	TRUE	TENT2
XP_002907686.1	NP_001375059.1	0	N/A	27.041	196	29	2.36e-11	68.9	poly(A) RNA polymerase GLD2 isoform 10 [Homo sapiens]	TRUE	TENT2
XP_002907686.1	NP_001375061.1	0	N/A	27.041	196	29	3.04e-11	68.6	poly(A) RNA polymerase GLD2 isoform 12 [Homo sapiens]	TRUE	TENT2
XP_002907686.1	NP_001375065.1	0	N/A	27.041	196	29	5.17e-11	67.4	poly(A) RNA polymerase GLD2 isoform 14 [Homo sapiens]	TRUE	TENT2
XP_002907686.1	XP_047272384.1	0	N/A	27.273	165	25	8.05e-11	68.2	terminal uridylyltransferase 4 isoform X46 [Homo sapiens]	TRUE	Tut4
XP_002907686.1	XP_016856299.1	0	N/A	27.273	165	25	1.02e-10	67.8	terminal uridylyltransferase 4 isoform X40 [Homo sapiens]	TRUE	Tut4
XP_002907686.1	XP_047272365.1	0	N/A	27.273	165	25	1.08e-10	67.8	terminal uridylyltransferase 4 isoform X38 [Homo sapiens]	TRUE	Tut4
XP_002907686.1	XP_016856293.1	0	N/A	27.273	165	25	1.08e-10	67.8	terminal uridylyltransferase 4 isoform X16 [Homo sapiens]	TRUE	Tut4
XP_002907686.1	XP_047272288.1	0	N/A	27.273	165	25	1.13e-10	67.8	terminal uridylyltransferase 4 isoform X10 [Homo sapiens]	TRUE	Tut4
XP_002907686.1	XP_016856297.1	0	N/A	27.273	165	25	1.15e-10	67.8	terminal uridylyltransferase 4 isoform X36 [Homo sapiens]	TRUE	Tut4
XP_002907686.1	XP_047272283.1	0	N/A	27.273	165	25	1.15e-10	67.8	terminal uridylyltransferase 4 isoform X6 [Homo sapiens]	TRUE	Tut4
XP_002907686.1	XP_005270737.1	0	N/A	27.273	165	25	1.15e-10	67.8	terminal uridylyltransferase 4 isoform X6 [Homo sapiens]	TRUE	Tut4
XP_002907686.1	XP_005270739.1	0	N/A	27.273	165	25	1.16e-10	67.8	terminal uridylyltransferase 4 isoform X33 [Homo sapiens]	TRUE	Tut4
XP_002907686.1	XP_047272282.1	0	N/A	27.273	165	25	1.2e-10	67.8	terminal uridylyltransferase 4 isoform X5 [Homo sapiens]	TRUE	Tut4
XP_002907686.1	NP_056084.1	0	N/A	27.273	165	25	1.2e-10	67.8	terminal uridylyltransferase 4 isoform b [Homo sapiens]	TRUE	Tut4
XP_002907686.1	XP_016856292.1	0	N/A	27.273	165	25	1.21e-10	67.8	terminal uridylyltransferase 4 isoform X9 [Homo sapiens]	TRUE	Tut4
XP_002907686.1	XP_011539401.1	0	N/A	27.273	165	25	1.23e-10	67.8	terminal uridylyltransferase 4 isoform X29 [Homo sapiens]	TRUE	Tut4
XP_002907686.1	XP_047272281.1	0	N/A	27.273	165	25	1.23e-10	67.8	terminal uridylyltransferase 4 isoform X4 [Homo sapiens]	TRUE	Tut4
XP_002907686.1	NP_001009881.1	0	N/A	27.273	165	25	1.23e-10	67.8	terminal uridylyltransferase 4 isoform a [Homo sapiens]	TRUE	Tut4
XP_002907686.1	XP_016856296.1	0	N/A	27.273	165	25	1.25e-10	67.8	terminal uridylyltransferase 4 isoform X28 [Homo sapiens]	TRUE	Tut4
XP_002907686.1	XP_047272337.1	0	N/A	27.273	165	25	1.3e-10	67.4	terminal uridylyltransferase 4 isoform X27 [Homo sapiens]	TRUE	Tut4
XP_002907686.1	XP_016856295.1	0	N/A	27.273	165	25	1.31e-10	67.4	terminal uridylyltransferase 4 isoform X25 [Homo sapiens]	TRUE	Tut4
XP_002907686.1	XP_047272345.1	0	N/A	27.273	165	25	1.34e-10	67.4	terminal uridylyltransferase 4 isoform X31 [Homo sapiens]	TRUE	Tut4
XP_002907686.1	XP_047272285.1	0	N/A	27.273	165	25	1.34e-10	67.4	terminal uridylyltransferase 4 isoform X7 [Homo sapiens]	TRUE	Tut4
XP_002907686.1	XP_047272280.1	0	N/A	27.273	165	25	1.37e-10	67.4	terminal uridylyltransferase 4 isoform X3 [Homo sapiens]	TRUE	Tut4
XP_002907686.1	XP_005270736.1	0	N/A	27.273	165	25	1.37e-10	67.4	terminal uridylyltransferase 4 isoform X3 [Homo sapiens]	TRUE	Tut4
XP_002907686.1	XP_005270735.1	0	N/A	27.273	165	25	1.39e-10	67.4	terminal uridylyltransferase 4 isoform X2 [Homo sapiens]	TRUE	Tut4
XP_002907686.1	XP_011539399.1	0	N/A	27.273	165	25	1.39e-10	67.4	terminal uridylyltransferase 4 isoform X1 [Homo sapiens]	TRUE	Tut4
XP_002907686.1	XP_005270733.1	0	N/A	27.273	165	25	1.39e-10	67.4	terminal uridylyltransferase 4 isoform X1 [Homo sapiens]	TRUE	Tut4
XP_002907686.1	XP_047272325.1	0	N/A	27.273	165	25	1.51e-10	67.4	terminal uridylyltransferase 4 isoform X23 [Homo sapiens]	TRUE	Tut4
XP_002907686.1	XP_047272818.1	0	N/A	26.866	201	29	1.88e-10	65.5	poly(A) RNA polymerase GLD2 isoform X10 [Homo sapiens]	TRUE	TENT2
XP_002907686.1	XP_047272372.1	0	N/A	27.273	154	23	2.9e-10	66.6	terminal uridylyltransferase 4 isoform X42 [Homo sapiens]	TRUE	Tut4
XP_002907686.1	XP_047272305.1	0	N/A	27.273	154	23	3.34e-10	66.2	terminal uridylyltransferase 4 isoform X17 [Homo sapiens]	TRUE	Tut4
XP_002907686.1	XP_047272350.1	0	N/A	27.273	154	23	3.37e-10	66.2	terminal uridylyltransferase 4 isoform X34 [Homo sapiens]	TRUE	Tut4
XP_002907686.1	XP_047272296.1	0	N/A	27.273	154	23	3.37e-10	66.2	terminal uridylyltransferase 4 isoform X13 [Homo sapiens]	TRUE	Tut4
XP_002907686.1	XP_047272295.1	0	N/A	27.273	154	23	3.43e-10	66.2	terminal uridylyltransferase 4 isoform X12 [Homo sapiens]	TRUE	Tut4
XP_002907686.1	XP_047272286.1	0	N/A	27.273	154	23	3.97e-10	65.9	terminal uridylyltransferase 4 isoform X8 [Homo sapiens]	TRUE	Tut4
XP_002907686.1	XP_047272290.1	0	N/A	27.273	154	23	4.03e-10	65.9	terminal uridylyltransferase 4 isoform X11 [Homo sapiens]	TRUE	Tut4
XP_002907686.1	XP_047272344.1	0	N/A	27.273	154	23	4.47e-10	65.9	terminal uridylyltransferase 4 isoform X30 [Homo sapiens]	TRUE	Tut4
XP_002907686.1	NP_001375042.1	0	N/A	26.866	201	29	4.66e-10	65.1	poly(A) RNA polymerase GLD2 isoform 16 [Homo sapiens]	TRUE	TENT2
XP_002907686.1	XP_047272808.1	0	N/A	26.866	201	29	4.72e-10	65.1	poly(A) RNA polymerase GLD2 isoform X3 [Homo sapiens]	TRUE	TENT2
XP_002907686.1	XP_047272807.1	0	N/A	26.866	201	29	4.72e-10	65.1	poly(A) RNA polymerase GLD2 isoform X3 [Homo sapiens]	TRUE	TENT2
XP_002907686.1	XP_047272806.1	0	N/A	26.866	201	29	4.72e-10	65.1	poly(A) RNA polymerase GLD2 isoform X3 [Homo sapiens]	TRUE	TENT2
XP_002907686.1	NP_776158.2	0	N/A	26.866	201	29	4.72e-10	65.1	poly(A) RNA polymerase GLD2 isoform 1 [Homo sapiens]	TRUE	TENT2
XP_002907686.1	NP_001375041.1	0	N/A	26.866	201	29	4.72e-10	65.1	poly(A) RNA polymerase GLD2 isoform 1 [Homo sapiens]	TRUE	TENT2
XP_002997731.1	XP_047290433.1	0	N/A	40.924	303	61	2.68e-67	226	terminal nucleotidyltransferase 4B isoform X6 [Homo sapiens]	TRUE	TENT4B
XP_002997731.1	XP_011521580.1	0	N/A	40.924	303	61	3.24e-67	227	terminal nucleotidyltransferase 4B isoform X5 [Homo sapiens]	TRUE	TENT4B
XP_002997731.1	NP_001035375.2	0	N/A	40.625	320	64	2.06e-66	228	terminal nucleotidyltransferase 4B isoform b [Homo sapiens]	TRUE	TENT4B
XP_002997731.1	XP_011521578.1	0	N/A	40.625	320	64	2.1e-66	228	terminal nucleotidyltransferase 4B isoform X2 [Homo sapiens]	TRUE	TENT4B
XP_002997731.1	NP_001035374.2	0	N/A	40.938	320	64	3.04e-66	228	terminal nucleotidyltransferase 4B isoform a [Homo sapiens]	TRUE	TENT4B
XP_002997731.1	XP_011521577.1	0	N/A	40.938	320	64	3.09e-66	228	terminal nucleotidyltransferase 4B isoform X1 [Homo sapiens]	TRUE	TENT4B
XP_002997731.1	XP_047290432.1	0	N/A	40.938	320	64	3.8e-66	227	terminal nucleotidyltransferase 4B isoform X4 [Homo sapiens]	TRUE	TENT4B
XP_002997731.1	NP_001352252.1	0	N/A	40.938	320	64	4.93e-66	227	terminal nucleotidyltransferase 4B isoform c [Homo sapiens]	TRUE	TENT4B
XP_002997731.1	NP_001352253.1	0	N/A	40.938	320	64	6.92e-66	227	terminal nucleotidyltransferase 4B isoform d [Homo sapiens]	TRUE	TENT4B
XP_002997731.1	XP_047290431.1	0	N/A	40.938	320	64	8.42e-66	226	terminal nucleotidyltransferase 4B isoform X3 [Homo sapiens]	TRUE	TENT4B
XP_002997731.1	NP_008930.2	0	N/A	39.933	298	60	5.92e-63	221	terminal nucleotidyltransferase 4A isoform 1 [Homo sapiens]	TRUE	TENT4A
XP_002997731.1	NP_001165276.2	0	N/A	39.933	298	60	6.34e-63	221	terminal nucleotidyltransferase 4A isoform 2 [Homo sapiens]	TRUE	TENT4A
XP_002997731.1	XP_047272622.1	0	N/A	40	270	54	9.52e-59	204	terminal nucleotidyltransferase 4A isoform X1 [Homo sapiens]	TRUE	TENT4A
XP_002997731.1	XP_047272621.1	0	N/A	40	270	54	9.52e-59	204	terminal nucleotidyltransferase 4A isoform X1 [Homo sapiens]	TRUE	TENT4A
XP_002997731.1	XP_047272620.1	0	N/A	40	270	54	9.52e-59	204	terminal nucleotidyltransferase 4A isoform X1 [Homo sapiens]	TRUE	TENT4A
XP_002997731.1	XP_047272624.1	0	N/A	40.385	260	52	8.34e-57	199	terminal nucleotidyltransferase 4A isoform X3 [Homo sapiens]	TRUE	TENT4A
XP_002997731.1	XP_047272623.1	0	N/A	40.385	260	52	8.87e-57	199	terminal nucleotidyltransferase 4A isoform X2 [Homo sapiens]	TRUE	TENT4A
XP_002997731.1	XP_016864477.1	0	N/A	40.385	260	52	8.87e-57	199	terminal nucleotidyltransferase 4A isoform X2 [Homo sapiens]	TRUE	TENT4A
XP_002997731.1	XP_016856296.1	0	N/A	27.391	230	44	1.58e-17	88.6	terminal uridylyltransferase 4 isoform X28 [Homo sapiens]	TRUE	Tut4
XP_002997731.1	XP_047272362.1	0	N/A	27.391	230	44	1.67e-17	88.6	terminal uridylyltransferase 4 isoform X37 [Homo sapiens]	TRUE	Tut4
XP_002997731.1	XP_047272337.1	0	N/A	27.391	230	44	1.77e-17	88.6	terminal uridylyltransferase 4 isoform X27 [Homo sapiens]	TRUE	Tut4
XP_002997731.1	XP_047272367.1	0	N/A	27.391	230	44	1.77e-17	88.6	terminal uridylyltransferase 4 isoform X39 [Homo sapiens]	TRUE	Tut4
XP_002997731.1	XP_047272354.1	0	N/A	27.391	230	44	1.78e-17	88.6	terminal uridylyltransferase 4 isoform X35 [Homo sapiens]	TRUE	Tut4
XP_002997731.1	XP_047272350.1	0	N/A	27.391	230	44	1.78e-17	88.6	terminal uridylyltransferase 4 isoform X34 [Homo sapiens]	TRUE	Tut4
XP_002997731.1	XP_016856295.1	0	N/A	27.391	230	44	1.99e-17	88.6	terminal uridylyltransferase 4 isoform X25 [Homo sapiens]	TRUE	Tut4
XP_002997731.1	XP_047272325.1	0	N/A	27.391	230	44	2.04e-17	88.2	terminal uridylyltransferase 4 isoform X23 [Homo sapiens]	TRUE	Tut4
XP_002997731.1	XP_047272344.1	0	N/A	27.391	230	44	2.18e-17	88.2	terminal uridylyltransferase 4 isoform X30 [Homo sapiens]	TRUE	Tut4
XP_002997731.1	XP_047272348.1	0	N/A	27.391	230	44	2.3e-17	88.2	terminal uridylyltransferase 4 isoform X32 [Homo sapiens]	TRUE	Tut4
XP_002997731.1	XP_016856294.1	0	N/A	30.12	166	33	1.03e-14	79.7	terminal uridylyltransferase 4 isoform X20 [Homo sapiens]	TRUE	Tut4
XP_002997731.1	XP_047272307.1	0	N/A	30.12	166	33	1.03e-14	79.7	terminal uridylyltransferase 4 isoform X19 [Homo sapiens]	TRUE	Tut4
XP_002997731.1	XP_047272283.1	0	N/A	30.12	166	33	1.09e-14	79.7	terminal uridylyltransferase 4 isoform X6 [Homo sapiens]	TRUE	Tut4
XP_002997731.1	XP_005270737.1	0	N/A	30.12	166	33	1.09e-14	79.7	terminal uridylyltransferase 4 isoform X6 [Homo sapiens]	TRUE	Tut4
XP_002997731.1	XP_047272282.1	0	N/A	30.12	166	33	1.1e-14	79.7	terminal uridylyltransferase 4 isoform X5 [Homo sapiens]	TRUE	Tut4
XP_002997731.1	NP_056084.1	0	N/A	30.12	166	33	1.1e-14	79.7	terminal uridylyltransferase 4 isoform b [Homo sapiens]	TRUE	Tut4
XP_002997731.1	XP_047272281.1	0	N/A	30.12	166	33	1.11e-14	79.7	terminal uridylyltransferase 4 isoform X4 [Homo sapiens]	TRUE	Tut4
XP_002997731.1	NP_001009881.1	0	N/A	30.12	166	33	1.11e-14	79.7	terminal uridylyltransferase 4 isoform a [Homo sapiens]	TRUE	Tut4
XP_002997731.1	XP_047272303.1	0	N/A	30.12	166	33	1.13e-14	79.7	terminal uridylyltransferase 4 isoform X15 [Homo sapiens]	TRUE	Tut4
XP_002997731.1	XP_047272296.1	0	N/A	30.12	166	33	1.18e-14	79.7	terminal uridylyltransferase 4 isoform X13 [Homo sapiens]	TRUE	Tut4
XP_002997731.1	XP_047272306.1	0	N/A	30.12	166	33	1.19e-14	79.7	terminal uridylyltransferase 4 isoform X18 [Homo sapiens]	TRUE	Tut4
XP_002997731.1	XP_047272295.1	0	N/A	30.12	166	33	1.19e-14	79.7	terminal uridylyltransferase 4 isoform X12 [Homo sapiens]	TRUE	Tut4
XP_002997731.1	XP_005270738.1	0	N/A	30.12	166	33	1.23e-14	79.7	terminal uridylyltransferase 4 isoform X14 [Homo sapiens]	TRUE	Tut4
XP_002997731.1	XP_047272305.1	0	N/A	30.12	166	33	1.28e-14	79.7	terminal uridylyltransferase 4 isoform X17 [Homo sapiens]	TRUE	Tut4
XP_002997731.1	XP_047272280.1	0	N/A	30.12	166	33	1.29e-14	79.7	terminal uridylyltransferase 4 isoform X3 [Homo sapiens]	TRUE	Tut4
XP_002997731.1	XP_005270736.1	0	N/A	30.12	166	33	1.29e-14	79.7	terminal uridylyltransferase 4 isoform X3 [Homo sapiens]	TRUE	Tut4
XP_002997731.1	XP_011539399.1	0	N/A	30.12	166	33	1.32e-14	79.7	terminal uridylyltransferase 4 isoform X1 [Homo sapiens]	TRUE	Tut4
XP_002997731.1	XP_005270733.1	0	N/A	30.12	166	33	1.32e-14	79.7	terminal uridylyltransferase 4 isoform X1 [Homo sapiens]	TRUE	Tut4
XP_002997731.1	XP_047272290.1	0	N/A	30.12	166	33	1.37e-14	79.3	terminal uridylyltransferase 4 isoform X11 [Homo sapiens]	TRUE	Tut4
XP_002997731.1	XP_047272286.1	0	N/A	30.12	166	33	1.38e-14	79.3	terminal uridylyltransferase 4 isoform X8 [Homo sapiens]	TRUE	Tut4
XP_002997731.1	XP_005270735.1	0	N/A	30.12	166	33	1.4e-14	79.3	terminal uridylyltransferase 4 isoform X2 [Homo sapiens]	TRUE	Tut4
XP_002997731.1	XP_047272369.1	0	N/A	26.697	221	44	1.3e-11	70.1	terminal uridylyltransferase 4 isoform X41 [Homo sapiens]	TRUE	Tut4
XP_002997731.1	XP_011539401.1	0	N/A	26.697	221	44	1.52e-11	69.7	terminal uridylyltransferase 4 isoform X29 [Homo sapiens]	TRUE	Tut4
XP_002997731.1	XP_047272345.1	0	N/A	26.697	221	44	1.55e-11	69.7	terminal uridylyltransferase 4 isoform X31 [Homo sapiens]	TRUE	Tut4
XP_002997731.1	XP_016870620.1	0	N/A	21.194	335	60	4.03e-11	68.6	terminal uridylyltransferase 7 isoform X4 [Homo sapiens]	TRUE	Tut7
XP_002997731.1	XP_016870619.1	0	N/A	21.194	335	60	4.03e-11	68.6	terminal uridylyltransferase 7 isoform X4 [Homo sapiens]	TRUE	Tut7
XP_002997731.1	NP_078893.2	0	N/A	21.194	335	60	4.03e-11	68.6	terminal uridylyltransferase 7 isoform 1 [Homo sapiens]	TRUE	Tut7
XP_002997731.1	NP_001171988.1	0	N/A	21.194	335	60	4.03e-11	68.6	terminal uridylyltransferase 7 isoform 1 [Homo sapiens]	TRUE	Tut7
XP_002997731.1	XP_011517318.1	0	N/A	21.194	335	60	4.13e-11	68.6	terminal uridylyltransferase 7 isoform X5 [Homo sapiens]	TRUE	Tut7
XP_002997731.1	XP_047279825.1	0	N/A	21.194	335	60	4.31e-11	68.2	terminal uridylyltransferase 7 isoform X6 [Homo sapiens]	TRUE	Tut7
XP_002997731.1	XP_047279824.1	0	N/A	21.194	335	60	4.31e-11	68.2	terminal uridylyltransferase 7 isoform X6 [Homo sapiens]	TRUE	Tut7
XP_002997731.1	XP_005252264.1	0	N/A	21.194	335	60	4.31e-11	68.2	terminal uridylyltransferase 7 isoform X6 [Homo sapiens]	TRUE	Tut7
XP_002997731.1	NP_001317647.1	0	N/A	21.194	335	60	4.44e-11	68.2	terminal uridylyltransferase 7 isoform 3 [Homo sapiens]	TRUE	Tut7
XP_002997731.1	XP_011517317.1	0	N/A	21.194	335	60	4.58e-11	68.2	terminal uridylyltransferase 7 isoform X3 [Homo sapiens]	TRUE	Tut7
XP_002997731.1	XP_005252265.1	0	N/A	21.194	335	60	4.92e-11	68.2	terminal uridylyltransferase 7 isoform X7 [Homo sapiens]	TRUE	Tut7
XP_002997731.1	XP_011517316.1	0	N/A	21.194	335	60	4.96e-11	68.2	terminal uridylyltransferase 7 isoform X1 [Homo sapiens]	TRUE	Tut7
XP_002997731.1	XP_011517315.1	0	N/A	21.194	335	60	4.96e-11	68.2	terminal uridylyltransferase 7 isoform X1 [Homo sapiens]	TRUE	Tut7
XP_002997731.1	XP_011517314.1	0	N/A	21.194	335	60	4.96e-11	68.2	terminal uridylyltransferase 7 isoform X1 [Homo sapiens]	TRUE	Tut7
XP_002997731.1	XP_011517313.1	0	N/A	21.194	335	60	4.96e-11	68.2	terminal uridylyltransferase 7 isoform X1 [Homo sapiens]	TRUE	Tut7
XP_002997731.1	XP_047279823.1	0	N/A	21.194	335	60	5.08e-11	68.2	terminal uridylyltransferase 7 isoform X2 [Homo sapiens]	TRUE	Tut7
XP_002997731.1	XP_006717346.1	0	N/A	21.194	335	60	5.08e-11	68.2	terminal uridylyltransferase 7 isoform X2 [Homo sapiens]	TRUE	Tut7
XP_002997731.1	XP_016856307.1	0	N/A	25.339	221	44	1.07e-10	67	terminal uridylyltransferase 4 isoform X45 [Homo sapiens]	TRUE	Tut4
XP_002997731.1	XP_047272373.1	0	N/A	25.532	235	47	2.22e-10	65.9	terminal uridylyltransferase 4 isoform X43 [Homo sapiens]	TRUE	Tut4
XP_002997731.1	XP_047272377.1	0	N/A	25.339	221	44	2.28e-10	65.9	terminal uridylyltransferase 4 isoform X44 [Homo sapiens]	TRUE	Tut4
XP_002997731.1	XP_016856299.1	0	N/A	25.339	221	44	2.43e-10	65.9	terminal uridylyltransferase 4 isoform X40 [Homo sapiens]	TRUE	Tut4
XP_002997731.1	XP_047272372.1	0	N/A	25.339	221	44	2.6e-10	65.9	terminal uridylyltransferase 4 isoform X42 [Homo sapiens]	TRUE	Tut4
XP_002997731.1	XP_047272365.1	0	N/A	25.339	221	44	2.7e-10	65.9	terminal uridylyltransferase 4 isoform X38 [Homo sapiens]	TRUE	Tut4
XP_002997731.1	XP_016856297.1	0	N/A	25.339	221	44	2.7e-10	65.9	terminal uridylyltransferase 4 isoform X36 [Homo sapiens]	TRUE	Tut4
XP_002997731.1	XP_005270739.1	0	N/A	25.339	221	44	2.78e-10	65.9	terminal uridylyltransferase 4 isoform X33 [Homo sapiens]	TRUE	Tut4
XP_002997731.1	XP_047272320.1	0	N/A	30.657	137	27	1.05e-09	63.9	terminal uridylyltransferase 4 isoform X22 [Homo sapiens]	TRUE	Tut4
XP_002997731.1	XP_016856293.1	0	N/A	30.657	137	27	1.05e-09	63.9	terminal uridylyltransferase 4 isoform X16 [Homo sapiens]	TRUE	Tut4
XP_002997731.1	XP_047272288.1	0	N/A	30.657	137	27	1.08e-09	63.9	terminal uridylyltransferase 4 isoform X10 [Homo sapiens]	TRUE	Tut4
XP_002997731.1	XP_016856292.1	0	N/A	30.657	137	27	1.09e-09	63.9	terminal uridylyltransferase 4 isoform X9 [Homo sapiens]	TRUE	Tut4
XP_002997731.1	XP_047272327.1	0	N/A	30.657	137	27	1.09e-09	63.9	terminal uridylyltransferase 4 isoform X24 [Homo sapiens]	TRUE	Tut4
XP_002997731.1	XP_047272336.1	0	N/A	30.657	137	27	1.1e-09	63.9	terminal uridylyltransferase 4 isoform X26 [Homo sapiens]	TRUE	Tut4
XP_002997731.1	XP_047272285.1	0	N/A	30.657	137	27	1.13e-09	63.9	terminal uridylyltransferase 4 isoform X7 [Homo sapiens]	TRUE	Tut4
XP_002997731.1	XP_047272311.1	0	N/A	30.657	137	27	1.14e-09	63.9	terminal uridylyltransferase 4 isoform X21 [Homo sapiens]	TRUE	Tut4
XP_002997731.1	NP_001336477.1	0	N/A	25.641	156	26	2.08e-09	60.8	poly(A) RNA polymerase GLD2 isoform 4 [Homo sapiens]	TRUE	TENT2
XP_002997731.1	XP_047272820.1	0	N/A	25.641	156	26	2.37e-09	60.5	poly(A) RNA polymerase GLD2 isoform X11 [Homo sapiens]	TRUE	TENT2
XP_002997731.1	NP_001375065.1	0	N/A	25.641	156	26	4.12e-09	60.8	poly(A) RNA polymerase GLD2 isoform 14 [Homo sapiens]	TRUE	TENT2
XP_002997731.1	NP_001375061.1	0	N/A	25.641	156	26	6.29e-09	60.5	poly(A) RNA polymerase GLD2 isoform 12 [Homo sapiens]	TRUE	TENT2
XP_002997731.1	NP_001375060.1	0	N/A	25.641	156	26	7.12e-09	60.5	poly(A) RNA polymerase GLD2 isoform 11 [Homo sapiens]	TRUE	TENT2
XP_002997731.1	XP_047272811.1	0	N/A	25.974	154	26	7.7e-09	60.5	poly(A) RNA polymerase GLD2 isoform X4 [Homo sapiens]	TRUE	TENT2
XP_002997731.1	XP_047272810.1	0	N/A	25.974	154	26	7.7e-09	60.5	poly(A) RNA polymerase GLD2 isoform X4 [Homo sapiens]	TRUE	TENT2
XP_002997731.1	XP_047272809.1	0	N/A	25.974	154	26	7.7e-09	60.5	poly(A) RNA polymerase GLD2 isoform X4 [Homo sapiens]	TRUE	TENT2
XP_002997731.1	NP_001375058.1	0	N/A	25.974	154	26	7.7e-09	60.5	poly(A) RNA polymerase GLD2 isoform 2 [Homo sapiens]	TRUE	TENT2
XP_002997731.1	NP_001375057.1	0	N/A	25.974	154	26	7.7e-09	60.5	poly(A) RNA polymerase GLD2 isoform 2 [Homo sapiens]	TRUE	TENT2
XP_002997731.1	NP_001375056.1	0	N/A	25.974	154	26	7.7e-09	60.5	poly(A) RNA polymerase GLD2 isoform 2 [Homo sapiens]	TRUE	TENT2
XP_002997731.1	NP_001375055.1	0	N/A	25.974	154	26	7.7e-09	60.5	poly(A) RNA polymerase GLD2 isoform 2 [Homo sapiens]	TRUE	TENT2
XP_002997731.1	NP_001375054.1	0	N/A	25.974	154	26	7.7e-09	60.5	poly(A) RNA polymerase GLD2 isoform 2 [Homo sapiens]	TRUE	TENT2
XP_002997731.1	NP_001375053.1	0	N/A	25.974	154	26	7.7e-09	60.5	poly(A) RNA polymerase GLD2 isoform 2 [Homo sapiens]	TRUE	TENT2
XP_002997731.1	NP_001375052.1	0	N/A	25.974	154	26	7.7e-09	60.5	poly(A) RNA polymerase GLD2 isoform 2 [Homo sapiens]	TRUE	TENT2
XP_002998992.1	XP_016856293.1	0	N/A	35.398	226	20	7.94e-24	111	terminal uridylyltransferase 4 isoform X16 [Homo sapiens]	TRUE	Tut4
XP_002998992.1	XP_047272288.1	0	N/A	35.398	226	20	8.88e-24	111	terminal uridylyltransferase 4 isoform X10 [Homo sapiens]	TRUE	Tut4
XP_002998992.1	XP_016856292.1	0	N/A	35.398	226	20	9.84e-24	111	terminal uridylyltransferase 4 isoform X9 [Homo sapiens]	TRUE	Tut4
XP_002998992.1	XP_047272283.1	0	N/A	35.398	226	20	1.08e-23	111	terminal uridylyltransferase 4 isoform X6 [Homo sapiens]	TRUE	Tut4
XP_002998992.1	XP_005270737.1	0	N/A	35.398	226	20	1.08e-23	111	terminal uridylyltransferase 4 isoform X6 [Homo sapiens]	TRUE	Tut4
XP_002998992.1	XP_047272281.1	0	N/A	35.398	226	20	1.1e-23	111	terminal uridylyltransferase 4 isoform X4 [Homo sapiens]	TRUE	Tut4
XP_002998992.1	NP_001009881.1	0	N/A	35.398	226	20	1.1e-23	111	terminal uridylyltransferase 4 isoform a [Homo sapiens]	TRUE	Tut4
XP_002998992.1	XP_047272285.1	0	N/A	35.398	226	20	1.1e-23	111	terminal uridylyltransferase 4 isoform X7 [Homo sapiens]	TRUE	Tut4
XP_002998992.1	XP_047272282.1	0	N/A	35.398	226	20	1.11e-23	111	terminal uridylyltransferase 4 isoform X5 [Homo sapiens]	TRUE	Tut4
XP_002998992.1	NP_056084.1	0	N/A	35.398	226	20	1.11e-23	111	terminal uridylyltransferase 4 isoform b [Homo sapiens]	TRUE	Tut4
XP_002998992.1	XP_047272296.1	0	N/A	35.398	226	20	1.16e-23	111	terminal uridylyltransferase 4 isoform X13 [Homo sapiens]	TRUE	Tut4
XP_002998992.1	XP_047272295.1	0	N/A	35.398	226	20	1.17e-23	111	terminal uridylyltransferase 4 isoform X12 [Homo sapiens]	TRUE	Tut4
XP_002998992.1	XP_016856299.1	0	N/A	35.398	226	20	1.2e-23	111	terminal uridylyltransferase 4 isoform X40 [Homo sapiens]	TRUE	Tut4
XP_002998992.1	XP_047272305.1	0	N/A	35.398	226	20	1.21e-23	111	terminal uridylyltransferase 4 isoform X17 [Homo sapiens]	TRUE	Tut4
XP_002998992.1	XP_047272280.1	0	N/A	35.398	226	20	1.25e-23	111	terminal uridylyltransferase 4 isoform X3 [Homo sapiens]	TRUE	Tut4
XP_002998992.1	XP_005270736.1	0	N/A	35.398	226	20	1.25e-23	111	terminal uridylyltransferase 4 isoform X3 [Homo sapiens]	TRUE	Tut4
XP_002998992.1	XP_047272365.1	0	N/A	35.398	226	20	1.38e-23	110	terminal uridylyltransferase 4 isoform X38 [Homo sapiens]	TRUE	Tut4
XP_002998992.1	XP_047272290.1	0	N/A	35.398	226	20	1.39e-23	110	terminal uridylyltransferase 4 isoform X11 [Homo sapiens]	TRUE	Tut4
XP_002998992.1	XP_047272372.1	0	N/A	35.398	226	20	1.42e-23	110	terminal uridylyltransferase 4 isoform X42 [Homo sapiens]	TRUE	Tut4
XP_002998992.1	XP_016856297.1	0	N/A	35.398	226	20	1.46e-23	110	terminal uridylyltransferase 4 isoform X36 [Homo sapiens]	TRUE	Tut4
XP_002998992.1	XP_047272286.1	0	N/A	35.398	226	20	1.48e-23	110	terminal uridylyltransferase 4 isoform X8 [Homo sapiens]	TRUE	Tut4
XP_002998992.1	XP_011539399.1	0	N/A	35.398	226	20	1.54e-23	110	terminal uridylyltransferase 4 isoform X1 [Homo sapiens]	TRUE	Tut4
XP_002998992.1	XP_005270733.1	0	N/A	35.398	226	20	1.54e-23	110	terminal uridylyltransferase 4 isoform X1 [Homo sapiens]	TRUE	Tut4
XP_002998992.1	XP_005270735.1	0	N/A	35.398	226	20	1.56e-23	110	terminal uridylyltransferase 4 isoform X2 [Homo sapiens]	TRUE	Tut4
XP_002998992.1	XP_005270739.1	0	N/A	35.398	226	20	1.6e-23	110	terminal uridylyltransferase 4 isoform X33 [Homo sapiens]	TRUE	Tut4
XP_002998992.1	XP_011539401.1	0	N/A	35.398	226	20	1.74e-23	110	terminal uridylyltransferase 4 isoform X29 [Homo sapiens]	TRUE	Tut4
XP_002998992.1	XP_047272345.1	0	N/A	35.398	226	20	1.78e-23	110	terminal uridylyltransferase 4 isoform X31 [Homo sapiens]	TRUE	Tut4
XP_002998992.1	XP_016856296.1	0	N/A	35.398	226	20	1.87e-23	110	terminal uridylyltransferase 4 isoform X28 [Homo sapiens]	TRUE	Tut4
XP_002998992.1	XP_047272337.1	0	N/A	35.398	226	20	2e-23	110	terminal uridylyltransferase 4 isoform X27 [Homo sapiens]	TRUE	Tut4
XP_002998992.1	XP_047272350.1	0	N/A	35.398	226	20	2.25e-23	110	terminal uridylyltransferase 4 isoform X34 [Homo sapiens]	TRUE	Tut4
XP_002998992.1	XP_016856295.1	0	N/A	35.398	226	20	2.61e-23	110	terminal uridylyltransferase 4 isoform X25 [Homo sapiens]	TRUE	Tut4
XP_002998992.1	XP_047272325.1	0	N/A	35.398	226	20	2.77e-23	110	terminal uridylyltransferase 4 isoform X23 [Homo sapiens]	TRUE	Tut4
XP_002998992.1	XP_047272344.1	0	N/A	35.398	226	20	2.89e-23	110	terminal uridylyltransferase 4 isoform X30 [Homo sapiens]	TRUE	Tut4
XP_002998992.1	NP_001172003.1	0	N/A	31.466	232	21	9e-23	108	terminal uridylyltransferase 7 isoform 2 [Homo sapiens]	TRUE	Tut7
XP_002998992.1	XP_047272384.1	0	N/A	35.398	226	20	1.51e-22	107	terminal uridylyltransferase 4 isoform X46 [Homo sapiens]	TRUE	Tut4
XP_002998992.1	XP_047279823.1	0	N/A	31.466	232	21	2.39e-22	107	terminal uridylyltransferase 7 isoform X2 [Homo sapiens]	TRUE	Tut7
XP_002998992.1	XP_006717346.1	0	N/A	31.466	232	21	2.39e-22	107	terminal uridylyltransferase 7 isoform X2 [Homo sapiens]	TRUE	Tut7
XP_002998992.1	XP_011517317.1	0	N/A	31.466	232	21	2.43e-22	107	terminal uridylyltransferase 7 isoform X3 [Homo sapiens]	TRUE	Tut7
XP_002998992.1	NP_001317647.1	0	N/A	31.466	232	21	2.44e-22	106	terminal uridylyltransferase 7 isoform 3 [Homo sapiens]	TRUE	Tut7
XP_002998992.1	XP_016870620.1	0	N/A	31.466	232	21	2.73e-22	106	terminal uridylyltransferase 7 isoform X4 [Homo sapiens]	TRUE	Tut7
XP_002998992.1	XP_016870619.1	0	N/A	31.466	232	21	2.73e-22	106	terminal uridylyltransferase 7 isoform X4 [Homo sapiens]	TRUE	Tut7
XP_002998992.1	NP_078893.2	0	N/A	31.466	232	21	2.73e-22	106	terminal uridylyltransferase 7 isoform 1 [Homo sapiens]	TRUE	Tut7
XP_002998992.1	NP_001171988.1	0	N/A	31.466	232	21	2.73e-22	106	terminal uridylyltransferase 7 isoform 1 [Homo sapiens]	TRUE	Tut7
XP_002998992.1	XP_011517318.1	0	N/A	31.466	232	21	2.75e-22	106	terminal uridylyltransferase 7 isoform X5 [Homo sapiens]	TRUE	Tut7
XP_002998992.1	XP_047279825.1	0	N/A	31.466	232	21	2.85e-22	106	terminal uridylyltransferase 7 isoform X6 [Homo sapiens]	TRUE	Tut7
XP_002998992.1	XP_047279824.1	0	N/A	31.466	232	21	2.85e-22	106	terminal uridylyltransferase 7 isoform X6 [Homo sapiens]	TRUE	Tut7
XP_002998992.1	XP_005252264.1	0	N/A	31.466	232	21	2.85e-22	106	terminal uridylyltransferase 7 isoform X6 [Homo sapiens]	TRUE	Tut7
XP_002998992.1	XP_005252265.1	0	N/A	31.466	232	21	3.51e-22	106	terminal uridylyltransferase 7 isoform X7 [Homo sapiens]	TRUE	Tut7
XP_002998992.1	XP_011517316.1	0	N/A	31.466	232	21	3.54e-22	106	terminal uridylyltransferase 7 isoform X1 [Homo sapiens]	TRUE	Tut7
XP_002998992.1	XP_011517315.1	0	N/A	31.466	232	21	3.54e-22	106	terminal uridylyltransferase 7 isoform X1 [Homo sapiens]	TRUE	Tut7
XP_002998992.1	XP_011517314.1	0	N/A	31.466	232	21	3.54e-22	106	terminal uridylyltransferase 7 isoform X1 [Homo sapiens]	TRUE	Tut7
XP_002998992.1	XP_011517313.1	0	N/A	31.466	232	21	3.54e-22	106	terminal uridylyltransferase 7 isoform X1 [Homo sapiens]	TRUE	Tut7
XP_002998992.1	NP_001336477.1	0	N/A	37.952	166	15	1.72e-21	97.8	poly(A) RNA polymerase GLD2 isoform 4 [Homo sapiens]	TRUE	TENT2
XP_002998992.1	NP_001375065.1	0	N/A	37.952	166	15	8.88e-21	97.8	poly(A) RNA polymerase GLD2 isoform 14 [Homo sapiens]	TRUE	TENT2
XP_002998992.1	XP_047272805.1	0	N/A	35.417	192	18	1.26e-20	99.4	poly(A) RNA polymerase GLD2 isoform X2 [Homo sapiens]	TRUE	TENT2
XP_002998992.1	XP_047272804.1	0	N/A	35.417	192	18	1.26e-20	99.4	poly(A) RNA polymerase GLD2 isoform X2 [Homo sapiens]	TRUE	TENT2
XP_002998992.1	XP_047272803.1	0	N/A	35.417	192	18	1.26e-20	99.4	poly(A) RNA polymerase GLD2 isoform X2 [Homo sapiens]	TRUE	TENT2
XP_002998992.1	XP_047272802.1	0	N/A	35.417	192	18	1.26e-20	99.4	poly(A) RNA polymerase GLD2 isoform X2 [Homo sapiens]	TRUE	TENT2
XP_002998992.1	XP_016864641.1	0	N/A	35.417	192	18	1.26e-20	99.4	poly(A) RNA polymerase GLD2 isoform X2 [Homo sapiens]	TRUE	TENT2
XP_002998992.1	NP_001375026.1	0	N/A	35.417	192	18	1.26e-20	99.4	poly(A) RNA polymerase GLD2 isoform 6 [Homo sapiens]	TRUE	TENT2
XP_002998992.1	NP_001375025.1	0	N/A	35.417	192	18	1.26e-20	99.4	poly(A) RNA polymerase GLD2 isoform 6 [Homo sapiens]	TRUE	TENT2
XP_002998992.1	NP_001375024.1	0	N/A	35.417	192	18	1.26e-20	99.4	poly(A) RNA polymerase GLD2 isoform 6 [Homo sapiens]	TRUE	TENT2
XP_002998992.1	NP_001336480.1	0	N/A	35.417	192	18	1.26e-20	99.4	poly(A) RNA polymerase GLD2 isoform 6 [Homo sapiens]	TRUE	TENT2
XP_002998992.1	NP_001375027.1	0	N/A	35.417	192	18	1.31e-20	99.4	poly(A) RNA polymerase GLD2 isoform 7 [Homo sapiens]	TRUE	TENT2
XP_002998992.1	XP_047272820.1	0	N/A	36.364	165	15	1.38e-20	95.1	poly(A) RNA polymerase GLD2 isoform X11 [Homo sapiens]	TRUE	TENT2
XP_002998992.1	XP_047272801.1	0	N/A	35.417	192	18	1.84e-20	99	poly(A) RNA polymerase GLD2 isoform X1 [Homo sapiens]	TRUE	TENT2
XP_002998992.1	XP_047272800.1	0	N/A	35.417	192	18	1.84e-20	99	poly(A) RNA polymerase GLD2 isoform X1 [Homo sapiens]	TRUE	TENT2
XP_002998992.1	XP_011541527.1	0	N/A	35.417	192	18	1.84e-20	99	poly(A) RNA polymerase GLD2 isoform X1 [Homo sapiens]	TRUE	TENT2
XP_002998992.1	XP_011541526.1	0	N/A	35.417	192	18	1.84e-20	99	poly(A) RNA polymerase GLD2 isoform X1 [Homo sapiens]	TRUE	TENT2
XP_002998992.1	XP_011541523.1	0	N/A	35.417	192	18	1.84e-20	99	poly(A) RNA polymerase GLD2 isoform X1 [Homo sapiens]	TRUE	TENT2
XP_002998992.1	XP_011541522.1	0	N/A	35.417	192	18	1.84e-20	99	poly(A) RNA polymerase GLD2 isoform X1 [Homo sapiens]	TRUE	TENT2
XP_002998992.1	NP_001375023.1	0	N/A	35.417	192	18	1.84e-20	99	poly(A) RNA polymerase GLD2 isoform 5 [Homo sapiens]	TRUE	TENT2
XP_002998992.1	NP_001375022.1	0	N/A	35.417	192	18	1.84e-20	99	poly(A) RNA polymerase GLD2 isoform 5 [Homo sapiens]	TRUE	TENT2
XP_002998992.1	NP_001336479.1	0	N/A	35.417	192	18	1.84e-20	99	poly(A) RNA polymerase GLD2 isoform 5 [Homo sapiens]	TRUE	TENT2
XP_002998992.1	NP_001336478.1	0	N/A	35.417	192	18	1.84e-20	99	poly(A) RNA polymerase GLD2 isoform 5 [Homo sapiens]	TRUE	TENT2
XP_002998992.1	NP_001375061.1	0	N/A	36.364	165	15	2.06e-20	98.2	poly(A) RNA polymerase GLD2 isoform 12 [Homo sapiens]	TRUE	TENT2
XP_002998992.1	XP_047272811.1	0	N/A	37.952	166	15	2.51e-20	98.2	poly(A) RNA polymerase GLD2 isoform X4 [Homo sapiens]	TRUE	TENT2
XP_002998992.1	XP_047272810.1	0	N/A	37.952	166	15	2.51e-20	98.2	poly(A) RNA polymerase GLD2 isoform X4 [Homo sapiens]	TRUE	TENT2
XP_002998992.1	XP_047272809.1	0	N/A	37.952	166	15	2.51e-20	98.2	poly(A) RNA polymerase GLD2 isoform X4 [Homo sapiens]	TRUE	TENT2
XP_002998992.1	NP_001375058.1	0	N/A	37.952	166	15	2.51e-20	98.2	poly(A) RNA polymerase GLD2 isoform 2 [Homo sapiens]	TRUE	TENT2
XP_002998992.1	NP_001375057.1	0	N/A	37.952	166	15	2.51e-20	98.2	poly(A) RNA polymerase GLD2 isoform 2 [Homo sapiens]	TRUE	TENT2
XP_002998992.1	NP_001375056.1	0	N/A	37.952	166	15	2.51e-20	98.2	poly(A) RNA polymerase GLD2 isoform 2 [Homo sapiens]	TRUE	TENT2
XP_002998992.1	NP_001375055.1	0	N/A	37.952	166	15	2.51e-20	98.2	poly(A) RNA polymerase GLD2 isoform 2 [Homo sapiens]	TRUE	TENT2
XP_002998992.1	NP_001375054.1	0	N/A	37.952	166	15	2.51e-20	98.2	poly(A) RNA polymerase GLD2 isoform 2 [Homo sapiens]	TRUE	TENT2
XP_002998992.1	NP_001375053.1	0	N/A	37.952	166	15	2.51e-20	98.2	poly(A) RNA polymerase GLD2 isoform 2 [Homo sapiens]	TRUE	TENT2
XP_002998992.1	NP_001375052.1	0	N/A	37.952	166	15	2.51e-20	98.2	poly(A) RNA polymerase GLD2 isoform 2 [Homo sapiens]	TRUE	TENT2
XP_002998992.1	NP_001375051.1	0	N/A	37.952	166	15	2.51e-20	98.2	poly(A) RNA polymerase GLD2 isoform 2 [Homo sapiens]	TRUE	TENT2
XP_002998992.1	NP_001375050.1	0	N/A	37.952	166	15	2.51e-20	98.2	poly(A) RNA polymerase GLD2 isoform 2 [Homo sapiens]	TRUE	TENT2
XP_002998992.1	NP_001375049.1	0	N/A	37.952	166	15	2.51e-20	98.2	poly(A) RNA polymerase GLD2 isoform 2 [Homo sapiens]	TRUE	TENT2
XP_002998992.1	NP_001375048.1	0	N/A	37.952	166	15	2.51e-20	98.2	poly(A) RNA polymerase GLD2 isoform 2 [Homo sapiens]	TRUE	TENT2
XP_002998992.1	NP_001375047.1	0	N/A	37.952	166	15	2.51e-20	98.2	poly(A) RNA polymerase GLD2 isoform 2 [Homo sapiens]	TRUE	TENT2
XP_002998992.1	NP_001375046.1	0	N/A	37.952	166	15	2.51e-20	98.2	poly(A) RNA polymerase GLD2 isoform 2 [Homo sapiens]	TRUE	TENT2
XP_002998992.1	NP_001375045.1	0	N/A	37.952	166	15	2.51e-20	98.2	poly(A) RNA polymerase GLD2 isoform 2 [Homo sapiens]	TRUE	TENT2
XP_002998992.1	NP_001375044.1	0	N/A	37.952	166	15	2.51e-20	98.2	poly(A) RNA polymerase GLD2 isoform 2 [Homo sapiens]	TRUE	TENT2
XP_002998992.1	NP_001375043.1	0	N/A	37.952	166	15	2.51e-20	98.2	poly(A) RNA polymerase GLD2 isoform 2 [Homo sapiens]	TRUE	TENT2
XP_002998992.1	NP_001336483.1	0	N/A	37.952	166	15	2.51e-20	98.2	poly(A) RNA polymerase GLD2 isoform 2 [Homo sapiens]	TRUE	TENT2
XP_002998992.1	NP_001284673.1	0	N/A	37.952	166	15	2.51e-20	98.2	poly(A) RNA polymerase GLD2 isoform 2 [Homo sapiens]	TRUE	TENT2
XP_002998992.1	NP_001375059.1	0	N/A	36.364	165	15	2.82e-20	98.2	poly(A) RNA polymerase GLD2 isoform 10 [Homo sapiens]	TRUE	TENT2
XP_002998992.1	NP_001375060.1	0	N/A	36.364	165	15	2.93e-20	97.8	poly(A) RNA polymerase GLD2 isoform 11 [Homo sapiens]	TRUE	TENT2
XP_002998992.1	NP_001375042.1	0	N/A	36.364	165	15	3.87e-20	97.8	poly(A) RNA polymerase GLD2 isoform 16 [Homo sapiens]	TRUE	TENT2
XP_002999251.1	NP_001375065.1	0	N/A	28.144	334	58	4.85e-33	132	poly(A) RNA polymerase GLD2 isoform 14 [Homo sapiens]	TRUE	TENT2
XP_002999251.1	NP_001375061.1	0	N/A	28.144	334	58	6.8e-33	133	poly(A) RNA polymerase GLD2 isoform 12 [Homo sapiens]	TRUE	TENT2
XP_002999251.1	NP_001375059.1	0	N/A	28.144	334	58	9.41e-33	133	poly(A) RNA polymerase GLD2 isoform 10 [Homo sapiens]	TRUE	TENT2
XP_002999251.1	XP_047272811.1	0	N/A	28.144	334	58	9.44e-33	133	poly(A) RNA polymerase GLD2 isoform X4 [Homo sapiens]	TRUE	TENT2
XP_002999251.1	XP_047272810.1	0	N/A	28.144	334	58	9.44e-33	133	poly(A) RNA polymerase GLD2 isoform X4 [Homo sapiens]	TRUE	TENT2
XP_002999251.1	XP_047272809.1	0	N/A	28.144	334	58	9.44e-33	133	poly(A) RNA polymerase GLD2 isoform X4 [Homo sapiens]	TRUE	TENT2
XP_002999251.1	NP_001375058.1	0	N/A	28.144	334	58	9.44e-33	133	poly(A) RNA polymerase GLD2 isoform 2 [Homo sapiens]	TRUE	TENT2
XP_002999251.1	NP_001375057.1	0	N/A	28.144	334	58	9.44e-33	133	poly(A) RNA polymerase GLD2 isoform 2 [Homo sapiens]	TRUE	TENT2
XP_002999251.1	NP_001375056.1	0	N/A	28.144	334	58	9.44e-33	133	poly(A) RNA polymerase GLD2 isoform 2 [Homo sapiens]	TRUE	TENT2
XP_002999251.1	NP_001375055.1	0	N/A	28.144	334	58	9.44e-33	133	poly(A) RNA polymerase GLD2 isoform 2 [Homo sapiens]	TRUE	TENT2
XP_002999251.1	NP_001375054.1	0	N/A	28.144	334	58	9.44e-33	133	poly(A) RNA polymerase GLD2 isoform 2 [Homo sapiens]	TRUE	TENT2
XP_002999251.1	NP_001375053.1	0	N/A	28.144	334	58	9.44e-33	133	poly(A) RNA polymerase GLD2 isoform 2 [Homo sapiens]	TRUE	TENT2
XP_002999251.1	NP_001375052.1	0	N/A	28.144	334	58	9.44e-33	133	poly(A) RNA polymerase GLD2 isoform 2 [Homo sapiens]	TRUE	TENT2
XP_002999251.1	NP_001375051.1	0	N/A	28.144	334	58	9.44e-33	133	poly(A) RNA polymerase GLD2 isoform 2 [Homo sapiens]	TRUE	TENT2
XP_002999251.1	NP_001375050.1	0	N/A	28.144	334	58	9.44e-33	133	poly(A) RNA polymerase GLD2 isoform 2 [Homo sapiens]	TRUE	TENT2
XP_002999251.1	NP_001375049.1	0	N/A	28.144	334	58	9.44e-33	133	poly(A) RNA polymerase GLD2 isoform 2 [Homo sapiens]	TRUE	TENT2
XP_002999251.1	NP_001375048.1	0	N/A	28.144	334	58	9.44e-33	133	poly(A) RNA polymerase GLD2 isoform 2 [Homo sapiens]	TRUE	TENT2
XP_002999251.1	NP_001375047.1	0	N/A	28.144	334	58	9.44e-33	133	poly(A) RNA polymerase GLD2 isoform 2 [Homo sapiens]	TRUE	TENT2
XP_002999251.1	NP_001375046.1	0	N/A	28.144	334	58	9.44e-33	133	poly(A) RNA polymerase GLD2 isoform 2 [Homo sapiens]	TRUE	TENT2
XP_002999251.1	NP_001375045.1	0	N/A	28.144	334	58	9.44e-33	133	poly(A) RNA polymerase GLD2 isoform 2 [Homo sapiens]	TRUE	TENT2
XP_002999251.1	NP_001375044.1	0	N/A	28.144	334	58	9.44e-33	133	poly(A) RNA polymerase GLD2 isoform 2 [Homo sapiens]	TRUE	TENT2
XP_002999251.1	NP_001375043.1	0	N/A	28.144	334	58	9.44e-33	133	poly(A) RNA polymerase GLD2 isoform 2 [Homo sapiens]	TRUE	TENT2
XP_002999251.1	NP_001336483.1	0	N/A	28.144	334	58	9.44e-33	133	poly(A) RNA polymerase GLD2 isoform 2 [Homo sapiens]	TRUE	TENT2
XP_002999251.1	NP_001284673.1	0	N/A	28.144	334	58	9.44e-33	133	poly(A) RNA polymerase GLD2 isoform 2 [Homo sapiens]	TRUE	TENT2
XP_002999251.1	XP_005252265.1	0	N/A	27.66	376	64	1.43e-32	136	terminal uridylyltransferase 7 isoform X7 [Homo sapiens]	TRUE	Tut7
XP_002999251.1	XP_047279823.1	0	N/A	27.793	367	62	3.1e-32	135	terminal uridylyltransferase 7 isoform X2 [Homo sapiens]	TRUE	Tut7
XP_002999251.1	XP_006717346.1	0	N/A	27.793	367	62	3.1e-32	135	terminal uridylyltransferase 7 isoform X2 [Homo sapiens]	TRUE	Tut7
XP_002999251.1	XP_011517316.1	0	N/A	27.793	367	62	3.11e-32	135	terminal uridylyltransferase 7 isoform X1 [Homo sapiens]	TRUE	Tut7
XP_002999251.1	XP_011517315.1	0	N/A	27.793	367	62	3.11e-32	135	terminal uridylyltransferase 7 isoform X1 [Homo sapiens]	TRUE	Tut7
XP_002999251.1	XP_011517314.1	0	N/A	27.793	367	62	3.11e-32	135	terminal uridylyltransferase 7 isoform X1 [Homo sapiens]	TRUE	Tut7
XP_002999251.1	XP_011517313.1	0	N/A	27.793	367	62	3.11e-32	135	terminal uridylyltransferase 7 isoform X1 [Homo sapiens]	TRUE	Tut7
XP_002999251.1	NP_001375060.1	0	N/A	28.228	333	58	3.16e-32	131	poly(A) RNA polymerase GLD2 isoform 11 [Homo sapiens]	TRUE	TENT2
XP_002999251.1	NP_001317647.1	0	N/A	27.793	367	62	3.81e-32	134	terminal uridylyltransferase 7 isoform 3 [Homo sapiens]	TRUE	Tut7
XP_002999251.1	XP_047272808.1	0	N/A	28.228	333	58	3.92e-32	131	poly(A) RNA polymerase GLD2 isoform X3 [Homo sapiens]	TRUE	TENT2
XP_002999251.1	XP_047272807.1	0	N/A	28.228	333	58	3.92e-32	131	poly(A) RNA polymerase GLD2 isoform X3 [Homo sapiens]	TRUE	TENT2
XP_002999251.1	XP_047272806.1	0	N/A	28.228	333	58	3.92e-32	131	poly(A) RNA polymerase GLD2 isoform X3 [Homo sapiens]	TRUE	TENT2
XP_002999251.1	NP_776158.2	0	N/A	28.228	333	58	3.92e-32	131	poly(A) RNA polymerase GLD2 isoform 1 [Homo sapiens]	TRUE	TENT2
XP_002999251.1	NP_001375041.1	0	N/A	28.228	333	58	3.92e-32	131	poly(A) RNA polymerase GLD2 isoform 1 [Homo sapiens]	TRUE	TENT2
XP_002999251.1	NP_001375040.1	0	N/A	28.228	333	58	3.92e-32	131	poly(A) RNA polymerase GLD2 isoform 1 [Homo sapiens]	TRUE	TENT2
XP_002999251.1	NP_001375039.1	0	N/A	28.228	333	58	3.92e-32	131	poly(A) RNA polymerase GLD2 isoform 1 [Homo sapiens]	TRUE	TENT2
XP_002999251.1	NP_001375038.1	0	N/A	28.228	333	58	3.92e-32	131	poly(A) RNA polymerase GLD2 isoform 1 [Homo sapiens]	TRUE	TENT2
XP_002999251.1	NP_001375037.1	0	N/A	28.228	333	58	3.92e-32	131	poly(A) RNA polymerase GLD2 isoform 1 [Homo sapiens]	TRUE	TENT2
XP_002999251.1	NP_001375036.1	0	N/A	28.228	333	58	3.92e-32	131	poly(A) RNA polymerase GLD2 isoform 1 [Homo sapiens]	TRUE	TENT2
XP_002999251.1	NP_001375035.1	0	N/A	28.228	333	58	3.92e-32	131	poly(A) RNA polymerase GLD2 isoform 1 [Homo sapiens]	TRUE	TENT2
XP_002999251.1	NP_001375034.1	0	N/A	28.228	333	58	3.92e-32	131	poly(A) RNA polymerase GLD2 isoform 1 [Homo sapiens]	TRUE	TENT2
XP_002999251.1	NP_001375032.1	0	N/A	28.228	333	58	3.92e-32	131	poly(A) RNA polymerase GLD2 isoform 1 [Homo sapiens]	TRUE	TENT2
XP_002999251.1	NP_001375031.1	0	N/A	28.228	333	58	3.92e-32	131	poly(A) RNA polymerase GLD2 isoform 1 [Homo sapiens]	TRUE	TENT2
XP_002999251.1	NP_001336482.1	0	N/A	28.228	333	58	3.92e-32	131	poly(A) RNA polymerase GLD2 isoform 1 [Homo sapiens]	TRUE	TENT2
XP_002999251.1	NP_001336481.1	0	N/A	28.228	333	58	3.92e-32	131	poly(A) RNA polymerase GLD2 isoform 1 [Homo sapiens]	TRUE	TENT2
XP_002999251.1	NP_001107866.1	0	N/A	28.228	333	58	3.92e-32	131	poly(A) RNA polymerase GLD2 isoform 1 [Homo sapiens]	TRUE	TENT2
XP_002999251.1	NP_001107865.1	0	N/A	28.228	333	58	3.92e-32	131	poly(A) RNA polymerase GLD2 isoform 1 [Homo sapiens]	TRUE	TENT2
XP_002999251.1	XP_011517317.1	0	N/A	27.793	367	62	3.92e-32	134	terminal uridylyltransferase 7 isoform X3 [Homo sapiens]	TRUE	Tut7
XP_002999251.1	XP_047279825.1	0	N/A	27.793	367	62	4.08e-32	134	terminal uridylyltransferase 7 isoform X6 [Homo sapiens]	TRUE	Tut7
XP_002999251.1	XP_047279824.1	0	N/A	27.793	367	62	4.08e-32	134	terminal uridylyltransferase 7 isoform X6 [Homo sapiens]	TRUE	Tut7
XP_002999251.1	XP_005252264.1	0	N/A	27.793	367	62	4.08e-32	134	terminal uridylyltransferase 7 isoform X6 [Homo sapiens]	TRUE	Tut7
XP_002999251.1	NP_001375042.1	0	N/A	28.228	333	58	4.14e-32	131	poly(A) RNA polymerase GLD2 isoform 16 [Homo sapiens]	TRUE	TENT2
XP_002999251.1	XP_016870620.1	0	N/A	27.793	367	62	4.83e-32	134	terminal uridylyltransferase 7 isoform X4 [Homo sapiens]	TRUE	Tut7
XP_002999251.1	XP_016870619.1	0	N/A	27.793	367	62	4.83e-32	134	terminal uridylyltransferase 7 isoform X4 [Homo sapiens]	TRUE	Tut7
XP_002999251.1	NP_078893.2	0	N/A	27.793	367	62	4.83e-32	134	terminal uridylyltransferase 7 isoform 1 [Homo sapiens]	TRUE	Tut7
XP_002999251.1	NP_001171988.1	0	N/A	27.793	367	62	4.83e-32	134	terminal uridylyltransferase 7 isoform 1 [Homo sapiens]	TRUE	Tut7
XP_002999251.1	XP_011517318.1	0	N/A	27.793	367	62	5.04e-32	134	terminal uridylyltransferase 7 isoform X5 [Homo sapiens]	TRUE	Tut7
XP_002999251.1	NP_001375030.1	0	N/A	27.457	346	58	4.61e-30	125	poly(A) RNA polymerase GLD2 isoform 9 [Homo sapiens]	TRUE	TENT2
XP_002999251.1	NP_001375029.1	0	N/A	27.536	345	58	1.67e-29	124	poly(A) RNA polymerase GLD2 isoform 8 [Homo sapiens]	TRUE	TENT2
XP_002999251.1	NP_001375028.1	0	N/A	27.536	345	58	1.67e-29	124	poly(A) RNA polymerase GLD2 isoform 8 [Homo sapiens]	TRUE	TENT2
XP_002999251.1	XP_047272805.1	0	N/A	25.915	355	58	8.01e-28	119	poly(A) RNA polymerase GLD2 isoform X2 [Homo sapiens]	TRUE	TENT2
XP_002999251.1	XP_047272804.1	0	N/A	25.915	355	58	8.01e-28	119	poly(A) RNA polymerase GLD2 isoform X2 [Homo sapiens]	TRUE	TENT2
XP_002999251.1	XP_047272803.1	0	N/A	25.915	355	58	8.01e-28	119	poly(A) RNA polymerase GLD2 isoform X2 [Homo sapiens]	TRUE	TENT2
XP_002999251.1	XP_047272802.1	0	N/A	25.915	355	58	8.01e-28	119	poly(A) RNA polymerase GLD2 isoform X2 [Homo sapiens]	TRUE	TENT2
XP_002999251.1	XP_016864641.1	0	N/A	25.915	355	58	8.01e-28	119	poly(A) RNA polymerase GLD2 isoform X2 [Homo sapiens]	TRUE	TENT2
XP_002999251.1	NP_001375026.1	0	N/A	25.915	355	58	8.01e-28	119	poly(A) RNA polymerase GLD2 isoform 6 [Homo sapiens]	TRUE	TENT2
XP_002999251.1	NP_001375025.1	0	N/A	25.915	355	58	8.01e-28	119	poly(A) RNA polymerase GLD2 isoform 6 [Homo sapiens]	TRUE	TENT2
XP_002999251.1	NP_001375024.1	0	N/A	25.915	355	58	8.01e-28	119	poly(A) RNA polymerase GLD2 isoform 6 [Homo sapiens]	TRUE	TENT2
XP_002999251.1	NP_001336480.1	0	N/A	25.915	355	58	8.01e-28	119	poly(A) RNA polymerase GLD2 isoform 6 [Homo sapiens]	TRUE	TENT2
XP_002999251.1	XP_047272345.1	0	N/A	25.412	425	68	8.43e-28	121	terminal uridylyltransferase 4 isoform X31 [Homo sapiens]	TRUE	Tut4
XP_002999251.1	XP_016856295.1	0	N/A	25.412	425	68	8.79e-28	121	terminal uridylyltransferase 4 isoform X25 [Homo sapiens]	TRUE	Tut4
XP_002999251.1	XP_016856297.1	0	N/A	25.412	425	68	8.95e-28	121	terminal uridylyltransferase 4 isoform X36 [Homo sapiens]	TRUE	Tut4
XP_002999251.1	NP_001375027.1	0	N/A	25.915	355	58	9.4e-28	119	poly(A) RNA polymerase GLD2 isoform 7 [Homo sapiens]	TRUE	TENT2
XP_002999251.1	XP_016856296.1	0	N/A	25.412	425	68	9.6e-28	121	terminal uridylyltransferase 4 isoform X28 [Homo sapiens]	TRUE	Tut4
XP_002999251.1	XP_016856299.1	0	N/A	25.412	425	68	9.77e-28	121	terminal uridylyltransferase 4 isoform X40 [Homo sapiens]	TRUE	Tut4
XP_002999251.1	XP_016856293.1	0	N/A	25.412	425	68	1.1e-27	121	terminal uridylyltransferase 4 isoform X16 [Homo sapiens]	TRUE	Tut4
XP_002999251.1	XP_047272280.1	0	N/A	25.412	425	68	1.12e-27	121	terminal uridylyltransferase 4 isoform X3 [Homo sapiens]	TRUE	Tut4
XP_002999251.1	XP_005270736.1	0	N/A	25.412	425	68	1.12e-27	121	terminal uridylyltransferase 4 isoform X3 [Homo sapiens]	TRUE	Tut4
XP_002999251.1	XP_016856292.1	0	N/A	25.412	425	68	1.13e-27	121	terminal uridylyltransferase 4 isoform X9 [Homo sapiens]	TRUE	Tut4
XP_002999251.1	XP_047272283.1	0	N/A	25.412	425	68	1.19e-27	121	terminal uridylyltransferase 4 isoform X6 [Homo sapiens]	TRUE	Tut4
XP_002999251.1	XP_005270737.1	0	N/A	25.412	425	68	1.19e-27	121	terminal uridylyltransferase 4 isoform X6 [Homo sapiens]	TRUE	Tut4
XP_002999251.1	XP_047272384.1	0	N/A	26.866	402	69	1.21e-27	120	terminal uridylyltransferase 4 isoform X46 [Homo sapiens]	TRUE	Tut4
XP_002999251.1	XP_005270735.1	0	N/A	26.933	401	69	1.28e-27	120	terminal uridylyltransferase 4 isoform X2 [Homo sapiens]	TRUE	Tut4
XP_002999251.1	XP_047272365.1	0	N/A	26.933	401	69	1.29e-27	120	terminal uridylyltransferase 4 isoform X38 [Homo sapiens]	TRUE	Tut4
XP_002999251.1	XP_047272285.1	0	N/A	26.933	401	69	1.32e-27	120	terminal uridylyltransferase 4 isoform X7 [Homo sapiens]	TRUE	Tut4
XP_002999251.1	XP_047272337.1	0	N/A	26.933	401	69	1.56e-27	120	terminal uridylyltransferase 4 isoform X27 [Homo sapiens]	TRUE	Tut4
XP_002999251.1	XP_047272325.1	0	N/A	26.933	401	69	1.58e-27	120	terminal uridylyltransferase 4 isoform X23 [Homo sapiens]	TRUE	Tut4
XP_002999251.1	XP_011539401.1	0	N/A	26.866	402	69	1.62e-27	120	terminal uridylyltransferase 4 isoform X29 [Homo sapiens]	TRUE	Tut4
XP_002999251.1	XP_047272282.1	0	N/A	26.933	401	69	1.64e-27	120	terminal uridylyltransferase 4 isoform X5 [Homo sapiens]	TRUE	Tut4
XP_002999251.1	NP_056084.1	0	N/A	26.933	401	69	1.64e-27	120	terminal uridylyltransferase 4 isoform b [Homo sapiens]	TRUE	Tut4
XP_002999251.1	XP_011539399.1	0	N/A	26.866	402	69	1.73e-27	120	terminal uridylyltransferase 4 isoform X1 [Homo sapiens]	TRUE	Tut4
XP_002999251.1	XP_005270733.1	0	N/A	26.866	402	69	1.73e-27	120	terminal uridylyltransferase 4 isoform X1 [Homo sapiens]	TRUE	Tut4
XP_002999251.1	XP_005270739.1	0	N/A	26.866	402	69	1.83e-27	120	terminal uridylyltransferase 4 isoform X33 [Homo sapiens]	TRUE	Tut4
XP_002999251.1	NP_001336477.1	0	N/A	30.579	242	42	1.87e-27	113	poly(A) RNA polymerase GLD2 isoform 4 [Homo sapiens]	TRUE	TENT2
XP_002999251.1	XP_047272281.1	0	N/A	26.866	402	69	2e-27	120	terminal uridylyltransferase 4 isoform X4 [Homo sapiens]	TRUE	Tut4
XP_002999251.1	NP_001009881.1	0	N/A	26.866	402	69	2e-27	120	terminal uridylyltransferase 4 isoform a [Homo sapiens]	TRUE	Tut4
XP_003079952.2	NP_008930.2	0	N/A	27.313	227	36	1.61e-18	92.4	terminal nucleotidyltransferase 4A isoform 1 [Homo sapiens]	TRUE	TENT4A
XP_003079952.2	NP_001165276.2	0	N/A	27.313	227	36	1.71e-18	92.4	terminal nucleotidyltransferase 4A isoform 2 [Homo sapiens]	TRUE	TENT4A
XP_003079952.2	XP_047290433.1	0	N/A	28.509	228	37	9.12e-16	82.8	terminal nucleotidyltransferase 4B isoform X6 [Homo sapiens]	TRUE	TENT4B
XP_003079952.2	XP_011521580.1	0	N/A	28.509	228	37	9.5e-16	83.2	terminal nucleotidyltransferase 4B isoform X5 [Homo sapiens]	TRUE	TENT4B
XP_003079952.2	NP_001035374.2	0	N/A	28.634	227	36	1.41e-15	82.8	terminal nucleotidyltransferase 4B isoform a [Homo sapiens]	TRUE	TENT4B
XP_003079952.2	XP_011521577.1	0	N/A	28.634	227	36	1.41e-15	82.8	terminal nucleotidyltransferase 4B isoform X1 [Homo sapiens]	TRUE	TENT4B
XP_003079952.2	NP_001035375.2	0	N/A	28.634	227	36	1.49e-15	82.8	terminal nucleotidyltransferase 4B isoform b [Homo sapiens]	TRUE	TENT4B
XP_003079952.2	XP_011521578.1	0	N/A	28.634	227	36	1.49e-15	82.8	terminal nucleotidyltransferase 4B isoform X2 [Homo sapiens]	TRUE	TENT4B
XP_003079952.2	NP_001352253.1	0	N/A	28.634	227	36	2.16e-15	82.4	terminal nucleotidyltransferase 4B isoform d [Homo sapiens]	TRUE	TENT4B
XP_003079952.2	XP_047290431.1	0	N/A	28.634	227	36	2.2e-15	82.4	terminal nucleotidyltransferase 4B isoform X3 [Homo sapiens]	TRUE	TENT4B
XP_003079952.2	NP_001352252.1	0	N/A	28.634	227	36	2.49e-15	82	terminal nucleotidyltransferase 4B isoform c [Homo sapiens]	TRUE	TENT4B
XP_003079952.2	XP_047290432.1	0	N/A	28.634	227	36	2.94e-15	81.6	terminal nucleotidyltransferase 4B isoform X4 [Homo sapiens]	TRUE	TENT4B
XP_003079952.2	XP_047272622.1	0	N/A	27.619	210	34	4.09e-15	81.3	terminal nucleotidyltransferase 4A isoform X1 [Homo sapiens]	TRUE	TENT4A
XP_003079952.2	XP_047272621.1	0	N/A	27.619	210	34	4.09e-15	81.3	terminal nucleotidyltransferase 4A isoform X1 [Homo sapiens]	TRUE	TENT4A
XP_003079952.2	XP_047272620.1	0	N/A	27.619	210	34	4.09e-15	81.3	terminal nucleotidyltransferase 4A isoform X1 [Homo sapiens]	TRUE	TENT4A
XP_003079952.2	XP_047272624.1	0	N/A	27.67	206	33	1.08e-14	79.7	terminal nucleotidyltransferase 4A isoform X3 [Homo sapiens]	TRUE	TENT4A
XP_003079952.2	XP_047272623.1	0	N/A	27.67	206	33	1.1e-14	79.7	terminal nucleotidyltransferase 4A isoform X2 [Homo sapiens]	TRUE	TENT4A
XP_003079952.2	XP_016864477.1	0	N/A	27.67	206	33	1.1e-14	79.7	terminal nucleotidyltransferase 4A isoform X2 [Homo sapiens]	TRUE	TENT4A
XP_003079952.2	XP_047272808.1	0	N/A	23.906	297	42	3.72e-10	65.1	poly(A) RNA polymerase GLD2 isoform X3 [Homo sapiens]	TRUE	TENT2
XP_003079952.2	XP_047272807.1	0	N/A	23.906	297	42	3.72e-10	65.1	poly(A) RNA polymerase GLD2 isoform X3 [Homo sapiens]	TRUE	TENT2
XP_003079952.2	XP_047272806.1	0	N/A	23.906	297	42	3.72e-10	65.1	poly(A) RNA polymerase GLD2 isoform X3 [Homo sapiens]	TRUE	TENT2
XP_003079952.2	NP_776158.2	0	N/A	23.906	297	42	3.72e-10	65.1	poly(A) RNA polymerase GLD2 isoform 1 [Homo sapiens]	TRUE	TENT2
XP_003079952.2	NP_001375041.1	0	N/A	23.906	297	42	3.72e-10	65.1	poly(A) RNA polymerase GLD2 isoform 1 [Homo sapiens]	TRUE	TENT2
XP_003079952.2	NP_001375040.1	0	N/A	23.906	297	42	3.72e-10	65.1	poly(A) RNA polymerase GLD2 isoform 1 [Homo sapiens]	TRUE	TENT2
XP_003079952.2	NP_001375039.1	0	N/A	23.906	297	42	3.72e-10	65.1	poly(A) RNA polymerase GLD2 isoform 1 [Homo sapiens]	TRUE	TENT2
XP_003079952.2	NP_001375038.1	0	N/A	23.906	297	42	3.72e-10	65.1	poly(A) RNA polymerase GLD2 isoform 1 [Homo sapiens]	TRUE	TENT2
XP_003079952.2	NP_001375037.1	0	N/A	23.906	297	42	3.72e-10	65.1	poly(A) RNA polymerase GLD2 isoform 1 [Homo sapiens]	TRUE	TENT2
XP_003079952.2	NP_001375036.1	0	N/A	23.906	297	42	3.72e-10	65.1	poly(A) RNA polymerase GLD2 isoform 1 [Homo sapiens]	TRUE	TENT2
XP_003079952.2	NP_001375035.1	0	N/A	23.906	297	42	3.72e-10	65.1	poly(A) RNA polymerase GLD2 isoform 1 [Homo sapiens]	TRUE	TENT2
XP_003079952.2	NP_001375034.1	0	N/A	23.906	297	42	3.72e-10	65.1	poly(A) RNA polymerase GLD2 isoform 1 [Homo sapiens]	TRUE	TENT2
XP_003079952.2	NP_001375032.1	0	N/A	23.906	297	42	3.72e-10	65.1	poly(A) RNA polymerase GLD2 isoform 1 [Homo sapiens]	TRUE	TENT2
XP_003079952.2	NP_001375031.1	0	N/A	23.906	297	42	3.72e-10	65.1	poly(A) RNA polymerase GLD2 isoform 1 [Homo sapiens]	TRUE	TENT2
XP_003079952.2	NP_001336482.1	0	N/A	23.906	297	42	3.72e-10	65.1	poly(A) RNA polymerase GLD2 isoform 1 [Homo sapiens]	TRUE	TENT2
XP_003079952.2	NP_001336481.1	0	N/A	23.906	297	42	3.72e-10	65.1	poly(A) RNA polymerase GLD2 isoform 1 [Homo sapiens]	TRUE	TENT2
XP_003079952.2	NP_001107866.1	0	N/A	23.906	297	42	3.72e-10	65.1	poly(A) RNA polymerase GLD2 isoform 1 [Homo sapiens]	TRUE	TENT2
XP_003079952.2	NP_001107865.1	0	N/A	23.906	297	42	3.72e-10	65.1	poly(A) RNA polymerase GLD2 isoform 1 [Homo sapiens]	TRUE	TENT2
XP_003079952.2	NP_001375060.1	0	N/A	23.906	297	42	3.9e-10	65.1	poly(A) RNA polymerase GLD2 isoform 11 [Homo sapiens]	TRUE	TENT2
XP_003079952.2	NP_001375042.1	0	N/A	23.906	297	42	4.05e-10	65.1	poly(A) RNA polymerase GLD2 isoform 16 [Homo sapiens]	TRUE	TENT2
XP_003079952.2	XP_047272805.1	0	N/A	23.077	312	42	1.02e-09	63.9	poly(A) RNA polymerase GLD2 isoform X2 [Homo sapiens]	TRUE	TENT2
XP_003079952.2	XP_047272804.1	0	N/A	23.077	312	42	1.02e-09	63.9	poly(A) RNA polymerase GLD2 isoform X2 [Homo sapiens]	TRUE	TENT2
XP_003079952.2	XP_047272803.1	0	N/A	23.077	312	42	1.02e-09	63.9	poly(A) RNA polymerase GLD2 isoform X2 [Homo sapiens]	TRUE	TENT2
XP_003079952.2	XP_047272802.1	0	N/A	23.077	312	42	1.02e-09	63.9	poly(A) RNA polymerase GLD2 isoform X2 [Homo sapiens]	TRUE	TENT2
XP_003079952.2	XP_016864641.1	0	N/A	23.077	312	42	1.02e-09	63.9	poly(A) RNA polymerase GLD2 isoform X2 [Homo sapiens]	TRUE	TENT2
XP_003079952.2	NP_001375026.1	0	N/A	23.077	312	42	1.02e-09	63.9	poly(A) RNA polymerase GLD2 isoform 6 [Homo sapiens]	TRUE	TENT2
XP_003079952.2	NP_001375025.1	0	N/A	23.077	312	42	1.02e-09	63.9	poly(A) RNA polymerase GLD2 isoform 6 [Homo sapiens]	TRUE	TENT2
XP_003079952.2	NP_001375024.1	0	N/A	23.077	312	42	1.02e-09	63.9	poly(A) RNA polymerase GLD2 isoform 6 [Homo sapiens]	TRUE	TENT2
XP_003079952.2	NP_001336480.1	0	N/A	23.077	312	42	1.02e-09	63.9	poly(A) RNA polymerase GLD2 isoform 6 [Homo sapiens]	TRUE	TENT2
XP_003079952.2	NP_001375027.1	0	N/A	23.077	312	42	1.09e-09	63.9	poly(A) RNA polymerase GLD2 isoform 7 [Homo sapiens]	TRUE	TENT2
XP_003079952.2	NP_001375029.1	0	N/A	23.355	304	42	2.26e-09	62.8	poly(A) RNA polymerase GLD2 isoform 8 [Homo sapiens]	TRUE	TENT2
XP_003079952.2	NP_001375028.1	0	N/A	23.355	304	42	2.26e-09	62.8	poly(A) RNA polymerase GLD2 isoform 8 [Homo sapiens]	TRUE	TENT2
XP_003079952.2	XP_047272801.1	0	N/A	22.785	316	42	3.38e-09	62.4	poly(A) RNA polymerase GLD2 isoform X1 [Homo sapiens]	TRUE	TENT2
XP_003079952.2	XP_047272800.1	0	N/A	22.785	316	42	3.38e-09	62.4	poly(A) RNA polymerase GLD2 isoform X1 [Homo sapiens]	TRUE	TENT2
XP_003079952.2	XP_011541527.1	0	N/A	22.785	316	42	3.38e-09	62.4	poly(A) RNA polymerase GLD2 isoform X1 [Homo sapiens]	TRUE	TENT2
XP_003079952.2	XP_011541526.1	0	N/A	22.785	316	42	3.38e-09	62.4	poly(A) RNA polymerase GLD2 isoform X1 [Homo sapiens]	TRUE	TENT2
XP_003079952.2	XP_011541523.1	0	N/A	22.785	316	42	3.38e-09	62.4	poly(A) RNA polymerase GLD2 isoform X1 [Homo sapiens]	TRUE	TENT2
XP_003079952.2	XP_011541522.1	0	N/A	22.785	316	42	3.38e-09	62.4	poly(A) RNA polymerase GLD2 isoform X1 [Homo sapiens]	TRUE	TENT2
XP_003079952.2	NP_001375023.1	0	N/A	22.785	316	42	3.38e-09	62.4	poly(A) RNA polymerase GLD2 isoform 5 [Homo sapiens]	TRUE	TENT2
XP_003079952.2	NP_001375022.1	0	N/A	22.785	316	42	3.38e-09	62.4	poly(A) RNA polymerase GLD2 isoform 5 [Homo sapiens]	TRUE	TENT2
XP_003079952.2	NP_001336479.1	0	N/A	22.785	316	42	3.38e-09	62.4	poly(A) RNA polymerase GLD2 isoform 5 [Homo sapiens]	TRUE	TENT2
XP_003079952.2	NP_001336478.1	0	N/A	22.785	316	42	3.38e-09	62.4	poly(A) RNA polymerase GLD2 isoform 5 [Homo sapiens]	TRUE	TENT2
XP_003079952.2	XP_047272811.1	0	N/A	24.324	296	42	5.49e-09	61.6	poly(A) RNA polymerase GLD2 isoform X4 [Homo sapiens]	TRUE	TENT2
XP_003079952.2	XP_047272810.1	0	N/A	24.324	296	42	5.49e-09	61.6	poly(A) RNA polymerase GLD2 isoform X4 [Homo sapiens]	TRUE	TENT2
XP_003079952.2	XP_047272809.1	0	N/A	24.324	296	42	5.49e-09	61.6	poly(A) RNA polymerase GLD2 isoform X4 [Homo sapiens]	TRUE	TENT2
XP_003079952.2	NP_001375058.1	0	N/A	24.324	296	42	5.49e-09	61.6	poly(A) RNA polymerase GLD2 isoform 2 [Homo sapiens]	TRUE	TENT2
XP_003079952.2	NP_001375057.1	0	N/A	24.324	296	42	5.49e-09	61.6	poly(A) RNA polymerase GLD2 isoform 2 [Homo sapiens]	TRUE	TENT2
XP_003079952.2	NP_001375056.1	0	N/A	24.324	296	42	5.49e-09	61.6	poly(A) RNA polymerase GLD2 isoform 2 [Homo sapiens]	TRUE	TENT2
XP_003079952.2	NP_001375055.1	0	N/A	24.324	296	42	5.49e-09	61.6	poly(A) RNA polymerase GLD2 isoform 2 [Homo sapiens]	TRUE	TENT2
XP_003079952.2	NP_001375054.1	0	N/A	24.324	296	42	5.49e-09	61.6	poly(A) RNA polymerase GLD2 isoform 2 [Homo sapiens]	TRUE	TENT2
XP_003079952.2	NP_001375053.1	0	N/A	24.324	296	42	5.49e-09	61.6	poly(A) RNA polymerase GLD2 isoform 2 [Homo sapiens]	TRUE	TENT2
XP_003079952.2	NP_001375052.1	0	N/A	24.324	296	42	5.49e-09	61.6	poly(A) RNA polymerase GLD2 isoform 2 [Homo sapiens]	TRUE	TENT2
XP_003079952.2	NP_001375051.1	0	N/A	24.324	296	42	5.49e-09	61.6	poly(A) RNA polymerase GLD2 isoform 2 [Homo sapiens]	TRUE	TENT2
XP_003079952.2	NP_001375050.1	0	N/A	24.324	296	42	5.49e-09	61.6	poly(A) RNA polymerase GLD2 isoform 2 [Homo sapiens]	TRUE	TENT2
XP_003079952.2	NP_001375049.1	0	N/A	24.324	296	42	5.49e-09	61.6	poly(A) RNA polymerase GLD2 isoform 2 [Homo sapiens]	TRUE	TENT2
XP_003079952.2	NP_001375048.1	0	N/A	24.324	296	42	5.49e-09	61.6	poly(A) RNA polymerase GLD2 isoform 2 [Homo sapiens]	TRUE	TENT2
XP_003079952.2	NP_001375047.1	0	N/A	24.324	296	42	5.49e-09	61.6	poly(A) RNA polymerase GLD2 isoform 2 [Homo sapiens]	TRUE	TENT2
XP_003079952.2	NP_001375046.1	0	N/A	24.324	296	42	5.49e-09	61.6	poly(A) RNA polymerase GLD2 isoform 2 [Homo sapiens]	TRUE	TENT2
XP_003079952.2	NP_001375045.1	0	N/A	24.324	296	42	5.49e-09	61.6	poly(A) RNA polymerase GLD2 isoform 2 [Homo sapiens]	TRUE	TENT2
XP_003079952.2	NP_001375044.1	0	N/A	24.324	296	42	5.49e-09	61.6	poly(A) RNA polymerase GLD2 isoform 2 [Homo sapiens]	TRUE	TENT2
XP_003079952.2	NP_001375043.1	0	N/A	24.324	296	42	5.49e-09	61.6	poly(A) RNA polymerase GLD2 isoform 2 [Homo sapiens]	TRUE	TENT2
XP_003079952.2	NP_001336483.1	0	N/A	24.324	296	42	5.49e-09	61.6	poly(A) RNA polymerase GLD2 isoform 2 [Homo sapiens]	TRUE	TENT2
XP_003079952.2	NP_001284673.1	0	N/A	24.324	296	42	5.49e-09	61.6	poly(A) RNA polymerase GLD2 isoform 2 [Homo sapiens]	TRUE	TENT2
XP_003079952.2	NP_001375061.1	0	N/A	24.324	296	42	5.74e-09	61.2	poly(A) RNA polymerase GLD2 isoform 12 [Homo sapiens]	TRUE	TENT2
XP_003079952.2	NP_001375059.1	0	N/A	24.324	296	42	6.24e-09	61.2	poly(A) RNA polymerase GLD2 isoform 10 [Homo sapiens]	TRUE	TENT2
XP_003079952.2	XP_047272820.1	0	N/A	27.363	201	27	7.1e-09	59.7	poly(A) RNA polymerase GLD2 isoform X11 [Homo sapiens]	TRUE	TENT2
XP_003079952.2	NP_001375065.1	0	N/A	24.324	296	42	1.04e-08	60.1	poly(A) RNA polymerase GLD2 isoform 14 [Homo sapiens]	TRUE	TENT2
XP_003079952.2	NP_001317647.1	0	N/A	23.05	282	39	1.23e-08	60.8	terminal uridylyltransferase 7 isoform 3 [Homo sapiens]	TRUE	Tut7
XP_003079952.2	NP_001336477.1	0	N/A	27.128	188	25	1.34e-08	58.9	poly(A) RNA polymerase GLD2 isoform 4 [Homo sapiens]	TRUE	TENT2
XP_003079952.2	XP_047279825.1	0	N/A	23.759	282	39	1.77e-08	60.5	terminal uridylyltransferase 7 isoform X6 [Homo sapiens]	TRUE	Tut7
XP_003079952.2	XP_047279824.1	0	N/A	23.759	282	39	1.77e-08	60.5	terminal uridylyltransferase 7 isoform X6 [Homo sapiens]	TRUE	Tut7
XP_003079952.2	XP_005252264.1	0	N/A	23.759	282	39	1.77e-08	60.5	terminal uridylyltransferase 7 isoform X6 [Homo sapiens]	TRUE	Tut7
XP_003079952.2	XP_016870620.1	0	N/A	23.759	282	39	1.8e-08	60.5	terminal uridylyltransferase 7 isoform X4 [Homo sapiens]	TRUE	Tut7
XP_003079952.2	XP_016870619.1	0	N/A	23.759	282	39	1.8e-08	60.5	terminal uridylyltransferase 7 isoform X4 [Homo sapiens]	TRUE	Tut7
XP_003079952.2	NP_078893.2	0	N/A	23.759	282	39	1.8e-08	60.5	terminal uridylyltransferase 7 isoform 1 [Homo sapiens]	TRUE	Tut7
XP_003079952.2	NP_001171988.1	0	N/A	23.759	282	39	1.8e-08	60.5	terminal uridylyltransferase 7 isoform 1 [Homo sapiens]	TRUE	Tut7
XP_003079952.2	XP_047279823.1	0	N/A	23.759	282	39	1.81e-08	60.5	terminal uridylyltransferase 7 isoform X2 [Homo sapiens]	TRUE	Tut7
XP_003079952.2	XP_006717346.1	0	N/A	23.759	282	39	1.81e-08	60.5	terminal uridylyltransferase 7 isoform X2 [Homo sapiens]	TRUE	Tut7
XP_003079952.2	XP_011517317.1	0	N/A	23.759	282	39	1.89e-08	60.5	terminal uridylyltransferase 7 isoform X3 [Homo sapiens]	TRUE	Tut7
XP_003079952.2	XP_011517318.1	0	N/A	23.759	282	39	1.96e-08	60.5	terminal uridylyltransferase 7 isoform X5 [Homo sapiens]	TRUE	Tut7
XP_003079952.2	XP_011517316.1	0	N/A	23.759	282	39	2.15e-08	60.5	terminal uridylyltransferase 7 isoform X1 [Homo sapiens]	TRUE	Tut7
XP_003079952.2	XP_011517315.1	0	N/A	23.759	282	39	2.15e-08	60.5	terminal uridylyltransferase 7 isoform X1 [Homo sapiens]	TRUE	Tut7
XP_003080206.1	NP_001035375.2	0	N/A	37.942	311	54	2.84e-59	210	terminal nucleotidyltransferase 4B isoform b [Homo sapiens]	TRUE	TENT4B
XP_003080206.1	XP_011521578.1	0	N/A	37.942	311	54	2.88e-59	210	terminal nucleotidyltransferase 4B isoform X2 [Homo sapiens]	TRUE	TENT4B
XP_003080206.1	NP_008930.2	0	N/A	39.414	307	55	3.48e-59	212	terminal nucleotidyltransferase 4A isoform 1 [Homo sapiens]	TRUE	TENT4A
XP_003080206.1	NP_001165276.2	0	N/A	39.414	307	55	3.84e-59	212	terminal nucleotidyltransferase 4A isoform 2 [Homo sapiens]	TRUE	TENT4A
XP_003080206.1	XP_047290432.1	0	N/A	37.942	311	54	4.13e-59	209	terminal nucleotidyltransferase 4B isoform X4 [Homo sapiens]	TRUE	TENT4B
XP_003080206.1	XP_047290431.1	0	N/A	37.942	311	54	4.8e-59	210	terminal nucleotidyltransferase 4B isoform X3 [Homo sapiens]	TRUE	TENT4B
XP_003080206.1	NP_001035374.2	0	N/A	37.942	311	54	5.05e-59	210	terminal nucleotidyltransferase 4B isoform a [Homo sapiens]	TRUE	TENT4B
XP_003080206.1	XP_011521577.1	0	N/A	37.942	311	54	5.13e-59	210	terminal nucleotidyltransferase 4B isoform X1 [Homo sapiens]	TRUE	TENT4B
XP_003080206.1	NP_001352252.1	0	N/A	37.942	311	54	7.7e-59	209	terminal nucleotidyltransferase 4B isoform c [Homo sapiens]	TRUE	TENT4B
XP_003080206.1	NP_001352253.1	0	N/A	37.942	311	54	1.08e-58	209	terminal nucleotidyltransferase 4B isoform d [Homo sapiens]	TRUE	TENT4B
XP_003080206.1	XP_047290433.1	0	N/A	38.514	296	52	1.31e-58	204	terminal nucleotidyltransferase 4B isoform X6 [Homo sapiens]	TRUE	TENT4B
XP_003080206.1	XP_011521580.1	0	N/A	38.514	296	52	3.31e-58	204	terminal nucleotidyltransferase 4B isoform X5 [Homo sapiens]	TRUE	TENT4B
XP_003080206.1	XP_047272622.1	0	N/A	39.427	279	50	3.75e-54	194	terminal nucleotidyltransferase 4A isoform X1 [Homo sapiens]	TRUE	TENT4A
XP_003080206.1	XP_047272621.1	0	N/A	39.427	279	50	3.75e-54	194	terminal nucleotidyltransferase 4A isoform X1 [Homo sapiens]	TRUE	TENT4A
XP_003080206.1	XP_047272620.1	0	N/A	39.427	279	50	3.75e-54	194	terminal nucleotidyltransferase 4A isoform X1 [Homo sapiens]	TRUE	TENT4A
XP_003080206.1	XP_047272624.1	0	N/A	39.777	269	48	2.94e-52	189	terminal nucleotidyltransferase 4A isoform X3 [Homo sapiens]	TRUE	TENT4A
XP_003080206.1	XP_047272623.1	0	N/A	39.777	269	48	3.12e-52	188	terminal nucleotidyltransferase 4A isoform X2 [Homo sapiens]	TRUE	TENT4A
XP_003080206.1	XP_016864477.1	0	N/A	39.777	269	48	3.12e-52	188	terminal nucleotidyltransferase 4A isoform X2 [Homo sapiens]	TRUE	TENT4A
XP_003080206.1	NP_001317647.1	0	N/A	26.238	202	35	5.97e-09	61.6	terminal uridylyltransferase 7 isoform 3 [Homo sapiens]	TRUE	Tut7
XP_003080206.1	XP_047279825.1	0	N/A	26.238	202	35	9.53e-09	61.2	terminal uridylyltransferase 7 isoform X6 [Homo sapiens]	TRUE	Tut7
XP_003080206.1	XP_047279824.1	0	N/A	26.238	202	35	9.53e-09	61.2	terminal uridylyltransferase 7 isoform X6 [Homo sapiens]	TRUE	Tut7
XP_003080206.1	XP_005252264.1	0	N/A	26.238	202	35	9.53e-09	61.2	terminal uridylyltransferase 7 isoform X6 [Homo sapiens]	TRUE	Tut7
XP_003080206.1	XP_047279823.1	0	N/A	26.238	202	35	1.03e-08	61.2	terminal uridylyltransferase 7 isoform X2 [Homo sapiens]	TRUE	Tut7
XP_003080206.1	XP_006717346.1	0	N/A	26.238	202	35	1.03e-08	61.2	terminal uridylyltransferase 7 isoform X2 [Homo sapiens]	TRUE	Tut7
XP_003080206.1	XP_011517318.1	0	N/A	26.238	202	35	1.04e-08	60.8	terminal uridylyltransferase 7 isoform X5 [Homo sapiens]	TRUE	Tut7
XP_003080206.1	XP_011517316.1	0	N/A	26.238	202	35	1.1e-08	60.8	terminal uridylyltransferase 7 isoform X1 [Homo sapiens]	TRUE	Tut7
XP_003080206.1	XP_011517315.1	0	N/A	26.238	202	35	1.1e-08	60.8	terminal uridylyltransferase 7 isoform X1 [Homo sapiens]	TRUE	Tut7
XP_003080206.1	XP_011517314.1	0	N/A	26.238	202	35	1.1e-08	60.8	terminal uridylyltransferase 7 isoform X1 [Homo sapiens]	TRUE	Tut7
XP_003080206.1	XP_011517313.1	0	N/A	26.238	202	35	1.1e-08	60.8	terminal uridylyltransferase 7 isoform X1 [Homo sapiens]	TRUE	Tut7
XP_003080206.1	XP_016870620.1	0	N/A	26.238	202	35	1.1e-08	60.8	terminal uridylyltransferase 7 isoform X4 [Homo sapiens]	TRUE	Tut7
XP_003080206.1	XP_016870619.1	0	N/A	26.238	202	35	1.1e-08	60.8	terminal uridylyltransferase 7 isoform X4 [Homo sapiens]	TRUE	Tut7
XP_003080206.1	NP_078893.2	0	N/A	26.238	202	35	1.1e-08	60.8	terminal uridylyltransferase 7 isoform 1 [Homo sapiens]	TRUE	Tut7
XP_003080206.1	NP_001171988.1	0	N/A	26.238	202	35	1.1e-08	60.8	terminal uridylyltransferase 7 isoform 1 [Homo sapiens]	TRUE	Tut7
XP_003080206.1	XP_011517317.1	0	N/A	26.238	202	35	1.11e-08	60.8	terminal uridylyltransferase 7 isoform X3 [Homo sapiens]	TRUE	Tut7
XP_003080206.1	XP_005252265.1	0	N/A	26.238	202	35	1.29e-08	60.8	terminal uridylyltransferase 7 isoform X7 [Homo sapiens]	TRUE	Tut7
XP_003080206.1	XP_047272805.1	0	N/A	30.597	134	24	7.29e-08	57.8	poly(A) RNA polymerase GLD2 isoform X2 [Homo sapiens]	TRUE	TENT2
XP_003080206.1	XP_047272804.1	0	N/A	30.597	134	24	7.29e-08	57.8	poly(A) RNA polymerase GLD2 isoform X2 [Homo sapiens]	TRUE	TENT2
XP_003080206.1	XP_047272803.1	0	N/A	30.597	134	24	7.29e-08	57.8	poly(A) RNA polymerase GLD2 isoform X2 [Homo sapiens]	TRUE	TENT2
XP_003080206.1	XP_047272802.1	0	N/A	30.597	134	24	7.29e-08	57.8	poly(A) RNA polymerase GLD2 isoform X2 [Homo sapiens]	TRUE	TENT2
XP_003080206.1	XP_016864641.1	0	N/A	30.597	134	24	7.29e-08	57.8	poly(A) RNA polymerase GLD2 isoform X2 [Homo sapiens]	TRUE	TENT2
XP_003080206.1	NP_001375026.1	0	N/A	30.597	134	24	7.29e-08	57.8	poly(A) RNA polymerase GLD2 isoform 6 [Homo sapiens]	TRUE	TENT2
XP_003080206.1	NP_001375025.1	0	N/A	30.597	134	24	7.29e-08	57.8	poly(A) RNA polymerase GLD2 isoform 6 [Homo sapiens]	TRUE	TENT2
XP_003080206.1	NP_001375024.1	0	N/A	30.597	134	24	7.29e-08	57.8	poly(A) RNA polymerase GLD2 isoform 6 [Homo sapiens]	TRUE	TENT2
XP_003080206.1	NP_001336480.1	0	N/A	30.597	134	24	7.29e-08	57.8	poly(A) RNA polymerase GLD2 isoform 6 [Homo sapiens]	TRUE	TENT2
XP_003080206.1	NP_001375027.1	0	N/A	30.597	134	24	8.08e-08	57.4	poly(A) RNA polymerase GLD2 isoform 7 [Homo sapiens]	TRUE	TENT2
XP_003080206.1	XP_047272801.1	0	N/A	30.597	134	24	8.21e-08	57.4	poly(A) RNA polymerase GLD2 isoform X1 [Homo sapiens]	TRUE	TENT2
XP_003080206.1	XP_047272800.1	0	N/A	30.597	134	24	8.21e-08	57.4	poly(A) RNA polymerase GLD2 isoform X1 [Homo sapiens]	TRUE	TENT2
XP_003080206.1	XP_011541527.1	0	N/A	30.597	134	24	8.21e-08	57.4	poly(A) RNA polymerase GLD2 isoform X1 [Homo sapiens]	TRUE	TENT2
XP_003080206.1	XP_011541526.1	0	N/A	30.597	134	24	8.21e-08	57.4	poly(A) RNA polymerase GLD2 isoform X1 [Homo sapiens]	TRUE	TENT2
XP_003080206.1	XP_011541523.1	0	N/A	30.597	134	24	8.21e-08	57.4	poly(A) RNA polymerase GLD2 isoform X1 [Homo sapiens]	TRUE	TENT2
XP_003080206.1	XP_011541522.1	0	N/A	30.597	134	24	8.21e-08	57.4	poly(A) RNA polymerase GLD2 isoform X1 [Homo sapiens]	TRUE	TENT2
XP_003080206.1	NP_001375023.1	0	N/A	30.597	134	24	8.21e-08	57.4	poly(A) RNA polymerase GLD2 isoform 5 [Homo sapiens]	TRUE	TENT2
XP_003080206.1	NP_001375022.1	0	N/A	30.597	134	24	8.21e-08	57.4	poly(A) RNA polymerase GLD2 isoform 5 [Homo sapiens]	TRUE	TENT2
XP_003080206.1	NP_001336479.1	0	N/A	30.597	134	24	8.21e-08	57.4	poly(A) RNA polymerase GLD2 isoform 5 [Homo sapiens]	TRUE	TENT2
XP_003080206.1	NP_001336478.1	0	N/A	30.597	134	24	8.21e-08	57.4	poly(A) RNA polymerase GLD2 isoform 5 [Homo sapiens]	TRUE	TENT2
XP_003080206.1	XP_047272817.1	0	N/A	30.597	134	24	1.17e-07	56.6	poly(A) RNA polymerase GLD2 isoform X9 [Homo sapiens]	TRUE	TENT2
XP_003080206.1	XP_047272816.1	0	N/A	30.597	134	24	1.19e-07	56.6	poly(A) RNA polymerase GLD2 isoform X8 [Homo sapiens]	TRUE	TENT2
XP_003080206.1	XP_047272820.1	0	N/A	30.556	108	19	4.67e-07	53.9	poly(A) RNA polymerase GLD2 isoform X11 [Homo sapiens]	TRUE	TENT2
XP_003080206.1	NP_001336477.1	0	N/A	33.721	86	15	2.45e-06	51.6	poly(A) RNA polymerase GLD2 isoform 4 [Homo sapiens]	TRUE	TENT2
XP_003080206.1	XP_047272305.1	0	N/A	28.477	151	26	2.86e-06	53.1	terminal uridylyltransferase 4 isoform X17 [Homo sapiens]	TRUE	Tut4
XP_003080206.1	XP_047272295.1	0	N/A	28.477	151	26	2.93e-06	53.1	terminal uridylyltransferase 4 isoform X12 [Homo sapiens]	TRUE	Tut4
XP_003080206.1	XP_047272296.1	0	N/A	28.477	151	26	3.06e-06	53.1	terminal uridylyltransferase 4 isoform X13 [Homo sapiens]	TRUE	Tut4
XP_003080206.1	XP_047272372.1	0	N/A	28.477	151	26	3.08e-06	53.1	terminal uridylyltransferase 4 isoform X42 [Homo sapiens]	TRUE	Tut4
XP_003080206.1	NP_001375059.1	0	N/A	27.097	155	26	3.26e-06	52.4	poly(A) RNA polymerase GLD2 isoform 10 [Homo sapiens]	TRUE	TENT2
XP_003080206.1	XP_047272811.1	0	N/A	27.097	155	26	3.27e-06	52.4	poly(A) RNA polymerase GLD2 isoform X4 [Homo sapiens]	TRUE	TENT2
XP_003080206.1	XP_047272810.1	0	N/A	27.097	155	26	3.27e-06	52.4	poly(A) RNA polymerase GLD2 isoform X4 [Homo sapiens]	TRUE	TENT2
XP_003080206.1	XP_047272809.1	0	N/A	27.097	155	26	3.27e-06	52.4	poly(A) RNA polymerase GLD2 isoform X4 [Homo sapiens]	TRUE	TENT2
XP_003080206.1	NP_001375058.1	0	N/A	27.097	155	26	3.27e-06	52.4	poly(A) RNA polymerase GLD2 isoform 2 [Homo sapiens]	TRUE	TENT2
XP_003080206.1	NP_001375057.1	0	N/A	27.097	155	26	3.27e-06	52.4	poly(A) RNA polymerase GLD2 isoform 2 [Homo sapiens]	TRUE	TENT2
XP_003080206.1	NP_001375056.1	0	N/A	27.097	155	26	3.27e-06	52.4	poly(A) RNA polymerase GLD2 isoform 2 [Homo sapiens]	TRUE	TENT2
XP_003080206.1	NP_001375055.1	0	N/A	27.097	155	26	3.27e-06	52.4	poly(A) RNA polymerase GLD2 isoform 2 [Homo sapiens]	TRUE	TENT2
XP_003080206.1	NP_001375054.1	0	N/A	27.097	155	26	3.27e-06	52.4	poly(A) RNA polymerase GLD2 isoform 2 [Homo sapiens]	TRUE	TENT2
XP_003080206.1	NP_001375053.1	0	N/A	27.097	155	26	3.27e-06	52.4	poly(A) RNA polymerase GLD2 isoform 2 [Homo sapiens]	TRUE	TENT2
XP_003080206.1	NP_001375052.1	0	N/A	27.097	155	26	3.27e-06	52.4	poly(A) RNA polymerase GLD2 isoform 2 [Homo sapiens]	TRUE	TENT2
XP_003080206.1	NP_001375051.1	0	N/A	27.097	155	26	3.27e-06	52.4	poly(A) RNA polymerase GLD2 isoform 2 [Homo sapiens]	TRUE	TENT2
XP_003080206.1	NP_001375050.1	0	N/A	27.097	155	26	3.27e-06	52.4	poly(A) RNA polymerase GLD2 isoform 2 [Homo sapiens]	TRUE	TENT2
XP_003080206.1	NP_001375049.1	0	N/A	27.097	155	26	3.27e-06	52.4	poly(A) RNA polymerase GLD2 isoform 2 [Homo sapiens]	TRUE	TENT2
XP_003080206.1	NP_001375048.1	0	N/A	27.097	155	26	3.27e-06	52.4	poly(A) RNA polymerase GLD2 isoform 2 [Homo sapiens]	TRUE	TENT2
XP_003080206.1	NP_001375047.1	0	N/A	27.097	155	26	3.27e-06	52.4	poly(A) RNA polymerase GLD2 isoform 2 [Homo sapiens]	TRUE	TENT2
XP_003080206.1	NP_001375046.1	0	N/A	27.097	155	26	3.27e-06	52.4	poly(A) RNA polymerase GLD2 isoform 2 [Homo sapiens]	TRUE	TENT2
XP_003080206.1	NP_001375045.1	0	N/A	27.097	155	26	3.27e-06	52.4	poly(A) RNA polymerase GLD2 isoform 2 [Homo sapiens]	TRUE	TENT2
XP_003080206.1	NP_001375044.1	0	N/A	27.097	155	26	3.27e-06	52.4	poly(A) RNA polymerase GLD2 isoform 2 [Homo sapiens]	TRUE	TENT2
XP_003080206.1	NP_001375043.1	0	N/A	27.097	155	26	3.27e-06	52.4	poly(A) RNA polymerase GLD2 isoform 2 [Homo sapiens]	TRUE	TENT2
XP_003080206.1	NP_001336483.1	0	N/A	27.097	155	26	3.27e-06	52.4	poly(A) RNA polymerase GLD2 isoform 2 [Homo sapiens]	TRUE	TENT2
XP_003080206.1	NP_001284673.1	0	N/A	27.097	155	26	3.27e-06	52.4	poly(A) RNA polymerase GLD2 isoform 2 [Homo sapiens]	TRUE	TENT2
XP_003080206.1	XP_047272290.1	0	N/A	28.477	151	26	3.48e-06	52.8	terminal uridylyltransferase 4 isoform X11 [Homo sapiens]	TRUE	Tut4
XP_003080206.1	NP_001375061.1	0	N/A	27.097	155	26	3.49e-06	52.4	poly(A) RNA polymerase GLD2 isoform 12 [Homo sapiens]	TRUE	TENT2
XP_003080206.1	XP_047272286.1	0	N/A	28.477	151	26	3.69e-06	52.8	terminal uridylyltransferase 4 isoform X8 [Homo sapiens]	TRUE	Tut4
XP_003080206.1	XP_047272350.1	0	N/A	28.477	151	26	3.76e-06	52.8	terminal uridylyltransferase 4 isoform X34 [Homo sapiens]	TRUE	Tut4
XP_003080206.1	NP_001375065.1	0	N/A	27.097	155	26	3.83e-06	52	poly(A) RNA polymerase GLD2 isoform 14 [Homo sapiens]	TRUE	TENT2
XP_003080206.1	XP_047272344.1	0	N/A	28.477	151	26	4.91e-06	52.4	terminal uridylyltransferase 4 isoform X30 [Homo sapiens]	TRUE	Tut4
XP_003080206.1	NP_001375060.1	0	N/A	33.721	86	15	8.86e-06	50.8	poly(A) RNA polymerase GLD2 isoform 11 [Homo sapiens]	TRUE	TENT2
XP_003080206.1	XP_047272808.1	0	N/A	33.721	86	15	8.86e-06	51.2	poly(A) RNA polymerase GLD2 isoform X3 [Homo sapiens]	TRUE	TENT2
XP_003080206.1	XP_047272807.1	0	N/A	33.721	86	15	8.86e-06	51.2	poly(A) RNA polymerase GLD2 isoform X3 [Homo sapiens]	TRUE	TENT2
XP_003080206.1	XP_047272806.1	0	N/A	33.721	86	15	8.86e-06	51.2	poly(A) RNA polymerase GLD2 isoform X3 [Homo sapiens]	TRUE	TENT2
XP_003080206.1	NP_776158.2	0	N/A	33.721	86	15	8.86e-06	51.2	poly(A) RNA polymerase GLD2 isoform 1 [Homo sapiens]	TRUE	TENT2
XP_003080206.1	NP_001375041.1	0	N/A	33.721	86	15	8.86e-06	51.2	poly(A) RNA polymerase GLD2 isoform 1 [Homo sapiens]	TRUE	TENT2
XP_003080206.1	NP_001375040.1	0	N/A	33.721	86	15	8.86e-06	51.2	poly(A) RNA polymerase GLD2 isoform 1 [Homo sapiens]	TRUE	TENT2
XP_003080206.1	NP_001375039.1	0	N/A	33.721	86	15	8.86e-06	51.2	poly(A) RNA polymerase GLD2 isoform 1 [Homo sapiens]	TRUE	TENT2
XP_003080206.1	NP_001375038.1	0	N/A	33.721	86	15	8.86e-06	51.2	poly(A) RNA polymerase GLD2 isoform 1 [Homo sapiens]	TRUE	TENT2
XP_003081277.2	XP_047272384.1	0	N/A	21.016	433	56	2.88e-17	89.4	terminal uridylyltransferase 4 isoform X46 [Homo sapiens]	TRUE	Tut4
XP_003081277.2	NP_001375060.1	0	N/A	27.83	212	27	8.87e-17	86.3	poly(A) RNA polymerase GLD2 isoform 11 [Homo sapiens]	TRUE	TENT2
XP_003081277.2	NP_001375042.1	0	N/A	27.83	212	27	9.2e-17	86.7	poly(A) RNA polymerase GLD2 isoform 16 [Homo sapiens]	TRUE	TENT2
XP_003081277.2	XP_047272808.1	0	N/A	27.83	212	27	1.02e-16	86.3	poly(A) RNA polymerase GLD2 isoform X3 [Homo sapiens]	TRUE	TENT2
XP_003081277.2	XP_047272807.1	0	N/A	27.83	212	27	1.02e-16	86.3	poly(A) RNA polymerase GLD2 isoform X3 [Homo sapiens]	TRUE	TENT2
XP_003081277.2	XP_047272806.1	0	N/A	27.83	212	27	1.02e-16	86.3	poly(A) RNA polymerase GLD2 isoform X3 [Homo sapiens]	TRUE	TENT2
XP_003081277.2	NP_776158.2	0	N/A	27.83	212	27	1.02e-16	86.3	poly(A) RNA polymerase GLD2 isoform 1 [Homo sapiens]	TRUE	TENT2
XP_003081277.2	NP_001375041.1	0	N/A	27.83	212	27	1.02e-16	86.3	poly(A) RNA polymerase GLD2 isoform 1 [Homo sapiens]	TRUE	TENT2
XP_003081277.2	NP_001375040.1	0	N/A	27.83	212	27	1.02e-16	86.3	poly(A) RNA polymerase GLD2 isoform 1 [Homo sapiens]	TRUE	TENT2
XP_003081277.2	NP_001375039.1	0	N/A	27.83	212	27	1.02e-16	86.3	poly(A) RNA polymerase GLD2 isoform 1 [Homo sapiens]	TRUE	TENT2
XP_003081277.2	NP_001375038.1	0	N/A	27.83	212	27	1.02e-16	86.3	poly(A) RNA polymerase GLD2 isoform 1 [Homo sapiens]	TRUE	TENT2
XP_003081277.2	NP_001375037.1	0	N/A	27.83	212	27	1.02e-16	86.3	poly(A) RNA polymerase GLD2 isoform 1 [Homo sapiens]	TRUE	TENT2
XP_003081277.2	NP_001375036.1	0	N/A	27.83	212	27	1.02e-16	86.3	poly(A) RNA polymerase GLD2 isoform 1 [Homo sapiens]	TRUE	TENT2
XP_003081277.2	NP_001375035.1	0	N/A	27.83	212	27	1.02e-16	86.3	poly(A) RNA polymerase GLD2 isoform 1 [Homo sapiens]	TRUE	TENT2
XP_003081277.2	NP_001375034.1	0	N/A	27.83	212	27	1.02e-16	86.3	poly(A) RNA polymerase GLD2 isoform 1 [Homo sapiens]	TRUE	TENT2
XP_003081277.2	NP_001375032.1	0	N/A	27.83	212	27	1.02e-16	86.3	poly(A) RNA polymerase GLD2 isoform 1 [Homo sapiens]	TRUE	TENT2
XP_003081277.2	NP_001375031.1	0	N/A	27.83	212	27	1.02e-16	86.3	poly(A) RNA polymerase GLD2 isoform 1 [Homo sapiens]	TRUE	TENT2
XP_003081277.2	NP_001336482.1	0	N/A	27.83	212	27	1.02e-16	86.3	poly(A) RNA polymerase GLD2 isoform 1 [Homo sapiens]	TRUE	TENT2
XP_003081277.2	NP_001336481.1	0	N/A	27.83	212	27	1.02e-16	86.3	poly(A) RNA polymerase GLD2 isoform 1 [Homo sapiens]	TRUE	TENT2
XP_003081277.2	NP_001107866.1	0	N/A	27.83	212	27	1.02e-16	86.3	poly(A) RNA polymerase GLD2 isoform 1 [Homo sapiens]	TRUE	TENT2
XP_003081277.2	NP_001107865.1	0	N/A	27.83	212	27	1.02e-16	86.3	poly(A) RNA polymerase GLD2 isoform 1 [Homo sapiens]	TRUE	TENT2
XP_003081277.2	XP_047272818.1	0	N/A	27.751	209	27	1.61e-16	84.3	poly(A) RNA polymerase GLD2 isoform X10 [Homo sapiens]	TRUE	TENT2
XP_003081277.2	NP_060579.3	0	N/A	24.217	351	45	2.74e-16	85.5	poly(A) RNA polymerase, mitochondrial precursor [Homo sapiens]	TRUE	mtPAP
XP_003081277.2	XP_047272325.1	0	N/A	21.016	433	56	3.16e-16	86.3	terminal uridylyltransferase 4 isoform X23 [Homo sapiens]	TRUE	Tut4
XP_003081277.2	XP_016856296.1	0	N/A	21.016	433	56	3.41e-16	86.3	terminal uridylyltransferase 4 isoform X28 [Homo sapiens]	TRUE	Tut4
XP_003081277.2	XP_016856295.1	0	N/A	21.016	433	56	3.47e-16	86.3	terminal uridylyltransferase 4 isoform X25 [Homo sapiens]	TRUE	Tut4
XP_003081277.2	XP_047272345.1	0	N/A	21.016	433	56	3.57e-16	85.9	terminal uridylyltransferase 4 isoform X31 [Homo sapiens]	TRUE	Tut4
XP_003081277.2	XP_011539401.1	0	N/A	21.016	433	56	3.64e-16	85.9	terminal uridylyltransferase 4 isoform X29 [Homo sapiens]	TRUE	Tut4
XP_003081277.2	NP_001375029.1	0	N/A	29.31	174	23	3.72e-16	84.7	poly(A) RNA polymerase GLD2 isoform 8 [Homo sapiens]	TRUE	TENT2
XP_003081277.2	NP_001375028.1	0	N/A	29.31	174	23	3.72e-16	84.7	poly(A) RNA polymerase GLD2 isoform 8 [Homo sapiens]	TRUE	TENT2
XP_003081277.2	XP_047272801.1	0	N/A	27.854	219	27	3.89e-16	84.7	poly(A) RNA polymerase GLD2 isoform X1 [Homo sapiens]	TRUE	TENT2
XP_003081277.2	XP_047272800.1	0	N/A	27.854	219	27	3.89e-16	84.7	poly(A) RNA polymerase GLD2 isoform X1 [Homo sapiens]	TRUE	TENT2
XP_003081277.2	XP_011541527.1	0	N/A	27.854	219	27	3.89e-16	84.7	poly(A) RNA polymerase GLD2 isoform X1 [Homo sapiens]	TRUE	TENT2
XP_003081277.2	XP_011541526.1	0	N/A	27.854	219	27	3.89e-16	84.7	poly(A) RNA polymerase GLD2 isoform X1 [Homo sapiens]	TRUE	TENT2
XP_003081277.2	XP_011541523.1	0	N/A	27.854	219	27	3.89e-16	84.7	poly(A) RNA polymerase GLD2 isoform X1 [Homo sapiens]	TRUE	TENT2
XP_003081277.2	XP_011541522.1	0	N/A	27.854	219	27	3.89e-16	84.7	poly(A) RNA polymerase GLD2 isoform X1 [Homo sapiens]	TRUE	TENT2
XP_003081277.2	NP_001375023.1	0	N/A	27.854	219	27	3.89e-16	84.7	poly(A) RNA polymerase GLD2 isoform 5 [Homo sapiens]	TRUE	TENT2
XP_003081277.2	NP_001375022.1	0	N/A	27.854	219	27	3.89e-16	84.7	poly(A) RNA polymerase GLD2 isoform 5 [Homo sapiens]	TRUE	TENT2
XP_003081277.2	NP_001336479.1	0	N/A	27.854	219	27	3.89e-16	84.7	poly(A) RNA polymerase GLD2 isoform 5 [Homo sapiens]	TRUE	TENT2
XP_003081277.2	NP_001336478.1	0	N/A	27.854	219	27	3.89e-16	84.7	poly(A) RNA polymerase GLD2 isoform 5 [Homo sapiens]	TRUE	TENT2
XP_003081277.2	XP_047272337.1	0	N/A	21.016	433	56	4.08e-16	85.9	terminal uridylyltransferase 4 isoform X27 [Homo sapiens]	TRUE	Tut4
XP_003081277.2	XP_016856292.1	0	N/A	21.016	433	56	4.44e-16	85.9	terminal uridylyltransferase 4 isoform X9 [Homo sapiens]	TRUE	Tut4
XP_003081277.2	XP_005270739.1	0	N/A	21.016	433	56	4.73e-16	85.5	terminal uridylyltransferase 4 isoform X33 [Homo sapiens]	TRUE	Tut4
XP_003081277.2	XP_016856299.1	0	N/A	21.016	433	56	4.8e-16	85.5	terminal uridylyltransferase 4 isoform X40 [Homo sapiens]	TRUE	Tut4
XP_003081277.2	XP_005270735.1	0	N/A	21.016	433	56	4.99e-16	85.5	terminal uridylyltransferase 4 isoform X2 [Homo sapiens]	TRUE	Tut4
XP_003081277.2	XP_016856297.1	0	N/A	21.016	433	56	5.02e-16	85.5	terminal uridylyltransferase 4 isoform X36 [Homo sapiens]	TRUE	Tut4
XP_003081277.2	XP_047272283.1	0	N/A	21.016	433	56	5.07e-16	85.5	terminal uridylyltransferase 4 isoform X6 [Homo sapiens]	TRUE	Tut4
XP_003081277.2	XP_005270737.1	0	N/A	21.016	433	56	5.07e-16	85.5	terminal uridylyltransferase 4 isoform X6 [Homo sapiens]	TRUE	Tut4
XP_003081277.2	XP_016856293.1	0	N/A	21.016	433	56	5.09e-16	85.5	terminal uridylyltransferase 4 isoform X16 [Homo sapiens]	TRUE	Tut4
XP_003081277.2	XP_011539399.1	0	N/A	21.016	433	56	5.53e-16	85.5	terminal uridylyltransferase 4 isoform X1 [Homo sapiens]	TRUE	Tut4
XP_003081277.2	XP_005270733.1	0	N/A	21.016	433	56	5.53e-16	85.5	terminal uridylyltransferase 4 isoform X1 [Homo sapiens]	TRUE	Tut4
XP_003081277.2	XP_047272365.1	0	N/A	21.016	433	56	5.55e-16	85.5	terminal uridylyltransferase 4 isoform X38 [Homo sapiens]	TRUE	Tut4
XP_003081277.2	XP_047272280.1	0	N/A	21.016	433	56	5.57e-16	85.5	terminal uridylyltransferase 4 isoform X3 [Homo sapiens]	TRUE	Tut4
XP_003081277.2	XP_005270736.1	0	N/A	21.016	433	56	5.57e-16	85.5	terminal uridylyltransferase 4 isoform X3 [Homo sapiens]	TRUE	Tut4
XP_003081277.2	XP_047272288.1	0	N/A	21.016	433	56	5.69e-16	85.5	terminal uridylyltransferase 4 isoform X10 [Homo sapiens]	TRUE	Tut4
XP_003081277.2	XP_047272282.1	0	N/A	21.016	433	56	5.71e-16	85.5	terminal uridylyltransferase 4 isoform X5 [Homo sapiens]	TRUE	Tut4
XP_003081277.2	NP_056084.1	0	N/A	21.016	433	56	5.71e-16	85.5	terminal uridylyltransferase 4 isoform b [Homo sapiens]	TRUE	Tut4
XP_003081277.2	XP_047272281.1	0	N/A	21.016	433	56	5.81e-16	85.5	terminal uridylyltransferase 4 isoform X4 [Homo sapiens]	TRUE	Tut4
XP_003081277.2	NP_001009881.1	0	N/A	21.016	433	56	5.81e-16	85.5	terminal uridylyltransferase 4 isoform a [Homo sapiens]	TRUE	Tut4
XP_003081277.2	XP_047272285.1	0	N/A	21.016	433	56	5.99e-16	85.5	terminal uridylyltransferase 4 isoform X7 [Homo sapiens]	TRUE	Tut4
XP_003081277.2	XP_047272816.1	0	N/A	27.778	216	27	9.84e-16	82	poly(A) RNA polymerase GLD2 isoform X8 [Homo sapiens]	TRUE	TENT2
XP_003081277.2	XP_047279823.1	0	N/A	21.547	362	47	3.02e-15	83.2	terminal uridylyltransferase 7 isoform X2 [Homo sapiens]	TRUE	Tut7
XP_003081277.2	XP_006717346.1	0	N/A	21.547	362	47	3.02e-15	83.2	terminal uridylyltransferase 7 isoform X2 [Homo sapiens]	TRUE	Tut7
XP_003081277.2	XP_011517316.1	0	N/A	21.944	360	47	3.24e-15	82.8	terminal uridylyltransferase 7 isoform X1 [Homo sapiens]	TRUE	Tut7
XP_003081277.2	XP_011517315.1	0	N/A	21.944	360	47	3.24e-15	82.8	terminal uridylyltransferase 7 isoform X1 [Homo sapiens]	TRUE	Tut7
XP_003081277.2	XP_011517314.1	0	N/A	21.944	360	47	3.24e-15	82.8	terminal uridylyltransferase 7 isoform X1 [Homo sapiens]	TRUE	Tut7
XP_003081277.2	XP_011517313.1	0	N/A	21.944	360	47	3.24e-15	82.8	terminal uridylyltransferase 7 isoform X1 [Homo sapiens]	TRUE	Tut7
XP_003081277.2	XP_011517317.1	0	N/A	21.547	362	47	3.28e-15	82.8	terminal uridylyltransferase 7 isoform X3 [Homo sapiens]	TRUE	Tut7
XP_003081277.2	XP_047279825.1	0	N/A	21.547	362	47	3.66e-15	82.8	terminal uridylyltransferase 7 isoform X6 [Homo sapiens]	TRUE	Tut7
XP_003081277.2	XP_047279824.1	0	N/A	21.547	362	47	3.66e-15	82.8	terminal uridylyltransferase 7 isoform X6 [Homo sapiens]	TRUE	Tut7
XP_003081277.2	XP_005252264.1	0	N/A	21.547	362	47	3.66e-15	82.8	terminal uridylyltransferase 7 isoform X6 [Homo sapiens]	TRUE	Tut7
XP_003081277.2	XP_016870620.1	0	N/A	21.547	362	47	3.9e-15	82.8	terminal uridylyltransferase 7 isoform X4 [Homo sapiens]	TRUE	Tut7
XP_003081277.2	XP_016870619.1	0	N/A	21.547	362	47	3.9e-15	82.8	terminal uridylyltransferase 7 isoform X4 [Homo sapiens]	TRUE	Tut7
XP_003081277.2	NP_078893.2	0	N/A	21.547	362	47	3.9e-15	82.8	terminal uridylyltransferase 7 isoform 1 [Homo sapiens]	TRUE	Tut7
XP_003081277.2	NP_001171988.1	0	N/A	21.547	362	47	3.9e-15	82.8	terminal uridylyltransferase 7 isoform 1 [Homo sapiens]	TRUE	Tut7
XP_003081277.2	XP_005252265.1	0	N/A	21.944	360	47	4.32e-15	82.4	terminal uridylyltransferase 7 isoform X7 [Homo sapiens]	TRUE	Tut7
XP_003081277.2	NP_001375027.1	0	N/A	29.68	219	27	4.53e-15	81.3	poly(A) RNA polymerase GLD2 isoform 7 [Homo sapiens]	TRUE	TENT2
XP_003081277.2	XP_047272805.1	0	N/A	29.68	219	27	4.75e-15	81.3	poly(A) RNA polymerase GLD2 isoform X2 [Homo sapiens]	TRUE	TENT2
XP_003081277.2	XP_047272804.1	0	N/A	29.68	219	27	4.75e-15	81.3	poly(A) RNA polymerase GLD2 isoform X2 [Homo sapiens]	TRUE	TENT2
XP_003081277.2	XP_047272803.1	0	N/A	29.68	219	27	4.75e-15	81.3	poly(A) RNA polymerase GLD2 isoform X2 [Homo sapiens]	TRUE	TENT2
XP_003081277.2	XP_047272802.1	0	N/A	29.68	219	27	4.75e-15	81.3	poly(A) RNA polymerase GLD2 isoform X2 [Homo sapiens]	TRUE	TENT2
XP_003081277.2	XP_016864641.1	0	N/A	29.68	219	27	4.75e-15	81.3	poly(A) RNA polymerase GLD2 isoform X2 [Homo sapiens]	TRUE	TENT2
XP_003081277.2	NP_001375026.1	0	N/A	29.68	219	27	4.75e-15	81.3	poly(A) RNA polymerase GLD2 isoform 6 [Homo sapiens]	TRUE	TENT2
XP_003081277.2	NP_001375025.1	0	N/A	29.68	219	27	4.75e-15	81.3	poly(A) RNA polymerase GLD2 isoform 6 [Homo sapiens]	TRUE	TENT2
XP_003081277.2	NP_001375024.1	0	N/A	29.68	219	27	4.75e-15	81.3	poly(A) RNA polymerase GLD2 isoform 6 [Homo sapiens]	TRUE	TENT2
XP_003081277.2	NP_001336480.1	0	N/A	29.68	219	27	4.75e-15	81.3	poly(A) RNA polymerase GLD2 isoform 6 [Homo sapiens]	TRUE	TENT2
XP_003081277.2	XP_011517318.1	0	N/A	21.547	362	47	4.78e-15	82.4	terminal uridylyltransferase 7 isoform X5 [Homo sapiens]	TRUE	Tut7
XP_003081277.2	NP_001317647.1	0	N/A	21.547	362	47	7.13e-15	81.3	terminal uridylyltransferase 7 isoform 3 [Homo sapiens]	TRUE	Tut7
XP_003081277.2	NP_001375059.1	0	N/A	29.717	212	27	9.05e-15	80.1	poly(A) RNA polymerase GLD2 isoform 10 [Homo sapiens]	TRUE	TENT2
XP_003081277.2	NP_001375061.1	0	N/A	29.717	212	27	9.11e-15	80.1	poly(A) RNA polymerase GLD2 isoform 12 [Homo sapiens]	TRUE	TENT2
XP_003081277.2	NP_001375065.1	0	N/A	28.774	212	27	9.19e-15	79.3	poly(A) RNA polymerase GLD2 isoform 14 [Homo sapiens]	TRUE	TENT2
XP_003081277.2	XP_047272811.1	0	N/A	29.717	212	27	9.25e-15	80.1	poly(A) RNA polymerase GLD2 isoform X4 [Homo sapiens]	TRUE	TENT2
XP_003081277.2	XP_047272810.1	0	N/A	29.717	212	27	9.25e-15	80.1	poly(A) RNA polymerase GLD2 isoform X4 [Homo sapiens]	TRUE	TENT2
XP_003081277.2	XP_047272809.1	0	N/A	29.717	212	27	9.25e-15	80.1	poly(A) RNA polymerase GLD2 isoform X4 [Homo sapiens]	TRUE	TENT2
XP_003081277.2	NP_001375058.1	0	N/A	29.717	212	27	9.25e-15	80.1	poly(A) RNA polymerase GLD2 isoform 2 [Homo sapiens]	TRUE	TENT2
XP_003081277.2	NP_001375057.1	0	N/A	29.717	212	27	9.25e-15	80.1	poly(A) RNA polymerase GLD2 isoform 2 [Homo sapiens]	TRUE	TENT2
XP_003081277.2	NP_001375056.1	0	N/A	29.717	212	27	9.25e-15	80.1	poly(A) RNA polymerase GLD2 isoform 2 [Homo sapiens]	TRUE	TENT2
XP_003081277.2	NP_001375055.1	0	N/A	29.717	212	27	9.25e-15	80.1	poly(A) RNA polymerase GLD2 isoform 2 [Homo sapiens]	TRUE	TENT2
XP_003081277.2	NP_001375054.1	0	N/A	29.717	212	27	9.25e-15	80.1	poly(A) RNA polymerase GLD2 isoform 2 [Homo sapiens]	TRUE	TENT2
XP_003081277.2	NP_001375053.1	0	N/A	29.717	212	27	9.25e-15	80.1	poly(A) RNA polymerase GLD2 isoform 2 [Homo sapiens]	TRUE	TENT2
XP_003384352.1	NP_001035375.2	0	N/A	50.289	346	74	4.47e-115	354	terminal nucleotidyltransferase 4B isoform b [Homo sapiens]	TRUE	TENT4B
XP_003384352.1	XP_011521578.1	0	N/A	50.289	346	74	4.59e-115	354	terminal nucleotidyltransferase 4B isoform X2 [Homo sapiens]	TRUE	TENT4B
XP_003384352.1	XP_047290432.1	0	N/A	50.289	346	74	9.72e-115	353	terminal nucleotidyltransferase 4B isoform X4 [Homo sapiens]	TRUE	TENT4B
XP_003384352.1	NP_001035374.2	0	N/A	52.134	328	70	2.1e-114	353	terminal nucleotidyltransferase 4B isoform a [Homo sapiens]	TRUE	TENT4B
XP_003384352.1	XP_011521577.1	0	N/A	52.134	328	70	2.16e-114	353	terminal nucleotidyltransferase 4B isoform X1 [Homo sapiens]	TRUE	TENT4B
XP_003384352.1	XP_047290431.1	0	N/A	50.289	346	74	2.23e-114	352	terminal nucleotidyltransferase 4B isoform X3 [Homo sapiens]	TRUE	TENT4B
XP_003384352.1	NP_001352252.1	0	N/A	52.134	328	70	7.04e-114	352	terminal nucleotidyltransferase 4B isoform c [Homo sapiens]	TRUE	TENT4B
XP_003384352.1	NP_001352253.1	0	N/A	52.134	328	70	1.07e-113	352	terminal nucleotidyltransferase 4B isoform d [Homo sapiens]	TRUE	TENT4B
XP_003384352.1	XP_047290433.1	0	N/A	52.548	314	67	2.73e-110	336	terminal nucleotidyltransferase 4B isoform X6 [Homo sapiens]	TRUE	TENT4B
XP_003384352.1	XP_011521580.1	0	N/A	52.548	314	67	1.28e-109	336	terminal nucleotidyltransferase 4B isoform X5 [Homo sapiens]	TRUE	TENT4B
XP_003384352.1	NP_001165276.2	0	N/A	50.448	335	71	1.22e-105	333	terminal nucleotidyltransferase 4A isoform 2 [Homo sapiens]	TRUE	TENT4A
XP_003384352.1	NP_008930.2	0	N/A	50.448	335	71	1.3e-105	333	terminal nucleotidyltransferase 4A isoform 1 [Homo sapiens]	TRUE	TENT4A
XP_003384352.1	XP_047272622.1	0	N/A	50.645	310	66	5.34e-97	304	terminal nucleotidyltransferase 4A isoform X1 [Homo sapiens]	TRUE	TENT4A
XP_003384352.1	XP_047272621.1	0	N/A	50.645	310	66	5.34e-97	304	terminal nucleotidyltransferase 4A isoform X1 [Homo sapiens]	TRUE	TENT4A
XP_003384352.1	XP_047272620.1	0	N/A	50.645	310	66	5.34e-97	304	terminal nucleotidyltransferase 4A isoform X1 [Homo sapiens]	TRUE	TENT4A
XP_003384352.1	XP_047272624.1	0	N/A	50.831	301	64	4.64e-95	298	terminal nucleotidyltransferase 4A isoform X3 [Homo sapiens]	TRUE	TENT4A
XP_003384352.1	XP_047272623.1	0	N/A	50.831	301	64	4.87e-95	298	terminal nucleotidyltransferase 4A isoform X2 [Homo sapiens]	TRUE	TENT4A
XP_003384352.1	XP_016864477.1	0	N/A	50.831	301	64	4.87e-95	298	terminal nucleotidyltransferase 4A isoform X2 [Homo sapiens]	TRUE	TENT4A
XP_003384352.1	NP_001336477.1	0	N/A	24.044	183	32	5.77e-09	59.3	poly(A) RNA polymerase GLD2 isoform 4 [Homo sapiens]	TRUE	TENT2
XP_003384352.1	XP_047272820.1	0	N/A	23.936	188	34	6.18e-09	59.3	poly(A) RNA polymerase GLD2 isoform X11 [Homo sapiens]	TRUE	TENT2
XP_003384352.1	NP_001375065.1	0	N/A	24.044	183	32	2.18e-08	58.5	poly(A) RNA polymerase GLD2 isoform 14 [Homo sapiens]	TRUE	TENT2
XP_003384352.1	NP_001375027.1	0	N/A	24.044	183	32	2.71e-08	58.5	poly(A) RNA polymerase GLD2 isoform 7 [Homo sapiens]	TRUE	TENT2
XP_003384352.1	XP_047272805.1	0	N/A	24.044	183	32	2.76e-08	58.5	poly(A) RNA polymerase GLD2 isoform X2 [Homo sapiens]	TRUE	TENT2
XP_003384352.1	XP_047272804.1	0	N/A	24.044	183	32	2.76e-08	58.5	poly(A) RNA polymerase GLD2 isoform X2 [Homo sapiens]	TRUE	TENT2
XP_003384352.1	XP_047272803.1	0	N/A	24.044	183	32	2.76e-08	58.5	poly(A) RNA polymerase GLD2 isoform X2 [Homo sapiens]	TRUE	TENT2
XP_003384352.1	XP_047272802.1	0	N/A	24.044	183	32	2.76e-08	58.5	poly(A) RNA polymerase GLD2 isoform X2 [Homo sapiens]	TRUE	TENT2
XP_003384352.1	XP_016864641.1	0	N/A	24.044	183	32	2.76e-08	58.5	poly(A) RNA polymerase GLD2 isoform X2 [Homo sapiens]	TRUE	TENT2
XP_003384352.1	NP_001375026.1	0	N/A	24.044	183	32	2.76e-08	58.5	poly(A) RNA polymerase GLD2 isoform 6 [Homo sapiens]	TRUE	TENT2
XP_003384352.1	NP_001375025.1	0	N/A	24.044	183	32	2.76e-08	58.5	poly(A) RNA polymerase GLD2 isoform 6 [Homo sapiens]	TRUE	TENT2
XP_003384352.1	NP_001375024.1	0	N/A	24.044	183	32	2.76e-08	58.5	poly(A) RNA polymerase GLD2 isoform 6 [Homo sapiens]	TRUE	TENT2
XP_003384352.1	NP_001336480.1	0	N/A	24.044	183	32	2.76e-08	58.5	poly(A) RNA polymerase GLD2 isoform 6 [Homo sapiens]	TRUE	TENT2
XP_003384352.1	XP_047272801.1	0	N/A	24.044	183	32	2.93e-08	58.5	poly(A) RNA polymerase GLD2 isoform X1 [Homo sapiens]	TRUE	TENT2
XP_003384352.1	XP_047272800.1	0	N/A	24.044	183	32	2.93e-08	58.5	poly(A) RNA polymerase GLD2 isoform X1 [Homo sapiens]	TRUE	TENT2
XP_003384352.1	XP_011541527.1	0	N/A	24.044	183	32	2.93e-08	58.5	poly(A) RNA polymerase GLD2 isoform X1 [Homo sapiens]	TRUE	TENT2
XP_003384352.1	XP_011541526.1	0	N/A	24.044	183	32	2.93e-08	58.5	poly(A) RNA polymerase GLD2 isoform X1 [Homo sapiens]	TRUE	TENT2
XP_003384352.1	XP_011541523.1	0	N/A	24.044	183	32	2.93e-08	58.5	poly(A) RNA polymerase GLD2 isoform X1 [Homo sapiens]	TRUE	TENT2
XP_003384352.1	XP_011541522.1	0	N/A	24.044	183	32	2.93e-08	58.5	poly(A) RNA polymerase GLD2 isoform X1 [Homo sapiens]	TRUE	TENT2
XP_003384352.1	NP_001375023.1	0	N/A	24.044	183	32	2.93e-08	58.5	poly(A) RNA polymerase GLD2 isoform 5 [Homo sapiens]	TRUE	TENT2
XP_003384352.1	NP_001375022.1	0	N/A	24.044	183	32	2.93e-08	58.5	poly(A) RNA polymerase GLD2 isoform 5 [Homo sapiens]	TRUE	TENT2
XP_003384352.1	NP_001336479.1	0	N/A	24.044	183	32	2.93e-08	58.5	poly(A) RNA polymerase GLD2 isoform 5 [Homo sapiens]	TRUE	TENT2
XP_003384352.1	NP_001336478.1	0	N/A	24.044	183	32	2.93e-08	58.5	poly(A) RNA polymerase GLD2 isoform 5 [Homo sapiens]	TRUE	TENT2
XP_003384352.1	NP_001375030.1	0	N/A	24.044	183	32	2.95e-08	58.5	poly(A) RNA polymerase GLD2 isoform 9 [Homo sapiens]	TRUE	TENT2
XP_003384352.1	NP_001375061.1	0	N/A	24.044	183	32	2.99e-08	58.5	poly(A) RNA polymerase GLD2 isoform 12 [Homo sapiens]	TRUE	TENT2
XP_003384352.1	XP_047272811.1	0	N/A	24.044	183	32	3.08e-08	58.5	poly(A) RNA polymerase GLD2 isoform X4 [Homo sapiens]	TRUE	TENT2
XP_003384352.1	XP_047272810.1	0	N/A	24.044	183	32	3.08e-08	58.5	poly(A) RNA polymerase GLD2 isoform X4 [Homo sapiens]	TRUE	TENT2
XP_003384352.1	XP_047272809.1	0	N/A	24.044	183	32	3.08e-08	58.5	poly(A) RNA polymerase GLD2 isoform X4 [Homo sapiens]	TRUE	TENT2
XP_003384352.1	NP_001375058.1	0	N/A	24.044	183	32	3.08e-08	58.5	poly(A) RNA polymerase GLD2 isoform 2 [Homo sapiens]	TRUE	TENT2
XP_003384352.1	NP_001375057.1	0	N/A	24.044	183	32	3.08e-08	58.5	poly(A) RNA polymerase GLD2 isoform 2 [Homo sapiens]	TRUE	TENT2
XP_003384352.1	NP_001375056.1	0	N/A	24.044	183	32	3.08e-08	58.5	poly(A) RNA polymerase GLD2 isoform 2 [Homo sapiens]	TRUE	TENT2
XP_003384352.1	NP_001375055.1	0	N/A	24.044	183	32	3.08e-08	58.5	poly(A) RNA polymerase GLD2 isoform 2 [Homo sapiens]	TRUE	TENT2
XP_003384352.1	NP_001375054.1	0	N/A	24.044	183	32	3.08e-08	58.5	poly(A) RNA polymerase GLD2 isoform 2 [Homo sapiens]	TRUE	TENT2
XP_003384352.1	NP_001375053.1	0	N/A	24.044	183	32	3.08e-08	58.5	poly(A) RNA polymerase GLD2 isoform 2 [Homo sapiens]	TRUE	TENT2
XP_003384352.1	NP_001375052.1	0	N/A	24.044	183	32	3.08e-08	58.5	poly(A) RNA polymerase GLD2 isoform 2 [Homo sapiens]	TRUE	TENT2
XP_003384352.1	NP_001375051.1	0	N/A	24.044	183	32	3.08e-08	58.5	poly(A) RNA polymerase GLD2 isoform 2 [Homo sapiens]	TRUE	TENT2
XP_003384352.1	NP_001375050.1	0	N/A	24.044	183	32	3.08e-08	58.5	poly(A) RNA polymerase GLD2 isoform 2 [Homo sapiens]	TRUE	TENT2
XP_003384352.1	NP_001375049.1	0	N/A	24.044	183	32	3.08e-08	58.5	poly(A) RNA polymerase GLD2 isoform 2 [Homo sapiens]	TRUE	TENT2
XP_003384352.1	NP_001375048.1	0	N/A	24.044	183	32	3.08e-08	58.5	poly(A) RNA polymerase GLD2 isoform 2 [Homo sapiens]	TRUE	TENT2
XP_003384352.1	NP_001375047.1	0	N/A	24.044	183	32	3.08e-08	58.5	poly(A) RNA polymerase GLD2 isoform 2 [Homo sapiens]	TRUE	TENT2
XP_003384352.1	NP_001375046.1	0	N/A	24.044	183	32	3.08e-08	58.5	poly(A) RNA polymerase GLD2 isoform 2 [Homo sapiens]	TRUE	TENT2
XP_003384352.1	NP_001375045.1	0	N/A	24.044	183	32	3.08e-08	58.5	poly(A) RNA polymerase GLD2 isoform 2 [Homo sapiens]	TRUE	TENT2
XP_003384352.1	NP_001375044.1	0	N/A	24.044	183	32	3.08e-08	58.5	poly(A) RNA polymerase GLD2 isoform 2 [Homo sapiens]	TRUE	TENT2
XP_003384352.1	NP_001375043.1	0	N/A	24.044	183	32	3.08e-08	58.5	poly(A) RNA polymerase GLD2 isoform 2 [Homo sapiens]	TRUE	TENT2
XP_003384352.1	NP_001336483.1	0	N/A	24.044	183	32	3.08e-08	58.5	poly(A) RNA polymerase GLD2 isoform 2 [Homo sapiens]	TRUE	TENT2
XP_003384352.1	NP_001284673.1	0	N/A	24.044	183	32	3.08e-08	58.5	poly(A) RNA polymerase GLD2 isoform 2 [Homo sapiens]	TRUE	TENT2
XP_003384352.1	NP_001375059.1	0	N/A	24.044	183	32	3.13e-08	58.5	poly(A) RNA polymerase GLD2 isoform 10 [Homo sapiens]	TRUE	TENT2
XP_003384352.1	XP_047272808.1	0	N/A	24.044	183	32	3.36e-08	58.2	poly(A) RNA polymerase GLD2 isoform X3 [Homo sapiens]	TRUE	TENT2
XP_003384352.1	XP_047272807.1	0	N/A	24.044	183	32	3.36e-08	58.2	poly(A) RNA polymerase GLD2 isoform X3 [Homo sapiens]	TRUE	TENT2
XP_003384352.1	XP_047272806.1	0	N/A	24.044	183	32	3.36e-08	58.2	poly(A) RNA polymerase GLD2 isoform X3 [Homo sapiens]	TRUE	TENT2
XP_003384352.1	NP_776158.2	0	N/A	24.044	183	32	3.36e-08	58.2	poly(A) RNA polymerase GLD2 isoform 1 [Homo sapiens]	TRUE	TENT2
XP_003384352.1	NP_001375041.1	0	N/A	24.044	183	32	3.36e-08	58.2	poly(A) RNA polymerase GLD2 isoform 1 [Homo sapiens]	TRUE	TENT2
XP_003384352.1	NP_001375040.1	0	N/A	24.044	183	32	3.36e-08	58.2	poly(A) RNA polymerase GLD2 isoform 1 [Homo sapiens]	TRUE	TENT2
XP_003384352.1	NP_001375039.1	0	N/A	24.044	183	32	3.36e-08	58.2	poly(A) RNA polymerase GLD2 isoform 1 [Homo sapiens]	TRUE	TENT2
XP_003384352.1	NP_001375038.1	0	N/A	24.044	183	32	3.36e-08	58.2	poly(A) RNA polymerase GLD2 isoform 1 [Homo sapiens]	TRUE	TENT2
XP_003384352.1	NP_001375037.1	0	N/A	24.044	183	32	3.36e-08	58.2	poly(A) RNA polymerase GLD2 isoform 1 [Homo sapiens]	TRUE	TENT2
XP_003384352.1	NP_001375036.1	0	N/A	24.044	183	32	3.36e-08	58.2	poly(A) RNA polymerase GLD2 isoform 1 [Homo sapiens]	TRUE	TENT2
XP_003384352.1	NP_001375035.1	0	N/A	24.044	183	32	3.36e-08	58.2	poly(A) RNA polymerase GLD2 isoform 1 [Homo sapiens]	TRUE	TENT2
XP_003384352.1	NP_001375034.1	0	N/A	24.044	183	32	3.36e-08	58.2	poly(A) RNA polymerase GLD2 isoform 1 [Homo sapiens]	TRUE	TENT2
XP_003384352.1	NP_001375032.1	0	N/A	24.044	183	32	3.36e-08	58.2	poly(A) RNA polymerase GLD2 isoform 1 [Homo sapiens]	TRUE	TENT2
XP_003384352.1	NP_001375031.1	0	N/A	24.044	183	32	3.36e-08	58.2	poly(A) RNA polymerase GLD2 isoform 1 [Homo sapiens]	TRUE	TENT2
XP_003384352.1	NP_001336482.1	0	N/A	24.044	183	32	3.36e-08	58.2	poly(A) RNA polymerase GLD2 isoform 1 [Homo sapiens]	TRUE	TENT2
XP_003384352.1	NP_001336481.1	0	N/A	24.044	183	32	3.36e-08	58.2	poly(A) RNA polymerase GLD2 isoform 1 [Homo sapiens]	TRUE	TENT2
XP_003384352.1	NP_001107866.1	0	N/A	24.044	183	32	3.36e-08	58.2	poly(A) RNA polymerase GLD2 isoform 1 [Homo sapiens]	TRUE	TENT2
XP_003384352.1	NP_001107865.1	0	N/A	24.044	183	32	3.36e-08	58.2	poly(A) RNA polymerase GLD2 isoform 1 [Homo sapiens]	TRUE	TENT2
XP_003384352.1	NP_001375042.1	0	N/A	24.044	183	32	3.47e-08	58.2	poly(A) RNA polymerase GLD2 isoform 16 [Homo sapiens]	TRUE	TENT2
XP_003384352.1	NP_001375060.1	0	N/A	24.044	183	32	3.54e-08	58.2	poly(A) RNA polymerase GLD2 isoform 11 [Homo sapiens]	TRUE	TENT2
XP_003384352.1	NP_001375029.1	0	N/A	24.044	183	32	3.57e-08	58.2	poly(A) RNA polymerase GLD2 isoform 8 [Homo sapiens]	TRUE	TENT2
XP_003384352.1	NP_001375028.1	0	N/A	24.044	183	32	3.57e-08	58.2	poly(A) RNA polymerase GLD2 isoform 8 [Homo sapiens]	TRUE	TENT2
XP_003384352.1	XP_047272817.1	0	N/A	32.143	84	18	8.91e-07	53.5	poly(A) RNA polymerase GLD2 isoform X9 [Homo sapiens]	TRUE	TENT2
XP_003384352.1	XP_047272816.1	0	N/A	32.143	84	18	1.01e-06	53.1	poly(A) RNA polymerase GLD2 isoform X8 [Homo sapiens]	TRUE	TENT2
XP_003384352.1	XP_047272818.1	0	N/A	32.143	84	18	1.04e-06	53.1	poly(A) RNA polymerase GLD2 isoform X10 [Homo sapiens]	TRUE	TENT2
XP_003384352.1	XP_047272384.1	0	N/A	25.568	176	36	1.42e-06	53.5	terminal uridylyltransferase 4 isoform X46 [Homo sapiens]	TRUE	Tut4
XP_003384352.1	XP_016856293.1	0	N/A	25.281	178	37	2.09e-06	53.1	terminal uridylyltransferase 4 isoform X16 [Homo sapiens]	TRUE	Tut4
XP_003384352.1	XP_047272288.1	0	N/A	25.281	178	37	2.09e-06	53.1	terminal uridylyltransferase 4 isoform X10 [Homo sapiens]	TRUE	Tut4
XP_003384352.1	XP_047272285.1	0	N/A	25.281	178	37	2.11e-06	53.1	terminal uridylyltransferase 4 isoform X7 [Homo sapiens]	TRUE	Tut4
XP_003384352.1	XP_016856299.1	0	N/A	25.281	178	37	2.11e-06	53.1	terminal uridylyltransferase 4 isoform X40 [Homo sapiens]	TRUE	Tut4
XP_003384352.1	XP_047272365.1	0	N/A	25.281	178	37	2.13e-06	53.1	terminal uridylyltransferase 4 isoform X38 [Homo sapiens]	TRUE	Tut4
XP_003384352.1	XP_047272280.1	0	N/A	25.281	178	37	2.13e-06	53.1	terminal uridylyltransferase 4 isoform X3 [Homo sapiens]	TRUE	Tut4
XP_003384352.1	XP_005270736.1	0	N/A	25.281	178	37	2.13e-06	53.1	terminal uridylyltransferase 4 isoform X3 [Homo sapiens]	TRUE	Tut4
XP_003384352.1	XP_016856292.1	0	N/A	25.281	178	37	2.16e-06	53.1	terminal uridylyltransferase 4 isoform X9 [Homo sapiens]	TRUE	Tut4
XP_003384352.1	XP_016856297.1	0	N/A	25.281	178	37	2.18e-06	53.1	terminal uridylyltransferase 4 isoform X36 [Homo sapiens]	TRUE	Tut4
XP_004334964.1	XP_047290433.1	0	N/A	35.714	210	27	1.38e-29	125	terminal nucleotidyltransferase 4B isoform X6 [Homo sapiens]	TRUE	TENT4B
XP_004334964.1	NP_008930.2	0	N/A	27.979	386	49	2.3e-29	127	terminal nucleotidyltransferase 4A isoform 1 [Homo sapiens]	TRUE	TENT4A
XP_004334964.1	NP_001165276.2	0	N/A	27.979	386	49	2.36e-29	127	terminal nucleotidyltransferase 4A isoform 2 [Homo sapiens]	TRUE	TENT4A
XP_004334964.1	XP_011521580.1	0	N/A	35.714	210	27	2.86e-29	125	terminal nucleotidyltransferase 4B isoform X5 [Homo sapiens]	TRUE	TENT4B
XP_004334964.1	NP_001035375.2	0	N/A	35.714	210	27	5.89e-29	125	terminal nucleotidyltransferase 4B isoform b [Homo sapiens]	TRUE	TENT4B
XP_004334964.1	XP_011521578.1	0	N/A	35.714	210	27	5.92e-29	125	terminal nucleotidyltransferase 4B isoform X2 [Homo sapiens]	TRUE	TENT4B
XP_004334964.1	NP_001035374.2	0	N/A	35.714	210	27	8.96e-29	125	terminal nucleotidyltransferase 4B isoform a [Homo sapiens]	TRUE	TENT4B
XP_004334964.1	XP_011521577.1	0	N/A	35.714	210	27	8.99e-29	125	terminal nucleotidyltransferase 4B isoform X1 [Homo sapiens]	TRUE	TENT4B
XP_004334964.1	XP_047290432.1	0	N/A	35.714	210	27	1.29e-28	124	terminal nucleotidyltransferase 4B isoform X4 [Homo sapiens]	TRUE	TENT4B
XP_004334964.1	XP_047290431.1	0	N/A	35.714	210	27	1.48e-28	124	terminal nucleotidyltransferase 4B isoform X3 [Homo sapiens]	TRUE	TENT4B
XP_004334964.1	NP_001352252.1	0	N/A	35.714	210	27	1.81e-28	124	terminal nucleotidyltransferase 4B isoform c [Homo sapiens]	TRUE	TENT4B
XP_004334964.1	NP_001352253.1	0	N/A	35.714	210	27	2.19e-28	124	terminal nucleotidyltransferase 4B isoform d [Homo sapiens]	TRUE	TENT4B
XP_004334964.1	XP_047272622.1	0	N/A	27.874	348	44	3.22e-26	116	terminal nucleotidyltransferase 4A isoform X1 [Homo sapiens]	TRUE	TENT4A
XP_004334964.1	XP_047272621.1	0	N/A	27.874	348	44	3.22e-26	116	terminal nucleotidyltransferase 4A isoform X1 [Homo sapiens]	TRUE	TENT4A
XP_004334964.1	XP_047272620.1	0	N/A	27.874	348	44	3.22e-26	116	terminal nucleotidyltransferase 4A isoform X1 [Homo sapiens]	TRUE	TENT4A
XP_004334964.1	XP_047272624.1	0	N/A	27.811	338	43	1.85e-25	114	terminal nucleotidyltransferase 4A isoform X3 [Homo sapiens]	TRUE	TENT4A
XP_004334964.1	XP_047272623.1	0	N/A	27.811	338	43	1.92e-25	114	terminal nucleotidyltransferase 4A isoform X2 [Homo sapiens]	TRUE	TENT4A
XP_004334964.1	XP_016864477.1	0	N/A	27.811	338	43	1.92e-25	114	terminal nucleotidyltransferase 4A isoform X2 [Homo sapiens]	TRUE	TENT4A
XP_004334964.1	NP_001317647.1	0	N/A	26.168	214	27	3.25e-08	60.1	terminal uridylyltransferase 7 isoform 3 [Homo sapiens]	TRUE	Tut7
XP_004334964.1	XP_047279823.1	0	N/A	25.234	214	27	4.36e-08	59.7	terminal uridylyltransferase 7 isoform X2 [Homo sapiens]	TRUE	Tut7
XP_004334964.1	XP_006717346.1	0	N/A	25.234	214	27	4.36e-08	59.7	terminal uridylyltransferase 7 isoform X2 [Homo sapiens]	TRUE	Tut7
XP_004334964.1	XP_047279825.1	0	N/A	25.234	214	27	4.67e-08	59.7	terminal uridylyltransferase 7 isoform X6 [Homo sapiens]	TRUE	Tut7
XP_004334964.1	XP_047279824.1	0	N/A	25.234	214	27	4.67e-08	59.7	terminal uridylyltransferase 7 isoform X6 [Homo sapiens]	TRUE	Tut7
XP_004334964.1	XP_005252264.1	0	N/A	25.234	214	27	4.67e-08	59.7	terminal uridylyltransferase 7 isoform X6 [Homo sapiens]	TRUE	Tut7
XP_004334964.1	XP_016870620.1	0	N/A	25.234	214	27	4.84e-08	59.7	terminal uridylyltransferase 7 isoform X4 [Homo sapiens]	TRUE	Tut7
XP_004334964.1	XP_016870619.1	0	N/A	25.234	214	27	4.84e-08	59.7	terminal uridylyltransferase 7 isoform X4 [Homo sapiens]	TRUE	Tut7
XP_004334964.1	NP_078893.2	0	N/A	25.234	214	27	4.84e-08	59.7	terminal uridylyltransferase 7 isoform 1 [Homo sapiens]	TRUE	Tut7
XP_004334964.1	NP_001171988.1	0	N/A	25.234	214	27	4.84e-08	59.7	terminal uridylyltransferase 7 isoform 1 [Homo sapiens]	TRUE	Tut7
XP_004334964.1	XP_011517317.1	0	N/A	25.234	214	27	4.95e-08	59.7	terminal uridylyltransferase 7 isoform X3 [Homo sapiens]	TRUE	Tut7
XP_004334964.1	XP_011517318.1	0	N/A	25.234	214	27	5.27e-08	59.3	terminal uridylyltransferase 7 isoform X5 [Homo sapiens]	TRUE	Tut7
XP_004334964.1	XP_005252265.1	0	N/A	25.229	218	28	5.89e-08	59.3	terminal uridylyltransferase 7 isoform X7 [Homo sapiens]	TRUE	Tut7
XP_004334964.1	XP_011517316.1	0	N/A	25.234	214	27	6.03e-08	59.3	terminal uridylyltransferase 7 isoform X1 [Homo sapiens]	TRUE	Tut7
XP_004334964.1	XP_011517315.1	0	N/A	25.234	214	27	6.03e-08	59.3	terminal uridylyltransferase 7 isoform X1 [Homo sapiens]	TRUE	Tut7
XP_004334964.1	XP_011517314.1	0	N/A	25.234	214	27	6.03e-08	59.3	terminal uridylyltransferase 7 isoform X1 [Homo sapiens]	TRUE	Tut7
XP_004334964.1	XP_011517313.1	0	N/A	25.234	214	27	6.03e-08	59.3	terminal uridylyltransferase 7 isoform X1 [Homo sapiens]	TRUE	Tut7
XP_004334964.1	XP_047272818.1	0	N/A	23.585	212	26	5.37e-05	48.9	poly(A) RNA polymerase GLD2 isoform X10 [Homo sapiens]	TRUE	TENT2
XP_004334964.1	XP_047272305.1	0	N/A	21.053	209	27	0.000116	48.5	terminal uridylyltransferase 4 isoform X17 [Homo sapiens]	TRUE	Tut4
XP_004334964.1	XP_047272295.1	0	N/A	21.053	209	27	0.000118	48.5	terminal uridylyltransferase 4 isoform X12 [Homo sapiens]	TRUE	Tut4
XP_004334964.1	XP_047272367.1	0	N/A	21.053	209	27	0.000119	48.5	terminal uridylyltransferase 4 isoform X39 [Homo sapiens]	TRUE	Tut4
XP_004334964.1	XP_047272362.1	0	N/A	21.053	209	27	0.000119	48.5	terminal uridylyltransferase 4 isoform X37 [Homo sapiens]	TRUE	Tut4
XP_004334964.1	XP_047272354.1	0	N/A	21.053	209	27	0.000119	48.5	terminal uridylyltransferase 4 isoform X35 [Homo sapiens]	TRUE	Tut4
XP_004334964.1	XP_047272283.1	0	N/A	21.053	209	27	0.00012	48.5	terminal uridylyltransferase 4 isoform X6 [Homo sapiens]	TRUE	Tut4
XP_004334964.1	XP_005270737.1	0	N/A	21.053	209	27	0.00012	48.5	terminal uridylyltransferase 4 isoform X6 [Homo sapiens]	TRUE	Tut4
XP_004334964.1	XP_047272307.1	0	N/A	21.053	209	27	0.000121	48.5	terminal uridylyltransferase 4 isoform X19 [Homo sapiens]	TRUE	Tut4
XP_004334964.1	XP_047272296.1	0	N/A	21.053	209	27	0.000127	48.5	terminal uridylyltransferase 4 isoform X13 [Homo sapiens]	TRUE	Tut4
XP_004334964.1	XP_047272306.1	0	N/A	21.053	209	27	0.000129	48.5	terminal uridylyltransferase 4 isoform X18 [Homo sapiens]	TRUE	Tut4
XP_004334964.1	XP_047272286.1	0	N/A	21.053	209	27	0.00013	48.5	terminal uridylyltransferase 4 isoform X8 [Homo sapiens]	TRUE	Tut4
XP_004334964.1	XP_016856295.1	0	N/A	21.053	209	27	0.00013	48.5	terminal uridylyltransferase 4 isoform X25 [Homo sapiens]	TRUE	Tut4
XP_004334964.1	XP_047272280.1	0	N/A	21.053	209	27	0.000131	48.5	terminal uridylyltransferase 4 isoform X3 [Homo sapiens]	TRUE	Tut4
XP_004334964.1	XP_005270736.1	0	N/A	21.053	209	27	0.000131	48.5	terminal uridylyltransferase 4 isoform X3 [Homo sapiens]	TRUE	Tut4
XP_004334964.1	XP_011539399.1	0	N/A	21.053	209	27	0.000131	48.5	terminal uridylyltransferase 4 isoform X1 [Homo sapiens]	TRUE	Tut4
XP_004334964.1	XP_005270733.1	0	N/A	21.053	209	27	0.000131	48.5	terminal uridylyltransferase 4 isoform X1 [Homo sapiens]	TRUE	Tut4
XP_004334964.1	XP_016856294.1	0	N/A	21.053	209	27	0.000132	48.5	terminal uridylyltransferase 4 isoform X20 [Homo sapiens]	TRUE	Tut4
XP_004334964.1	XP_047272325.1	0	N/A	21.053	209	27	0.000134	48.5	terminal uridylyltransferase 4 isoform X23 [Homo sapiens]	TRUE	Tut4
XP_004334964.1	XP_047272348.1	0	N/A	21.053	209	27	0.000134	48.5	terminal uridylyltransferase 4 isoform X32 [Homo sapiens]	TRUE	Tut4
XP_004334964.1	XP_047272344.1	0	N/A	21.053	209	27	0.000134	48.5	terminal uridylyltransferase 4 isoform X30 [Homo sapiens]	TRUE	Tut4
XP_004334964.1	XP_047272290.1	0	N/A	21.053	209	27	0.000135	48.5	terminal uridylyltransferase 4 isoform X11 [Homo sapiens]	TRUE	Tut4
XP_004334964.1	XP_047272282.1	0	N/A	21.053	209	27	0.000135	48.5	terminal uridylyltransferase 4 isoform X5 [Homo sapiens]	TRUE	Tut4
XP_004334964.1	NP_056084.1	0	N/A	21.053	209	27	0.000135	48.5	terminal uridylyltransferase 4 isoform b [Homo sapiens]	TRUE	Tut4
XP_004334964.1	XP_047272350.1	0	N/A	21.053	209	27	0.000135	48.5	terminal uridylyltransferase 4 isoform X34 [Homo sapiens]	TRUE	Tut4
XP_004334964.1	XP_047272281.1	0	N/A	21.053	209	27	0.000135	48.5	terminal uridylyltransferase 4 isoform X4 [Homo sapiens]	TRUE	Tut4
XP_004334964.1	NP_001009881.1	0	N/A	21.053	209	27	0.000135	48.5	terminal uridylyltransferase 4 isoform a [Homo sapiens]	TRUE	Tut4
XP_004334964.1	XP_005270735.1	0	N/A	21.053	209	27	0.000137	48.5	terminal uridylyltransferase 4 isoform X2 [Homo sapiens]	TRUE	Tut4
XP_004334964.1	XP_047272303.1	0	N/A	21.053	209	27	0.00014	48.5	terminal uridylyltransferase 4 isoform X15 [Homo sapiens]	TRUE	Tut4
XP_004334964.1	XP_005270738.1	0	N/A	21.053	209	27	0.00014	48.5	terminal uridylyltransferase 4 isoform X14 [Homo sapiens]	TRUE	Tut4
XP_004334964.1	XP_047272337.1	0	N/A	21.053	209	27	0.000142	48.1	terminal uridylyltransferase 4 isoform X27 [Homo sapiens]	TRUE	Tut4
XP_004334964.1	XP_016856296.1	0	N/A	21.053	209	27	0.000143	48.1	terminal uridylyltransferase 4 isoform X28 [Homo sapiens]	TRUE	Tut4
XP_004334964.1	XP_047272808.1	0	N/A	23.697	211	26	0.000185	47.4	poly(A) RNA polymerase GLD2 isoform X3 [Homo sapiens]	TRUE	TENT2
XP_004334964.1	XP_047272807.1	0	N/A	23.697	211	26	0.000185	47.4	poly(A) RNA polymerase GLD2 isoform X3 [Homo sapiens]	TRUE	TENT2
XP_004334964.1	XP_047272806.1	0	N/A	23.697	211	26	0.000185	47.4	poly(A) RNA polymerase GLD2 isoform X3 [Homo sapiens]	TRUE	TENT2
XP_004334964.1	NP_776158.2	0	N/A	23.697	211	26	0.000185	47.4	poly(A) RNA polymerase GLD2 isoform 1 [Homo sapiens]	TRUE	TENT2
XP_004334964.1	NP_001375041.1	0	N/A	23.697	211	26	0.000185	47.4	poly(A) RNA polymerase GLD2 isoform 1 [Homo sapiens]	TRUE	TENT2
XP_004334964.1	NP_001375040.1	0	N/A	23.697	211	26	0.000185	47.4	poly(A) RNA polymerase GLD2 isoform 1 [Homo sapiens]	TRUE	TENT2
XP_004334964.1	NP_001375039.1	0	N/A	23.697	211	26	0.000185	47.4	poly(A) RNA polymerase GLD2 isoform 1 [Homo sapiens]	TRUE	TENT2
XP_004334964.1	NP_001375038.1	0	N/A	23.697	211	26	0.000185	47.4	poly(A) RNA polymerase GLD2 isoform 1 [Homo sapiens]	TRUE	TENT2
XP_004334964.1	NP_001375037.1	0	N/A	23.697	211	26	0.000185	47.4	poly(A) RNA polymerase GLD2 isoform 1 [Homo sapiens]	TRUE	TENT2
XP_004334964.1	NP_001375036.1	0	N/A	23.697	211	26	0.000185	47.4	poly(A) RNA polymerase GLD2 isoform 1 [Homo sapiens]	TRUE	TENT2
XP_004334964.1	NP_001375035.1	0	N/A	23.697	211	26	0.000185	47.4	poly(A) RNA polymerase GLD2 isoform 1 [Homo sapiens]	TRUE	TENT2
XP_004334964.1	NP_001375034.1	0	N/A	23.697	211	26	0.000185	47.4	poly(A) RNA polymerase GLD2 isoform 1 [Homo sapiens]	TRUE	TENT2
XP_004334964.1	NP_001375032.1	0	N/A	23.697	211	26	0.000185	47.4	poly(A) RNA polymerase GLD2 isoform 1 [Homo sapiens]	TRUE	TENT2
XP_004334964.1	NP_001375031.1	0	N/A	23.697	211	26	0.000185	47.4	poly(A) RNA polymerase GLD2 isoform 1 [Homo sapiens]	TRUE	TENT2
XP_004334964.1	NP_001336482.1	0	N/A	23.697	211	26	0.000185	47.4	poly(A) RNA polymerase GLD2 isoform 1 [Homo sapiens]	TRUE	TENT2
XP_004334964.1	NP_001336481.1	0	N/A	23.697	211	26	0.000185	47.4	poly(A) RNA polymerase GLD2 isoform 1 [Homo sapiens]	TRUE	TENT2
XP_004334964.1	NP_001107866.1	0	N/A	23.697	211	26	0.000185	47.4	poly(A) RNA polymerase GLD2 isoform 1 [Homo sapiens]	TRUE	TENT2
XP_004334964.1	NP_001107865.1	0	N/A	23.697	211	26	0.000185	47.4	poly(A) RNA polymerase GLD2 isoform 1 [Homo sapiens]	TRUE	TENT2
XP_004334964.1	NP_001375042.1	0	N/A	23.697	211	26	0.000188	47.4	poly(A) RNA polymerase GLD2 isoform 16 [Homo sapiens]	TRUE	TENT2
XP_004334964.1	XP_047272811.1	0	N/A	22.927	205	26	0.000205	47.4	poly(A) RNA polymerase GLD2 isoform X4 [Homo sapiens]	TRUE	TENT2
XP_004334964.1	XP_047272810.1	0	N/A	22.927	205	26	0.000205	47.4	poly(A) RNA polymerase GLD2 isoform X4 [Homo sapiens]	TRUE	TENT2
XP_004334964.1	XP_047272809.1	0	N/A	22.927	205	26	0.000205	47.4	poly(A) RNA polymerase GLD2 isoform X4 [Homo sapiens]	TRUE	TENT2
XP_004334964.1	NP_001375058.1	0	N/A	22.927	205	26	0.000205	47.4	poly(A) RNA polymerase GLD2 isoform 2 [Homo sapiens]	TRUE	TENT2
XP_004334964.1	NP_001375057.1	0	N/A	22.927	205	26	0.000205	47.4	poly(A) RNA polymerase GLD2 isoform 2 [Homo sapiens]	TRUE	TENT2
XP_004334964.1	NP_001375056.1	0	N/A	22.927	205	26	0.000205	47.4	poly(A) RNA polymerase GLD2 isoform 2 [Homo sapiens]	TRUE	TENT2
XP_004334964.1	NP_001375055.1	0	N/A	22.927	205	26	0.000205	47.4	poly(A) RNA polymerase GLD2 isoform 2 [Homo sapiens]	TRUE	TENT2
XP_004334964.1	NP_001375054.1	0	N/A	22.927	205	26	0.000205	47.4	poly(A) RNA polymerase GLD2 isoform 2 [Homo sapiens]	TRUE	TENT2
XP_004334964.1	NP_001375053.1	0	N/A	22.927	205	26	0.000205	47.4	poly(A) RNA polymerase GLD2 isoform 2 [Homo sapiens]	TRUE	TENT2
XP_004334964.1	NP_001375052.1	0	N/A	22.927	205	26	0.000205	47.4	poly(A) RNA polymerase GLD2 isoform 2 [Homo sapiens]	TRUE	TENT2
XP_004334964.1	NP_001375051.1	0	N/A	22.927	205	26	0.000205	47.4	poly(A) RNA polymerase GLD2 isoform 2 [Homo sapiens]	TRUE	TENT2
XP_004334964.1	NP_001375050.1	0	N/A	22.927	205	26	0.000205	47.4	poly(A) RNA polymerase GLD2 isoform 2 [Homo sapiens]	TRUE	TENT2
XP_004334964.1	NP_001375049.1	0	N/A	22.927	205	26	0.000205	47.4	poly(A) RNA polymerase GLD2 isoform 2 [Homo sapiens]	TRUE	TENT2
XP_004334964.1	NP_001375048.1	0	N/A	22.927	205	26	0.000205	47.4	poly(A) RNA polymerase GLD2 isoform 2 [Homo sapiens]	TRUE	TENT2
XP_004338200.1	NP_001035375.2	0	N/A	39.871	311	56	1.11e-52	190	terminal nucleotidyltransferase 4B isoform b [Homo sapiens]	TRUE	TENT4B
XP_004338200.1	XP_011521578.1	0	N/A	39.871	311	56	1.12e-52	190	terminal nucleotidyltransferase 4B isoform X2 [Homo sapiens]	TRUE	TENT4B
XP_004338200.1	XP_047290432.1	0	N/A	39.871	311	56	1.33e-52	189	terminal nucleotidyltransferase 4B isoform X4 [Homo sapiens]	TRUE	TENT4B
XP_004338200.1	NP_001352252.1	0	N/A	39.871	311	56	1.89e-52	190	terminal nucleotidyltransferase 4B isoform c [Homo sapiens]	TRUE	TENT4B
XP_004338200.1	NP_001035374.2	0	N/A	39.871	311	56	1.94e-52	190	terminal nucleotidyltransferase 4B isoform a [Homo sapiens]	TRUE	TENT4B
XP_004338200.1	XP_011521577.1	0	N/A	39.871	311	56	1.97e-52	190	terminal nucleotidyltransferase 4B isoform X1 [Homo sapiens]	TRUE	TENT4B
XP_004338200.1	XP_047290433.1	0	N/A	40.268	298	53	2.27e-52	186	terminal nucleotidyltransferase 4B isoform X6 [Homo sapiens]	TRUE	TENT4B
XP_004338200.1	NP_008930.2	0	N/A	39.024	328	59	2.51e-52	191	terminal nucleotidyltransferase 4A isoform 1 [Homo sapiens]	TRUE	TENT4A
XP_004338200.1	XP_047290431.1	0	N/A	40.385	312	56	2.59e-52	189	terminal nucleotidyltransferase 4B isoform X3 [Homo sapiens]	TRUE	TENT4B
XP_004338200.1	NP_001165276.2	0	N/A	39.024	328	59	2.64e-52	191	terminal nucleotidyltransferase 4A isoform 2 [Homo sapiens]	TRUE	TENT4A
XP_004338200.1	NP_001352253.1	0	N/A	40.385	312	56	3.74e-52	189	terminal nucleotidyltransferase 4B isoform d [Homo sapiens]	TRUE	TENT4B
XP_004338200.1	XP_011521580.1	0	N/A	40.268	298	53	6.15e-52	186	terminal nucleotidyltransferase 4B isoform X5 [Homo sapiens]	TRUE	TENT4B
XP_004338200.1	XP_047272622.1	0	N/A	38.87	301	54	1.48e-47	174	terminal nucleotidyltransferase 4A isoform X1 [Homo sapiens]	TRUE	TENT4A
XP_004338200.1	XP_047272621.1	0	N/A	38.87	301	54	1.48e-47	174	terminal nucleotidyltransferase 4A isoform X1 [Homo sapiens]	TRUE	TENT4A
XP_004338200.1	XP_047272620.1	0	N/A	38.87	301	54	1.48e-47	174	terminal nucleotidyltransferase 4A isoform X1 [Homo sapiens]	TRUE	TENT4A
XP_004338200.1	XP_047272624.1	0	N/A	38.356	292	52	1.93e-44	165	terminal nucleotidyltransferase 4A isoform X3 [Homo sapiens]	TRUE	TENT4A
XP_004338200.1	XP_047272623.1	0	N/A	38.356	292	52	1.98e-44	165	terminal nucleotidyltransferase 4A isoform X2 [Homo sapiens]	TRUE	TENT4A
XP_004338200.1	XP_016864477.1	0	N/A	38.356	292	52	1.98e-44	165	terminal nucleotidyltransferase 4A isoform X2 [Homo sapiens]	TRUE	TENT4A
XP_004338200.1	NP_001336477.1	0	N/A	27.419	186	31	2.44e-11	66.6	poly(A) RNA polymerase GLD2 isoform 4 [Homo sapiens]	TRUE	TENT2
XP_004338200.1	XP_047272820.1	0	N/A	27.419	186	31	5.75e-11	65.1	poly(A) RNA polymerase GLD2 isoform X11 [Homo sapiens]	TRUE	TENT2
XP_004338200.1	NP_001375061.1	0	N/A	27.419	186	31	1.07e-10	66.2	poly(A) RNA polymerase GLD2 isoform 12 [Homo sapiens]	TRUE	TENT2
XP_004338200.1	NP_001375060.1	0	N/A	27.419	186	31	1.18e-10	65.9	poly(A) RNA polymerase GLD2 isoform 11 [Homo sapiens]	TRUE	TENT2
XP_004338200.1	XP_047272811.1	0	N/A	27.419	186	31	1.2e-10	65.9	poly(A) RNA polymerase GLD2 isoform X4 [Homo sapiens]	TRUE	TENT2
XP_004338200.1	XP_047272810.1	0	N/A	27.419	186	31	1.2e-10	65.9	poly(A) RNA polymerase GLD2 isoform X4 [Homo sapiens]	TRUE	TENT2
XP_004338200.1	XP_047272809.1	0	N/A	27.419	186	31	1.2e-10	65.9	poly(A) RNA polymerase GLD2 isoform X4 [Homo sapiens]	TRUE	TENT2
XP_004338200.1	NP_001375058.1	0	N/A	27.419	186	31	1.2e-10	65.9	poly(A) RNA polymerase GLD2 isoform 2 [Homo sapiens]	TRUE	TENT2
XP_004338200.1	NP_001375057.1	0	N/A	27.419	186	31	1.2e-10	65.9	poly(A) RNA polymerase GLD2 isoform 2 [Homo sapiens]	TRUE	TENT2
XP_004338200.1	NP_001375056.1	0	N/A	27.419	186	31	1.2e-10	65.9	poly(A) RNA polymerase GLD2 isoform 2 [Homo sapiens]	TRUE	TENT2
XP_004338200.1	NP_001375055.1	0	N/A	27.419	186	31	1.2e-10	65.9	poly(A) RNA polymerase GLD2 isoform 2 [Homo sapiens]	TRUE	TENT2
XP_004338200.1	NP_001375054.1	0	N/A	27.419	186	31	1.2e-10	65.9	poly(A) RNA polymerase GLD2 isoform 2 [Homo sapiens]	TRUE	TENT2
XP_004338200.1	NP_001375053.1	0	N/A	27.419	186	31	1.2e-10	65.9	poly(A) RNA polymerase GLD2 isoform 2 [Homo sapiens]	TRUE	TENT2
XP_004338200.1	NP_001375052.1	0	N/A	27.419	186	31	1.2e-10	65.9	poly(A) RNA polymerase GLD2 isoform 2 [Homo sapiens]	TRUE	TENT2
XP_004338200.1	NP_001375051.1	0	N/A	27.419	186	31	1.2e-10	65.9	poly(A) RNA polymerase GLD2 isoform 2 [Homo sapiens]	TRUE	TENT2
XP_004338200.1	NP_001375050.1	0	N/A	27.419	186	31	1.2e-10	65.9	poly(A) RNA polymerase GLD2 isoform 2 [Homo sapiens]	TRUE	TENT2
XP_004338200.1	NP_001375049.1	0	N/A	27.419	186	31	1.2e-10	65.9	poly(A) RNA polymerase GLD2 isoform 2 [Homo sapiens]	TRUE	TENT2
XP_004338200.1	NP_001375048.1	0	N/A	27.419	186	31	1.2e-10	65.9	poly(A) RNA polymerase GLD2 isoform 2 [Homo sapiens]	TRUE	TENT2
XP_004338200.1	NP_001375047.1	0	N/A	27.419	186	31	1.2e-10	65.9	poly(A) RNA polymerase GLD2 isoform 2 [Homo sapiens]	TRUE	TENT2
XP_004338200.1	NP_001375046.1	0	N/A	27.419	186	31	1.2e-10	65.9	poly(A) RNA polymerase GLD2 isoform 2 [Homo sapiens]	TRUE	TENT2
XP_004338200.1	NP_001375045.1	0	N/A	27.419	186	31	1.2e-10	65.9	poly(A) RNA polymerase GLD2 isoform 2 [Homo sapiens]	TRUE	TENT2
XP_004338200.1	NP_001375044.1	0	N/A	27.419	186	31	1.2e-10	65.9	poly(A) RNA polymerase GLD2 isoform 2 [Homo sapiens]	TRUE	TENT2
XP_004338200.1	NP_001375043.1	0	N/A	27.419	186	31	1.2e-10	65.9	poly(A) RNA polymerase GLD2 isoform 2 [Homo sapiens]	TRUE	TENT2
XP_004338200.1	NP_001336483.1	0	N/A	27.419	186	31	1.2e-10	65.9	poly(A) RNA polymerase GLD2 isoform 2 [Homo sapiens]	TRUE	TENT2
XP_004338200.1	NP_001284673.1	0	N/A	27.419	186	31	1.2e-10	65.9	poly(A) RNA polymerase GLD2 isoform 2 [Homo sapiens]	TRUE	TENT2
XP_004338200.1	NP_001375059.1	0	N/A	27.419	186	31	1.21e-10	65.9	poly(A) RNA polymerase GLD2 isoform 10 [Homo sapiens]	TRUE	TENT2
XP_004338200.1	XP_047272808.1	0	N/A	27.419	186	31	1.24e-10	65.9	poly(A) RNA polymerase GLD2 isoform X3 [Homo sapiens]	TRUE	TENT2
XP_004338200.1	XP_047272807.1	0	N/A	27.419	186	31	1.24e-10	65.9	poly(A) RNA polymerase GLD2 isoform X3 [Homo sapiens]	TRUE	TENT2
XP_004338200.1	XP_047272806.1	0	N/A	27.419	186	31	1.24e-10	65.9	poly(A) RNA polymerase GLD2 isoform X3 [Homo sapiens]	TRUE	TENT2
XP_004338200.1	NP_776158.2	0	N/A	27.419	186	31	1.24e-10	65.9	poly(A) RNA polymerase GLD2 isoform 1 [Homo sapiens]	TRUE	TENT2
XP_004338200.1	NP_001375041.1	0	N/A	27.419	186	31	1.24e-10	65.9	poly(A) RNA polymerase GLD2 isoform 1 [Homo sapiens]	TRUE	TENT2
XP_004338200.1	NP_001375040.1	0	N/A	27.419	186	31	1.24e-10	65.9	poly(A) RNA polymerase GLD2 isoform 1 [Homo sapiens]	TRUE	TENT2
XP_004338200.1	NP_001375039.1	0	N/A	27.419	186	31	1.24e-10	65.9	poly(A) RNA polymerase GLD2 isoform 1 [Homo sapiens]	TRUE	TENT2
XP_004338200.1	NP_001375038.1	0	N/A	27.419	186	31	1.24e-10	65.9	poly(A) RNA polymerase GLD2 isoform 1 [Homo sapiens]	TRUE	TENT2
XP_004338200.1	NP_001375037.1	0	N/A	27.419	186	31	1.24e-10	65.9	poly(A) RNA polymerase GLD2 isoform 1 [Homo sapiens]	TRUE	TENT2
XP_004338200.1	NP_001375036.1	0	N/A	27.419	186	31	1.24e-10	65.9	poly(A) RNA polymerase GLD2 isoform 1 [Homo sapiens]	TRUE	TENT2
XP_004338200.1	NP_001375035.1	0	N/A	27.419	186	31	1.24e-10	65.9	poly(A) RNA polymerase GLD2 isoform 1 [Homo sapiens]	TRUE	TENT2
XP_004338200.1	NP_001375034.1	0	N/A	27.419	186	31	1.24e-10	65.9	poly(A) RNA polymerase GLD2 isoform 1 [Homo sapiens]	TRUE	TENT2
XP_004338200.1	NP_001375032.1	0	N/A	27.419	186	31	1.24e-10	65.9	poly(A) RNA polymerase GLD2 isoform 1 [Homo sapiens]	TRUE	TENT2
XP_004338200.1	NP_001375031.1	0	N/A	27.419	186	31	1.24e-10	65.9	poly(A) RNA polymerase GLD2 isoform 1 [Homo sapiens]	TRUE	TENT2
XP_004338200.1	NP_001336482.1	0	N/A	27.419	186	31	1.24e-10	65.9	poly(A) RNA polymerase GLD2 isoform 1 [Homo sapiens]	TRUE	TENT2
XP_004338200.1	NP_001336481.1	0	N/A	27.419	186	31	1.24e-10	65.9	poly(A) RNA polymerase GLD2 isoform 1 [Homo sapiens]	TRUE	TENT2
XP_004338200.1	NP_001107866.1	0	N/A	27.419	186	31	1.24e-10	65.9	poly(A) RNA polymerase GLD2 isoform 1 [Homo sapiens]	TRUE	TENT2
XP_004338200.1	NP_001107865.1	0	N/A	27.419	186	31	1.24e-10	65.9	poly(A) RNA polymerase GLD2 isoform 1 [Homo sapiens]	TRUE	TENT2
XP_004338200.1	NP_001375042.1	0	N/A	27.419	186	31	1.28e-10	65.9	poly(A) RNA polymerase GLD2 isoform 16 [Homo sapiens]	TRUE	TENT2
XP_004338200.1	NP_001375065.1	0	N/A	27.419	186	31	1.35e-10	65.5	poly(A) RNA polymerase GLD2 isoform 14 [Homo sapiens]	TRUE	TENT2
XP_004338200.1	NP_001375030.1	0	N/A	27.419	186	31	1.43e-10	65.9	poly(A) RNA polymerase GLD2 isoform 9 [Homo sapiens]	TRUE	TENT2
XP_004338200.1	NP_001375029.1	0	N/A	27.419	186	31	1.46e-10	65.9	poly(A) RNA polymerase GLD2 isoform 8 [Homo sapiens]	TRUE	TENT2
XP_004338200.1	NP_001375028.1	0	N/A	27.419	186	31	1.46e-10	65.9	poly(A) RNA polymerase GLD2 isoform 8 [Homo sapiens]	TRUE	TENT2
XP_004338200.1	XP_047272805.1	0	N/A	27.419	186	31	1.6e-10	65.9	poly(A) RNA polymerase GLD2 isoform X2 [Homo sapiens]	TRUE	TENT2
XP_004338200.1	XP_047272804.1	0	N/A	27.419	186	31	1.6e-10	65.9	poly(A) RNA polymerase GLD2 isoform X2 [Homo sapiens]	TRUE	TENT2
XP_004338200.1	XP_047272803.1	0	N/A	27.419	186	31	1.6e-10	65.9	poly(A) RNA polymerase GLD2 isoform X2 [Homo sapiens]	TRUE	TENT2
XP_004338200.1	XP_047272802.1	0	N/A	27.419	186	31	1.6e-10	65.9	poly(A) RNA polymerase GLD2 isoform X2 [Homo sapiens]	TRUE	TENT2
XP_004338200.1	XP_016864641.1	0	N/A	27.419	186	31	1.6e-10	65.9	poly(A) RNA polymerase GLD2 isoform X2 [Homo sapiens]	TRUE	TENT2
XP_004338200.1	NP_001375026.1	0	N/A	27.419	186	31	1.6e-10	65.9	poly(A) RNA polymerase GLD2 isoform 6 [Homo sapiens]	TRUE	TENT2
XP_004338200.1	NP_001375025.1	0	N/A	27.419	186	31	1.6e-10	65.9	poly(A) RNA polymerase GLD2 isoform 6 [Homo sapiens]	TRUE	TENT2
XP_004338200.1	NP_001375024.1	0	N/A	27.419	186	31	1.6e-10	65.9	poly(A) RNA polymerase GLD2 isoform 6 [Homo sapiens]	TRUE	TENT2
XP_004338200.1	NP_001336480.1	0	N/A	27.419	186	31	1.6e-10	65.9	poly(A) RNA polymerase GLD2 isoform 6 [Homo sapiens]	TRUE	TENT2
XP_004338200.1	NP_001375027.1	0	N/A	27.419	186	31	1.66e-10	65.5	poly(A) RNA polymerase GLD2 isoform 7 [Homo sapiens]	TRUE	TENT2
XP_004338200.1	XP_047272801.1	0	N/A	27.419	186	31	1.76e-10	65.5	poly(A) RNA polymerase GLD2 isoform X1 [Homo sapiens]	TRUE	TENT2
XP_004338200.1	XP_047272800.1	0	N/A	27.419	186	31	1.76e-10	65.5	poly(A) RNA polymerase GLD2 isoform X1 [Homo sapiens]	TRUE	TENT2
XP_004338200.1	XP_011541527.1	0	N/A	27.419	186	31	1.76e-10	65.5	poly(A) RNA polymerase GLD2 isoform X1 [Homo sapiens]	TRUE	TENT2
XP_004338200.1	XP_011541526.1	0	N/A	27.419	186	31	1.76e-10	65.5	poly(A) RNA polymerase GLD2 isoform X1 [Homo sapiens]	TRUE	TENT2
XP_004338200.1	XP_011541523.1	0	N/A	27.419	186	31	1.76e-10	65.5	poly(A) RNA polymerase GLD2 isoform X1 [Homo sapiens]	TRUE	TENT2
XP_004338200.1	XP_011541522.1	0	N/A	27.419	186	31	1.76e-10	65.5	poly(A) RNA polymerase GLD2 isoform X1 [Homo sapiens]	TRUE	TENT2
XP_004338200.1	NP_001375023.1	0	N/A	27.419	186	31	1.76e-10	65.5	poly(A) RNA polymerase GLD2 isoform 5 [Homo sapiens]	TRUE	TENT2
XP_004338200.1	NP_001375022.1	0	N/A	27.419	186	31	1.76e-10	65.5	poly(A) RNA polymerase GLD2 isoform 5 [Homo sapiens]	TRUE	TENT2
XP_004338200.1	NP_001336479.1	0	N/A	27.419	186	31	1.76e-10	65.5	poly(A) RNA polymerase GLD2 isoform 5 [Homo sapiens]	TRUE	TENT2
XP_004338200.1	NP_001336478.1	0	N/A	27.419	186	31	1.76e-10	65.5	poly(A) RNA polymerase GLD2 isoform 5 [Homo sapiens]	TRUE	TENT2
XP_004338200.1	NP_001375066.1	0	N/A	26.904	197	33	2.49e-08	57.8	poly(A) RNA polymerase GLD2 isoform 15 [Homo sapiens]	TRUE	TENT2
XP_004338200.1	XP_047272325.1	0	N/A	21.988	332	58	3.1e-08	58.9	terminal uridylyltransferase 4 isoform X23 [Homo sapiens]	TRUE	Tut4
XP_004338200.1	XP_047272344.1	0	N/A	21.988	332	58	3.2e-08	58.9	terminal uridylyltransferase 4 isoform X30 [Homo sapiens]	TRUE	Tut4
XP_004338200.1	XP_016856295.1	0	N/A	21.988	332	58	3.2e-08	58.9	terminal uridylyltransferase 4 isoform X25 [Homo sapiens]	TRUE	Tut4
XP_004338200.1	XP_047272348.1	0	N/A	21.988	332	58	3.6e-08	58.9	terminal uridylyltransferase 4 isoform X32 [Homo sapiens]	TRUE	Tut4
XP_004338200.1	XP_047272337.1	0	N/A	21.988	332	58	4.04e-08	58.5	terminal uridylyltransferase 4 isoform X27 [Homo sapiens]	TRUE	Tut4
XP_004338200.1	XP_047272362.1	0	N/A	21.988	332	58	4.13e-08	58.5	terminal uridylyltransferase 4 isoform X37 [Homo sapiens]	TRUE	Tut4
XP_004338200.1	XP_047272350.1	0	N/A	21.988	332	58	4.14e-08	58.5	terminal uridylyltransferase 4 isoform X34 [Homo sapiens]	TRUE	Tut4
XP_004338200.1	XP_016856296.1	0	N/A	21.988	332	58	4.15e-08	58.5	terminal uridylyltransferase 4 isoform X28 [Homo sapiens]	TRUE	Tut4
XP_004338200.1	XP_047272367.1	0	N/A	21.988	332	58	4.24e-08	58.5	terminal uridylyltransferase 4 isoform X39 [Homo sapiens]	TRUE	Tut4
XP_004338200.1	XP_047272354.1	0	N/A	21.988	332	58	4.24e-08	58.5	terminal uridylyltransferase 4 isoform X35 [Homo sapiens]	TRUE	Tut4
XP_004338200.1	NP_001317647.1	0	N/A	21.772	395	65	7.94e-08	57.4	terminal uridylyltransferase 7 isoform 3 [Homo sapiens]	TRUE	Tut7
XP_004338200.1	XP_047272818.1	0	N/A	31.765	85	18	9.97e-08	56.2	poly(A) RNA polymerase GLD2 isoform X10 [Homo sapiens]	TRUE	TENT2
XP_004339627.1	XP_047290433.1	0	N/A	41.72	314	33	3.54e-67	234	terminal nucleotidyltransferase 4B isoform X6 [Homo sapiens]	TRUE	TENT4B
XP_004339627.1	XP_011521580.1	0	N/A	41.72	314	33	3.79e-67	236	terminal nucleotidyltransferase 4B isoform X5 [Homo sapiens]	TRUE	TENT4B
XP_004339627.1	NP_001035375.2	0	N/A	40.367	327	34	2.62e-65	234	terminal nucleotidyltransferase 4B isoform b [Homo sapiens]	TRUE	TENT4B
XP_004339627.1	XP_011521578.1	0	N/A	40.367	327	34	2.67e-65	234	terminal nucleotidyltransferase 4B isoform X2 [Homo sapiens]	TRUE	TENT4B
XP_004339627.1	NP_001035374.2	0	N/A	39.879	331	35	2.93e-65	234	terminal nucleotidyltransferase 4B isoform a [Homo sapiens]	TRUE	TENT4B
XP_004339627.1	XP_011521577.1	0	N/A	39.879	331	35	2.98e-65	234	terminal nucleotidyltransferase 4B isoform X1 [Homo sapiens]	TRUE	TENT4B
XP_004339627.1	NP_001352252.1	0	N/A	40.367	327	34	4.52e-65	234	terminal nucleotidyltransferase 4B isoform c [Homo sapiens]	TRUE	TENT4B
XP_004339627.1	XP_047290432.1	0	N/A	40.367	327	34	5.04e-65	233	terminal nucleotidyltransferase 4B isoform X4 [Homo sapiens]	TRUE	TENT4B
XP_004339627.1	XP_047290431.1	0	N/A	40.367	327	34	1.33e-64	232	terminal nucleotidyltransferase 4B isoform X3 [Homo sapiens]	TRUE	TENT4B
XP_004339627.1	NP_001352253.1	0	N/A	40.367	327	34	1.38e-64	233	terminal nucleotidyltransferase 4B isoform d [Homo sapiens]	TRUE	TENT4B
XP_004339627.1	NP_008930.2	0	N/A	38.924	316	33	6.05e-62	227	terminal nucleotidyltransferase 4A isoform 1 [Homo sapiens]	TRUE	TENT4A
XP_004339627.1	NP_001165276.2	0	N/A	38.924	316	33	7.45e-62	227	terminal nucleotidyltransferase 4A isoform 2 [Homo sapiens]	TRUE	TENT4A
XP_004339627.1	XP_047272622.1	0	N/A	38.361	305	32	7.79e-58	210	terminal nucleotidyltransferase 4A isoform X1 [Homo sapiens]	TRUE	TENT4A
XP_004339627.1	XP_047272621.1	0	N/A	38.361	305	32	7.79e-58	210	terminal nucleotidyltransferase 4A isoform X1 [Homo sapiens]	TRUE	TENT4A
XP_004339627.1	XP_047272620.1	0	N/A	38.361	305	32	7.79e-58	210	terminal nucleotidyltransferase 4A isoform X1 [Homo sapiens]	TRUE	TENT4A
XP_004339627.1	XP_047272624.1	0	N/A	38.176	296	31	1.59e-55	203	terminal nucleotidyltransferase 4A isoform X3 [Homo sapiens]	TRUE	TENT4A
XP_004339627.1	XP_047272623.1	0	N/A	38.176	296	31	1.66e-55	203	terminal nucleotidyltransferase 4A isoform X2 [Homo sapiens]	TRUE	TENT4A
XP_004339627.1	XP_016864477.1	0	N/A	38.176	296	31	1.66e-55	203	terminal nucleotidyltransferase 4A isoform X2 [Homo sapiens]	TRUE	TENT4A
XP_004339627.1	XP_016870620.1	0	N/A	25.954	262	23	1.26e-16	87.8	terminal uridylyltransferase 7 isoform X4 [Homo sapiens]	TRUE	Tut7
XP_004339627.1	XP_016870619.1	0	N/A	25.954	262	23	1.26e-16	87.8	terminal uridylyltransferase 7 isoform X4 [Homo sapiens]	TRUE	Tut7
XP_004339627.1	NP_078893.2	0	N/A	25.954	262	23	1.26e-16	87.8	terminal uridylyltransferase 7 isoform 1 [Homo sapiens]	TRUE	Tut7
XP_004339627.1	NP_001171988.1	0	N/A	25.954	262	23	1.26e-16	87.8	terminal uridylyltransferase 7 isoform 1 [Homo sapiens]	TRUE	Tut7
XP_004339627.1	XP_047279823.1	0	N/A	25.954	262	23	1.32e-16	87.8	terminal uridylyltransferase 7 isoform X2 [Homo sapiens]	TRUE	Tut7
XP_004339627.1	XP_006717346.1	0	N/A	25.954	262	23	1.32e-16	87.8	terminal uridylyltransferase 7 isoform X2 [Homo sapiens]	TRUE	Tut7
XP_004339627.1	XP_047279825.1	0	N/A	25.954	262	23	1.32e-16	87.8	terminal uridylyltransferase 7 isoform X6 [Homo sapiens]	TRUE	Tut7
XP_004339627.1	XP_047279824.1	0	N/A	25.954	262	23	1.32e-16	87.8	terminal uridylyltransferase 7 isoform X6 [Homo sapiens]	TRUE	Tut7
XP_004339627.1	XP_005252264.1	0	N/A	25.954	262	23	1.32e-16	87.8	terminal uridylyltransferase 7 isoform X6 [Homo sapiens]	TRUE	Tut7
XP_004339627.1	XP_011517318.1	0	N/A	25.954	262	23	1.4e-16	87.8	terminal uridylyltransferase 7 isoform X5 [Homo sapiens]	TRUE	Tut7
XP_004339627.1	XP_011517317.1	0	N/A	25.954	262	23	1.56e-16	87.8	terminal uridylyltransferase 7 isoform X3 [Homo sapiens]	TRUE	Tut7
XP_004339627.1	NP_001317647.1	0	N/A	25.954	262	23	1.84e-16	87	terminal uridylyltransferase 7 isoform 3 [Homo sapiens]	TRUE	Tut7
XP_004339627.1	XP_005252265.1	0	N/A	25.954	262	23	2.03e-16	87.4	terminal uridylyltransferase 7 isoform X7 [Homo sapiens]	TRUE	Tut7
XP_004339627.1	XP_011517316.1	0	N/A	25.954	262	23	2.17e-16	87	terminal uridylyltransferase 7 isoform X1 [Homo sapiens]	TRUE	Tut7
XP_004339627.1	XP_011517315.1	0	N/A	25.954	262	23	2.17e-16	87	terminal uridylyltransferase 7 isoform X1 [Homo sapiens]	TRUE	Tut7
XP_004339627.1	XP_011517314.1	0	N/A	25.954	262	23	2.17e-16	87	terminal uridylyltransferase 7 isoform X1 [Homo sapiens]	TRUE	Tut7
XP_004339627.1	XP_011517313.1	0	N/A	25.954	262	23	2.17e-16	87	terminal uridylyltransferase 7 isoform X1 [Homo sapiens]	TRUE	Tut7
XP_004339627.1	XP_016856293.1	0	N/A	22.291	323	29	1.99e-14	80.9	terminal uridylyltransferase 4 isoform X16 [Homo sapiens]	TRUE	Tut4
XP_004339627.1	XP_047272288.1	0	N/A	22.291	323	29	2.05e-14	80.9	terminal uridylyltransferase 4 isoform X10 [Homo sapiens]	TRUE	Tut4
XP_004339627.1	XP_016856299.1	0	N/A	22.291	323	29	2.54e-14	80.5	terminal uridylyltransferase 4 isoform X40 [Homo sapiens]	TRUE	Tut4
XP_004339627.1	XP_047272283.1	0	N/A	22.84	324	29	2.79e-14	80.5	terminal uridylyltransferase 4 isoform X6 [Homo sapiens]	TRUE	Tut4
XP_004339627.1	XP_005270737.1	0	N/A	22.84	324	29	2.79e-14	80.5	terminal uridylyltransferase 4 isoform X6 [Homo sapiens]	TRUE	Tut4
XP_004339627.1	XP_047272365.1	0	N/A	22.291	323	29	2.84e-14	80.1	terminal uridylyltransferase 4 isoform X38 [Homo sapiens]	TRUE	Tut4
XP_004339627.1	XP_016856292.1	0	N/A	22.291	323	29	2.88e-14	80.1	terminal uridylyltransferase 4 isoform X9 [Homo sapiens]	TRUE	Tut4
XP_004339627.1	XP_047272281.1	0	N/A	22.84	324	29	3.04e-14	80.1	terminal uridylyltransferase 4 isoform X4 [Homo sapiens]	TRUE	Tut4
XP_004339627.1	NP_001009881.1	0	N/A	22.84	324	29	3.04e-14	80.1	terminal uridylyltransferase 4 isoform a [Homo sapiens]	TRUE	Tut4
XP_004339627.1	XP_047272282.1	0	N/A	22.84	324	29	3.39e-14	80.1	terminal uridylyltransferase 4 isoform X5 [Homo sapiens]	TRUE	Tut4
XP_004339627.1	NP_056084.1	0	N/A	22.84	324	29	3.39e-14	80.1	terminal uridylyltransferase 4 isoform b [Homo sapiens]	TRUE	Tut4
XP_004339627.1	XP_047272285.1	0	N/A	22.291	323	29	3.44e-14	80.1	terminal uridylyltransferase 4 isoform X7 [Homo sapiens]	TRUE	Tut4
XP_004339627.1	XP_016856297.1	0	N/A	22.291	323	29	4.05e-14	79.7	terminal uridylyltransferase 4 isoform X36 [Homo sapiens]	TRUE	Tut4
XP_004339627.1	XP_047272280.1	0	N/A	22.291	323	29	4.27e-14	79.7	terminal uridylyltransferase 4 isoform X3 [Homo sapiens]	TRUE	Tut4
XP_004339627.1	XP_005270736.1	0	N/A	22.291	323	29	4.27e-14	79.7	terminal uridylyltransferase 4 isoform X3 [Homo sapiens]	TRUE	Tut4
XP_004339627.1	XP_005270739.1	0	N/A	22.291	323	29	4.3e-14	79.7	terminal uridylyltransferase 4 isoform X33 [Homo sapiens]	TRUE	Tut4
XP_004339627.1	XP_011539399.1	0	N/A	22.291	323	29	4.35e-14	79.7	terminal uridylyltransferase 4 isoform X1 [Homo sapiens]	TRUE	Tut4
XP_004339627.1	XP_005270733.1	0	N/A	22.291	323	29	4.35e-14	79.7	terminal uridylyltransferase 4 isoform X1 [Homo sapiens]	TRUE	Tut4
XP_004339627.1	XP_005270735.1	0	N/A	22.291	323	29	4.42e-14	79.7	terminal uridylyltransferase 4 isoform X2 [Homo sapiens]	TRUE	Tut4
XP_004339627.1	XP_016856296.1	0	N/A	22.84	324	29	4.79e-14	79.7	terminal uridylyltransferase 4 isoform X28 [Homo sapiens]	TRUE	Tut4
XP_004339627.1	XP_047272345.1	0	N/A	22.291	323	29	5.07e-14	79.3	terminal uridylyltransferase 4 isoform X31 [Homo sapiens]	TRUE	Tut4
XP_004339627.1	XP_011539401.1	0	N/A	22.291	323	29	5.16e-14	79.3	terminal uridylyltransferase 4 isoform X29 [Homo sapiens]	TRUE	Tut4
XP_004339627.1	XP_047272337.1	0	N/A	22.84	324	29	5.4e-14	79.3	terminal uridylyltransferase 4 isoform X27 [Homo sapiens]	TRUE	Tut4
XP_004339627.1	XP_016856295.1	0	N/A	22.84	324	29	6.35e-14	79.3	terminal uridylyltransferase 4 isoform X25 [Homo sapiens]	TRUE	Tut4
XP_004339627.1	XP_047272384.1	0	N/A	22.291	323	29	6.69e-14	79	terminal uridylyltransferase 4 isoform X46 [Homo sapiens]	TRUE	Tut4
XP_004339627.1	XP_047272325.1	0	N/A	22.291	323	29	7.66e-14	79	terminal uridylyltransferase 4 isoform X23 [Homo sapiens]	TRUE	Tut4
XP_004339627.1	XP_047272354.1	0	N/A	23.507	268	28	2.16e-13	77.4	terminal uridylyltransferase 4 isoform X35 [Homo sapiens]	TRUE	Tut4
XP_004339627.1	XP_047272362.1	0	N/A	23.507	268	28	2.22e-13	77.4	terminal uridylyltransferase 4 isoform X37 [Homo sapiens]	TRUE	Tut4
XP_004339627.1	XP_047272367.1	0	N/A	23.507	268	28	2.39e-13	77.4	terminal uridylyltransferase 4 isoform X39 [Homo sapiens]	TRUE	Tut4
XP_004339627.1	XP_047272350.1	0	N/A	23.507	268	28	2.56e-13	77	terminal uridylyltransferase 4 isoform X34 [Homo sapiens]	TRUE	Tut4
XP_004339627.1	XP_047272348.1	0	N/A	23.507	268	28	3.63e-13	76.6	terminal uridylyltransferase 4 isoform X32 [Homo sapiens]	TRUE	Tut4
XP_004339627.1	XP_047272344.1	0	N/A	23.507	268	28	4.2e-13	76.6	terminal uridylyltransferase 4 isoform X30 [Homo sapiens]	TRUE	Tut4
XP_004339627.1	XP_047272811.1	0	N/A	23.288	365	35	1.12e-12	73.9	poly(A) RNA polymerase GLD2 isoform X4 [Homo sapiens]	TRUE	TENT2
XP_004339627.1	XP_047272810.1	0	N/A	23.288	365	35	1.12e-12	73.9	poly(A) RNA polymerase GLD2 isoform X4 [Homo sapiens]	TRUE	TENT2
XP_004339627.1	XP_047272809.1	0	N/A	23.288	365	35	1.12e-12	73.9	poly(A) RNA polymerase GLD2 isoform X4 [Homo sapiens]	TRUE	TENT2
XP_004339627.1	NP_001375058.1	0	N/A	23.288	365	35	1.12e-12	73.9	poly(A) RNA polymerase GLD2 isoform 2 [Homo sapiens]	TRUE	TENT2
XP_004339627.1	NP_001375057.1	0	N/A	23.288	365	35	1.12e-12	73.9	poly(A) RNA polymerase GLD2 isoform 2 [Homo sapiens]	TRUE	TENT2
XP_004339627.1	NP_001375056.1	0	N/A	23.288	365	35	1.12e-12	73.9	poly(A) RNA polymerase GLD2 isoform 2 [Homo sapiens]	TRUE	TENT2
XP_004339627.1	NP_001375055.1	0	N/A	23.288	365	35	1.12e-12	73.9	poly(A) RNA polymerase GLD2 isoform 2 [Homo sapiens]	TRUE	TENT2
XP_004339627.1	NP_001375054.1	0	N/A	23.288	365	35	1.12e-12	73.9	poly(A) RNA polymerase GLD2 isoform 2 [Homo sapiens]	TRUE	TENT2
XP_004339627.1	NP_001375053.1	0	N/A	23.288	365	35	1.12e-12	73.9	poly(A) RNA polymerase GLD2 isoform 2 [Homo sapiens]	TRUE	TENT2
XP_004339627.1	NP_001375052.1	0	N/A	23.288	365	35	1.12e-12	73.9	poly(A) RNA polymerase GLD2 isoform 2 [Homo sapiens]	TRUE	TENT2
XP_004339627.1	NP_001375051.1	0	N/A	23.288	365	35	1.12e-12	73.9	poly(A) RNA polymerase GLD2 isoform 2 [Homo sapiens]	TRUE	TENT2
XP_004339627.1	NP_001375050.1	0	N/A	23.288	365	35	1.12e-12	73.9	poly(A) RNA polymerase GLD2 isoform 2 [Homo sapiens]	TRUE	TENT2
XP_004339627.1	NP_001375049.1	0	N/A	23.288	365	35	1.12e-12	73.9	poly(A) RNA polymerase GLD2 isoform 2 [Homo sapiens]	TRUE	TENT2
XP_004339627.1	NP_001375048.1	0	N/A	23.288	365	35	1.12e-12	73.9	poly(A) RNA polymerase GLD2 isoform 2 [Homo sapiens]	TRUE	TENT2
XP_004339627.1	NP_001375047.1	0	N/A	23.288	365	35	1.12e-12	73.9	poly(A) RNA polymerase GLD2 isoform 2 [Homo sapiens]	TRUE	TENT2
XP_004339627.1	NP_001375046.1	0	N/A	23.288	365	35	1.12e-12	73.9	poly(A) RNA polymerase GLD2 isoform 2 [Homo sapiens]	TRUE	TENT2
XP_004339627.1	NP_001375045.1	0	N/A	23.288	365	35	1.12e-12	73.9	poly(A) RNA polymerase GLD2 isoform 2 [Homo sapiens]	TRUE	TENT2
XP_004339627.1	NP_001375044.1	0	N/A	23.288	365	35	1.12e-12	73.9	poly(A) RNA polymerase GLD2 isoform 2 [Homo sapiens]	TRUE	TENT2
XP_004339627.1	NP_001375043.1	0	N/A	23.288	365	35	1.12e-12	73.9	poly(A) RNA polymerase GLD2 isoform 2 [Homo sapiens]	TRUE	TENT2
XP_004339627.1	NP_001336483.1	0	N/A	23.288	365	35	1.12e-12	73.9	poly(A) RNA polymerase GLD2 isoform 2 [Homo sapiens]	TRUE	TENT2
XP_004339627.1	NP_001284673.1	0	N/A	23.288	365	35	1.12e-12	73.9	poly(A) RNA polymerase GLD2 isoform 2 [Homo sapiens]	TRUE	TENT2
XP_004339627.1	NP_001375059.1	0	N/A	23.288	365	35	1.14e-12	73.9	poly(A) RNA polymerase GLD2 isoform 10 [Homo sapiens]	TRUE	TENT2
XP_004339627.1	NP_001375061.1	0	N/A	23.288	365	35	1.64e-12	73.2	poly(A) RNA polymerase GLD2 isoform 12 [Homo sapiens]	TRUE	TENT2
XP_004339627.1	XP_047272808.1	0	N/A	23.014	365	35	3.14e-12	72.4	poly(A) RNA polymerase GLD2 isoform X3 [Homo sapiens]	TRUE	TENT2
XP_004339627.1	XP_047272807.1	0	N/A	23.014	365	35	3.14e-12	72.4	poly(A) RNA polymerase GLD2 isoform X3 [Homo sapiens]	TRUE	TENT2
XP_004339627.1	XP_047272806.1	0	N/A	23.014	365	35	3.14e-12	72.4	poly(A) RNA polymerase GLD2 isoform X3 [Homo sapiens]	TRUE	TENT2
XP_004339627.1	NP_776158.2	0	N/A	23.014	365	35	3.14e-12	72.4	poly(A) RNA polymerase GLD2 isoform 1 [Homo sapiens]	TRUE	TENT2
XP_004339627.1	NP_001375041.1	0	N/A	23.014	365	35	3.14e-12	72.4	poly(A) RNA polymerase GLD2 isoform 1 [Homo sapiens]	TRUE	TENT2
XP_004339627.1	NP_001375040.1	0	N/A	23.014	365	35	3.14e-12	72.4	poly(A) RNA polymerase GLD2 isoform 1 [Homo sapiens]	TRUE	TENT2
XP_004339627.1	NP_001375039.1	0	N/A	23.014	365	35	3.14e-12	72.4	poly(A) RNA polymerase GLD2 isoform 1 [Homo sapiens]	TRUE	TENT2
XP_004339627.1	NP_001375038.1	0	N/A	23.014	365	35	3.14e-12	72.4	poly(A) RNA polymerase GLD2 isoform 1 [Homo sapiens]	TRUE	TENT2
XP_004339627.1	NP_001375037.1	0	N/A	23.014	365	35	3.14e-12	72.4	poly(A) RNA polymerase GLD2 isoform 1 [Homo sapiens]	TRUE	TENT2
XP_004339627.1	NP_001375036.1	0	N/A	23.014	365	35	3.14e-12	72.4	poly(A) RNA polymerase GLD2 isoform 1 [Homo sapiens]	TRUE	TENT2
XP_004346269.1	XP_047279823.1	0	N/A	25.275	91	11	0.000608	46.2	terminal uridylyltransferase 7 isoform X2 [Homo sapiens]	TRUE	Tut7
XP_004346269.1	XP_006717346.1	0	N/A	25.275	91	11	0.000608	46.2	terminal uridylyltransferase 7 isoform X2 [Homo sapiens]	TRUE	Tut7
XP_004346269.1	XP_011517317.1	0	N/A	25.275	91	11	0.000613	46.2	terminal uridylyltransferase 7 isoform X3 [Homo sapiens]	TRUE	Tut7
XP_004346269.1	NP_001172003.1	0	N/A	25.275	91	11	0.000627	46.2	terminal uridylyltransferase 7 isoform 2 [Homo sapiens]	TRUE	Tut7
XP_004346269.1	XP_016870620.1	0	N/A	25.275	91	11	0.000632	46.2	terminal uridylyltransferase 7 isoform X4 [Homo sapiens]	TRUE	Tut7
XP_004346269.1	XP_016870619.1	0	N/A	25.275	91	11	0.000632	46.2	terminal uridylyltransferase 7 isoform X4 [Homo sapiens]	TRUE	Tut7
XP_004346269.1	NP_078893.2	0	N/A	25.275	91	11	0.000632	46.2	terminal uridylyltransferase 7 isoform 1 [Homo sapiens]	TRUE	Tut7
XP_004346269.1	NP_001171988.1	0	N/A	25.275	91	11	0.000632	46.2	terminal uridylyltransferase 7 isoform 1 [Homo sapiens]	TRUE	Tut7
XP_004346269.1	XP_047279825.1	0	N/A	25.275	91	11	0.000636	46.2	terminal uridylyltransferase 7 isoform X6 [Homo sapiens]	TRUE	Tut7
XP_004346269.1	XP_047279824.1	0	N/A	25.275	91	11	0.000636	46.2	terminal uridylyltransferase 7 isoform X6 [Homo sapiens]	TRUE	Tut7
XP_004346269.1	XP_005252264.1	0	N/A	25.275	91	11	0.000636	46.2	terminal uridylyltransferase 7 isoform X6 [Homo sapiens]	TRUE	Tut7
XP_004346269.1	XP_011517318.1	0	N/A	25.275	91	11	0.000665	46.2	terminal uridylyltransferase 7 isoform X5 [Homo sapiens]	TRUE	Tut7
XP_004346269.1	XP_005252265.1	0	N/A	25.275	91	11	0.000704	46.2	terminal uridylyltransferase 7 isoform X7 [Homo sapiens]	TRUE	Tut7
XP_004346269.1	XP_011517316.1	0	N/A	25.275	91	11	0.00074	45.8	terminal uridylyltransferase 7 isoform X1 [Homo sapiens]	TRUE	Tut7
XP_004346269.1	XP_011517315.1	0	N/A	25.275	91	11	0.00074	45.8	terminal uridylyltransferase 7 isoform X1 [Homo sapiens]	TRUE	Tut7
XP_004346269.1	XP_011517314.1	0	N/A	25.275	91	11	0.00074	45.8	terminal uridylyltransferase 7 isoform X1 [Homo sapiens]	TRUE	Tut7
XP_004346269.1	XP_011517313.1	0	N/A	25.275	91	11	0.00074	45.8	terminal uridylyltransferase 7 isoform X1 [Homo sapiens]	TRUE	Tut7
XP_004346269.1	NP_073741.3	0	N/A	25.541	231	28	0.000799	45.8	speckle targeted PIP5K1A-regulated poly(A) polymerase isoform 1 [Homo sapiens]	TRUE	Tut1
XP_004346269.1	NP_001317647.1	0	N/A	25.275	91	11	0.001	45.4	terminal uridylyltransferase 7 isoform 3 [Homo sapiens]	TRUE	Tut7
XP_004346269.1	XP_047272805.1	0	N/A	21.25	80	10	0.093	38.9	poly(A) RNA polymerase GLD2 isoform X2 [Homo sapiens]	TRUE	TENT2
XP_004346269.1	XP_047272804.1	0	N/A	21.25	80	10	0.093	38.9	poly(A) RNA polymerase GLD2 isoform X2 [Homo sapiens]	TRUE	TENT2
XP_004346269.1	XP_047272803.1	0	N/A	21.25	80	10	0.093	38.9	poly(A) RNA polymerase GLD2 isoform X2 [Homo sapiens]	TRUE	TENT2
XP_004346269.1	XP_047272802.1	0	N/A	21.25	80	10	0.093	38.9	poly(A) RNA polymerase GLD2 isoform X2 [Homo sapiens]	TRUE	TENT2
XP_004346269.1	XP_016864641.1	0	N/A	21.25	80	10	0.093	38.9	poly(A) RNA polymerase GLD2 isoform X2 [Homo sapiens]	TRUE	TENT2
XP_004346269.1	NP_001375026.1	0	N/A	21.25	80	10	0.093	38.9	poly(A) RNA polymerase GLD2 isoform 6 [Homo sapiens]	TRUE	TENT2
XP_004346269.1	NP_001375025.1	0	N/A	21.25	80	10	0.093	38.9	poly(A) RNA polymerase GLD2 isoform 6 [Homo sapiens]	TRUE	TENT2
XP_004346269.1	NP_001375024.1	0	N/A	21.25	80	10	0.093	38.9	poly(A) RNA polymerase GLD2 isoform 6 [Homo sapiens]	TRUE	TENT2
XP_004346269.1	NP_001336480.1	0	N/A	21.25	80	10	0.093	38.9	poly(A) RNA polymerase GLD2 isoform 6 [Homo sapiens]	TRUE	TENT2
XP_004346269.1	XP_047272811.1	0	N/A	21.25	80	10	0.095	38.9	poly(A) RNA polymerase GLD2 isoform X4 [Homo sapiens]	TRUE	TENT2
XP_004346269.1	XP_047272810.1	0	N/A	21.25	80	10	0.095	38.9	poly(A) RNA polymerase GLD2 isoform X4 [Homo sapiens]	TRUE	TENT2
XP_004346269.1	XP_047272809.1	0	N/A	21.25	80	10	0.095	38.9	poly(A) RNA polymerase GLD2 isoform X4 [Homo sapiens]	TRUE	TENT2
XP_004346269.1	NP_001375058.1	0	N/A	21.25	80	10	0.095	38.9	poly(A) RNA polymerase GLD2 isoform 2 [Homo sapiens]	TRUE	TENT2
XP_004346269.1	NP_001375057.1	0	N/A	21.25	80	10	0.095	38.9	poly(A) RNA polymerase GLD2 isoform 2 [Homo sapiens]	TRUE	TENT2
XP_004346269.1	NP_001375056.1	0	N/A	21.25	80	10	0.095	38.9	poly(A) RNA polymerase GLD2 isoform 2 [Homo sapiens]	TRUE	TENT2
XP_004346269.1	NP_001375055.1	0	N/A	21.25	80	10	0.095	38.9	poly(A) RNA polymerase GLD2 isoform 2 [Homo sapiens]	TRUE	TENT2
XP_004346269.1	NP_001375054.1	0	N/A	21.25	80	10	0.095	38.9	poly(A) RNA polymerase GLD2 isoform 2 [Homo sapiens]	TRUE	TENT2
XP_004346269.1	NP_001375053.1	0	N/A	21.25	80	10	0.095	38.9	poly(A) RNA polymerase GLD2 isoform 2 [Homo sapiens]	TRUE	TENT2
XP_004346269.1	NP_001375052.1	0	N/A	21.25	80	10	0.095	38.9	poly(A) RNA polymerase GLD2 isoform 2 [Homo sapiens]	TRUE	TENT2
XP_004346269.1	NP_001375051.1	0	N/A	21.25	80	10	0.095	38.9	poly(A) RNA polymerase GLD2 isoform 2 [Homo sapiens]	TRUE	TENT2
XP_004346269.1	NP_001375050.1	0	N/A	21.25	80	10	0.095	38.9	poly(A) RNA polymerase GLD2 isoform 2 [Homo sapiens]	TRUE	TENT2
XP_004346269.1	NP_001375049.1	0	N/A	21.25	80	10	0.095	38.9	poly(A) RNA polymerase GLD2 isoform 2 [Homo sapiens]	TRUE	TENT2
XP_004346269.1	NP_001375048.1	0	N/A	21.25	80	10	0.095	38.9	poly(A) RNA polymerase GLD2 isoform 2 [Homo sapiens]	TRUE	TENT2
XP_004346269.1	NP_001375047.1	0	N/A	21.25	80	10	0.095	38.9	poly(A) RNA polymerase GLD2 isoform 2 [Homo sapiens]	TRUE	TENT2
XP_004346269.1	NP_001375046.1	0	N/A	21.25	80	10	0.095	38.9	poly(A) RNA polymerase GLD2 isoform 2 [Homo sapiens]	TRUE	TENT2
XP_004346269.1	NP_001375045.1	0	N/A	21.25	80	10	0.095	38.9	poly(A) RNA polymerase GLD2 isoform 2 [Homo sapiens]	TRUE	TENT2
XP_004346269.1	NP_001375044.1	0	N/A	21.25	80	10	0.095	38.9	poly(A) RNA polymerase GLD2 isoform 2 [Homo sapiens]	TRUE	TENT2
XP_004346269.1	NP_001375043.1	0	N/A	21.25	80	10	0.095	38.9	poly(A) RNA polymerase GLD2 isoform 2 [Homo sapiens]	TRUE	TENT2
XP_004346269.1	NP_001336483.1	0	N/A	21.25	80	10	0.095	38.9	poly(A) RNA polymerase GLD2 isoform 2 [Homo sapiens]	TRUE	TENT2
XP_004346269.1	NP_001284673.1	0	N/A	21.25	80	10	0.095	38.9	poly(A) RNA polymerase GLD2 isoform 2 [Homo sapiens]	TRUE	TENT2
XP_004346269.1	NP_001375059.1	0	N/A	21.25	80	10	0.096	38.9	poly(A) RNA polymerase GLD2 isoform 10 [Homo sapiens]	TRUE	TENT2
XP_004346269.1	NP_001375027.1	0	N/A	21.25	80	10	0.097	38.9	poly(A) RNA polymerase GLD2 isoform 7 [Homo sapiens]	TRUE	TENT2
XP_004346582.1	XP_047272384.1	0	N/A	36.562	320	32	5.22e-53	203	terminal uridylyltransferase 4 isoform X46 [Homo sapiens]	TRUE	Tut4
XP_004346582.1	XP_016856293.1	0	N/A	36.76	321	32	1.4e-52	203	terminal uridylyltransferase 4 isoform X16 [Homo sapiens]	TRUE	Tut4
XP_004346582.1	XP_016856292.1	0	N/A	36.875	320	32	1.41e-52	203	terminal uridylyltransferase 4 isoform X9 [Homo sapiens]	TRUE	Tut4
XP_004346582.1	XP_047272365.1	0	N/A	36.562	320	32	1.59e-52	203	terminal uridylyltransferase 4 isoform X38 [Homo sapiens]	TRUE	Tut4
XP_004346582.1	XP_047272285.1	0	N/A	36.677	319	32	1.61e-52	203	terminal uridylyltransferase 4 isoform X7 [Homo sapiens]	TRUE	Tut4
XP_004346582.1	XP_047272288.1	0	N/A	36.76	321	32	1.64e-52	203	terminal uridylyltransferase 4 isoform X10 [Homo sapiens]	TRUE	Tut4
XP_004346582.1	XP_016856299.1	0	N/A	36.562	320	32	1.64e-52	203	terminal uridylyltransferase 4 isoform X40 [Homo sapiens]	TRUE	Tut4
XP_004346582.1	XP_005270739.1	0	N/A	36.677	319	32	1.67e-52	203	terminal uridylyltransferase 4 isoform X33 [Homo sapiens]	TRUE	Tut4
XP_004346582.1	XP_016856297.1	0	N/A	36.677	319	32	1.71e-52	203	terminal uridylyltransferase 4 isoform X36 [Homo sapiens]	TRUE	Tut4
XP_004346582.1	XP_047272280.1	0	N/A	36.562	320	32	1.75e-52	203	terminal uridylyltransferase 4 isoform X3 [Homo sapiens]	TRUE	Tut4
XP_004346582.1	XP_005270736.1	0	N/A	36.562	320	32	1.75e-52	203	terminal uridylyltransferase 4 isoform X3 [Homo sapiens]	TRUE	Tut4
XP_004346582.1	XP_047272281.1	0	N/A	36.562	320	32	1.83e-52	203	terminal uridylyltransferase 4 isoform X4 [Homo sapiens]	TRUE	Tut4
XP_004346582.1	NP_001009881.1	0	N/A	36.562	320	32	1.83e-52	203	terminal uridylyltransferase 4 isoform a [Homo sapiens]	TRUE	Tut4
XP_004346582.1	XP_047272345.1	0	N/A	36.562	320	32	1.84e-52	203	terminal uridylyltransferase 4 isoform X31 [Homo sapiens]	TRUE	Tut4
XP_004346582.1	XP_047272283.1	0	N/A	36.76	321	32	1.91e-52	203	terminal uridylyltransferase 4 isoform X6 [Homo sapiens]	TRUE	Tut4
XP_004346582.1	XP_005270737.1	0	N/A	36.76	321	32	1.91e-52	203	terminal uridylyltransferase 4 isoform X6 [Homo sapiens]	TRUE	Tut4
XP_004346582.1	XP_047272282.1	0	N/A	36.76	321	32	1.91e-52	203	terminal uridylyltransferase 4 isoform X5 [Homo sapiens]	TRUE	Tut4
XP_004346582.1	NP_056084.1	0	N/A	36.76	321	32	1.91e-52	203	terminal uridylyltransferase 4 isoform b [Homo sapiens]	TRUE	Tut4
XP_004346582.1	XP_016856296.1	0	N/A	36.562	320	32	2.05e-52	203	terminal uridylyltransferase 4 isoform X28 [Homo sapiens]	TRUE	Tut4
XP_004346582.1	XP_011539399.1	0	N/A	36.677	319	32	2.08e-52	203	terminal uridylyltransferase 4 isoform X1 [Homo sapiens]	TRUE	Tut4
XP_004346582.1	XP_005270733.1	0	N/A	36.677	319	32	2.08e-52	203	terminal uridylyltransferase 4 isoform X1 [Homo sapiens]	TRUE	Tut4
XP_004346582.1	XP_011539401.1	0	N/A	36.562	320	32	2.09e-52	203	terminal uridylyltransferase 4 isoform X29 [Homo sapiens]	TRUE	Tut4
XP_004346582.1	XP_047272337.1	0	N/A	36.562	320	32	2.13e-52	203	terminal uridylyltransferase 4 isoform X27 [Homo sapiens]	TRUE	Tut4
XP_004346582.1	XP_016856295.1	0	N/A	36.562	320	32	2.19e-52	203	terminal uridylyltransferase 4 isoform X25 [Homo sapiens]	TRUE	Tut4
XP_004346582.1	XP_005270735.1	0	N/A	36.562	320	32	2.27e-52	203	terminal uridylyltransferase 4 isoform X2 [Homo sapiens]	TRUE	Tut4
XP_004346582.1	XP_047272325.1	0	N/A	36.562	320	32	2.36e-52	202	terminal uridylyltransferase 4 isoform X23 [Homo sapiens]	TRUE	Tut4
XP_004346582.1	XP_047272290.1	0	N/A	39.236	288	29	2.58e-51	199	terminal uridylyltransferase 4 isoform X11 [Homo sapiens]	TRUE	Tut4
XP_004346582.1	XP_047272305.1	0	N/A	39.236	288	29	2.61e-51	199	terminal uridylyltransferase 4 isoform X17 [Homo sapiens]	TRUE	Tut4
XP_004346582.1	XP_047272286.1	0	N/A	39.024	287	29	2.75e-51	199	terminal uridylyltransferase 4 isoform X8 [Homo sapiens]	TRUE	Tut4
XP_004346582.1	XP_047272372.1	0	N/A	39.024	287	29	2.84e-51	199	terminal uridylyltransferase 4 isoform X42 [Homo sapiens]	TRUE	Tut4
XP_004346582.1	XP_047272296.1	0	N/A	39.024	287	29	2.94e-51	199	terminal uridylyltransferase 4 isoform X13 [Homo sapiens]	TRUE	Tut4
XP_004346582.1	XP_047272295.1	0	N/A	39.024	287	29	2.94e-51	199	terminal uridylyltransferase 4 isoform X12 [Homo sapiens]	TRUE	Tut4
XP_004346582.1	XP_047272350.1	0	N/A	39.024	287	29	3.26e-51	199	terminal uridylyltransferase 4 isoform X34 [Homo sapiens]	TRUE	Tut4
XP_004346582.1	XP_047272344.1	0	N/A	39.024	287	29	3.56e-51	199	terminal uridylyltransferase 4 isoform X30 [Homo sapiens]	TRUE	Tut4
XP_004346582.1	NP_001317647.1	0	N/A	38.047	297	30	6.49e-50	192	terminal uridylyltransferase 7 isoform 3 [Homo sapiens]	TRUE	Tut7
XP_004346582.1	XP_047279823.1	0	N/A	38.047	297	30	3.23e-49	193	terminal uridylyltransferase 7 isoform X2 [Homo sapiens]	TRUE	Tut7
XP_004346582.1	XP_006717346.1	0	N/A	38.047	297	30	3.23e-49	193	terminal uridylyltransferase 7 isoform X2 [Homo sapiens]	TRUE	Tut7
XP_004346582.1	XP_016870620.1	0	N/A	38.047	297	30	3.67e-49	192	terminal uridylyltransferase 7 isoform X4 [Homo sapiens]	TRUE	Tut7
XP_004346582.1	XP_016870619.1	0	N/A	38.047	297	30	3.67e-49	192	terminal uridylyltransferase 7 isoform X4 [Homo sapiens]	TRUE	Tut7
XP_004346582.1	NP_078893.2	0	N/A	38.047	297	30	3.67e-49	192	terminal uridylyltransferase 7 isoform 1 [Homo sapiens]	TRUE	Tut7
XP_004346582.1	NP_001171988.1	0	N/A	38.047	297	30	3.67e-49	192	terminal uridylyltransferase 7 isoform 1 [Homo sapiens]	TRUE	Tut7
XP_004346582.1	XP_047279825.1	0	N/A	38.047	297	30	3.69e-49	192	terminal uridylyltransferase 7 isoform X6 [Homo sapiens]	TRUE	Tut7
XP_004346582.1	XP_047279824.1	0	N/A	38.047	297	30	3.69e-49	192	terminal uridylyltransferase 7 isoform X6 [Homo sapiens]	TRUE	Tut7
XP_004346582.1	XP_005252264.1	0	N/A	38.047	297	30	3.69e-49	192	terminal uridylyltransferase 7 isoform X6 [Homo sapiens]	TRUE	Tut7
XP_004346582.1	XP_005252265.1	0	N/A	38.047	297	30	4.07e-49	192	terminal uridylyltransferase 7 isoform X7 [Homo sapiens]	TRUE	Tut7
XP_004346582.1	XP_011517317.1	0	N/A	38.047	297	30	4.08e-49	192	terminal uridylyltransferase 7 isoform X3 [Homo sapiens]	TRUE	Tut7
XP_004346582.1	XP_011517318.1	0	N/A	38.047	297	30	4.48e-49	192	terminal uridylyltransferase 7 isoform X5 [Homo sapiens]	TRUE	Tut7
XP_004346582.1	XP_011517316.1	0	N/A	38.047	297	30	5.75e-49	192	terminal uridylyltransferase 7 isoform X1 [Homo sapiens]	TRUE	Tut7
XP_004346582.1	XP_011517315.1	0	N/A	38.047	297	30	5.75e-49	192	terminal uridylyltransferase 7 isoform X1 [Homo sapiens]	TRUE	Tut7
XP_004346582.1	XP_011517314.1	0	N/A	38.047	297	30	5.75e-49	192	terminal uridylyltransferase 7 isoform X1 [Homo sapiens]	TRUE	Tut7
XP_004346582.1	XP_011517313.1	0	N/A	38.047	297	30	5.75e-49	192	terminal uridylyltransferase 7 isoform X1 [Homo sapiens]	TRUE	Tut7
XP_004346582.1	XP_047272811.1	0	N/A	28.084	381	37	5.69e-38	151	poly(A) RNA polymerase GLD2 isoform X4 [Homo sapiens]	TRUE	TENT2
XP_004346582.1	XP_047272810.1	0	N/A	28.084	381	37	5.69e-38	151	poly(A) RNA polymerase GLD2 isoform X4 [Homo sapiens]	TRUE	TENT2
XP_004346582.1	XP_047272809.1	0	N/A	28.084	381	37	5.69e-38	151	poly(A) RNA polymerase GLD2 isoform X4 [Homo sapiens]	TRUE	TENT2
XP_004346582.1	NP_001375058.1	0	N/A	28.084	381	37	5.69e-38	151	poly(A) RNA polymerase GLD2 isoform 2 [Homo sapiens]	TRUE	TENT2
XP_004346582.1	NP_001375057.1	0	N/A	28.084	381	37	5.69e-38	151	poly(A) RNA polymerase GLD2 isoform 2 [Homo sapiens]	TRUE	TENT2
XP_004346582.1	NP_001375056.1	0	N/A	28.084	381	37	5.69e-38	151	poly(A) RNA polymerase GLD2 isoform 2 [Homo sapiens]	TRUE	TENT2
XP_004346582.1	NP_001375055.1	0	N/A	28.084	381	37	5.69e-38	151	poly(A) RNA polymerase GLD2 isoform 2 [Homo sapiens]	TRUE	TENT2
XP_004346582.1	NP_001375054.1	0	N/A	28.084	381	37	5.69e-38	151	poly(A) RNA polymerase GLD2 isoform 2 [Homo sapiens]	TRUE	TENT2
XP_004346582.1	NP_001375053.1	0	N/A	28.084	381	37	5.69e-38	151	poly(A) RNA polymerase GLD2 isoform 2 [Homo sapiens]	TRUE	TENT2
XP_004346582.1	NP_001375052.1	0	N/A	28.084	381	37	5.69e-38	151	poly(A) RNA polymerase GLD2 isoform 2 [Homo sapiens]	TRUE	TENT2
XP_004346582.1	NP_001375051.1	0	N/A	28.084	381	37	5.69e-38	151	poly(A) RNA polymerase GLD2 isoform 2 [Homo sapiens]	TRUE	TENT2
XP_004346582.1	NP_001375050.1	0	N/A	28.084	381	37	5.69e-38	151	poly(A) RNA polymerase GLD2 isoform 2 [Homo sapiens]	TRUE	TENT2
XP_004346582.1	NP_001375049.1	0	N/A	28.084	381	37	5.69e-38	151	poly(A) RNA polymerase GLD2 isoform 2 [Homo sapiens]	TRUE	TENT2
XP_004346582.1	NP_001375048.1	0	N/A	28.084	381	37	5.69e-38	151	poly(A) RNA polymerase GLD2 isoform 2 [Homo sapiens]	TRUE	TENT2
XP_004346582.1	NP_001375047.1	0	N/A	28.084	381	37	5.69e-38	151	poly(A) RNA polymerase GLD2 isoform 2 [Homo sapiens]	TRUE	TENT2
XP_004346582.1	NP_001375046.1	0	N/A	28.084	381	37	5.69e-38	151	poly(A) RNA polymerase GLD2 isoform 2 [Homo sapiens]	TRUE	TENT2
XP_004346582.1	NP_001375045.1	0	N/A	28.084	381	37	5.69e-38	151	poly(A) RNA polymerase GLD2 isoform 2 [Homo sapiens]	TRUE	TENT2
XP_004346582.1	NP_001375044.1	0	N/A	28.084	381	37	5.69e-38	151	poly(A) RNA polymerase GLD2 isoform 2 [Homo sapiens]	TRUE	TENT2
XP_004346582.1	NP_001375043.1	0	N/A	28.084	381	37	5.69e-38	151	poly(A) RNA polymerase GLD2 isoform 2 [Homo sapiens]	TRUE	TENT2
XP_004346582.1	NP_001336483.1	0	N/A	28.084	381	37	5.69e-38	151	poly(A) RNA polymerase GLD2 isoform 2 [Homo sapiens]	TRUE	TENT2
XP_004346582.1	NP_001284673.1	0	N/A	28.084	381	37	5.69e-38	151	poly(A) RNA polymerase GLD2 isoform 2 [Homo sapiens]	TRUE	TENT2
XP_004346582.1	NP_001375059.1	0	N/A	28.084	381	37	5.92e-38	151	poly(A) RNA polymerase GLD2 isoform 10 [Homo sapiens]	TRUE	TENT2
XP_004346582.1	NP_001375061.1	0	N/A	28.084	381	37	7.43e-38	150	poly(A) RNA polymerase GLD2 isoform 12 [Homo sapiens]	TRUE	TENT2
XP_004346582.1	NP_001375065.1	0	N/A	28.158	380	37	1.22e-37	147	poly(A) RNA polymerase GLD2 isoform 14 [Homo sapiens]	TRUE	TENT2
XP_004346582.1	NP_001172003.1	0	N/A	38.667	225	23	2.53e-37	155	terminal uridylyltransferase 7 isoform 2 [Homo sapiens]	TRUE	Tut7
XP_004346582.1	NP_001375030.1	0	N/A	27.249	389	37	4.58e-36	145	poly(A) RNA polymerase GLD2 isoform 9 [Homo sapiens]	TRUE	TENT2
XP_004346582.1	XP_047272808.1	0	N/A	27.792	385	37	6.34e-36	145	poly(A) RNA polymerase GLD2 isoform X3 [Homo sapiens]	TRUE	TENT2
XP_004346582.1	XP_047272807.1	0	N/A	27.792	385	37	6.34e-36	145	poly(A) RNA polymerase GLD2 isoform X3 [Homo sapiens]	TRUE	TENT2
XP_004346582.1	XP_047272806.1	0	N/A	27.792	385	37	6.34e-36	145	poly(A) RNA polymerase GLD2 isoform X3 [Homo sapiens]	TRUE	TENT2
XP_004346582.1	NP_776158.2	0	N/A	27.792	385	37	6.34e-36	145	poly(A) RNA polymerase GLD2 isoform 1 [Homo sapiens]	TRUE	TENT2
XP_004346582.1	NP_001375041.1	0	N/A	27.792	385	37	6.34e-36	145	poly(A) RNA polymerase GLD2 isoform 1 [Homo sapiens]	TRUE	TENT2
XP_004346582.1	NP_001375040.1	0	N/A	27.792	385	37	6.34e-36	145	poly(A) RNA polymerase GLD2 isoform 1 [Homo sapiens]	TRUE	TENT2
XP_004346582.1	NP_001375039.1	0	N/A	27.792	385	37	6.34e-36	145	poly(A) RNA polymerase GLD2 isoform 1 [Homo sapiens]	TRUE	TENT2
XP_004346582.1	NP_001375038.1	0	N/A	27.792	385	37	6.34e-36	145	poly(A) RNA polymerase GLD2 isoform 1 [Homo sapiens]	TRUE	TENT2
XP_004346582.1	NP_001375037.1	0	N/A	27.792	385	37	6.34e-36	145	poly(A) RNA polymerase GLD2 isoform 1 [Homo sapiens]	TRUE	TENT2
XP_004346582.1	NP_001375036.1	0	N/A	27.792	385	37	6.34e-36	145	poly(A) RNA polymerase GLD2 isoform 1 [Homo sapiens]	TRUE	TENT2
XP_004346582.1	NP_001375035.1	0	N/A	27.792	385	37	6.34e-36	145	poly(A) RNA polymerase GLD2 isoform 1 [Homo sapiens]	TRUE	TENT2
XP_004346582.1	NP_001375034.1	0	N/A	27.792	385	37	6.34e-36	145	poly(A) RNA polymerase GLD2 isoform 1 [Homo sapiens]	TRUE	TENT2
XP_004346582.1	NP_001375032.1	0	N/A	27.792	385	37	6.34e-36	145	poly(A) RNA polymerase GLD2 isoform 1 [Homo sapiens]	TRUE	TENT2
XP_004346582.1	NP_001375031.1	0	N/A	27.792	385	37	6.34e-36	145	poly(A) RNA polymerase GLD2 isoform 1 [Homo sapiens]	TRUE	TENT2
XP_004346582.1	NP_001336482.1	0	N/A	27.792	385	37	6.34e-36	145	poly(A) RNA polymerase GLD2 isoform 1 [Homo sapiens]	TRUE	TENT2
XP_004346582.1	NP_001336481.1	0	N/A	27.792	385	37	6.34e-36	145	poly(A) RNA polymerase GLD2 isoform 1 [Homo sapiens]	TRUE	TENT2
XP_004346582.1	NP_001107866.1	0	N/A	27.792	385	37	6.34e-36	145	poly(A) RNA polymerase GLD2 isoform 1 [Homo sapiens]	TRUE	TENT2
XP_004346582.1	NP_001107865.1	0	N/A	27.792	385	37	6.34e-36	145	poly(A) RNA polymerase GLD2 isoform 1 [Homo sapiens]	TRUE	TENT2
XP_004346582.1	NP_001375042.1	0	N/A	27.792	385	37	6.72e-36	145	poly(A) RNA polymerase GLD2 isoform 16 [Homo sapiens]	TRUE	TENT2
XP_004346582.1	NP_001375060.1	0	N/A	27.792	385	37	7.48e-36	144	poly(A) RNA polymerase GLD2 isoform 11 [Homo sapiens]	TRUE	TENT2
XP_004346582.1	XP_047272311.1	0	N/A	30.938	320	32	1.91e-35	149	terminal uridylyltransferase 4 isoform X21 [Homo sapiens]	TRUE	Tut4
XP_004346582.1	XP_047272373.1	0	N/A	30.841	321	32	1.91e-35	149	terminal uridylyltransferase 4 isoform X43 [Homo sapiens]	TRUE	Tut4
XP_004346582.1	XP_047272369.1	0	N/A	30.721	319	32	1.91e-35	149	terminal uridylyltransferase 4 isoform X41 [Homo sapiens]	TRUE	Tut4
XP_004347522.1	NP_008930.2	0	N/A	29.492	295	18	1.79e-32	139	terminal nucleotidyltransferase 4A isoform 1 [Homo sapiens]	TRUE	TENT4A
XP_004347522.1	NP_001165276.2	0	N/A	29.492	295	18	1.89e-32	139	terminal nucleotidyltransferase 4A isoform 2 [Homo sapiens]	TRUE	TENT4A
XP_004347522.1	XP_011521580.1	0	N/A	28.425	292	18	1.9e-31	133	terminal nucleotidyltransferase 4B isoform X5 [Homo sapiens]	TRUE	TENT4B
XP_004347522.1	XP_047290433.1	0	N/A	28.425	292	18	2.46e-31	132	terminal nucleotidyltransferase 4B isoform X6 [Homo sapiens]	TRUE	TENT4B
XP_004347522.1	NP_001035374.2	0	N/A	28.136	295	18	3.47e-31	134	terminal nucleotidyltransferase 4B isoform a [Homo sapiens]	TRUE	TENT4B
XP_004347522.1	XP_011521577.1	0	N/A	28.136	295	18	3.49e-31	134	terminal nucleotidyltransferase 4B isoform X1 [Homo sapiens]	TRUE	TENT4B
XP_004347522.1	NP_001035375.2	0	N/A	28.136	295	18	4.79e-31	134	terminal nucleotidyltransferase 4B isoform b [Homo sapiens]	TRUE	TENT4B
XP_004347522.1	XP_011521578.1	0	N/A	28.136	295	18	4.83e-31	134	terminal nucleotidyltransferase 4B isoform X2 [Homo sapiens]	TRUE	TENT4B
XP_004347522.1	NP_001352252.1	0	N/A	28.136	295	18	6.82e-31	134	terminal nucleotidyltransferase 4B isoform c [Homo sapiens]	TRUE	TENT4B
XP_004347522.1	NP_001352253.1	0	N/A	28.136	295	18	7.96e-31	133	terminal nucleotidyltransferase 4B isoform d [Homo sapiens]	TRUE	TENT4B
XP_004347522.1	XP_047290431.1	0	N/A	28.136	295	18	8.73e-31	133	terminal nucleotidyltransferase 4B isoform X3 [Homo sapiens]	TRUE	TENT4B
XP_004347522.1	XP_047290432.1	0	N/A	28.136	295	18	9.32e-31	132	terminal nucleotidyltransferase 4B isoform X4 [Homo sapiens]	TRUE	TENT4B
XP_004347522.1	XP_047272622.1	0	N/A	29.368	269	17	3.32e-29	127	terminal nucleotidyltransferase 4A isoform X1 [Homo sapiens]	TRUE	TENT4A
XP_004347522.1	XP_047272621.1	0	N/A	29.368	269	17	3.32e-29	127	terminal nucleotidyltransferase 4A isoform X1 [Homo sapiens]	TRUE	TENT4A
XP_004347522.1	XP_047272620.1	0	N/A	29.368	269	17	3.32e-29	127	terminal nucleotidyltransferase 4A isoform X1 [Homo sapiens]	TRUE	TENT4A
XP_004347522.1	XP_047272623.1	0	N/A	29.368	269	17	3.93e-29	126	terminal nucleotidyltransferase 4A isoform X2 [Homo sapiens]	TRUE	TENT4A
XP_004347522.1	XP_016864477.1	0	N/A	29.368	269	17	3.93e-29	126	terminal nucleotidyltransferase 4A isoform X2 [Homo sapiens]	TRUE	TENT4A
XP_004347522.1	XP_047272624.1	0	N/A	29.368	269	17	4.91e-29	126	terminal nucleotidyltransferase 4A isoform X3 [Homo sapiens]	TRUE	TENT4A
XP_004347522.1	XP_016870620.1	0	N/A	22.101	276	15	2.4e-10	68.6	terminal uridylyltransferase 7 isoform X4 [Homo sapiens]	TRUE	Tut7
XP_004347522.1	XP_016870619.1	0	N/A	22.101	276	15	2.4e-10	68.6	terminal uridylyltransferase 7 isoform X4 [Homo sapiens]	TRUE	Tut7
XP_004347522.1	NP_078893.2	0	N/A	22.101	276	15	2.4e-10	68.6	terminal uridylyltransferase 7 isoform 1 [Homo sapiens]	TRUE	Tut7
XP_004347522.1	NP_001171988.1	0	N/A	22.101	276	15	2.4e-10	68.6	terminal uridylyltransferase 7 isoform 1 [Homo sapiens]	TRUE	Tut7
XP_004347522.1	XP_047279823.1	0	N/A	22.101	276	15	2.44e-10	68.6	terminal uridylyltransferase 7 isoform X2 [Homo sapiens]	TRUE	Tut7
XP_004347522.1	XP_006717346.1	0	N/A	22.101	276	15	2.44e-10	68.6	terminal uridylyltransferase 7 isoform X2 [Homo sapiens]	TRUE	Tut7
XP_004347522.1	XP_011517317.1	0	N/A	22.101	276	15	2.61e-10	68.2	terminal uridylyltransferase 7 isoform X3 [Homo sapiens]	TRUE	Tut7
XP_004347522.1	XP_047279825.1	0	N/A	22.101	276	15	2.63e-10	68.2	terminal uridylyltransferase 7 isoform X6 [Homo sapiens]	TRUE	Tut7
XP_004347522.1	XP_047279824.1	0	N/A	22.101	276	15	2.63e-10	68.2	terminal uridylyltransferase 7 isoform X6 [Homo sapiens]	TRUE	Tut7
XP_004347522.1	XP_005252264.1	0	N/A	22.101	276	15	2.63e-10	68.2	terminal uridylyltransferase 7 isoform X6 [Homo sapiens]	TRUE	Tut7
XP_004347522.1	XP_011517318.1	0	N/A	22.101	276	15	2.66e-10	68.2	terminal uridylyltransferase 7 isoform X5 [Homo sapiens]	TRUE	Tut7
XP_004347522.1	NP_001317647.1	0	N/A	22.101	276	15	3.08e-10	67.8	terminal uridylyltransferase 7 isoform 3 [Homo sapiens]	TRUE	Tut7
XP_004347522.1	XP_011517316.1	0	N/A	22.101	276	15	3.89e-10	67.8	terminal uridylyltransferase 7 isoform X1 [Homo sapiens]	TRUE	Tut7
XP_004347522.1	XP_011517315.1	0	N/A	22.101	276	15	3.89e-10	67.8	terminal uridylyltransferase 7 isoform X1 [Homo sapiens]	TRUE	Tut7
XP_004347522.1	XP_011517314.1	0	N/A	22.101	276	15	3.89e-10	67.8	terminal uridylyltransferase 7 isoform X1 [Homo sapiens]	TRUE	Tut7
XP_004347522.1	XP_011517313.1	0	N/A	22.101	276	15	3.89e-10	67.8	terminal uridylyltransferase 7 isoform X1 [Homo sapiens]	TRUE	Tut7
XP_004347522.1	XP_005252265.1	0	N/A	22.101	276	15	4.6e-10	67.4	terminal uridylyltransferase 7 isoform X7 [Homo sapiens]	TRUE	Tut7
XP_004347522.1	XP_047272305.1	0	N/A	22.059	272	15	7.26e-10	67	terminal uridylyltransferase 4 isoform X17 [Homo sapiens]	TRUE	Tut4
XP_004347522.1	XP_047272295.1	0	N/A	22.059	272	15	7.58e-10	66.6	terminal uridylyltransferase 4 isoform X12 [Homo sapiens]	TRUE	Tut4
XP_004347522.1	XP_047272296.1	0	N/A	22.059	272	15	7.84e-10	66.6	terminal uridylyltransferase 4 isoform X13 [Homo sapiens]	TRUE	Tut4
XP_004347522.1	XP_047272290.1	0	N/A	22.059	272	15	8.53e-10	66.6	terminal uridylyltransferase 4 isoform X11 [Homo sapiens]	TRUE	Tut4
XP_004347522.1	XP_047272286.1	0	N/A	22.059	272	15	8.9e-10	66.6	terminal uridylyltransferase 4 isoform X8 [Homo sapiens]	TRUE	Tut4
XP_004347522.1	XP_047272372.1	0	N/A	22.059	272	15	9.45e-10	66.6	terminal uridylyltransferase 4 isoform X42 [Homo sapiens]	TRUE	Tut4
XP_004347522.1	XP_047272350.1	0	N/A	22.059	272	15	9.66e-10	66.2	terminal uridylyltransferase 4 isoform X34 [Homo sapiens]	TRUE	Tut4
XP_004347522.1	XP_047272288.1	0	N/A	22.519	262	14	1.03e-09	66.2	terminal uridylyltransferase 4 isoform X10 [Homo sapiens]	TRUE	Tut4
XP_004347522.1	XP_016856293.1	0	N/A	22.519	262	14	1.07e-09	66.2	terminal uridylyltransferase 4 isoform X16 [Homo sapiens]	TRUE	Tut4
XP_004347522.1	XP_047272285.1	0	N/A	22.519	262	14	1.25e-09	66.2	terminal uridylyltransferase 4 isoform X7 [Homo sapiens]	TRUE	Tut4
XP_004347522.1	XP_047272280.1	0	N/A	22.519	262	14	1.31e-09	65.9	terminal uridylyltransferase 4 isoform X3 [Homo sapiens]	TRUE	Tut4
XP_004347522.1	XP_005270736.1	0	N/A	22.519	262	14	1.31e-09	65.9	terminal uridylyltransferase 4 isoform X3 [Homo sapiens]	TRUE	Tut4
XP_004347522.1	XP_047272283.1	0	N/A	22.519	262	14	1.35e-09	65.9	terminal uridylyltransferase 4 isoform X6 [Homo sapiens]	TRUE	Tut4
XP_004347522.1	XP_005270737.1	0	N/A	22.519	262	14	1.35e-09	65.9	terminal uridylyltransferase 4 isoform X6 [Homo sapiens]	TRUE	Tut4
XP_004347522.1	XP_016856292.1	0	N/A	22.519	262	14	1.36e-09	65.9	terminal uridylyltransferase 4 isoform X9 [Homo sapiens]	TRUE	Tut4
XP_004347522.1	XP_047272282.1	0	N/A	22.519	262	14	1.41e-09	65.9	terminal uridylyltransferase 4 isoform X5 [Homo sapiens]	TRUE	Tut4
XP_004347522.1	NP_056084.1	0	N/A	22.519	262	14	1.41e-09	65.9	terminal uridylyltransferase 4 isoform b [Homo sapiens]	TRUE	Tut4
XP_004347522.1	XP_047272281.1	0	N/A	22.519	262	14	1.41e-09	65.9	terminal uridylyltransferase 4 isoform X4 [Homo sapiens]	TRUE	Tut4
XP_004347522.1	NP_001009881.1	0	N/A	22.519	262	14	1.41e-09	65.9	terminal uridylyltransferase 4 isoform a [Homo sapiens]	TRUE	Tut4
XP_004347522.1	XP_016856299.1	0	N/A	22.519	262	14	1.45e-09	65.9	terminal uridylyltransferase 4 isoform X40 [Homo sapiens]	TRUE	Tut4
XP_004347522.1	XP_047272344.1	0	N/A	22.059	272	15	1.45e-09	65.9	terminal uridylyltransferase 4 isoform X30 [Homo sapiens]	TRUE	Tut4
XP_004347522.1	XP_005270735.1	0	N/A	22.519	262	14	1.49e-09	65.9	terminal uridylyltransferase 4 isoform X2 [Homo sapiens]	TRUE	Tut4
XP_004347522.1	XP_047272345.1	0	N/A	22.519	262	14	1.58e-09	65.9	terminal uridylyltransferase 4 isoform X31 [Homo sapiens]	TRUE	Tut4
XP_004347522.1	XP_047272365.1	0	N/A	22.519	262	14	1.59e-09	65.9	terminal uridylyltransferase 4 isoform X38 [Homo sapiens]	TRUE	Tut4
XP_004347522.1	XP_011539399.1	0	N/A	22.519	262	14	1.6e-09	65.9	terminal uridylyltransferase 4 isoform X1 [Homo sapiens]	TRUE	Tut4
XP_004347522.1	XP_005270733.1	0	N/A	22.519	262	14	1.6e-09	65.9	terminal uridylyltransferase 4 isoform X1 [Homo sapiens]	TRUE	Tut4
XP_004347522.1	XP_016856296.1	0	N/A	22.519	262	14	1.68e-09	65.5	terminal uridylyltransferase 4 isoform X28 [Homo sapiens]	TRUE	Tut4
XP_004347522.1	XP_011539401.1	0	N/A	22.519	262	14	1.7e-09	65.5	terminal uridylyltransferase 4 isoform X29 [Homo sapiens]	TRUE	Tut4
XP_004347522.1	XP_005270739.1	0	N/A	22.519	262	14	1.76e-09	65.5	terminal uridylyltransferase 4 isoform X33 [Homo sapiens]	TRUE	Tut4
XP_004347522.1	XP_016856297.1	0	N/A	22.519	262	14	1.88e-09	65.5	terminal uridylyltransferase 4 isoform X36 [Homo sapiens]	TRUE	Tut4
XP_004347522.1	XP_047272337.1	0	N/A	22.519	262	14	1.92e-09	65.5	terminal uridylyltransferase 4 isoform X27 [Homo sapiens]	TRUE	Tut4
XP_004347522.1	XP_016856295.1	0	N/A	22.519	262	14	2.32e-09	65.1	terminal uridylyltransferase 4 isoform X25 [Homo sapiens]	TRUE	Tut4
XP_004347522.1	XP_047272325.1	0	N/A	22.519	262	14	2.32e-09	65.1	terminal uridylyltransferase 4 isoform X23 [Homo sapiens]	TRUE	Tut4
XP_004347522.1	XP_047272384.1	0	N/A	22.519	262	14	2.89e-09	64.7	terminal uridylyltransferase 4 isoform X46 [Homo sapiens]	TRUE	Tut4
XP_004347522.1	XP_047272367.1	0	N/A	21.898	274	17	2.64e-07	58.5	terminal uridylyltransferase 4 isoform X39 [Homo sapiens]	TRUE	Tut4
XP_004347522.1	XP_047272354.1	0	N/A	21.898	274	17	2.94e-07	58.2	terminal uridylyltransferase 4 isoform X35 [Homo sapiens]	TRUE	Tut4
XP_004347522.1	XP_047272362.1	0	N/A	21.898	274	17	2.97e-07	58.2	terminal uridylyltransferase 4 isoform X37 [Homo sapiens]	TRUE	Tut4
XP_004347522.1	XP_047272348.1	0	N/A	21.898	274	17	3.05e-07	58.2	terminal uridylyltransferase 4 isoform X32 [Homo sapiens]	TRUE	Tut4
XP_004347522.1	XP_047272307.1	0	N/A	24.107	224	14	4.02e-07	57.8	terminal uridylyltransferase 4 isoform X19 [Homo sapiens]	TRUE	Tut4
XP_004347522.1	XP_047272336.1	0	N/A	24.107	224	14	4.08e-07	57.8	terminal uridylyltransferase 4 isoform X26 [Homo sapiens]	TRUE	Tut4
XP_004347522.1	XP_047272327.1	0	N/A	24.107	224	14	4.08e-07	57.8	terminal uridylyltransferase 4 isoform X24 [Homo sapiens]	TRUE	Tut4
XP_004347522.1	XP_047272320.1	0	N/A	24.107	224	14	4.15e-07	57.8	terminal uridylyltransferase 4 isoform X22 [Homo sapiens]	TRUE	Tut4
XP_004347522.1	XP_047272311.1	0	N/A	24.107	224	14	4.22e-07	57.8	terminal uridylyltransferase 4 isoform X21 [Homo sapiens]	TRUE	Tut4
XP_004347522.1	XP_016856294.1	0	N/A	24.107	224	14	4.3e-07	57.8	terminal uridylyltransferase 4 isoform X20 [Homo sapiens]	TRUE	Tut4
XP_004347522.1	XP_047272303.1	0	N/A	24.107	224	14	4.64e-07	57.8	terminal uridylyltransferase 4 isoform X15 [Homo sapiens]	TRUE	Tut4
XP_004347522.1	XP_047272306.1	0	N/A	24.107	224	14	4.88e-07	57.4	terminal uridylyltransferase 4 isoform X18 [Homo sapiens]	TRUE	Tut4
XP_004347522.1	XP_005270738.1	0	N/A	24.107	224	14	4.93e-07	57.4	terminal uridylyltransferase 4 isoform X14 [Homo sapiens]	TRUE	Tut4
XP_004347522.1	XP_047272377.1	0	N/A	24.107	224	14	5.15e-07	57.4	terminal uridylyltransferase 4 isoform X44 [Homo sapiens]	TRUE	Tut4
XP_004347522.1	XP_047272373.1	0	N/A	24.107	224	14	5.43e-07	57.4	terminal uridylyltransferase 4 isoform X43 [Homo sapiens]	TRUE	Tut4
XP_004347522.1	XP_047272369.1	0	N/A	24.107	224	14	5.77e-07	57.4	terminal uridylyltransferase 4 isoform X41 [Homo sapiens]	TRUE	Tut4
XP_004347522.1	XP_047272811.1	0	N/A	23.221	267	14	8.67e-06	52.8	poly(A) RNA polymerase GLD2 isoform X4 [Homo sapiens]	TRUE	TENT2
XP_004347522.1	XP_047272810.1	0	N/A	23.221	267	14	8.67e-06	52.8	poly(A) RNA polymerase GLD2 isoform X4 [Homo sapiens]	TRUE	TENT2
XP_004347522.1	XP_047272809.1	0	N/A	23.221	267	14	8.67e-06	52.8	poly(A) RNA polymerase GLD2 isoform X4 [Homo sapiens]	TRUE	TENT2
XP_004347522.1	NP_001375058.1	0	N/A	23.221	267	14	8.67e-06	52.8	poly(A) RNA polymerase GLD2 isoform 2 [Homo sapiens]	TRUE	TENT2
XP_004347522.1	NP_001375057.1	0	N/A	23.221	267	14	8.67e-06	52.8	poly(A) RNA polymerase GLD2 isoform 2 [Homo sapiens]	TRUE	TENT2
XP_004347522.1	NP_001375056.1	0	N/A	23.221	267	14	8.67e-06	52.8	poly(A) RNA polymerase GLD2 isoform 2 [Homo sapiens]	TRUE	TENT2
XP_004347522.1	NP_001375055.1	0	N/A	23.221	267	14	8.67e-06	52.8	poly(A) RNA polymerase GLD2 isoform 2 [Homo sapiens]	TRUE	TENT2
XP_004347522.1	NP_001375054.1	0	N/A	23.221	267	14	8.67e-06	52.8	poly(A) RNA polymerase GLD2 isoform 2 [Homo sapiens]	TRUE	TENT2
XP_004347522.1	NP_001375053.1	0	N/A	23.221	267	14	8.67e-06	52.8	poly(A) RNA polymerase GLD2 isoform 2 [Homo sapiens]	TRUE	TENT2
XP_004347522.1	NP_001375052.1	0	N/A	23.221	267	14	8.67e-06	52.8	poly(A) RNA polymerase GLD2 isoform 2 [Homo sapiens]	TRUE	TENT2
XP_004347522.1	NP_001375051.1	0	N/A	23.221	267	14	8.67e-06	52.8	poly(A) RNA polymerase GLD2 isoform 2 [Homo sapiens]	TRUE	TENT2
XP_004347522.1	NP_001375050.1	0	N/A	23.221	267	14	8.67e-06	52.8	poly(A) RNA polymerase GLD2 isoform 2 [Homo sapiens]	TRUE	TENT2
XP_004347522.1	NP_001375049.1	0	N/A	23.221	267	14	8.67e-06	52.8	poly(A) RNA polymerase GLD2 isoform 2 [Homo sapiens]	TRUE	TENT2
XP_004347522.1	NP_001375048.1	0	N/A	23.221	267	14	8.67e-06	52.8	poly(A) RNA polymerase GLD2 isoform 2 [Homo sapiens]	TRUE	TENT2
XP_004347522.1	NP_001375047.1	0	N/A	23.221	267	14	8.67e-06	52.8	poly(A) RNA polymerase GLD2 isoform 2 [Homo sapiens]	TRUE	TENT2
XP_004349811.2	XP_047272288.1	0	N/A	33.631	336	46	8.28e-44	173	terminal uridylyltransferase 4 isoform X10 [Homo sapiens]	TRUE	Tut4
XP_004349811.2	XP_016856293.1	0	N/A	33.631	336	46	8.49e-44	173	terminal uridylyltransferase 4 isoform X16 [Homo sapiens]	TRUE	Tut4
XP_004349811.2	XP_016856292.1	0	N/A	33.631	336	46	1.04e-43	172	terminal uridylyltransferase 4 isoform X9 [Homo sapiens]	TRUE	Tut4
XP_004349811.2	XP_047272285.1	0	N/A	33.631	336	46	1.08e-43	172	terminal uridylyltransferase 4 isoform X7 [Homo sapiens]	TRUE	Tut4
XP_004349811.2	XP_016856297.1	0	N/A	33.631	336	46	1.22e-43	172	terminal uridylyltransferase 4 isoform X36 [Homo sapiens]	TRUE	Tut4
XP_004349811.2	XP_047272283.1	0	N/A	33.631	336	46	1.22e-43	172	terminal uridylyltransferase 4 isoform X6 [Homo sapiens]	TRUE	Tut4
XP_004349811.2	XP_005270737.1	0	N/A	33.631	336	46	1.22e-43	172	terminal uridylyltransferase 4 isoform X6 [Homo sapiens]	TRUE	Tut4
XP_004349811.2	XP_047272345.1	0	N/A	33.631	336	46	1.22e-43	172	terminal uridylyltransferase 4 isoform X31 [Homo sapiens]	TRUE	Tut4
XP_004349811.2	XP_047272280.1	0	N/A	33.631	336	46	1.23e-43	172	terminal uridylyltransferase 4 isoform X3 [Homo sapiens]	TRUE	Tut4
XP_004349811.2	XP_005270736.1	0	N/A	33.631	336	46	1.23e-43	172	terminal uridylyltransferase 4 isoform X3 [Homo sapiens]	TRUE	Tut4
XP_004349811.2	XP_047272365.1	0	N/A	33.631	336	46	1.24e-43	172	terminal uridylyltransferase 4 isoform X38 [Homo sapiens]	TRUE	Tut4
XP_004349811.2	XP_047272281.1	0	N/A	33.631	336	46	1.3e-43	172	terminal uridylyltransferase 4 isoform X4 [Homo sapiens]	TRUE	Tut4
XP_004349811.2	NP_001009881.1	0	N/A	33.631	336	46	1.3e-43	172	terminal uridylyltransferase 4 isoform a [Homo sapiens]	TRUE	Tut4
XP_004349811.2	XP_016856299.1	0	N/A	33.631	336	46	1.32e-43	172	terminal uridylyltransferase 4 isoform X40 [Homo sapiens]	TRUE	Tut4
XP_004349811.2	XP_047272282.1	0	N/A	33.631	336	46	1.37e-43	172	terminal uridylyltransferase 4 isoform X5 [Homo sapiens]	TRUE	Tut4
XP_004349811.2	NP_056084.1	0	N/A	33.631	336	46	1.37e-43	172	terminal uridylyltransferase 4 isoform b [Homo sapiens]	TRUE	Tut4
XP_004349811.2	XP_005270739.1	0	N/A	33.631	336	46	1.38e-43	172	terminal uridylyltransferase 4 isoform X33 [Homo sapiens]	TRUE	Tut4
XP_004349811.2	XP_016856296.1	0	N/A	33.631	336	46	1.6e-43	172	terminal uridylyltransferase 4 isoform X28 [Homo sapiens]	TRUE	Tut4
XP_004349811.2	XP_047272337.1	0	N/A	33.631	336	46	1.62e-43	172	terminal uridylyltransferase 4 isoform X27 [Homo sapiens]	TRUE	Tut4
XP_004349811.2	XP_011539399.1	0	N/A	33.631	336	46	1.63e-43	172	terminal uridylyltransferase 4 isoform X1 [Homo sapiens]	TRUE	Tut4
XP_004349811.2	XP_005270733.1	0	N/A	33.631	336	46	1.63e-43	172	terminal uridylyltransferase 4 isoform X1 [Homo sapiens]	TRUE	Tut4
XP_004349811.2	XP_011539401.1	0	N/A	33.631	336	46	1.7e-43	172	terminal uridylyltransferase 4 isoform X29 [Homo sapiens]	TRUE	Tut4
XP_004349811.2	XP_005270735.1	0	N/A	33.631	336	46	1.74e-43	172	terminal uridylyltransferase 4 isoform X2 [Homo sapiens]	TRUE	Tut4
XP_004349811.2	XP_016856295.1	0	N/A	33.631	336	46	1.92e-43	172	terminal uridylyltransferase 4 isoform X25 [Homo sapiens]	TRUE	Tut4
XP_004349811.2	XP_047272384.1	0	N/A	33.631	336	46	1.94e-43	171	terminal uridylyltransferase 4 isoform X46 [Homo sapiens]	TRUE	Tut4
XP_004349811.2	XP_047272325.1	0	N/A	33.631	336	46	1.96e-43	172	terminal uridylyltransferase 4 isoform X23 [Homo sapiens]	TRUE	Tut4
XP_004349811.2	XP_047272305.1	0	N/A	35.238	315	43	2.85e-42	168	terminal uridylyltransferase 4 isoform X17 [Homo sapiens]	TRUE	Tut4
XP_004349811.2	XP_047272286.1	0	N/A	35.238	315	43	3.08e-42	168	terminal uridylyltransferase 4 isoform X8 [Homo sapiens]	TRUE	Tut4
XP_004349811.2	XP_047272295.1	0	N/A	35.238	315	43	3.3e-42	168	terminal uridylyltransferase 4 isoform X12 [Homo sapiens]	TRUE	Tut4
XP_004349811.2	XP_047272296.1	0	N/A	35.238	315	43	3.33e-42	168	terminal uridylyltransferase 4 isoform X13 [Homo sapiens]	TRUE	Tut4
XP_004349811.2	XP_047272372.1	0	N/A	35.238	315	43	3.41e-42	168	terminal uridylyltransferase 4 isoform X42 [Homo sapiens]	TRUE	Tut4
XP_004349811.2	XP_047272290.1	0	N/A	35.238	315	43	3.55e-42	168	terminal uridylyltransferase 4 isoform X11 [Homo sapiens]	TRUE	Tut4
XP_004349811.2	XP_047272350.1	0	N/A	35.238	315	43	4.17e-42	167	terminal uridylyltransferase 4 isoform X34 [Homo sapiens]	TRUE	Tut4
XP_004349811.2	XP_047272344.1	0	N/A	35.238	315	43	4.27e-42	167	terminal uridylyltransferase 4 isoform X30 [Homo sapiens]	TRUE	Tut4
XP_004349811.2	NP_001317647.1	0	N/A	35.315	286	38	8.09e-41	162	terminal uridylyltransferase 7 isoform 3 [Homo sapiens]	TRUE	Tut7
XP_004349811.2	XP_047279823.1	0	N/A	35.231	281	38	9.52e-41	163	terminal uridylyltransferase 7 isoform X2 [Homo sapiens]	TRUE	Tut7
XP_004349811.2	XP_006717346.1	0	N/A	35.231	281	38	9.52e-41	163	terminal uridylyltransferase 7 isoform X2 [Homo sapiens]	TRUE	Tut7
XP_004349811.2	XP_016870620.1	0	N/A	35.231	281	38	1.28e-40	163	terminal uridylyltransferase 7 isoform X4 [Homo sapiens]	TRUE	Tut7
XP_004349811.2	XP_016870619.1	0	N/A	35.231	281	38	1.28e-40	163	terminal uridylyltransferase 7 isoform X4 [Homo sapiens]	TRUE	Tut7
XP_004349811.2	NP_078893.2	0	N/A	35.231	281	38	1.28e-40	163	terminal uridylyltransferase 7 isoform 1 [Homo sapiens]	TRUE	Tut7
XP_004349811.2	NP_001171988.1	0	N/A	35.231	281	38	1.28e-40	163	terminal uridylyltransferase 7 isoform 1 [Homo sapiens]	TRUE	Tut7
XP_004349811.2	XP_047279825.1	0	N/A	35.231	281	38	1.29e-40	163	terminal uridylyltransferase 7 isoform X6 [Homo sapiens]	TRUE	Tut7
XP_004349811.2	XP_047279824.1	0	N/A	35.231	281	38	1.29e-40	163	terminal uridylyltransferase 7 isoform X6 [Homo sapiens]	TRUE	Tut7
XP_004349811.2	XP_005252264.1	0	N/A	35.231	281	38	1.29e-40	163	terminal uridylyltransferase 7 isoform X6 [Homo sapiens]	TRUE	Tut7
XP_004349811.2	XP_011517317.1	0	N/A	35.231	281	38	1.54e-40	162	terminal uridylyltransferase 7 isoform X3 [Homo sapiens]	TRUE	Tut7
XP_004349811.2	XP_011517318.1	0	N/A	35.231	281	38	1.75e-40	162	terminal uridylyltransferase 7 isoform X5 [Homo sapiens]	TRUE	Tut7
XP_004349811.2	XP_011517316.1	0	N/A	35.231	281	38	1.76e-40	162	terminal uridylyltransferase 7 isoform X1 [Homo sapiens]	TRUE	Tut7
XP_004349811.2	XP_011517315.1	0	N/A	35.231	281	38	1.76e-40	162	terminal uridylyltransferase 7 isoform X1 [Homo sapiens]	TRUE	Tut7
XP_004349811.2	XP_011517314.1	0	N/A	35.231	281	38	1.76e-40	162	terminal uridylyltransferase 7 isoform X1 [Homo sapiens]	TRUE	Tut7
XP_004349811.2	XP_011517313.1	0	N/A	35.231	281	38	1.76e-40	162	terminal uridylyltransferase 7 isoform X1 [Homo sapiens]	TRUE	Tut7
XP_004349811.2	XP_005252265.1	0	N/A	35.315	286	38	1.82e-40	162	terminal uridylyltransferase 7 isoform X7 [Homo sapiens]	TRUE	Tut7
XP_004349811.2	NP_001375065.1	0	N/A	30.64	297	41	1.8e-34	137	poly(A) RNA polymerase GLD2 isoform 14 [Homo sapiens]	TRUE	TENT2
XP_004349811.2	XP_047272811.1	0	N/A	30.64	297	41	1.95e-34	139	poly(A) RNA polymerase GLD2 isoform X4 [Homo sapiens]	TRUE	TENT2
XP_004349811.2	XP_047272810.1	0	N/A	30.64	297	41	1.95e-34	139	poly(A) RNA polymerase GLD2 isoform X4 [Homo sapiens]	TRUE	TENT2
XP_004349811.2	XP_047272809.1	0	N/A	30.64	297	41	1.95e-34	139	poly(A) RNA polymerase GLD2 isoform X4 [Homo sapiens]	TRUE	TENT2
XP_004349811.2	NP_001375058.1	0	N/A	30.64	297	41	1.95e-34	139	poly(A) RNA polymerase GLD2 isoform 2 [Homo sapiens]	TRUE	TENT2
XP_004349811.2	NP_001375057.1	0	N/A	30.64	297	41	1.95e-34	139	poly(A) RNA polymerase GLD2 isoform 2 [Homo sapiens]	TRUE	TENT2
XP_004349811.2	NP_001375056.1	0	N/A	30.64	297	41	1.95e-34	139	poly(A) RNA polymerase GLD2 isoform 2 [Homo sapiens]	TRUE	TENT2
XP_004349811.2	NP_001375055.1	0	N/A	30.64	297	41	1.95e-34	139	poly(A) RNA polymerase GLD2 isoform 2 [Homo sapiens]	TRUE	TENT2
XP_004349811.2	NP_001375054.1	0	N/A	30.64	297	41	1.95e-34	139	poly(A) RNA polymerase GLD2 isoform 2 [Homo sapiens]	TRUE	TENT2
XP_004349811.2	NP_001375053.1	0	N/A	30.64	297	41	1.95e-34	139	poly(A) RNA polymerase GLD2 isoform 2 [Homo sapiens]	TRUE	TENT2
XP_004349811.2	NP_001375052.1	0	N/A	30.64	297	41	1.95e-34	139	poly(A) RNA polymerase GLD2 isoform 2 [Homo sapiens]	TRUE	TENT2
XP_004349811.2	NP_001375051.1	0	N/A	30.64	297	41	1.95e-34	139	poly(A) RNA polymerase GLD2 isoform 2 [Homo sapiens]	TRUE	TENT2
XP_004349811.2	NP_001375050.1	0	N/A	30.64	297	41	1.95e-34	139	poly(A) RNA polymerase GLD2 isoform 2 [Homo sapiens]	TRUE	TENT2
XP_004349811.2	NP_001375049.1	0	N/A	30.64	297	41	1.95e-34	139	poly(A) RNA polymerase GLD2 isoform 2 [Homo sapiens]	TRUE	TENT2
XP_004349811.2	NP_001375048.1	0	N/A	30.64	297	41	1.95e-34	139	poly(A) RNA polymerase GLD2 isoform 2 [Homo sapiens]	TRUE	TENT2
XP_004349811.2	NP_001375047.1	0	N/A	30.64	297	41	1.95e-34	139	poly(A) RNA polymerase GLD2 isoform 2 [Homo sapiens]	TRUE	TENT2
XP_004349811.2	NP_001375046.1	0	N/A	30.64	297	41	1.95e-34	139	poly(A) RNA polymerase GLD2 isoform 2 [Homo sapiens]	TRUE	TENT2
XP_004349811.2	NP_001375045.1	0	N/A	30.64	297	41	1.95e-34	139	poly(A) RNA polymerase GLD2 isoform 2 [Homo sapiens]	TRUE	TENT2
XP_004349811.2	NP_001375044.1	0	N/A	30.64	297	41	1.95e-34	139	poly(A) RNA polymerase GLD2 isoform 2 [Homo sapiens]	TRUE	TENT2
XP_004349811.2	NP_001375043.1	0	N/A	30.64	297	41	1.95e-34	139	poly(A) RNA polymerase GLD2 isoform 2 [Homo sapiens]	TRUE	TENT2
XP_004349811.2	NP_001336483.1	0	N/A	30.64	297	41	1.95e-34	139	poly(A) RNA polymerase GLD2 isoform 2 [Homo sapiens]	TRUE	TENT2
XP_004349811.2	NP_001284673.1	0	N/A	30.64	297	41	1.95e-34	139	poly(A) RNA polymerase GLD2 isoform 2 [Homo sapiens]	TRUE	TENT2
XP_004349811.2	NP_001375059.1	0	N/A	30.64	297	41	2.18e-34	139	poly(A) RNA polymerase GLD2 isoform 10 [Homo sapiens]	TRUE	TENT2
XP_004349811.2	NP_001375061.1	0	N/A	30.64	297	41	3.03e-34	138	poly(A) RNA polymerase GLD2 isoform 12 [Homo sapiens]	TRUE	TENT2
XP_004349811.2	NP_001375030.1	0	N/A	32.13	277	37	6.19e-34	138	poly(A) RNA polymerase GLD2 isoform 9 [Homo sapiens]	TRUE	TENT2
XP_004349811.2	XP_047272808.1	0	N/A	30.233	301	41	9.84e-34	137	poly(A) RNA polymerase GLD2 isoform X3 [Homo sapiens]	TRUE	TENT2
XP_004349811.2	XP_047272807.1	0	N/A	30.233	301	41	9.84e-34	137	poly(A) RNA polymerase GLD2 isoform X3 [Homo sapiens]	TRUE	TENT2
XP_004349811.2	XP_047272806.1	0	N/A	30.233	301	41	9.84e-34	137	poly(A) RNA polymerase GLD2 isoform X3 [Homo sapiens]	TRUE	TENT2
XP_004349811.2	NP_776158.2	0	N/A	30.233	301	41	9.84e-34	137	poly(A) RNA polymerase GLD2 isoform 1 [Homo sapiens]	TRUE	TENT2
XP_004349811.2	NP_001375041.1	0	N/A	30.233	301	41	9.84e-34	137	poly(A) RNA polymerase GLD2 isoform 1 [Homo sapiens]	TRUE	TENT2
XP_004349811.2	NP_001375040.1	0	N/A	30.233	301	41	9.84e-34	137	poly(A) RNA polymerase GLD2 isoform 1 [Homo sapiens]	TRUE	TENT2
XP_004349811.2	NP_001375039.1	0	N/A	30.233	301	41	9.84e-34	137	poly(A) RNA polymerase GLD2 isoform 1 [Homo sapiens]	TRUE	TENT2
XP_004349811.2	NP_001375038.1	0	N/A	30.233	301	41	9.84e-34	137	poly(A) RNA polymerase GLD2 isoform 1 [Homo sapiens]	TRUE	TENT2
XP_004349811.2	NP_001375037.1	0	N/A	30.233	301	41	9.84e-34	137	poly(A) RNA polymerase GLD2 isoform 1 [Homo sapiens]	TRUE	TENT2
XP_004349811.2	NP_001375036.1	0	N/A	30.233	301	41	9.84e-34	137	poly(A) RNA polymerase GLD2 isoform 1 [Homo sapiens]	TRUE	TENT2
XP_004349811.2	NP_001375035.1	0	N/A	30.233	301	41	9.84e-34	137	poly(A) RNA polymerase GLD2 isoform 1 [Homo sapiens]	TRUE	TENT2
XP_004349811.2	NP_001375034.1	0	N/A	30.233	301	41	9.84e-34	137	poly(A) RNA polymerase GLD2 isoform 1 [Homo sapiens]	TRUE	TENT2
XP_004349811.2	NP_001375032.1	0	N/A	30.233	301	41	9.84e-34	137	poly(A) RNA polymerase GLD2 isoform 1 [Homo sapiens]	TRUE	TENT2
XP_004349811.2	NP_001375031.1	0	N/A	30.233	301	41	9.84e-34	137	poly(A) RNA polymerase GLD2 isoform 1 [Homo sapiens]	TRUE	TENT2
XP_004349811.2	NP_001336482.1	0	N/A	30.233	301	41	9.84e-34	137	poly(A) RNA polymerase GLD2 isoform 1 [Homo sapiens]	TRUE	TENT2
XP_004349811.2	NP_001336481.1	0	N/A	30.233	301	41	9.84e-34	137	poly(A) RNA polymerase GLD2 isoform 1 [Homo sapiens]	TRUE	TENT2
XP_004349811.2	NP_001107866.1	0	N/A	30.233	301	41	9.84e-34	137	poly(A) RNA polymerase GLD2 isoform 1 [Homo sapiens]	TRUE	TENT2
XP_004349811.2	NP_001107865.1	0	N/A	30.233	301	41	9.84e-34	137	poly(A) RNA polymerase GLD2 isoform 1 [Homo sapiens]	TRUE	TENT2
XP_004349811.2	NP_001375042.1	0	N/A	30.233	301	41	1.09e-33	137	poly(A) RNA polymerase GLD2 isoform 16 [Homo sapiens]	TRUE	TENT2
XP_004349811.2	NP_001375060.1	0	N/A	30.233	301	41	1.7e-33	136	poly(A) RNA polymerase GLD2 isoform 11 [Homo sapiens]	TRUE	TENT2
XP_004349811.2	NP_001172003.1	0	N/A	37.991	229	31	3.22e-33	140	terminal uridylyltransferase 7 isoform 2 [Homo sapiens]	TRUE	Tut7
XP_004349811.2	NP_001375029.1	0	N/A	31.673	281	37	3.36e-33	136	poly(A) RNA polymerase GLD2 isoform 8 [Homo sapiens]	TRUE	TENT2
XP_004349811.2	NP_001375028.1	0	N/A	31.673	281	37	3.36e-33	136	poly(A) RNA polymerase GLD2 isoform 8 [Homo sapiens]	TRUE	TENT2
XP_004349811.2	NP_001375027.1	0	N/A	28.571	322	41	1.69e-32	134	poly(A) RNA polymerase GLD2 isoform 7 [Homo sapiens]	TRUE	TENT2
XP_004353585.1	NP_001035375.2	0	N/A	27.988	343	21	4.7e-26	118	terminal nucleotidyltransferase 4B isoform b [Homo sapiens]	TRUE	TENT4B
XP_004353585.1	XP_011521578.1	0	N/A	27.988	343	21	4.72e-26	118	terminal nucleotidyltransferase 4B isoform X2 [Homo sapiens]	TRUE	TENT4B
XP_004353585.1	NP_001035374.2	0	N/A	27.988	343	21	5.94e-26	118	terminal nucleotidyltransferase 4B isoform a [Homo sapiens]	TRUE	TENT4B
XP_004353585.1	XP_011521577.1	0	N/A	27.988	343	21	5.97e-26	118	terminal nucleotidyltransferase 4B isoform X1 [Homo sapiens]	TRUE	TENT4B
XP_004353585.1	XP_047290433.1	0	N/A	27.647	340	21	1.35e-25	115	terminal nucleotidyltransferase 4B isoform X6 [Homo sapiens]	TRUE	TENT4B
XP_004353585.1	NP_001352252.1	0	N/A	28.655	342	21	1.57e-25	117	terminal nucleotidyltransferase 4B isoform c [Homo sapiens]	TRUE	TENT4B
XP_004353585.1	XP_047290432.1	0	N/A	28.655	342	21	1.74e-25	116	terminal nucleotidyltransferase 4B isoform X4 [Homo sapiens]	TRUE	TENT4B
XP_004353585.1	XP_047290431.1	0	N/A	27.988	343	21	1.83e-25	116	terminal nucleotidyltransferase 4B isoform X3 [Homo sapiens]	TRUE	TENT4B
XP_004353585.1	XP_011521580.1	0	N/A	27.647	340	21	1.96e-25	115	terminal nucleotidyltransferase 4B isoform X5 [Homo sapiens]	TRUE	TENT4B
XP_004353585.1	NP_001352253.1	0	N/A	28.655	342	21	2.05e-25	116	terminal nucleotidyltransferase 4B isoform d [Homo sapiens]	TRUE	TENT4B
XP_004353585.1	NP_008930.2	0	N/A	25.731	342	21	3.07e-25	116	terminal nucleotidyltransferase 4A isoform 1 [Homo sapiens]	TRUE	TENT4A
XP_004353585.1	NP_001165276.2	0	N/A	25.731	342	21	3.09e-25	116	terminal nucleotidyltransferase 4A isoform 2 [Homo sapiens]	TRUE	TENT4A
XP_004353585.1	XP_047272622.1	0	N/A	26.582	316	20	4.83e-24	111	terminal nucleotidyltransferase 4A isoform X1 [Homo sapiens]	TRUE	TENT4A
XP_004353585.1	XP_047272621.1	0	N/A	26.582	316	20	4.83e-24	111	terminal nucleotidyltransferase 4A isoform X1 [Homo sapiens]	TRUE	TENT4A
XP_004353585.1	XP_047272620.1	0	N/A	26.582	316	20	4.83e-24	111	terminal nucleotidyltransferase 4A isoform X1 [Homo sapiens]	TRUE	TENT4A
XP_004353585.1	XP_047272623.1	0	N/A	26.582	316	20	4.88e-24	110	terminal nucleotidyltransferase 4A isoform X2 [Homo sapiens]	TRUE	TENT4A
XP_004353585.1	XP_016864477.1	0	N/A	26.582	316	20	4.88e-24	110	terminal nucleotidyltransferase 4A isoform X2 [Homo sapiens]	TRUE	TENT4A
XP_004353585.1	XP_047272624.1	0	N/A	26.582	316	20	5.73e-24	110	terminal nucleotidyltransferase 4A isoform X3 [Homo sapiens]	TRUE	TENT4A
XP_004353585.1	NP_001375066.1	0	N/A	30.055	183	11	1.61e-10	66.2	poly(A) RNA polymerase GLD2 isoform 15 [Homo sapiens]	TRUE	TENT2
XP_004353585.1	NP_001336477.1	0	N/A	33.6	125	8	1.78e-09	62.8	poly(A) RNA polymerase GLD2 isoform 4 [Homo sapiens]	TRUE	TENT2
XP_004353585.1	XP_047272820.1	0	N/A	33.6	125	8	3.04e-09	62	poly(A) RNA polymerase GLD2 isoform X11 [Homo sapiens]	TRUE	TENT2
XP_004353585.1	NP_001375065.1	0	N/A	33.6	125	8	1e-08	61.6	poly(A) RNA polymerase GLD2 isoform 14 [Homo sapiens]	TRUE	TENT2
XP_004353585.1	NP_001375061.1	0	N/A	33.6	125	8	1.1e-08	62	poly(A) RNA polymerase GLD2 isoform 12 [Homo sapiens]	TRUE	TENT2
XP_004353585.1	NP_001375060.1	0	N/A	33.6	125	8	1.22e-08	62	poly(A) RNA polymerase GLD2 isoform 11 [Homo sapiens]	TRUE	TENT2
XP_004353585.1	NP_001375059.1	0	N/A	33.6	125	8	1.35e-08	62	poly(A) RNA polymerase GLD2 isoform 10 [Homo sapiens]	TRUE	TENT2
XP_004353585.1	XP_047272808.1	0	N/A	33.6	125	8	1.37e-08	62	poly(A) RNA polymerase GLD2 isoform X3 [Homo sapiens]	TRUE	TENT2
XP_004353585.1	XP_047272807.1	0	N/A	33.6	125	8	1.37e-08	62	poly(A) RNA polymerase GLD2 isoform X3 [Homo sapiens]	TRUE	TENT2
XP_004353585.1	XP_047272806.1	0	N/A	33.6	125	8	1.37e-08	62	poly(A) RNA polymerase GLD2 isoform X3 [Homo sapiens]	TRUE	TENT2
XP_004353585.1	NP_776158.2	0	N/A	33.6	125	8	1.37e-08	62	poly(A) RNA polymerase GLD2 isoform 1 [Homo sapiens]	TRUE	TENT2
XP_004353585.1	NP_001375041.1	0	N/A	33.6	125	8	1.37e-08	62	poly(A) RNA polymerase GLD2 isoform 1 [Homo sapiens]	TRUE	TENT2
XP_004353585.1	NP_001375040.1	0	N/A	33.6	125	8	1.37e-08	62	poly(A) RNA polymerase GLD2 isoform 1 [Homo sapiens]	TRUE	TENT2
XP_004353585.1	NP_001375039.1	0	N/A	33.6	125	8	1.37e-08	62	poly(A) RNA polymerase GLD2 isoform 1 [Homo sapiens]	TRUE	TENT2
XP_004353585.1	NP_001375038.1	0	N/A	33.6	125	8	1.37e-08	62	poly(A) RNA polymerase GLD2 isoform 1 [Homo sapiens]	TRUE	TENT2
XP_004353585.1	NP_001375037.1	0	N/A	33.6	125	8	1.37e-08	62	poly(A) RNA polymerase GLD2 isoform 1 [Homo sapiens]	TRUE	TENT2
XP_004353585.1	NP_001375036.1	0	N/A	33.6	125	8	1.37e-08	62	poly(A) RNA polymerase GLD2 isoform 1 [Homo sapiens]	TRUE	TENT2
XP_004353585.1	NP_001375035.1	0	N/A	33.6	125	8	1.37e-08	62	poly(A) RNA polymerase GLD2 isoform 1 [Homo sapiens]	TRUE	TENT2
XP_004353585.1	NP_001375034.1	0	N/A	33.6	125	8	1.37e-08	62	poly(A) RNA polymerase GLD2 isoform 1 [Homo sapiens]	TRUE	TENT2
XP_004353585.1	NP_001375032.1	0	N/A	33.6	125	8	1.37e-08	62	poly(A) RNA polymerase GLD2 isoform 1 [Homo sapiens]	TRUE	TENT2
XP_004353585.1	NP_001375031.1	0	N/A	33.6	125	8	1.37e-08	62	poly(A) RNA polymerase GLD2 isoform 1 [Homo sapiens]	TRUE	TENT2
XP_004353585.1	NP_001336482.1	0	N/A	33.6	125	8	1.37e-08	62	poly(A) RNA polymerase GLD2 isoform 1 [Homo sapiens]	TRUE	TENT2
XP_004353585.1	NP_001336481.1	0	N/A	33.6	125	8	1.37e-08	62	poly(A) RNA polymerase GLD2 isoform 1 [Homo sapiens]	TRUE	TENT2
XP_004353585.1	NP_001107866.1	0	N/A	33.6	125	8	1.37e-08	62	poly(A) RNA polymerase GLD2 isoform 1 [Homo sapiens]	TRUE	TENT2
XP_004353585.1	NP_001107865.1	0	N/A	33.6	125	8	1.37e-08	62	poly(A) RNA polymerase GLD2 isoform 1 [Homo sapiens]	TRUE	TENT2
XP_004353585.1	XP_047272811.1	0	N/A	33.6	125	8	1.4e-08	62	poly(A) RNA polymerase GLD2 isoform X4 [Homo sapiens]	TRUE	TENT2
XP_004353585.1	XP_047272810.1	0	N/A	33.6	125	8	1.4e-08	62	poly(A) RNA polymerase GLD2 isoform X4 [Homo sapiens]	TRUE	TENT2
XP_004353585.1	XP_047272809.1	0	N/A	33.6	125	8	1.4e-08	62	poly(A) RNA polymerase GLD2 isoform X4 [Homo sapiens]	TRUE	TENT2
XP_004353585.1	NP_001375058.1	0	N/A	33.6	125	8	1.4e-08	62	poly(A) RNA polymerase GLD2 isoform 2 [Homo sapiens]	TRUE	TENT2
XP_004353585.1	NP_001375057.1	0	N/A	33.6	125	8	1.4e-08	62	poly(A) RNA polymerase GLD2 isoform 2 [Homo sapiens]	TRUE	TENT2
XP_004353585.1	NP_001375056.1	0	N/A	33.6	125	8	1.4e-08	62	poly(A) RNA polymerase GLD2 isoform 2 [Homo sapiens]	TRUE	TENT2
XP_004353585.1	NP_001375055.1	0	N/A	33.6	125	8	1.4e-08	62	poly(A) RNA polymerase GLD2 isoform 2 [Homo sapiens]	TRUE	TENT2
XP_004353585.1	NP_001375054.1	0	N/A	33.6	125	8	1.4e-08	62	poly(A) RNA polymerase GLD2 isoform 2 [Homo sapiens]	TRUE	TENT2
XP_004353585.1	NP_001375053.1	0	N/A	33.6	125	8	1.4e-08	62	poly(A) RNA polymerase GLD2 isoform 2 [Homo sapiens]	TRUE	TENT2
XP_004353585.1	NP_001375052.1	0	N/A	33.6	125	8	1.4e-08	62	poly(A) RNA polymerase GLD2 isoform 2 [Homo sapiens]	TRUE	TENT2
XP_004353585.1	NP_001375051.1	0	N/A	33.6	125	8	1.4e-08	62	poly(A) RNA polymerase GLD2 isoform 2 [Homo sapiens]	TRUE	TENT2
XP_004353585.1	NP_001375050.1	0	N/A	33.6	125	8	1.4e-08	62	poly(A) RNA polymerase GLD2 isoform 2 [Homo sapiens]	TRUE	TENT2
XP_004353585.1	NP_001375049.1	0	N/A	33.6	125	8	1.4e-08	62	poly(A) RNA polymerase GLD2 isoform 2 [Homo sapiens]	TRUE	TENT2
XP_004353585.1	NP_001375048.1	0	N/A	33.6	125	8	1.4e-08	62	poly(A) RNA polymerase GLD2 isoform 2 [Homo sapiens]	TRUE	TENT2
XP_004353585.1	NP_001375047.1	0	N/A	33.6	125	8	1.4e-08	62	poly(A) RNA polymerase GLD2 isoform 2 [Homo sapiens]	TRUE	TENT2
XP_004353585.1	NP_001375046.1	0	N/A	33.6	125	8	1.4e-08	62	poly(A) RNA polymerase GLD2 isoform 2 [Homo sapiens]	TRUE	TENT2
XP_004353585.1	NP_001375045.1	0	N/A	33.6	125	8	1.4e-08	62	poly(A) RNA polymerase GLD2 isoform 2 [Homo sapiens]	TRUE	TENT2
XP_004353585.1	NP_001375044.1	0	N/A	33.6	125	8	1.4e-08	62	poly(A) RNA polymerase GLD2 isoform 2 [Homo sapiens]	TRUE	TENT2
XP_004353585.1	NP_001375043.1	0	N/A	33.6	125	8	1.4e-08	62	poly(A) RNA polymerase GLD2 isoform 2 [Homo sapiens]	TRUE	TENT2
XP_004353585.1	NP_001336483.1	0	N/A	33.6	125	8	1.4e-08	62	poly(A) RNA polymerase GLD2 isoform 2 [Homo sapiens]	TRUE	TENT2
XP_004353585.1	NP_001284673.1	0	N/A	33.6	125	8	1.4e-08	62	poly(A) RNA polymerase GLD2 isoform 2 [Homo sapiens]	TRUE	TENT2
XP_004353585.1	NP_001375027.1	0	N/A	33.6	125	8	1.43e-08	62	poly(A) RNA polymerase GLD2 isoform 7 [Homo sapiens]	TRUE	TENT2
XP_004353585.1	NP_001375042.1	0	N/A	33.6	125	8	1.5e-08	61.6	poly(A) RNA polymerase GLD2 isoform 16 [Homo sapiens]	TRUE	TENT2
XP_004353585.1	XP_047272805.1	0	N/A	33.6	125	8	1.5e-08	62	poly(A) RNA polymerase GLD2 isoform X2 [Homo sapiens]	TRUE	TENT2
XP_004353585.1	XP_047272804.1	0	N/A	33.6	125	8	1.5e-08	62	poly(A) RNA polymerase GLD2 isoform X2 [Homo sapiens]	TRUE	TENT2
XP_004353585.1	XP_047272803.1	0	N/A	33.6	125	8	1.5e-08	62	poly(A) RNA polymerase GLD2 isoform X2 [Homo sapiens]	TRUE	TENT2
XP_004353585.1	XP_047272802.1	0	N/A	33.6	125	8	1.5e-08	62	poly(A) RNA polymerase GLD2 isoform X2 [Homo sapiens]	TRUE	TENT2
XP_004353585.1	XP_016864641.1	0	N/A	33.6	125	8	1.5e-08	62	poly(A) RNA polymerase GLD2 isoform X2 [Homo sapiens]	TRUE	TENT2
XP_004353585.1	NP_001375026.1	0	N/A	33.6	125	8	1.5e-08	62	poly(A) RNA polymerase GLD2 isoform 6 [Homo sapiens]	TRUE	TENT2
XP_004353585.1	NP_001375025.1	0	N/A	33.6	125	8	1.5e-08	62	poly(A) RNA polymerase GLD2 isoform 6 [Homo sapiens]	TRUE	TENT2
XP_004353585.1	NP_001375024.1	0	N/A	33.6	125	8	1.5e-08	62	poly(A) RNA polymerase GLD2 isoform 6 [Homo sapiens]	TRUE	TENT2
XP_004353585.1	NP_001336480.1	0	N/A	33.6	125	8	1.5e-08	62	poly(A) RNA polymerase GLD2 isoform 6 [Homo sapiens]	TRUE	TENT2
XP_004353585.1	NP_001375030.1	0	N/A	33.6	125	8	1.63e-08	61.6	poly(A) RNA polymerase GLD2 isoform 9 [Homo sapiens]	TRUE	TENT2
XP_004353585.1	XP_047272801.1	0	N/A	33.6	125	8	1.72e-08	61.6	poly(A) RNA polymerase GLD2 isoform X1 [Homo sapiens]	TRUE	TENT2
XP_004353585.1	XP_047272800.1	0	N/A	33.6	125	8	1.72e-08	61.6	poly(A) RNA polymerase GLD2 isoform X1 [Homo sapiens]	TRUE	TENT2
XP_004353585.1	XP_011541527.1	0	N/A	33.6	125	8	1.72e-08	61.6	poly(A) RNA polymerase GLD2 isoform X1 [Homo sapiens]	TRUE	TENT2
XP_004353585.1	XP_011541526.1	0	N/A	33.6	125	8	1.72e-08	61.6	poly(A) RNA polymerase GLD2 isoform X1 [Homo sapiens]	TRUE	TENT2
XP_004353585.1	XP_011541523.1	0	N/A	33.6	125	8	1.72e-08	61.6	poly(A) RNA polymerase GLD2 isoform X1 [Homo sapiens]	TRUE	TENT2
XP_004353585.1	XP_011541522.1	0	N/A	33.6	125	8	1.72e-08	61.6	poly(A) RNA polymerase GLD2 isoform X1 [Homo sapiens]	TRUE	TENT2
XP_004353585.1	NP_001375023.1	0	N/A	33.6	125	8	1.72e-08	61.6	poly(A) RNA polymerase GLD2 isoform 5 [Homo sapiens]	TRUE	TENT2
XP_004353585.1	NP_001375022.1	0	N/A	33.6	125	8	1.72e-08	61.6	poly(A) RNA polymerase GLD2 isoform 5 [Homo sapiens]	TRUE	TENT2
XP_004353585.1	NP_001336479.1	0	N/A	33.6	125	8	1.72e-08	61.6	poly(A) RNA polymerase GLD2 isoform 5 [Homo sapiens]	TRUE	TENT2
XP_004353585.1	NP_001336478.1	0	N/A	33.6	125	8	1.72e-08	61.6	poly(A) RNA polymerase GLD2 isoform 5 [Homo sapiens]	TRUE	TENT2
XP_004353585.1	NP_001375029.1	0	N/A	33.6	125	8	1.9e-08	61.6	poly(A) RNA polymerase GLD2 isoform 8 [Homo sapiens]	TRUE	TENT2
XP_004353585.1	NP_001375028.1	0	N/A	33.6	125	8	1.9e-08	61.6	poly(A) RNA polymerase GLD2 isoform 8 [Homo sapiens]	TRUE	TENT2
XP_004353585.1	XP_016856293.1	0	N/A	22.148	298	18	3.11e-06	55.1	terminal uridylyltransferase 4 isoform X16 [Homo sapiens]	TRUE	Tut4
XP_004353585.1	XP_047272288.1	0	N/A	22.148	298	18	3.35e-06	54.7	terminal uridylyltransferase 4 isoform X10 [Homo sapiens]	TRUE	Tut4
XP_004353585.1	XP_047272296.1	0	N/A	21.429	322	19	3.68e-06	54.7	terminal uridylyltransferase 4 isoform X13 [Homo sapiens]	TRUE	Tut4
XP_004353585.1	XP_047272295.1	0	N/A	21.429	322	19	3.74e-06	54.7	terminal uridylyltransferase 4 isoform X12 [Homo sapiens]	TRUE	Tut4
XP_004353585.1	XP_047272305.1	0	N/A	21.429	322	19	3.87e-06	54.7	terminal uridylyltransferase 4 isoform X17 [Homo sapiens]	TRUE	Tut4
XP_004353585.1	XP_047272372.1	0	N/A	21.429	322	19	4.02e-06	54.7	terminal uridylyltransferase 4 isoform X42 [Homo sapiens]	TRUE	Tut4
XP_004353585.1	XP_047272283.1	0	N/A	22.148	298	18	4.05e-06	54.7	terminal uridylyltransferase 4 isoform X6 [Homo sapiens]	TRUE	Tut4
XP_004353585.1	XP_005270737.1	0	N/A	22.148	298	18	4.05e-06	54.7	terminal uridylyltransferase 4 isoform X6 [Homo sapiens]	TRUE	Tut4
XP_004353585.1	XP_016856292.1	0	N/A	22.148	298	18	4.32e-06	54.7	terminal uridylyltransferase 4 isoform X9 [Homo sapiens]	TRUE	Tut4
XP_004353585.1	XP_047272290.1	0	N/A	21.429	322	19	4.47e-06	54.3	terminal uridylyltransferase 4 isoform X11 [Homo sapiens]	TRUE	Tut4
XP_004353585.1	XP_047272285.1	0	N/A	22.148	298	18	4.51e-06	54.3	terminal uridylyltransferase 4 isoform X7 [Homo sapiens]	TRUE	Tut4
XP_004353585.1	XP_016856299.1	0	N/A	22.148	298	18	4.54e-06	54.3	terminal uridylyltransferase 4 isoform X40 [Homo sapiens]	TRUE	Tut4
XP_004925449.2	NP_001375065.1	0	N/A	38.806	335	67	2.91e-57	195	poly(A) RNA polymerase GLD2 isoform 14 [Homo sapiens]	TRUE	TENT2
XP_004925449.2	NP_001375061.1	0	N/A	38.806	335	67	1.79e-56	196	poly(A) RNA polymerase GLD2 isoform 12 [Homo sapiens]	TRUE	TENT2
XP_004925449.2	NP_001375059.1	0	N/A	38.806	335	67	1.96e-56	196	poly(A) RNA polymerase GLD2 isoform 10 [Homo sapiens]	TRUE	TENT2
XP_004925449.2	XP_047272811.1	0	N/A	38.806	335	67	2.18e-56	196	poly(A) RNA polymerase GLD2 isoform X4 [Homo sapiens]	TRUE	TENT2
XP_004925449.2	XP_047272810.1	0	N/A	38.806	335	67	2.18e-56	196	poly(A) RNA polymerase GLD2 isoform X4 [Homo sapiens]	TRUE	TENT2
XP_004925449.2	XP_047272809.1	0	N/A	38.806	335	67	2.18e-56	196	poly(A) RNA polymerase GLD2 isoform X4 [Homo sapiens]	TRUE	TENT2
XP_004925449.2	NP_001375058.1	0	N/A	38.806	335	67	2.18e-56	196	poly(A) RNA polymerase GLD2 isoform 2 [Homo sapiens]	TRUE	TENT2
XP_004925449.2	NP_001375057.1	0	N/A	38.806	335	67	2.18e-56	196	poly(A) RNA polymerase GLD2 isoform 2 [Homo sapiens]	TRUE	TENT2
XP_004925449.2	NP_001375056.1	0	N/A	38.806	335	67	2.18e-56	196	poly(A) RNA polymerase GLD2 isoform 2 [Homo sapiens]	TRUE	TENT2
XP_004925449.2	NP_001375055.1	0	N/A	38.806	335	67	2.18e-56	196	poly(A) RNA polymerase GLD2 isoform 2 [Homo sapiens]	TRUE	TENT2
XP_004925449.2	NP_001375054.1	0	N/A	38.806	335	67	2.18e-56	196	poly(A) RNA polymerase GLD2 isoform 2 [Homo sapiens]	TRUE	TENT2
XP_004925449.2	NP_001375053.1	0	N/A	38.806	335	67	2.18e-56	196	poly(A) RNA polymerase GLD2 isoform 2 [Homo sapiens]	TRUE	TENT2
XP_004925449.2	NP_001375052.1	0	N/A	38.806	335	67	2.18e-56	196	poly(A) RNA polymerase GLD2 isoform 2 [Homo sapiens]	TRUE	TENT2
XP_004925449.2	NP_001375051.1	0	N/A	38.806	335	67	2.18e-56	196	poly(A) RNA polymerase GLD2 isoform 2 [Homo sapiens]	TRUE	TENT2
XP_004925449.2	NP_001375050.1	0	N/A	38.806	335	67	2.18e-56	196	poly(A) RNA polymerase GLD2 isoform 2 [Homo sapiens]	TRUE	TENT2
XP_004925449.2	NP_001375049.1	0	N/A	38.806	335	67	2.18e-56	196	poly(A) RNA polymerase GLD2 isoform 2 [Homo sapiens]	TRUE	TENT2
XP_004925449.2	NP_001375048.1	0	N/A	38.806	335	67	2.18e-56	196	poly(A) RNA polymerase GLD2 isoform 2 [Homo sapiens]	TRUE	TENT2
XP_004925449.2	NP_001375047.1	0	N/A	38.806	335	67	2.18e-56	196	poly(A) RNA polymerase GLD2 isoform 2 [Homo sapiens]	TRUE	TENT2
XP_004925449.2	NP_001375046.1	0	N/A	38.806	335	67	2.18e-56	196	poly(A) RNA polymerase GLD2 isoform 2 [Homo sapiens]	TRUE	TENT2
XP_004925449.2	NP_001375045.1	0	N/A	38.806	335	67	2.18e-56	196	poly(A) RNA polymerase GLD2 isoform 2 [Homo sapiens]	TRUE	TENT2
XP_004925449.2	NP_001375044.1	0	N/A	38.806	335	67	2.18e-56	196	poly(A) RNA polymerase GLD2 isoform 2 [Homo sapiens]	TRUE	TENT2
XP_004925449.2	NP_001375043.1	0	N/A	38.806	335	67	2.18e-56	196	poly(A) RNA polymerase GLD2 isoform 2 [Homo sapiens]	TRUE	TENT2
XP_004925449.2	NP_001336483.1	0	N/A	38.806	335	67	2.18e-56	196	poly(A) RNA polymerase GLD2 isoform 2 [Homo sapiens]	TRUE	TENT2
XP_004925449.2	NP_001284673.1	0	N/A	38.806	335	67	2.18e-56	196	poly(A) RNA polymerase GLD2 isoform 2 [Homo sapiens]	TRUE	TENT2
XP_004925449.2	NP_001375060.1	0	N/A	38.348	339	67	8.12e-56	194	poly(A) RNA polymerase GLD2 isoform 11 [Homo sapiens]	TRUE	TENT2
XP_004925449.2	XP_047272808.1	0	N/A	38.348	339	67	1.02e-55	194	poly(A) RNA polymerase GLD2 isoform X3 [Homo sapiens]	TRUE	TENT2
XP_004925449.2	XP_047272807.1	0	N/A	38.348	339	67	1.02e-55	194	poly(A) RNA polymerase GLD2 isoform X3 [Homo sapiens]	TRUE	TENT2
XP_004925449.2	XP_047272806.1	0	N/A	38.348	339	67	1.02e-55	194	poly(A) RNA polymerase GLD2 isoform X3 [Homo sapiens]	TRUE	TENT2
XP_004925449.2	NP_776158.2	0	N/A	38.348	339	67	1.02e-55	194	poly(A) RNA polymerase GLD2 isoform 1 [Homo sapiens]	TRUE	TENT2
XP_004925449.2	NP_001375041.1	0	N/A	38.348	339	67	1.02e-55	194	poly(A) RNA polymerase GLD2 isoform 1 [Homo sapiens]	TRUE	TENT2
XP_004925449.2	NP_001375040.1	0	N/A	38.348	339	67	1.02e-55	194	poly(A) RNA polymerase GLD2 isoform 1 [Homo sapiens]	TRUE	TENT2
XP_004925449.2	NP_001375039.1	0	N/A	38.348	339	67	1.02e-55	194	poly(A) RNA polymerase GLD2 isoform 1 [Homo sapiens]	TRUE	TENT2
XP_004925449.2	NP_001375038.1	0	N/A	38.348	339	67	1.02e-55	194	poly(A) RNA polymerase GLD2 isoform 1 [Homo sapiens]	TRUE	TENT2
XP_004925449.2	NP_001375037.1	0	N/A	38.348	339	67	1.02e-55	194	poly(A) RNA polymerase GLD2 isoform 1 [Homo sapiens]	TRUE	TENT2
XP_004925449.2	NP_001375036.1	0	N/A	38.348	339	67	1.02e-55	194	poly(A) RNA polymerase GLD2 isoform 1 [Homo sapiens]	TRUE	TENT2
XP_004925449.2	NP_001375035.1	0	N/A	38.348	339	67	1.02e-55	194	poly(A) RNA polymerase GLD2 isoform 1 [Homo sapiens]	TRUE	TENT2
XP_004925449.2	NP_001375034.1	0	N/A	38.348	339	67	1.02e-55	194	poly(A) RNA polymerase GLD2 isoform 1 [Homo sapiens]	TRUE	TENT2
XP_004925449.2	NP_001375032.1	0	N/A	38.348	339	67	1.02e-55	194	poly(A) RNA polymerase GLD2 isoform 1 [Homo sapiens]	TRUE	TENT2
XP_004925449.2	NP_001375031.1	0	N/A	38.348	339	67	1.02e-55	194	poly(A) RNA polymerase GLD2 isoform 1 [Homo sapiens]	TRUE	TENT2
XP_004925449.2	NP_001336482.1	0	N/A	38.348	339	67	1.02e-55	194	poly(A) RNA polymerase GLD2 isoform 1 [Homo sapiens]	TRUE	TENT2
XP_004925449.2	NP_001336481.1	0	N/A	38.348	339	67	1.02e-55	194	poly(A) RNA polymerase GLD2 isoform 1 [Homo sapiens]	TRUE	TENT2
XP_004925449.2	NP_001107866.1	0	N/A	38.348	339	67	1.02e-55	194	poly(A) RNA polymerase GLD2 isoform 1 [Homo sapiens]	TRUE	TENT2
XP_004925449.2	NP_001107865.1	0	N/A	38.348	339	67	1.02e-55	194	poly(A) RNA polymerase GLD2 isoform 1 [Homo sapiens]	TRUE	TENT2
XP_004925449.2	NP_001375042.1	0	N/A	38.348	339	67	1.13e-55	194	poly(A) RNA polymerase GLD2 isoform 16 [Homo sapiens]	TRUE	TENT2
XP_004925449.2	NP_001375030.1	0	N/A	37.971	345	67	6.21e-54	190	poly(A) RNA polymerase GLD2 isoform 9 [Homo sapiens]	TRUE	TENT2
XP_004925449.2	NP_001375029.1	0	N/A	37.536	349	67	2.73e-53	188	poly(A) RNA polymerase GLD2 isoform 8 [Homo sapiens]	TRUE	TENT2
XP_004925449.2	NP_001375028.1	0	N/A	37.536	349	67	2.73e-53	188	poly(A) RNA polymerase GLD2 isoform 8 [Homo sapiens]	TRUE	TENT2
XP_004925449.2	NP_001375027.1	0	N/A	37.119	361	67	6.39e-53	187	poly(A) RNA polymerase GLD2 isoform 7 [Homo sapiens]	TRUE	TENT2
XP_004925449.2	XP_047272805.1	0	N/A	37.119	361	67	7.38e-53	187	poly(A) RNA polymerase GLD2 isoform X2 [Homo sapiens]	TRUE	TENT2
XP_004925449.2	XP_047272804.1	0	N/A	37.119	361	67	7.38e-53	187	poly(A) RNA polymerase GLD2 isoform X2 [Homo sapiens]	TRUE	TENT2
XP_004925449.2	XP_047272803.1	0	N/A	37.119	361	67	7.38e-53	187	poly(A) RNA polymerase GLD2 isoform X2 [Homo sapiens]	TRUE	TENT2
XP_004925449.2	XP_047272802.1	0	N/A	37.119	361	67	7.38e-53	187	poly(A) RNA polymerase GLD2 isoform X2 [Homo sapiens]	TRUE	TENT2
XP_004925449.2	XP_016864641.1	0	N/A	37.119	361	67	7.38e-53	187	poly(A) RNA polymerase GLD2 isoform X2 [Homo sapiens]	TRUE	TENT2
XP_004925449.2	NP_001375026.1	0	N/A	37.119	361	67	7.38e-53	187	poly(A) RNA polymerase GLD2 isoform 6 [Homo sapiens]	TRUE	TENT2
XP_004925449.2	NP_001375025.1	0	N/A	37.119	361	67	7.38e-53	187	poly(A) RNA polymerase GLD2 isoform 6 [Homo sapiens]	TRUE	TENT2
XP_004925449.2	NP_001375024.1	0	N/A	37.119	361	67	7.38e-53	187	poly(A) RNA polymerase GLD2 isoform 6 [Homo sapiens]	TRUE	TENT2
XP_004925449.2	NP_001336480.1	0	N/A	37.119	361	67	7.38e-53	187	poly(A) RNA polymerase GLD2 isoform 6 [Homo sapiens]	TRUE	TENT2
XP_004925449.2	XP_047272801.1	0	N/A	36.712	365	67	2.9e-52	186	poly(A) RNA polymerase GLD2 isoform X1 [Homo sapiens]	TRUE	TENT2
XP_004925449.2	XP_047272800.1	0	N/A	36.712	365	67	2.9e-52	186	poly(A) RNA polymerase GLD2 isoform X1 [Homo sapiens]	TRUE	TENT2
XP_004925449.2	XP_011541527.1	0	N/A	36.712	365	67	2.9e-52	186	poly(A) RNA polymerase GLD2 isoform X1 [Homo sapiens]	TRUE	TENT2
XP_004925449.2	XP_011541526.1	0	N/A	36.712	365	67	2.9e-52	186	poly(A) RNA polymerase GLD2 isoform X1 [Homo sapiens]	TRUE	TENT2
XP_004925449.2	XP_011541523.1	0	N/A	36.712	365	67	2.9e-52	186	poly(A) RNA polymerase GLD2 isoform X1 [Homo sapiens]	TRUE	TENT2
XP_004925449.2	XP_011541522.1	0	N/A	36.712	365	67	2.9e-52	186	poly(A) RNA polymerase GLD2 isoform X1 [Homo sapiens]	TRUE	TENT2
XP_004925449.2	NP_001375023.1	0	N/A	36.712	365	67	2.9e-52	186	poly(A) RNA polymerase GLD2 isoform 5 [Homo sapiens]	TRUE	TENT2
XP_004925449.2	NP_001375022.1	0	N/A	36.712	365	67	2.9e-52	186	poly(A) RNA polymerase GLD2 isoform 5 [Homo sapiens]	TRUE	TENT2
XP_004925449.2	NP_001336479.1	0	N/A	36.712	365	67	2.9e-52	186	poly(A) RNA polymerase GLD2 isoform 5 [Homo sapiens]	TRUE	TENT2
XP_004925449.2	NP_001336478.1	0	N/A	36.712	365	67	2.9e-52	186	poly(A) RNA polymerase GLD2 isoform 5 [Homo sapiens]	TRUE	TENT2
XP_004925449.2	NP_001336477.1	0	N/A	38.491	265	53	5.51e-42	152	poly(A) RNA polymerase GLD2 isoform 4 [Homo sapiens]	TRUE	TENT2
XP_004925449.2	XP_047272820.1	0	N/A	41.224	245	49	8.23e-42	151	poly(A) RNA polymerase GLD2 isoform X11 [Homo sapiens]	TRUE	TENT2
XP_004925449.2	XP_047272818.1	0	N/A	43.915	189	39	3.17e-39	147	poly(A) RNA polymerase GLD2 isoform X10 [Homo sapiens]	TRUE	TENT2
XP_004925449.2	XP_047272817.1	0	N/A	41.232	211	39	1.07e-36	140	poly(A) RNA polymerase GLD2 isoform X9 [Homo sapiens]	TRUE	TENT2
XP_004925449.2	XP_047272816.1	0	N/A	40.465	215	39	4.52e-36	139	poly(A) RNA polymerase GLD2 isoform X8 [Homo sapiens]	TRUE	TENT2
XP_004925449.2	XP_047272815.1	0	N/A	33.742	326	67	1.05e-35	139	poly(A) RNA polymerase GLD2 isoform X7 [Homo sapiens]	TRUE	TENT2
XP_004925449.2	NP_001375064.1	0	N/A	33.742	326	67	1.05e-35	139	poly(A) RNA polymerase GLD2 isoform 13 [Homo sapiens]	TRUE	TENT2
XP_004925449.2	NP_001375063.1	0	N/A	33.742	326	67	1.05e-35	139	poly(A) RNA polymerase GLD2 isoform 13 [Homo sapiens]	TRUE	TENT2
XP_004925449.2	NP_001375066.1	0	N/A	40.455	220	43	1.89e-35	135	poly(A) RNA polymerase GLD2 isoform 15 [Homo sapiens]	TRUE	TENT2
XP_004925449.2	XP_047272814.1	0	N/A	33.333	330	67	5.52e-35	137	poly(A) RNA polymerase GLD2 isoform X6 [Homo sapiens]	TRUE	TENT2
XP_004925449.2	XP_047272813.1	0	N/A	33.333	330	67	5.52e-35	137	poly(A) RNA polymerase GLD2 isoform X6 [Homo sapiens]	TRUE	TENT2
XP_004925449.2	XP_047272812.1	0	N/A	33.333	330	67	5.52e-35	137	poly(A) RNA polymerase GLD2 isoform X6 [Homo sapiens]	TRUE	TENT2
XP_004925449.2	NP_001375062.1	0	N/A	33.333	330	67	5.52e-35	137	poly(A) RNA polymerase GLD2 isoform 3 [Homo sapiens]	TRUE	TENT2
XP_004925449.2	NP_001284674.1	0	N/A	33.333	330	67	5.52e-35	137	poly(A) RNA polymerase GLD2 isoform 3 [Homo sapiens]	TRUE	TENT2
XP_004925449.2	XP_011541531.1	0	N/A	31.054	351	67	6.39e-32	129	poly(A) RNA polymerase GLD2 isoform X5 [Homo sapiens]	TRUE	TENT2
XP_004925449.2	NP_001317647.1	0	N/A	28.625	269	52	1.95e-24	109	terminal uridylyltransferase 7 isoform 3 [Homo sapiens]	TRUE	Tut7
XP_004925449.2	XP_016870620.1	0	N/A	28.195	266	52	4.2e-24	108	terminal uridylyltransferase 7 isoform X4 [Homo sapiens]	TRUE	Tut7
XP_004925449.2	XP_016870619.1	0	N/A	28.195	266	52	4.2e-24	108	terminal uridylyltransferase 7 isoform X4 [Homo sapiens]	TRUE	Tut7
XP_004925449.2	NP_078893.2	0	N/A	28.195	266	52	4.2e-24	108	terminal uridylyltransferase 7 isoform 1 [Homo sapiens]	TRUE	Tut7
XP_004925449.2	NP_001171988.1	0	N/A	28.195	266	52	4.2e-24	108	terminal uridylyltransferase 7 isoform 1 [Homo sapiens]	TRUE	Tut7
XP_004925449.2	XP_047279823.1	0	N/A	28.195	266	52	4.24e-24	108	terminal uridylyltransferase 7 isoform X2 [Homo sapiens]	TRUE	Tut7
XP_004925449.2	XP_006717346.1	0	N/A	28.195	266	52	4.24e-24	108	terminal uridylyltransferase 7 isoform X2 [Homo sapiens]	TRUE	Tut7
XP_004925449.2	XP_005252265.1	0	N/A	28.195	266	52	4.41e-24	108	terminal uridylyltransferase 7 isoform X7 [Homo sapiens]	TRUE	Tut7
XP_004925449.2	XP_047279825.1	0	N/A	28.195	266	52	4.5e-24	108	terminal uridylyltransferase 7 isoform X6 [Homo sapiens]	TRUE	Tut7
XP_004925449.2	XP_047279824.1	0	N/A	28.195	266	52	4.5e-24	108	terminal uridylyltransferase 7 isoform X6 [Homo sapiens]	TRUE	Tut7
XP_004925449.2	XP_005252264.1	0	N/A	28.195	266	52	4.5e-24	108	terminal uridylyltransferase 7 isoform X6 [Homo sapiens]	TRUE	Tut7
XP_004925449.2	XP_011517318.1	0	N/A	28.195	266	52	4.81e-24	108	terminal uridylyltransferase 7 isoform X5 [Homo sapiens]	TRUE	Tut7
XP_004925449.2	XP_011517317.1	0	N/A	28.195	266	52	4.98e-24	108	terminal uridylyltransferase 7 isoform X3 [Homo sapiens]	TRUE	Tut7
XP_004925449.2	XP_011517316.1	0	N/A	28.195	266	52	5.28e-24	108	terminal uridylyltransferase 7 isoform X1 [Homo sapiens]	TRUE	Tut7
XP_004925449.2	XP_011517315.1	0	N/A	28.195	266	52	5.28e-24	108	terminal uridylyltransferase 7 isoform X1 [Homo sapiens]	TRUE	Tut7
XP_004925449.2	XP_011517314.1	0	N/A	28.195	266	52	5.28e-24	108	terminal uridylyltransferase 7 isoform X1 [Homo sapiens]	TRUE	Tut7
XP_004925449.2	XP_011517313.1	0	N/A	28.195	266	52	5.28e-24	108	terminal uridylyltransferase 7 isoform X1 [Homo sapiens]	TRUE	Tut7
XP_004925449.2	XP_047272295.1	0	N/A	29.391	279	53	1.17e-23	107	terminal uridylyltransferase 4 isoform X12 [Homo sapiens]	TRUE	Tut4
XP_004928356.1	NP_073741.3	0	N/A	30.252	238	29	6.29e-26	117	speckle targeted PIP5K1A-regulated poly(A) polymerase isoform 1 [Homo sapiens]	TRUE	Tut1
XP_004928356.1	NP_001317647.1	0	N/A	25.316	316	38	1.06e-24	113	terminal uridylyltransferase 7 isoform 3 [Homo sapiens]	TRUE	Tut7
XP_004928356.1	XP_016870620.1	0	N/A	25.316	316	38	1.35e-24	113	terminal uridylyltransferase 7 isoform X4 [Homo sapiens]	TRUE	Tut7
XP_004928356.1	XP_016870619.1	0	N/A	25.316	316	38	1.35e-24	113	terminal uridylyltransferase 7 isoform X4 [Homo sapiens]	TRUE	Tut7
XP_004928356.1	NP_078893.2	0	N/A	25.316	316	38	1.35e-24	113	terminal uridylyltransferase 7 isoform 1 [Homo sapiens]	TRUE	Tut7
XP_004928356.1	NP_001171988.1	0	N/A	25.316	316	38	1.35e-24	113	terminal uridylyltransferase 7 isoform 1 [Homo sapiens]	TRUE	Tut7
XP_004928356.1	XP_047279823.1	0	N/A	25.316	316	38	1.39e-24	113	terminal uridylyltransferase 7 isoform X2 [Homo sapiens]	TRUE	Tut7
XP_004928356.1	XP_006717346.1	0	N/A	25.316	316	38	1.39e-24	113	terminal uridylyltransferase 7 isoform X2 [Homo sapiens]	TRUE	Tut7
XP_004928356.1	XP_047279825.1	0	N/A	25.316	316	38	1.46e-24	113	terminal uridylyltransferase 7 isoform X6 [Homo sapiens]	TRUE	Tut7
XP_004928356.1	XP_047279824.1	0	N/A	25.316	316	38	1.46e-24	113	terminal uridylyltransferase 7 isoform X6 [Homo sapiens]	TRUE	Tut7
XP_004928356.1	XP_005252264.1	0	N/A	25.316	316	38	1.46e-24	113	terminal uridylyltransferase 7 isoform X6 [Homo sapiens]	TRUE	Tut7
XP_004928356.1	XP_011517317.1	0	N/A	25.316	316	38	1.9e-24	112	terminal uridylyltransferase 7 isoform X3 [Homo sapiens]	TRUE	Tut7
XP_004928356.1	XP_011517318.1	0	N/A	25.316	316	38	1.95e-24	112	terminal uridylyltransferase 7 isoform X5 [Homo sapiens]	TRUE	Tut7
XP_004928356.1	XP_005252265.1	0	N/A	25.316	316	38	2e-24	112	terminal uridylyltransferase 7 isoform X7 [Homo sapiens]	TRUE	Tut7
XP_004928356.1	XP_011517316.1	0	N/A	25.316	316	38	2.06e-24	112	terminal uridylyltransferase 7 isoform X1 [Homo sapiens]	TRUE	Tut7
XP_004928356.1	XP_011517315.1	0	N/A	25.316	316	38	2.06e-24	112	terminal uridylyltransferase 7 isoform X1 [Homo sapiens]	TRUE	Tut7
XP_004928356.1	XP_011517314.1	0	N/A	25.316	316	38	2.06e-24	112	terminal uridylyltransferase 7 isoform X1 [Homo sapiens]	TRUE	Tut7
XP_004928356.1	XP_011517313.1	0	N/A	25.316	316	38	2.06e-24	112	terminal uridylyltransferase 7 isoform X1 [Homo sapiens]	TRUE	Tut7
XP_004928356.1	NP_060579.3	0	N/A	28.253	269	30	7.13e-23	106	poly(A) RNA polymerase, mitochondrial precursor [Homo sapiens]	TRUE	mtPAP
XP_004928356.1	XP_016856293.1	0	N/A	26.667	285	34	3.38e-21	102	terminal uridylyltransferase 4 isoform X16 [Homo sapiens]	TRUE	Tut4
XP_004928356.1	XP_016856292.1	0	N/A	26.667	285	34	3.56e-21	102	terminal uridylyltransferase 4 isoform X9 [Homo sapiens]	TRUE	Tut4
XP_004928356.1	XP_047272285.1	0	N/A	26.667	285	34	3.72e-21	102	terminal uridylyltransferase 4 isoform X7 [Homo sapiens]	TRUE	Tut4
XP_004928356.1	XP_047272281.1	0	N/A	26.667	285	34	3.9e-21	102	terminal uridylyltransferase 4 isoform X4 [Homo sapiens]	TRUE	Tut4
XP_004928356.1	NP_001009881.1	0	N/A	26.667	285	34	3.9e-21	102	terminal uridylyltransferase 4 isoform a [Homo sapiens]	TRUE	Tut4
XP_004928356.1	XP_047272282.1	0	N/A	26.667	285	34	4e-21	102	terminal uridylyltransferase 4 isoform X5 [Homo sapiens]	TRUE	Tut4
XP_004928356.1	NP_056084.1	0	N/A	26.667	285	34	4e-21	102	terminal uridylyltransferase 4 isoform b [Homo sapiens]	TRUE	Tut4
XP_004928356.1	XP_047272288.1	0	N/A	26.667	285	34	4.04e-21	102	terminal uridylyltransferase 4 isoform X10 [Homo sapiens]	TRUE	Tut4
XP_004928356.1	XP_047272280.1	0	N/A	26.667	285	34	4.21e-21	102	terminal uridylyltransferase 4 isoform X3 [Homo sapiens]	TRUE	Tut4
XP_004928356.1	XP_005270736.1	0	N/A	26.667	285	34	4.21e-21	102	terminal uridylyltransferase 4 isoform X3 [Homo sapiens]	TRUE	Tut4
XP_004928356.1	XP_047272283.1	0	N/A	26.667	285	34	4.28e-21	102	terminal uridylyltransferase 4 isoform X6 [Homo sapiens]	TRUE	Tut4
XP_004928356.1	XP_005270737.1	0	N/A	26.667	285	34	4.28e-21	102	terminal uridylyltransferase 4 isoform X6 [Homo sapiens]	TRUE	Tut4
XP_004928356.1	XP_011539399.1	0	N/A	26.667	285	34	4.36e-21	102	terminal uridylyltransferase 4 isoform X1 [Homo sapiens]	TRUE	Tut4
XP_004928356.1	XP_005270733.1	0	N/A	26.667	285	34	4.36e-21	102	terminal uridylyltransferase 4 isoform X1 [Homo sapiens]	TRUE	Tut4
XP_004928356.1	XP_005270739.1	0	N/A	26.667	285	34	4.36e-21	102	terminal uridylyltransferase 4 isoform X33 [Homo sapiens]	TRUE	Tut4
XP_004928356.1	XP_047272305.1	0	N/A	26.667	285	34	4.44e-21	102	terminal uridylyltransferase 4 isoform X17 [Homo sapiens]	TRUE	Tut4
XP_004928356.1	XP_005270735.1	0	N/A	26.667	285	34	4.47e-21	102	terminal uridylyltransferase 4 isoform X2 [Homo sapiens]	TRUE	Tut4
XP_004928356.1	XP_047272345.1	0	N/A	26.667	285	34	4.56e-21	102	terminal uridylyltransferase 4 isoform X31 [Homo sapiens]	TRUE	Tut4
XP_004928356.1	XP_016856297.1	0	N/A	26.667	285	34	4.67e-21	102	terminal uridylyltransferase 4 isoform X36 [Homo sapiens]	TRUE	Tut4
XP_004928356.1	XP_047272372.1	0	N/A	26.667	285	34	4.75e-21	102	terminal uridylyltransferase 4 isoform X42 [Homo sapiens]	TRUE	Tut4
XP_004928356.1	XP_047272365.1	0	N/A	26.667	285	34	4.91e-21	102	terminal uridylyltransferase 4 isoform X38 [Homo sapiens]	TRUE	Tut4
XP_004928356.1	XP_047272296.1	0	N/A	26.667	285	34	4.92e-21	102	terminal uridylyltransferase 4 isoform X13 [Homo sapiens]	TRUE	Tut4
XP_004928356.1	XP_016856299.1	0	N/A	26.667	285	34	4.95e-21	102	terminal uridylyltransferase 4 isoform X40 [Homo sapiens]	TRUE	Tut4
XP_004928356.1	XP_047272295.1	0	N/A	26.667	285	34	5.18e-21	102	terminal uridylyltransferase 4 isoform X12 [Homo sapiens]	TRUE	Tut4
XP_004928356.1	XP_047272290.1	0	N/A	26.667	285	34	5.36e-21	101	terminal uridylyltransferase 4 isoform X11 [Homo sapiens]	TRUE	Tut4
XP_004928356.1	XP_011539401.1	0	N/A	26.667	285	34	5.47e-21	101	terminal uridylyltransferase 4 isoform X29 [Homo sapiens]	TRUE	Tut4
XP_004928356.1	XP_016856296.1	0	N/A	26.667	285	34	5.54e-21	101	terminal uridylyltransferase 4 isoform X28 [Homo sapiens]	TRUE	Tut4
XP_004928356.1	XP_047272337.1	0	N/A	26.667	285	34	5.59e-21	101	terminal uridylyltransferase 4 isoform X27 [Homo sapiens]	TRUE	Tut4
XP_004928356.1	XP_047272286.1	0	N/A	26.667	285	34	5.9e-21	101	terminal uridylyltransferase 4 isoform X8 [Homo sapiens]	TRUE	Tut4
XP_004928356.1	XP_016856295.1	0	N/A	26.667	285	34	5.94e-21	101	terminal uridylyltransferase 4 isoform X25 [Homo sapiens]	TRUE	Tut4
XP_004928356.1	XP_047272325.1	0	N/A	26.667	285	34	6.05e-21	101	terminal uridylyltransferase 4 isoform X23 [Homo sapiens]	TRUE	Tut4
XP_004928356.1	XP_047272350.1	0	N/A	26.667	285	34	6.09e-21	101	terminal uridylyltransferase 4 isoform X34 [Homo sapiens]	TRUE	Tut4
XP_004928356.1	XP_047272344.1	0	N/A	26.667	285	34	6.6e-21	101	terminal uridylyltransferase 4 isoform X30 [Homo sapiens]	TRUE	Tut4
XP_004928356.1	NP_001172003.1	0	N/A	25.794	252	30	8.2e-21	101	terminal uridylyltransferase 7 isoform 2 [Homo sapiens]	TRUE	Tut7
XP_004928356.1	XP_047272384.1	0	N/A	26.667	285	34	4.33e-20	98.6	terminal uridylyltransferase 4 isoform X46 [Homo sapiens]	TRUE	Tut4
XP_004928356.1	NP_001375060.1	0	N/A	27.178	287	33	7e-17	86.7	poly(A) RNA polymerase GLD2 isoform 11 [Homo sapiens]	TRUE	TENT2
XP_004928356.1	XP_047272808.1	0	N/A	27.178	287	33	8.52e-17	86.7	poly(A) RNA polymerase GLD2 isoform X3 [Homo sapiens]	TRUE	TENT2
XP_004928356.1	XP_047272807.1	0	N/A	27.178	287	33	8.52e-17	86.7	poly(A) RNA polymerase GLD2 isoform X3 [Homo sapiens]	TRUE	TENT2
XP_004928356.1	XP_047272806.1	0	N/A	27.178	287	33	8.52e-17	86.7	poly(A) RNA polymerase GLD2 isoform X3 [Homo sapiens]	TRUE	TENT2
XP_004928356.1	NP_776158.2	0	N/A	27.178	287	33	8.52e-17	86.7	poly(A) RNA polymerase GLD2 isoform 1 [Homo sapiens]	TRUE	TENT2
XP_004928356.1	NP_001375041.1	0	N/A	27.178	287	33	8.52e-17	86.7	poly(A) RNA polymerase GLD2 isoform 1 [Homo sapiens]	TRUE	TENT2
XP_004928356.1	NP_001375040.1	0	N/A	27.178	287	33	8.52e-17	86.7	poly(A) RNA polymerase GLD2 isoform 1 [Homo sapiens]	TRUE	TENT2
XP_004928356.1	NP_001375039.1	0	N/A	27.178	287	33	8.52e-17	86.7	poly(A) RNA polymerase GLD2 isoform 1 [Homo sapiens]	TRUE	TENT2
XP_004928356.1	NP_001375038.1	0	N/A	27.178	287	33	8.52e-17	86.7	poly(A) RNA polymerase GLD2 isoform 1 [Homo sapiens]	TRUE	TENT2
XP_004928356.1	NP_001375037.1	0	N/A	27.178	287	33	8.52e-17	86.7	poly(A) RNA polymerase GLD2 isoform 1 [Homo sapiens]	TRUE	TENT2
XP_004928356.1	NP_001375036.1	0	N/A	27.178	287	33	8.52e-17	86.7	poly(A) RNA polymerase GLD2 isoform 1 [Homo sapiens]	TRUE	TENT2
XP_004928356.1	NP_001375035.1	0	N/A	27.178	287	33	8.52e-17	86.7	poly(A) RNA polymerase GLD2 isoform 1 [Homo sapiens]	TRUE	TENT2
XP_004928356.1	NP_001375034.1	0	N/A	27.178	287	33	8.52e-17	86.7	poly(A) RNA polymerase GLD2 isoform 1 [Homo sapiens]	TRUE	TENT2
XP_004928356.1	NP_001375032.1	0	N/A	27.178	287	33	8.52e-17	86.7	poly(A) RNA polymerase GLD2 isoform 1 [Homo sapiens]	TRUE	TENT2
XP_004928356.1	NP_001375031.1	0	N/A	27.178	287	33	8.52e-17	86.7	poly(A) RNA polymerase GLD2 isoform 1 [Homo sapiens]	TRUE	TENT2
XP_004928356.1	NP_001336482.1	0	N/A	27.178	287	33	8.52e-17	86.7	poly(A) RNA polymerase GLD2 isoform 1 [Homo sapiens]	TRUE	TENT2
XP_004928356.1	NP_001336481.1	0	N/A	27.178	287	33	8.52e-17	86.7	poly(A) RNA polymerase GLD2 isoform 1 [Homo sapiens]	TRUE	TENT2
XP_004928356.1	NP_001107866.1	0	N/A	27.178	287	33	8.52e-17	86.7	poly(A) RNA polymerase GLD2 isoform 1 [Homo sapiens]	TRUE	TENT2
XP_004928356.1	NP_001107865.1	0	N/A	27.178	287	33	8.52e-17	86.7	poly(A) RNA polymerase GLD2 isoform 1 [Homo sapiens]	TRUE	TENT2
XP_004928356.1	NP_001375042.1	0	N/A	27.178	287	33	9.43e-17	86.7	poly(A) RNA polymerase GLD2 isoform 16 [Homo sapiens]	TRUE	TENT2
XP_004928356.1	NP_001375061.1	0	N/A	26.829	287	33	1.03e-16	86.3	poly(A) RNA polymerase GLD2 isoform 12 [Homo sapiens]	TRUE	TENT2
XP_004928356.1	NP_001375065.1	0	N/A	26.829	287	33	1.24e-16	85.1	poly(A) RNA polymerase GLD2 isoform 14 [Homo sapiens]	TRUE	TENT2
XP_004928356.1	XP_047272811.1	0	N/A	26.829	287	33	1.36e-16	85.9	poly(A) RNA polymerase GLD2 isoform X4 [Homo sapiens]	TRUE	TENT2
XP_004928356.1	XP_047272810.1	0	N/A	26.829	287	33	1.36e-16	85.9	poly(A) RNA polymerase GLD2 isoform X4 [Homo sapiens]	TRUE	TENT2
XP_004928356.1	XP_047272809.1	0	N/A	26.829	287	33	1.36e-16	85.9	poly(A) RNA polymerase GLD2 isoform X4 [Homo sapiens]	TRUE	TENT2
XP_004928356.1	NP_001375058.1	0	N/A	26.829	287	33	1.36e-16	85.9	poly(A) RNA polymerase GLD2 isoform 2 [Homo sapiens]	TRUE	TENT2
XP_004928356.1	NP_001375057.1	0	N/A	26.829	287	33	1.36e-16	85.9	poly(A) RNA polymerase GLD2 isoform 2 [Homo sapiens]	TRUE	TENT2
XP_004928356.1	NP_001375056.1	0	N/A	26.829	287	33	1.36e-16	85.9	poly(A) RNA polymerase GLD2 isoform 2 [Homo sapiens]	TRUE	TENT2
XP_004928356.1	NP_001375055.1	0	N/A	26.829	287	33	1.36e-16	85.9	poly(A) RNA polymerase GLD2 isoform 2 [Homo sapiens]	TRUE	TENT2
XP_004928356.1	NP_001375054.1	0	N/A	26.829	287	33	1.36e-16	85.9	poly(A) RNA polymerase GLD2 isoform 2 [Homo sapiens]	TRUE	TENT2
XP_004928356.1	NP_001375053.1	0	N/A	26.829	287	33	1.36e-16	85.9	poly(A) RNA polymerase GLD2 isoform 2 [Homo sapiens]	TRUE	TENT2
XP_004928356.1	NP_001375052.1	0	N/A	26.829	287	33	1.36e-16	85.9	poly(A) RNA polymerase GLD2 isoform 2 [Homo sapiens]	TRUE	TENT2
XP_004928356.1	NP_001375051.1	0	N/A	26.829	287	33	1.36e-16	85.9	poly(A) RNA polymerase GLD2 isoform 2 [Homo sapiens]	TRUE	TENT2
XP_004928356.1	NP_001375050.1	0	N/A	26.829	287	33	1.36e-16	85.9	poly(A) RNA polymerase GLD2 isoform 2 [Homo sapiens]	TRUE	TENT2
XP_004928356.1	NP_001375049.1	0	N/A	26.829	287	33	1.36e-16	85.9	poly(A) RNA polymerase GLD2 isoform 2 [Homo sapiens]	TRUE	TENT2
XP_004928356.1	NP_001375048.1	0	N/A	26.829	287	33	1.36e-16	85.9	poly(A) RNA polymerase GLD2 isoform 2 [Homo sapiens]	TRUE	TENT2
XP_004928356.1	NP_001375047.1	0	N/A	26.829	287	33	1.36e-16	85.9	poly(A) RNA polymerase GLD2 isoform 2 [Homo sapiens]	TRUE	TENT2
XP_004928356.1	NP_001375046.1	0	N/A	26.829	287	33	1.36e-16	85.9	poly(A) RNA polymerase GLD2 isoform 2 [Homo sapiens]	TRUE	TENT2
XP_004928356.1	NP_001375045.1	0	N/A	26.829	287	33	1.36e-16	85.9	poly(A) RNA polymerase GLD2 isoform 2 [Homo sapiens]	TRUE	TENT2
XP_004928356.1	NP_001375044.1	0	N/A	26.829	287	33	1.36e-16	85.9	poly(A) RNA polymerase GLD2 isoform 2 [Homo sapiens]	TRUE	TENT2
XP_004928356.1	NP_001375043.1	0	N/A	26.829	287	33	1.36e-16	85.9	poly(A) RNA polymerase GLD2 isoform 2 [Homo sapiens]	TRUE	TENT2
XP_004928356.1	NP_001336483.1	0	N/A	26.829	287	33	1.36e-16	85.9	poly(A) RNA polymerase GLD2 isoform 2 [Homo sapiens]	TRUE	TENT2
XP_004928356.1	NP_001284673.1	0	N/A	26.829	287	33	1.36e-16	85.9	poly(A) RNA polymerase GLD2 isoform 2 [Homo sapiens]	TRUE	TENT2
XP_004928356.1	NP_001375059.1	0	N/A	26.829	287	33	1.41e-16	85.9	poly(A) RNA polymerase GLD2 isoform 10 [Homo sapiens]	TRUE	TENT2
XP_004928356.1	NP_001375029.1	0	N/A	26.207	290	33	3.67e-15	81.6	poly(A) RNA polymerase GLD2 isoform 8 [Homo sapiens]	TRUE	TENT2
XP_004928356.1	NP_001375028.1	0	N/A	26.207	290	33	3.67e-15	81.6	poly(A) RNA polymerase GLD2 isoform 8 [Homo sapiens]	TRUE	TENT2
XP_004928359.1	NP_060579.3	0	N/A	26.593	361	82	2.68e-22	101	poly(A) RNA polymerase, mitochondrial precursor [Homo sapiens]	TRUE	mtPAP
XP_004928359.1	NP_073741.3	0	N/A	27.753	227	55	2.9e-19	92.4	speckle targeted PIP5K1A-regulated poly(A) polymerase isoform 1 [Homo sapiens]	TRUE	Tut1
XP_004928359.1	NP_001317647.1	0	N/A	26.861	309	73	4.61e-18	89	terminal uridylyltransferase 7 isoform 3 [Homo sapiens]	TRUE	Tut7
XP_004928359.1	XP_016870620.1	0	N/A	26.861	309	73	7.27e-18	88.6	terminal uridylyltransferase 7 isoform X4 [Homo sapiens]	TRUE	Tut7
XP_004928359.1	XP_016870619.1	0	N/A	26.861	309	73	7.27e-18	88.6	terminal uridylyltransferase 7 isoform X4 [Homo sapiens]	TRUE	Tut7
XP_004928359.1	NP_078893.2	0	N/A	26.861	309	73	7.27e-18	88.6	terminal uridylyltransferase 7 isoform 1 [Homo sapiens]	TRUE	Tut7
XP_004928359.1	NP_001171988.1	0	N/A	26.861	309	73	7.27e-18	88.6	terminal uridylyltransferase 7 isoform 1 [Homo sapiens]	TRUE	Tut7
XP_004928359.1	XP_011517316.1	0	N/A	26.861	309	73	7.6e-18	88.6	terminal uridylyltransferase 7 isoform X1 [Homo sapiens]	TRUE	Tut7
XP_004928359.1	XP_011517315.1	0	N/A	26.861	309	73	7.6e-18	88.6	terminal uridylyltransferase 7 isoform X1 [Homo sapiens]	TRUE	Tut7
XP_004928359.1	XP_011517314.1	0	N/A	26.861	309	73	7.6e-18	88.6	terminal uridylyltransferase 7 isoform X1 [Homo sapiens]	TRUE	Tut7
XP_004928359.1	XP_011517313.1	0	N/A	26.861	309	73	7.6e-18	88.6	terminal uridylyltransferase 7 isoform X1 [Homo sapiens]	TRUE	Tut7
XP_004928359.1	XP_011517317.1	0	N/A	26.861	309	73	7.65e-18	88.6	terminal uridylyltransferase 7 isoform X3 [Homo sapiens]	TRUE	Tut7
XP_004928359.1	XP_047279825.1	0	N/A	26.861	309	73	7.8e-18	88.6	terminal uridylyltransferase 7 isoform X6 [Homo sapiens]	TRUE	Tut7
XP_004928359.1	XP_047279824.1	0	N/A	26.861	309	73	7.8e-18	88.6	terminal uridylyltransferase 7 isoform X6 [Homo sapiens]	TRUE	Tut7
XP_004928359.1	XP_005252264.1	0	N/A	26.861	309	73	7.8e-18	88.6	terminal uridylyltransferase 7 isoform X6 [Homo sapiens]	TRUE	Tut7
XP_004928359.1	XP_047279823.1	0	N/A	26.861	309	73	8.16e-18	88.2	terminal uridylyltransferase 7 isoform X2 [Homo sapiens]	TRUE	Tut7
XP_004928359.1	XP_006717346.1	0	N/A	26.861	309	73	8.16e-18	88.2	terminal uridylyltransferase 7 isoform X2 [Homo sapiens]	TRUE	Tut7
XP_004928359.1	XP_005252265.1	0	N/A	26.861	309	73	8.25e-18	88.2	terminal uridylyltransferase 7 isoform X7 [Homo sapiens]	TRUE	Tut7
XP_004928359.1	XP_011517318.1	0	N/A	26.861	309	73	8.55e-18	88.2	terminal uridylyltransferase 7 isoform X5 [Homo sapiens]	TRUE	Tut7
XP_004928359.1	NP_001172003.1	0	N/A	26.848	257	61	9.28e-14	75.9	terminal uridylyltransferase 7 isoform 2 [Homo sapiens]	TRUE	Tut7
XP_004928359.1	XP_047272286.1	0	N/A	26.415	318	74	1.38e-13	75.5	terminal uridylyltransferase 4 isoform X8 [Homo sapiens]	TRUE	Tut4
XP_004928359.1	XP_047272372.1	0	N/A	26.415	318	74	1.39e-13	75.5	terminal uridylyltransferase 4 isoform X42 [Homo sapiens]	TRUE	Tut4
XP_004928359.1	XP_047272296.1	0	N/A	26.415	318	74	1.41e-13	75.5	terminal uridylyltransferase 4 isoform X13 [Homo sapiens]	TRUE	Tut4
XP_004928359.1	XP_047272295.1	0	N/A	26.415	318	74	1.41e-13	75.5	terminal uridylyltransferase 4 isoform X12 [Homo sapiens]	TRUE	Tut4
XP_004928359.1	XP_047272344.1	0	N/A	26.415	318	74	1.41e-13	75.5	terminal uridylyltransferase 4 isoform X30 [Homo sapiens]	TRUE	Tut4
XP_004928359.1	XP_047272290.1	0	N/A	26.415	318	74	1.43e-13	75.5	terminal uridylyltransferase 4 isoform X11 [Homo sapiens]	TRUE	Tut4
XP_004928359.1	XP_047272305.1	0	N/A	26.415	318	74	1.49e-13	75.1	terminal uridylyltransferase 4 isoform X17 [Homo sapiens]	TRUE	Tut4
XP_004928359.1	XP_047272350.1	0	N/A	26.415	318	74	1.49e-13	75.1	terminal uridylyltransferase 4 isoform X34 [Homo sapiens]	TRUE	Tut4
XP_004928359.1	XP_047272285.1	0	N/A	26.804	291	68	5.93e-13	73.6	terminal uridylyltransferase 4 isoform X7 [Homo sapiens]	TRUE	Tut4
XP_004928359.1	XP_016856295.1	0	N/A	26.804	291	68	5.96e-13	73.2	terminal uridylyltransferase 4 isoform X25 [Homo sapiens]	TRUE	Tut4
XP_004928359.1	XP_016856292.1	0	N/A	26.804	291	68	6.37e-13	73.2	terminal uridylyltransferase 4 isoform X9 [Homo sapiens]	TRUE	Tut4
XP_004928359.1	XP_047272282.1	0	N/A	26.804	291	68	6.44e-13	73.2	terminal uridylyltransferase 4 isoform X5 [Homo sapiens]	TRUE	Tut4
XP_004928359.1	NP_056084.1	0	N/A	26.804	291	68	6.44e-13	73.2	terminal uridylyltransferase 4 isoform b [Homo sapiens]	TRUE	Tut4
XP_004928359.1	XP_005270739.1	0	N/A	26.804	291	68	6.48e-13	73.2	terminal uridylyltransferase 4 isoform X33 [Homo sapiens]	TRUE	Tut4
XP_004928359.1	XP_047272345.1	0	N/A	26.804	291	68	6.55e-13	73.2	terminal uridylyltransferase 4 isoform X31 [Homo sapiens]	TRUE	Tut4
XP_004928359.1	XP_047272337.1	0	N/A	26.804	291	68	6.57e-13	73.2	terminal uridylyltransferase 4 isoform X27 [Homo sapiens]	TRUE	Tut4
XP_004928359.1	XP_011539401.1	0	N/A	26.804	291	68	6.67e-13	73.2	terminal uridylyltransferase 4 isoform X29 [Homo sapiens]	TRUE	Tut4
XP_004928359.1	XP_047272281.1	0	N/A	26.804	291	68	6.8e-13	73.2	terminal uridylyltransferase 4 isoform X4 [Homo sapiens]	TRUE	Tut4
XP_004928359.1	NP_001009881.1	0	N/A	26.804	291	68	6.8e-13	73.2	terminal uridylyltransferase 4 isoform a [Homo sapiens]	TRUE	Tut4
XP_004928359.1	XP_005270735.1	0	N/A	26.804	291	68	7.11e-13	73.2	terminal uridylyltransferase 4 isoform X2 [Homo sapiens]	TRUE	Tut4
XP_004928359.1	XP_047272384.1	0	N/A	26.821	302	71	7.16e-13	72.8	terminal uridylyltransferase 4 isoform X46 [Homo sapiens]	TRUE	Tut4
XP_004928359.1	XP_047272280.1	0	N/A	26.804	291	68	7.17e-13	73.2	terminal uridylyltransferase 4 isoform X3 [Homo sapiens]	TRUE	Tut4
XP_004928359.1	XP_005270736.1	0	N/A	26.804	291	68	7.17e-13	73.2	terminal uridylyltransferase 4 isoform X3 [Homo sapiens]	TRUE	Tut4
XP_004928359.1	XP_047272325.1	0	N/A	26.804	291	68	7.25e-13	73.2	terminal uridylyltransferase 4 isoform X23 [Homo sapiens]	TRUE	Tut4
XP_004928359.1	XP_011539399.1	0	N/A	26.804	291	68	7.3e-13	73.2	terminal uridylyltransferase 4 isoform X1 [Homo sapiens]	TRUE	Tut4
XP_004928359.1	XP_005270733.1	0	N/A	26.804	291	68	7.3e-13	73.2	terminal uridylyltransferase 4 isoform X1 [Homo sapiens]	TRUE	Tut4
XP_004928359.1	XP_016856299.1	0	N/A	26.804	291	68	7.33e-13	73.2	terminal uridylyltransferase 4 isoform X40 [Homo sapiens]	TRUE	Tut4
XP_004928359.1	XP_016856296.1	0	N/A	26.804	291	68	7.37e-13	73.2	terminal uridylyltransferase 4 isoform X28 [Homo sapiens]	TRUE	Tut4
XP_004928359.1	XP_047272283.1	0	N/A	26.804	291	68	7.49e-13	73.2	terminal uridylyltransferase 4 isoform X6 [Homo sapiens]	TRUE	Tut4
XP_004928359.1	XP_005270737.1	0	N/A	26.804	291	68	7.49e-13	73.2	terminal uridylyltransferase 4 isoform X6 [Homo sapiens]	TRUE	Tut4
XP_004928359.1	XP_016856297.1	0	N/A	26.804	291	68	7.67e-13	73.2	terminal uridylyltransferase 4 isoform X36 [Homo sapiens]	TRUE	Tut4
XP_004928359.1	XP_047272288.1	0	N/A	26.804	291	68	7.68e-13	73.2	terminal uridylyltransferase 4 isoform X10 [Homo sapiens]	TRUE	Tut4
XP_004928359.1	XP_016856293.1	0	N/A	26.804	291	68	8.24e-13	72.8	terminal uridylyltransferase 4 isoform X16 [Homo sapiens]	TRUE	Tut4
XP_004928359.1	XP_047272365.1	0	N/A	26.804	291	68	8.31e-13	72.8	terminal uridylyltransferase 4 isoform X38 [Homo sapiens]	TRUE	Tut4
XP_004928359.1	XP_047279826.1	0	N/A	26.705	176	44	3.2e-12	70.9	terminal uridylyltransferase 7 isoform X8 [Homo sapiens]	TRUE	Tut7
XP_004928359.1	NP_001375061.1	0	N/A	24.528	265	62	1.8e-09	61.6	poly(A) RNA polymerase GLD2 isoform 12 [Homo sapiens]	TRUE	TENT2
XP_004928359.1	XP_047272811.1	0	N/A	24.436	266	62	2.05e-09	61.6	poly(A) RNA polymerase GLD2 isoform X4 [Homo sapiens]	TRUE	TENT2
XP_004928359.1	XP_047272810.1	0	N/A	24.436	266	62	2.05e-09	61.6	poly(A) RNA polymerase GLD2 isoform X4 [Homo sapiens]	TRUE	TENT2
XP_004928359.1	XP_047272809.1	0	N/A	24.436	266	62	2.05e-09	61.6	poly(A) RNA polymerase GLD2 isoform X4 [Homo sapiens]	TRUE	TENT2
XP_004928359.1	NP_001375058.1	0	N/A	24.436	266	62	2.05e-09	61.6	poly(A) RNA polymerase GLD2 isoform 2 [Homo sapiens]	TRUE	TENT2
XP_004928359.1	NP_001375057.1	0	N/A	24.436	266	62	2.05e-09	61.6	poly(A) RNA polymerase GLD2 isoform 2 [Homo sapiens]	TRUE	TENT2
XP_004928359.1	NP_001375056.1	0	N/A	24.436	266	62	2.05e-09	61.6	poly(A) RNA polymerase GLD2 isoform 2 [Homo sapiens]	TRUE	TENT2
XP_004928359.1	NP_001375055.1	0	N/A	24.436	266	62	2.05e-09	61.6	poly(A) RNA polymerase GLD2 isoform 2 [Homo sapiens]	TRUE	TENT2
XP_004928359.1	NP_001375054.1	0	N/A	24.436	266	62	2.05e-09	61.6	poly(A) RNA polymerase GLD2 isoform 2 [Homo sapiens]	TRUE	TENT2
XP_004928359.1	NP_001375053.1	0	N/A	24.436	266	62	2.05e-09	61.6	poly(A) RNA polymerase GLD2 isoform 2 [Homo sapiens]	TRUE	TENT2
XP_004928359.1	NP_001375052.1	0	N/A	24.436	266	62	2.05e-09	61.6	poly(A) RNA polymerase GLD2 isoform 2 [Homo sapiens]	TRUE	TENT2
XP_004928359.1	NP_001375051.1	0	N/A	24.436	266	62	2.05e-09	61.6	poly(A) RNA polymerase GLD2 isoform 2 [Homo sapiens]	TRUE	TENT2
XP_004928359.1	NP_001375050.1	0	N/A	24.436	266	62	2.05e-09	61.6	poly(A) RNA polymerase GLD2 isoform 2 [Homo sapiens]	TRUE	TENT2
XP_004928359.1	NP_001375049.1	0	N/A	24.436	266	62	2.05e-09	61.6	poly(A) RNA polymerase GLD2 isoform 2 [Homo sapiens]	TRUE	TENT2
XP_004928359.1	NP_001375048.1	0	N/A	24.436	266	62	2.05e-09	61.6	poly(A) RNA polymerase GLD2 isoform 2 [Homo sapiens]	TRUE	TENT2
XP_004928359.1	NP_001375047.1	0	N/A	24.436	266	62	2.05e-09	61.6	poly(A) RNA polymerase GLD2 isoform 2 [Homo sapiens]	TRUE	TENT2
XP_004928359.1	NP_001375046.1	0	N/A	24.436	266	62	2.05e-09	61.6	poly(A) RNA polymerase GLD2 isoform 2 [Homo sapiens]	TRUE	TENT2
XP_004928359.1	NP_001375045.1	0	N/A	24.436	266	62	2.05e-09	61.6	poly(A) RNA polymerase GLD2 isoform 2 [Homo sapiens]	TRUE	TENT2
XP_004928359.1	NP_001375044.1	0	N/A	24.436	266	62	2.05e-09	61.6	poly(A) RNA polymerase GLD2 isoform 2 [Homo sapiens]	TRUE	TENT2
XP_004928359.1	NP_001375043.1	0	N/A	24.436	266	62	2.05e-09	61.6	poly(A) RNA polymerase GLD2 isoform 2 [Homo sapiens]	TRUE	TENT2
XP_004928359.1	NP_001336483.1	0	N/A	24.436	266	62	2.05e-09	61.6	poly(A) RNA polymerase GLD2 isoform 2 [Homo sapiens]	TRUE	TENT2
XP_004928359.1	NP_001284673.1	0	N/A	24.436	266	62	2.05e-09	61.6	poly(A) RNA polymerase GLD2 isoform 2 [Homo sapiens]	TRUE	TENT2
XP_004928359.1	NP_001375065.1	0	N/A	24.528	265	62	2.07e-09	61.2	poly(A) RNA polymerase GLD2 isoform 14 [Homo sapiens]	TRUE	TENT2
XP_004928359.1	NP_001375059.1	0	N/A	24.436	266	62	2.1e-09	61.6	poly(A) RNA polymerase GLD2 isoform 10 [Homo sapiens]	TRUE	TENT2
XP_004928359.1	NP_001375030.1	0	N/A	25.091	275	62	4.32e-09	60.8	poly(A) RNA polymerase GLD2 isoform 9 [Homo sapiens]	TRUE	TENT2
XP_004928359.1	NP_001375060.1	0	N/A	25.758	264	62	6.1e-09	60.1	poly(A) RNA polymerase GLD2 isoform 11 [Homo sapiens]	TRUE	TENT2
XP_004928359.1	XP_047272808.1	0	N/A	24.354	271	62	7.55e-09	60.1	poly(A) RNA polymerase GLD2 isoform X3 [Homo sapiens]	TRUE	TENT2
XP_004928359.1	XP_047272807.1	0	N/A	24.354	271	62	7.55e-09	60.1	poly(A) RNA polymerase GLD2 isoform X3 [Homo sapiens]	TRUE	TENT2
XP_004928359.1	XP_047272806.1	0	N/A	24.354	271	62	7.55e-09	60.1	poly(A) RNA polymerase GLD2 isoform X3 [Homo sapiens]	TRUE	TENT2
XP_004928359.1	NP_776158.2	0	N/A	24.354	271	62	7.55e-09	60.1	poly(A) RNA polymerase GLD2 isoform 1 [Homo sapiens]	TRUE	TENT2
XP_004928359.1	NP_001375041.1	0	N/A	24.354	271	62	7.55e-09	60.1	poly(A) RNA polymerase GLD2 isoform 1 [Homo sapiens]	TRUE	TENT2
XP_004928359.1	NP_001375040.1	0	N/A	24.354	271	62	7.55e-09	60.1	poly(A) RNA polymerase GLD2 isoform 1 [Homo sapiens]	TRUE	TENT2
XP_004928359.1	NP_001375039.1	0	N/A	24.354	271	62	7.55e-09	60.1	poly(A) RNA polymerase GLD2 isoform 1 [Homo sapiens]	TRUE	TENT2
XP_004928359.1	NP_001375038.1	0	N/A	24.354	271	62	7.55e-09	60.1	poly(A) RNA polymerase GLD2 isoform 1 [Homo sapiens]	TRUE	TENT2
XP_004928359.1	NP_001375037.1	0	N/A	24.354	271	62	7.55e-09	60.1	poly(A) RNA polymerase GLD2 isoform 1 [Homo sapiens]	TRUE	TENT2
XP_004928359.1	NP_001375036.1	0	N/A	24.354	271	62	7.55e-09	60.1	poly(A) RNA polymerase GLD2 isoform 1 [Homo sapiens]	TRUE	TENT2
XP_004928359.1	NP_001375035.1	0	N/A	24.354	271	62	7.55e-09	60.1	poly(A) RNA polymerase GLD2 isoform 1 [Homo sapiens]	TRUE	TENT2
XP_004928359.1	NP_001375034.1	0	N/A	24.354	271	62	7.55e-09	60.1	poly(A) RNA polymerase GLD2 isoform 1 [Homo sapiens]	TRUE	TENT2
XP_004928359.1	NP_001375032.1	0	N/A	24.354	271	62	7.55e-09	60.1	poly(A) RNA polymerase GLD2 isoform 1 [Homo sapiens]	TRUE	TENT2
XP_004928359.1	NP_001375031.1	0	N/A	24.354	271	62	7.55e-09	60.1	poly(A) RNA polymerase GLD2 isoform 1 [Homo sapiens]	TRUE	TENT2
XP_004928359.1	NP_001336482.1	0	N/A	24.354	271	62	7.55e-09	60.1	poly(A) RNA polymerase GLD2 isoform 1 [Homo sapiens]	TRUE	TENT2
XP_004928359.1	NP_001336481.1	0	N/A	24.354	271	62	7.55e-09	60.1	poly(A) RNA polymerase GLD2 isoform 1 [Homo sapiens]	TRUE	TENT2
XP_004928359.1	NP_001107866.1	0	N/A	24.354	271	62	7.55e-09	60.1	poly(A) RNA polymerase GLD2 isoform 1 [Homo sapiens]	TRUE	TENT2
XP_004928359.1	NP_001107865.1	0	N/A	24.354	271	62	7.55e-09	60.1	poly(A) RNA polymerase GLD2 isoform 1 [Homo sapiens]	TRUE	TENT2
XP_004928359.1	NP_001375042.1	0	N/A	25.758	264	62	8.23e-09	59.7	poly(A) RNA polymerase GLD2 isoform 16 [Homo sapiens]	TRUE	TENT2
XP_004987785.1	XP_016870620.1	0	N/A	34.529	223	80	1.99e-36	139	terminal uridylyltransferase 7 isoform X4 [Homo sapiens]	TRUE	Tut7
XP_004987785.1	XP_016870619.1	0	N/A	34.529	223	80	1.99e-36	139	terminal uridylyltransferase 7 isoform X4 [Homo sapiens]	TRUE	Tut7
XP_004987785.1	NP_078893.2	0	N/A	34.529	223	80	1.99e-36	139	terminal uridylyltransferase 7 isoform 1 [Homo sapiens]	TRUE	Tut7
XP_004987785.1	NP_001171988.1	0	N/A	34.529	223	80	1.99e-36	139	terminal uridylyltransferase 7 isoform 1 [Homo sapiens]	TRUE	Tut7
XP_004987785.1	NP_001172003.1	0	N/A	34.529	223	80	2.15e-36	139	terminal uridylyltransferase 7 isoform 2 [Homo sapiens]	TRUE	Tut7
XP_004987785.1	XP_047279825.1	0	N/A	34.529	223	80	2.17e-36	139	terminal uridylyltransferase 7 isoform X6 [Homo sapiens]	TRUE	Tut7
XP_004987785.1	XP_047279824.1	0	N/A	34.529	223	80	2.17e-36	139	terminal uridylyltransferase 7 isoform X6 [Homo sapiens]	TRUE	Tut7
XP_004987785.1	XP_005252264.1	0	N/A	34.529	223	80	2.17e-36	139	terminal uridylyltransferase 7 isoform X6 [Homo sapiens]	TRUE	Tut7
XP_004987785.1	XP_011517318.1	0	N/A	34.667	225	80	2.21e-36	139	terminal uridylyltransferase 7 isoform X5 [Homo sapiens]	TRUE	Tut7
XP_004987785.1	XP_047279823.1	0	N/A	34.529	223	80	2.29e-36	139	terminal uridylyltransferase 7 isoform X2 [Homo sapiens]	TRUE	Tut7
XP_004987785.1	XP_006717346.1	0	N/A	34.529	223	80	2.29e-36	139	terminal uridylyltransferase 7 isoform X2 [Homo sapiens]	TRUE	Tut7
XP_004987785.1	XP_005252265.1	0	N/A	34.529	223	80	2.29e-36	139	terminal uridylyltransferase 7 isoform X7 [Homo sapiens]	TRUE	Tut7
XP_004987785.1	NP_001317647.1	0	N/A	34.667	225	80	2.36e-36	139	terminal uridylyltransferase 7 isoform 3 [Homo sapiens]	TRUE	Tut7
XP_004987785.1	XP_011517317.1	0	N/A	34.667	225	80	2.64e-36	139	terminal uridylyltransferase 7 isoform X3 [Homo sapiens]	TRUE	Tut7
XP_004987785.1	XP_011517316.1	0	N/A	34.529	223	80	2.88e-36	139	terminal uridylyltransferase 7 isoform X1 [Homo sapiens]	TRUE	Tut7
XP_004987785.1	XP_011517315.1	0	N/A	34.529	223	80	2.88e-36	139	terminal uridylyltransferase 7 isoform X1 [Homo sapiens]	TRUE	Tut7
XP_004987785.1	XP_011517314.1	0	N/A	34.529	223	80	2.88e-36	139	terminal uridylyltransferase 7 isoform X1 [Homo sapiens]	TRUE	Tut7
XP_004987785.1	XP_011517313.1	0	N/A	34.529	223	80	2.88e-36	139	terminal uridylyltransferase 7 isoform X1 [Homo sapiens]	TRUE	Tut7
XP_004987785.1	XP_016856297.1	0	N/A	34.821	224	80	7.01e-36	138	terminal uridylyltransferase 4 isoform X36 [Homo sapiens]	TRUE	Tut4
XP_004987785.1	XP_047272290.1	0	N/A	34.821	224	80	7.2e-36	138	terminal uridylyltransferase 4 isoform X11 [Homo sapiens]	TRUE	Tut4
XP_004987785.1	XP_005270739.1	0	N/A	34.821	224	80	7.36e-36	138	terminal uridylyltransferase 4 isoform X33 [Homo sapiens]	TRUE	Tut4
XP_004987785.1	XP_047272286.1	0	N/A	34.821	224	80	7.7e-36	138	terminal uridylyltransferase 4 isoform X8 [Homo sapiens]	TRUE	Tut4
XP_004987785.1	XP_047272285.1	0	N/A	34.821	224	80	7.7e-36	138	terminal uridylyltransferase 4 isoform X7 [Homo sapiens]	TRUE	Tut4
XP_004987785.1	XP_047272280.1	0	N/A	34.821	224	80	7.72e-36	138	terminal uridylyltransferase 4 isoform X3 [Homo sapiens]	TRUE	Tut4
XP_004987785.1	XP_005270736.1	0	N/A	34.821	224	80	7.72e-36	138	terminal uridylyltransferase 4 isoform X3 [Homo sapiens]	TRUE	Tut4
XP_004987785.1	XP_047272345.1	0	N/A	34.821	224	80	7.73e-36	138	terminal uridylyltransferase 4 isoform X31 [Homo sapiens]	TRUE	Tut4
XP_004987785.1	XP_016856295.1	0	N/A	34.821	224	80	7.89e-36	138	terminal uridylyltransferase 4 isoform X25 [Homo sapiens]	TRUE	Tut4
XP_004987785.1	XP_011539401.1	0	N/A	34.821	224	80	7.95e-36	138	terminal uridylyltransferase 4 isoform X29 [Homo sapiens]	TRUE	Tut4
XP_004987785.1	XP_005270735.1	0	N/A	34.821	224	80	8.18e-36	138	terminal uridylyltransferase 4 isoform X2 [Homo sapiens]	TRUE	Tut4
XP_004987785.1	XP_047272372.1	0	N/A	34.821	224	80	8.3e-36	137	terminal uridylyltransferase 4 isoform X42 [Homo sapiens]	TRUE	Tut4
XP_004987785.1	XP_011539399.1	0	N/A	34.821	224	80	8.34e-36	138	terminal uridylyltransferase 4 isoform X1 [Homo sapiens]	TRUE	Tut4
XP_004987785.1	XP_005270733.1	0	N/A	34.821	224	80	8.34e-36	138	terminal uridylyltransferase 4 isoform X1 [Homo sapiens]	TRUE	Tut4
XP_004987785.1	XP_047272325.1	0	N/A	34.821	224	80	8.36e-36	137	terminal uridylyltransferase 4 isoform X23 [Homo sapiens]	TRUE	Tut4
XP_004987785.1	XP_047272344.1	0	N/A	34.821	224	80	8.67e-36	137	terminal uridylyltransferase 4 isoform X30 [Homo sapiens]	TRUE	Tut4
XP_004987785.1	XP_016856292.1	0	N/A	34.821	224	80	8.98e-36	137	terminal uridylyltransferase 4 isoform X9 [Homo sapiens]	TRUE	Tut4
XP_004987785.1	XP_016856299.1	0	N/A	34.821	224	80	8.99e-36	137	terminal uridylyltransferase 4 isoform X40 [Homo sapiens]	TRUE	Tut4
XP_004987785.1	XP_047272365.1	0	N/A	34.821	224	80	9.16e-36	137	terminal uridylyltransferase 4 isoform X38 [Homo sapiens]	TRUE	Tut4
XP_004987785.1	XP_047272296.1	0	N/A	34.821	224	80	9.5e-36	137	terminal uridylyltransferase 4 isoform X13 [Homo sapiens]	TRUE	Tut4
XP_004987785.1	XP_047272295.1	0	N/A	34.821	224	80	9.6e-36	137	terminal uridylyltransferase 4 isoform X12 [Homo sapiens]	TRUE	Tut4
XP_004987785.1	XP_047272305.1	0	N/A	34.821	224	80	1.03e-35	137	terminal uridylyltransferase 4 isoform X17 [Homo sapiens]	TRUE	Tut4
XP_004987785.1	XP_047272350.1	0	N/A	34.821	224	80	1.03e-35	137	terminal uridylyltransferase 4 isoform X34 [Homo sapiens]	TRUE	Tut4
XP_004987785.1	XP_047272337.1	0	N/A	34.821	224	80	1.07e-35	137	terminal uridylyltransferase 4 isoform X27 [Homo sapiens]	TRUE	Tut4
XP_004987785.1	XP_016856296.1	0	N/A	34.821	224	80	1.1e-35	137	terminal uridylyltransferase 4 isoform X28 [Homo sapiens]	TRUE	Tut4
XP_004987785.1	XP_016856293.1	0	N/A	34.821	224	80	1.11e-35	137	terminal uridylyltransferase 4 isoform X16 [Homo sapiens]	TRUE	Tut4
XP_004987785.1	XP_047272281.1	0	N/A	34.821	224	80	1.12e-35	137	terminal uridylyltransferase 4 isoform X4 [Homo sapiens]	TRUE	Tut4
XP_004987785.1	NP_001009881.1	0	N/A	34.821	224	80	1.12e-35	137	terminal uridylyltransferase 4 isoform a [Homo sapiens]	TRUE	Tut4
XP_004987785.1	XP_047272282.1	0	N/A	34.821	224	80	1.13e-35	137	terminal uridylyltransferase 4 isoform X5 [Homo sapiens]	TRUE	Tut4
XP_004987785.1	NP_056084.1	0	N/A	34.821	224	80	1.13e-35	137	terminal uridylyltransferase 4 isoform b [Homo sapiens]	TRUE	Tut4
XP_004987785.1	XP_047272283.1	0	N/A	34.821	224	80	1.15e-35	137	terminal uridylyltransferase 4 isoform X6 [Homo sapiens]	TRUE	Tut4
XP_004987785.1	XP_005270737.1	0	N/A	34.821	224	80	1.15e-35	137	terminal uridylyltransferase 4 isoform X6 [Homo sapiens]	TRUE	Tut4
XP_004987785.1	XP_047272288.1	0	N/A	34.821	224	80	1.17e-35	137	terminal uridylyltransferase 4 isoform X10 [Homo sapiens]	TRUE	Tut4
XP_004987785.1	XP_047272384.1	0	N/A	34.821	224	80	1.51e-35	137	terminal uridylyltransferase 4 isoform X46 [Homo sapiens]	TRUE	Tut4
XP_004987785.1	XP_047272820.1	0	N/A	33.005	203	74	2.75e-30	116	poly(A) RNA polymerase GLD2 isoform X11 [Homo sapiens]	TRUE	TENT2
XP_004987785.1	NP_001336477.1	0	N/A	34.574	188	68	6.36e-30	115	poly(A) RNA polymerase GLD2 isoform 4 [Homo sapiens]	TRUE	TENT2
XP_004987785.1	NP_001375065.1	0	N/A	34.392	189	68	7.12e-29	114	poly(A) RNA polymerase GLD2 isoform 14 [Homo sapiens]	TRUE	TENT2
XP_004987785.1	NP_001375027.1	0	N/A	33.005	203	74	7.49e-29	116	poly(A) RNA polymerase GLD2 isoform 7 [Homo sapiens]	TRUE	TENT2
XP_004987785.1	XP_047272805.1	0	N/A	32.843	204	74	8.09e-29	116	poly(A) RNA polymerase GLD2 isoform X2 [Homo sapiens]	TRUE	TENT2
XP_004987785.1	XP_047272804.1	0	N/A	32.843	204	74	8.09e-29	116	poly(A) RNA polymerase GLD2 isoform X2 [Homo sapiens]	TRUE	TENT2
XP_004987785.1	XP_047272803.1	0	N/A	32.843	204	74	8.09e-29	116	poly(A) RNA polymerase GLD2 isoform X2 [Homo sapiens]	TRUE	TENT2
XP_004987785.1	XP_047272802.1	0	N/A	32.843	204	74	8.09e-29	116	poly(A) RNA polymerase GLD2 isoform X2 [Homo sapiens]	TRUE	TENT2
XP_004987785.1	XP_016864641.1	0	N/A	32.843	204	74	8.09e-29	116	poly(A) RNA polymerase GLD2 isoform X2 [Homo sapiens]	TRUE	TENT2
XP_004987785.1	NP_001375026.1	0	N/A	32.843	204	74	8.09e-29	116	poly(A) RNA polymerase GLD2 isoform 6 [Homo sapiens]	TRUE	TENT2
XP_004987785.1	NP_001375025.1	0	N/A	32.843	204	74	8.09e-29	116	poly(A) RNA polymerase GLD2 isoform 6 [Homo sapiens]	TRUE	TENT2
XP_004987785.1	NP_001375024.1	0	N/A	32.843	204	74	8.09e-29	116	poly(A) RNA polymerase GLD2 isoform 6 [Homo sapiens]	TRUE	TENT2
XP_004987785.1	NP_001336480.1	0	N/A	32.843	204	74	8.09e-29	116	poly(A) RNA polymerase GLD2 isoform 6 [Homo sapiens]	TRUE	TENT2
XP_004987785.1	XP_047272801.1	0	N/A	32.843	204	74	1.1e-28	116	poly(A) RNA polymerase GLD2 isoform X1 [Homo sapiens]	TRUE	TENT2
XP_004987785.1	XP_047272800.1	0	N/A	32.843	204	74	1.1e-28	116	poly(A) RNA polymerase GLD2 isoform X1 [Homo sapiens]	TRUE	TENT2
XP_004987785.1	XP_011541527.1	0	N/A	32.843	204	74	1.1e-28	116	poly(A) RNA polymerase GLD2 isoform X1 [Homo sapiens]	TRUE	TENT2
XP_004987785.1	XP_011541526.1	0	N/A	32.843	204	74	1.1e-28	116	poly(A) RNA polymerase GLD2 isoform X1 [Homo sapiens]	TRUE	TENT2
XP_004987785.1	XP_011541523.1	0	N/A	32.843	204	74	1.1e-28	116	poly(A) RNA polymerase GLD2 isoform X1 [Homo sapiens]	TRUE	TENT2
XP_004987785.1	XP_011541522.1	0	N/A	32.843	204	74	1.1e-28	116	poly(A) RNA polymerase GLD2 isoform X1 [Homo sapiens]	TRUE	TENT2
XP_004987785.1	NP_001375023.1	0	N/A	32.843	204	74	1.1e-28	116	poly(A) RNA polymerase GLD2 isoform 5 [Homo sapiens]	TRUE	TENT2
XP_004987785.1	NP_001375022.1	0	N/A	32.843	204	74	1.1e-28	116	poly(A) RNA polymerase GLD2 isoform 5 [Homo sapiens]	TRUE	TENT2
XP_004987785.1	NP_001336479.1	0	N/A	32.843	204	74	1.1e-28	116	poly(A) RNA polymerase GLD2 isoform 5 [Homo sapiens]	TRUE	TENT2
XP_004987785.1	NP_001336478.1	0	N/A	32.843	204	74	1.1e-28	116	poly(A) RNA polymerase GLD2 isoform 5 [Homo sapiens]	TRUE	TENT2
XP_004987785.1	NP_001375061.1	0	N/A	34.574	188	68	1.74e-28	115	poly(A) RNA polymerase GLD2 isoform 12 [Homo sapiens]	TRUE	TENT2
XP_004987785.1	NP_001375060.1	0	N/A	34.574	188	68	2.06e-28	114	poly(A) RNA polymerase GLD2 isoform 11 [Homo sapiens]	TRUE	TENT2
XP_004987785.1	NP_001375059.1	0	N/A	34.574	188	68	2.49e-28	115	poly(A) RNA polymerase GLD2 isoform 10 [Homo sapiens]	TRUE	TENT2
XP_004987785.1	XP_047272811.1	0	N/A	34.574	188	68	2.54e-28	115	poly(A) RNA polymerase GLD2 isoform X4 [Homo sapiens]	TRUE	TENT2
XP_004987785.1	XP_047272810.1	0	N/A	34.574	188	68	2.54e-28	115	poly(A) RNA polymerase GLD2 isoform X4 [Homo sapiens]	TRUE	TENT2
XP_004987785.1	XP_047272809.1	0	N/A	34.574	188	68	2.54e-28	115	poly(A) RNA polymerase GLD2 isoform X4 [Homo sapiens]	TRUE	TENT2
XP_004987785.1	NP_001375058.1	0	N/A	34.574	188	68	2.54e-28	115	poly(A) RNA polymerase GLD2 isoform 2 [Homo sapiens]	TRUE	TENT2
XP_004987785.1	NP_001375057.1	0	N/A	34.574	188	68	2.54e-28	115	poly(A) RNA polymerase GLD2 isoform 2 [Homo sapiens]	TRUE	TENT2
XP_004987785.1	NP_001375056.1	0	N/A	34.574	188	68	2.54e-28	115	poly(A) RNA polymerase GLD2 isoform 2 [Homo sapiens]	TRUE	TENT2
XP_004987785.1	NP_001375055.1	0	N/A	34.574	188	68	2.54e-28	115	poly(A) RNA polymerase GLD2 isoform 2 [Homo sapiens]	TRUE	TENT2
XP_004987785.1	NP_001375054.1	0	N/A	34.574	188	68	2.54e-28	115	poly(A) RNA polymerase GLD2 isoform 2 [Homo sapiens]	TRUE	TENT2
XP_004987785.1	NP_001375053.1	0	N/A	34.574	188	68	2.54e-28	115	poly(A) RNA polymerase GLD2 isoform 2 [Homo sapiens]	TRUE	TENT2
XP_004987785.1	NP_001375052.1	0	N/A	34.574	188	68	2.54e-28	115	poly(A) RNA polymerase GLD2 isoform 2 [Homo sapiens]	TRUE	TENT2
XP_004987785.1	NP_001375051.1	0	N/A	34.574	188	68	2.54e-28	115	poly(A) RNA polymerase GLD2 isoform 2 [Homo sapiens]	TRUE	TENT2
XP_004987785.1	NP_001375050.1	0	N/A	34.574	188	68	2.54e-28	115	poly(A) RNA polymerase GLD2 isoform 2 [Homo sapiens]	TRUE	TENT2
XP_004987785.1	NP_001375049.1	0	N/A	34.574	188	68	2.54e-28	115	poly(A) RNA polymerase GLD2 isoform 2 [Homo sapiens]	TRUE	TENT2
XP_004987785.1	NP_001375048.1	0	N/A	34.574	188	68	2.54e-28	115	poly(A) RNA polymerase GLD2 isoform 2 [Homo sapiens]	TRUE	TENT2
XP_004987785.1	NP_001375047.1	0	N/A	34.574	188	68	2.54e-28	115	poly(A) RNA polymerase GLD2 isoform 2 [Homo sapiens]	TRUE	TENT2
XP_004987785.1	NP_001375046.1	0	N/A	34.574	188	68	2.54e-28	115	poly(A) RNA polymerase GLD2 isoform 2 [Homo sapiens]	TRUE	TENT2
XP_004987785.1	NP_001375045.1	0	N/A	34.574	188	68	2.54e-28	115	poly(A) RNA polymerase GLD2 isoform 2 [Homo sapiens]	TRUE	TENT2
XP_004987785.1	NP_001375044.1	0	N/A	34.574	188	68	2.54e-28	115	poly(A) RNA polymerase GLD2 isoform 2 [Homo sapiens]	TRUE	TENT2
XP_004987785.1	NP_001375043.1	0	N/A	34.574	188	68	2.54e-28	115	poly(A) RNA polymerase GLD2 isoform 2 [Homo sapiens]	TRUE	TENT2
XP_004987785.1	NP_001336483.1	0	N/A	34.574	188	68	2.54e-28	115	poly(A) RNA polymerase GLD2 isoform 2 [Homo sapiens]	TRUE	TENT2
XP_004987785.1	NP_001284673.1	0	N/A	34.574	188	68	2.54e-28	115	poly(A) RNA polymerase GLD2 isoform 2 [Homo sapiens]	TRUE	TENT2
XP_004987785.1	NP_001375030.1	0	N/A	34.574	188	68	2.93e-28	114	poly(A) RNA polymerase GLD2 isoform 9 [Homo sapiens]	TRUE	TENT2
XP_004990472.1	NP_115642.4	0	N/A	21.86	215	34	0.000135	48.1	spermatogenesis-associated protein 31H1 [Homo sapiens]	FALSE	NA
XP_004997314.1	NP_001317647.1	0	N/A	28.667	150	18	5.04e-10	65.9	terminal uridylyltransferase 7 isoform 3 [Homo sapiens]	TRUE	Tut7
XP_004997314.1	XP_011517317.1	0	N/A	28.667	150	18	1.12e-09	64.7	terminal uridylyltransferase 7 isoform X3 [Homo sapiens]	TRUE	Tut7
XP_004997314.1	XP_047279825.1	0	N/A	28.667	150	18	1.15e-09	64.7	terminal uridylyltransferase 7 isoform X6 [Homo sapiens]	TRUE	Tut7
XP_004997314.1	XP_047279824.1	0	N/A	28.667	150	18	1.15e-09	64.7	terminal uridylyltransferase 7 isoform X6 [Homo sapiens]	TRUE	Tut7
XP_004997314.1	XP_005252264.1	0	N/A	28.667	150	18	1.15e-09	64.7	terminal uridylyltransferase 7 isoform X6 [Homo sapiens]	TRUE	Tut7
XP_004997314.1	XP_047279823.1	0	N/A	28.667	150	18	1.15e-09	64.7	terminal uridylyltransferase 7 isoform X2 [Homo sapiens]	TRUE	Tut7
XP_004997314.1	XP_006717346.1	0	N/A	28.667	150	18	1.15e-09	64.7	terminal uridylyltransferase 7 isoform X2 [Homo sapiens]	TRUE	Tut7
XP_004997314.1	XP_011517316.1	0	N/A	28.667	150	18	1.15e-09	64.7	terminal uridylyltransferase 7 isoform X1 [Homo sapiens]	TRUE	Tut7
XP_004997314.1	XP_011517315.1	0	N/A	28.667	150	18	1.15e-09	64.7	terminal uridylyltransferase 7 isoform X1 [Homo sapiens]	TRUE	Tut7
XP_004997314.1	XP_011517314.1	0	N/A	28.667	150	18	1.15e-09	64.7	terminal uridylyltransferase 7 isoform X1 [Homo sapiens]	TRUE	Tut7
XP_004997314.1	XP_011517313.1	0	N/A	28.667	150	18	1.15e-09	64.7	terminal uridylyltransferase 7 isoform X1 [Homo sapiens]	TRUE	Tut7
XP_004997314.1	XP_005252265.1	0	N/A	28.667	150	18	1.18e-09	64.7	terminal uridylyltransferase 7 isoform X7 [Homo sapiens]	TRUE	Tut7
XP_004997314.1	XP_016870620.1	0	N/A	28.667	150	18	1.19e-09	64.7	terminal uridylyltransferase 7 isoform X4 [Homo sapiens]	TRUE	Tut7
XP_004997314.1	XP_016870619.1	0	N/A	28.667	150	18	1.19e-09	64.7	terminal uridylyltransferase 7 isoform X4 [Homo sapiens]	TRUE	Tut7
XP_004997314.1	NP_078893.2	0	N/A	28.667	150	18	1.19e-09	64.7	terminal uridylyltransferase 7 isoform 1 [Homo sapiens]	TRUE	Tut7
XP_004997314.1	NP_001171988.1	0	N/A	28.667	150	18	1.19e-09	64.7	terminal uridylyltransferase 7 isoform 1 [Homo sapiens]	TRUE	Tut7
XP_004997314.1	XP_011517318.1	0	N/A	28.667	150	18	1.22e-09	64.7	terminal uridylyltransferase 7 isoform X5 [Homo sapiens]	TRUE	Tut7
XP_004997314.1	NP_001354835.1	0	N/A	27.434	113	15	8.09e-08	58.2	speckle targeted PIP5K1A-regulated poly(A) polymerase isoform 2 [Homo sapiens]	TRUE	Tut1
XP_004997314.1	NP_073741.3	0	N/A	27.434	113	15	1.05e-07	58.2	speckle targeted PIP5K1A-regulated poly(A) polymerase isoform 1 [Homo sapiens]	TRUE	Tut1
XP_004997314.1	NP_001172003.1	0	N/A	28.448	116	15	3.48e-07	56.6	terminal uridylyltransferase 7 isoform 2 [Homo sapiens]	TRUE	Tut7
XP_004997314.1	XP_047272622.1	0	N/A	29.31	174	22	3.79e-06	52.8	terminal nucleotidyltransferase 4A isoform X1 [Homo sapiens]	TRUE	TENT4A
XP_004997314.1	XP_047272621.1	0	N/A	29.31	174	22	3.79e-06	52.8	terminal nucleotidyltransferase 4A isoform X1 [Homo sapiens]	TRUE	TENT4A
XP_004997314.1	XP_047272620.1	0	N/A	29.31	174	22	3.79e-06	52.8	terminal nucleotidyltransferase 4A isoform X1 [Homo sapiens]	TRUE	TENT4A
XP_004997314.1	XP_047272305.1	0	N/A	23.864	176	22	4.7e-06	53.1	terminal uridylyltransferase 4 isoform X17 [Homo sapiens]	TRUE	Tut4
XP_004997314.1	XP_047272290.1	0	N/A	23.864	176	22	4.95e-06	53.1	terminal uridylyltransferase 4 isoform X11 [Homo sapiens]	TRUE	Tut4
XP_004997314.1	XP_047272286.1	0	N/A	23.864	176	22	5.04e-06	53.1	terminal uridylyltransferase 4 isoform X8 [Homo sapiens]	TRUE	Tut4
XP_004997314.1	XP_047272295.1	0	N/A	23.864	176	22	5.39e-06	52.8	terminal uridylyltransferase 4 isoform X12 [Homo sapiens]	TRUE	Tut4
XP_004997314.1	XP_047272296.1	0	N/A	23.864	176	22	5.48e-06	52.8	terminal uridylyltransferase 4 isoform X13 [Homo sapiens]	TRUE	Tut4
XP_004997314.1	NP_008930.2	0	N/A	29.31	174	22	5.53e-06	52.8	terminal nucleotidyltransferase 4A isoform 1 [Homo sapiens]	TRUE	TENT4A
XP_004997314.1	XP_047272372.1	0	N/A	23.864	176	22	5.66e-06	52.8	terminal uridylyltransferase 4 isoform X42 [Homo sapiens]	TRUE	Tut4
XP_004997314.1	NP_001165276.2	0	N/A	29.31	174	22	5.72e-06	52.4	terminal nucleotidyltransferase 4A isoform 2 [Homo sapiens]	TRUE	TENT4A
XP_004997314.1	XP_047272344.1	0	N/A	23.864	176	22	5.88e-06	52.8	terminal uridylyltransferase 4 isoform X30 [Homo sapiens]	TRUE	Tut4
XP_004997314.1	XP_047272350.1	0	N/A	23.864	176	22	6.23e-06	52.8	terminal uridylyltransferase 4 isoform X34 [Homo sapiens]	TRUE	Tut4
XP_004997314.1	XP_047272283.1	0	N/A	24.051	158	19	7.21e-06	52.4	terminal uridylyltransferase 4 isoform X6 [Homo sapiens]	TRUE	Tut4
XP_004997314.1	XP_005270737.1	0	N/A	24.051	158	19	7.21e-06	52.4	terminal uridylyltransferase 4 isoform X6 [Homo sapiens]	TRUE	Tut4
XP_004997314.1	XP_047272288.1	0	N/A	24.051	158	19	7.44e-06	52.4	terminal uridylyltransferase 4 isoform X10 [Homo sapiens]	TRUE	Tut4
XP_004997314.1	XP_016856293.1	0	N/A	24.051	158	19	7.5e-06	52.4	terminal uridylyltransferase 4 isoform X16 [Homo sapiens]	TRUE	Tut4
XP_004997314.1	XP_047272365.1	0	N/A	24.051	158	19	7.7e-06	52.4	terminal uridylyltransferase 4 isoform X38 [Homo sapiens]	TRUE	Tut4
XP_004997314.1	XP_047272285.1	0	N/A	24.051	158	19	7.9e-06	52.4	terminal uridylyltransferase 4 isoform X7 [Homo sapiens]	TRUE	Tut4
XP_004997314.1	XP_047272280.1	0	N/A	24.051	158	19	7.92e-06	52.4	terminal uridylyltransferase 4 isoform X3 [Homo sapiens]	TRUE	Tut4
XP_004997314.1	XP_005270736.1	0	N/A	24.051	158	19	7.92e-06	52.4	terminal uridylyltransferase 4 isoform X3 [Homo sapiens]	TRUE	Tut4
XP_004997314.1	XP_005270735.1	0	N/A	24.051	158	19	7.92e-06	52.4	terminal uridylyltransferase 4 isoform X2 [Homo sapiens]	TRUE	Tut4
XP_004997314.1	XP_016856299.1	0	N/A	24.051	158	19	7.97e-06	52.4	terminal uridylyltransferase 4 isoform X40 [Homo sapiens]	TRUE	Tut4
XP_004997314.1	XP_047272282.1	0	N/A	24.051	158	19	7.98e-06	52.4	terminal uridylyltransferase 4 isoform X5 [Homo sapiens]	TRUE	Tut4
XP_004997314.1	NP_056084.1	0	N/A	24.051	158	19	7.98e-06	52.4	terminal uridylyltransferase 4 isoform b [Homo sapiens]	TRUE	Tut4
XP_004997314.1	XP_047272281.1	0	N/A	24.051	158	19	7.98e-06	52.4	terminal uridylyltransferase 4 isoform X4 [Homo sapiens]	TRUE	Tut4
XP_004997314.1	NP_001009881.1	0	N/A	24.051	158	19	7.98e-06	52.4	terminal uridylyltransferase 4 isoform a [Homo sapiens]	TRUE	Tut4
XP_004997314.1	XP_011539399.1	0	N/A	24.051	158	19	7.99e-06	52.4	terminal uridylyltransferase 4 isoform X1 [Homo sapiens]	TRUE	Tut4
XP_004997314.1	XP_005270733.1	0	N/A	24.051	158	19	7.99e-06	52.4	terminal uridylyltransferase 4 isoform X1 [Homo sapiens]	TRUE	Tut4
XP_004997314.1	XP_016856292.1	0	N/A	24.051	158	19	8.1e-06	52.4	terminal uridylyltransferase 4 isoform X9 [Homo sapiens]	TRUE	Tut4
XP_004997314.1	XP_016856297.1	0	N/A	24.051	158	19	8.61e-06	52.4	terminal uridylyltransferase 4 isoform X36 [Homo sapiens]	TRUE	Tut4
XP_004997314.1	XP_047272345.1	0	N/A	24.051	158	19	8.62e-06	52.4	terminal uridylyltransferase 4 isoform X31 [Homo sapiens]	TRUE	Tut4
XP_004997314.1	XP_047272337.1	0	N/A	24.051	158	19	8.79e-06	52	terminal uridylyltransferase 4 isoform X27 [Homo sapiens]	TRUE	Tut4
XP_004997314.1	XP_005270739.1	0	N/A	24.051	158	19	9.06e-06	52	terminal uridylyltransferase 4 isoform X33 [Homo sapiens]	TRUE	Tut4
XP_004997314.1	XP_016856295.1	0	N/A	24.051	158	19	9.09e-06	52	terminal uridylyltransferase 4 isoform X25 [Homo sapiens]	TRUE	Tut4
XP_004997314.1	XP_047272325.1	0	N/A	24.051	158	19	9.1e-06	52	terminal uridylyltransferase 4 isoform X23 [Homo sapiens]	TRUE	Tut4
XP_004997314.1	XP_016856296.1	0	N/A	24.051	158	19	9.4e-06	52	terminal uridylyltransferase 4 isoform X28 [Homo sapiens]	TRUE	Tut4
XP_004997314.1	XP_011539401.1	0	N/A	24.051	158	19	9.47e-06	52	terminal uridylyltransferase 4 isoform X29 [Homo sapiens]	TRUE	Tut4
XP_004997314.1	XP_047272384.1	0	N/A	24.051	158	19	1.1e-05	51.6	terminal uridylyltransferase 4 isoform X46 [Homo sapiens]	TRUE	Tut4
XP_004997314.1	XP_047272624.1	0	N/A	29.697	165	21	1.48e-05	50.8	terminal nucleotidyltransferase 4A isoform X3 [Homo sapiens]	TRUE	TENT4A
XP_004997314.1	XP_047272623.1	0	N/A	29.697	165	21	1.5e-05	50.8	terminal nucleotidyltransferase 4A isoform X2 [Homo sapiens]	TRUE	TENT4A
XP_004997314.1	XP_016864477.1	0	N/A	29.697	165	21	1.5e-05	50.8	terminal nucleotidyltransferase 4A isoform X2 [Homo sapiens]	TRUE	TENT4A
XP_004997314.1	XP_047272336.1	0	N/A	23.077	156	19	0.000101	48.5	terminal uridylyltransferase 4 isoform X26 [Homo sapiens]	TRUE	Tut4
XP_004997314.1	XP_016856294.1	0	N/A	23.077	156	19	0.000103	48.5	terminal uridylyltransferase 4 isoform X20 [Homo sapiens]	TRUE	Tut4
XP_004997314.1	XP_047272307.1	0	N/A	23.077	156	19	0.000107	48.5	terminal uridylyltransferase 4 isoform X19 [Homo sapiens]	TRUE	Tut4
XP_004997314.1	XP_047272373.1	0	N/A	23.077	156	19	0.000108	48.5	terminal uridylyltransferase 4 isoform X43 [Homo sapiens]	TRUE	Tut4
XP_004997314.1	XP_047272320.1	0	N/A	23.077	156	19	0.00011	48.5	terminal uridylyltransferase 4 isoform X22 [Homo sapiens]	TRUE	Tut4
XP_004997314.1	XP_047272327.1	0	N/A	23.077	156	19	0.000111	48.5	terminal uridylyltransferase 4 isoform X24 [Homo sapiens]	TRUE	Tut4
XP_004997314.1	XP_047272377.1	0	N/A	23.077	156	19	0.000111	48.5	terminal uridylyltransferase 4 isoform X44 [Homo sapiens]	TRUE	Tut4
XP_004997314.1	XP_005270738.1	0	N/A	23.077	156	19	0.000112	48.5	terminal uridylyltransferase 4 isoform X14 [Homo sapiens]	TRUE	Tut4
XP_004997314.1	XP_047272311.1	0	N/A	23.077	156	19	0.000112	48.5	terminal uridylyltransferase 4 isoform X21 [Homo sapiens]	TRUE	Tut4
XP_004997314.1	XP_047272303.1	0	N/A	23.077	156	19	0.000115	48.5	terminal uridylyltransferase 4 isoform X15 [Homo sapiens]	TRUE	Tut4
XP_004997314.1	XP_047272306.1	0	N/A	23.077	156	19	0.000118	48.5	terminal uridylyltransferase 4 isoform X18 [Homo sapiens]	TRUE	Tut4
XP_004997314.1	XP_047272367.1	0	N/A	23.077	156	19	0.000127	48.5	terminal uridylyltransferase 4 isoform X39 [Homo sapiens]	TRUE	Tut4
XP_004997314.1	XP_047272362.1	0	N/A	23.077	156	19	0.000132	48.1	terminal uridylyltransferase 4 isoform X37 [Homo sapiens]	TRUE	Tut4
XP_004997314.1	XP_047272354.1	0	N/A	23.077	156	19	0.00014	48.1	terminal uridylyltransferase 4 isoform X35 [Homo sapiens]	TRUE	Tut4
XP_004997314.1	XP_047272369.1	0	N/A	23.077	156	19	0.000141	48.1	terminal uridylyltransferase 4 isoform X41 [Homo sapiens]	TRUE	Tut4
XP_004997314.1	XP_047272348.1	0	N/A	23.077	156	19	0.000143	48.1	terminal uridylyltransferase 4 isoform X32 [Homo sapiens]	TRUE	Tut4
XP_004997314.1	NP_001375030.1	0	N/A	24.583	240	29	0.024	40.4	poly(A) RNA polymerase GLD2 isoform 9 [Homo sapiens]	TRUE	TENT2
XP_004997314.1	NP_001375061.1	0	N/A	24.473	237	29	0.038	40	poly(A) RNA polymerase GLD2 isoform 12 [Homo sapiens]	TRUE	TENT2
XP_004997314.1	NP_001375065.1	0	N/A	24.473	237	29	0.038	39.7	poly(A) RNA polymerase GLD2 isoform 14 [Homo sapiens]	TRUE	TENT2
XP_004997314.1	NP_001375059.1	0	N/A	24.473	237	29	0.041	39.7	poly(A) RNA polymerase GLD2 isoform 10 [Homo sapiens]	TRUE	TENT2
XP_004997314.1	XP_047272811.1	0	N/A	24.473	237	29	0.043	39.7	poly(A) RNA polymerase GLD2 isoform X4 [Homo sapiens]	TRUE	TENT2
XP_004997314.1	XP_047272810.1	0	N/A	24.473	237	29	0.043	39.7	poly(A) RNA polymerase GLD2 isoform X4 [Homo sapiens]	TRUE	TENT2
XP_004997314.1	XP_047272809.1	0	N/A	24.473	237	29	0.043	39.7	poly(A) RNA polymerase GLD2 isoform X4 [Homo sapiens]	TRUE	TENT2
XP_004997314.1	NP_001375058.1	0	N/A	24.473	237	29	0.043	39.7	poly(A) RNA polymerase GLD2 isoform 2 [Homo sapiens]	TRUE	TENT2
XP_004997314.1	NP_001375057.1	0	N/A	24.473	237	29	0.043	39.7	poly(A) RNA polymerase GLD2 isoform 2 [Homo sapiens]	TRUE	TENT2
XP_004997314.1	NP_001375056.1	0	N/A	24.473	237	29	0.043	39.7	poly(A) RNA polymerase GLD2 isoform 2 [Homo sapiens]	TRUE	TENT2
XP_004997314.1	NP_001375055.1	0	N/A	24.473	237	29	0.043	39.7	poly(A) RNA polymerase GLD2 isoform 2 [Homo sapiens]	TRUE	TENT2
XP_004997314.1	NP_001375054.1	0	N/A	24.473	237	29	0.043	39.7	poly(A) RNA polymerase GLD2 isoform 2 [Homo sapiens]	TRUE	TENT2
XP_004997314.1	NP_001375053.1	0	N/A	24.473	237	29	0.043	39.7	poly(A) RNA polymerase GLD2 isoform 2 [Homo sapiens]	TRUE	TENT2
XP_004997314.1	NP_001375052.1	0	N/A	24.473	237	29	0.043	39.7	poly(A) RNA polymerase GLD2 isoform 2 [Homo sapiens]	TRUE	TENT2
XP_004997314.1	NP_001375051.1	0	N/A	24.473	237	29	0.043	39.7	poly(A) RNA polymerase GLD2 isoform 2 [Homo sapiens]	TRUE	TENT2
XP_004997314.1	NP_001375050.1	0	N/A	24.473	237	29	0.043	39.7	poly(A) RNA polymerase GLD2 isoform 2 [Homo sapiens]	TRUE	TENT2
XP_004997314.1	NP_001375049.1	0	N/A	24.473	237	29	0.043	39.7	poly(A) RNA polymerase GLD2 isoform 2 [Homo sapiens]	TRUE	TENT2
XP_004997314.1	NP_001375048.1	0	N/A	24.473	237	29	0.043	39.7	poly(A) RNA polymerase GLD2 isoform 2 [Homo sapiens]	TRUE	TENT2
XP_004997314.1	NP_001375047.1	0	N/A	24.473	237	29	0.043	39.7	poly(A) RNA polymerase GLD2 isoform 2 [Homo sapiens]	TRUE	TENT2
XP_004997314.1	NP_001375046.1	0	N/A	24.473	237	29	0.043	39.7	poly(A) RNA polymerase GLD2 isoform 2 [Homo sapiens]	TRUE	TENT2
XP_004997314.1	NP_001375045.1	0	N/A	24.473	237	29	0.043	39.7	poly(A) RNA polymerase GLD2 isoform 2 [Homo sapiens]	TRUE	TENT2
XP_004997314.1	NP_001375044.1	0	N/A	24.473	237	29	0.043	39.7	poly(A) RNA polymerase GLD2 isoform 2 [Homo sapiens]	TRUE	TENT2
XP_004998234.1	XP_047290432.1	0	N/A	44.377	329	74	2.01e-82	268	terminal nucleotidyltransferase 4B isoform X4 [Homo sapiens]	TRUE	TENT4B
XP_004998234.1	NP_001352252.1	0	N/A	44.681	329	74	2.08e-82	269	terminal nucleotidyltransferase 4B isoform c [Homo sapiens]	TRUE	TENT4B
XP_004998234.1	XP_011521580.1	0	N/A	45.253	316	71	2.49e-82	264	terminal nucleotidyltransferase 4B isoform X5 [Homo sapiens]	TRUE	TENT4B
XP_004998234.1	XP_047290433.1	0	N/A	44.937	316	71	2.67e-82	263	terminal nucleotidyltransferase 4B isoform X6 [Homo sapiens]	TRUE	TENT4B
XP_004998234.1	NP_001035375.2	0	N/A	44.377	329	74	3.32e-82	267	terminal nucleotidyltransferase 4B isoform b [Homo sapiens]	TRUE	TENT4B
XP_004998234.1	NP_001035374.2	0	N/A	44.681	329	74	3.38e-82	268	terminal nucleotidyltransferase 4B isoform a [Homo sapiens]	TRUE	TENT4B
XP_004998234.1	XP_011521578.1	0	N/A	44.377	329	74	3.39e-82	267	terminal nucleotidyltransferase 4B isoform X2 [Homo sapiens]	TRUE	TENT4B
XP_004998234.1	XP_011521577.1	0	N/A	44.681	329	74	3.45e-82	268	terminal nucleotidyltransferase 4B isoform X1 [Homo sapiens]	TRUE	TENT4B
XP_004998234.1	XP_047290431.1	0	N/A	44.377	329	74	6.93e-82	266	terminal nucleotidyltransferase 4B isoform X3 [Homo sapiens]	TRUE	TENT4B
XP_004998234.1	NP_001352253.1	0	N/A	44.681	329	74	8.34e-82	268	terminal nucleotidyltransferase 4B isoform d [Homo sapiens]	TRUE	TENT4B
XP_004998234.1	NP_008930.2	0	N/A	43.636	330	74	8.4e-81	266	terminal nucleotidyltransferase 4A isoform 1 [Homo sapiens]	TRUE	TENT4A
XP_004998234.1	NP_001165276.2	0	N/A	43.636	330	74	8.61e-81	266	terminal nucleotidyltransferase 4A isoform 2 [Homo sapiens]	TRUE	TENT4A
XP_004998234.1	XP_047272622.1	0	N/A	43.092	304	68	1.56e-74	244	terminal nucleotidyltransferase 4A isoform X1 [Homo sapiens]	TRUE	TENT4A
XP_004998234.1	XP_047272621.1	0	N/A	43.092	304	68	1.56e-74	244	terminal nucleotidyltransferase 4A isoform X1 [Homo sapiens]	TRUE	TENT4A
XP_004998234.1	XP_047272620.1	0	N/A	43.092	304	68	1.56e-74	244	terminal nucleotidyltransferase 4A isoform X1 [Homo sapiens]	TRUE	TENT4A
XP_004998234.1	XP_047272623.1	0	N/A	43.051	295	66	2.29e-71	236	terminal nucleotidyltransferase 4A isoform X2 [Homo sapiens]	TRUE	TENT4A
XP_004998234.1	XP_016864477.1	0	N/A	43.051	295	66	2.29e-71	236	terminal nucleotidyltransferase 4A isoform X2 [Homo sapiens]	TRUE	TENT4A
XP_004998234.1	XP_047272624.1	0	N/A	43.051	295	66	2.63e-71	236	terminal nucleotidyltransferase 4A isoform X3 [Homo sapiens]	TRUE	TENT4A
XP_004998234.1	XP_047272362.1	0	N/A	23.795	332	72	5.58e-12	70.5	terminal uridylyltransferase 4 isoform X37 [Homo sapiens]	TRUE	Tut4
XP_004998234.1	XP_047272354.1	0	N/A	23.795	332	72	5.58e-12	70.5	terminal uridylyltransferase 4 isoform X35 [Homo sapiens]	TRUE	Tut4
XP_004998234.1	XP_047272325.1	0	N/A	23.795	332	72	5.66e-12	70.5	terminal uridylyltransferase 4 isoform X23 [Homo sapiens]	TRUE	Tut4
XP_004998234.1	XP_047272350.1	0	N/A	23.795	332	72	6.05e-12	70.5	terminal uridylyltransferase 4 isoform X34 [Homo sapiens]	TRUE	Tut4
XP_004998234.1	XP_047272348.1	0	N/A	23.795	332	72	6.05e-12	70.5	terminal uridylyltransferase 4 isoform X32 [Homo sapiens]	TRUE	Tut4
XP_004998234.1	XP_016856295.1	0	N/A	23.795	332	72	6.07e-12	70.5	terminal uridylyltransferase 4 isoform X25 [Homo sapiens]	TRUE	Tut4
XP_004998234.1	XP_047272367.1	0	N/A	23.795	332	72	6.09e-12	70.5	terminal uridylyltransferase 4 isoform X39 [Homo sapiens]	TRUE	Tut4
XP_004998234.1	XP_047272344.1	0	N/A	23.795	332	72	6.11e-12	70.5	terminal uridylyltransferase 4 isoform X30 [Homo sapiens]	TRUE	Tut4
XP_004998234.1	XP_016856296.1	0	N/A	23.795	332	72	6.18e-12	70.5	terminal uridylyltransferase 4 isoform X28 [Homo sapiens]	TRUE	Tut4
XP_004998234.1	XP_047272337.1	0	N/A	23.795	332	72	6.18e-12	70.5	terminal uridylyltransferase 4 isoform X27 [Homo sapiens]	TRUE	Tut4
XP_004998234.1	NP_001336477.1	0	N/A	25.824	182	35	2.11e-10	63.5	poly(A) RNA polymerase GLD2 isoform 4 [Homo sapiens]	TRUE	TENT2
XP_004998234.1	NP_001375061.1	0	N/A	22.695	282	56	4.27e-10	63.9	poly(A) RNA polymerase GLD2 isoform 12 [Homo sapiens]	TRUE	TENT2
XP_004998234.1	XP_047272820.1	0	N/A	25.824	182	35	4.77e-10	62.4	poly(A) RNA polymerase GLD2 isoform X11 [Homo sapiens]	TRUE	TENT2
XP_004998234.1	NP_001375059.1	0	N/A	22.695	282	56	4.92e-10	63.9	poly(A) RNA polymerase GLD2 isoform 10 [Homo sapiens]	TRUE	TENT2
XP_004998234.1	XP_047272811.1	0	N/A	22.695	282	56	5.07e-10	63.9	poly(A) RNA polymerase GLD2 isoform X4 [Homo sapiens]	TRUE	TENT2
XP_004998234.1	XP_047272810.1	0	N/A	22.695	282	56	5.07e-10	63.9	poly(A) RNA polymerase GLD2 isoform X4 [Homo sapiens]	TRUE	TENT2
XP_004998234.1	XP_047272809.1	0	N/A	22.695	282	56	5.07e-10	63.9	poly(A) RNA polymerase GLD2 isoform X4 [Homo sapiens]	TRUE	TENT2
XP_004998234.1	NP_001375058.1	0	N/A	22.695	282	56	5.07e-10	63.9	poly(A) RNA polymerase GLD2 isoform 2 [Homo sapiens]	TRUE	TENT2
XP_004998234.1	NP_001375057.1	0	N/A	22.695	282	56	5.07e-10	63.9	poly(A) RNA polymerase GLD2 isoform 2 [Homo sapiens]	TRUE	TENT2
XP_004998234.1	NP_001375056.1	0	N/A	22.695	282	56	5.07e-10	63.9	poly(A) RNA polymerase GLD2 isoform 2 [Homo sapiens]	TRUE	TENT2
XP_004998234.1	NP_001375055.1	0	N/A	22.695	282	56	5.07e-10	63.9	poly(A) RNA polymerase GLD2 isoform 2 [Homo sapiens]	TRUE	TENT2
XP_004998234.1	NP_001375054.1	0	N/A	22.695	282	56	5.07e-10	63.9	poly(A) RNA polymerase GLD2 isoform 2 [Homo sapiens]	TRUE	TENT2
XP_004998234.1	NP_001375053.1	0	N/A	22.695	282	56	5.07e-10	63.9	poly(A) RNA polymerase GLD2 isoform 2 [Homo sapiens]	TRUE	TENT2
XP_004998234.1	NP_001375052.1	0	N/A	22.695	282	56	5.07e-10	63.9	poly(A) RNA polymerase GLD2 isoform 2 [Homo sapiens]	TRUE	TENT2
XP_004998234.1	NP_001375051.1	0	N/A	22.695	282	56	5.07e-10	63.9	poly(A) RNA polymerase GLD2 isoform 2 [Homo sapiens]	TRUE	TENT2
XP_004998234.1	NP_001375050.1	0	N/A	22.695	282	56	5.07e-10	63.9	poly(A) RNA polymerase GLD2 isoform 2 [Homo sapiens]	TRUE	TENT2
XP_004998234.1	NP_001375049.1	0	N/A	22.695	282	56	5.07e-10	63.9	poly(A) RNA polymerase GLD2 isoform 2 [Homo sapiens]	TRUE	TENT2
XP_004998234.1	NP_001375048.1	0	N/A	22.695	282	56	5.07e-10	63.9	poly(A) RNA polymerase GLD2 isoform 2 [Homo sapiens]	TRUE	TENT2
XP_004998234.1	NP_001375047.1	0	N/A	22.695	282	56	5.07e-10	63.9	poly(A) RNA polymerase GLD2 isoform 2 [Homo sapiens]	TRUE	TENT2
XP_004998234.1	NP_001375046.1	0	N/A	22.695	282	56	5.07e-10	63.9	poly(A) RNA polymerase GLD2 isoform 2 [Homo sapiens]	TRUE	TENT2
XP_004998234.1	NP_001375045.1	0	N/A	22.695	282	56	5.07e-10	63.9	poly(A) RNA polymerase GLD2 isoform 2 [Homo sapiens]	TRUE	TENT2
XP_004998234.1	NP_001375044.1	0	N/A	22.695	282	56	5.07e-10	63.9	poly(A) RNA polymerase GLD2 isoform 2 [Homo sapiens]	TRUE	TENT2
XP_004998234.1	NP_001375043.1	0	N/A	22.695	282	56	5.07e-10	63.9	poly(A) RNA polymerase GLD2 isoform 2 [Homo sapiens]	TRUE	TENT2
XP_004998234.1	NP_001336483.1	0	N/A	22.695	282	56	5.07e-10	63.9	poly(A) RNA polymerase GLD2 isoform 2 [Homo sapiens]	TRUE	TENT2
XP_004998234.1	NP_001284673.1	0	N/A	22.695	282	56	5.07e-10	63.9	poly(A) RNA polymerase GLD2 isoform 2 [Homo sapiens]	TRUE	TENT2
XP_004998234.1	NP_001375065.1	0	N/A	22.695	282	56	5.52e-10	63.2	poly(A) RNA polymerase GLD2 isoform 14 [Homo sapiens]	TRUE	TENT2
XP_004998234.1	NP_001375060.1	0	N/A	25.824	182	35	1.03e-09	62.8	poly(A) RNA polymerase GLD2 isoform 11 [Homo sapiens]	TRUE	TENT2
XP_004998234.1	XP_047272805.1	0	N/A	25.824	182	35	1.15e-09	62.8	poly(A) RNA polymerase GLD2 isoform X2 [Homo sapiens]	TRUE	TENT2
XP_004998234.1	XP_047272804.1	0	N/A	25.824	182	35	1.15e-09	62.8	poly(A) RNA polymerase GLD2 isoform X2 [Homo sapiens]	TRUE	TENT2
XP_004998234.1	XP_047272803.1	0	N/A	25.824	182	35	1.15e-09	62.8	poly(A) RNA polymerase GLD2 isoform X2 [Homo sapiens]	TRUE	TENT2
XP_004998234.1	XP_047272802.1	0	N/A	25.824	182	35	1.15e-09	62.8	poly(A) RNA polymerase GLD2 isoform X2 [Homo sapiens]	TRUE	TENT2
XP_004998234.1	XP_016864641.1	0	N/A	25.824	182	35	1.15e-09	62.8	poly(A) RNA polymerase GLD2 isoform X2 [Homo sapiens]	TRUE	TENT2
XP_004998234.1	NP_001375026.1	0	N/A	25.824	182	35	1.15e-09	62.8	poly(A) RNA polymerase GLD2 isoform 6 [Homo sapiens]	TRUE	TENT2
XP_004998234.1	NP_001375025.1	0	N/A	25.824	182	35	1.15e-09	62.8	poly(A) RNA polymerase GLD2 isoform 6 [Homo sapiens]	TRUE	TENT2
XP_004998234.1	NP_001375024.1	0	N/A	25.824	182	35	1.15e-09	62.8	poly(A) RNA polymerase GLD2 isoform 6 [Homo sapiens]	TRUE	TENT2
XP_004998234.1	NP_001336480.1	0	N/A	25.824	182	35	1.15e-09	62.8	poly(A) RNA polymerase GLD2 isoform 6 [Homo sapiens]	TRUE	TENT2
XP_004998234.1	NP_001375027.1	0	N/A	25.824	182	35	1.29e-09	62.4	poly(A) RNA polymerase GLD2 isoform 7 [Homo sapiens]	TRUE	TENT2
XP_004998234.1	XP_047272808.1	0	N/A	25.824	182	35	1.33e-09	62.4	poly(A) RNA polymerase GLD2 isoform X3 [Homo sapiens]	TRUE	TENT2
XP_004998234.1	XP_047272807.1	0	N/A	25.824	182	35	1.33e-09	62.4	poly(A) RNA polymerase GLD2 isoform X3 [Homo sapiens]	TRUE	TENT2
XP_004998234.1	XP_047272806.1	0	N/A	25.824	182	35	1.33e-09	62.4	poly(A) RNA polymerase GLD2 isoform X3 [Homo sapiens]	TRUE	TENT2
XP_004998234.1	NP_776158.2	0	N/A	25.824	182	35	1.33e-09	62.4	poly(A) RNA polymerase GLD2 isoform 1 [Homo sapiens]	TRUE	TENT2
XP_004998234.1	NP_001375041.1	0	N/A	25.824	182	35	1.33e-09	62.4	poly(A) RNA polymerase GLD2 isoform 1 [Homo sapiens]	TRUE	TENT2
XP_004998234.1	NP_001375040.1	0	N/A	25.824	182	35	1.33e-09	62.4	poly(A) RNA polymerase GLD2 isoform 1 [Homo sapiens]	TRUE	TENT2
XP_004998234.1	NP_001375039.1	0	N/A	25.824	182	35	1.33e-09	62.4	poly(A) RNA polymerase GLD2 isoform 1 [Homo sapiens]	TRUE	TENT2
XP_004998234.1	NP_001375038.1	0	N/A	25.824	182	35	1.33e-09	62.4	poly(A) RNA polymerase GLD2 isoform 1 [Homo sapiens]	TRUE	TENT2
XP_004998234.1	NP_001375037.1	0	N/A	25.824	182	35	1.33e-09	62.4	poly(A) RNA polymerase GLD2 isoform 1 [Homo sapiens]	TRUE	TENT2
XP_004998234.1	NP_001375036.1	0	N/A	25.824	182	35	1.33e-09	62.4	poly(A) RNA polymerase GLD2 isoform 1 [Homo sapiens]	TRUE	TENT2
XP_004998234.1	NP_001375035.1	0	N/A	25.824	182	35	1.33e-09	62.4	poly(A) RNA polymerase GLD2 isoform 1 [Homo sapiens]	TRUE	TENT2
XP_004998234.1	NP_001375034.1	0	N/A	25.824	182	35	1.33e-09	62.4	poly(A) RNA polymerase GLD2 isoform 1 [Homo sapiens]	TRUE	TENT2
XP_004998234.1	NP_001375032.1	0	N/A	25.824	182	35	1.33e-09	62.4	poly(A) RNA polymerase GLD2 isoform 1 [Homo sapiens]	TRUE	TENT2
XP_004998234.1	NP_001375031.1	0	N/A	25.824	182	35	1.33e-09	62.4	poly(A) RNA polymerase GLD2 isoform 1 [Homo sapiens]	TRUE	TENT2
XP_004998234.1	NP_001336482.1	0	N/A	25.824	182	35	1.33e-09	62.4	poly(A) RNA polymerase GLD2 isoform 1 [Homo sapiens]	TRUE	TENT2
XP_004998234.1	NP_001336481.1	0	N/A	25.824	182	35	1.33e-09	62.4	poly(A) RNA polymerase GLD2 isoform 1 [Homo sapiens]	TRUE	TENT2
XP_004998234.1	NP_001107866.1	0	N/A	25.824	182	35	1.33e-09	62.4	poly(A) RNA polymerase GLD2 isoform 1 [Homo sapiens]	TRUE	TENT2
XP_004998234.1	NP_001107865.1	0	N/A	25.824	182	35	1.33e-09	62.4	poly(A) RNA polymerase GLD2 isoform 1 [Homo sapiens]	TRUE	TENT2
XP_004998234.1	NP_001375042.1	0	N/A	25.824	182	35	1.44e-09	62.4	poly(A) RNA polymerase GLD2 isoform 16 [Homo sapiens]	TRUE	TENT2
XP_004998234.1	XP_047272801.1	0	N/A	25.824	182	35	1.46e-09	62.4	poly(A) RNA polymerase GLD2 isoform X1 [Homo sapiens]	TRUE	TENT2
XP_004998234.1	XP_047272800.1	0	N/A	25.824	182	35	1.46e-09	62.4	poly(A) RNA polymerase GLD2 isoform X1 [Homo sapiens]	TRUE	TENT2
XP_004998234.1	XP_011541527.1	0	N/A	25.824	182	35	1.46e-09	62.4	poly(A) RNA polymerase GLD2 isoform X1 [Homo sapiens]	TRUE	TENT2
XP_004998234.1	XP_011541526.1	0	N/A	25.824	182	35	1.46e-09	62.4	poly(A) RNA polymerase GLD2 isoform X1 [Homo sapiens]	TRUE	TENT2
XP_004998234.1	XP_011541523.1	0	N/A	25.824	182	35	1.46e-09	62.4	poly(A) RNA polymerase GLD2 isoform X1 [Homo sapiens]	TRUE	TENT2
XP_004998234.1	XP_011541522.1	0	N/A	25.824	182	35	1.46e-09	62.4	poly(A) RNA polymerase GLD2 isoform X1 [Homo sapiens]	TRUE	TENT2
XP_004998234.1	NP_001375023.1	0	N/A	25.824	182	35	1.46e-09	62.4	poly(A) RNA polymerase GLD2 isoform 5 [Homo sapiens]	TRUE	TENT2
XP_004998234.1	NP_001375022.1	0	N/A	25.824	182	35	1.46e-09	62.4	poly(A) RNA polymerase GLD2 isoform 5 [Homo sapiens]	TRUE	TENT2
XP_004998234.1	NP_001336479.1	0	N/A	25.824	182	35	1.46e-09	62.4	poly(A) RNA polymerase GLD2 isoform 5 [Homo sapiens]	TRUE	TENT2
XP_004998234.1	NP_001336478.1	0	N/A	25.824	182	35	1.46e-09	62.4	poly(A) RNA polymerase GLD2 isoform 5 [Homo sapiens]	TRUE	TENT2
XP_004998234.1	NP_001375030.1	0	N/A	25.824	182	35	1.56e-09	62.4	poly(A) RNA polymerase GLD2 isoform 9 [Homo sapiens]	TRUE	TENT2
XP_004998234.1	NP_001375029.1	0	N/A	25.824	182	35	1.81e-09	62	poly(A) RNA polymerase GLD2 isoform 8 [Homo sapiens]	TRUE	TENT2
XP_004998234.1	NP_001375028.1	0	N/A	25.824	182	35	1.81e-09	62	poly(A) RNA polymerase GLD2 isoform 8 [Homo sapiens]	TRUE	TENT2
XP_004998234.1	XP_047272818.1	0	N/A	34.118	85	20	2.06e-09	61.2	poly(A) RNA polymerase GLD2 isoform X10 [Homo sapiens]	TRUE	TENT2
XP_004998234.1	XP_047272817.1	0	N/A	34.118	85	20	2.34e-09	61.2	poly(A) RNA polymerase GLD2 isoform X9 [Homo sapiens]	TRUE	TENT2
XP_004998234.1	XP_047272816.1	0	N/A	34.118	85	20	2.51e-09	61.2	poly(A) RNA polymerase GLD2 isoform X8 [Homo sapiens]	TRUE	TENT2
XP_005539526.1	NP_001317647.1	0	N/A	30.164	305	44	1.18e-29	127	terminal uridylyltransferase 7 isoform 3 [Homo sapiens]	TRUE	Tut7
XP_005539526.1	XP_047279823.1	0	N/A	30.164	305	44	2.69e-29	127	terminal uridylyltransferase 7 isoform X2 [Homo sapiens]	TRUE	Tut7
XP_005539526.1	XP_006717346.1	0	N/A	30.164	305	44	2.69e-29	127	terminal uridylyltransferase 7 isoform X2 [Homo sapiens]	TRUE	Tut7
XP_005539526.1	XP_016870620.1	0	N/A	30.164	305	44	3e-29	127	terminal uridylyltransferase 7 isoform X4 [Homo sapiens]	TRUE	Tut7
XP_005539526.1	XP_016870619.1	0	N/A	30.164	305	44	3e-29	127	terminal uridylyltransferase 7 isoform X4 [Homo sapiens]	TRUE	Tut7
XP_005539526.1	NP_078893.2	0	N/A	30.164	305	44	3e-29	127	terminal uridylyltransferase 7 isoform 1 [Homo sapiens]	TRUE	Tut7
XP_005539526.1	NP_001171988.1	0	N/A	30.164	305	44	3e-29	127	terminal uridylyltransferase 7 isoform 1 [Homo sapiens]	TRUE	Tut7
XP_005539526.1	XP_047279825.1	0	N/A	30.164	305	44	3.26e-29	127	terminal uridylyltransferase 7 isoform X6 [Homo sapiens]	TRUE	Tut7
XP_005539526.1	XP_047279824.1	0	N/A	30.164	305	44	3.26e-29	127	terminal uridylyltransferase 7 isoform X6 [Homo sapiens]	TRUE	Tut7
XP_005539526.1	XP_005252264.1	0	N/A	30.164	305	44	3.26e-29	127	terminal uridylyltransferase 7 isoform X6 [Homo sapiens]	TRUE	Tut7
XP_005539526.1	XP_011517317.1	0	N/A	30.164	305	44	3.26e-29	127	terminal uridylyltransferase 7 isoform X3 [Homo sapiens]	TRUE	Tut7
XP_005539526.1	XP_011517318.1	0	N/A	30.164	305	44	3.7e-29	127	terminal uridylyltransferase 7 isoform X5 [Homo sapiens]	TRUE	Tut7
XP_005539526.1	XP_005252265.1	0	N/A	30.164	305	44	4.72e-29	126	terminal uridylyltransferase 7 isoform X7 [Homo sapiens]	TRUE	Tut7
XP_005539526.1	XP_011517316.1	0	N/A	30.164	305	44	5.45e-29	126	terminal uridylyltransferase 7 isoform X1 [Homo sapiens]	TRUE	Tut7
XP_005539526.1	XP_011517315.1	0	N/A	30.164	305	44	5.45e-29	126	terminal uridylyltransferase 7 isoform X1 [Homo sapiens]	TRUE	Tut7
XP_005539526.1	XP_011517314.1	0	N/A	30.164	305	44	5.45e-29	126	terminal uridylyltransferase 7 isoform X1 [Homo sapiens]	TRUE	Tut7
XP_005539526.1	XP_011517313.1	0	N/A	30.164	305	44	5.45e-29	126	terminal uridylyltransferase 7 isoform X1 [Homo sapiens]	TRUE	Tut7
XP_005539526.1	NP_001172003.1	0	N/A	33.028	218	31	1.89e-25	115	terminal uridylyltransferase 7 isoform 2 [Homo sapiens]	TRUE	Tut7
XP_005539526.1	NP_001336477.1	0	N/A	34.783	184	27	7.81e-24	103	poly(A) RNA polymerase GLD2 isoform 4 [Homo sapiens]	TRUE	TENT2
XP_005539526.1	XP_047272820.1	0	N/A	34.783	184	27	1.75e-23	102	poly(A) RNA polymerase GLD2 isoform X11 [Homo sapiens]	TRUE	TENT2
XP_005539526.1	XP_047272305.1	0	N/A	27.536	276	40	1.78e-23	108	terminal uridylyltransferase 4 isoform X17 [Homo sapiens]	TRUE	Tut4
XP_005539526.1	XP_047272295.1	0	N/A	27.536	276	40	1.8e-23	108	terminal uridylyltransferase 4 isoform X12 [Homo sapiens]	TRUE	Tut4
XP_005539526.1	XP_047272296.1	0	N/A	27.536	276	40	1.81e-23	108	terminal uridylyltransferase 4 isoform X13 [Homo sapiens]	TRUE	Tut4
XP_005539526.1	XP_047272372.1	0	N/A	27.536	276	40	1.83e-23	108	terminal uridylyltransferase 4 isoform X42 [Homo sapiens]	TRUE	Tut4
XP_005539526.1	XP_047272290.1	0	N/A	27.536	276	40	2.29e-23	108	terminal uridylyltransferase 4 isoform X11 [Homo sapiens]	TRUE	Tut4
XP_005539526.1	XP_047272286.1	0	N/A	27.536	276	40	2.42e-23	108	terminal uridylyltransferase 4 isoform X8 [Homo sapiens]	TRUE	Tut4
XP_005539526.1	XP_047272350.1	0	N/A	27.536	276	40	2.54e-23	108	terminal uridylyltransferase 4 isoform X34 [Homo sapiens]	TRUE	Tut4
XP_005539526.1	XP_047272344.1	0	N/A	27.536	276	40	3.17e-23	108	terminal uridylyltransferase 4 isoform X30 [Homo sapiens]	TRUE	Tut4
XP_005539526.1	XP_047272808.1	0	N/A	29.344	259	39	4.1e-23	105	poly(A) RNA polymerase GLD2 isoform X3 [Homo sapiens]	TRUE	TENT2
XP_005539526.1	XP_047272807.1	0	N/A	29.344	259	39	4.1e-23	105	poly(A) RNA polymerase GLD2 isoform X3 [Homo sapiens]	TRUE	TENT2
XP_005539526.1	XP_047272806.1	0	N/A	29.344	259	39	4.1e-23	105	poly(A) RNA polymerase GLD2 isoform X3 [Homo sapiens]	TRUE	TENT2
XP_005539526.1	NP_776158.2	0	N/A	29.344	259	39	4.1e-23	105	poly(A) RNA polymerase GLD2 isoform 1 [Homo sapiens]	TRUE	TENT2
XP_005539526.1	NP_001375041.1	0	N/A	29.344	259	39	4.1e-23	105	poly(A) RNA polymerase GLD2 isoform 1 [Homo sapiens]	TRUE	TENT2
XP_005539526.1	NP_001375040.1	0	N/A	29.344	259	39	4.1e-23	105	poly(A) RNA polymerase GLD2 isoform 1 [Homo sapiens]	TRUE	TENT2
XP_005539526.1	NP_001375039.1	0	N/A	29.344	259	39	4.1e-23	105	poly(A) RNA polymerase GLD2 isoform 1 [Homo sapiens]	TRUE	TENT2
XP_005539526.1	NP_001375038.1	0	N/A	29.344	259	39	4.1e-23	105	poly(A) RNA polymerase GLD2 isoform 1 [Homo sapiens]	TRUE	TENT2
XP_005539526.1	NP_001375037.1	0	N/A	29.344	259	39	4.1e-23	105	poly(A) RNA polymerase GLD2 isoform 1 [Homo sapiens]	TRUE	TENT2
XP_005539526.1	NP_001375036.1	0	N/A	29.344	259	39	4.1e-23	105	poly(A) RNA polymerase GLD2 isoform 1 [Homo sapiens]	TRUE	TENT2
XP_005539526.1	NP_001375035.1	0	N/A	29.344	259	39	4.1e-23	105	poly(A) RNA polymerase GLD2 isoform 1 [Homo sapiens]	TRUE	TENT2
XP_005539526.1	NP_001375034.1	0	N/A	29.344	259	39	4.1e-23	105	poly(A) RNA polymerase GLD2 isoform 1 [Homo sapiens]	TRUE	TENT2
XP_005539526.1	NP_001375032.1	0	N/A	29.344	259	39	4.1e-23	105	poly(A) RNA polymerase GLD2 isoform 1 [Homo sapiens]	TRUE	TENT2
XP_005539526.1	NP_001375031.1	0	N/A	29.344	259	39	4.1e-23	105	poly(A) RNA polymerase GLD2 isoform 1 [Homo sapiens]	TRUE	TENT2
XP_005539526.1	NP_001336482.1	0	N/A	29.344	259	39	4.1e-23	105	poly(A) RNA polymerase GLD2 isoform 1 [Homo sapiens]	TRUE	TENT2
XP_005539526.1	NP_001336481.1	0	N/A	29.344	259	39	4.1e-23	105	poly(A) RNA polymerase GLD2 isoform 1 [Homo sapiens]	TRUE	TENT2
XP_005539526.1	NP_001107866.1	0	N/A	29.344	259	39	4.1e-23	105	poly(A) RNA polymerase GLD2 isoform 1 [Homo sapiens]	TRUE	TENT2
XP_005539526.1	NP_001107865.1	0	N/A	29.344	259	39	4.1e-23	105	poly(A) RNA polymerase GLD2 isoform 1 [Homo sapiens]	TRUE	TENT2
XP_005539526.1	NP_001375060.1	0	N/A	29.344	259	39	4.2e-23	105	poly(A) RNA polymerase GLD2 isoform 11 [Homo sapiens]	TRUE	TENT2
XP_005539526.1	XP_047272288.1	0	N/A	27.715	267	39	4.84e-23	107	terminal uridylyltransferase 4 isoform X10 [Homo sapiens]	TRUE	Tut4
XP_005539526.1	NP_001375042.1	0	N/A	29.344	259	39	4.88e-23	105	poly(A) RNA polymerase GLD2 isoform 16 [Homo sapiens]	TRUE	TENT2
XP_005539526.1	XP_016856293.1	0	N/A	27.715	267	39	4.96e-23	107	terminal uridylyltransferase 4 isoform X16 [Homo sapiens]	TRUE	Tut4
XP_005539526.1	XP_016856292.1	0	N/A	27.715	267	39	5.37e-23	107	terminal uridylyltransferase 4 isoform X9 [Homo sapiens]	TRUE	Tut4
XP_005539526.1	NP_001375065.1	0	N/A	29.73	259	39	5.47e-23	103	poly(A) RNA polymerase GLD2 isoform 14 [Homo sapiens]	TRUE	TENT2
XP_005539526.1	XP_047272283.1	0	N/A	27.715	267	39	5.88e-23	107	terminal uridylyltransferase 4 isoform X6 [Homo sapiens]	TRUE	Tut4
XP_005539526.1	XP_005270737.1	0	N/A	27.715	267	39	5.88e-23	107	terminal uridylyltransferase 4 isoform X6 [Homo sapiens]	TRUE	Tut4
XP_005539526.1	XP_016856299.1	0	N/A	27.715	267	39	5.99e-23	107	terminal uridylyltransferase 4 isoform X40 [Homo sapiens]	TRUE	Tut4
XP_005539526.1	XP_047272285.1	0	N/A	27.715	267	39	6.02e-23	107	terminal uridylyltransferase 4 isoform X7 [Homo sapiens]	TRUE	Tut4
XP_005539526.1	XP_047272282.1	0	N/A	27.715	267	39	6.31e-23	107	terminal uridylyltransferase 4 isoform X5 [Homo sapiens]	TRUE	Tut4
XP_005539526.1	NP_056084.1	0	N/A	27.715	267	39	6.31e-23	107	terminal uridylyltransferase 4 isoform b [Homo sapiens]	TRUE	Tut4
XP_005539526.1	XP_047272281.1	0	N/A	27.715	267	39	6.65e-23	107	terminal uridylyltransferase 4 isoform X4 [Homo sapiens]	TRUE	Tut4
XP_005539526.1	NP_001009881.1	0	N/A	27.715	267	39	6.65e-23	107	terminal uridylyltransferase 4 isoform a [Homo sapiens]	TRUE	Tut4
XP_005539526.1	XP_047272365.1	0	N/A	27.715	267	39	6.77e-23	107	terminal uridylyltransferase 4 isoform X38 [Homo sapiens]	TRUE	Tut4
XP_005539526.1	XP_005270739.1	0	N/A	27.715	267	39	7.46e-23	107	terminal uridylyltransferase 4 isoform X33 [Homo sapiens]	TRUE	Tut4
XP_005539526.1	XP_047272811.1	0	N/A	29.73	259	39	7.77e-23	104	poly(A) RNA polymerase GLD2 isoform X4 [Homo sapiens]	TRUE	TENT2
XP_005539526.1	XP_047272810.1	0	N/A	29.73	259	39	7.77e-23	104	poly(A) RNA polymerase GLD2 isoform X4 [Homo sapiens]	TRUE	TENT2
XP_005539526.1	XP_047272809.1	0	N/A	29.73	259	39	7.77e-23	104	poly(A) RNA polymerase GLD2 isoform X4 [Homo sapiens]	TRUE	TENT2
XP_005539526.1	NP_001375058.1	0	N/A	29.73	259	39	7.77e-23	104	poly(A) RNA polymerase GLD2 isoform 2 [Homo sapiens]	TRUE	TENT2
XP_005539526.1	NP_001375057.1	0	N/A	29.73	259	39	7.77e-23	104	poly(A) RNA polymerase GLD2 isoform 2 [Homo sapiens]	TRUE	TENT2
XP_005539526.1	NP_001375056.1	0	N/A	29.73	259	39	7.77e-23	104	poly(A) RNA polymerase GLD2 isoform 2 [Homo sapiens]	TRUE	TENT2
XP_005539526.1	NP_001375055.1	0	N/A	29.73	259	39	7.77e-23	104	poly(A) RNA polymerase GLD2 isoform 2 [Homo sapiens]	TRUE	TENT2
XP_005539526.1	NP_001375054.1	0	N/A	29.73	259	39	7.77e-23	104	poly(A) RNA polymerase GLD2 isoform 2 [Homo sapiens]	TRUE	TENT2
XP_005539526.1	NP_001375053.1	0	N/A	29.73	259	39	7.77e-23	104	poly(A) RNA polymerase GLD2 isoform 2 [Homo sapiens]	TRUE	TENT2
XP_005539526.1	NP_001375052.1	0	N/A	29.73	259	39	7.77e-23	104	poly(A) RNA polymerase GLD2 isoform 2 [Homo sapiens]	TRUE	TENT2
XP_005539526.1	NP_001375051.1	0	N/A	29.73	259	39	7.77e-23	104	poly(A) RNA polymerase GLD2 isoform 2 [Homo sapiens]	TRUE	TENT2
XP_005539526.1	NP_001375050.1	0	N/A	29.73	259	39	7.77e-23	104	poly(A) RNA polymerase GLD2 isoform 2 [Homo sapiens]	TRUE	TENT2
XP_005539526.1	NP_001375049.1	0	N/A	29.73	259	39	7.77e-23	104	poly(A) RNA polymerase GLD2 isoform 2 [Homo sapiens]	TRUE	TENT2
XP_005539526.1	NP_001375048.1	0	N/A	29.73	259	39	7.77e-23	104	poly(A) RNA polymerase GLD2 isoform 2 [Homo sapiens]	TRUE	TENT2
XP_005539526.1	NP_001375047.1	0	N/A	29.73	259	39	7.77e-23	104	poly(A) RNA polymerase GLD2 isoform 2 [Homo sapiens]	TRUE	TENT2
XP_005539526.1	NP_001375046.1	0	N/A	29.73	259	39	7.77e-23	104	poly(A) RNA polymerase GLD2 isoform 2 [Homo sapiens]	TRUE	TENT2
XP_005539526.1	NP_001375045.1	0	N/A	29.73	259	39	7.77e-23	104	poly(A) RNA polymerase GLD2 isoform 2 [Homo sapiens]	TRUE	TENT2
XP_005539526.1	NP_001375044.1	0	N/A	29.73	259	39	7.77e-23	104	poly(A) RNA polymerase GLD2 isoform 2 [Homo sapiens]	TRUE	TENT2
XP_005539526.1	NP_001375043.1	0	N/A	29.73	259	39	7.77e-23	104	poly(A) RNA polymerase GLD2 isoform 2 [Homo sapiens]	TRUE	TENT2
XP_005539526.1	NP_001336483.1	0	N/A	29.73	259	39	7.77e-23	104	poly(A) RNA polymerase GLD2 isoform 2 [Homo sapiens]	TRUE	TENT2
XP_005539526.1	NP_001284673.1	0	N/A	29.73	259	39	7.77e-23	104	poly(A) RNA polymerase GLD2 isoform 2 [Homo sapiens]	TRUE	TENT2
XP_005539526.1	NP_001375061.1	0	N/A	29.73	259	39	7.8e-23	104	poly(A) RNA polymerase GLD2 isoform 12 [Homo sapiens]	TRUE	TENT2
XP_005539526.1	XP_016856297.1	0	N/A	27.715	267	39	7.99e-23	107	terminal uridylyltransferase 4 isoform X36 [Homo sapiens]	TRUE	Tut4
XP_005539526.1	XP_047272280.1	0	N/A	27.715	267	39	8.05e-23	107	terminal uridylyltransferase 4 isoform X3 [Homo sapiens]	TRUE	Tut4
XP_005539526.1	XP_005270736.1	0	N/A	27.715	267	39	8.05e-23	107	terminal uridylyltransferase 4 isoform X3 [Homo sapiens]	TRUE	Tut4
XP_005539526.1	NP_001375059.1	0	N/A	29.73	259	39	8.36e-23	104	poly(A) RNA polymerase GLD2 isoform 10 [Homo sapiens]	TRUE	TENT2
XP_005539526.1	XP_016856296.1	0	N/A	27.715	267	39	8.56e-23	107	terminal uridylyltransferase 4 isoform X28 [Homo sapiens]	TRUE	Tut4
XP_005539526.1	XP_047272345.1	0	N/A	27.715	267	39	8.67e-23	107	terminal uridylyltransferase 4 isoform X31 [Homo sapiens]	TRUE	Tut4
XP_005539526.1	XP_005270735.1	0	N/A	27.715	267	39	8.72e-23	107	terminal uridylyltransferase 4 isoform X2 [Homo sapiens]	TRUE	Tut4
XP_005539526.1	XP_011539399.1	0	N/A	27.715	267	39	9.03e-23	106	terminal uridylyltransferase 4 isoform X1 [Homo sapiens]	TRUE	Tut4
XP_005539526.1	XP_005270733.1	0	N/A	27.715	267	39	9.03e-23	106	terminal uridylyltransferase 4 isoform X1 [Homo sapiens]	TRUE	Tut4
XP_005539526.1	XP_011539401.1	0	N/A	27.715	267	39	9.46e-23	106	terminal uridylyltransferase 4 isoform X29 [Homo sapiens]	TRUE	Tut4
XP_005539526.1	XP_047272337.1	0	N/A	27.715	267	39	9.59e-23	106	terminal uridylyltransferase 4 isoform X27 [Homo sapiens]	TRUE	Tut4
XP_005539526.1	XP_016856295.1	0	N/A	27.715	267	39	9.6e-23	106	terminal uridylyltransferase 4 isoform X25 [Homo sapiens]	TRUE	Tut4
XP_005539526.1	NP_001375029.1	0	N/A	29.412	255	38	1.11e-22	104	poly(A) RNA polymerase GLD2 isoform 8 [Homo sapiens]	TRUE	TENT2
XP_005539526.1	NP_001375028.1	0	N/A	29.412	255	38	1.11e-22	104	poly(A) RNA polymerase GLD2 isoform 8 [Homo sapiens]	TRUE	TENT2
XP_005539526.1	XP_047272325.1	0	N/A	27.715	267	39	1.14e-22	106	terminal uridylyltransferase 4 isoform X23 [Homo sapiens]	TRUE	Tut4
XP_005539526.1	XP_047272805.1	0	N/A	34.783	184	27	1.89e-22	103	poly(A) RNA polymerase GLD2 isoform X2 [Homo sapiens]	TRUE	TENT2
XP_005711485.1	NP_060579.3	0	N/A	25.116	215	34	8.44e-13	73.6	poly(A) RNA polymerase, mitochondrial precursor [Homo sapiens]	TRUE	mtPAP
XP_005711485.1	NP_001317647.1	0	N/A	24.296	284	46	3.39e-11	68.9	terminal uridylyltransferase 7 isoform 3 [Homo sapiens]	TRUE	Tut7
XP_005711485.1	XP_011517318.1	0	N/A	24.296	284	46	3.96e-11	68.9	terminal uridylyltransferase 7 isoform X5 [Homo sapiens]	TRUE	Tut7
XP_005711485.1	XP_047279825.1	0	N/A	24.296	284	46	4.16e-11	68.9	terminal uridylyltransferase 7 isoform X6 [Homo sapiens]	TRUE	Tut7
XP_005711485.1	XP_047279824.1	0	N/A	24.296	284	46	4.16e-11	68.9	terminal uridylyltransferase 7 isoform X6 [Homo sapiens]	TRUE	Tut7
XP_005711485.1	XP_005252264.1	0	N/A	24.296	284	46	4.16e-11	68.9	terminal uridylyltransferase 7 isoform X6 [Homo sapiens]	TRUE	Tut7
XP_005711485.1	XP_016870620.1	0	N/A	24.296	284	46	4.28e-11	68.9	terminal uridylyltransferase 7 isoform X4 [Homo sapiens]	TRUE	Tut7
XP_005711485.1	XP_016870619.1	0	N/A	24.296	284	46	4.28e-11	68.9	terminal uridylyltransferase 7 isoform X4 [Homo sapiens]	TRUE	Tut7
XP_005711485.1	NP_078893.2	0	N/A	24.296	284	46	4.28e-11	68.9	terminal uridylyltransferase 7 isoform 1 [Homo sapiens]	TRUE	Tut7
XP_005711485.1	NP_001171988.1	0	N/A	24.296	284	46	4.28e-11	68.9	terminal uridylyltransferase 7 isoform 1 [Homo sapiens]	TRUE	Tut7
XP_005711485.1	XP_047279823.1	0	N/A	24.296	284	46	4.31e-11	68.9	terminal uridylyltransferase 7 isoform X2 [Homo sapiens]	TRUE	Tut7
XP_005711485.1	XP_006717346.1	0	N/A	24.296	284	46	4.31e-11	68.9	terminal uridylyltransferase 7 isoform X2 [Homo sapiens]	TRUE	Tut7
XP_005711485.1	XP_011517317.1	0	N/A	24.296	284	46	4.38e-11	68.9	terminal uridylyltransferase 7 isoform X3 [Homo sapiens]	TRUE	Tut7
XP_005711485.1	XP_011517316.1	0	N/A	24.296	284	46	4.62e-11	68.9	terminal uridylyltransferase 7 isoform X1 [Homo sapiens]	TRUE	Tut7
XP_005711485.1	XP_011517315.1	0	N/A	24.296	284	46	4.62e-11	68.9	terminal uridylyltransferase 7 isoform X1 [Homo sapiens]	TRUE	Tut7
XP_005711485.1	XP_011517314.1	0	N/A	24.296	284	46	4.62e-11	68.9	terminal uridylyltransferase 7 isoform X1 [Homo sapiens]	TRUE	Tut7
XP_005711485.1	XP_011517313.1	0	N/A	24.296	284	46	4.62e-11	68.9	terminal uridylyltransferase 7 isoform X1 [Homo sapiens]	TRUE	Tut7
XP_005711485.1	XP_005252265.1	0	N/A	24.296	284	46	4.74e-11	68.6	terminal uridylyltransferase 7 isoform X7 [Homo sapiens]	TRUE	Tut7
XP_005711485.1	XP_047272623.1	0	N/A	24.125	257	42	1.19e-10	66.6	terminal nucleotidyltransferase 4A isoform X2 [Homo sapiens]	TRUE	TENT4A
XP_005711485.1	XP_016864477.1	0	N/A	24.125	257	42	1.19e-10	66.6	terminal nucleotidyltransferase 4A isoform X2 [Homo sapiens]	TRUE	TENT4A
XP_005711485.1	XP_047272624.1	0	N/A	24.125	257	42	1.2e-10	66.6	terminal nucleotidyltransferase 4A isoform X3 [Homo sapiens]	TRUE	TENT4A
XP_005711485.1	XP_047272622.1	0	N/A	24.125	257	42	1.42e-10	66.6	terminal nucleotidyltransferase 4A isoform X1 [Homo sapiens]	TRUE	TENT4A
XP_005711485.1	XP_047272621.1	0	N/A	24.125	257	42	1.42e-10	66.6	terminal nucleotidyltransferase 4A isoform X1 [Homo sapiens]	TRUE	TENT4A
XP_005711485.1	XP_047272620.1	0	N/A	24.125	257	42	1.42e-10	66.6	terminal nucleotidyltransferase 4A isoform X1 [Homo sapiens]	TRUE	TENT4A
XP_005711485.1	NP_001165276.2	0	N/A	24.125	257	42	4.74e-10	65.1	terminal nucleotidyltransferase 4A isoform 2 [Homo sapiens]	TRUE	TENT4A
XP_005711485.1	NP_008930.2	0	N/A	24.125	257	42	4.95e-10	65.1	terminal nucleotidyltransferase 4A isoform 1 [Homo sapiens]	TRUE	TENT4A
XP_005711485.1	NP_001375061.1	0	N/A	23.413	252	40	6.34e-09	61.2	poly(A) RNA polymerase GLD2 isoform 12 [Homo sapiens]	TRUE	TENT2
XP_005711485.1	NP_001375060.1	0	N/A	23.715	253	40	6.69e-09	60.8	poly(A) RNA polymerase GLD2 isoform 11 [Homo sapiens]	TRUE	TENT2
XP_005711485.1	NP_001375059.1	0	N/A	23.413	252	40	6.77e-09	61.2	poly(A) RNA polymerase GLD2 isoform 10 [Homo sapiens]	TRUE	TENT2
XP_005711485.1	XP_047272811.1	0	N/A	23.413	252	40	6.84e-09	61.2	poly(A) RNA polymerase GLD2 isoform X4 [Homo sapiens]	TRUE	TENT2
XP_005711485.1	XP_047272810.1	0	N/A	23.413	252	40	6.84e-09	61.2	poly(A) RNA polymerase GLD2 isoform X4 [Homo sapiens]	TRUE	TENT2
XP_005711485.1	XP_047272809.1	0	N/A	23.413	252	40	6.84e-09	61.2	poly(A) RNA polymerase GLD2 isoform X4 [Homo sapiens]	TRUE	TENT2
XP_005711485.1	NP_001375058.1	0	N/A	23.413	252	40	6.84e-09	61.2	poly(A) RNA polymerase GLD2 isoform 2 [Homo sapiens]	TRUE	TENT2
XP_005711485.1	NP_001375057.1	0	N/A	23.413	252	40	6.84e-09	61.2	poly(A) RNA polymerase GLD2 isoform 2 [Homo sapiens]	TRUE	TENT2
XP_005711485.1	NP_001375056.1	0	N/A	23.413	252	40	6.84e-09	61.2	poly(A) RNA polymerase GLD2 isoform 2 [Homo sapiens]	TRUE	TENT2
XP_005711485.1	NP_001375055.1	0	N/A	23.413	252	40	6.84e-09	61.2	poly(A) RNA polymerase GLD2 isoform 2 [Homo sapiens]	TRUE	TENT2
XP_005711485.1	NP_001375054.1	0	N/A	23.413	252	40	6.84e-09	61.2	poly(A) RNA polymerase GLD2 isoform 2 [Homo sapiens]	TRUE	TENT2
XP_005711485.1	NP_001375053.1	0	N/A	23.413	252	40	6.84e-09	61.2	poly(A) RNA polymerase GLD2 isoform 2 [Homo sapiens]	TRUE	TENT2
XP_005711485.1	NP_001375052.1	0	N/A	23.413	252	40	6.84e-09	61.2	poly(A) RNA polymerase GLD2 isoform 2 [Homo sapiens]	TRUE	TENT2
XP_005711485.1	NP_001375051.1	0	N/A	23.413	252	40	6.84e-09	61.2	poly(A) RNA polymerase GLD2 isoform 2 [Homo sapiens]	TRUE	TENT2
XP_005711485.1	NP_001375050.1	0	N/A	23.413	252	40	6.84e-09	61.2	poly(A) RNA polymerase GLD2 isoform 2 [Homo sapiens]	TRUE	TENT2
XP_005711485.1	NP_001375049.1	0	N/A	23.413	252	40	6.84e-09	61.2	poly(A) RNA polymerase GLD2 isoform 2 [Homo sapiens]	TRUE	TENT2
XP_005711485.1	NP_001375048.1	0	N/A	23.413	252	40	6.84e-09	61.2	poly(A) RNA polymerase GLD2 isoform 2 [Homo sapiens]	TRUE	TENT2
XP_005711485.1	NP_001375047.1	0	N/A	23.413	252	40	6.84e-09	61.2	poly(A) RNA polymerase GLD2 isoform 2 [Homo sapiens]	TRUE	TENT2
XP_005711485.1	NP_001375046.1	0	N/A	23.413	252	40	6.84e-09	61.2	poly(A) RNA polymerase GLD2 isoform 2 [Homo sapiens]	TRUE	TENT2
XP_005711485.1	NP_001375045.1	0	N/A	23.413	252	40	6.84e-09	61.2	poly(A) RNA polymerase GLD2 isoform 2 [Homo sapiens]	TRUE	TENT2
XP_005711485.1	NP_001375044.1	0	N/A	23.413	252	40	6.84e-09	61.2	poly(A) RNA polymerase GLD2 isoform 2 [Homo sapiens]	TRUE	TENT2
XP_005711485.1	NP_001375043.1	0	N/A	23.413	252	40	6.84e-09	61.2	poly(A) RNA polymerase GLD2 isoform 2 [Homo sapiens]	TRUE	TENT2
XP_005711485.1	NP_001336483.1	0	N/A	23.413	252	40	6.84e-09	61.2	poly(A) RNA polymerase GLD2 isoform 2 [Homo sapiens]	TRUE	TENT2
XP_005711485.1	NP_001284673.1	0	N/A	23.413	252	40	6.84e-09	61.2	poly(A) RNA polymerase GLD2 isoform 2 [Homo sapiens]	TRUE	TENT2
XP_005711485.1	XP_047272808.1	0	N/A	24.219	256	40	7.33e-09	60.8	poly(A) RNA polymerase GLD2 isoform X3 [Homo sapiens]	TRUE	TENT2
XP_005711485.1	XP_047272807.1	0	N/A	24.219	256	40	7.33e-09	60.8	poly(A) RNA polymerase GLD2 isoform X3 [Homo sapiens]	TRUE	TENT2
XP_005711485.1	XP_047272806.1	0	N/A	24.219	256	40	7.33e-09	60.8	poly(A) RNA polymerase GLD2 isoform X3 [Homo sapiens]	TRUE	TENT2
XP_005711485.1	NP_776158.2	0	N/A	24.219	256	40	7.33e-09	60.8	poly(A) RNA polymerase GLD2 isoform 1 [Homo sapiens]	TRUE	TENT2
XP_005711485.1	NP_001375041.1	0	N/A	24.219	256	40	7.33e-09	60.8	poly(A) RNA polymerase GLD2 isoform 1 [Homo sapiens]	TRUE	TENT2
XP_005711485.1	NP_001375040.1	0	N/A	24.219	256	40	7.33e-09	60.8	poly(A) RNA polymerase GLD2 isoform 1 [Homo sapiens]	TRUE	TENT2
XP_005711485.1	NP_001375039.1	0	N/A	24.219	256	40	7.33e-09	60.8	poly(A) RNA polymerase GLD2 isoform 1 [Homo sapiens]	TRUE	TENT2
XP_005711485.1	NP_001375038.1	0	N/A	24.219	256	40	7.33e-09	60.8	poly(A) RNA polymerase GLD2 isoform 1 [Homo sapiens]	TRUE	TENT2
XP_005711485.1	NP_001375037.1	0	N/A	24.219	256	40	7.33e-09	60.8	poly(A) RNA polymerase GLD2 isoform 1 [Homo sapiens]	TRUE	TENT2
XP_005711485.1	NP_001375036.1	0	N/A	24.219	256	40	7.33e-09	60.8	poly(A) RNA polymerase GLD2 isoform 1 [Homo sapiens]	TRUE	TENT2
XP_005711485.1	NP_001375035.1	0	N/A	24.219	256	40	7.33e-09	60.8	poly(A) RNA polymerase GLD2 isoform 1 [Homo sapiens]	TRUE	TENT2
XP_005711485.1	NP_001375034.1	0	N/A	24.219	256	40	7.33e-09	60.8	poly(A) RNA polymerase GLD2 isoform 1 [Homo sapiens]	TRUE	TENT2
XP_005711485.1	NP_001375032.1	0	N/A	24.219	256	40	7.33e-09	60.8	poly(A) RNA polymerase GLD2 isoform 1 [Homo sapiens]	TRUE	TENT2
XP_005711485.1	NP_001375031.1	0	N/A	24.219	256	40	7.33e-09	60.8	poly(A) RNA polymerase GLD2 isoform 1 [Homo sapiens]	TRUE	TENT2
XP_005711485.1	NP_001336482.1	0	N/A	24.219	256	40	7.33e-09	60.8	poly(A) RNA polymerase GLD2 isoform 1 [Homo sapiens]	TRUE	TENT2
XP_005711485.1	NP_001336481.1	0	N/A	24.219	256	40	7.33e-09	60.8	poly(A) RNA polymerase GLD2 isoform 1 [Homo sapiens]	TRUE	TENT2
XP_005711485.1	NP_001107866.1	0	N/A	24.219	256	40	7.33e-09	60.8	poly(A) RNA polymerase GLD2 isoform 1 [Homo sapiens]	TRUE	TENT2
XP_005711485.1	NP_001107865.1	0	N/A	24.219	256	40	7.33e-09	60.8	poly(A) RNA polymerase GLD2 isoform 1 [Homo sapiens]	TRUE	TENT2
XP_005711485.1	NP_001375042.1	0	N/A	24.219	256	40	7.51e-09	60.8	poly(A) RNA polymerase GLD2 isoform 16 [Homo sapiens]	TRUE	TENT2
XP_005711485.1	NP_001375065.1	0	N/A	23.81	252	40	1.13e-08	60.1	poly(A) RNA polymerase GLD2 isoform 14 [Homo sapiens]	TRUE	TENT2
XP_005711485.1	NP_001375030.1	0	N/A	24.348	230	37	1.14e-08	60.5	poly(A) RNA polymerase GLD2 isoform 9 [Homo sapiens]	TRUE	TENT2
XP_005711485.1	NP_001375029.1	0	N/A	24.786	234	37	1.23e-08	60.5	poly(A) RNA polymerase GLD2 isoform 8 [Homo sapiens]	TRUE	TENT2
XP_005711485.1	NP_001375028.1	0	N/A	24.786	234	37	1.23e-08	60.5	poly(A) RNA polymerase GLD2 isoform 8 [Homo sapiens]	TRUE	TENT2
XP_005711485.1	XP_011521580.1	0	N/A	25.197	254	42	3.17e-08	58.9	terminal nucleotidyltransferase 4B isoform X5 [Homo sapiens]	TRUE	TENT4B
XP_005711485.1	XP_047290433.1	0	N/A	25.197	254	42	3.18e-08	58.9	terminal nucleotidyltransferase 4B isoform X6 [Homo sapiens]	TRUE	TENT4B
XP_005711485.1	XP_016856293.1	0	N/A	24.123	228	37	4.04e-08	59.3	terminal uridylyltransferase 4 isoform X16 [Homo sapiens]	TRUE	Tut4
XP_005711485.1	XP_016856297.1	0	N/A	24.123	228	37	4.04e-08	59.3	terminal uridylyltransferase 4 isoform X36 [Homo sapiens]	TRUE	Tut4
XP_005711485.1	XP_047272288.1	0	N/A	24.123	228	37	4.14e-08	59.3	terminal uridylyltransferase 4 isoform X10 [Homo sapiens]	TRUE	Tut4
XP_005711485.1	XP_047272285.1	0	N/A	24.123	228	37	4.22e-08	59.3	terminal uridylyltransferase 4 isoform X7 [Homo sapiens]	TRUE	Tut4
XP_005711485.1	XP_047272365.1	0	N/A	24.123	228	37	4.29e-08	59.3	terminal uridylyltransferase 4 isoform X38 [Homo sapiens]	TRUE	Tut4
XP_005711485.1	XP_011539401.1	0	N/A	24.123	228	37	4.33e-08	59.3	terminal uridylyltransferase 4 isoform X29 [Homo sapiens]	TRUE	Tut4
XP_005711485.1	XP_047272280.1	0	N/A	24.123	228	37	4.37e-08	59.3	terminal uridylyltransferase 4 isoform X3 [Homo sapiens]	TRUE	Tut4
XP_005711485.1	XP_005270736.1	0	N/A	24.123	228	37	4.37e-08	59.3	terminal uridylyltransferase 4 isoform X3 [Homo sapiens]	TRUE	Tut4
XP_005711485.1	XP_047272372.1	0	N/A	24.123	228	37	4.42e-08	59.3	terminal uridylyltransferase 4 isoform X42 [Homo sapiens]	TRUE	Tut4
XP_005711485.1	XP_011539399.1	0	N/A	24.123	228	37	4.45e-08	59.3	terminal uridylyltransferase 4 isoform X1 [Homo sapiens]	TRUE	Tut4
XP_005711485.1	XP_005270733.1	0	N/A	24.123	228	37	4.45e-08	59.3	terminal uridylyltransferase 4 isoform X1 [Homo sapiens]	TRUE	Tut4
XP_005711485.1	XP_016856299.1	0	N/A	24.123	228	37	4.47e-08	59.3	terminal uridylyltransferase 4 isoform X40 [Homo sapiens]	TRUE	Tut4
XP_005711485.1	XP_005270739.1	0	N/A	24.123	228	37	4.48e-08	59.3	terminal uridylyltransferase 4 isoform X33 [Homo sapiens]	TRUE	Tut4
XP_005711485.1	XP_047272345.1	0	N/A	24.123	228	37	4.48e-08	59.3	terminal uridylyltransferase 4 isoform X31 [Homo sapiens]	TRUE	Tut4
XP_005711485.1	XP_005270735.1	0	N/A	24.123	228	37	4.53e-08	59.3	terminal uridylyltransferase 4 isoform X2 [Homo sapiens]	TRUE	Tut4
XP_005711485.1	XP_016856292.1	0	N/A	24.123	228	37	4.55e-08	59.3	terminal uridylyltransferase 4 isoform X9 [Homo sapiens]	TRUE	Tut4
XP_005711485.1	XP_047272337.1	0	N/A	24.123	228	37	4.61e-08	58.9	terminal uridylyltransferase 4 isoform X27 [Homo sapiens]	TRUE	Tut4
XP_005711485.1	XP_047272282.1	0	N/A	24.123	228	37	4.68e-08	58.9	terminal uridylyltransferase 4 isoform X5 [Homo sapiens]	TRUE	Tut4
XP_005711485.1	NP_056084.1	0	N/A	24.123	228	37	4.68e-08	58.9	terminal uridylyltransferase 4 isoform b [Homo sapiens]	TRUE	Tut4
XP_005711485.1	NP_001035374.2	0	N/A	25.197	254	42	4.79e-08	58.5	terminal nucleotidyltransferase 4B isoform a [Homo sapiens]	TRUE	TENT4B
XP_005711485.1	XP_011521577.1	0	N/A	25.197	254	42	4.79e-08	58.5	terminal nucleotidyltransferase 4B isoform X1 [Homo sapiens]	TRUE	TENT4B
XP_005711485.1	XP_016856295.1	0	N/A	24.123	228	37	4.85e-08	58.9	terminal uridylyltransferase 4 isoform X25 [Homo sapiens]	TRUE	Tut4
XP_005711485.1	XP_047272283.1	0	N/A	24.123	228	37	4.93e-08	58.9	terminal uridylyltransferase 4 isoform X6 [Homo sapiens]	TRUE	Tut4
XP_005711485.1	XP_005270737.1	0	N/A	24.123	228	37	4.93e-08	58.9	terminal uridylyltransferase 4 isoform X6 [Homo sapiens]	TRUE	Tut4
XP_005711485.1	XP_047272281.1	0	N/A	24.123	228	37	4.93e-08	58.9	terminal uridylyltransferase 4 isoform X4 [Homo sapiens]	TRUE	Tut4
XP_005711830.1	NP_001375065.1	0	N/A	30.634	284	36	4.25e-35	139	poly(A) RNA polymerase GLD2 isoform 14 [Homo sapiens]	TRUE	TENT2
XP_005711830.1	NP_001375061.1	0	N/A	30.634	284	36	5.44e-35	141	poly(A) RNA polymerase GLD2 isoform 12 [Homo sapiens]	TRUE	TENT2
XP_005711830.1	NP_001375059.1	0	N/A	30.634	284	36	7.47e-35	141	poly(A) RNA polymerase GLD2 isoform 10 [Homo sapiens]	TRUE	TENT2
XP_005711830.1	XP_047272811.1	0	N/A	30.634	284	36	7.66e-35	141	poly(A) RNA polymerase GLD2 isoform X4 [Homo sapiens]	TRUE	TENT2
XP_005711830.1	XP_047272810.1	0	N/A	30.634	284	36	7.66e-35	141	poly(A) RNA polymerase GLD2 isoform X4 [Homo sapiens]	TRUE	TENT2
XP_005711830.1	XP_047272809.1	0	N/A	30.634	284	36	7.66e-35	141	poly(A) RNA polymerase GLD2 isoform X4 [Homo sapiens]	TRUE	TENT2
XP_005711830.1	NP_001375058.1	0	N/A	30.634	284	36	7.66e-35	141	poly(A) RNA polymerase GLD2 isoform 2 [Homo sapiens]	TRUE	TENT2
XP_005711830.1	NP_001375057.1	0	N/A	30.634	284	36	7.66e-35	141	poly(A) RNA polymerase GLD2 isoform 2 [Homo sapiens]	TRUE	TENT2
XP_005711830.1	NP_001375056.1	0	N/A	30.634	284	36	7.66e-35	141	poly(A) RNA polymerase GLD2 isoform 2 [Homo sapiens]	TRUE	TENT2
XP_005711830.1	NP_001375055.1	0	N/A	30.634	284	36	7.66e-35	141	poly(A) RNA polymerase GLD2 isoform 2 [Homo sapiens]	TRUE	TENT2
XP_005711830.1	NP_001375054.1	0	N/A	30.634	284	36	7.66e-35	141	poly(A) RNA polymerase GLD2 isoform 2 [Homo sapiens]	TRUE	TENT2
XP_005711830.1	NP_001375053.1	0	N/A	30.634	284	36	7.66e-35	141	poly(A) RNA polymerase GLD2 isoform 2 [Homo sapiens]	TRUE	TENT2
XP_005711830.1	NP_001375052.1	0	N/A	30.634	284	36	7.66e-35	141	poly(A) RNA polymerase GLD2 isoform 2 [Homo sapiens]	TRUE	TENT2
XP_005711830.1	NP_001375051.1	0	N/A	30.634	284	36	7.66e-35	141	poly(A) RNA polymerase GLD2 isoform 2 [Homo sapiens]	TRUE	TENT2
XP_005711830.1	NP_001375050.1	0	N/A	30.634	284	36	7.66e-35	141	poly(A) RNA polymerase GLD2 isoform 2 [Homo sapiens]	TRUE	TENT2
XP_005711830.1	NP_001375049.1	0	N/A	30.634	284	36	7.66e-35	141	poly(A) RNA polymerase GLD2 isoform 2 [Homo sapiens]	TRUE	TENT2
XP_005711830.1	NP_001375048.1	0	N/A	30.634	284	36	7.66e-35	141	poly(A) RNA polymerase GLD2 isoform 2 [Homo sapiens]	TRUE	TENT2
XP_005711830.1	NP_001375047.1	0	N/A	30.634	284	36	7.66e-35	141	poly(A) RNA polymerase GLD2 isoform 2 [Homo sapiens]	TRUE	TENT2
XP_005711830.1	NP_001375046.1	0	N/A	30.634	284	36	7.66e-35	141	poly(A) RNA polymerase GLD2 isoform 2 [Homo sapiens]	TRUE	TENT2
XP_005711830.1	NP_001375045.1	0	N/A	30.634	284	36	7.66e-35	141	poly(A) RNA polymerase GLD2 isoform 2 [Homo sapiens]	TRUE	TENT2
XP_005711830.1	NP_001375044.1	0	N/A	30.634	284	36	7.66e-35	141	poly(A) RNA polymerase GLD2 isoform 2 [Homo sapiens]	TRUE	TENT2
XP_005711830.1	NP_001375043.1	0	N/A	30.634	284	36	7.66e-35	141	poly(A) RNA polymerase GLD2 isoform 2 [Homo sapiens]	TRUE	TENT2
XP_005711830.1	NP_001336483.1	0	N/A	30.634	284	36	7.66e-35	141	poly(A) RNA polymerase GLD2 isoform 2 [Homo sapiens]	TRUE	TENT2
XP_005711830.1	NP_001284673.1	0	N/A	30.634	284	36	7.66e-35	141	poly(A) RNA polymerase GLD2 isoform 2 [Homo sapiens]	TRUE	TENT2
XP_005711830.1	NP_001375060.1	0	N/A	30.208	288	36	2.12e-34	139	poly(A) RNA polymerase GLD2 isoform 11 [Homo sapiens]	TRUE	TENT2
XP_005711830.1	XP_047272384.1	0	N/A	30.225	311	38	2.2e-34	144	terminal uridylyltransferase 4 isoform X46 [Homo sapiens]	TRUE	Tut4
XP_005711830.1	NP_001375042.1	0	N/A	30.208	288	36	2.71e-34	140	poly(A) RNA polymerase GLD2 isoform 16 [Homo sapiens]	TRUE	TENT2
XP_005711830.1	XP_047272808.1	0	N/A	30.208	288	36	2.88e-34	139	poly(A) RNA polymerase GLD2 isoform X3 [Homo sapiens]	TRUE	TENT2
XP_005711830.1	XP_047272807.1	0	N/A	30.208	288	36	2.88e-34	139	poly(A) RNA polymerase GLD2 isoform X3 [Homo sapiens]	TRUE	TENT2
XP_005711830.1	XP_047272806.1	0	N/A	30.208	288	36	2.88e-34	139	poly(A) RNA polymerase GLD2 isoform X3 [Homo sapiens]	TRUE	TENT2
XP_005711830.1	NP_776158.2	0	N/A	30.208	288	36	2.88e-34	139	poly(A) RNA polymerase GLD2 isoform 1 [Homo sapiens]	TRUE	TENT2
XP_005711830.1	NP_001375041.1	0	N/A	30.208	288	36	2.88e-34	139	poly(A) RNA polymerase GLD2 isoform 1 [Homo sapiens]	TRUE	TENT2
XP_005711830.1	NP_001375040.1	0	N/A	30.208	288	36	2.88e-34	139	poly(A) RNA polymerase GLD2 isoform 1 [Homo sapiens]	TRUE	TENT2
XP_005711830.1	NP_001375039.1	0	N/A	30.208	288	36	2.88e-34	139	poly(A) RNA polymerase GLD2 isoform 1 [Homo sapiens]	TRUE	TENT2
XP_005711830.1	NP_001375038.1	0	N/A	30.208	288	36	2.88e-34	139	poly(A) RNA polymerase GLD2 isoform 1 [Homo sapiens]	TRUE	TENT2
XP_005711830.1	NP_001375037.1	0	N/A	30.208	288	36	2.88e-34	139	poly(A) RNA polymerase GLD2 isoform 1 [Homo sapiens]	TRUE	TENT2
XP_005711830.1	NP_001375036.1	0	N/A	30.208	288	36	2.88e-34	139	poly(A) RNA polymerase GLD2 isoform 1 [Homo sapiens]	TRUE	TENT2
XP_005711830.1	NP_001375035.1	0	N/A	30.208	288	36	2.88e-34	139	poly(A) RNA polymerase GLD2 isoform 1 [Homo sapiens]	TRUE	TENT2
XP_005711830.1	NP_001375034.1	0	N/A	30.208	288	36	2.88e-34	139	poly(A) RNA polymerase GLD2 isoform 1 [Homo sapiens]	TRUE	TENT2
XP_005711830.1	NP_001375032.1	0	N/A	30.208	288	36	2.88e-34	139	poly(A) RNA polymerase GLD2 isoform 1 [Homo sapiens]	TRUE	TENT2
XP_005711830.1	NP_001375031.1	0	N/A	30.208	288	36	2.88e-34	139	poly(A) RNA polymerase GLD2 isoform 1 [Homo sapiens]	TRUE	TENT2
XP_005711830.1	NP_001336482.1	0	N/A	30.208	288	36	2.88e-34	139	poly(A) RNA polymerase GLD2 isoform 1 [Homo sapiens]	TRUE	TENT2
XP_005711830.1	NP_001336481.1	0	N/A	30.208	288	36	2.88e-34	139	poly(A) RNA polymerase GLD2 isoform 1 [Homo sapiens]	TRUE	TENT2
XP_005711830.1	NP_001107866.1	0	N/A	30.208	288	36	2.88e-34	139	poly(A) RNA polymerase GLD2 isoform 1 [Homo sapiens]	TRUE	TENT2
XP_005711830.1	NP_001107865.1	0	N/A	30.208	288	36	2.88e-34	139	poly(A) RNA polymerase GLD2 isoform 1 [Homo sapiens]	TRUE	TENT2
XP_005711830.1	NP_001375027.1	0	N/A	29.276	304	36	4.4e-34	139	poly(A) RNA polymerase GLD2 isoform 7 [Homo sapiens]	TRUE	TENT2
XP_005711830.1	XP_047272805.1	0	N/A	29.276	304	36	4.76e-34	139	poly(A) RNA polymerase GLD2 isoform X2 [Homo sapiens]	TRUE	TENT2
XP_005711830.1	XP_047272804.1	0	N/A	29.276	304	36	4.76e-34	139	poly(A) RNA polymerase GLD2 isoform X2 [Homo sapiens]	TRUE	TENT2
XP_005711830.1	XP_047272803.1	0	N/A	29.276	304	36	4.76e-34	139	poly(A) RNA polymerase GLD2 isoform X2 [Homo sapiens]	TRUE	TENT2
XP_005711830.1	XP_047272802.1	0	N/A	29.276	304	36	4.76e-34	139	poly(A) RNA polymerase GLD2 isoform X2 [Homo sapiens]	TRUE	TENT2
XP_005711830.1	XP_016864641.1	0	N/A	29.276	304	36	4.76e-34	139	poly(A) RNA polymerase GLD2 isoform X2 [Homo sapiens]	TRUE	TENT2
XP_005711830.1	NP_001375026.1	0	N/A	29.276	304	36	4.76e-34	139	poly(A) RNA polymerase GLD2 isoform 6 [Homo sapiens]	TRUE	TENT2
XP_005711830.1	NP_001375025.1	0	N/A	29.276	304	36	4.76e-34	139	poly(A) RNA polymerase GLD2 isoform 6 [Homo sapiens]	TRUE	TENT2
XP_005711830.1	NP_001375024.1	0	N/A	29.276	304	36	4.76e-34	139	poly(A) RNA polymerase GLD2 isoform 6 [Homo sapiens]	TRUE	TENT2
XP_005711830.1	NP_001336480.1	0	N/A	29.276	304	36	4.76e-34	139	poly(A) RNA polymerase GLD2 isoform 6 [Homo sapiens]	TRUE	TENT2
XP_005711830.1	XP_047279823.1	0	N/A	30.847	295	37	5.51e-34	143	terminal uridylyltransferase 7 isoform X2 [Homo sapiens]	TRUE	Tut7
XP_005711830.1	XP_006717346.1	0	N/A	30.847	295	37	5.51e-34	143	terminal uridylyltransferase 7 isoform X2 [Homo sapiens]	TRUE	Tut7
XP_005711830.1	XP_047279825.1	0	N/A	30.847	295	37	5.81e-34	143	terminal uridylyltransferase 7 isoform X6 [Homo sapiens]	TRUE	Tut7
XP_005711830.1	XP_047279824.1	0	N/A	30.847	295	37	5.81e-34	143	terminal uridylyltransferase 7 isoform X6 [Homo sapiens]	TRUE	Tut7
XP_005711830.1	XP_005252264.1	0	N/A	30.847	295	37	5.81e-34	143	terminal uridylyltransferase 7 isoform X6 [Homo sapiens]	TRUE	Tut7
XP_005711830.1	XP_047272288.1	0	N/A	30.225	311	38	6.12e-34	143	terminal uridylyltransferase 4 isoform X10 [Homo sapiens]	TRUE	Tut4
XP_005711830.1	NP_001317647.1	0	N/A	32.246	276	34	6.28e-34	142	terminal uridylyltransferase 7 isoform 3 [Homo sapiens]	TRUE	Tut7
XP_005711830.1	XP_011517317.1	0	N/A	30.847	295	37	6.38e-34	143	terminal uridylyltransferase 7 isoform X3 [Homo sapiens]	TRUE	Tut7
XP_005711830.1	XP_011517316.1	0	N/A	30.847	295	37	6.41e-34	143	terminal uridylyltransferase 7 isoform X1 [Homo sapiens]	TRUE	Tut7
XP_005711830.1	XP_011517315.1	0	N/A	30.847	295	37	6.41e-34	143	terminal uridylyltransferase 7 isoform X1 [Homo sapiens]	TRUE	Tut7
XP_005711830.1	XP_011517314.1	0	N/A	30.847	295	37	6.41e-34	143	terminal uridylyltransferase 7 isoform X1 [Homo sapiens]	TRUE	Tut7
XP_005711830.1	XP_011517313.1	0	N/A	30.847	295	37	6.41e-34	143	terminal uridylyltransferase 7 isoform X1 [Homo sapiens]	TRUE	Tut7
XP_005711830.1	XP_016856299.1	0	N/A	30.225	311	38	6.42e-34	143	terminal uridylyltransferase 4 isoform X40 [Homo sapiens]	TRUE	Tut4
XP_005711830.1	XP_016856292.1	0	N/A	30.225	311	38	6.46e-34	143	terminal uridylyltransferase 4 isoform X9 [Homo sapiens]	TRUE	Tut4
XP_005711830.1	XP_047272283.1	0	N/A	30.225	311	38	6.5e-34	143	terminal uridylyltransferase 4 isoform X6 [Homo sapiens]	TRUE	Tut4
XP_005711830.1	XP_005270737.1	0	N/A	30.225	311	38	6.5e-34	143	terminal uridylyltransferase 4 isoform X6 [Homo sapiens]	TRUE	Tut4
XP_005711830.1	XP_047272281.1	0	N/A	30.225	311	38	6.68e-34	143	terminal uridylyltransferase 4 isoform X4 [Homo sapiens]	TRUE	Tut4
XP_005711830.1	NP_001009881.1	0	N/A	30.225	311	38	6.68e-34	143	terminal uridylyltransferase 4 isoform a [Homo sapiens]	TRUE	Tut4
XP_005711830.1	XP_005252265.1	0	N/A	30.847	295	37	6.73e-34	143	terminal uridylyltransferase 7 isoform X7 [Homo sapiens]	TRUE	Tut7
XP_005711830.1	XP_016856293.1	0	N/A	30.225	311	38	6.85e-34	143	terminal uridylyltransferase 4 isoform X16 [Homo sapiens]	TRUE	Tut4
XP_005711830.1	XP_047272285.1	0	N/A	30.225	311	38	6.93e-34	143	terminal uridylyltransferase 4 isoform X7 [Homo sapiens]	TRUE	Tut4
XP_005711830.1	XP_047272282.1	0	N/A	30.225	311	38	7.16e-34	143	terminal uridylyltransferase 4 isoform X5 [Homo sapiens]	TRUE	Tut4
XP_005711830.1	NP_056084.1	0	N/A	30.225	311	38	7.16e-34	143	terminal uridylyltransferase 4 isoform b [Homo sapiens]	TRUE	Tut4
XP_005711830.1	XP_016856297.1	0	N/A	30.225	311	38	7.27e-34	143	terminal uridylyltransferase 4 isoform X36 [Homo sapiens]	TRUE	Tut4
XP_005711830.1	XP_016856296.1	0	N/A	30.225	311	38	7.49e-34	143	terminal uridylyltransferase 4 isoform X28 [Homo sapiens]	TRUE	Tut4
XP_005711830.1	XP_016870620.1	0	N/A	32.364	275	34	7.67e-34	142	terminal uridylyltransferase 7 isoform X4 [Homo sapiens]	TRUE	Tut7
XP_005711830.1	XP_016870619.1	0	N/A	32.364	275	34	7.67e-34	142	terminal uridylyltransferase 7 isoform X4 [Homo sapiens]	TRUE	Tut7
XP_005711830.1	NP_078893.2	0	N/A	32.364	275	34	7.67e-34	142	terminal uridylyltransferase 7 isoform 1 [Homo sapiens]	TRUE	Tut7
XP_005711830.1	NP_001171988.1	0	N/A	32.364	275	34	7.67e-34	142	terminal uridylyltransferase 7 isoform 1 [Homo sapiens]	TRUE	Tut7
XP_005711830.1	XP_011517318.1	0	N/A	30.847	295	37	7.79e-34	142	terminal uridylyltransferase 7 isoform X5 [Homo sapiens]	TRUE	Tut7
XP_005711830.1	XP_011539401.1	0	N/A	30.225	311	38	7.92e-34	142	terminal uridylyltransferase 4 isoform X29 [Homo sapiens]	TRUE	Tut4
XP_005711830.1	XP_047272365.1	0	N/A	30.225	311	38	7.92e-34	142	terminal uridylyltransferase 4 isoform X38 [Homo sapiens]	TRUE	Tut4
XP_005711830.1	XP_047272345.1	0	N/A	30.225	311	38	7.97e-34	142	terminal uridylyltransferase 4 isoform X31 [Homo sapiens]	TRUE	Tut4
XP_005711830.1	XP_047272337.1	0	N/A	30.225	311	38	7.97e-34	142	terminal uridylyltransferase 4 isoform X27 [Homo sapiens]	TRUE	Tut4
XP_005711830.1	XP_005270739.1	0	N/A	30.225	311	38	8.02e-34	142	terminal uridylyltransferase 4 isoform X33 [Homo sapiens]	TRUE	Tut4
XP_005711830.1	XP_016856295.1	0	N/A	30.225	311	38	8.19e-34	142	terminal uridylyltransferase 4 isoform X25 [Homo sapiens]	TRUE	Tut4
XP_005711830.1	XP_047272325.1	0	N/A	30.225	311	38	8.87e-34	142	terminal uridylyltransferase 4 isoform X23 [Homo sapiens]	TRUE	Tut4
XP_005711830.1	XP_047272280.1	0	N/A	30.225	311	38	9e-34	142	terminal uridylyltransferase 4 isoform X3 [Homo sapiens]	TRUE	Tut4
XP_005711830.1	XP_005270736.1	0	N/A	30.225	311	38	9e-34	142	terminal uridylyltransferase 4 isoform X3 [Homo sapiens]	TRUE	Tut4
XP_005711830.1	XP_005270735.1	0	N/A	30.225	311	38	9.25e-34	142	terminal uridylyltransferase 4 isoform X2 [Homo sapiens]	TRUE	Tut4
XP_005711830.1	XP_011539399.1	0	N/A	30.225	311	38	9.41e-34	142	terminal uridylyltransferase 4 isoform X1 [Homo sapiens]	TRUE	Tut4
XP_005711830.1	XP_005270733.1	0	N/A	30.225	311	38	9.41e-34	142	terminal uridylyltransferase 4 isoform X1 [Homo sapiens]	TRUE	Tut4
XP_005711830.1	XP_047272801.1	0	N/A	28.896	308	36	1.55e-33	138	poly(A) RNA polymerase GLD2 isoform X1 [Homo sapiens]	TRUE	TENT2
XP_005711830.1	XP_047272800.1	0	N/A	28.896	308	36	1.55e-33	138	poly(A) RNA polymerase GLD2 isoform X1 [Homo sapiens]	TRUE	TENT2
XP_005711830.1	XP_011541527.1	0	N/A	28.896	308	36	1.55e-33	138	poly(A) RNA polymerase GLD2 isoform X1 [Homo sapiens]	TRUE	TENT2
XP_005718582.1	XP_047290433.1	0	N/A	38.267	277	29	6.29e-51	189	terminal nucleotidyltransferase 4B isoform X6 [Homo sapiens]	TRUE	TENT4B
XP_005718582.1	NP_008930.2	0	N/A	33.618	351	36	9.19e-51	194	terminal nucleotidyltransferase 4A isoform 1 [Homo sapiens]	TRUE	TENT4A
XP_005718582.1	NP_001165276.2	0	N/A	33.618	351	36	1.04e-50	194	terminal nucleotidyltransferase 4A isoform 2 [Homo sapiens]	TRUE	TENT4A
XP_005718582.1	NP_001035375.2	0	N/A	37.627	295	30	2.04e-50	191	terminal nucleotidyltransferase 4B isoform b [Homo sapiens]	TRUE	TENT4B
XP_005718582.1	XP_011521578.1	0	N/A	37.627	295	30	2.07e-50	191	terminal nucleotidyltransferase 4B isoform X2 [Homo sapiens]	TRUE	TENT4B
XP_005718582.1	XP_011521580.1	0	N/A	38.519	270	28	2.64e-50	188	terminal nucleotidyltransferase 4B isoform X5 [Homo sapiens]	TRUE	TENT4B
XP_005718582.1	NP_001035374.2	0	N/A	37.847	288	29	4.45e-50	191	terminal nucleotidyltransferase 4B isoform a [Homo sapiens]	TRUE	TENT4B
XP_005718582.1	XP_011521577.1	0	N/A	37.847	288	29	4.5e-50	191	terminal nucleotidyltransferase 4B isoform X1 [Homo sapiens]	TRUE	TENT4B
XP_005718582.1	XP_047290431.1	0	N/A	37.627	295	30	4.95e-50	190	terminal nucleotidyltransferase 4B isoform X3 [Homo sapiens]	TRUE	TENT4B
XP_005718582.1	XP_047290432.1	0	N/A	37.627	295	30	5.29e-50	190	terminal nucleotidyltransferase 4B isoform X4 [Homo sapiens]	TRUE	TENT4B
XP_005718582.1	NP_001352253.1	0	N/A	37.847	288	29	1.06e-49	190	terminal nucleotidyltransferase 4B isoform d [Homo sapiens]	TRUE	TENT4B
XP_005718582.1	NP_001352252.1	0	N/A	37.847	288	29	1.15e-49	190	terminal nucleotidyltransferase 4B isoform c [Homo sapiens]	TRUE	TENT4B
XP_005718582.1	XP_047272622.1	0	N/A	37.255	255	27	2.13e-47	180	terminal nucleotidyltransferase 4A isoform X1 [Homo sapiens]	TRUE	TENT4A
XP_005718582.1	XP_047272621.1	0	N/A	37.255	255	27	2.13e-47	180	terminal nucleotidyltransferase 4A isoform X1 [Homo sapiens]	TRUE	TENT4A
XP_005718582.1	XP_047272620.1	0	N/A	37.255	255	27	2.13e-47	180	terminal nucleotidyltransferase 4A isoform X1 [Homo sapiens]	TRUE	TENT4A
XP_005718582.1	XP_047272623.1	0	N/A	37.143	245	26	2.98e-45	174	terminal nucleotidyltransferase 4A isoform X2 [Homo sapiens]	TRUE	TENT4A
XP_005718582.1	XP_016864477.1	0	N/A	37.143	245	26	2.98e-45	174	terminal nucleotidyltransferase 4A isoform X2 [Homo sapiens]	TRUE	TENT4A
XP_005718582.1	XP_047272624.1	0	N/A	37.143	245	26	3.89e-45	173	terminal nucleotidyltransferase 4A isoform X3 [Homo sapiens]	TRUE	TENT4A
XP_005718582.1	NP_001317647.1	0	N/A	30.508	177	18	1.92e-17	90.1	terminal uridylyltransferase 7 isoform 3 [Homo sapiens]	TRUE	Tut7
XP_005718582.1	XP_047279823.1	0	N/A	30.508	177	18	2.12e-17	90.5	terminal uridylyltransferase 7 isoform X2 [Homo sapiens]	TRUE	Tut7
XP_005718582.1	XP_006717346.1	0	N/A	30.508	177	18	2.12e-17	90.5	terminal uridylyltransferase 7 isoform X2 [Homo sapiens]	TRUE	Tut7
XP_005718582.1	XP_016870620.1	0	N/A	30.508	177	18	2.17e-17	90.5	terminal uridylyltransferase 7 isoform X4 [Homo sapiens]	TRUE	Tut7
XP_005718582.1	XP_016870619.1	0	N/A	30.508	177	18	2.17e-17	90.5	terminal uridylyltransferase 7 isoform X4 [Homo sapiens]	TRUE	Tut7
XP_005718582.1	NP_078893.2	0	N/A	30.508	177	18	2.17e-17	90.5	terminal uridylyltransferase 7 isoform 1 [Homo sapiens]	TRUE	Tut7
XP_005718582.1	NP_001171988.1	0	N/A	30.508	177	18	2.17e-17	90.5	terminal uridylyltransferase 7 isoform 1 [Homo sapiens]	TRUE	Tut7
XP_005718582.1	XP_047279825.1	0	N/A	30.508	177	18	2.31e-17	90.5	terminal uridylyltransferase 7 isoform X6 [Homo sapiens]	TRUE	Tut7
XP_005718582.1	XP_047279824.1	0	N/A	30.508	177	18	2.31e-17	90.5	terminal uridylyltransferase 7 isoform X6 [Homo sapiens]	TRUE	Tut7
XP_005718582.1	XP_005252264.1	0	N/A	30.508	177	18	2.31e-17	90.5	terminal uridylyltransferase 7 isoform X6 [Homo sapiens]	TRUE	Tut7
XP_005718582.1	XP_011517317.1	0	N/A	30.508	177	18	2.55e-17	90.1	terminal uridylyltransferase 7 isoform X3 [Homo sapiens]	TRUE	Tut7
XP_005718582.1	XP_011517318.1	0	N/A	30.508	177	18	2.77e-17	90.1	terminal uridylyltransferase 7 isoform X5 [Homo sapiens]	TRUE	Tut7
XP_005718582.1	XP_005252265.1	0	N/A	30.508	177	18	2.96e-17	90.1	terminal uridylyltransferase 7 isoform X7 [Homo sapiens]	TRUE	Tut7
XP_005718582.1	XP_011517316.1	0	N/A	30.508	177	18	3.48e-17	89.7	terminal uridylyltransferase 7 isoform X1 [Homo sapiens]	TRUE	Tut7
XP_005718582.1	XP_011517315.1	0	N/A	30.508	177	18	3.48e-17	89.7	terminal uridylyltransferase 7 isoform X1 [Homo sapiens]	TRUE	Tut7
XP_005718582.1	XP_011517314.1	0	N/A	30.508	177	18	3.48e-17	89.7	terminal uridylyltransferase 7 isoform X1 [Homo sapiens]	TRUE	Tut7
XP_005718582.1	XP_011517313.1	0	N/A	30.508	177	18	3.48e-17	89.7	terminal uridylyltransferase 7 isoform X1 [Homo sapiens]	TRUE	Tut7
XP_005718582.1	XP_047272811.1	0	N/A	23.547	327	30	6.43e-14	77.8	poly(A) RNA polymerase GLD2 isoform X4 [Homo sapiens]	TRUE	TENT2
XP_005718582.1	XP_047272810.1	0	N/A	23.547	327	30	6.43e-14	77.8	poly(A) RNA polymerase GLD2 isoform X4 [Homo sapiens]	TRUE	TENT2
XP_005718582.1	XP_047272809.1	0	N/A	23.547	327	30	6.43e-14	77.8	poly(A) RNA polymerase GLD2 isoform X4 [Homo sapiens]	TRUE	TENT2
XP_005718582.1	NP_001375058.1	0	N/A	23.547	327	30	6.43e-14	77.8	poly(A) RNA polymerase GLD2 isoform 2 [Homo sapiens]	TRUE	TENT2
XP_005718582.1	NP_001375057.1	0	N/A	23.547	327	30	6.43e-14	77.8	poly(A) RNA polymerase GLD2 isoform 2 [Homo sapiens]	TRUE	TENT2
XP_005718582.1	NP_001375056.1	0	N/A	23.547	327	30	6.43e-14	77.8	poly(A) RNA polymerase GLD2 isoform 2 [Homo sapiens]	TRUE	TENT2
XP_005718582.1	NP_001375055.1	0	N/A	23.547	327	30	6.43e-14	77.8	poly(A) RNA polymerase GLD2 isoform 2 [Homo sapiens]	TRUE	TENT2
XP_005718582.1	NP_001375054.1	0	N/A	23.547	327	30	6.43e-14	77.8	poly(A) RNA polymerase GLD2 isoform 2 [Homo sapiens]	TRUE	TENT2
XP_005718582.1	NP_001375053.1	0	N/A	23.547	327	30	6.43e-14	77.8	poly(A) RNA polymerase GLD2 isoform 2 [Homo sapiens]	TRUE	TENT2
XP_005718582.1	NP_001375052.1	0	N/A	23.547	327	30	6.43e-14	77.8	poly(A) RNA polymerase GLD2 isoform 2 [Homo sapiens]	TRUE	TENT2
XP_005718582.1	NP_001375051.1	0	N/A	23.547	327	30	6.43e-14	77.8	poly(A) RNA polymerase GLD2 isoform 2 [Homo sapiens]	TRUE	TENT2
XP_005718582.1	NP_001375050.1	0	N/A	23.547	327	30	6.43e-14	77.8	poly(A) RNA polymerase GLD2 isoform 2 [Homo sapiens]	TRUE	TENT2
XP_005718582.1	NP_001375049.1	0	N/A	23.547	327	30	6.43e-14	77.8	poly(A) RNA polymerase GLD2 isoform 2 [Homo sapiens]	TRUE	TENT2
XP_005718582.1	NP_001375048.1	0	N/A	23.547	327	30	6.43e-14	77.8	poly(A) RNA polymerase GLD2 isoform 2 [Homo sapiens]	TRUE	TENT2
XP_005718582.1	NP_001375047.1	0	N/A	23.547	327	30	6.43e-14	77.8	poly(A) RNA polymerase GLD2 isoform 2 [Homo sapiens]	TRUE	TENT2
XP_005718582.1	NP_001375046.1	0	N/A	23.547	327	30	6.43e-14	77.8	poly(A) RNA polymerase GLD2 isoform 2 [Homo sapiens]	TRUE	TENT2
XP_005718582.1	NP_001375045.1	0	N/A	23.547	327	30	6.43e-14	77.8	poly(A) RNA polymerase GLD2 isoform 2 [Homo sapiens]	TRUE	TENT2
XP_005718582.1	NP_001375044.1	0	N/A	23.547	327	30	6.43e-14	77.8	poly(A) RNA polymerase GLD2 isoform 2 [Homo sapiens]	TRUE	TENT2
XP_005718582.1	NP_001375043.1	0	N/A	23.547	327	30	6.43e-14	77.8	poly(A) RNA polymerase GLD2 isoform 2 [Homo sapiens]	TRUE	TENT2
XP_005718582.1	NP_001336483.1	0	N/A	23.547	327	30	6.43e-14	77.8	poly(A) RNA polymerase GLD2 isoform 2 [Homo sapiens]	TRUE	TENT2
XP_005718582.1	NP_001284673.1	0	N/A	23.547	327	30	6.43e-14	77.8	poly(A) RNA polymerase GLD2 isoform 2 [Homo sapiens]	TRUE	TENT2
XP_005718582.1	NP_001375061.1	0	N/A	23.547	327	30	8.14e-14	77.4	poly(A) RNA polymerase GLD2 isoform 12 [Homo sapiens]	TRUE	TENT2
XP_005718582.1	NP_001375059.1	0	N/A	23.547	327	30	8.19e-14	77.8	poly(A) RNA polymerase GLD2 isoform 10 [Homo sapiens]	TRUE	TENT2
XP_005718582.1	NP_001375030.1	0	N/A	23.123	333	30	1.34e-13	77	poly(A) RNA polymerase GLD2 isoform 9 [Homo sapiens]	TRUE	TENT2
XP_005718582.1	NP_001375065.1	0	N/A	23.547	327	30	1.5e-13	75.9	poly(A) RNA polymerase GLD2 isoform 14 [Homo sapiens]	TRUE	TENT2
XP_005718582.1	NP_001375042.1	0	N/A	23.565	331	30	3.32e-13	75.9	poly(A) RNA polymerase GLD2 isoform 16 [Homo sapiens]	TRUE	TENT2
XP_005718582.1	XP_047272808.1	0	N/A	23.565	331	30	3.4e-13	75.9	poly(A) RNA polymerase GLD2 isoform X3 [Homo sapiens]	TRUE	TENT2
XP_005718582.1	XP_047272807.1	0	N/A	23.565	331	30	3.4e-13	75.9	poly(A) RNA polymerase GLD2 isoform X3 [Homo sapiens]	TRUE	TENT2
XP_005718582.1	XP_047272806.1	0	N/A	23.565	331	30	3.4e-13	75.9	poly(A) RNA polymerase GLD2 isoform X3 [Homo sapiens]	TRUE	TENT2
XP_005718582.1	NP_776158.2	0	N/A	23.565	331	30	3.4e-13	75.9	poly(A) RNA polymerase GLD2 isoform 1 [Homo sapiens]	TRUE	TENT2
XP_005718582.1	NP_001375041.1	0	N/A	23.565	331	30	3.4e-13	75.9	poly(A) RNA polymerase GLD2 isoform 1 [Homo sapiens]	TRUE	TENT2
XP_005718582.1	NP_001375040.1	0	N/A	23.565	331	30	3.4e-13	75.9	poly(A) RNA polymerase GLD2 isoform 1 [Homo sapiens]	TRUE	TENT2
XP_005718582.1	NP_001375039.1	0	N/A	23.565	331	30	3.4e-13	75.9	poly(A) RNA polymerase GLD2 isoform 1 [Homo sapiens]	TRUE	TENT2
XP_005718582.1	NP_001375038.1	0	N/A	23.565	331	30	3.4e-13	75.9	poly(A) RNA polymerase GLD2 isoform 1 [Homo sapiens]	TRUE	TENT2
XP_005718582.1	NP_001375037.1	0	N/A	23.565	331	30	3.4e-13	75.9	poly(A) RNA polymerase GLD2 isoform 1 [Homo sapiens]	TRUE	TENT2
XP_005718582.1	NP_001375036.1	0	N/A	23.565	331	30	3.4e-13	75.9	poly(A) RNA polymerase GLD2 isoform 1 [Homo sapiens]	TRUE	TENT2
XP_005718582.1	NP_001375035.1	0	N/A	23.565	331	30	3.4e-13	75.9	poly(A) RNA polymerase GLD2 isoform 1 [Homo sapiens]	TRUE	TENT2
XP_005718582.1	NP_001375034.1	0	N/A	23.565	331	30	3.4e-13	75.9	poly(A) RNA polymerase GLD2 isoform 1 [Homo sapiens]	TRUE	TENT2
XP_005718582.1	NP_001375032.1	0	N/A	23.565	331	30	3.4e-13	75.9	poly(A) RNA polymerase GLD2 isoform 1 [Homo sapiens]	TRUE	TENT2
XP_005718582.1	NP_001375031.1	0	N/A	23.565	331	30	3.4e-13	75.9	poly(A) RNA polymerase GLD2 isoform 1 [Homo sapiens]	TRUE	TENT2
XP_005718582.1	NP_001336482.1	0	N/A	23.565	331	30	3.4e-13	75.9	poly(A) RNA polymerase GLD2 isoform 1 [Homo sapiens]	TRUE	TENT2
XP_005718582.1	NP_001336481.1	0	N/A	23.565	331	30	3.4e-13	75.9	poly(A) RNA polymerase GLD2 isoform 1 [Homo sapiens]	TRUE	TENT2
XP_005718582.1	NP_001107866.1	0	N/A	23.565	331	30	3.4e-13	75.9	poly(A) RNA polymerase GLD2 isoform 1 [Homo sapiens]	TRUE	TENT2
XP_005718582.1	NP_001107865.1	0	N/A	23.565	331	30	3.4e-13	75.9	poly(A) RNA polymerase GLD2 isoform 1 [Homo sapiens]	TRUE	TENT2
XP_005718582.1	NP_001375060.1	0	N/A	23.565	331	30	3.52e-13	75.5	poly(A) RNA polymerase GLD2 isoform 11 [Homo sapiens]	TRUE	TENT2
XP_005718582.1	NP_001375029.1	0	N/A	26.425	193	19	4.45e-13	75.5	poly(A) RNA polymerase GLD2 isoform 8 [Homo sapiens]	TRUE	TENT2
XP_005718582.1	NP_001375028.1	0	N/A	26.425	193	19	4.45e-13	75.5	poly(A) RNA polymerase GLD2 isoform 8 [Homo sapiens]	TRUE	TENT2
XP_005718582.1	XP_016856292.1	0	N/A	25.083	303	27	4.79e-13	76.3	terminal uridylyltransferase 4 isoform X9 [Homo sapiens]	TRUE	Tut4
XP_005718582.1	XP_016856293.1	0	N/A	25.083	303	27	4.99e-13	76.3	terminal uridylyltransferase 4 isoform X16 [Homo sapiens]	TRUE	Tut4
XP_005718582.1	XP_047272384.1	0	N/A	25	304	27	5.03e-13	75.9	terminal uridylyltransferase 4 isoform X46 [Homo sapiens]	TRUE	Tut4
XP_005718582.1	XP_047272288.1	0	N/A	25.083	303	27	5.04e-13	76.3	terminal uridylyltransferase 4 isoform X10 [Homo sapiens]	TRUE	Tut4
XP_005718582.1	XP_016856299.1	0	N/A	25.083	303	27	5.41e-13	76.3	terminal uridylyltransferase 4 isoform X40 [Homo sapiens]	TRUE	Tut4
XP_005718582.1	XP_047272285.1	0	N/A	25.083	303	27	5.78e-13	76.3	terminal uridylyltransferase 4 isoform X7 [Homo sapiens]	TRUE	Tut4
XP_005718582.1	XP_047272283.1	0	N/A	25.083	303	27	5.84e-13	76.3	terminal uridylyltransferase 4 isoform X6 [Homo sapiens]	TRUE	Tut4
XP_005718582.1	XP_005270737.1	0	N/A	25.083	303	27	5.84e-13	76.3	terminal uridylyltransferase 4 isoform X6 [Homo sapiens]	TRUE	Tut4
XP_005718582.1	XP_047272818.1	0	N/A	27.027	185	19	5.96e-13	73.9	poly(A) RNA polymerase GLD2 isoform X10 [Homo sapiens]	TRUE	TENT2
XP_005718582.1	XP_047272281.1	0	N/A	25.083	303	27	6.15e-13	75.9	terminal uridylyltransferase 4 isoform X4 [Homo sapiens]	TRUE	Tut4
XP_005718582.1	NP_001009881.1	0	N/A	25.083	303	27	6.15e-13	75.9	terminal uridylyltransferase 4 isoform a [Homo sapiens]	TRUE	Tut4
XP_005718582.1	XP_016856297.1	0	N/A	25.083	303	27	6.15e-13	75.9	terminal uridylyltransferase 4 isoform X36 [Homo sapiens]	TRUE	Tut4
XP_005718582.1	XP_047272280.1	0	N/A	25.083	303	27	6.15e-13	75.9	terminal uridylyltransferase 4 isoform X3 [Homo sapiens]	TRUE	Tut4
XP_005718582.1	XP_005270736.1	0	N/A	25.083	303	27	6.15e-13	75.9	terminal uridylyltransferase 4 isoform X3 [Homo sapiens]	TRUE	Tut4
XP_005718582.1	XP_047272282.1	0	N/A	25.083	303	27	6.31e-13	75.9	terminal uridylyltransferase 4 isoform X5 [Homo sapiens]	TRUE	Tut4
XP_005718582.1	NP_056084.1	0	N/A	25.083	303	27	6.31e-13	75.9	terminal uridylyltransferase 4 isoform b [Homo sapiens]	TRUE	Tut4
XP_005718582.1	XP_005270739.1	0	N/A	25.083	303	27	6.37e-13	75.9	terminal uridylyltransferase 4 isoform X33 [Homo sapiens]	TRUE	Tut4
XP_005718582.1	XP_047272365.1	0	N/A	25.083	303	27	6.58e-13	75.9	terminal uridylyltransferase 4 isoform X38 [Homo sapiens]	TRUE	Tut4
XP_005756740.1	XP_047289725.1	0	N/A	33.209	268	19	2.44e-11	71.2	NLR family CARD domain-containing protein 3 isoform X1 [Homo sapiens]	FALSE	NA
XP_005756740.1	NP_849172.2	0	N/A	33.209	268	19	2.44e-11	71.2	NLR family CARD domain-containing protein 3 [Homo sapiens]	FALSE	NA
XP_005756740.1	NP_789780.2	0	N/A	29.787	282	20	3.31e-11	70.9	NACHT, LRR and PYD domains-containing protein 13 isoform 1 [Homo sapiens]	FALSE	NA
XP_005756740.1	NP_001307986.1	0	N/A	27.213	305	20	3.98e-11	70.5	NACHT, LRR and PYD domains-containing protein 13 isoform 2 [Homo sapiens]	FALSE	NA
XP_005756740.1	XP_047290716.1	0	N/A	30.943	265	19	2.17e-10	68.6	protein NLRC5 isoform X1 [Homo sapiens]	FALSE	NA
XP_005756740.1	XP_047290720.1	0	N/A	30.943	265	19	2.18e-10	68.6	protein NLRC5 isoform X5 [Homo sapiens]	FALSE	NA
XP_005756740.1	XP_047290717.1	0	N/A	30.943	265	19	2.24e-10	68.6	protein NLRC5 isoform X2 [Homo sapiens]	FALSE	NA
XP_005756740.1	NP_001371887.1	0	N/A	30.943	265	19	2.27e-10	68.6	protein NLRC5 isoform 8 [Homo sapiens]	FALSE	NA
XP_005756740.1	NP_001371882.1	0	N/A	30.943	265	19	2.28e-10	68.6	protein NLRC5 isoform 3 [Homo sapiens]	FALSE	NA
XP_005756740.1	NP_001371881.1	0	N/A	30.943	265	19	2.28e-10	68.6	protein NLRC5 isoform 3 [Homo sapiens]	FALSE	NA
XP_005756740.1	NP_001371883.1	0	N/A	30.943	265	19	2.3e-10	68.6	protein NLRC5 isoform 4 [Homo sapiens]	FALSE	NA
XP_005756740.1	NP_001371888.1	0	N/A	30.943	265	19	2.39e-10	68.2	protein NLRC5 isoform 9 [Homo sapiens]	FALSE	NA
XP_005756740.1	NP_001371885.1	0	N/A	30.943	265	19	2.44e-10	68.2	protein NLRC5 isoform 6 [Homo sapiens]	FALSE	NA
XP_005756740.1	NP_001371880.1	0	N/A	30.943	265	19	2.56e-10	68.2	protein NLRC5 isoform 2 [Homo sapiens]	FALSE	NA
XP_005756740.1	NP_001317481.1	0	N/A	30.943	265	19	2.56e-10	68.2	protein NLRC5 isoform 2 [Homo sapiens]	FALSE	NA
XP_005756740.1	NP_115582.4	0	N/A	30.943	265	19	2.57e-10	68.2	protein NLRC5 isoform 1 [Homo sapiens]	FALSE	NA
XP_005756740.1	NP_001371879.1	0	N/A	30.943	265	19	2.57e-10	68.2	protein NLRC5 isoform 1 [Homo sapiens]	FALSE	NA
XP_005756740.1	XP_047290718.1	0	N/A	30.943	265	19	2.63e-10	68.2	protein NLRC5 isoform X3 [Homo sapiens]	FALSE	NA
XP_005756740.1	NP_001371884.1	0	N/A	30.943	265	19	2.63e-10	68.2	protein NLRC5 isoform 5 [Homo sapiens]	FALSE	NA
XP_005756740.1	NP_001371886.1	0	N/A	30.943	265	19	2.65e-10	68.2	protein NLRC5 isoform 7 [Homo sapiens]	FALSE	NA
XP_005756740.1	XP_047290719.1	0	N/A	30.943	265	19	2.74e-10	68.2	protein NLRC5 isoform X4 [Homo sapiens]	FALSE	NA
XP_005756740.1	NP_001317647.1	0	N/A	23.166	259	18	8.6e-10	66.2	terminal uridylyltransferase 7 isoform 3 [Homo sapiens]	TRUE	Tut7
XP_005756740.1	NP_001371889.1	0	N/A	32.331	266	19	1.09e-09	66.2	protein NLRC5 isoform 10 [Homo sapiens]	FALSE	NA
XP_005756740.1	XP_005252265.1	0	N/A	23.166	259	18	1.59e-09	65.5	terminal uridylyltransferase 7 isoform X7 [Homo sapiens]	TRUE	Tut7
XP_005756740.1	XP_005270739.1	0	N/A	22.868	258	18	1.77e-09	65.5	terminal uridylyltransferase 4 isoform X33 [Homo sapiens]	TRUE	Tut4
XP_005756740.1	XP_047272325.1	0	N/A	22.868	258	18	1.79e-09	65.5	terminal uridylyltransferase 4 isoform X23 [Homo sapiens]	TRUE	Tut4
XP_005756740.1	XP_047279823.1	0	N/A	23.166	259	18	1.8e-09	65.5	terminal uridylyltransferase 7 isoform X2 [Homo sapiens]	TRUE	Tut7
XP_005756740.1	XP_006717346.1	0	N/A	23.166	259	18	1.8e-09	65.5	terminal uridylyltransferase 7 isoform X2 [Homo sapiens]	TRUE	Tut7
XP_005756740.1	XP_016856295.1	0	N/A	22.868	258	18	1.89e-09	65.5	terminal uridylyltransferase 4 isoform X25 [Homo sapiens]	TRUE	Tut4
XP_005756740.1	XP_016856297.1	0	N/A	22.868	258	18	1.89e-09	65.5	terminal uridylyltransferase 4 isoform X36 [Homo sapiens]	TRUE	Tut4
XP_005756740.1	XP_047272344.1	0	N/A	22.868	258	18	1.94e-09	65.5	terminal uridylyltransferase 4 isoform X30 [Homo sapiens]	TRUE	Tut4
XP_005756740.1	XP_011539401.1	0	N/A	22.868	258	18	1.98e-09	65.1	terminal uridylyltransferase 4 isoform X29 [Homo sapiens]	TRUE	Tut4
XP_005756740.1	XP_047279825.1	0	N/A	23.166	259	18	1.99e-09	65.1	terminal uridylyltransferase 7 isoform X6 [Homo sapiens]	TRUE	Tut7
XP_005756740.1	XP_047279824.1	0	N/A	23.166	259	18	1.99e-09	65.1	terminal uridylyltransferase 7 isoform X6 [Homo sapiens]	TRUE	Tut7
XP_005756740.1	XP_005252264.1	0	N/A	23.166	259	18	1.99e-09	65.1	terminal uridylyltransferase 7 isoform X6 [Homo sapiens]	TRUE	Tut7
XP_005756740.1	XP_047272345.1	0	N/A	22.868	258	18	2.01e-09	65.1	terminal uridylyltransferase 4 isoform X31 [Homo sapiens]	TRUE	Tut4
XP_005756740.1	XP_016870620.1	0	N/A	23.166	259	18	2.03e-09	65.1	terminal uridylyltransferase 7 isoform X4 [Homo sapiens]	TRUE	Tut7
XP_005756740.1	XP_016870619.1	0	N/A	23.166	259	18	2.03e-09	65.1	terminal uridylyltransferase 7 isoform X4 [Homo sapiens]	TRUE	Tut7
XP_005756740.1	NP_078893.2	0	N/A	23.166	259	18	2.03e-09	65.1	terminal uridylyltransferase 7 isoform 1 [Homo sapiens]	TRUE	Tut7
XP_005756740.1	NP_001171988.1	0	N/A	23.166	259	18	2.03e-09	65.1	terminal uridylyltransferase 7 isoform 1 [Homo sapiens]	TRUE	Tut7
XP_005756740.1	XP_011517318.1	0	N/A	23.166	259	18	2.11e-09	65.1	terminal uridylyltransferase 7 isoform X5 [Homo sapiens]	TRUE	Tut7
XP_005756740.1	XP_011517317.1	0	N/A	23.166	259	18	2.13e-09	65.1	terminal uridylyltransferase 7 isoform X3 [Homo sapiens]	TRUE	Tut7
XP_005756740.1	XP_011517316.1	0	N/A	23.166	259	18	2.21e-09	65.1	terminal uridylyltransferase 7 isoform X1 [Homo sapiens]	TRUE	Tut7
XP_005756740.1	XP_011517315.1	0	N/A	23.166	259	18	2.21e-09	65.1	terminal uridylyltransferase 7 isoform X1 [Homo sapiens]	TRUE	Tut7
XP_005756740.1	XP_011517314.1	0	N/A	23.166	259	18	2.21e-09	65.1	terminal uridylyltransferase 7 isoform X1 [Homo sapiens]	TRUE	Tut7
XP_005756740.1	XP_011517313.1	0	N/A	23.166	259	18	2.21e-09	65.1	terminal uridylyltransferase 7 isoform X1 [Homo sapiens]	TRUE	Tut7
XP_005756740.1	NP_001172003.1	0	N/A	23.166	259	18	2.21e-09	65.1	terminal uridylyltransferase 7 isoform 2 [Homo sapiens]	TRUE	Tut7
XP_005756740.1	XP_011539399.1	0	N/A	22.868	258	18	2.23e-09	65.1	terminal uridylyltransferase 4 isoform X1 [Homo sapiens]	TRUE	Tut4
XP_005756740.1	XP_005270733.1	0	N/A	22.868	258	18	2.23e-09	65.1	terminal uridylyltransferase 4 isoform X1 [Homo sapiens]	TRUE	Tut4
XP_005756740.1	XP_005270735.1	0	N/A	22.868	258	18	2.25e-09	65.1	terminal uridylyltransferase 4 isoform X2 [Homo sapiens]	TRUE	Tut4
XP_005756740.1	XP_047272365.1	0	N/A	22.868	258	18	2.26e-09	65.1	terminal uridylyltransferase 4 isoform X38 [Homo sapiens]	TRUE	Tut4
XP_005756740.1	XP_047272280.1	0	N/A	22.868	258	18	2.33e-09	65.1	terminal uridylyltransferase 4 isoform X3 [Homo sapiens]	TRUE	Tut4
XP_005756740.1	XP_005270736.1	0	N/A	22.868	258	18	2.33e-09	65.1	terminal uridylyltransferase 4 isoform X3 [Homo sapiens]	TRUE	Tut4
XP_005756740.1	XP_047272350.1	0	N/A	22.868	258	18	2.34e-09	65.1	terminal uridylyltransferase 4 isoform X34 [Homo sapiens]	TRUE	Tut4
XP_005756740.1	XP_047272286.1	0	N/A	22.868	258	18	2.34e-09	65.1	terminal uridylyltransferase 4 isoform X8 [Homo sapiens]	TRUE	Tut4
XP_005756740.1	XP_016856296.1	0	N/A	22.868	258	18	2.35e-09	65.1	terminal uridylyltransferase 4 isoform X28 [Homo sapiens]	TRUE	Tut4
XP_005756740.1	XP_047272337.1	0	N/A	22.868	258	18	2.37e-09	65.1	terminal uridylyltransferase 4 isoform X27 [Homo sapiens]	TRUE	Tut4
XP_005756740.1	XP_047272290.1	0	N/A	22.868	258	18	2.38e-09	65.1	terminal uridylyltransferase 4 isoform X11 [Homo sapiens]	TRUE	Tut4
XP_005756740.1	XP_047272285.1	0	N/A	22.868	258	18	2.4e-09	65.1	terminal uridylyltransferase 4 isoform X7 [Homo sapiens]	TRUE	Tut4
XP_005756740.1	XP_047272295.1	0	N/A	22.868	258	18	2.42e-09	65.1	terminal uridylyltransferase 4 isoform X12 [Homo sapiens]	TRUE	Tut4
XP_005756740.1	XP_047272296.1	0	N/A	22.868	258	18	2.48e-09	65.1	terminal uridylyltransferase 4 isoform X13 [Homo sapiens]	TRUE	Tut4
XP_005756740.1	XP_047272372.1	0	N/A	22.868	258	18	2.53e-09	65.1	terminal uridylyltransferase 4 isoform X42 [Homo sapiens]	TRUE	Tut4
XP_005756740.1	XP_016856292.1	0	N/A	22.868	258	18	2.68e-09	64.7	terminal uridylyltransferase 4 isoform X9 [Homo sapiens]	TRUE	Tut4
XP_005756740.1	NP_631915.2	0	N/A	29.412	238	17	2.71e-09	64.7	NACHT, LRR and PYD domains-containing protein 7 isoform 1 [Homo sapiens]	FALSE	NA
XP_005756740.1	XP_016856299.1	0	N/A	22.868	258	18	2.74e-09	64.7	terminal uridylyltransferase 4 isoform X40 [Homo sapiens]	TRUE	Tut4
XP_005756740.1	NP_789792.1	0	N/A	25.959	339	20	2.76e-09	64.7	NACHT, LRR and PYD domains-containing protein 14 [Homo sapiens]	FALSE	NA
XP_005756740.1	XP_054189604.1	0	N/A	29.412	238	17	2.76e-09	64.7	NACHT, LRR and PYD domains-containing protein 7 isoform X26 [Homo sapiens]	FALSE	NA
XP_005756740.1	XP_054189506.1	0	N/A	29.412	238	17	2.76e-09	64.7	NACHT, LRR and PYD domains-containing protein 7 isoform X23 [Homo sapiens]	FALSE	NA
XP_005756740.1	XP_054187195.1	0	N/A	29.412	238	17	2.76e-09	64.7	NACHT, LRR and PYD domains-containing protein 7 isoform X18 [Homo sapiens]	FALSE	NA
XP_005756740.1	XP_054186917.1	0	N/A	29.412	238	17	2.76e-09	64.7	NACHT, LRR and PYD domains-containing protein 7 isoform X15 [Homo sapiens]	FALSE	NA
XP_005756740.1	XP_054186686.1	0	N/A	29.412	238	17	2.76e-09	64.7	NACHT, LRR and PYD domains-containing protein 7 isoform X12 [Homo sapiens]	FALSE	NA
XP_005756740.1	XP_054186433.1	0	N/A	29.412	238	17	2.76e-09	64.7	NACHT, LRR and PYD domains-containing protein 7 isoform X9 [Homo sapiens]	FALSE	NA
XP_005756740.1	XP_054186120.1	0	N/A	29.412	238	17	2.76e-09	64.7	NACHT, LRR and PYD domains-containing protein 7 isoform X6 [Homo sapiens]	FALSE	NA
XP_005756740.1	XP_054185641.1	0	N/A	29.412	238	17	2.76e-09	64.7	NACHT, LRR and PYD domains-containing protein 7 isoform X2 [Homo sapiens]	FALSE	NA
XP_005756740.1	XP_047272283.1	0	N/A	22.868	258	18	2.78e-09	64.7	terminal uridylyltransferase 4 isoform X6 [Homo sapiens]	TRUE	Tut4
XP_005756740.1	XP_005270737.1	0	N/A	22.868	258	18	2.78e-09	64.7	terminal uridylyltransferase 4 isoform X6 [Homo sapiens]	TRUE	Tut4
XP_005756740.1	XP_047272305.1	0	N/A	22.868	258	18	2.84e-09	64.7	terminal uridylyltransferase 4 isoform X17 [Homo sapiens]	TRUE	Tut4
XP_005756740.1	XP_047272282.1	0	N/A	22.868	258	18	2.88e-09	64.7	terminal uridylyltransferase 4 isoform X5 [Homo sapiens]	TRUE	Tut4
XP_005756740.1	NP_056084.1	0	N/A	22.868	258	18	2.88e-09	64.7	terminal uridylyltransferase 4 isoform b [Homo sapiens]	TRUE	Tut4
XP_005756740.1	XP_047272288.1	0	N/A	22.868	258	18	2.99e-09	64.7	terminal uridylyltransferase 4 isoform X10 [Homo sapiens]	TRUE	Tut4
XP_005756740.1	XP_047272281.1	0	N/A	22.868	258	18	3e-09	64.7	terminal uridylyltransferase 4 isoform X4 [Homo sapiens]	TRUE	Tut4
XP_005756740.1	NP_001009881.1	0	N/A	22.868	258	18	3e-09	64.7	terminal uridylyltransferase 4 isoform a [Homo sapiens]	TRUE	Tut4
XP_005756740.1	XP_016856293.1	0	N/A	22.868	258	18	3.14e-09	64.7	terminal uridylyltransferase 4 isoform X16 [Homo sapiens]	TRUE	Tut4
XP_005756740.1	XP_054187469.1	0	N/A	29.412	238	17	3.4e-09	64.3	NACHT, LRR and PYD domains-containing protein 7 isoform X5 [Homo sapiens]	FALSE	NA
XP_005756740.1	XP_054187468.1	0	N/A	29.412	238	17	3.4e-09	64.3	NACHT, LRR and PYD domains-containing protein 7 isoform X5 [Homo sapiens]	FALSE	NA
XP_005756740.1	XP_054187467.1	0	N/A	29.412	238	17	3.4e-09	64.3	NACHT, LRR and PYD domains-containing protein 7 isoform X5 [Homo sapiens]	FALSE	NA
XP_005756740.1	XP_054189607.1	0	N/A	29.412	238	17	3.46e-09	64.3	NACHT, LRR and PYD domains-containing protein 7 isoform X5 [Homo sapiens]	FALSE	NA
XP_005756740.1	XP_054189606.1	0	N/A	29.412	238	17	3.46e-09	64.3	NACHT, LRR and PYD domains-containing protein 7 isoform X5 [Homo sapiens]	FALSE	NA
XP_005756740.1	XP_054189605.1	0	N/A	29.412	238	17	3.46e-09	64.3	NACHT, LRR and PYD domains-containing protein 7 isoform X5 [Homo sapiens]	FALSE	NA
XP_005756740.1	XP_054189509.1	0	N/A	29.412	238	17	3.46e-09	64.3	NACHT, LRR and PYD domains-containing protein 7 isoform X5 [Homo sapiens]	FALSE	NA
XP_005756740.1	XP_054189508.1	0	N/A	29.412	238	17	3.46e-09	64.3	NACHT, LRR and PYD domains-containing protein 7 isoform X5 [Homo sapiens]	FALSE	NA
XP_005756740.1	XP_054189507.1	0	N/A	29.412	238	17	3.46e-09	64.3	NACHT, LRR and PYD domains-containing protein 7 isoform X5 [Homo sapiens]	FALSE	NA
XP_005756740.1	XP_054187198.1	0	N/A	29.412	238	17	3.46e-09	64.3	NACHT, LRR and PYD domains-containing protein 7 isoform X5 [Homo sapiens]	FALSE	NA
XP_005756740.1	XP_054187197.1	0	N/A	29.412	238	17	3.46e-09	64.3	NACHT, LRR and PYD domains-containing protein 7 isoform X5 [Homo sapiens]	FALSE	NA
XP_005756740.1	XP_054187196.1	0	N/A	29.412	238	17	3.46e-09	64.3	NACHT, LRR and PYD domains-containing protein 7 isoform X5 [Homo sapiens]	FALSE	NA
XP_005756740.1	XP_054186920.1	0	N/A	29.412	238	17	3.46e-09	64.3	NACHT, LRR and PYD domains-containing protein 7 isoform X5 [Homo sapiens]	FALSE	NA
XP_005756740.1	XP_054186919.1	0	N/A	29.412	238	17	3.46e-09	64.3	NACHT, LRR and PYD domains-containing protein 7 isoform X5 [Homo sapiens]	FALSE	NA
XP_005756740.1	XP_054186918.1	0	N/A	29.412	238	17	3.46e-09	64.3	NACHT, LRR and PYD domains-containing protein 7 isoform X5 [Homo sapiens]	FALSE	NA
XP_005756740.1	XP_054186689.1	0	N/A	29.412	238	17	3.46e-09	64.3	NACHT, LRR and PYD domains-containing protein 7 isoform X5 [Homo sapiens]	FALSE	NA
XP_005756740.1	XP_054186688.1	0	N/A	29.412	238	17	3.46e-09	64.3	NACHT, LRR and PYD domains-containing protein 7 isoform X5 [Homo sapiens]	FALSE	NA
XP_005758931.1	NP_001352252.1	0	N/A	37.662	77	64	1.1e-10	59.7	terminal nucleotidyltransferase 4B isoform c [Homo sapiens]	TRUE	TENT4B
XP_005758931.1	XP_011521580.1	0	N/A	37.662	77	64	1.14e-10	59.7	terminal nucleotidyltransferase 4B isoform X5 [Homo sapiens]	TRUE	TENT4B
XP_005758931.1	NP_001352253.1	0	N/A	37.662	77	64	1.17e-10	59.7	terminal nucleotidyltransferase 4B isoform d [Homo sapiens]	TRUE	TENT4B
XP_005758931.1	XP_047290431.1	0	N/A	37.662	77	64	1.5e-10	59.3	terminal nucleotidyltransferase 4B isoform X3 [Homo sapiens]	TRUE	TENT4B
XP_005758931.1	XP_047290432.1	0	N/A	37.662	77	64	1.52e-10	59.3	terminal nucleotidyltransferase 4B isoform X4 [Homo sapiens]	TRUE	TENT4B
XP_005758931.1	XP_047290433.1	0	N/A	37.662	77	64	1.63e-10	59.3	terminal nucleotidyltransferase 4B isoform X6 [Homo sapiens]	TRUE	TENT4B
XP_005758931.1	NP_001035374.2	0	N/A	37.662	77	64	2.31e-10	58.9	terminal nucleotidyltransferase 4B isoform a [Homo sapiens]	TRUE	TENT4B
XP_005758931.1	XP_011521577.1	0	N/A	37.662	77	64	2.31e-10	58.9	terminal nucleotidyltransferase 4B isoform X1 [Homo sapiens]	TRUE	TENT4B
XP_005758931.1	NP_001035375.2	0	N/A	37.662	77	64	3.12e-10	58.5	terminal nucleotidyltransferase 4B isoform b [Homo sapiens]	TRUE	TENT4B
XP_005758931.1	XP_011521578.1	0	N/A	37.662	77	64	3.12e-10	58.5	terminal nucleotidyltransferase 4B isoform X2 [Homo sapiens]	TRUE	TENT4B
XP_005758931.1	NP_001336477.1	0	N/A	28.182	110	88	2.76e-09	55.1	poly(A) RNA polymerase GLD2 isoform 4 [Homo sapiens]	TRUE	TENT2
XP_005758931.1	XP_047272820.1	0	N/A	28.182	110	88	3.19e-09	55.1	poly(A) RNA polymerase GLD2 isoform X11 [Homo sapiens]	TRUE	TENT2
XP_005758931.1	XP_047272624.1	0	N/A	35.065	77	64	7.26e-09	54.3	terminal nucleotidyltransferase 4A isoform X3 [Homo sapiens]	TRUE	TENT4A
XP_005758931.1	XP_047272623.1	0	N/A	35.065	77	64	7.26e-09	54.3	terminal nucleotidyltransferase 4A isoform X2 [Homo sapiens]	TRUE	TENT4A
XP_005758931.1	XP_016864477.1	0	N/A	35.065	77	64	7.26e-09	54.3	terminal nucleotidyltransferase 4A isoform X2 [Homo sapiens]	TRUE	TENT4A
XP_005758931.1	XP_047272622.1	0	N/A	35.065	77	64	7.57e-09	54.3	terminal nucleotidyltransferase 4A isoform X1 [Homo sapiens]	TRUE	TENT4A
XP_005758931.1	XP_047272621.1	0	N/A	35.065	77	64	7.57e-09	54.3	terminal nucleotidyltransferase 4A isoform X1 [Homo sapiens]	TRUE	TENT4A
XP_005758931.1	XP_047272620.1	0	N/A	35.065	77	64	7.57e-09	54.3	terminal nucleotidyltransferase 4A isoform X1 [Homo sapiens]	TRUE	TENT4A
XP_005758931.1	NP_001165276.2	0	N/A	35.065	77	64	1.05e-08	53.9	terminal nucleotidyltransferase 4A isoform 2 [Homo sapiens]	TRUE	TENT4A
XP_005758931.1	NP_008930.2	0	N/A	35.065	77	64	1.06e-08	53.9	terminal nucleotidyltransferase 4A isoform 1 [Homo sapiens]	TRUE	TENT4A
XP_005758931.1	NP_001375060.1	0	N/A	28.182	110	88	2.48e-08	52.8	poly(A) RNA polymerase GLD2 isoform 11 [Homo sapiens]	TRUE	TENT2
XP_005758931.1	NP_001375061.1	0	N/A	28.182	110	88	2.67e-08	52.8	poly(A) RNA polymerase GLD2 isoform 12 [Homo sapiens]	TRUE	TENT2
XP_005758931.1	NP_001375042.1	0	N/A	28.182	110	88	2.7e-08	52.8	poly(A) RNA polymerase GLD2 isoform 16 [Homo sapiens]	TRUE	TENT2
XP_005758931.1	XP_047272818.1	0	N/A	30.233	86	72	3.12e-08	52.4	poly(A) RNA polymerase GLD2 isoform X10 [Homo sapiens]	TRUE	TENT2
XP_005758931.1	XP_047272808.1	0	N/A	28.182	110	88	3.19e-08	52.8	poly(A) RNA polymerase GLD2 isoform X3 [Homo sapiens]	TRUE	TENT2
XP_005758931.1	XP_047272807.1	0	N/A	28.182	110	88	3.19e-08	52.8	poly(A) RNA polymerase GLD2 isoform X3 [Homo sapiens]	TRUE	TENT2
XP_005758931.1	XP_047272806.1	0	N/A	28.182	110	88	3.19e-08	52.8	poly(A) RNA polymerase GLD2 isoform X3 [Homo sapiens]	TRUE	TENT2
XP_005758931.1	NP_776158.2	0	N/A	28.182	110	88	3.19e-08	52.8	poly(A) RNA polymerase GLD2 isoform 1 [Homo sapiens]	TRUE	TENT2
XP_005758931.1	NP_001375041.1	0	N/A	28.182	110	88	3.19e-08	52.8	poly(A) RNA polymerase GLD2 isoform 1 [Homo sapiens]	TRUE	TENT2
XP_005758931.1	NP_001375040.1	0	N/A	28.182	110	88	3.19e-08	52.8	poly(A) RNA polymerase GLD2 isoform 1 [Homo sapiens]	TRUE	TENT2
XP_005758931.1	NP_001375039.1	0	N/A	28.182	110	88	3.19e-08	52.8	poly(A) RNA polymerase GLD2 isoform 1 [Homo sapiens]	TRUE	TENT2
XP_005758931.1	NP_001375038.1	0	N/A	28.182	110	88	3.19e-08	52.8	poly(A) RNA polymerase GLD2 isoform 1 [Homo sapiens]	TRUE	TENT2
XP_005758931.1	NP_001375037.1	0	N/A	28.182	110	88	3.19e-08	52.8	poly(A) RNA polymerase GLD2 isoform 1 [Homo sapiens]	TRUE	TENT2
XP_005758931.1	NP_001375036.1	0	N/A	28.182	110	88	3.19e-08	52.8	poly(A) RNA polymerase GLD2 isoform 1 [Homo sapiens]	TRUE	TENT2
XP_005758931.1	NP_001375035.1	0	N/A	28.182	110	88	3.19e-08	52.8	poly(A) RNA polymerase GLD2 isoform 1 [Homo sapiens]	TRUE	TENT2
XP_005758931.1	NP_001375034.1	0	N/A	28.182	110	88	3.19e-08	52.8	poly(A) RNA polymerase GLD2 isoform 1 [Homo sapiens]	TRUE	TENT2
XP_005758931.1	NP_001375032.1	0	N/A	28.182	110	88	3.19e-08	52.8	poly(A) RNA polymerase GLD2 isoform 1 [Homo sapiens]	TRUE	TENT2
XP_005758931.1	NP_001375031.1	0	N/A	28.182	110	88	3.19e-08	52.8	poly(A) RNA polymerase GLD2 isoform 1 [Homo sapiens]	TRUE	TENT2
XP_005758931.1	NP_001336482.1	0	N/A	28.182	110	88	3.19e-08	52.8	poly(A) RNA polymerase GLD2 isoform 1 [Homo sapiens]	TRUE	TENT2
XP_005758931.1	NP_001336481.1	0	N/A	28.182	110	88	3.19e-08	52.8	poly(A) RNA polymerase GLD2 isoform 1 [Homo sapiens]	TRUE	TENT2
XP_005758931.1	NP_001107866.1	0	N/A	28.182	110	88	3.19e-08	52.8	poly(A) RNA polymerase GLD2 isoform 1 [Homo sapiens]	TRUE	TENT2
XP_005758931.1	NP_001107865.1	0	N/A	28.182	110	88	3.19e-08	52.8	poly(A) RNA polymerase GLD2 isoform 1 [Homo sapiens]	TRUE	TENT2
XP_005758931.1	XP_047272811.1	0	N/A	28.182	110	88	3.44e-08	52.4	poly(A) RNA polymerase GLD2 isoform X4 [Homo sapiens]	TRUE	TENT2
XP_005758931.1	XP_047272810.1	0	N/A	28.182	110	88	3.44e-08	52.4	poly(A) RNA polymerase GLD2 isoform X4 [Homo sapiens]	TRUE	TENT2
XP_005758931.1	XP_047272809.1	0	N/A	28.182	110	88	3.44e-08	52.4	poly(A) RNA polymerase GLD2 isoform X4 [Homo sapiens]	TRUE	TENT2
XP_005758931.1	NP_001375058.1	0	N/A	28.182	110	88	3.44e-08	52.4	poly(A) RNA polymerase GLD2 isoform 2 [Homo sapiens]	TRUE	TENT2
XP_005758931.1	NP_001375057.1	0	N/A	28.182	110	88	3.44e-08	52.4	poly(A) RNA polymerase GLD2 isoform 2 [Homo sapiens]	TRUE	TENT2
XP_005758931.1	NP_001375056.1	0	N/A	28.182	110	88	3.44e-08	52.4	poly(A) RNA polymerase GLD2 isoform 2 [Homo sapiens]	TRUE	TENT2
XP_005758931.1	NP_001375055.1	0	N/A	28.182	110	88	3.44e-08	52.4	poly(A) RNA polymerase GLD2 isoform 2 [Homo sapiens]	TRUE	TENT2
XP_005758931.1	NP_001375054.1	0	N/A	28.182	110	88	3.44e-08	52.4	poly(A) RNA polymerase GLD2 isoform 2 [Homo sapiens]	TRUE	TENT2
XP_005758931.1	NP_001375053.1	0	N/A	28.182	110	88	3.44e-08	52.4	poly(A) RNA polymerase GLD2 isoform 2 [Homo sapiens]	TRUE	TENT2
XP_005758931.1	NP_001375052.1	0	N/A	28.182	110	88	3.44e-08	52.4	poly(A) RNA polymerase GLD2 isoform 2 [Homo sapiens]	TRUE	TENT2
XP_005758931.1	NP_001375051.1	0	N/A	28.182	110	88	3.44e-08	52.4	poly(A) RNA polymerase GLD2 isoform 2 [Homo sapiens]	TRUE	TENT2
XP_005758931.1	NP_001375050.1	0	N/A	28.182	110	88	3.44e-08	52.4	poly(A) RNA polymerase GLD2 isoform 2 [Homo sapiens]	TRUE	TENT2
XP_005758931.1	NP_001375049.1	0	N/A	28.182	110	88	3.44e-08	52.4	poly(A) RNA polymerase GLD2 isoform 2 [Homo sapiens]	TRUE	TENT2
XP_005758931.1	NP_001375048.1	0	N/A	28.182	110	88	3.44e-08	52.4	poly(A) RNA polymerase GLD2 isoform 2 [Homo sapiens]	TRUE	TENT2
XP_005758931.1	NP_001375047.1	0	N/A	28.182	110	88	3.44e-08	52.4	poly(A) RNA polymerase GLD2 isoform 2 [Homo sapiens]	TRUE	TENT2
XP_005758931.1	NP_001375046.1	0	N/A	28.182	110	88	3.44e-08	52.4	poly(A) RNA polymerase GLD2 isoform 2 [Homo sapiens]	TRUE	TENT2
XP_005758931.1	NP_001375045.1	0	N/A	28.182	110	88	3.44e-08	52.4	poly(A) RNA polymerase GLD2 isoform 2 [Homo sapiens]	TRUE	TENT2
XP_005758931.1	NP_001375044.1	0	N/A	28.182	110	88	3.44e-08	52.4	poly(A) RNA polymerase GLD2 isoform 2 [Homo sapiens]	TRUE	TENT2
XP_005758931.1	NP_001375043.1	0	N/A	28.182	110	88	3.44e-08	52.4	poly(A) RNA polymerase GLD2 isoform 2 [Homo sapiens]	TRUE	TENT2
XP_005758931.1	NP_001336483.1	0	N/A	28.182	110	88	3.44e-08	52.4	poly(A) RNA polymerase GLD2 isoform 2 [Homo sapiens]	TRUE	TENT2
XP_005758931.1	NP_001284673.1	0	N/A	28.182	110	88	3.44e-08	52.4	poly(A) RNA polymerase GLD2 isoform 2 [Homo sapiens]	TRUE	TENT2
XP_005758931.1	NP_001375027.1	0	N/A	28.182	110	88	3.5e-08	52.4	poly(A) RNA polymerase GLD2 isoform 7 [Homo sapiens]	TRUE	TENT2
XP_005758931.1	NP_001375059.1	0	N/A	28.182	110	88	3.51e-08	52.4	poly(A) RNA polymerase GLD2 isoform 10 [Homo sapiens]	TRUE	TENT2
XP_005758931.1	NP_001375065.1	0	N/A	28.182	110	88	3.53e-08	52.4	poly(A) RNA polymerase GLD2 isoform 14 [Homo sapiens]	TRUE	TENT2
XP_005758931.1	XP_047272801.1	0	N/A	28.182	110	88	3.54e-08	52.4	poly(A) RNA polymerase GLD2 isoform X1 [Homo sapiens]	TRUE	TENT2
XP_005758931.1	XP_047272800.1	0	N/A	28.182	110	88	3.54e-08	52.4	poly(A) RNA polymerase GLD2 isoform X1 [Homo sapiens]	TRUE	TENT2
XP_005758931.1	XP_011541527.1	0	N/A	28.182	110	88	3.54e-08	52.4	poly(A) RNA polymerase GLD2 isoform X1 [Homo sapiens]	TRUE	TENT2
XP_005758931.1	XP_011541526.1	0	N/A	28.182	110	88	3.54e-08	52.4	poly(A) RNA polymerase GLD2 isoform X1 [Homo sapiens]	TRUE	TENT2
XP_005758931.1	XP_011541523.1	0	N/A	28.182	110	88	3.54e-08	52.4	poly(A) RNA polymerase GLD2 isoform X1 [Homo sapiens]	TRUE	TENT2
XP_005758931.1	XP_011541522.1	0	N/A	28.182	110	88	3.54e-08	52.4	poly(A) RNA polymerase GLD2 isoform X1 [Homo sapiens]	TRUE	TENT2
XP_005758931.1	NP_001375023.1	0	N/A	28.182	110	88	3.54e-08	52.4	poly(A) RNA polymerase GLD2 isoform 5 [Homo sapiens]	TRUE	TENT2
XP_005758931.1	NP_001375022.1	0	N/A	28.182	110	88	3.54e-08	52.4	poly(A) RNA polymerase GLD2 isoform 5 [Homo sapiens]	TRUE	TENT2
XP_005758931.1	NP_001336479.1	0	N/A	28.182	110	88	3.54e-08	52.4	poly(A) RNA polymerase GLD2 isoform 5 [Homo sapiens]	TRUE	TENT2
XP_005758931.1	NP_001336478.1	0	N/A	28.182	110	88	3.54e-08	52.4	poly(A) RNA polymerase GLD2 isoform 5 [Homo sapiens]	TRUE	TENT2
XP_005758931.1	XP_047272805.1	0	N/A	28.182	110	88	3.57e-08	52.4	poly(A) RNA polymerase GLD2 isoform X2 [Homo sapiens]	TRUE	TENT2
XP_005758931.1	XP_047272804.1	0	N/A	28.182	110	88	3.57e-08	52.4	poly(A) RNA polymerase GLD2 isoform X2 [Homo sapiens]	TRUE	TENT2
XP_005758931.1	XP_047272803.1	0	N/A	28.182	110	88	3.57e-08	52.4	poly(A) RNA polymerase GLD2 isoform X2 [Homo sapiens]	TRUE	TENT2
XP_005758931.1	XP_047272802.1	0	N/A	28.182	110	88	3.57e-08	52.4	poly(A) RNA polymerase GLD2 isoform X2 [Homo sapiens]	TRUE	TENT2
XP_005758931.1	XP_016864641.1	0	N/A	28.182	110	88	3.57e-08	52.4	poly(A) RNA polymerase GLD2 isoform X2 [Homo sapiens]	TRUE	TENT2
XP_005758931.1	NP_001375026.1	0	N/A	28.182	110	88	3.57e-08	52.4	poly(A) RNA polymerase GLD2 isoform 6 [Homo sapiens]	TRUE	TENT2
XP_005758931.1	NP_001375025.1	0	N/A	28.182	110	88	3.57e-08	52.4	poly(A) RNA polymerase GLD2 isoform 6 [Homo sapiens]	TRUE	TENT2
XP_005758931.1	NP_001375024.1	0	N/A	28.182	110	88	3.57e-08	52.4	poly(A) RNA polymerase GLD2 isoform 6 [Homo sapiens]	TRUE	TENT2
XP_005758931.1	NP_001336480.1	0	N/A	28.182	110	88	3.57e-08	52.4	poly(A) RNA polymerase GLD2 isoform 6 [Homo sapiens]	TRUE	TENT2
XP_005758931.1	NP_001375029.1	0	N/A	28.182	110	88	3.59e-08	52.4	poly(A) RNA polymerase GLD2 isoform 8 [Homo sapiens]	TRUE	TENT2
XP_005758931.1	NP_001375028.1	0	N/A	28.182	110	88	3.59e-08	52.4	poly(A) RNA polymerase GLD2 isoform 8 [Homo sapiens]	TRUE	TENT2
XP_005758931.1	NP_001375030.1	0	N/A	28.182	110	88	3.69e-08	52.4	poly(A) RNA polymerase GLD2 isoform 9 [Homo sapiens]	TRUE	TENT2
XP_005758931.1	XP_047272816.1	0	N/A	30.588	85	71	1.32e-07	50.8	poly(A) RNA polymerase GLD2 isoform X8 [Homo sapiens]	TRUE	TENT2
XP_005758931.1	XP_047272817.1	0	N/A	30.588	85	71	1.5e-07	50.4	poly(A) RNA polymerase GLD2 isoform X9 [Homo sapiens]	TRUE	TENT2
XP_005758931.1	XP_011541531.1	0	N/A	31.148	61	51	0.027	35.8	poly(A) RNA polymerase GLD2 isoform X5 [Homo sapiens]	TRUE	TENT2
XP_005758931.1	XP_047272814.1	0	N/A	31.148	61	51	0.027	35.4	poly(A) RNA polymerase GLD2 isoform X6 [Homo sapiens]	TRUE	TENT2
XP_005758931.1	XP_047272813.1	0	N/A	31.148	61	51	0.027	35.4	poly(A) RNA polymerase GLD2 isoform X6 [Homo sapiens]	TRUE	TENT2
XP_005758931.1	XP_047272812.1	0	N/A	31.148	61	51	0.027	35.4	poly(A) RNA polymerase GLD2 isoform X6 [Homo sapiens]	TRUE	TENT2
XP_005758931.1	NP_001375062.1	0	N/A	31.148	61	51	0.027	35.4	poly(A) RNA polymerase GLD2 isoform 3 [Homo sapiens]	TRUE	TENT2
XP_005758931.1	NP_001284674.1	0	N/A	31.148	61	51	0.027	35.4	poly(A) RNA polymerase GLD2 isoform 3 [Homo sapiens]	TRUE	TENT2
XP_005758931.1	XP_047272815.1	0	N/A	31.148	61	51	0.028	35.4	poly(A) RNA polymerase GLD2 isoform X7 [Homo sapiens]	TRUE	TENT2
XP_005758931.1	NP_001375064.1	0	N/A	31.148	61	51	0.028	35.4	poly(A) RNA polymerase GLD2 isoform 13 [Homo sapiens]	TRUE	TENT2
XP_005758931.1	NP_001375063.1	0	N/A	31.148	61	51	0.028	35.4	poly(A) RNA polymerase GLD2 isoform 13 [Homo sapiens]	TRUE	TENT2
XP_005761589.1	XP_047272805.1	0	N/A	25.1	251	39	9.85e-08	57.4	poly(A) RNA polymerase GLD2 isoform X2 [Homo sapiens]	TRUE	TENT2
XP_005761589.1	XP_047272804.1	0	N/A	25.1	251	39	9.85e-08	57.4	poly(A) RNA polymerase GLD2 isoform X2 [Homo sapiens]	TRUE	TENT2
XP_005761589.1	XP_047272803.1	0	N/A	25.1	251	39	9.85e-08	57.4	poly(A) RNA polymerase GLD2 isoform X2 [Homo sapiens]	TRUE	TENT2
XP_005761589.1	XP_047272802.1	0	N/A	25.1	251	39	9.85e-08	57.4	poly(A) RNA polymerase GLD2 isoform X2 [Homo sapiens]	TRUE	TENT2
XP_005761589.1	XP_016864641.1	0	N/A	25.1	251	39	9.85e-08	57.4	poly(A) RNA polymerase GLD2 isoform X2 [Homo sapiens]	TRUE	TENT2
XP_005761589.1	NP_001375026.1	0	N/A	25.1	251	39	9.85e-08	57.4	poly(A) RNA polymerase GLD2 isoform 6 [Homo sapiens]	TRUE	TENT2
XP_005761589.1	NP_001375025.1	0	N/A	25.1	251	39	9.85e-08	57.4	poly(A) RNA polymerase GLD2 isoform 6 [Homo sapiens]	TRUE	TENT2
XP_005761589.1	NP_001375024.1	0	N/A	25.1	251	39	9.85e-08	57.4	poly(A) RNA polymerase GLD2 isoform 6 [Homo sapiens]	TRUE	TENT2
XP_005761589.1	NP_001336480.1	0	N/A	25.1	251	39	9.85e-08	57.4	poly(A) RNA polymerase GLD2 isoform 6 [Homo sapiens]	TRUE	TENT2
XP_005761589.1	NP_001375027.1	0	N/A	25.1	251	39	1.08e-07	57.4	poly(A) RNA polymerase GLD2 isoform 7 [Homo sapiens]	TRUE	TENT2
XP_005761589.1	NP_001375065.1	0	N/A	25.439	228	38	1.1e-07	56.6	poly(A) RNA polymerase GLD2 isoform 14 [Homo sapiens]	TRUE	TENT2
XP_005761589.1	XP_047272811.1	0	N/A	24.79	238	39	1.36e-07	57	poly(A) RNA polymerase GLD2 isoform X4 [Homo sapiens]	TRUE	TENT2
XP_005761589.1	XP_047272810.1	0	N/A	24.79	238	39	1.36e-07	57	poly(A) RNA polymerase GLD2 isoform X4 [Homo sapiens]	TRUE	TENT2
XP_005761589.1	XP_047272809.1	0	N/A	24.79	238	39	1.36e-07	57	poly(A) RNA polymerase GLD2 isoform X4 [Homo sapiens]	TRUE	TENT2
XP_005761589.1	NP_001375058.1	0	N/A	24.79	238	39	1.36e-07	57	poly(A) RNA polymerase GLD2 isoform 2 [Homo sapiens]	TRUE	TENT2
XP_005761589.1	NP_001375057.1	0	N/A	24.79	238	39	1.36e-07	57	poly(A) RNA polymerase GLD2 isoform 2 [Homo sapiens]	TRUE	TENT2
XP_005761589.1	NP_001375056.1	0	N/A	24.79	238	39	1.36e-07	57	poly(A) RNA polymerase GLD2 isoform 2 [Homo sapiens]	TRUE	TENT2
XP_005761589.1	NP_001375055.1	0	N/A	24.79	238	39	1.36e-07	57	poly(A) RNA polymerase GLD2 isoform 2 [Homo sapiens]	TRUE	TENT2
XP_005761589.1	NP_001375054.1	0	N/A	24.79	238	39	1.36e-07	57	poly(A) RNA polymerase GLD2 isoform 2 [Homo sapiens]	TRUE	TENT2
XP_005761589.1	NP_001375053.1	0	N/A	24.79	238	39	1.36e-07	57	poly(A) RNA polymerase GLD2 isoform 2 [Homo sapiens]	TRUE	TENT2
XP_005761589.1	NP_001375052.1	0	N/A	24.79	238	39	1.36e-07	57	poly(A) RNA polymerase GLD2 isoform 2 [Homo sapiens]	TRUE	TENT2
XP_005761589.1	NP_001375051.1	0	N/A	24.79	238	39	1.36e-07	57	poly(A) RNA polymerase GLD2 isoform 2 [Homo sapiens]	TRUE	TENT2
XP_005761589.1	NP_001375050.1	0	N/A	24.79	238	39	1.36e-07	57	poly(A) RNA polymerase GLD2 isoform 2 [Homo sapiens]	TRUE	TENT2
XP_005761589.1	NP_001375049.1	0	N/A	24.79	238	39	1.36e-07	57	poly(A) RNA polymerase GLD2 isoform 2 [Homo sapiens]	TRUE	TENT2
XP_005761589.1	NP_001375048.1	0	N/A	24.79	238	39	1.36e-07	57	poly(A) RNA polymerase GLD2 isoform 2 [Homo sapiens]	TRUE	TENT2
XP_005761589.1	NP_001375047.1	0	N/A	24.79	238	39	1.36e-07	57	poly(A) RNA polymerase GLD2 isoform 2 [Homo sapiens]	TRUE	TENT2
XP_005761589.1	NP_001375046.1	0	N/A	24.79	238	39	1.36e-07	57	poly(A) RNA polymerase GLD2 isoform 2 [Homo sapiens]	TRUE	TENT2
XP_005761589.1	NP_001375045.1	0	N/A	24.79	238	39	1.36e-07	57	poly(A) RNA polymerase GLD2 isoform 2 [Homo sapiens]	TRUE	TENT2
XP_005761589.1	NP_001375044.1	0	N/A	24.79	238	39	1.36e-07	57	poly(A) RNA polymerase GLD2 isoform 2 [Homo sapiens]	TRUE	TENT2
XP_005761589.1	NP_001375043.1	0	N/A	24.79	238	39	1.36e-07	57	poly(A) RNA polymerase GLD2 isoform 2 [Homo sapiens]	TRUE	TENT2
XP_005761589.1	NP_001336483.1	0	N/A	24.79	238	39	1.36e-07	57	poly(A) RNA polymerase GLD2 isoform 2 [Homo sapiens]	TRUE	TENT2
XP_005761589.1	NP_001284673.1	0	N/A	24.79	238	39	1.36e-07	57	poly(A) RNA polymerase GLD2 isoform 2 [Homo sapiens]	TRUE	TENT2
XP_005761589.1	NP_001375059.1	0	N/A	24.79	238	39	1.45e-07	56.6	poly(A) RNA polymerase GLD2 isoform 10 [Homo sapiens]	TRUE	TENT2
XP_005761589.1	NP_001375061.1	0	N/A	24.79	238	39	1.62e-07	56.6	poly(A) RNA polymerase GLD2 isoform 12 [Homo sapiens]	TRUE	TENT2
XP_005761589.1	NP_001375030.1	0	N/A	27.711	166	27	5.93e-07	54.7	poly(A) RNA polymerase GLD2 isoform 9 [Homo sapiens]	TRUE	TENT2
XP_005761589.1	XP_047272801.1	0	N/A	25.49	255	39	9.33e-07	54.3	poly(A) RNA polymerase GLD2 isoform X1 [Homo sapiens]	TRUE	TENT2
XP_005761589.1	XP_047272800.1	0	N/A	25.49	255	39	9.33e-07	54.3	poly(A) RNA polymerase GLD2 isoform X1 [Homo sapiens]	TRUE	TENT2
XP_005761589.1	XP_011541527.1	0	N/A	25.49	255	39	9.33e-07	54.3	poly(A) RNA polymerase GLD2 isoform X1 [Homo sapiens]	TRUE	TENT2
XP_005761589.1	XP_011541526.1	0	N/A	25.49	255	39	9.33e-07	54.3	poly(A) RNA polymerase GLD2 isoform X1 [Homo sapiens]	TRUE	TENT2
XP_005761589.1	XP_011541523.1	0	N/A	25.49	255	39	9.33e-07	54.3	poly(A) RNA polymerase GLD2 isoform X1 [Homo sapiens]	TRUE	TENT2
XP_005761589.1	XP_011541522.1	0	N/A	25.49	255	39	9.33e-07	54.3	poly(A) RNA polymerase GLD2 isoform X1 [Homo sapiens]	TRUE	TENT2
XP_005761589.1	NP_001375023.1	0	N/A	25.49	255	39	9.33e-07	54.3	poly(A) RNA polymerase GLD2 isoform 5 [Homo sapiens]	TRUE	TENT2
XP_005761589.1	NP_001375022.1	0	N/A	25.49	255	39	9.33e-07	54.3	poly(A) RNA polymerase GLD2 isoform 5 [Homo sapiens]	TRUE	TENT2
XP_005761589.1	NP_001336479.1	0	N/A	25.49	255	39	9.33e-07	54.3	poly(A) RNA polymerase GLD2 isoform 5 [Homo sapiens]	TRUE	TENT2
XP_005761589.1	NP_001336478.1	0	N/A	25.49	255	39	9.33e-07	54.3	poly(A) RNA polymerase GLD2 isoform 5 [Homo sapiens]	TRUE	TENT2
XP_005761589.1	XP_047272820.1	0	N/A	33.333	96	16	1.05e-06	52.8	poly(A) RNA polymerase GLD2 isoform X11 [Homo sapiens]	TRUE	TENT2
XP_005761589.1	NP_001336477.1	0	N/A	33.333	96	16	1.29e-06	52.8	poly(A) RNA polymerase GLD2 isoform 4 [Homo sapiens]	TRUE	TENT2
XP_005761589.1	NP_001375042.1	0	N/A	33.333	96	16	1.4e-06	53.5	poly(A) RNA polymerase GLD2 isoform 16 [Homo sapiens]	TRUE	TENT2
XP_005761589.1	XP_047272808.1	0	N/A	33.333	96	16	1.4e-06	53.5	poly(A) RNA polymerase GLD2 isoform X3 [Homo sapiens]	TRUE	TENT2
XP_005761589.1	XP_047272807.1	0	N/A	33.333	96	16	1.4e-06	53.5	poly(A) RNA polymerase GLD2 isoform X3 [Homo sapiens]	TRUE	TENT2
XP_005761589.1	XP_047272806.1	0	N/A	33.333	96	16	1.4e-06	53.5	poly(A) RNA polymerase GLD2 isoform X3 [Homo sapiens]	TRUE	TENT2
XP_005761589.1	NP_776158.2	0	N/A	33.333	96	16	1.4e-06	53.5	poly(A) RNA polymerase GLD2 isoform 1 [Homo sapiens]	TRUE	TENT2
XP_005761589.1	NP_001375041.1	0	N/A	33.333	96	16	1.4e-06	53.5	poly(A) RNA polymerase GLD2 isoform 1 [Homo sapiens]	TRUE	TENT2
XP_005761589.1	NP_001375040.1	0	N/A	33.333	96	16	1.4e-06	53.5	poly(A) RNA polymerase GLD2 isoform 1 [Homo sapiens]	TRUE	TENT2
XP_005761589.1	NP_001375039.1	0	N/A	33.333	96	16	1.4e-06	53.5	poly(A) RNA polymerase GLD2 isoform 1 [Homo sapiens]	TRUE	TENT2
XP_005761589.1	NP_001375038.1	0	N/A	33.333	96	16	1.4e-06	53.5	poly(A) RNA polymerase GLD2 isoform 1 [Homo sapiens]	TRUE	TENT2
XP_005761589.1	NP_001375037.1	0	N/A	33.333	96	16	1.4e-06	53.5	poly(A) RNA polymerase GLD2 isoform 1 [Homo sapiens]	TRUE	TENT2
XP_005761589.1	NP_001375036.1	0	N/A	33.333	96	16	1.4e-06	53.5	poly(A) RNA polymerase GLD2 isoform 1 [Homo sapiens]	TRUE	TENT2
XP_005761589.1	NP_001375035.1	0	N/A	33.333	96	16	1.4e-06	53.5	poly(A) RNA polymerase GLD2 isoform 1 [Homo sapiens]	TRUE	TENT2
XP_005761589.1	NP_001375034.1	0	N/A	33.333	96	16	1.4e-06	53.5	poly(A) RNA polymerase GLD2 isoform 1 [Homo sapiens]	TRUE	TENT2
XP_005761589.1	NP_001375032.1	0	N/A	33.333	96	16	1.4e-06	53.5	poly(A) RNA polymerase GLD2 isoform 1 [Homo sapiens]	TRUE	TENT2
XP_005761589.1	NP_001375031.1	0	N/A	33.333	96	16	1.4e-06	53.5	poly(A) RNA polymerase GLD2 isoform 1 [Homo sapiens]	TRUE	TENT2
XP_005761589.1	NP_001336482.1	0	N/A	33.333	96	16	1.4e-06	53.5	poly(A) RNA polymerase GLD2 isoform 1 [Homo sapiens]	TRUE	TENT2
XP_005761589.1	NP_001336481.1	0	N/A	33.333	96	16	1.4e-06	53.5	poly(A) RNA polymerase GLD2 isoform 1 [Homo sapiens]	TRUE	TENT2
XP_005761589.1	NP_001107866.1	0	N/A	33.333	96	16	1.4e-06	53.5	poly(A) RNA polymerase GLD2 isoform 1 [Homo sapiens]	TRUE	TENT2
XP_005761589.1	NP_001107865.1	0	N/A	33.333	96	16	1.4e-06	53.5	poly(A) RNA polymerase GLD2 isoform 1 [Homo sapiens]	TRUE	TENT2
XP_005761589.1	NP_001375029.1	0	N/A	33.333	96	16	1.53e-06	53.5	poly(A) RNA polymerase GLD2 isoform 8 [Homo sapiens]	TRUE	TENT2
XP_005761589.1	NP_001375028.1	0	N/A	33.333	96	16	1.53e-06	53.5	poly(A) RNA polymerase GLD2 isoform 8 [Homo sapiens]	TRUE	TENT2
XP_005761589.1	NP_001375060.1	0	N/A	25.207	242	39	1.54e-06	53.5	poly(A) RNA polymerase GLD2 isoform 11 [Homo sapiens]	TRUE	TENT2
XP_005761589.1	NP_001375066.1	0	N/A	33.75	80	14	3.68e-06	51.6	poly(A) RNA polymerase GLD2 isoform 15 [Homo sapiens]	TRUE	TENT2
XP_005761589.1	NP_001317647.1	0	N/A	25.381	197	31	3.85e-06	52.8	terminal uridylyltransferase 7 isoform 3 [Homo sapiens]	TRUE	Tut7
XP_005761589.1	XP_047279823.1	0	N/A	25.381	197	31	5.7e-06	52.4	terminal uridylyltransferase 7 isoform X2 [Homo sapiens]	TRUE	Tut7
XP_005761589.1	XP_006717346.1	0	N/A	25.381	197	31	5.7e-06	52.4	terminal uridylyltransferase 7 isoform X2 [Homo sapiens]	TRUE	Tut7
XP_005761589.1	XP_047272817.1	0	N/A	24.153	236	37	6.36e-06	51.2	poly(A) RNA polymerase GLD2 isoform X9 [Homo sapiens]	TRUE	TENT2
XP_005761589.1	XP_016870620.1	0	N/A	25.381	197	31	6.56e-06	52	terminal uridylyltransferase 7 isoform X4 [Homo sapiens]	TRUE	Tut7
XP_005761589.1	XP_016870619.1	0	N/A	25.381	197	31	6.56e-06	52	terminal uridylyltransferase 7 isoform X4 [Homo sapiens]	TRUE	Tut7
XP_005761589.1	NP_078893.2	0	N/A	25.381	197	31	6.56e-06	52	terminal uridylyltransferase 7 isoform 1 [Homo sapiens]	TRUE	Tut7
XP_005761589.1	NP_001171988.1	0	N/A	25.381	197	31	6.56e-06	52	terminal uridylyltransferase 7 isoform 1 [Homo sapiens]	TRUE	Tut7
XP_005761589.1	XP_047279825.1	0	N/A	25.381	197	31	6.83e-06	52	terminal uridylyltransferase 7 isoform X6 [Homo sapiens]	TRUE	Tut7
XP_005761589.1	XP_047279824.1	0	N/A	25.381	197	31	6.83e-06	52	terminal uridylyltransferase 7 isoform X6 [Homo sapiens]	TRUE	Tut7
XP_005761589.1	XP_005252264.1	0	N/A	25.381	197	31	6.83e-06	52	terminal uridylyltransferase 7 isoform X6 [Homo sapiens]	TRUE	Tut7
XP_005761589.1	XP_011517317.1	0	N/A	25.381	197	31	7.05e-06	52	terminal uridylyltransferase 7 isoform X3 [Homo sapiens]	TRUE	Tut7
XP_005761589.1	XP_011517318.1	0	N/A	25.381	197	31	7.58e-06	52	terminal uridylyltransferase 7 isoform X5 [Homo sapiens]	TRUE	Tut7
XP_005761589.1	XP_005252265.1	0	N/A	25.381	197	31	7.62e-06	52	terminal uridylyltransferase 7 isoform X7 [Homo sapiens]	TRUE	Tut7
XP_005761589.1	XP_011517316.1	0	N/A	25.381	197	31	8.52e-06	51.6	terminal uridylyltransferase 7 isoform X1 [Homo sapiens]	TRUE	Tut7
XP_005761589.1	XP_011517315.1	0	N/A	25.381	197	31	8.52e-06	51.6	terminal uridylyltransferase 7 isoform X1 [Homo sapiens]	TRUE	Tut7
XP_005761589.1	XP_011517314.1	0	N/A	25.381	197	31	8.52e-06	51.6	terminal uridylyltransferase 7 isoform X1 [Homo sapiens]	TRUE	Tut7
XP_005761589.1	XP_011517313.1	0	N/A	25.381	197	31	8.52e-06	51.6	terminal uridylyltransferase 7 isoform X1 [Homo sapiens]	TRUE	Tut7
XP_005761589.1	XP_047272818.1	0	N/A	24.229	227	37	6.11e-05	48.1	poly(A) RNA polymerase GLD2 isoform X10 [Homo sapiens]	TRUE	TENT2
XP_005761589.1	XP_047272816.1	0	N/A	24.583	240	37	6.16e-05	48.1	poly(A) RNA polymerase GLD2 isoform X8 [Homo sapiens]	TRUE	TENT2
XP_005761589.1	NP_001172003.1	0	N/A	35.366	82	14	9.03e-05	48.1	terminal uridylyltransferase 7 isoform 2 [Homo sapiens]	TRUE	Tut7
XP_005761589.1	XP_047272285.1	0	N/A	25.658	152	26	0.000386	46.2	terminal uridylyltransferase 4 isoform X7 [Homo sapiens]	TRUE	Tut4
XP_005761589.1	XP_047272281.1	0	N/A	25.658	152	26	0.000387	46.2	terminal uridylyltransferase 4 isoform X4 [Homo sapiens]	TRUE	Tut4
XP_005761589.1	NP_001009881.1	0	N/A	25.658	152	26	0.000387	46.2	terminal uridylyltransferase 4 isoform a [Homo sapiens]	TRUE	Tut4
XP_005761589.1	XP_047272288.1	0	N/A	25.658	152	26	0.000393	46.2	terminal uridylyltransferase 4 isoform X10 [Homo sapiens]	TRUE	Tut4
XP_005761589.1	XP_016856299.1	0	N/A	25.658	152	26	0.000393	46.2	terminal uridylyltransferase 4 isoform X40 [Homo sapiens]	TRUE	Tut4
XP_005761589.1	XP_047272282.1	0	N/A	25.658	152	26	0.000393	46.2	terminal uridylyltransferase 4 isoform X5 [Homo sapiens]	TRUE	Tut4
XP_005761589.1	NP_056084.1	0	N/A	25.658	152	26	0.000393	46.2	terminal uridylyltransferase 4 isoform b [Homo sapiens]	TRUE	Tut4
XP_005761589.1	XP_047272365.1	0	N/A	25.658	152	26	0.000393	46.2	terminal uridylyltransferase 4 isoform X38 [Homo sapiens]	TRUE	Tut4
XP_005761589.1	XP_016856293.1	0	N/A	25.658	152	26	0.000399	46.2	terminal uridylyltransferase 4 isoform X16 [Homo sapiens]	TRUE	Tut4
XP_005765084.1	XP_047272805.1	0	N/A	25.1	251	36	7.65e-08	57.8	poly(A) RNA polymerase GLD2 isoform X2 [Homo sapiens]	TRUE	TENT2
XP_005765084.1	XP_047272804.1	0	N/A	25.1	251	36	7.65e-08	57.8	poly(A) RNA polymerase GLD2 isoform X2 [Homo sapiens]	TRUE	TENT2
XP_005765084.1	XP_047272803.1	0	N/A	25.1	251	36	7.65e-08	57.8	poly(A) RNA polymerase GLD2 isoform X2 [Homo sapiens]	TRUE	TENT2
XP_005765084.1	XP_047272802.1	0	N/A	25.1	251	36	7.65e-08	57.8	poly(A) RNA polymerase GLD2 isoform X2 [Homo sapiens]	TRUE	TENT2
XP_005765084.1	XP_016864641.1	0	N/A	25.1	251	36	7.65e-08	57.8	poly(A) RNA polymerase GLD2 isoform X2 [Homo sapiens]	TRUE	TENT2
XP_005765084.1	NP_001375026.1	0	N/A	25.1	251	36	7.65e-08	57.8	poly(A) RNA polymerase GLD2 isoform 6 [Homo sapiens]	TRUE	TENT2
XP_005765084.1	NP_001375025.1	0	N/A	25.1	251	36	7.65e-08	57.8	poly(A) RNA polymerase GLD2 isoform 6 [Homo sapiens]	TRUE	TENT2
XP_005765084.1	NP_001375024.1	0	N/A	25.1	251	36	7.65e-08	57.8	poly(A) RNA polymerase GLD2 isoform 6 [Homo sapiens]	TRUE	TENT2
XP_005765084.1	NP_001336480.1	0	N/A	25.1	251	36	7.65e-08	57.8	poly(A) RNA polymerase GLD2 isoform 6 [Homo sapiens]	TRUE	TENT2
XP_005765084.1	NP_001375027.1	0	N/A	25.1	251	36	8.48e-08	57.8	poly(A) RNA polymerase GLD2 isoform 7 [Homo sapiens]	TRUE	TENT2
XP_005765084.1	NP_001375065.1	0	N/A	25	228	35	1.25e-07	56.6	poly(A) RNA polymerase GLD2 isoform 14 [Homo sapiens]	TRUE	TENT2
XP_005765084.1	XP_047272811.1	0	N/A	24.37	238	36	1.69e-07	56.6	poly(A) RNA polymerase GLD2 isoform X4 [Homo sapiens]	TRUE	TENT2
XP_005765084.1	XP_047272810.1	0	N/A	24.37	238	36	1.69e-07	56.6	poly(A) RNA polymerase GLD2 isoform X4 [Homo sapiens]	TRUE	TENT2
XP_005765084.1	XP_047272809.1	0	N/A	24.37	238	36	1.69e-07	56.6	poly(A) RNA polymerase GLD2 isoform X4 [Homo sapiens]	TRUE	TENT2
XP_005765084.1	NP_001375058.1	0	N/A	24.37	238	36	1.69e-07	56.6	poly(A) RNA polymerase GLD2 isoform 2 [Homo sapiens]	TRUE	TENT2
XP_005765084.1	NP_001375057.1	0	N/A	24.37	238	36	1.69e-07	56.6	poly(A) RNA polymerase GLD2 isoform 2 [Homo sapiens]	TRUE	TENT2
XP_005765084.1	NP_001375056.1	0	N/A	24.37	238	36	1.69e-07	56.6	poly(A) RNA polymerase GLD2 isoform 2 [Homo sapiens]	TRUE	TENT2
XP_005765084.1	NP_001375055.1	0	N/A	24.37	238	36	1.69e-07	56.6	poly(A) RNA polymerase GLD2 isoform 2 [Homo sapiens]	TRUE	TENT2
XP_005765084.1	NP_001375054.1	0	N/A	24.37	238	36	1.69e-07	56.6	poly(A) RNA polymerase GLD2 isoform 2 [Homo sapiens]	TRUE	TENT2
XP_005765084.1	NP_001375053.1	0	N/A	24.37	238	36	1.69e-07	56.6	poly(A) RNA polymerase GLD2 isoform 2 [Homo sapiens]	TRUE	TENT2
XP_005765084.1	NP_001375052.1	0	N/A	24.37	238	36	1.69e-07	56.6	poly(A) RNA polymerase GLD2 isoform 2 [Homo sapiens]	TRUE	TENT2
XP_005765084.1	NP_001375051.1	0	N/A	24.37	238	36	1.69e-07	56.6	poly(A) RNA polymerase GLD2 isoform 2 [Homo sapiens]	TRUE	TENT2
XP_005765084.1	NP_001375050.1	0	N/A	24.37	238	36	1.69e-07	56.6	poly(A) RNA polymerase GLD2 isoform 2 [Homo sapiens]	TRUE	TENT2
XP_005765084.1	NP_001375049.1	0	N/A	24.37	238	36	1.69e-07	56.6	poly(A) RNA polymerase GLD2 isoform 2 [Homo sapiens]	TRUE	TENT2
XP_005765084.1	NP_001375048.1	0	N/A	24.37	238	36	1.69e-07	56.6	poly(A) RNA polymerase GLD2 isoform 2 [Homo sapiens]	TRUE	TENT2
XP_005765084.1	NP_001375047.1	0	N/A	24.37	238	36	1.69e-07	56.6	poly(A) RNA polymerase GLD2 isoform 2 [Homo sapiens]	TRUE	TENT2
XP_005765084.1	NP_001375046.1	0	N/A	24.37	238	36	1.69e-07	56.6	poly(A) RNA polymerase GLD2 isoform 2 [Homo sapiens]	TRUE	TENT2
XP_005765084.1	NP_001375045.1	0	N/A	24.37	238	36	1.69e-07	56.6	poly(A) RNA polymerase GLD2 isoform 2 [Homo sapiens]	TRUE	TENT2
XP_005765084.1	NP_001375044.1	0	N/A	24.37	238	36	1.69e-07	56.6	poly(A) RNA polymerase GLD2 isoform 2 [Homo sapiens]	TRUE	TENT2
XP_005765084.1	NP_001375043.1	0	N/A	24.37	238	36	1.69e-07	56.6	poly(A) RNA polymerase GLD2 isoform 2 [Homo sapiens]	TRUE	TENT2
XP_005765084.1	NP_001336483.1	0	N/A	24.37	238	36	1.69e-07	56.6	poly(A) RNA polymerase GLD2 isoform 2 [Homo sapiens]	TRUE	TENT2
XP_005765084.1	NP_001284673.1	0	N/A	24.37	238	36	1.69e-07	56.6	poly(A) RNA polymerase GLD2 isoform 2 [Homo sapiens]	TRUE	TENT2
XP_005765084.1	NP_001375059.1	0	N/A	24.37	238	36	1.75e-07	56.6	poly(A) RNA polymerase GLD2 isoform 10 [Homo sapiens]	TRUE	TENT2
XP_005765084.1	NP_001375061.1	0	N/A	24.37	238	36	1.94e-07	56.6	poly(A) RNA polymerase GLD2 isoform 12 [Homo sapiens]	TRUE	TENT2
XP_005765084.1	XP_047272801.1	0	N/A	25.49	255	36	8.75e-07	54.7	poly(A) RNA polymerase GLD2 isoform X1 [Homo sapiens]	TRUE	TENT2
XP_005765084.1	XP_047272800.1	0	N/A	25.49	255	36	8.75e-07	54.7	poly(A) RNA polymerase GLD2 isoform X1 [Homo sapiens]	TRUE	TENT2
XP_005765084.1	XP_011541527.1	0	N/A	25.49	255	36	8.75e-07	54.7	poly(A) RNA polymerase GLD2 isoform X1 [Homo sapiens]	TRUE	TENT2
XP_005765084.1	XP_011541526.1	0	N/A	25.49	255	36	8.75e-07	54.7	poly(A) RNA polymerase GLD2 isoform X1 [Homo sapiens]	TRUE	TENT2
XP_005765084.1	XP_011541523.1	0	N/A	25.49	255	36	8.75e-07	54.7	poly(A) RNA polymerase GLD2 isoform X1 [Homo sapiens]	TRUE	TENT2
XP_005765084.1	XP_011541522.1	0	N/A	25.49	255	36	8.75e-07	54.7	poly(A) RNA polymerase GLD2 isoform X1 [Homo sapiens]	TRUE	TENT2
XP_005765084.1	NP_001375023.1	0	N/A	25.49	255	36	8.75e-07	54.7	poly(A) RNA polymerase GLD2 isoform 5 [Homo sapiens]	TRUE	TENT2
XP_005765084.1	NP_001375022.1	0	N/A	25.49	255	36	8.75e-07	54.7	poly(A) RNA polymerase GLD2 isoform 5 [Homo sapiens]	TRUE	TENT2
XP_005765084.1	NP_001336479.1	0	N/A	25.49	255	36	8.75e-07	54.7	poly(A) RNA polymerase GLD2 isoform 5 [Homo sapiens]	TRUE	TENT2
XP_005765084.1	NP_001336478.1	0	N/A	25.49	255	36	8.75e-07	54.7	poly(A) RNA polymerase GLD2 isoform 5 [Homo sapiens]	TRUE	TENT2
XP_005765084.1	NP_001375030.1	0	N/A	27.108	166	25	9.7e-07	54.3	poly(A) RNA polymerase GLD2 isoform 9 [Homo sapiens]	TRUE	TENT2
XP_005765084.1	XP_047272820.1	0	N/A	33.333	96	14	1.13e-06	52.8	poly(A) RNA polymerase GLD2 isoform X11 [Homo sapiens]	TRUE	TENT2
XP_005765084.1	NP_001336477.1	0	N/A	33.333	96	14	1.47e-06	52.8	poly(A) RNA polymerase GLD2 isoform 4 [Homo sapiens]	TRUE	TENT2
XP_005765084.1	NP_001375042.1	0	N/A	33.333	96	14	1.78e-06	53.5	poly(A) RNA polymerase GLD2 isoform 16 [Homo sapiens]	TRUE	TENT2
XP_005765084.1	XP_047272808.1	0	N/A	33.333	96	14	1.83e-06	53.5	poly(A) RNA polymerase GLD2 isoform X3 [Homo sapiens]	TRUE	TENT2
XP_005765084.1	XP_047272807.1	0	N/A	33.333	96	14	1.83e-06	53.5	poly(A) RNA polymerase GLD2 isoform X3 [Homo sapiens]	TRUE	TENT2
XP_005765084.1	XP_047272806.1	0	N/A	33.333	96	14	1.83e-06	53.5	poly(A) RNA polymerase GLD2 isoform X3 [Homo sapiens]	TRUE	TENT2
XP_005765084.1	NP_776158.2	0	N/A	33.333	96	14	1.83e-06	53.5	poly(A) RNA polymerase GLD2 isoform 1 [Homo sapiens]	TRUE	TENT2
XP_005765084.1	NP_001375041.1	0	N/A	33.333	96	14	1.83e-06	53.5	poly(A) RNA polymerase GLD2 isoform 1 [Homo sapiens]	TRUE	TENT2
XP_005765084.1	NP_001375040.1	0	N/A	33.333	96	14	1.83e-06	53.5	poly(A) RNA polymerase GLD2 isoform 1 [Homo sapiens]	TRUE	TENT2
XP_005765084.1	NP_001375039.1	0	N/A	33.333	96	14	1.83e-06	53.5	poly(A) RNA polymerase GLD2 isoform 1 [Homo sapiens]	TRUE	TENT2
XP_005765084.1	NP_001375038.1	0	N/A	33.333	96	14	1.83e-06	53.5	poly(A) RNA polymerase GLD2 isoform 1 [Homo sapiens]	TRUE	TENT2
XP_005765084.1	NP_001375037.1	0	N/A	33.333	96	14	1.83e-06	53.5	poly(A) RNA polymerase GLD2 isoform 1 [Homo sapiens]	TRUE	TENT2
XP_005765084.1	NP_001375036.1	0	N/A	33.333	96	14	1.83e-06	53.5	poly(A) RNA polymerase GLD2 isoform 1 [Homo sapiens]	TRUE	TENT2
XP_005765084.1	NP_001375035.1	0	N/A	33.333	96	14	1.83e-06	53.5	poly(A) RNA polymerase GLD2 isoform 1 [Homo sapiens]	TRUE	TENT2
XP_005765084.1	NP_001375034.1	0	N/A	33.333	96	14	1.83e-06	53.5	poly(A) RNA polymerase GLD2 isoform 1 [Homo sapiens]	TRUE	TENT2
XP_005765084.1	NP_001375032.1	0	N/A	33.333	96	14	1.83e-06	53.5	poly(A) RNA polymerase GLD2 isoform 1 [Homo sapiens]	TRUE	TENT2
XP_005765084.1	NP_001375031.1	0	N/A	33.333	96	14	1.83e-06	53.5	poly(A) RNA polymerase GLD2 isoform 1 [Homo sapiens]	TRUE	TENT2
XP_005765084.1	NP_001336482.1	0	N/A	33.333	96	14	1.83e-06	53.5	poly(A) RNA polymerase GLD2 isoform 1 [Homo sapiens]	TRUE	TENT2
XP_005765084.1	NP_001336481.1	0	N/A	33.333	96	14	1.83e-06	53.5	poly(A) RNA polymerase GLD2 isoform 1 [Homo sapiens]	TRUE	TENT2
XP_005765084.1	NP_001107866.1	0	N/A	33.333	96	14	1.83e-06	53.5	poly(A) RNA polymerase GLD2 isoform 1 [Homo sapiens]	TRUE	TENT2
XP_005765084.1	NP_001107865.1	0	N/A	33.333	96	14	1.83e-06	53.5	poly(A) RNA polymerase GLD2 isoform 1 [Homo sapiens]	TRUE	TENT2
XP_005765084.1	NP_001375029.1	0	N/A	33.333	96	14	1.97e-06	53.5	poly(A) RNA polymerase GLD2 isoform 8 [Homo sapiens]	TRUE	TENT2
XP_005765084.1	NP_001375028.1	0	N/A	33.333	96	14	1.97e-06	53.5	poly(A) RNA polymerase GLD2 isoform 8 [Homo sapiens]	TRUE	TENT2
XP_005765084.1	NP_001375060.1	0	N/A	33.333	96	14	2.09e-06	53.1	poly(A) RNA polymerase GLD2 isoform 11 [Homo sapiens]	TRUE	TENT2
XP_005765084.1	XP_047272817.1	0	N/A	24.153	236	34	4.33e-06	52	poly(A) RNA polymerase GLD2 isoform X9 [Homo sapiens]	TRUE	TENT2
XP_005765084.1	NP_001375066.1	0	N/A	34.177	79	12	4.48e-06	51.2	poly(A) RNA polymerase GLD2 isoform 15 [Homo sapiens]	TRUE	TENT2
XP_005765084.1	NP_001317647.1	0	N/A	25.381	197	29	1.53e-05	50.8	terminal uridylyltransferase 7 isoform 3 [Homo sapiens]	TRUE	Tut7
XP_005765084.1	XP_047279823.1	0	N/A	25.381	197	29	1.94e-05	50.8	terminal uridylyltransferase 7 isoform X2 [Homo sapiens]	TRUE	Tut7
XP_005765084.1	XP_006717346.1	0	N/A	25.381	197	29	1.94e-05	50.8	terminal uridylyltransferase 7 isoform X2 [Homo sapiens]	TRUE	Tut7
XP_005765084.1	XP_005252265.1	0	N/A	25.381	197	29	1.99e-05	50.4	terminal uridylyltransferase 7 isoform X7 [Homo sapiens]	TRUE	Tut7
XP_005765084.1	XP_016870620.1	0	N/A	25.381	197	29	2.2e-05	50.4	terminal uridylyltransferase 7 isoform X4 [Homo sapiens]	TRUE	Tut7
XP_005765084.1	XP_016870619.1	0	N/A	25.381	197	29	2.2e-05	50.4	terminal uridylyltransferase 7 isoform X4 [Homo sapiens]	TRUE	Tut7
XP_005765084.1	NP_078893.2	0	N/A	25.381	197	29	2.2e-05	50.4	terminal uridylyltransferase 7 isoform 1 [Homo sapiens]	TRUE	Tut7
XP_005765084.1	NP_001171988.1	0	N/A	25.381	197	29	2.2e-05	50.4	terminal uridylyltransferase 7 isoform 1 [Homo sapiens]	TRUE	Tut7
XP_005765084.1	XP_047279825.1	0	N/A	25.381	197	29	2.25e-05	50.4	terminal uridylyltransferase 7 isoform X6 [Homo sapiens]	TRUE	Tut7
XP_005765084.1	XP_047279824.1	0	N/A	25.381	197	29	2.25e-05	50.4	terminal uridylyltransferase 7 isoform X6 [Homo sapiens]	TRUE	Tut7
XP_005765084.1	XP_005252264.1	0	N/A	25.381	197	29	2.25e-05	50.4	terminal uridylyltransferase 7 isoform X6 [Homo sapiens]	TRUE	Tut7
XP_005765084.1	XP_011517318.1	0	N/A	25.381	197	29	2.37e-05	50.4	terminal uridylyltransferase 7 isoform X5 [Homo sapiens]	TRUE	Tut7
XP_005765084.1	XP_011517317.1	0	N/A	25.381	197	29	2.4e-05	50.4	terminal uridylyltransferase 7 isoform X3 [Homo sapiens]	TRUE	Tut7
XP_005765084.1	XP_011517316.1	0	N/A	25.381	197	29	2.41e-05	50.4	terminal uridylyltransferase 7 isoform X1 [Homo sapiens]	TRUE	Tut7
XP_005765084.1	XP_011517315.1	0	N/A	25.381	197	29	2.41e-05	50.4	terminal uridylyltransferase 7 isoform X1 [Homo sapiens]	TRUE	Tut7
XP_005765084.1	XP_011517314.1	0	N/A	25.381	197	29	2.41e-05	50.4	terminal uridylyltransferase 7 isoform X1 [Homo sapiens]	TRUE	Tut7
XP_005765084.1	XP_011517313.1	0	N/A	25.381	197	29	2.41e-05	50.4	terminal uridylyltransferase 7 isoform X1 [Homo sapiens]	TRUE	Tut7
XP_005765084.1	XP_047272816.1	0	N/A	24.583	240	34	4.7e-05	48.5	poly(A) RNA polymerase GLD2 isoform X8 [Homo sapiens]	TRUE	TENT2
XP_005765084.1	XP_047272818.1	0	N/A	24.229	227	34	0.000103	47.4	poly(A) RNA polymerase GLD2 isoform X10 [Homo sapiens]	TRUE	TENT2
XP_005765084.1	NP_001172003.1	0	N/A	35.366	82	12	0.000288	47	terminal uridylyltransferase 7 isoform 2 [Homo sapiens]	TRUE	Tut7
XP_005765084.1	XP_047272384.1	0	N/A	25	152	24	0.000537	45.8	terminal uridylyltransferase 4 isoform X46 [Homo sapiens]	TRUE	Tut4
XP_005765084.1	XP_047272290.1	0	N/A	25	152	24	0.000736	45.4	terminal uridylyltransferase 4 isoform X11 [Homo sapiens]	TRUE	Tut4
XP_005765084.1	XP_005270735.1	0	N/A	25	152	24	0.000738	45.4	terminal uridylyltransferase 4 isoform X2 [Homo sapiens]	TRUE	Tut4
XP_005765084.1	XP_011539399.1	0	N/A	25	152	24	0.000745	45.4	terminal uridylyltransferase 4 isoform X1 [Homo sapiens]	TRUE	Tut4
XP_005765084.1	XP_005270733.1	0	N/A	25	152	24	0.000745	45.4	terminal uridylyltransferase 4 isoform X1 [Homo sapiens]	TRUE	Tut4
XP_005765084.1	XP_016856292.1	0	N/A	25	152	24	0.000749	45.4	terminal uridylyltransferase 4 isoform X9 [Homo sapiens]	TRUE	Tut4
XP_005765084.1	XP_047272286.1	0	N/A	25	152	24	0.000756	45.4	terminal uridylyltransferase 4 isoform X8 [Homo sapiens]	TRUE	Tut4
XP_005765084.1	XP_047272285.1	0	N/A	25	152	24	0.000756	45.4	terminal uridylyltransferase 4 isoform X7 [Homo sapiens]	TRUE	Tut4
XP_005765084.1	XP_047272280.1	0	N/A	25	152	24	0.000757	45.4	terminal uridylyltransferase 4 isoform X3 [Homo sapiens]	TRUE	Tut4
XP_005767553.1	NP_001375027.1	0	N/A	27.273	187	25	1.6e-07	57	poly(A) RNA polymerase GLD2 isoform 7 [Homo sapiens]	TRUE	TENT2
XP_005767553.1	XP_047272805.1	0	N/A	27.273	187	25	1.6e-07	57	poly(A) RNA polymerase GLD2 isoform X2 [Homo sapiens]	TRUE	TENT2
XP_005767553.1	XP_047272804.1	0	N/A	27.273	187	25	1.6e-07	57	poly(A) RNA polymerase GLD2 isoform X2 [Homo sapiens]	TRUE	TENT2
XP_005767553.1	XP_047272803.1	0	N/A	27.273	187	25	1.6e-07	57	poly(A) RNA polymerase GLD2 isoform X2 [Homo sapiens]	TRUE	TENT2
XP_005767553.1	XP_047272802.1	0	N/A	27.273	187	25	1.6e-07	57	poly(A) RNA polymerase GLD2 isoform X2 [Homo sapiens]	TRUE	TENT2
XP_005767553.1	XP_016864641.1	0	N/A	27.273	187	25	1.6e-07	57	poly(A) RNA polymerase GLD2 isoform X2 [Homo sapiens]	TRUE	TENT2
XP_005767553.1	NP_001375026.1	0	N/A	27.273	187	25	1.6e-07	57	poly(A) RNA polymerase GLD2 isoform 6 [Homo sapiens]	TRUE	TENT2
XP_005767553.1	NP_001375025.1	0	N/A	27.273	187	25	1.6e-07	57	poly(A) RNA polymerase GLD2 isoform 6 [Homo sapiens]	TRUE	TENT2
XP_005767553.1	NP_001375024.1	0	N/A	27.273	187	25	1.6e-07	57	poly(A) RNA polymerase GLD2 isoform 6 [Homo sapiens]	TRUE	TENT2
XP_005767553.1	NP_001336480.1	0	N/A	27.273	187	25	1.6e-07	57	poly(A) RNA polymerase GLD2 isoform 6 [Homo sapiens]	TRUE	TENT2
XP_005767553.1	XP_047272811.1	0	N/A	27.011	174	25	3.76e-07	55.8	poly(A) RNA polymerase GLD2 isoform X4 [Homo sapiens]	TRUE	TENT2
XP_005767553.1	XP_047272810.1	0	N/A	27.011	174	25	3.76e-07	55.8	poly(A) RNA polymerase GLD2 isoform X4 [Homo sapiens]	TRUE	TENT2
XP_005767553.1	XP_047272809.1	0	N/A	27.011	174	25	3.76e-07	55.8	poly(A) RNA polymerase GLD2 isoform X4 [Homo sapiens]	TRUE	TENT2
XP_005767553.1	NP_001375058.1	0	N/A	27.011	174	25	3.76e-07	55.8	poly(A) RNA polymerase GLD2 isoform 2 [Homo sapiens]	TRUE	TENT2
XP_005767553.1	NP_001375057.1	0	N/A	27.011	174	25	3.76e-07	55.8	poly(A) RNA polymerase GLD2 isoform 2 [Homo sapiens]	TRUE	TENT2
XP_005767553.1	NP_001375056.1	0	N/A	27.011	174	25	3.76e-07	55.8	poly(A) RNA polymerase GLD2 isoform 2 [Homo sapiens]	TRUE	TENT2
XP_005767553.1	NP_001375055.1	0	N/A	27.011	174	25	3.76e-07	55.8	poly(A) RNA polymerase GLD2 isoform 2 [Homo sapiens]	TRUE	TENT2
XP_005767553.1	NP_001375054.1	0	N/A	27.011	174	25	3.76e-07	55.8	poly(A) RNA polymerase GLD2 isoform 2 [Homo sapiens]	TRUE	TENT2
XP_005767553.1	NP_001375053.1	0	N/A	27.011	174	25	3.76e-07	55.8	poly(A) RNA polymerase GLD2 isoform 2 [Homo sapiens]	TRUE	TENT2
XP_005767553.1	NP_001375052.1	0	N/A	27.011	174	25	3.76e-07	55.8	poly(A) RNA polymerase GLD2 isoform 2 [Homo sapiens]	TRUE	TENT2
XP_005767553.1	NP_001375051.1	0	N/A	27.011	174	25	3.76e-07	55.8	poly(A) RNA polymerase GLD2 isoform 2 [Homo sapiens]	TRUE	TENT2
XP_005767553.1	NP_001375050.1	0	N/A	27.011	174	25	3.76e-07	55.8	poly(A) RNA polymerase GLD2 isoform 2 [Homo sapiens]	TRUE	TENT2
XP_005767553.1	NP_001375049.1	0	N/A	27.011	174	25	3.76e-07	55.8	poly(A) RNA polymerase GLD2 isoform 2 [Homo sapiens]	TRUE	TENT2
XP_005767553.1	NP_001375048.1	0	N/A	27.011	174	25	3.76e-07	55.8	poly(A) RNA polymerase GLD2 isoform 2 [Homo sapiens]	TRUE	TENT2
XP_005767553.1	NP_001375047.1	0	N/A	27.011	174	25	3.76e-07	55.8	poly(A) RNA polymerase GLD2 isoform 2 [Homo sapiens]	TRUE	TENT2
XP_005767553.1	NP_001375046.1	0	N/A	27.011	174	25	3.76e-07	55.8	poly(A) RNA polymerase GLD2 isoform 2 [Homo sapiens]	TRUE	TENT2
XP_005767553.1	NP_001375045.1	0	N/A	27.011	174	25	3.76e-07	55.8	poly(A) RNA polymerase GLD2 isoform 2 [Homo sapiens]	TRUE	TENT2
XP_005767553.1	NP_001375044.1	0	N/A	27.011	174	25	3.76e-07	55.8	poly(A) RNA polymerase GLD2 isoform 2 [Homo sapiens]	TRUE	TENT2
XP_005767553.1	NP_001375043.1	0	N/A	27.011	174	25	3.76e-07	55.8	poly(A) RNA polymerase GLD2 isoform 2 [Homo sapiens]	TRUE	TENT2
XP_005767553.1	NP_001336483.1	0	N/A	27.011	174	25	3.76e-07	55.8	poly(A) RNA polymerase GLD2 isoform 2 [Homo sapiens]	TRUE	TENT2
XP_005767553.1	NP_001284673.1	0	N/A	27.011	174	25	3.76e-07	55.8	poly(A) RNA polymerase GLD2 isoform 2 [Homo sapiens]	TRUE	TENT2
XP_005767553.1	NP_001375061.1	0	N/A	27.011	174	25	3.95e-07	55.5	poly(A) RNA polymerase GLD2 isoform 12 [Homo sapiens]	TRUE	TENT2
XP_005767553.1	NP_001375059.1	0	N/A	27.011	174	25	3.95e-07	55.8	poly(A) RNA polymerase GLD2 isoform 10 [Homo sapiens]	TRUE	TENT2
XP_005767553.1	NP_001375065.1	0	N/A	27.011	174	25	4.47e-07	55.1	poly(A) RNA polymerase GLD2 isoform 14 [Homo sapiens]	TRUE	TENT2
XP_005767553.1	NP_001375030.1	0	N/A	27.711	166	24	5.74e-07	55.1	poly(A) RNA polymerase GLD2 isoform 9 [Homo sapiens]	TRUE	TENT2
XP_005767553.1	XP_047272820.1	0	N/A	33.333	96	14	1.37e-06	52.8	poly(A) RNA polymerase GLD2 isoform X11 [Homo sapiens]	TRUE	TENT2
XP_005767553.1	NP_001336477.1	0	N/A	33.333	96	14	1.42e-06	52.8	poly(A) RNA polymerase GLD2 isoform 4 [Homo sapiens]	TRUE	TENT2
XP_005767553.1	XP_047272801.1	0	N/A	27.749	191	25	1.54e-06	53.9	poly(A) RNA polymerase GLD2 isoform X1 [Homo sapiens]	TRUE	TENT2
XP_005767553.1	XP_047272800.1	0	N/A	27.749	191	25	1.54e-06	53.9	poly(A) RNA polymerase GLD2 isoform X1 [Homo sapiens]	TRUE	TENT2
XP_005767553.1	XP_011541527.1	0	N/A	27.749	191	25	1.54e-06	53.9	poly(A) RNA polymerase GLD2 isoform X1 [Homo sapiens]	TRUE	TENT2
XP_005767553.1	XP_011541526.1	0	N/A	27.749	191	25	1.54e-06	53.9	poly(A) RNA polymerase GLD2 isoform X1 [Homo sapiens]	TRUE	TENT2
XP_005767553.1	XP_011541523.1	0	N/A	27.749	191	25	1.54e-06	53.9	poly(A) RNA polymerase GLD2 isoform X1 [Homo sapiens]	TRUE	TENT2
XP_005767553.1	XP_011541522.1	0	N/A	27.749	191	25	1.54e-06	53.9	poly(A) RNA polymerase GLD2 isoform X1 [Homo sapiens]	TRUE	TENT2
XP_005767553.1	NP_001375023.1	0	N/A	27.749	191	25	1.54e-06	53.9	poly(A) RNA polymerase GLD2 isoform 5 [Homo sapiens]	TRUE	TENT2
XP_005767553.1	NP_001375022.1	0	N/A	27.749	191	25	1.54e-06	53.9	poly(A) RNA polymerase GLD2 isoform 5 [Homo sapiens]	TRUE	TENT2
XP_005767553.1	NP_001336479.1	0	N/A	27.749	191	25	1.54e-06	53.9	poly(A) RNA polymerase GLD2 isoform 5 [Homo sapiens]	TRUE	TENT2
XP_005767553.1	NP_001336478.1	0	N/A	27.749	191	25	1.54e-06	53.9	poly(A) RNA polymerase GLD2 isoform 5 [Homo sapiens]	TRUE	TENT2
XP_005767553.1	NP_001375042.1	0	N/A	33.333	96	14	1.64e-06	53.5	poly(A) RNA polymerase GLD2 isoform 16 [Homo sapiens]	TRUE	TENT2
XP_005767553.1	XP_047272808.1	0	N/A	33.333	96	14	1.67e-06	53.5	poly(A) RNA polymerase GLD2 isoform X3 [Homo sapiens]	TRUE	TENT2
XP_005767553.1	XP_047272807.1	0	N/A	33.333	96	14	1.67e-06	53.5	poly(A) RNA polymerase GLD2 isoform X3 [Homo sapiens]	TRUE	TENT2
XP_005767553.1	XP_047272806.1	0	N/A	33.333	96	14	1.67e-06	53.5	poly(A) RNA polymerase GLD2 isoform X3 [Homo sapiens]	TRUE	TENT2
XP_005767553.1	NP_776158.2	0	N/A	33.333	96	14	1.67e-06	53.5	poly(A) RNA polymerase GLD2 isoform 1 [Homo sapiens]	TRUE	TENT2
XP_005767553.1	NP_001375041.1	0	N/A	33.333	96	14	1.67e-06	53.5	poly(A) RNA polymerase GLD2 isoform 1 [Homo sapiens]	TRUE	TENT2
XP_005767553.1	NP_001375040.1	0	N/A	33.333	96	14	1.67e-06	53.5	poly(A) RNA polymerase GLD2 isoform 1 [Homo sapiens]	TRUE	TENT2
XP_005767553.1	NP_001375039.1	0	N/A	33.333	96	14	1.67e-06	53.5	poly(A) RNA polymerase GLD2 isoform 1 [Homo sapiens]	TRUE	TENT2
XP_005767553.1	NP_001375038.1	0	N/A	33.333	96	14	1.67e-06	53.5	poly(A) RNA polymerase GLD2 isoform 1 [Homo sapiens]	TRUE	TENT2
XP_005767553.1	NP_001375037.1	0	N/A	33.333	96	14	1.67e-06	53.5	poly(A) RNA polymerase GLD2 isoform 1 [Homo sapiens]	TRUE	TENT2
XP_005767553.1	NP_001375036.1	0	N/A	33.333	96	14	1.67e-06	53.5	poly(A) RNA polymerase GLD2 isoform 1 [Homo sapiens]	TRUE	TENT2
XP_005767553.1	NP_001375035.1	0	N/A	33.333	96	14	1.67e-06	53.5	poly(A) RNA polymerase GLD2 isoform 1 [Homo sapiens]	TRUE	TENT2
XP_005767553.1	NP_001375034.1	0	N/A	33.333	96	14	1.67e-06	53.5	poly(A) RNA polymerase GLD2 isoform 1 [Homo sapiens]	TRUE	TENT2
XP_005767553.1	NP_001375032.1	0	N/A	33.333	96	14	1.67e-06	53.5	poly(A) RNA polymerase GLD2 isoform 1 [Homo sapiens]	TRUE	TENT2
XP_005767553.1	NP_001375031.1	0	N/A	33.333	96	14	1.67e-06	53.5	poly(A) RNA polymerase GLD2 isoform 1 [Homo sapiens]	TRUE	TENT2
XP_005767553.1	NP_001336482.1	0	N/A	33.333	96	14	1.67e-06	53.5	poly(A) RNA polymerase GLD2 isoform 1 [Homo sapiens]	TRUE	TENT2
XP_005767553.1	NP_001336481.1	0	N/A	33.333	96	14	1.67e-06	53.5	poly(A) RNA polymerase GLD2 isoform 1 [Homo sapiens]	TRUE	TENT2
XP_005767553.1	NP_001107866.1	0	N/A	33.333	96	14	1.67e-06	53.5	poly(A) RNA polymerase GLD2 isoform 1 [Homo sapiens]	TRUE	TENT2
XP_005767553.1	NP_001107865.1	0	N/A	33.333	96	14	1.67e-06	53.5	poly(A) RNA polymerase GLD2 isoform 1 [Homo sapiens]	TRUE	TENT2
XP_005767553.1	NP_001375029.1	0	N/A	33.333	96	14	1.82e-06	53.5	poly(A) RNA polymerase GLD2 isoform 8 [Homo sapiens]	TRUE	TENT2
XP_005767553.1	NP_001375028.1	0	N/A	33.333	96	14	1.82e-06	53.5	poly(A) RNA polymerase GLD2 isoform 8 [Homo sapiens]	TRUE	TENT2
XP_005767553.1	NP_001375060.1	0	N/A	33.333	96	14	1.89e-06	53.5	poly(A) RNA polymerase GLD2 isoform 11 [Homo sapiens]	TRUE	TENT2
XP_005767553.1	NP_001375066.1	0	N/A	33.75	80	12	4.31e-06	51.6	poly(A) RNA polymerase GLD2 isoform 15 [Homo sapiens]	TRUE	TENT2
XP_005767553.1	NP_001317647.1	0	N/A	25.381	197	28	6.03e-06	52.4	terminal uridylyltransferase 7 isoform 3 [Homo sapiens]	TRUE	Tut7
XP_005767553.1	XP_047279823.1	0	N/A	25.381	197	28	9.08e-06	52	terminal uridylyltransferase 7 isoform X2 [Homo sapiens]	TRUE	Tut7
XP_005767553.1	XP_006717346.1	0	N/A	25.381	197	28	9.08e-06	52	terminal uridylyltransferase 7 isoform X2 [Homo sapiens]	TRUE	Tut7
XP_005767553.1	XP_047279825.1	0	N/A	25.381	197	28	1.02e-05	51.6	terminal uridylyltransferase 7 isoform X6 [Homo sapiens]	TRUE	Tut7
XP_005767553.1	XP_047279824.1	0	N/A	25.381	197	28	1.02e-05	51.6	terminal uridylyltransferase 7 isoform X6 [Homo sapiens]	TRUE	Tut7
XP_005767553.1	XP_005252264.1	0	N/A	25.381	197	28	1.02e-05	51.6	terminal uridylyltransferase 7 isoform X6 [Homo sapiens]	TRUE	Tut7
XP_005767553.1	XP_016870620.1	0	N/A	25.381	197	28	1.03e-05	51.6	terminal uridylyltransferase 7 isoform X4 [Homo sapiens]	TRUE	Tut7
XP_005767553.1	XP_016870619.1	0	N/A	25.381	197	28	1.03e-05	51.6	terminal uridylyltransferase 7 isoform X4 [Homo sapiens]	TRUE	Tut7
XP_005767553.1	NP_078893.2	0	N/A	25.381	197	28	1.03e-05	51.6	terminal uridylyltransferase 7 isoform 1 [Homo sapiens]	TRUE	Tut7
XP_005767553.1	NP_001171988.1	0	N/A	25.381	197	28	1.03e-05	51.6	terminal uridylyltransferase 7 isoform 1 [Homo sapiens]	TRUE	Tut7
XP_005767553.1	XP_011517317.1	0	N/A	25.381	197	28	1.12e-05	51.6	terminal uridylyltransferase 7 isoform X3 [Homo sapiens]	TRUE	Tut7
XP_005767553.1	XP_011517318.1	0	N/A	25.381	197	28	1.19e-05	51.6	terminal uridylyltransferase 7 isoform X5 [Homo sapiens]	TRUE	Tut7
XP_005767553.1	XP_047272817.1	0	N/A	26.163	172	23	1.2e-05	50.4	poly(A) RNA polymerase GLD2 isoform X9 [Homo sapiens]	TRUE	TENT2
XP_005767553.1	XP_011517316.1	0	N/A	25.381	197	28	1.28e-05	51.2	terminal uridylyltransferase 7 isoform X1 [Homo sapiens]	TRUE	Tut7
XP_005767553.1	XP_011517315.1	0	N/A	25.381	197	28	1.28e-05	51.2	terminal uridylyltransferase 7 isoform X1 [Homo sapiens]	TRUE	Tut7
XP_005767553.1	XP_011517314.1	0	N/A	25.381	197	28	1.28e-05	51.2	terminal uridylyltransferase 7 isoform X1 [Homo sapiens]	TRUE	Tut7
XP_005767553.1	XP_011517313.1	0	N/A	25.381	197	28	1.28e-05	51.2	terminal uridylyltransferase 7 isoform X1 [Homo sapiens]	TRUE	Tut7
XP_005767553.1	XP_005252265.1	0	N/A	25.381	197	28	1.31e-05	51.2	terminal uridylyltransferase 7 isoform X7 [Homo sapiens]	TRUE	Tut7
XP_005767553.1	XP_047272305.1	0	N/A	25.258	194	29	6.87e-05	48.9	terminal uridylyltransferase 4 isoform X17 [Homo sapiens]	TRUE	Tut4
XP_005767553.1	XP_047272296.1	0	N/A	25.258	194	29	6.99e-05	48.9	terminal uridylyltransferase 4 isoform X13 [Homo sapiens]	TRUE	Tut4
XP_005767553.1	XP_047272295.1	0	N/A	25.258	194	29	7.42e-05	48.9	terminal uridylyltransferase 4 isoform X12 [Homo sapiens]	TRUE	Tut4
XP_005767553.1	XP_047272372.1	0	N/A	25.258	194	29	8.57e-05	48.5	terminal uridylyltransferase 4 isoform X42 [Homo sapiens]	TRUE	Tut4
XP_005767553.1	XP_047272350.1	0	N/A	25.258	194	29	8.89e-05	48.5	terminal uridylyltransferase 4 isoform X34 [Homo sapiens]	TRUE	Tut4
XP_005767553.1	XP_047272290.1	0	N/A	25.258	194	29	8.95e-05	48.5	terminal uridylyltransferase 4 isoform X11 [Homo sapiens]	TRUE	Tut4
XP_005767553.1	XP_047272286.1	0	N/A	25.258	194	29	9.03e-05	48.5	terminal uridylyltransferase 4 isoform X8 [Homo sapiens]	TRUE	Tut4
XP_005767553.1	NP_001172003.1	0	N/A	35.366	82	12	9.32e-05	48.5	terminal uridylyltransferase 7 isoform 2 [Homo sapiens]	TRUE	Tut7
XP_005767553.1	XP_047272344.1	0	N/A	25.258	194	29	0.000109	48.5	terminal uridylyltransferase 4 isoform X30 [Homo sapiens]	TRUE	Tut4
XP_005767553.1	XP_047272818.1	0	N/A	32.099	81	12	0.000118	47.4	poly(A) RNA polymerase GLD2 isoform X10 [Homo sapiens]	TRUE	TENT2
XP_005767553.1	XP_016856293.1	0	N/A	25.143	175	26	0.000123	48.1	terminal uridylyltransferase 4 isoform X16 [Homo sapiens]	TRUE	Tut4
XP_005767553.1	XP_047272283.1	0	N/A	25.143	175	26	0.000127	48.1	terminal uridylyltransferase 4 isoform X6 [Homo sapiens]	TRUE	Tut4
XP_005768257.1	NP_001375065.1	0	N/A	33.939	165	25	2.43e-18	89.7	poly(A) RNA polymerase GLD2 isoform 14 [Homo sapiens]	TRUE	TENT2
XP_005768257.1	NP_001375061.1	0	N/A	33.939	165	25	3.8e-18	90.1	poly(A) RNA polymerase GLD2 isoform 12 [Homo sapiens]	TRUE	TENT2
XP_005768257.1	NP_001375059.1	0	N/A	33.939	165	25	4.56e-18	90.1	poly(A) RNA polymerase GLD2 isoform 10 [Homo sapiens]	TRUE	TENT2
XP_005768257.1	XP_047272811.1	0	N/A	33.939	165	25	4.63e-18	90.1	poly(A) RNA polymerase GLD2 isoform X4 [Homo sapiens]	TRUE	TENT2
XP_005768257.1	XP_047272810.1	0	N/A	33.939	165	25	4.63e-18	90.1	poly(A) RNA polymerase GLD2 isoform X4 [Homo sapiens]	TRUE	TENT2
XP_005768257.1	XP_047272809.1	0	N/A	33.939	165	25	4.63e-18	90.1	poly(A) RNA polymerase GLD2 isoform X4 [Homo sapiens]	TRUE	TENT2
XP_005768257.1	NP_001375058.1	0	N/A	33.939	165	25	4.63e-18	90.1	poly(A) RNA polymerase GLD2 isoform 2 [Homo sapiens]	TRUE	TENT2
XP_005768257.1	NP_001375057.1	0	N/A	33.939	165	25	4.63e-18	90.1	poly(A) RNA polymerase GLD2 isoform 2 [Homo sapiens]	TRUE	TENT2
XP_005768257.1	NP_001375056.1	0	N/A	33.939	165	25	4.63e-18	90.1	poly(A) RNA polymerase GLD2 isoform 2 [Homo sapiens]	TRUE	TENT2
XP_005768257.1	NP_001375055.1	0	N/A	33.939	165	25	4.63e-18	90.1	poly(A) RNA polymerase GLD2 isoform 2 [Homo sapiens]	TRUE	TENT2
XP_005768257.1	NP_001375054.1	0	N/A	33.939	165	25	4.63e-18	90.1	poly(A) RNA polymerase GLD2 isoform 2 [Homo sapiens]	TRUE	TENT2
XP_005768257.1	NP_001375053.1	0	N/A	33.939	165	25	4.63e-18	90.1	poly(A) RNA polymerase GLD2 isoform 2 [Homo sapiens]	TRUE	TENT2
XP_005768257.1	NP_001375052.1	0	N/A	33.939	165	25	4.63e-18	90.1	poly(A) RNA polymerase GLD2 isoform 2 [Homo sapiens]	TRUE	TENT2
XP_005768257.1	NP_001375051.1	0	N/A	33.939	165	25	4.63e-18	90.1	poly(A) RNA polymerase GLD2 isoform 2 [Homo sapiens]	TRUE	TENT2
XP_005768257.1	NP_001375050.1	0	N/A	33.939	165	25	4.63e-18	90.1	poly(A) RNA polymerase GLD2 isoform 2 [Homo sapiens]	TRUE	TENT2
XP_005768257.1	NP_001375049.1	0	N/A	33.939	165	25	4.63e-18	90.1	poly(A) RNA polymerase GLD2 isoform 2 [Homo sapiens]	TRUE	TENT2
XP_005768257.1	NP_001375048.1	0	N/A	33.939	165	25	4.63e-18	90.1	poly(A) RNA polymerase GLD2 isoform 2 [Homo sapiens]	TRUE	TENT2
XP_005768257.1	NP_001375047.1	0	N/A	33.939	165	25	4.63e-18	90.1	poly(A) RNA polymerase GLD2 isoform 2 [Homo sapiens]	TRUE	TENT2
XP_005768257.1	NP_001375046.1	0	N/A	33.939	165	25	4.63e-18	90.1	poly(A) RNA polymerase GLD2 isoform 2 [Homo sapiens]	TRUE	TENT2
XP_005768257.1	NP_001375045.1	0	N/A	33.939	165	25	4.63e-18	90.1	poly(A) RNA polymerase GLD2 isoform 2 [Homo sapiens]	TRUE	TENT2
XP_005768257.1	NP_001375044.1	0	N/A	33.939	165	25	4.63e-18	90.1	poly(A) RNA polymerase GLD2 isoform 2 [Homo sapiens]	TRUE	TENT2
XP_005768257.1	NP_001375043.1	0	N/A	33.939	165	25	4.63e-18	90.1	poly(A) RNA polymerase GLD2 isoform 2 [Homo sapiens]	TRUE	TENT2
XP_005768257.1	NP_001336483.1	0	N/A	33.939	165	25	4.63e-18	90.1	poly(A) RNA polymerase GLD2 isoform 2 [Homo sapiens]	TRUE	TENT2
XP_005768257.1	NP_001284673.1	0	N/A	33.939	165	25	4.63e-18	90.1	poly(A) RNA polymerase GLD2 isoform 2 [Homo sapiens]	TRUE	TENT2
XP_005768257.1	NP_001375030.1	0	N/A	33.939	165	25	6.72e-18	89.7	poly(A) RNA polymerase GLD2 isoform 9 [Homo sapiens]	TRUE	TENT2
XP_005768257.1	NP_001336477.1	0	N/A	35.075	134	21	1.17e-17	85.9	poly(A) RNA polymerase GLD2 isoform 4 [Homo sapiens]	TRUE	TENT2
XP_005768257.1	NP_001375060.1	0	N/A	31.953	169	25	2.01e-17	87.8	poly(A) RNA polymerase GLD2 isoform 11 [Homo sapiens]	TRUE	TENT2
XP_005768257.1	XP_047272808.1	0	N/A	31.953	169	25	2.27e-17	87.8	poly(A) RNA polymerase GLD2 isoform X3 [Homo sapiens]	TRUE	TENT2
XP_005768257.1	XP_047272807.1	0	N/A	31.953	169	25	2.27e-17	87.8	poly(A) RNA polymerase GLD2 isoform X3 [Homo sapiens]	TRUE	TENT2
XP_005768257.1	XP_047272806.1	0	N/A	31.953	169	25	2.27e-17	87.8	poly(A) RNA polymerase GLD2 isoform X3 [Homo sapiens]	TRUE	TENT2
XP_005768257.1	NP_776158.2	0	N/A	31.953	169	25	2.27e-17	87.8	poly(A) RNA polymerase GLD2 isoform 1 [Homo sapiens]	TRUE	TENT2
XP_005768257.1	NP_001375041.1	0	N/A	31.953	169	25	2.27e-17	87.8	poly(A) RNA polymerase GLD2 isoform 1 [Homo sapiens]	TRUE	TENT2
XP_005768257.1	NP_001375040.1	0	N/A	31.953	169	25	2.27e-17	87.8	poly(A) RNA polymerase GLD2 isoform 1 [Homo sapiens]	TRUE	TENT2
XP_005768257.1	NP_001375039.1	0	N/A	31.953	169	25	2.27e-17	87.8	poly(A) RNA polymerase GLD2 isoform 1 [Homo sapiens]	TRUE	TENT2
XP_005768257.1	NP_001375038.1	0	N/A	31.953	169	25	2.27e-17	87.8	poly(A) RNA polymerase GLD2 isoform 1 [Homo sapiens]	TRUE	TENT2
XP_005768257.1	NP_001375037.1	0	N/A	31.953	169	25	2.27e-17	87.8	poly(A) RNA polymerase GLD2 isoform 1 [Homo sapiens]	TRUE	TENT2
XP_005768257.1	NP_001375036.1	0	N/A	31.953	169	25	2.27e-17	87.8	poly(A) RNA polymerase GLD2 isoform 1 [Homo sapiens]	TRUE	TENT2
XP_005768257.1	NP_001375035.1	0	N/A	31.953	169	25	2.27e-17	87.8	poly(A) RNA polymerase GLD2 isoform 1 [Homo sapiens]	TRUE	TENT2
XP_005768257.1	NP_001375034.1	0	N/A	31.953	169	25	2.27e-17	87.8	poly(A) RNA polymerase GLD2 isoform 1 [Homo sapiens]	TRUE	TENT2
XP_005768257.1	NP_001375032.1	0	N/A	31.953	169	25	2.27e-17	87.8	poly(A) RNA polymerase GLD2 isoform 1 [Homo sapiens]	TRUE	TENT2
XP_005768257.1	NP_001375031.1	0	N/A	31.953	169	25	2.27e-17	87.8	poly(A) RNA polymerase GLD2 isoform 1 [Homo sapiens]	TRUE	TENT2
XP_005768257.1	NP_001336482.1	0	N/A	31.953	169	25	2.27e-17	87.8	poly(A) RNA polymerase GLD2 isoform 1 [Homo sapiens]	TRUE	TENT2
XP_005768257.1	NP_001336481.1	0	N/A	31.953	169	25	2.27e-17	87.8	poly(A) RNA polymerase GLD2 isoform 1 [Homo sapiens]	TRUE	TENT2
XP_005768257.1	NP_001107866.1	0	N/A	31.953	169	25	2.27e-17	87.8	poly(A) RNA polymerase GLD2 isoform 1 [Homo sapiens]	TRUE	TENT2
XP_005768257.1	NP_001107865.1	0	N/A	31.953	169	25	2.27e-17	87.8	poly(A) RNA polymerase GLD2 isoform 1 [Homo sapiens]	TRUE	TENT2
XP_005768257.1	NP_001375042.1	0	N/A	31.953	169	25	2.34e-17	87.8	poly(A) RNA polymerase GLD2 isoform 16 [Homo sapiens]	TRUE	TENT2
XP_005768257.1	NP_001375029.1	0	N/A	31.953	169	25	3.49e-17	87.4	poly(A) RNA polymerase GLD2 isoform 8 [Homo sapiens]	TRUE	TENT2
XP_005768257.1	NP_001375028.1	0	N/A	31.953	169	25	3.49e-17	87.4	poly(A) RNA polymerase GLD2 isoform 8 [Homo sapiens]	TRUE	TENT2
XP_005768257.1	XP_047272820.1	0	N/A	38.889	108	17	5.58e-16	80.5	poly(A) RNA polymerase GLD2 isoform X11 [Homo sapiens]	TRUE	TENT2
XP_005768257.1	NP_001375027.1	0	N/A	38.889	108	17	2.59e-15	81.6	poly(A) RNA polymerase GLD2 isoform 7 [Homo sapiens]	TRUE	TENT2
XP_005768257.1	XP_047272805.1	0	N/A	38.889	108	17	2.69e-15	81.6	poly(A) RNA polymerase GLD2 isoform X2 [Homo sapiens]	TRUE	TENT2
XP_005768257.1	XP_047272804.1	0	N/A	38.889	108	17	2.69e-15	81.6	poly(A) RNA polymerase GLD2 isoform X2 [Homo sapiens]	TRUE	TENT2
XP_005768257.1	XP_047272803.1	0	N/A	38.889	108	17	2.69e-15	81.6	poly(A) RNA polymerase GLD2 isoform X2 [Homo sapiens]	TRUE	TENT2
XP_005768257.1	XP_047272802.1	0	N/A	38.889	108	17	2.69e-15	81.6	poly(A) RNA polymerase GLD2 isoform X2 [Homo sapiens]	TRUE	TENT2
XP_005768257.1	XP_016864641.1	0	N/A	38.889	108	17	2.69e-15	81.6	poly(A) RNA polymerase GLD2 isoform X2 [Homo sapiens]	TRUE	TENT2
XP_005768257.1	NP_001375026.1	0	N/A	38.889	108	17	2.69e-15	81.6	poly(A) RNA polymerase GLD2 isoform 6 [Homo sapiens]	TRUE	TENT2
XP_005768257.1	NP_001375025.1	0	N/A	38.889	108	17	2.69e-15	81.6	poly(A) RNA polymerase GLD2 isoform 6 [Homo sapiens]	TRUE	TENT2
XP_005768257.1	NP_001375024.1	0	N/A	38.889	108	17	2.69e-15	81.6	poly(A) RNA polymerase GLD2 isoform 6 [Homo sapiens]	TRUE	TENT2
XP_005768257.1	NP_001336480.1	0	N/A	38.889	108	17	2.69e-15	81.6	poly(A) RNA polymerase GLD2 isoform 6 [Homo sapiens]	TRUE	TENT2
XP_005768257.1	XP_047272801.1	0	N/A	38.889	108	17	2.95e-15	81.6	poly(A) RNA polymerase GLD2 isoform X1 [Homo sapiens]	TRUE	TENT2
XP_005768257.1	XP_047272800.1	0	N/A	38.889	108	17	2.95e-15	81.6	poly(A) RNA polymerase GLD2 isoform X1 [Homo sapiens]	TRUE	TENT2
XP_005768257.1	XP_011541527.1	0	N/A	38.889	108	17	2.95e-15	81.6	poly(A) RNA polymerase GLD2 isoform X1 [Homo sapiens]	TRUE	TENT2
XP_005768257.1	XP_011541526.1	0	N/A	38.889	108	17	2.95e-15	81.6	poly(A) RNA polymerase GLD2 isoform X1 [Homo sapiens]	TRUE	TENT2
XP_005768257.1	XP_011541523.1	0	N/A	38.889	108	17	2.95e-15	81.6	poly(A) RNA polymerase GLD2 isoform X1 [Homo sapiens]	TRUE	TENT2
XP_005768257.1	XP_011541522.1	0	N/A	38.889	108	17	2.95e-15	81.6	poly(A) RNA polymerase GLD2 isoform X1 [Homo sapiens]	TRUE	TENT2
XP_005768257.1	NP_001375023.1	0	N/A	38.889	108	17	2.95e-15	81.6	poly(A) RNA polymerase GLD2 isoform 5 [Homo sapiens]	TRUE	TENT2
XP_005768257.1	NP_001375022.1	0	N/A	38.889	108	17	2.95e-15	81.6	poly(A) RNA polymerase GLD2 isoform 5 [Homo sapiens]	TRUE	TENT2
XP_005768257.1	NP_001336479.1	0	N/A	38.889	108	17	2.95e-15	81.6	poly(A) RNA polymerase GLD2 isoform 5 [Homo sapiens]	TRUE	TENT2
XP_005768257.1	NP_001336478.1	0	N/A	38.889	108	17	2.95e-15	81.6	poly(A) RNA polymerase GLD2 isoform 5 [Homo sapiens]	TRUE	TENT2
XP_005768257.1	XP_047272818.1	0	N/A	30.986	142	21	3.88e-14	76.6	poly(A) RNA polymerase GLD2 isoform X10 [Homo sapiens]	TRUE	TENT2
XP_005768257.1	NP_001317647.1	0	N/A	32.335	167	25	1.51e-12	73.6	terminal uridylyltransferase 7 isoform 3 [Homo sapiens]	TRUE	Tut7
XP_005768257.1	NP_001172003.1	0	N/A	35.714	112	18	1.77e-12	73.6	terminal uridylyltransferase 7 isoform 2 [Homo sapiens]	TRUE	Tut7
XP_005768257.1	XP_011517318.1	0	N/A	32.335	167	25	2.5e-12	73.2	terminal uridylyltransferase 7 isoform X5 [Homo sapiens]	TRUE	Tut7
XP_005768257.1	XP_047279825.1	0	N/A	32.335	167	25	2.52e-12	73.2	terminal uridylyltransferase 7 isoform X6 [Homo sapiens]	TRUE	Tut7
XP_005768257.1	XP_047279824.1	0	N/A	32.335	167	25	2.52e-12	73.2	terminal uridylyltransferase 7 isoform X6 [Homo sapiens]	TRUE	Tut7
XP_005768257.1	XP_005252264.1	0	N/A	32.335	167	25	2.52e-12	73.2	terminal uridylyltransferase 7 isoform X6 [Homo sapiens]	TRUE	Tut7
XP_005768257.1	XP_016870620.1	0	N/A	32.335	167	25	2.57e-12	73.2	terminal uridylyltransferase 7 isoform X4 [Homo sapiens]	TRUE	Tut7
XP_005768257.1	XP_016870619.1	0	N/A	32.335	167	25	2.57e-12	73.2	terminal uridylyltransferase 7 isoform X4 [Homo sapiens]	TRUE	Tut7
XP_005768257.1	NP_078893.2	0	N/A	32.335	167	25	2.57e-12	73.2	terminal uridylyltransferase 7 isoform 1 [Homo sapiens]	TRUE	Tut7
XP_005768257.1	NP_001171988.1	0	N/A	32.335	167	25	2.57e-12	73.2	terminal uridylyltransferase 7 isoform 1 [Homo sapiens]	TRUE	Tut7
XP_005768257.1	XP_047279823.1	0	N/A	32.335	167	25	2.59e-12	73.2	terminal uridylyltransferase 7 isoform X2 [Homo sapiens]	TRUE	Tut7
XP_005768257.1	XP_006717346.1	0	N/A	32.335	167	25	2.59e-12	73.2	terminal uridylyltransferase 7 isoform X2 [Homo sapiens]	TRUE	Tut7
XP_005768257.1	XP_011517317.1	0	N/A	32.335	167	25	2.61e-12	73.2	terminal uridylyltransferase 7 isoform X3 [Homo sapiens]	TRUE	Tut7
XP_005768257.1	XP_005252265.1	0	N/A	32.335	167	25	3.01e-12	72.8	terminal uridylyltransferase 7 isoform X7 [Homo sapiens]	TRUE	Tut7
XP_005768257.1	XP_011517316.1	0	N/A	32.335	167	25	3.47e-12	72.8	terminal uridylyltransferase 7 isoform X1 [Homo sapiens]	TRUE	Tut7
XP_005768257.1	XP_011517315.1	0	N/A	32.335	167	25	3.47e-12	72.8	terminal uridylyltransferase 7 isoform X1 [Homo sapiens]	TRUE	Tut7
XP_005768257.1	XP_011517314.1	0	N/A	32.335	167	25	3.47e-12	72.8	terminal uridylyltransferase 7 isoform X1 [Homo sapiens]	TRUE	Tut7
XP_005768257.1	XP_011517313.1	0	N/A	32.335	167	25	3.47e-12	72.8	terminal uridylyltransferase 7 isoform X1 [Homo sapiens]	TRUE	Tut7
XP_005768257.1	XP_047272817.1	0	N/A	39.506	81	13	4e-12	70.9	poly(A) RNA polymerase GLD2 isoform X9 [Homo sapiens]	TRUE	TENT2
XP_005768257.1	XP_047272816.1	0	N/A	39.506	81	13	4.37e-12	70.9	poly(A) RNA polymerase GLD2 isoform X8 [Homo sapiens]	TRUE	TENT2
XP_005768257.1	XP_016856292.1	0	N/A	32	150	23	3.72e-11	69.3	terminal uridylyltransferase 4 isoform X9 [Homo sapiens]	TRUE	Tut4
XP_005768257.1	XP_047272285.1	0	N/A	32	150	23	3.78e-11	69.3	terminal uridylyltransferase 4 isoform X7 [Homo sapiens]	TRUE	Tut4
XP_005768257.1	XP_047272305.1	0	N/A	32	150	23	3.81e-11	69.3	terminal uridylyltransferase 4 isoform X17 [Homo sapiens]	TRUE	Tut4
XP_005768257.1	XP_016856293.1	0	N/A	32	150	23	3.88e-11	69.3	terminal uridylyltransferase 4 isoform X16 [Homo sapiens]	TRUE	Tut4
XP_005768257.1	XP_047272295.1	0	N/A	32	150	23	3.91e-11	69.3	terminal uridylyltransferase 4 isoform X12 [Homo sapiens]	TRUE	Tut4
XP_005768257.1	XP_047272288.1	0	N/A	32	150	23	3.91e-11	69.3	terminal uridylyltransferase 4 isoform X10 [Homo sapiens]	TRUE	Tut4
XP_005768257.1	XP_047272283.1	0	N/A	32	150	23	3.92e-11	69.3	terminal uridylyltransferase 4 isoform X6 [Homo sapiens]	TRUE	Tut4
XP_005768257.1	XP_005270737.1	0	N/A	32	150	23	3.92e-11	69.3	terminal uridylyltransferase 4 isoform X6 [Homo sapiens]	TRUE	Tut4
XP_005768257.1	XP_047272296.1	0	N/A	32	150	23	3.98e-11	69.3	terminal uridylyltransferase 4 isoform X13 [Homo sapiens]	TRUE	Tut4
XP_005768257.1	XP_047272282.1	0	N/A	32	150	23	4.1e-11	69.3	terminal uridylyltransferase 4 isoform X5 [Homo sapiens]	TRUE	Tut4
XP_005772830.1	NP_001165276.2	0	N/A	25.369	339	82	1.54e-22	102	terminal nucleotidyltransferase 4A isoform 2 [Homo sapiens]	TRUE	TENT4A
XP_005772830.1	NP_008930.2	0	N/A	25.369	339	82	1.72e-22	102	terminal nucleotidyltransferase 4A isoform 1 [Homo sapiens]	TRUE	TENT4A
XP_005772830.1	XP_047290433.1	0	N/A	25.982	331	80	3.53e-21	97.4	terminal nucleotidyltransferase 4B isoform X6 [Homo sapiens]	TRUE	TENT4B
XP_005772830.1	NP_001035375.2	0	N/A	25.982	331	80	8.27e-21	97.1	terminal nucleotidyltransferase 4B isoform b [Homo sapiens]	TRUE	TENT4B
XP_005772830.1	XP_011521578.1	0	N/A	25.982	331	80	8.28e-21	97.1	terminal nucleotidyltransferase 4B isoform X2 [Homo sapiens]	TRUE	TENT4B
XP_005772830.1	XP_011521580.1	0	N/A	25.982	331	80	8.51e-21	96.7	terminal nucleotidyltransferase 4B isoform X5 [Homo sapiens]	TRUE	TENT4B
XP_005772830.1	XP_047290432.1	0	N/A	25.982	331	80	1.5e-20	96.3	terminal nucleotidyltransferase 4B isoform X4 [Homo sapiens]	TRUE	TENT4B
XP_005772830.1	NP_001035374.2	0	N/A	30.542	203	50	1.57e-20	96.3	terminal nucleotidyltransferase 4B isoform a [Homo sapiens]	TRUE	TENT4B
XP_005772830.1	XP_011521577.1	0	N/A	30.542	203	50	1.57e-20	96.3	terminal nucleotidyltransferase 4B isoform X1 [Homo sapiens]	TRUE	TENT4B
XP_005772830.1	XP_047290431.1	0	N/A	25.982	331	80	1.8e-20	96.3	terminal nucleotidyltransferase 4B isoform X3 [Homo sapiens]	TRUE	TENT4B
XP_005772830.1	NP_001352253.1	0	N/A	30.542	203	50	2.11e-20	95.9	terminal nucleotidyltransferase 4B isoform d [Homo sapiens]	TRUE	TENT4B
XP_005772830.1	NP_001352252.1	0	N/A	30.542	203	50	2.23e-20	95.9	terminal nucleotidyltransferase 4B isoform c [Homo sapiens]	TRUE	TENT4B
XP_005772830.1	XP_047272624.1	0	N/A	27.037	270	65	7.28e-20	94	terminal nucleotidyltransferase 4A isoform X3 [Homo sapiens]	TRUE	TENT4A
XP_005772830.1	XP_047272623.1	0	N/A	27.037	270	65	7.37e-20	94	terminal nucleotidyltransferase 4A isoform X2 [Homo sapiens]	TRUE	TENT4A
XP_005772830.1	XP_016864477.1	0	N/A	27.037	270	65	7.37e-20	94	terminal nucleotidyltransferase 4A isoform X2 [Homo sapiens]	TRUE	TENT4A
XP_005772830.1	XP_047272622.1	0	N/A	27.037	270	65	8.6e-20	94	terminal nucleotidyltransferase 4A isoform X1 [Homo sapiens]	TRUE	TENT4A
XP_005772830.1	XP_047272621.1	0	N/A	27.037	270	65	8.6e-20	94	terminal nucleotidyltransferase 4A isoform X1 [Homo sapiens]	TRUE	TENT4A
XP_005772830.1	XP_047272620.1	0	N/A	27.037	270	65	8.6e-20	94	terminal nucleotidyltransferase 4A isoform X1 [Homo sapiens]	TRUE	TENT4A
XP_005772830.1	NP_001375065.1	0	N/A	24.632	272	67	2.65e-12	70.1	poly(A) RNA polymerase GLD2 isoform 14 [Homo sapiens]	TRUE	TENT2
XP_005772830.1	NP_001375059.1	0	N/A	24.632	272	67	3.39e-12	70.5	poly(A) RNA polymerase GLD2 isoform 10 [Homo sapiens]	TRUE	TENT2
XP_005772830.1	XP_047272811.1	0	N/A	24.632	272	67	3.46e-12	70.5	poly(A) RNA polymerase GLD2 isoform X4 [Homo sapiens]	TRUE	TENT2
XP_005772830.1	XP_047272810.1	0	N/A	24.632	272	67	3.46e-12	70.5	poly(A) RNA polymerase GLD2 isoform X4 [Homo sapiens]	TRUE	TENT2
XP_005772830.1	XP_047272809.1	0	N/A	24.632	272	67	3.46e-12	70.5	poly(A) RNA polymerase GLD2 isoform X4 [Homo sapiens]	TRUE	TENT2
XP_005772830.1	NP_001375058.1	0	N/A	24.632	272	67	3.46e-12	70.5	poly(A) RNA polymerase GLD2 isoform 2 [Homo sapiens]	TRUE	TENT2
XP_005772830.1	NP_001375057.1	0	N/A	24.632	272	67	3.46e-12	70.5	poly(A) RNA polymerase GLD2 isoform 2 [Homo sapiens]	TRUE	TENT2
XP_005772830.1	NP_001375056.1	0	N/A	24.632	272	67	3.46e-12	70.5	poly(A) RNA polymerase GLD2 isoform 2 [Homo sapiens]	TRUE	TENT2
XP_005772830.1	NP_001375055.1	0	N/A	24.632	272	67	3.46e-12	70.5	poly(A) RNA polymerase GLD2 isoform 2 [Homo sapiens]	TRUE	TENT2
XP_005772830.1	NP_001375054.1	0	N/A	24.632	272	67	3.46e-12	70.5	poly(A) RNA polymerase GLD2 isoform 2 [Homo sapiens]	TRUE	TENT2
XP_005772830.1	NP_001375053.1	0	N/A	24.632	272	67	3.46e-12	70.5	poly(A) RNA polymerase GLD2 isoform 2 [Homo sapiens]	TRUE	TENT2
XP_005772830.1	NP_001375052.1	0	N/A	24.632	272	67	3.46e-12	70.5	poly(A) RNA polymerase GLD2 isoform 2 [Homo sapiens]	TRUE	TENT2
XP_005772830.1	NP_001375051.1	0	N/A	24.632	272	67	3.46e-12	70.5	poly(A) RNA polymerase GLD2 isoform 2 [Homo sapiens]	TRUE	TENT2
XP_005772830.1	NP_001375050.1	0	N/A	24.632	272	67	3.46e-12	70.5	poly(A) RNA polymerase GLD2 isoform 2 [Homo sapiens]	TRUE	TENT2
XP_005772830.1	NP_001375049.1	0	N/A	24.632	272	67	3.46e-12	70.5	poly(A) RNA polymerase GLD2 isoform 2 [Homo sapiens]	TRUE	TENT2
XP_005772830.1	NP_001375048.1	0	N/A	24.632	272	67	3.46e-12	70.5	poly(A) RNA polymerase GLD2 isoform 2 [Homo sapiens]	TRUE	TENT2
XP_005772830.1	NP_001375047.1	0	N/A	24.632	272	67	3.46e-12	70.5	poly(A) RNA polymerase GLD2 isoform 2 [Homo sapiens]	TRUE	TENT2
XP_005772830.1	NP_001375046.1	0	N/A	24.632	272	67	3.46e-12	70.5	poly(A) RNA polymerase GLD2 isoform 2 [Homo sapiens]	TRUE	TENT2
XP_005772830.1	NP_001375045.1	0	N/A	24.632	272	67	3.46e-12	70.5	poly(A) RNA polymerase GLD2 isoform 2 [Homo sapiens]	TRUE	TENT2
XP_005772830.1	NP_001375044.1	0	N/A	24.632	272	67	3.46e-12	70.5	poly(A) RNA polymerase GLD2 isoform 2 [Homo sapiens]	TRUE	TENT2
XP_005772830.1	NP_001375043.1	0	N/A	24.632	272	67	3.46e-12	70.5	poly(A) RNA polymerase GLD2 isoform 2 [Homo sapiens]	TRUE	TENT2
XP_005772830.1	NP_001336483.1	0	N/A	24.632	272	67	3.46e-12	70.5	poly(A) RNA polymerase GLD2 isoform 2 [Homo sapiens]	TRUE	TENT2
XP_005772830.1	NP_001284673.1	0	N/A	24.632	272	67	3.46e-12	70.5	poly(A) RNA polymerase GLD2 isoform 2 [Homo sapiens]	TRUE	TENT2
XP_005772830.1	NP_001375061.1	0	N/A	24.632	272	67	4.49e-12	69.7	poly(A) RNA polymerase GLD2 isoform 12 [Homo sapiens]	TRUE	TENT2
XP_005772830.1	NP_001375042.1	0	N/A	24.818	274	67	1.03e-11	68.9	poly(A) RNA polymerase GLD2 isoform 16 [Homo sapiens]	TRUE	TENT2
XP_005772830.1	XP_047272808.1	0	N/A	24.818	274	67	1.1e-11	68.9	poly(A) RNA polymerase GLD2 isoform X3 [Homo sapiens]	TRUE	TENT2
XP_005772830.1	XP_047272807.1	0	N/A	24.818	274	67	1.1e-11	68.9	poly(A) RNA polymerase GLD2 isoform X3 [Homo sapiens]	TRUE	TENT2
XP_005772830.1	XP_047272806.1	0	N/A	24.818	274	67	1.1e-11	68.9	poly(A) RNA polymerase GLD2 isoform X3 [Homo sapiens]	TRUE	TENT2
XP_005772830.1	NP_776158.2	0	N/A	24.818	274	67	1.1e-11	68.9	poly(A) RNA polymerase GLD2 isoform 1 [Homo sapiens]	TRUE	TENT2
XP_005772830.1	NP_001375041.1	0	N/A	24.818	274	67	1.1e-11	68.9	poly(A) RNA polymerase GLD2 isoform 1 [Homo sapiens]	TRUE	TENT2
XP_005772830.1	NP_001375040.1	0	N/A	24.818	274	67	1.1e-11	68.9	poly(A) RNA polymerase GLD2 isoform 1 [Homo sapiens]	TRUE	TENT2
XP_005772830.1	NP_001375039.1	0	N/A	24.818	274	67	1.1e-11	68.9	poly(A) RNA polymerase GLD2 isoform 1 [Homo sapiens]	TRUE	TENT2
XP_005772830.1	NP_001375038.1	0	N/A	24.818	274	67	1.1e-11	68.9	poly(A) RNA polymerase GLD2 isoform 1 [Homo sapiens]	TRUE	TENT2
XP_005772830.1	NP_001375037.1	0	N/A	24.818	274	67	1.1e-11	68.9	poly(A) RNA polymerase GLD2 isoform 1 [Homo sapiens]	TRUE	TENT2
XP_005772830.1	NP_001375036.1	0	N/A	24.818	274	67	1.1e-11	68.9	poly(A) RNA polymerase GLD2 isoform 1 [Homo sapiens]	TRUE	TENT2
XP_005772830.1	NP_001375035.1	0	N/A	24.818	274	67	1.1e-11	68.9	poly(A) RNA polymerase GLD2 isoform 1 [Homo sapiens]	TRUE	TENT2
XP_005772830.1	NP_001375034.1	0	N/A	24.818	274	67	1.1e-11	68.9	poly(A) RNA polymerase GLD2 isoform 1 [Homo sapiens]	TRUE	TENT2
XP_005772830.1	NP_001375032.1	0	N/A	24.818	274	67	1.1e-11	68.9	poly(A) RNA polymerase GLD2 isoform 1 [Homo sapiens]	TRUE	TENT2
XP_005772830.1	NP_001375031.1	0	N/A	24.818	274	67	1.1e-11	68.9	poly(A) RNA polymerase GLD2 isoform 1 [Homo sapiens]	TRUE	TENT2
XP_005772830.1	NP_001336482.1	0	N/A	24.818	274	67	1.1e-11	68.9	poly(A) RNA polymerase GLD2 isoform 1 [Homo sapiens]	TRUE	TENT2
XP_005772830.1	NP_001336481.1	0	N/A	24.818	274	67	1.1e-11	68.9	poly(A) RNA polymerase GLD2 isoform 1 [Homo sapiens]	TRUE	TENT2
XP_005772830.1	NP_001107866.1	0	N/A	24.818	274	67	1.1e-11	68.9	poly(A) RNA polymerase GLD2 isoform 1 [Homo sapiens]	TRUE	TENT2
XP_005772830.1	NP_001107865.1	0	N/A	24.818	274	67	1.1e-11	68.9	poly(A) RNA polymerase GLD2 isoform 1 [Homo sapiens]	TRUE	TENT2
XP_005772830.1	NP_001375060.1	0	N/A	24.818	274	67	1.25e-11	68.6	poly(A) RNA polymerase GLD2 isoform 11 [Homo sapiens]	TRUE	TENT2
XP_005772830.1	XP_047272818.1	0	N/A	27	200	49	2.16e-11	67.4	poly(A) RNA polymerase GLD2 isoform X10 [Homo sapiens]	TRUE	TENT2
XP_005772830.1	NP_001375027.1	0	N/A	23.509	285	67	2.77e-10	64.3	poly(A) RNA polymerase GLD2 isoform 7 [Homo sapiens]	TRUE	TENT2
XP_005772830.1	XP_047272805.1	0	N/A	23.509	285	67	2.92e-10	64.3	poly(A) RNA polymerase GLD2 isoform X2 [Homo sapiens]	TRUE	TENT2
XP_005772830.1	XP_047272804.1	0	N/A	23.509	285	67	2.92e-10	64.3	poly(A) RNA polymerase GLD2 isoform X2 [Homo sapiens]	TRUE	TENT2
XP_005772830.1	XP_047272803.1	0	N/A	23.509	285	67	2.92e-10	64.3	poly(A) RNA polymerase GLD2 isoform X2 [Homo sapiens]	TRUE	TENT2
XP_005772830.1	XP_047272802.1	0	N/A	23.509	285	67	2.92e-10	64.3	poly(A) RNA polymerase GLD2 isoform X2 [Homo sapiens]	TRUE	TENT2
XP_005772830.1	XP_016864641.1	0	N/A	23.509	285	67	2.92e-10	64.3	poly(A) RNA polymerase GLD2 isoform X2 [Homo sapiens]	TRUE	TENT2
XP_005772830.1	NP_001375026.1	0	N/A	23.509	285	67	2.92e-10	64.3	poly(A) RNA polymerase GLD2 isoform 6 [Homo sapiens]	TRUE	TENT2
XP_005772830.1	NP_001375025.1	0	N/A	23.509	285	67	2.92e-10	64.3	poly(A) RNA polymerase GLD2 isoform 6 [Homo sapiens]	TRUE	TENT2
XP_005772830.1	NP_001375024.1	0	N/A	23.509	285	67	2.92e-10	64.3	poly(A) RNA polymerase GLD2 isoform 6 [Homo sapiens]	TRUE	TENT2
XP_005772830.1	NP_001336480.1	0	N/A	23.509	285	67	2.92e-10	64.3	poly(A) RNA polymerase GLD2 isoform 6 [Homo sapiens]	TRUE	TENT2
XP_005772830.1	NP_001375030.1	0	N/A	23.897	272	67	3.09e-10	64.3	poly(A) RNA polymerase GLD2 isoform 9 [Homo sapiens]	TRUE	TENT2
XP_005772830.1	XP_047272801.1	0	N/A	23.368	291	67	4.02e-10	63.9	poly(A) RNA polymerase GLD2 isoform X1 [Homo sapiens]	TRUE	TENT2
XP_005772830.1	XP_047272800.1	0	N/A	23.368	291	67	4.02e-10	63.9	poly(A) RNA polymerase GLD2 isoform X1 [Homo sapiens]	TRUE	TENT2
XP_005772830.1	XP_011541527.1	0	N/A	23.368	291	67	4.02e-10	63.9	poly(A) RNA polymerase GLD2 isoform X1 [Homo sapiens]	TRUE	TENT2
XP_005772830.1	XP_011541526.1	0	N/A	23.368	291	67	4.02e-10	63.9	poly(A) RNA polymerase GLD2 isoform X1 [Homo sapiens]	TRUE	TENT2
XP_005772830.1	XP_011541523.1	0	N/A	23.368	291	67	4.02e-10	63.9	poly(A) RNA polymerase GLD2 isoform X1 [Homo sapiens]	TRUE	TENT2
XP_005772830.1	XP_011541522.1	0	N/A	23.368	291	67	4.02e-10	63.9	poly(A) RNA polymerase GLD2 isoform X1 [Homo sapiens]	TRUE	TENT2
XP_005772830.1	NP_001375023.1	0	N/A	23.368	291	67	4.02e-10	63.9	poly(A) RNA polymerase GLD2 isoform 5 [Homo sapiens]	TRUE	TENT2
XP_005772830.1	NP_001375022.1	0	N/A	23.368	291	67	4.02e-10	63.9	poly(A) RNA polymerase GLD2 isoform 5 [Homo sapiens]	TRUE	TENT2
XP_005772830.1	NP_001336479.1	0	N/A	23.368	291	67	4.02e-10	63.9	poly(A) RNA polymerase GLD2 isoform 5 [Homo sapiens]	TRUE	TENT2
XP_005772830.1	NP_001336478.1	0	N/A	23.368	291	67	4.02e-10	63.9	poly(A) RNA polymerase GLD2 isoform 5 [Homo sapiens]	TRUE	TENT2
XP_005772830.1	XP_047272817.1	0	N/A	25.118	211	49	1.03e-09	62.4	poly(A) RNA polymerase GLD2 isoform X9 [Homo sapiens]	TRUE	TENT2
XP_005772830.1	XP_047272816.1	0	N/A	24.885	217	49	1.52e-09	61.6	poly(A) RNA polymerase GLD2 isoform X8 [Homo sapiens]	TRUE	TENT2
XP_005772830.1	XP_047272820.1	0	N/A	27.215	158	39	1.63e-09	60.5	poly(A) RNA polymerase GLD2 isoform X11 [Homo sapiens]	TRUE	TENT2
XP_005772830.1	NP_001375029.1	0	N/A	23.944	284	67	4.54e-09	60.8	poly(A) RNA polymerase GLD2 isoform 8 [Homo sapiens]	TRUE	TENT2
XP_005772830.1	NP_001375028.1	0	N/A	23.944	284	67	4.54e-09	60.8	poly(A) RNA polymerase GLD2 isoform 8 [Homo sapiens]	TRUE	TENT2
XP_005772830.1	NP_001336477.1	0	N/A	27.215	158	39	5.12e-09	59.3	poly(A) RNA polymerase GLD2 isoform 4 [Homo sapiens]	TRUE	TENT2
XP_005772830.1	NP_001317647.1	0	N/A	26.486	185	46	9.71e-09	60.1	terminal uridylyltransferase 7 isoform 3 [Homo sapiens]	TRUE	Tut7
XP_005772830.1	XP_005252265.1	0	N/A	26.486	185	46	5.48e-08	57.8	terminal uridylyltransferase 7 isoform X7 [Homo sapiens]	TRUE	Tut7
XP_005772830.1	XP_011517316.1	0	N/A	26.486	185	46	6.1e-08	57.8	terminal uridylyltransferase 7 isoform X1 [Homo sapiens]	TRUE	Tut7
XP_005772830.1	XP_011517315.1	0	N/A	26.486	185	46	6.1e-08	57.8	terminal uridylyltransferase 7 isoform X1 [Homo sapiens]	TRUE	Tut7
XP_005772830.1	XP_011517314.1	0	N/A	26.486	185	46	6.1e-08	57.8	terminal uridylyltransferase 7 isoform X1 [Homo sapiens]	TRUE	Tut7
XP_005772830.1	XP_011517313.1	0	N/A	26.486	185	46	6.1e-08	57.8	terminal uridylyltransferase 7 isoform X1 [Homo sapiens]	TRUE	Tut7
XP_005772830.1	XP_011517318.1	0	N/A	26.486	185	46	6.79e-08	57.4	terminal uridylyltransferase 7 isoform X5 [Homo sapiens]	TRUE	Tut7
XP_005772830.1	XP_047279825.1	0	N/A	26.486	185	46	7.02e-08	57.4	terminal uridylyltransferase 7 isoform X6 [Homo sapiens]	TRUE	Tut7
XP_005772830.1	XP_047279824.1	0	N/A	26.486	185	46	7.02e-08	57.4	terminal uridylyltransferase 7 isoform X6 [Homo sapiens]	TRUE	Tut7
XP_005772830.1	XP_005252264.1	0	N/A	26.486	185	46	7.02e-08	57.4	terminal uridylyltransferase 7 isoform X6 [Homo sapiens]	TRUE	Tut7
XP_005778220.1	NP_008930.2	0	N/A	30.061	163	58	5.29e-14	74.3	terminal nucleotidyltransferase 4A isoform 1 [Homo sapiens]	TRUE	TENT4A
XP_005778220.1	NP_001165276.2	0	N/A	30.061	163	58	5.48e-14	74.3	terminal nucleotidyltransferase 4A isoform 2 [Homo sapiens]	TRUE	TENT4A
XP_005778220.1	XP_047272622.1	0	N/A	30.435	161	57	6.43e-14	73.9	terminal nucleotidyltransferase 4A isoform X1 [Homo sapiens]	TRUE	TENT4A
XP_005778220.1	XP_047272621.1	0	N/A	30.435	161	57	6.43e-14	73.9	terminal nucleotidyltransferase 4A isoform X1 [Homo sapiens]	TRUE	TENT4A
XP_005778220.1	XP_047272620.1	0	N/A	30.435	161	57	6.43e-14	73.9	terminal nucleotidyltransferase 4A isoform X1 [Homo sapiens]	TRUE	TENT4A
XP_005778220.1	XP_047272624.1	0	N/A	31.757	148	52	7.05e-14	73.9	terminal nucleotidyltransferase 4A isoform X3 [Homo sapiens]	TRUE	TENT4A
XP_005778220.1	XP_047272623.1	0	N/A	31.757	148	52	7.19e-14	73.9	terminal nucleotidyltransferase 4A isoform X2 [Homo sapiens]	TRUE	TENT4A
XP_005778220.1	XP_016864477.1	0	N/A	31.757	148	52	7.19e-14	73.9	terminal nucleotidyltransferase 4A isoform X2 [Homo sapiens]	TRUE	TENT4A
XP_005778220.1	XP_047290433.1	0	N/A	30.822	146	52	4.28e-13	71.2	terminal nucleotidyltransferase 4B isoform X6 [Homo sapiens]	TRUE	TENT4B
XP_005778220.1	XP_047290431.1	0	N/A	30.822	146	52	5.01e-13	71.2	terminal nucleotidyltransferase 4B isoform X3 [Homo sapiens]	TRUE	TENT4B
XP_005778220.1	XP_011521580.1	0	N/A	30.822	146	52	5.07e-13	71.2	terminal nucleotidyltransferase 4B isoform X5 [Homo sapiens]	TRUE	TENT4B
XP_005778220.1	NP_001035375.2	0	N/A	30.822	146	52	5.4e-13	71.2	terminal nucleotidyltransferase 4B isoform b [Homo sapiens]	TRUE	TENT4B
XP_005778220.1	XP_011521578.1	0	N/A	30.822	146	52	5.4e-13	71.2	terminal nucleotidyltransferase 4B isoform X2 [Homo sapiens]	TRUE	TENT4B
XP_005778220.1	XP_047290432.1	0	N/A	30.822	146	52	5.43e-13	71.2	terminal nucleotidyltransferase 4B isoform X4 [Homo sapiens]	TRUE	TENT4B
XP_005778220.1	NP_001352253.1	0	N/A	30.822	146	52	6.07e-13	71.2	terminal nucleotidyltransferase 4B isoform d [Homo sapiens]	TRUE	TENT4B
XP_005778220.1	NP_001035374.2	0	N/A	30.822	146	52	6.14e-13	71.2	terminal nucleotidyltransferase 4B isoform a [Homo sapiens]	TRUE	TENT4B
XP_005778220.1	XP_011521577.1	0	N/A	30.822	146	52	6.14e-13	71.2	terminal nucleotidyltransferase 4B isoform X1 [Homo sapiens]	TRUE	TENT4B
XP_005778220.1	NP_001352252.1	0	N/A	30.822	146	52	6.91e-13	70.9	terminal nucleotidyltransferase 4B isoform c [Homo sapiens]	TRUE	TENT4B
XP_005778220.1	NP_001317647.1	0	N/A	31.959	97	33	0.056	37.7	terminal uridylyltransferase 7 isoform 3 [Homo sapiens]	TRUE	Tut7
XP_005779585.1	NP_001317647.1	0	N/A	39.72	214	82	1.77e-39	147	terminal uridylyltransferase 7 isoform 3 [Homo sapiens]	TRUE	Tut7
XP_005779585.1	XP_047272286.1	0	N/A	40.654	214	82	8.37e-38	143	terminal uridylyltransferase 4 isoform X8 [Homo sapiens]	TRUE	Tut4
XP_005779585.1	XP_005270735.1	0	N/A	40.654	214	82	8.39e-38	143	terminal uridylyltransferase 4 isoform X2 [Homo sapiens]	TRUE	Tut4
XP_005779585.1	XP_011539399.1	0	N/A	40.654	214	82	8.39e-38	143	terminal uridylyltransferase 4 isoform X1 [Homo sapiens]	TRUE	Tut4
XP_005779585.1	XP_005270733.1	0	N/A	40.654	214	82	8.39e-38	143	terminal uridylyltransferase 4 isoform X1 [Homo sapiens]	TRUE	Tut4
XP_005779585.1	XP_047272280.1	0	N/A	40.654	214	82	9.23e-38	143	terminal uridylyltransferase 4 isoform X3 [Homo sapiens]	TRUE	Tut4
XP_005779585.1	XP_005270736.1	0	N/A	40.654	214	82	9.23e-38	143	terminal uridylyltransferase 4 isoform X3 [Homo sapiens]	TRUE	Tut4
XP_005779585.1	XP_005270739.1	0	N/A	40.654	214	82	9.33e-38	143	terminal uridylyltransferase 4 isoform X33 [Homo sapiens]	TRUE	Tut4
XP_005779585.1	XP_047272290.1	0	N/A	40.654	214	82	9.39e-38	143	terminal uridylyltransferase 4 isoform X11 [Homo sapiens]	TRUE	Tut4
XP_005779585.1	XP_047272285.1	0	N/A	40.654	214	82	9.76e-38	143	terminal uridylyltransferase 4 isoform X7 [Homo sapiens]	TRUE	Tut4
XP_005779585.1	XP_016856297.1	0	N/A	40.654	214	82	1.08e-37	143	terminal uridylyltransferase 4 isoform X36 [Homo sapiens]	TRUE	Tut4
XP_005779585.1	XP_047272344.1	0	N/A	40.654	214	82	1.08e-37	143	terminal uridylyltransferase 4 isoform X30 [Homo sapiens]	TRUE	Tut4
XP_005779585.1	XP_047272325.1	0	N/A	40.654	214	82	1.08e-37	143	terminal uridylyltransferase 4 isoform X23 [Homo sapiens]	TRUE	Tut4
XP_005779585.1	XP_016856295.1	0	N/A	40.654	214	82	1.1e-37	143	terminal uridylyltransferase 4 isoform X25 [Homo sapiens]	TRUE	Tut4
XP_005779585.1	XP_016856292.1	0	N/A	40.654	214	82	1.11e-37	143	terminal uridylyltransferase 4 isoform X9 [Homo sapiens]	TRUE	Tut4
XP_005779585.1	XP_011539401.1	0	N/A	40.654	214	82	1.2e-37	142	terminal uridylyltransferase 4 isoform X29 [Homo sapiens]	TRUE	Tut4
XP_005779585.1	XP_047272345.1	0	N/A	40.654	214	82	1.22e-37	142	terminal uridylyltransferase 4 isoform X31 [Homo sapiens]	TRUE	Tut4
XP_005779585.1	XP_047272296.1	0	N/A	40.654	214	82	1.26e-37	142	terminal uridylyltransferase 4 isoform X13 [Homo sapiens]	TRUE	Tut4
XP_005779585.1	XP_047272295.1	0	N/A	40.654	214	82	1.26e-37	142	terminal uridylyltransferase 4 isoform X12 [Homo sapiens]	TRUE	Tut4
XP_005779585.1	XP_047272282.1	0	N/A	40.654	214	82	1.27e-37	142	terminal uridylyltransferase 4 isoform X5 [Homo sapiens]	TRUE	Tut4
XP_005779585.1	NP_056084.1	0	N/A	40.654	214	82	1.27e-37	142	terminal uridylyltransferase 4 isoform b [Homo sapiens]	TRUE	Tut4
XP_005779585.1	XP_047272281.1	0	N/A	40.654	214	82	1.27e-37	142	terminal uridylyltransferase 4 isoform X4 [Homo sapiens]	TRUE	Tut4
XP_005779585.1	NP_001009881.1	0	N/A	40.654	214	82	1.27e-37	142	terminal uridylyltransferase 4 isoform a [Homo sapiens]	TRUE	Tut4
XP_005779585.1	XP_047272365.1	0	N/A	40.654	214	82	1.32e-37	142	terminal uridylyltransferase 4 isoform X38 [Homo sapiens]	TRUE	Tut4
XP_005779585.1	XP_047272305.1	0	N/A	40.654	214	82	1.34e-37	142	terminal uridylyltransferase 4 isoform X17 [Homo sapiens]	TRUE	Tut4
XP_005779585.1	XP_047272283.1	0	N/A	40.654	214	82	1.34e-37	142	terminal uridylyltransferase 4 isoform X6 [Homo sapiens]	TRUE	Tut4
XP_005779585.1	XP_005270737.1	0	N/A	40.654	214	82	1.34e-37	142	terminal uridylyltransferase 4 isoform X6 [Homo sapiens]	TRUE	Tut4
XP_005779585.1	XP_047272372.1	0	N/A	40.654	214	82	1.43e-37	142	terminal uridylyltransferase 4 isoform X42 [Homo sapiens]	TRUE	Tut4
XP_005779585.1	XP_047272288.1	0	N/A	40.654	214	82	1.43e-37	142	terminal uridylyltransferase 4 isoform X10 [Homo sapiens]	TRUE	Tut4
XP_005779585.1	XP_047272337.1	0	N/A	40.654	214	82	1.44e-37	142	terminal uridylyltransferase 4 isoform X27 [Homo sapiens]	TRUE	Tut4
XP_005779585.1	XP_005252265.1	0	N/A	39.72	214	82	1.47e-37	142	terminal uridylyltransferase 7 isoform X7 [Homo sapiens]	TRUE	Tut7
XP_005779585.1	XP_016856293.1	0	N/A	40.654	214	82	1.47e-37	142	terminal uridylyltransferase 4 isoform X16 [Homo sapiens]	TRUE	Tut4
XP_005779585.1	XP_016856299.1	0	N/A	40.654	214	82	1.48e-37	142	terminal uridylyltransferase 4 isoform X40 [Homo sapiens]	TRUE	Tut4
XP_005779585.1	XP_047272350.1	0	N/A	40.654	214	82	1.52e-37	142	terminal uridylyltransferase 4 isoform X34 [Homo sapiens]	TRUE	Tut4
XP_005779585.1	XP_016856296.1	0	N/A	40.654	214	82	1.53e-37	142	terminal uridylyltransferase 4 isoform X28 [Homo sapiens]	TRUE	Tut4
XP_005779585.1	XP_011517316.1	0	N/A	39.72	214	82	1.78e-37	142	terminal uridylyltransferase 7 isoform X1 [Homo sapiens]	TRUE	Tut7
XP_005779585.1	XP_011517315.1	0	N/A	39.72	214	82	1.78e-37	142	terminal uridylyltransferase 7 isoform X1 [Homo sapiens]	TRUE	Tut7
XP_005779585.1	XP_011517314.1	0	N/A	39.72	214	82	1.78e-37	142	terminal uridylyltransferase 7 isoform X1 [Homo sapiens]	TRUE	Tut7
XP_005779585.1	XP_011517313.1	0	N/A	39.72	214	82	1.78e-37	142	terminal uridylyltransferase 7 isoform X1 [Homo sapiens]	TRUE	Tut7
XP_005779585.1	XP_047272384.1	0	N/A	40.654	214	82	2.22e-37	142	terminal uridylyltransferase 4 isoform X46 [Homo sapiens]	TRUE	Tut4
XP_005779585.1	NP_001172003.1	0	N/A	39.72	214	82	2.45e-37	142	terminal uridylyltransferase 7 isoform 2 [Homo sapiens]	TRUE	Tut7
XP_005779585.1	XP_047279825.1	0	N/A	39.72	214	82	2.51e-37	142	terminal uridylyltransferase 7 isoform X6 [Homo sapiens]	TRUE	Tut7
XP_005779585.1	XP_047279824.1	0	N/A	39.72	214	82	2.51e-37	142	terminal uridylyltransferase 7 isoform X6 [Homo sapiens]	TRUE	Tut7
XP_005779585.1	XP_005252264.1	0	N/A	39.72	214	82	2.51e-37	142	terminal uridylyltransferase 7 isoform X6 [Homo sapiens]	TRUE	Tut7
XP_005779585.1	XP_016870620.1	0	N/A	39.72	214	82	2.59e-37	142	terminal uridylyltransferase 7 isoform X4 [Homo sapiens]	TRUE	Tut7
XP_005779585.1	XP_016870619.1	0	N/A	39.72	214	82	2.59e-37	142	terminal uridylyltransferase 7 isoform X4 [Homo sapiens]	TRUE	Tut7
XP_005779585.1	NP_078893.2	0	N/A	39.72	214	82	2.59e-37	142	terminal uridylyltransferase 7 isoform 1 [Homo sapiens]	TRUE	Tut7
XP_005779585.1	NP_001171988.1	0	N/A	39.72	214	82	2.59e-37	142	terminal uridylyltransferase 7 isoform 1 [Homo sapiens]	TRUE	Tut7
XP_005779585.1	XP_047279823.1	0	N/A	39.72	214	82	2.68e-37	142	terminal uridylyltransferase 7 isoform X2 [Homo sapiens]	TRUE	Tut7
XP_005779585.1	XP_006717346.1	0	N/A	39.72	214	82	2.68e-37	142	terminal uridylyltransferase 7 isoform X2 [Homo sapiens]	TRUE	Tut7
XP_005779585.1	XP_011517317.1	0	N/A	39.72	214	82	2.76e-37	142	terminal uridylyltransferase 7 isoform X3 [Homo sapiens]	TRUE	Tut7
XP_005779585.1	XP_011517318.1	0	N/A	39.72	214	82	2.77e-37	142	terminal uridylyltransferase 7 isoform X5 [Homo sapiens]	TRUE	Tut7
XP_005779585.1	NP_001336477.1	0	N/A	31.933	238	91	1.23e-32	122	poly(A) RNA polymerase GLD2 isoform 4 [Homo sapiens]	TRUE	TENT2
XP_005779585.1	XP_047272820.1	0	N/A	31.933	238	91	1.6e-32	121	poly(A) RNA polymerase GLD2 isoform X11 [Homo sapiens]	TRUE	TENT2
XP_005779585.1	NP_001375065.1	0	N/A	31.933	238	91	2.45e-31	121	poly(A) RNA polymerase GLD2 isoform 14 [Homo sapiens]	TRUE	TENT2
XP_005779585.1	NP_001375061.1	0	N/A	31.933	238	91	6.79e-31	121	poly(A) RNA polymerase GLD2 isoform 12 [Homo sapiens]	TRUE	TENT2
XP_005779585.1	NP_001375060.1	0	N/A	31.933	238	91	8.53e-31	121	poly(A) RNA polymerase GLD2 isoform 11 [Homo sapiens]	TRUE	TENT2
XP_005779585.1	XP_047272811.1	0	N/A	31.933	238	91	1.1e-30	121	poly(A) RNA polymerase GLD2 isoform X4 [Homo sapiens]	TRUE	TENT2
XP_005779585.1	XP_047272810.1	0	N/A	31.933	238	91	1.1e-30	121	poly(A) RNA polymerase GLD2 isoform X4 [Homo sapiens]	TRUE	TENT2
XP_005779585.1	XP_047272809.1	0	N/A	31.933	238	91	1.1e-30	121	poly(A) RNA polymerase GLD2 isoform X4 [Homo sapiens]	TRUE	TENT2
XP_005779585.1	NP_001375058.1	0	N/A	31.933	238	91	1.1e-30	121	poly(A) RNA polymerase GLD2 isoform 2 [Homo sapiens]	TRUE	TENT2
XP_005779585.1	NP_001375057.1	0	N/A	31.933	238	91	1.1e-30	121	poly(A) RNA polymerase GLD2 isoform 2 [Homo sapiens]	TRUE	TENT2
XP_005779585.1	NP_001375056.1	0	N/A	31.933	238	91	1.1e-30	121	poly(A) RNA polymerase GLD2 isoform 2 [Homo sapiens]	TRUE	TENT2
XP_005779585.1	NP_001375055.1	0	N/A	31.933	238	91	1.1e-30	121	poly(A) RNA polymerase GLD2 isoform 2 [Homo sapiens]	TRUE	TENT2
XP_005779585.1	NP_001375054.1	0	N/A	31.933	238	91	1.1e-30	121	poly(A) RNA polymerase GLD2 isoform 2 [Homo sapiens]	TRUE	TENT2
XP_005779585.1	NP_001375053.1	0	N/A	31.933	238	91	1.1e-30	121	poly(A) RNA polymerase GLD2 isoform 2 [Homo sapiens]	TRUE	TENT2
XP_005779585.1	NP_001375052.1	0	N/A	31.933	238	91	1.1e-30	121	poly(A) RNA polymerase GLD2 isoform 2 [Homo sapiens]	TRUE	TENT2
XP_005779585.1	NP_001375051.1	0	N/A	31.933	238	91	1.1e-30	121	poly(A) RNA polymerase GLD2 isoform 2 [Homo sapiens]	TRUE	TENT2
XP_005779585.1	NP_001375050.1	0	N/A	31.933	238	91	1.1e-30	121	poly(A) RNA polymerase GLD2 isoform 2 [Homo sapiens]	TRUE	TENT2
XP_005779585.1	NP_001375049.1	0	N/A	31.933	238	91	1.1e-30	121	poly(A) RNA polymerase GLD2 isoform 2 [Homo sapiens]	TRUE	TENT2
XP_005779585.1	NP_001375048.1	0	N/A	31.933	238	91	1.1e-30	121	poly(A) RNA polymerase GLD2 isoform 2 [Homo sapiens]	TRUE	TENT2
XP_005779585.1	NP_001375047.1	0	N/A	31.933	238	91	1.1e-30	121	poly(A) RNA polymerase GLD2 isoform 2 [Homo sapiens]	TRUE	TENT2
XP_005779585.1	NP_001375046.1	0	N/A	31.933	238	91	1.1e-30	121	poly(A) RNA polymerase GLD2 isoform 2 [Homo sapiens]	TRUE	TENT2
XP_005779585.1	NP_001375045.1	0	N/A	31.933	238	91	1.1e-30	121	poly(A) RNA polymerase GLD2 isoform 2 [Homo sapiens]	TRUE	TENT2
XP_005779585.1	NP_001375044.1	0	N/A	31.933	238	91	1.1e-30	121	poly(A) RNA polymerase GLD2 isoform 2 [Homo sapiens]	TRUE	TENT2
XP_005779585.1	NP_001375043.1	0	N/A	31.933	238	91	1.1e-30	121	poly(A) RNA polymerase GLD2 isoform 2 [Homo sapiens]	TRUE	TENT2
XP_005779585.1	NP_001336483.1	0	N/A	31.933	238	91	1.1e-30	121	poly(A) RNA polymerase GLD2 isoform 2 [Homo sapiens]	TRUE	TENT2
XP_005779585.1	NP_001284673.1	0	N/A	31.933	238	91	1.1e-30	121	poly(A) RNA polymerase GLD2 isoform 2 [Homo sapiens]	TRUE	TENT2
XP_005779585.1	NP_001375059.1	0	N/A	31.933	238	91	1.1e-30	121	poly(A) RNA polymerase GLD2 isoform 10 [Homo sapiens]	TRUE	TENT2
XP_005779585.1	NP_001375042.1	0	N/A	31.933	238	91	1.18e-30	121	poly(A) RNA polymerase GLD2 isoform 16 [Homo sapiens]	TRUE	TENT2
XP_005779585.1	XP_047272808.1	0	N/A	31.933	238	91	1.29e-30	120	poly(A) RNA polymerase GLD2 isoform X3 [Homo sapiens]	TRUE	TENT2
XP_005779585.1	XP_047272807.1	0	N/A	31.933	238	91	1.29e-30	120	poly(A) RNA polymerase GLD2 isoform X3 [Homo sapiens]	TRUE	TENT2
XP_005779585.1	XP_047272806.1	0	N/A	31.933	238	91	1.29e-30	120	poly(A) RNA polymerase GLD2 isoform X3 [Homo sapiens]	TRUE	TENT2
XP_005779585.1	NP_776158.2	0	N/A	31.933	238	91	1.29e-30	120	poly(A) RNA polymerase GLD2 isoform 1 [Homo sapiens]	TRUE	TENT2
XP_005779585.1	NP_001375041.1	0	N/A	31.933	238	91	1.29e-30	120	poly(A) RNA polymerase GLD2 isoform 1 [Homo sapiens]	TRUE	TENT2
XP_005779585.1	NP_001375040.1	0	N/A	31.933	238	91	1.29e-30	120	poly(A) RNA polymerase GLD2 isoform 1 [Homo sapiens]	TRUE	TENT2
XP_005779585.1	NP_001375039.1	0	N/A	31.933	238	91	1.29e-30	120	poly(A) RNA polymerase GLD2 isoform 1 [Homo sapiens]	TRUE	TENT2
XP_005779585.1	NP_001375038.1	0	N/A	31.933	238	91	1.29e-30	120	poly(A) RNA polymerase GLD2 isoform 1 [Homo sapiens]	TRUE	TENT2
XP_005779585.1	NP_001375037.1	0	N/A	31.933	238	91	1.29e-30	120	poly(A) RNA polymerase GLD2 isoform 1 [Homo sapiens]	TRUE	TENT2
XP_005779585.1	NP_001375036.1	0	N/A	31.933	238	91	1.29e-30	120	poly(A) RNA polymerase GLD2 isoform 1 [Homo sapiens]	TRUE	TENT2
XP_005779585.1	NP_001375035.1	0	N/A	31.933	238	91	1.29e-30	120	poly(A) RNA polymerase GLD2 isoform 1 [Homo sapiens]	TRUE	TENT2
XP_005779585.1	NP_001375034.1	0	N/A	31.933	238	91	1.29e-30	120	poly(A) RNA polymerase GLD2 isoform 1 [Homo sapiens]	TRUE	TENT2
XP_005779585.1	NP_001375032.1	0	N/A	31.933	238	91	1.29e-30	120	poly(A) RNA polymerase GLD2 isoform 1 [Homo sapiens]	TRUE	TENT2
XP_005779585.1	NP_001375031.1	0	N/A	31.933	238	91	1.29e-30	120	poly(A) RNA polymerase GLD2 isoform 1 [Homo sapiens]	TRUE	TENT2
XP_005779585.1	NP_001336482.1	0	N/A	31.933	238	91	1.29e-30	120	poly(A) RNA polymerase GLD2 isoform 1 [Homo sapiens]	TRUE	TENT2
XP_005779585.1	NP_001336481.1	0	N/A	31.933	238	91	1.29e-30	120	poly(A) RNA polymerase GLD2 isoform 1 [Homo sapiens]	TRUE	TENT2
XP_005779585.1	NP_001107866.1	0	N/A	31.933	238	91	1.29e-30	120	poly(A) RNA polymerase GLD2 isoform 1 [Homo sapiens]	TRUE	TENT2
XP_005779585.1	NP_001107865.1	0	N/A	31.933	238	91	1.29e-30	120	poly(A) RNA polymerase GLD2 isoform 1 [Homo sapiens]	TRUE	TENT2
XP_005779585.1	NP_001375030.1	0	N/A	31.933	238	91	1.42e-30	120	poly(A) RNA polymerase GLD2 isoform 9 [Homo sapiens]	TRUE	TENT2
XP_005779585.1	NP_001375029.1	0	N/A	31.933	238	91	1.59e-30	120	poly(A) RNA polymerase GLD2 isoform 8 [Homo sapiens]	TRUE	TENT2
XP_005789623.1	NP_001352253.1	0	N/A	29.963	267	44	1.93e-23	107	terminal nucleotidyltransferase 4B isoform d [Homo sapiens]	TRUE	TENT4B
XP_005789623.1	NP_001352252.1	0	N/A	29.963	267	44	2.08e-23	107	terminal nucleotidyltransferase 4B isoform c [Homo sapiens]	TRUE	TENT4B
XP_005789623.1	XP_047290432.1	0	N/A	29.963	267	44	2.34e-23	107	terminal nucleotidyltransferase 4B isoform X4 [Homo sapiens]	TRUE	TENT4B
XP_005789623.1	XP_047290431.1	0	N/A	29.963	267	44	2.39e-23	107	terminal nucleotidyltransferase 4B isoform X3 [Homo sapiens]	TRUE	TENT4B
XP_005789623.1	XP_047290433.1	0	N/A	30.709	254	43	2.48e-23	105	terminal nucleotidyltransferase 4B isoform X6 [Homo sapiens]	TRUE	TENT4B
XP_005789623.1	XP_011521580.1	0	N/A	30.709	254	43	2.9e-23	105	terminal nucleotidyltransferase 4B isoform X5 [Homo sapiens]	TRUE	TENT4B
XP_005789623.1	NP_001035374.2	0	N/A	29.963	267	44	2.92e-23	106	terminal nucleotidyltransferase 4B isoform a [Homo sapiens]	TRUE	TENT4B
XP_005789623.1	XP_011521577.1	0	N/A	29.963	267	44	2.93e-23	106	terminal nucleotidyltransferase 4B isoform X1 [Homo sapiens]	TRUE	TENT4B
XP_005789623.1	NP_001035375.2	0	N/A	29.963	267	44	3.18e-23	106	terminal nucleotidyltransferase 4B isoform b [Homo sapiens]	TRUE	TENT4B
XP_005789623.1	XP_011521578.1	0	N/A	29.963	267	44	3.19e-23	106	terminal nucleotidyltransferase 4B isoform X2 [Homo sapiens]	TRUE	TENT4B
XP_005789623.1	NP_001165276.2	0	N/A	28.195	266	44	9.25e-18	89.7	terminal nucleotidyltransferase 4A isoform 2 [Homo sapiens]	TRUE	TENT4A
XP_005789623.1	NP_008930.2	0	N/A	28.195	266	44	9.26e-18	89.7	terminal nucleotidyltransferase 4A isoform 1 [Homo sapiens]	TRUE	TENT4A
XP_005789623.1	XP_047272622.1	0	N/A	28.39	236	40	1.39e-14	79.3	terminal nucleotidyltransferase 4A isoform X1 [Homo sapiens]	TRUE	TENT4A
XP_005789623.1	XP_047272621.1	0	N/A	28.39	236	40	1.39e-14	79.3	terminal nucleotidyltransferase 4A isoform X1 [Homo sapiens]	TRUE	TENT4A
XP_005789623.1	XP_047272620.1	0	N/A	28.39	236	40	1.39e-14	79.3	terminal nucleotidyltransferase 4A isoform X1 [Homo sapiens]	TRUE	TENT4A
XP_005789623.1	NP_078880.2	0	N/A	27.305	282	46	5.66e-14	77.4	RNA polymerase II-associated protein 3 isoform 1 [Homo sapiens]	FALSE	NA
XP_005789623.1	NP_001139547.1	0	N/A	27.839	273	45	7.03e-14	77	RNA polymerase II-associated protein 3 isoform 2 [Homo sapiens]	FALSE	NA
XP_005789623.1	XP_047272623.1	0	N/A	27.706	231	39	3.11e-13	74.7	terminal nucleotidyltransferase 4A isoform X2 [Homo sapiens]	TRUE	TENT4A
XP_005789623.1	XP_016864477.1	0	N/A	27.706	231	39	3.11e-13	74.7	terminal nucleotidyltransferase 4A isoform X2 [Homo sapiens]	TRUE	TENT4A
XP_005789623.1	XP_047272624.1	0	N/A	27.706	231	39	3.44e-13	74.7	terminal nucleotidyltransferase 4A isoform X3 [Homo sapiens]	TRUE	TENT4A
XP_005789623.1	NP_001139548.1	0	N/A	29.258	229	37	4.68e-13	74.3	RNA polymerase II-associated protein 3 isoform 3 [Homo sapiens]	FALSE	NA
XP_005789623.1	XP_005248605.1	0	N/A	29.032	124	22	6.64e-10	63.2	small glutamine-rich tetratricopeptide repeat-containing protein beta isoform X1 [Homo sapiens]	FALSE	NA
XP_005789623.1	NP_061945.1	0	N/A	29.032	124	22	6.64e-10	63.2	small glutamine-rich tetratricopeptide repeat-containing protein beta [Homo sapiens]	FALSE	NA
XP_005789623.1	NP_001269582.1	0	N/A	25.962	208	33	1.11e-09	63.5	stress-induced-phosphoprotein 1 isoform c [Homo sapiens]	FALSE	NA
XP_005789623.1	NP_006810.1	0	N/A	25.962	208	33	1.43e-09	63.2	stress-induced-phosphoprotein 1 isoform b [Homo sapiens]	FALSE	NA
XP_005789623.1	NP_001269581.1	0	N/A	25.962	208	33	2.11e-09	62.8	stress-induced-phosphoprotein 1 isoform a [Homo sapiens]	FALSE	NA
XP_005789623.1	XP_047273290.1	0	N/A	30.328	122	21	2.27e-09	60.5	small glutamine-rich tetratricopeptide repeat-containing protein beta isoform X2 [Homo sapiens]	FALSE	NA
XP_005789623.1	NP_005852.2	0	N/A	31.356	118	21	3.91e-08	57.8	E3 ubiquitin-protein ligase CHIP isoform a [Homo sapiens]	FALSE	NA
XP_005789623.1	NP_001380332.1	0	N/A	36.893	103	17	2.77e-07	56.6	tetratricopeptide repeat protein 28 isoform 2 [Homo sapiens]	FALSE	NA
XP_005789623.1	XP_047297170.1	0	N/A	36.893	103	17	3.02e-07	56.6	tetratricopeptide repeat protein 28 isoform X3 [Homo sapiens]	FALSE	NA
XP_005789623.1	NP_001138890.1	0	N/A	36.893	103	17	3.02e-07	56.6	tetratricopeptide repeat protein 28 isoform 1 [Homo sapiens]	FALSE	NA
XP_005789623.1	XP_011528320.1	0	N/A	36.893	103	17	3.05e-07	56.6	tetratricopeptide repeat protein 28 isoform X1 [Homo sapiens]	FALSE	NA
XP_005789623.1	XP_016884162.1	0	N/A	36.893	103	17	3.07e-07	56.2	tetratricopeptide repeat protein 28 isoform X2 [Homo sapiens]	FALSE	NA
XP_005789623.1	NP_003306.3	0	N/A	32	125	22	5.46e-07	55.1	dnaJ homolog subfamily C member 7 isoform 1 [Homo sapiens]	FALSE	NA
XP_005789623.1	XP_011528322.1	0	N/A	36.893	103	17	6.65e-07	55.1	tetratricopeptide repeat protein 28 isoform X6 [Homo sapiens]	FALSE	NA
XP_005789623.1	XP_047272280.1	0	N/A	24.103	195	33	6.89e-07	55.1	terminal uridylyltransferase 4 isoform X3 [Homo sapiens]	TRUE	Tut4
XP_005789623.1	XP_005270736.1	0	N/A	24.103	195	33	6.89e-07	55.1	terminal uridylyltransferase 4 isoform X3 [Homo sapiens]	TRUE	Tut4
XP_005789623.1	XP_005270735.1	0	N/A	24.103	195	33	6.95e-07	55.1	terminal uridylyltransferase 4 isoform X2 [Homo sapiens]	TRUE	Tut4
XP_005789623.1	XP_047272306.1	0	N/A	24.103	195	33	7.04e-07	55.1	terminal uridylyltransferase 4 isoform X18 [Homo sapiens]	TRUE	Tut4
XP_005789623.1	XP_047272350.1	0	N/A	24.103	195	33	7.06e-07	55.1	terminal uridylyltransferase 4 isoform X34 [Homo sapiens]	TRUE	Tut4
XP_005789623.1	XP_047272283.1	0	N/A	24.103	195	33	7.12e-07	55.1	terminal uridylyltransferase 4 isoform X6 [Homo sapiens]	TRUE	Tut4
XP_005789623.1	XP_005270737.1	0	N/A	24.103	195	33	7.12e-07	55.1	terminal uridylyltransferase 4 isoform X6 [Homo sapiens]	TRUE	Tut4
XP_005789623.1	XP_011539399.1	0	N/A	24.103	195	33	7.19e-07	55.1	terminal uridylyltransferase 4 isoform X1 [Homo sapiens]	TRUE	Tut4
XP_005789623.1	XP_005270733.1	0	N/A	24.103	195	33	7.19e-07	55.1	terminal uridylyltransferase 4 isoform X1 [Homo sapiens]	TRUE	Tut4
XP_005789623.1	XP_047272305.1	0	N/A	24.103	195	33	7.41e-07	55.1	terminal uridylyltransferase 4 isoform X17 [Homo sapiens]	TRUE	Tut4
XP_005789623.1	XP_047272295.1	0	N/A	24.103	195	33	7.42e-07	55.1	terminal uridylyltransferase 4 isoform X12 [Homo sapiens]	TRUE	Tut4
XP_005789623.1	XP_005270738.1	0	N/A	24.103	195	33	7.54e-07	55.1	terminal uridylyltransferase 4 isoform X14 [Homo sapiens]	TRUE	Tut4
XP_005789623.1	XP_011528321.1	0	N/A	36.893	103	17	7.58e-07	55.1	tetratricopeptide repeat protein 28 isoform X5 [Homo sapiens]	FALSE	NA
XP_005789623.1	XP_047272307.1	0	N/A	24.103	195	33	7.73e-07	55.1	terminal uridylyltransferase 4 isoform X19 [Homo sapiens]	TRUE	Tut4
XP_005789623.1	XP_047272296.1	0	N/A	24.103	195	33	7.81e-07	55.1	terminal uridylyltransferase 4 isoform X13 [Homo sapiens]	TRUE	Tut4
XP_005789623.1	XP_047272367.1	0	N/A	24.103	195	33	7.81e-07	55.1	terminal uridylyltransferase 4 isoform X39 [Homo sapiens]	TRUE	Tut4
XP_005789623.1	XP_016856295.1	0	N/A	24.103	195	33	7.85e-07	55.1	terminal uridylyltransferase 4 isoform X25 [Homo sapiens]	TRUE	Tut4
XP_005789623.1	XP_016856296.1	0	N/A	24.103	195	33	7.91e-07	55.1	terminal uridylyltransferase 4 isoform X28 [Homo sapiens]	TRUE	Tut4
XP_005789623.1	XP_047272325.1	0	N/A	24.103	195	33	7.92e-07	55.1	terminal uridylyltransferase 4 isoform X23 [Homo sapiens]	TRUE	Tut4
XP_005789623.1	XP_016856294.1	0	N/A	24.103	195	33	7.93e-07	55.1	terminal uridylyltransferase 4 isoform X20 [Homo sapiens]	TRUE	Tut4
XP_005789623.1	XP_047272303.1	0	N/A	24.103	195	33	7.94e-07	55.1	terminal uridylyltransferase 4 isoform X15 [Homo sapiens]	TRUE	Tut4
XP_005789623.1	XP_011528323.1	0	N/A	36.893	103	17	7.95e-07	55.1	tetratricopeptide repeat protein 28 isoform X7 [Homo sapiens]	FALSE	NA
XP_005789623.1	XP_047272290.1	0	N/A	24.103	195	33	8.01e-07	55.1	terminal uridylyltransferase 4 isoform X11 [Homo sapiens]	TRUE	Tut4
XP_005789623.1	XP_047272286.1	0	N/A	24.103	195	33	8.02e-07	55.1	terminal uridylyltransferase 4 isoform X8 [Homo sapiens]	TRUE	Tut4
XP_005789623.1	XP_047272344.1	0	N/A	24.103	195	33	8.03e-07	55.1	terminal uridylyltransferase 4 isoform X30 [Homo sapiens]	TRUE	Tut4
XP_005789623.1	XP_047272362.1	0	N/A	24.103	195	33	8.3e-07	55.1	terminal uridylyltransferase 4 isoform X37 [Homo sapiens]	TRUE	Tut4
XP_005789623.1	XP_047272281.1	0	N/A	24.103	195	33	8.31e-07	55.1	terminal uridylyltransferase 4 isoform X4 [Homo sapiens]	TRUE	Tut4
XP_005789623.1	NP_001009881.1	0	N/A	24.103	195	33	8.31e-07	55.1	terminal uridylyltransferase 4 isoform a [Homo sapiens]	TRUE	Tut4
XP_005789623.1	XP_047272354.1	0	N/A	24.103	195	33	8.37e-07	55.1	terminal uridylyltransferase 4 isoform X35 [Homo sapiens]	TRUE	Tut4
XP_005789623.1	XP_047272282.1	0	N/A	24.103	195	33	8.45e-07	55.1	terminal uridylyltransferase 4 isoform X5 [Homo sapiens]	TRUE	Tut4
XP_005789623.1	NP_056084.1	0	N/A	24.103	195	33	8.45e-07	55.1	terminal uridylyltransferase 4 isoform b [Homo sapiens]	TRUE	Tut4
XP_005789623.1	XP_047272348.1	0	N/A	24.103	195	33	8.52e-07	55.1	terminal uridylyltransferase 4 isoform X32 [Homo sapiens]	TRUE	Tut4
XP_005789623.1	XP_047272337.1	0	N/A	24.103	195	33	8.84e-07	54.7	terminal uridylyltransferase 4 isoform X27 [Homo sapiens]	TRUE	Tut4
XP_005789623.1	XP_011526480.1	0	N/A	28.788	132	23	8.86e-07	53.5	small glutamine-rich tetratricopeptide repeat-containing protein alpha isoform X1 [Homo sapiens]	FALSE	NA
XP_005789623.1	NP_003012.1	0	N/A	28.788	132	23	8.86e-07	53.5	small glutamine-rich tetratricopeptide repeat-containing protein alpha [Homo sapiens]	FALSE	NA
XP_005789623.1	NP_006238.1	0	N/A	29.464	112	20	9.03e-07	54.3	serine/threonine-protein phosphatase 5 isoform 1 [Homo sapiens]	FALSE	NA
XP_005789623.1	NP_001191213.1	0	N/A	29.464	112	20	9.29e-07	54.3	serine/threonine-protein phosphatase 5 isoform 2 [Homo sapiens]	FALSE	NA
XP_005789623.1	XP_047278084.1	0	N/A	22.635	296	45	9.29e-06	51.2	sperm-associated antigen 1 isoform X3 [Homo sapiens]	FALSE	NA
XP_005789623.1	XP_011515545.1	0	N/A	22.635	296	45	9.29e-06	51.2	sperm-associated antigen 1 isoform X3 [Homo sapiens]	FALSE	NA
XP_005789623.1	NP_757367.1	0	N/A	22.635	296	45	9.29e-06	51.2	sperm-associated antigen 1 [Homo sapiens]	FALSE	NA
XP_005789623.1	NP_003105.2	0	N/A	22.635	296	45	9.29e-06	51.2	sperm-associated antigen 1 [Homo sapiens]	FALSE	NA
XP_005789623.1	NP_001361250.1	0	N/A	22.635	296	45	9.29e-06	51.2	sperm-associated antigen 1 [Homo sapiens]	FALSE	NA
XP_005789623.1	XP_047288800.1	0	N/A	30.579	121	21	1.12e-05	51.2	protein unc-45 homolog A isoform X1 [Homo sapiens]	FALSE	NA
XP_005789623.1	NP_061141.2	0	N/A	30.579	121	21	1.12e-05	51.2	protein unc-45 homolog A isoform 2 [Homo sapiens]	FALSE	NA
XP_005789623.1	NP_001310548.1	0	N/A	30.579	121	21	1.12e-05	51.2	protein unc-45 homolog A isoform 2 [Homo sapiens]	FALSE	NA
XP_005789623.1	NP_001310550.1	0	N/A	30.579	121	21	1.4e-05	50.8	protein unc-45 homolog A isoform 3 [Homo sapiens]	FALSE	NA
XP_005789623.1	NP_001034764.1	0	N/A	30.579	121	21	1.4e-05	50.8	protein unc-45 homolog A isoform 3 [Homo sapiens]	FALSE	NA
XP_005789623.1	NP_001317647.1	0	N/A	21.596	213	36	1.74e-05	50.4	terminal uridylyltransferase 7 isoform 3 [Homo sapiens]	TRUE	Tut7
XP_005789623.1	XP_047279825.1	0	N/A	21.596	213	36	1.9e-05	50.4	terminal uridylyltransferase 7 isoform X6 [Homo sapiens]	TRUE	Tut7
XP_005789623.1	XP_047279824.1	0	N/A	21.596	213	36	1.9e-05	50.4	terminal uridylyltransferase 7 isoform X6 [Homo sapiens]	TRUE	Tut7
XP_005789623.1	XP_005252264.1	0	N/A	21.596	213	36	1.9e-05	50.4	terminal uridylyltransferase 7 isoform X6 [Homo sapiens]	TRUE	Tut7
XP_005789623.1	XP_016870620.1	0	N/A	21.596	213	36	1.91e-05	50.4	terminal uridylyltransferase 7 isoform X4 [Homo sapiens]	TRUE	Tut7
XP_005789623.1	XP_016870619.1	0	N/A	21.596	213	36	1.91e-05	50.4	terminal uridylyltransferase 7 isoform X4 [Homo sapiens]	TRUE	Tut7
XP_005789623.1	NP_078893.2	0	N/A	21.596	213	36	1.91e-05	50.4	terminal uridylyltransferase 7 isoform 1 [Homo sapiens]	TRUE	Tut7
XP_005789623.1	NP_001171988.1	0	N/A	21.596	213	36	1.91e-05	50.4	terminal uridylyltransferase 7 isoform 1 [Homo sapiens]	TRUE	Tut7
XP_005789623.1	XP_047279823.1	0	N/A	21.596	213	36	1.96e-05	50.4	terminal uridylyltransferase 7 isoform X2 [Homo sapiens]	TRUE	Tut7
XP_005789623.1	XP_006717346.1	0	N/A	21.596	213	36	1.96e-05	50.4	terminal uridylyltransferase 7 isoform X2 [Homo sapiens]	TRUE	Tut7
XP_005789623.1	XP_011517317.1	0	N/A	21.596	213	36	2.05e-05	50.4	terminal uridylyltransferase 7 isoform X3 [Homo sapiens]	TRUE	Tut7
XP_005789623.1	XP_011517318.1	0	N/A	21.596	213	36	2.09e-05	50.4	terminal uridylyltransferase 7 isoform X5 [Homo sapiens]	TRUE	Tut7
XP_005789623.1	XP_005252265.1	0	N/A	21.596	213	36	2.18e-05	50.4	terminal uridylyltransferase 7 isoform X7 [Homo sapiens]	TRUE	Tut7
XP_005789623.1	XP_011517316.1	0	N/A	21.596	213	36	2.29e-05	50.4	terminal uridylyltransferase 7 isoform X1 [Homo sapiens]	TRUE	Tut7
XP_005789623.1	XP_011517315.1	0	N/A	21.596	213	36	2.29e-05	50.4	terminal uridylyltransferase 7 isoform X1 [Homo sapiens]	TRUE	Tut7
XP_005789623.1	XP_011517314.1	0	N/A	21.596	213	36	2.29e-05	50.4	terminal uridylyltransferase 7 isoform X1 [Homo sapiens]	TRUE	Tut7
XP_005789623.1	XP_011517313.1	0	N/A	21.596	213	36	2.29e-05	50.4	terminal uridylyltransferase 7 isoform X1 [Homo sapiens]	TRUE	Tut7
XP_005789623.1	XP_047305288.1	0	N/A	31.776	107	19	3.48e-05	49.7	TPR and ankyrin repeat-containing protein 1 isoform X9 [Homo sapiens]	FALSE	NA
XP_005792070.1	XP_011521580.1	0	N/A	37.662	77	61	8.13e-11	60.5	terminal nucleotidyltransferase 4B isoform X5 [Homo sapiens]	TRUE	TENT4B
XP_005792070.1	NP_001352252.1	0	N/A	37.662	77	61	9.45e-11	60.1	terminal nucleotidyltransferase 4B isoform c [Homo sapiens]	TRUE	TENT4B
XP_005792070.1	NP_001352253.1	0	N/A	37.662	77	61	1.05e-10	60.1	terminal nucleotidyltransferase 4B isoform d [Homo sapiens]	TRUE	TENT4B
XP_005792070.1	XP_047290433.1	0	N/A	37.662	77	61	1.17e-10	59.7	terminal nucleotidyltransferase 4B isoform X6 [Homo sapiens]	TRUE	TENT4B
XP_005792070.1	XP_047290432.1	0	N/A	37.662	77	61	1.28e-10	59.7	terminal nucleotidyltransferase 4B isoform X4 [Homo sapiens]	TRUE	TENT4B
XP_005792070.1	XP_047290431.1	0	N/A	37.662	77	61	1.36e-10	59.7	terminal nucleotidyltransferase 4B isoform X3 [Homo sapiens]	TRUE	TENT4B
XP_005792070.1	NP_001035374.2	0	N/A	37.662	77	61	1.83e-10	59.3	terminal nucleotidyltransferase 4B isoform a [Homo sapiens]	TRUE	TENT4B
XP_005792070.1	XP_011521577.1	0	N/A	37.662	77	61	1.83e-10	59.3	terminal nucleotidyltransferase 4B isoform X1 [Homo sapiens]	TRUE	TENT4B
XP_005792070.1	NP_001035375.2	0	N/A	37.662	77	61	2.7e-10	58.9	terminal nucleotidyltransferase 4B isoform b [Homo sapiens]	TRUE	TENT4B
XP_005792070.1	XP_011521578.1	0	N/A	37.662	77	61	2.7e-10	58.9	terminal nucleotidyltransferase 4B isoform X2 [Homo sapiens]	TRUE	TENT4B
XP_005792070.1	XP_047272623.1	0	N/A	35.065	77	61	5.82e-09	55.1	terminal nucleotidyltransferase 4A isoform X2 [Homo sapiens]	TRUE	TENT4A
XP_005792070.1	XP_016864477.1	0	N/A	35.065	77	61	5.82e-09	55.1	terminal nucleotidyltransferase 4A isoform X2 [Homo sapiens]	TRUE	TENT4A
XP_005792070.1	XP_047272624.1	0	N/A	35.065	77	61	5.94e-09	55.1	terminal nucleotidyltransferase 4A isoform X3 [Homo sapiens]	TRUE	TENT4A
XP_005792070.1	XP_047272622.1	0	N/A	35.065	77	61	6.25e-09	55.1	terminal nucleotidyltransferase 4A isoform X1 [Homo sapiens]	TRUE	TENT4A
XP_005792070.1	XP_047272621.1	0	N/A	35.065	77	61	6.25e-09	55.1	terminal nucleotidyltransferase 4A isoform X1 [Homo sapiens]	TRUE	TENT4A
XP_005792070.1	XP_047272620.1	0	N/A	35.065	77	61	6.25e-09	55.1	terminal nucleotidyltransferase 4A isoform X1 [Homo sapiens]	TRUE	TENT4A
XP_005792070.1	NP_001165276.2	0	N/A	35.065	77	61	9.8e-09	54.3	terminal nucleotidyltransferase 4A isoform 2 [Homo sapiens]	TRUE	TENT4A
XP_005792070.1	NP_008930.2	0	N/A	35.065	77	61	9.8e-09	54.3	terminal nucleotidyltransferase 4A isoform 1 [Homo sapiens]	TRUE	TENT4A
XP_005792070.1	NP_001336477.1	0	N/A	30.233	86	68	3.61e-08	52.4	poly(A) RNA polymerase GLD2 isoform 4 [Homo sapiens]	TRUE	TENT2
XP_005792070.1	XP_047272820.1	0	N/A	27.723	101	77	5.12e-08	52	poly(A) RNA polymerase GLD2 isoform X11 [Homo sapiens]	TRUE	TENT2
XP_005792070.1	NP_001375065.1	0	N/A	30.233	86	68	6.08e-08	52	poly(A) RNA polymerase GLD2 isoform 14 [Homo sapiens]	TRUE	TENT2
XP_005792070.1	XP_047272818.1	0	N/A	30.233	86	68	8.08e-08	51.6	poly(A) RNA polymerase GLD2 isoform X10 [Homo sapiens]	TRUE	TENT2
XP_005792070.1	NP_001375061.1	0	N/A	30.588	85	67	8.43e-08	51.6	poly(A) RNA polymerase GLD2 isoform 12 [Homo sapiens]	TRUE	TENT2
XP_005792070.1	NP_001375060.1	0	N/A	30.588	85	67	8.44e-08	51.6	poly(A) RNA polymerase GLD2 isoform 11 [Homo sapiens]	TRUE	TENT2
XP_005792070.1	NP_001375042.1	0	N/A	30.588	85	67	8.53e-08	51.6	poly(A) RNA polymerase GLD2 isoform 16 [Homo sapiens]	TRUE	TENT2
XP_005792070.1	XP_047272816.1	0	N/A	30.233	86	68	8.92e-08	51.6	poly(A) RNA polymerase GLD2 isoform X8 [Homo sapiens]	TRUE	TENT2
XP_005792070.1	XP_047272817.1	0	N/A	30.233	86	68	9.15e-08	51.6	poly(A) RNA polymerase GLD2 isoform X9 [Homo sapiens]	TRUE	TENT2
XP_005792070.1	XP_047272808.1	0	N/A	30.588	85	67	9.77e-08	51.6	poly(A) RNA polymerase GLD2 isoform X3 [Homo sapiens]	TRUE	TENT2
XP_005792070.1	XP_047272807.1	0	N/A	30.588	85	67	9.77e-08	51.6	poly(A) RNA polymerase GLD2 isoform X3 [Homo sapiens]	TRUE	TENT2
XP_005792070.1	XP_047272806.1	0	N/A	30.588	85	67	9.77e-08	51.6	poly(A) RNA polymerase GLD2 isoform X3 [Homo sapiens]	TRUE	TENT2
XP_005792070.1	NP_776158.2	0	N/A	30.588	85	67	9.77e-08	51.6	poly(A) RNA polymerase GLD2 isoform 1 [Homo sapiens]	TRUE	TENT2
XP_005792070.1	NP_001375041.1	0	N/A	30.588	85	67	9.77e-08	51.6	poly(A) RNA polymerase GLD2 isoform 1 [Homo sapiens]	TRUE	TENT2
XP_005792070.1	NP_001375040.1	0	N/A	30.588	85	67	9.77e-08	51.6	poly(A) RNA polymerase GLD2 isoform 1 [Homo sapiens]	TRUE	TENT2
XP_005792070.1	NP_001375039.1	0	N/A	30.588	85	67	9.77e-08	51.6	poly(A) RNA polymerase GLD2 isoform 1 [Homo sapiens]	TRUE	TENT2
XP_005792070.1	NP_001375038.1	0	N/A	30.588	85	67	9.77e-08	51.6	poly(A) RNA polymerase GLD2 isoform 1 [Homo sapiens]	TRUE	TENT2
XP_005792070.1	NP_001375037.1	0	N/A	30.588	85	67	9.77e-08	51.6	poly(A) RNA polymerase GLD2 isoform 1 [Homo sapiens]	TRUE	TENT2
XP_005792070.1	NP_001375036.1	0	N/A	30.588	85	67	9.77e-08	51.6	poly(A) RNA polymerase GLD2 isoform 1 [Homo sapiens]	TRUE	TENT2
XP_005792070.1	NP_001375035.1	0	N/A	30.588	85	67	9.77e-08	51.6	poly(A) RNA polymerase GLD2 isoform 1 [Homo sapiens]	TRUE	TENT2
XP_005792070.1	NP_001375034.1	0	N/A	30.588	85	67	9.77e-08	51.6	poly(A) RNA polymerase GLD2 isoform 1 [Homo sapiens]	TRUE	TENT2
XP_005792070.1	NP_001375032.1	0	N/A	30.588	85	67	9.77e-08	51.6	poly(A) RNA polymerase GLD2 isoform 1 [Homo sapiens]	TRUE	TENT2
XP_005792070.1	NP_001375031.1	0	N/A	30.588	85	67	9.77e-08	51.6	poly(A) RNA polymerase GLD2 isoform 1 [Homo sapiens]	TRUE	TENT2
XP_005792070.1	NP_001336482.1	0	N/A	30.588	85	67	9.77e-08	51.6	poly(A) RNA polymerase GLD2 isoform 1 [Homo sapiens]	TRUE	TENT2
XP_005792070.1	NP_001336481.1	0	N/A	30.588	85	67	9.77e-08	51.6	poly(A) RNA polymerase GLD2 isoform 1 [Homo sapiens]	TRUE	TENT2
XP_005792070.1	NP_001107866.1	0	N/A	30.588	85	67	9.77e-08	51.6	poly(A) RNA polymerase GLD2 isoform 1 [Homo sapiens]	TRUE	TENT2
XP_005792070.1	NP_001107865.1	0	N/A	30.588	85	67	9.77e-08	51.6	poly(A) RNA polymerase GLD2 isoform 1 [Homo sapiens]	TRUE	TENT2
XP_005792070.1	NP_001375059.1	0	N/A	30.588	85	67	1e-07	51.6	poly(A) RNA polymerase GLD2 isoform 10 [Homo sapiens]	TRUE	TENT2
XP_005792070.1	XP_047272801.1	0	N/A	30.588	85	67	1.06e-07	51.2	poly(A) RNA polymerase GLD2 isoform X1 [Homo sapiens]	TRUE	TENT2
XP_005792070.1	XP_047272800.1	0	N/A	30.588	85	67	1.06e-07	51.2	poly(A) RNA polymerase GLD2 isoform X1 [Homo sapiens]	TRUE	TENT2
XP_005792070.1	XP_011541527.1	0	N/A	30.588	85	67	1.06e-07	51.2	poly(A) RNA polymerase GLD2 isoform X1 [Homo sapiens]	TRUE	TENT2
XP_005792070.1	XP_011541526.1	0	N/A	30.588	85	67	1.06e-07	51.2	poly(A) RNA polymerase GLD2 isoform X1 [Homo sapiens]	TRUE	TENT2
XP_005792070.1	XP_011541523.1	0	N/A	30.588	85	67	1.06e-07	51.2	poly(A) RNA polymerase GLD2 isoform X1 [Homo sapiens]	TRUE	TENT2
XP_005792070.1	XP_011541522.1	0	N/A	30.588	85	67	1.06e-07	51.2	poly(A) RNA polymerase GLD2 isoform X1 [Homo sapiens]	TRUE	TENT2
XP_005792070.1	NP_001375023.1	0	N/A	30.588	85	67	1.06e-07	51.2	poly(A) RNA polymerase GLD2 isoform 5 [Homo sapiens]	TRUE	TENT2
XP_005792070.1	NP_001375022.1	0	N/A	30.588	85	67	1.06e-07	51.2	poly(A) RNA polymerase GLD2 isoform 5 [Homo sapiens]	TRUE	TENT2
XP_005792070.1	NP_001336479.1	0	N/A	30.588	85	67	1.06e-07	51.2	poly(A) RNA polymerase GLD2 isoform 5 [Homo sapiens]	TRUE	TENT2
XP_005792070.1	NP_001336478.1	0	N/A	30.588	85	67	1.06e-07	51.2	poly(A) RNA polymerase GLD2 isoform 5 [Homo sapiens]	TRUE	TENT2
XP_005792070.1	NP_001375027.1	0	N/A	30.588	85	67	1.08e-07	51.2	poly(A) RNA polymerase GLD2 isoform 7 [Homo sapiens]	TRUE	TENT2
XP_005792070.1	XP_047272811.1	0	N/A	30.588	85	67	1.15e-07	51.2	poly(A) RNA polymerase GLD2 isoform X4 [Homo sapiens]	TRUE	TENT2
XP_005792070.1	XP_047272810.1	0	N/A	30.588	85	67	1.15e-07	51.2	poly(A) RNA polymerase GLD2 isoform X4 [Homo sapiens]	TRUE	TENT2
XP_005792070.1	XP_047272809.1	0	N/A	30.588	85	67	1.15e-07	51.2	poly(A) RNA polymerase GLD2 isoform X4 [Homo sapiens]	TRUE	TENT2
XP_005792070.1	NP_001375058.1	0	N/A	30.588	85	67	1.15e-07	51.2	poly(A) RNA polymerase GLD2 isoform 2 [Homo sapiens]	TRUE	TENT2
XP_005792070.1	NP_001375057.1	0	N/A	30.588	85	67	1.15e-07	51.2	poly(A) RNA polymerase GLD2 isoform 2 [Homo sapiens]	TRUE	TENT2
XP_005792070.1	NP_001375056.1	0	N/A	30.588	85	67	1.15e-07	51.2	poly(A) RNA polymerase GLD2 isoform 2 [Homo sapiens]	TRUE	TENT2
XP_005792070.1	NP_001375055.1	0	N/A	30.588	85	67	1.15e-07	51.2	poly(A) RNA polymerase GLD2 isoform 2 [Homo sapiens]	TRUE	TENT2
XP_005792070.1	NP_001375054.1	0	N/A	30.588	85	67	1.15e-07	51.2	poly(A) RNA polymerase GLD2 isoform 2 [Homo sapiens]	TRUE	TENT2
XP_005792070.1	NP_001375053.1	0	N/A	30.588	85	67	1.15e-07	51.2	poly(A) RNA polymerase GLD2 isoform 2 [Homo sapiens]	TRUE	TENT2
XP_005792070.1	NP_001375052.1	0	N/A	30.588	85	67	1.15e-07	51.2	poly(A) RNA polymerase GLD2 isoform 2 [Homo sapiens]	TRUE	TENT2
XP_005792070.1	NP_001375051.1	0	N/A	30.588	85	67	1.15e-07	51.2	poly(A) RNA polymerase GLD2 isoform 2 [Homo sapiens]	TRUE	TENT2
XP_005792070.1	NP_001375050.1	0	N/A	30.588	85	67	1.15e-07	51.2	poly(A) RNA polymerase GLD2 isoform 2 [Homo sapiens]	TRUE	TENT2
XP_005792070.1	NP_001375049.1	0	N/A	30.588	85	67	1.15e-07	51.2	poly(A) RNA polymerase GLD2 isoform 2 [Homo sapiens]	TRUE	TENT2
XP_005792070.1	NP_001375048.1	0	N/A	30.588	85	67	1.15e-07	51.2	poly(A) RNA polymerase GLD2 isoform 2 [Homo sapiens]	TRUE	TENT2
XP_005792070.1	NP_001375047.1	0	N/A	30.588	85	67	1.15e-07	51.2	poly(A) RNA polymerase GLD2 isoform 2 [Homo sapiens]	TRUE	TENT2
XP_005792070.1	NP_001375046.1	0	N/A	30.588	85	67	1.15e-07	51.2	poly(A) RNA polymerase GLD2 isoform 2 [Homo sapiens]	TRUE	TENT2
XP_005792070.1	NP_001375045.1	0	N/A	30.588	85	67	1.15e-07	51.2	poly(A) RNA polymerase GLD2 isoform 2 [Homo sapiens]	TRUE	TENT2
XP_005792070.1	NP_001375044.1	0	N/A	30.588	85	67	1.15e-07	51.2	poly(A) RNA polymerase GLD2 isoform 2 [Homo sapiens]	TRUE	TENT2
XP_005792070.1	NP_001375043.1	0	N/A	30.588	85	67	1.15e-07	51.2	poly(A) RNA polymerase GLD2 isoform 2 [Homo sapiens]	TRUE	TENT2
XP_005792070.1	NP_001336483.1	0	N/A	30.588	85	67	1.15e-07	51.2	poly(A) RNA polymerase GLD2 isoform 2 [Homo sapiens]	TRUE	TENT2
XP_005792070.1	NP_001284673.1	0	N/A	30.588	85	67	1.15e-07	51.2	poly(A) RNA polymerase GLD2 isoform 2 [Homo sapiens]	TRUE	TENT2
XP_005792070.1	NP_001375029.1	0	N/A	30.588	85	67	1.16e-07	51.2	poly(A) RNA polymerase GLD2 isoform 8 [Homo sapiens]	TRUE	TENT2
XP_005792070.1	NP_001375028.1	0	N/A	30.588	85	67	1.16e-07	51.2	poly(A) RNA polymerase GLD2 isoform 8 [Homo sapiens]	TRUE	TENT2
XP_005792070.1	XP_047272805.1	0	N/A	30.588	85	67	1.18e-07	51.2	poly(A) RNA polymerase GLD2 isoform X2 [Homo sapiens]	TRUE	TENT2
XP_005792070.1	XP_047272804.1	0	N/A	30.588	85	67	1.18e-07	51.2	poly(A) RNA polymerase GLD2 isoform X2 [Homo sapiens]	TRUE	TENT2
XP_005792070.1	XP_047272803.1	0	N/A	30.588	85	67	1.18e-07	51.2	poly(A) RNA polymerase GLD2 isoform X2 [Homo sapiens]	TRUE	TENT2
XP_005792070.1	XP_047272802.1	0	N/A	30.588	85	67	1.18e-07	51.2	poly(A) RNA polymerase GLD2 isoform X2 [Homo sapiens]	TRUE	TENT2
XP_005792070.1	XP_016864641.1	0	N/A	30.588	85	67	1.18e-07	51.2	poly(A) RNA polymerase GLD2 isoform X2 [Homo sapiens]	TRUE	TENT2
XP_005792070.1	NP_001375026.1	0	N/A	30.588	85	67	1.18e-07	51.2	poly(A) RNA polymerase GLD2 isoform 6 [Homo sapiens]	TRUE	TENT2
XP_005792070.1	NP_001375025.1	0	N/A	30.588	85	67	1.18e-07	51.2	poly(A) RNA polymerase GLD2 isoform 6 [Homo sapiens]	TRUE	TENT2
XP_005792070.1	NP_001375024.1	0	N/A	30.588	85	67	1.18e-07	51.2	poly(A) RNA polymerase GLD2 isoform 6 [Homo sapiens]	TRUE	TENT2
XP_005792070.1	NP_001336480.1	0	N/A	30.588	85	67	1.18e-07	51.2	poly(A) RNA polymerase GLD2 isoform 6 [Homo sapiens]	TRUE	TENT2
XP_005792070.1	NP_001375030.1	0	N/A	30.588	85	67	1.21e-07	51.2	poly(A) RNA polymerase GLD2 isoform 9 [Homo sapiens]	TRUE	TENT2
XP_005792070.1	XP_047272814.1	0	N/A	31.148	61	48	0.02	36.2	poly(A) RNA polymerase GLD2 isoform X6 [Homo sapiens]	TRUE	TENT2
XP_005792070.1	XP_047272813.1	0	N/A	31.148	61	48	0.02	36.2	poly(A) RNA polymerase GLD2 isoform X6 [Homo sapiens]	TRUE	TENT2
XP_005792070.1	XP_047272812.1	0	N/A	31.148	61	48	0.02	36.2	poly(A) RNA polymerase GLD2 isoform X6 [Homo sapiens]	TRUE	TENT2
XP_005792070.1	NP_001375062.1	0	N/A	31.148	61	48	0.02	36.2	poly(A) RNA polymerase GLD2 isoform 3 [Homo sapiens]	TRUE	TENT2
XP_005792070.1	NP_001284674.1	0	N/A	31.148	61	48	0.02	36.2	poly(A) RNA polymerase GLD2 isoform 3 [Homo sapiens]	TRUE	TENT2
XP_005792070.1	XP_011541531.1	0	N/A	31.148	61	48	0.022	36.2	poly(A) RNA polymerase GLD2 isoform X5 [Homo sapiens]	TRUE	TENT2
XP_005792070.1	XP_047272815.1	0	N/A	31.148	61	48	0.022	36.2	poly(A) RNA polymerase GLD2 isoform X7 [Homo sapiens]	TRUE	TENT2
XP_005792070.1	NP_001375064.1	0	N/A	31.148	61	48	0.022	36.2	poly(A) RNA polymerase GLD2 isoform 13 [Homo sapiens]	TRUE	TENT2
XP_005792070.1	NP_001375063.1	0	N/A	31.148	61	48	0.022	36.2	poly(A) RNA polymerase GLD2 isoform 13 [Homo sapiens]	TRUE	TENT2
XP_005817824.1	XP_016856292.1	0	N/A	35.802	81	79	1.99e-06	47	terminal uridylyltransferase 4 isoform X9 [Homo sapiens]	TRUE	Tut4
XP_005817824.1	XP_047272285.1	0	N/A	35.802	81	79	2.05e-06	47	terminal uridylyltransferase 4 isoform X7 [Homo sapiens]	TRUE	Tut4
XP_005817824.1	XP_047272350.1	0	N/A	35.802	81	79	2.09e-06	47	terminal uridylyltransferase 4 isoform X34 [Homo sapiens]	TRUE	Tut4
XP_005817824.1	XP_047272365.1	0	N/A	35.802	81	79	2.15e-06	46.6	terminal uridylyltransferase 4 isoform X38 [Homo sapiens]	TRUE	Tut4
XP_005817824.1	XP_047272306.1	0	N/A	35.802	81	79	2.15e-06	46.6	terminal uridylyltransferase 4 isoform X18 [Homo sapiens]	TRUE	Tut4
XP_005817824.1	XP_047272303.1	0	N/A	35.802	81	79	2.15e-06	46.6	terminal uridylyltransferase 4 isoform X15 [Homo sapiens]	TRUE	Tut4
XP_005817824.1	XP_047272354.1	0	N/A	35.802	81	79	2.17e-06	46.6	terminal uridylyltransferase 4 isoform X35 [Homo sapiens]	TRUE	Tut4
XP_005817824.1	XP_016856296.1	0	N/A	35.802	81	79	2.17e-06	46.6	terminal uridylyltransferase 4 isoform X28 [Homo sapiens]	TRUE	Tut4
XP_005817824.1	XP_047272337.1	0	N/A	35.802	81	79	2.17e-06	46.6	terminal uridylyltransferase 4 isoform X27 [Homo sapiens]	TRUE	Tut4
XP_005817824.1	XP_005270738.1	0	N/A	35.802	81	79	2.18e-06	46.6	terminal uridylyltransferase 4 isoform X14 [Homo sapiens]	TRUE	Tut4
XP_005817824.1	XP_047272362.1	0	N/A	35.802	81	79	2.19e-06	46.6	terminal uridylyltransferase 4 isoform X37 [Homo sapiens]	TRUE	Tut4
XP_005817824.1	XP_047272311.1	0	N/A	35.802	81	79	2.2e-06	46.6	terminal uridylyltransferase 4 isoform X21 [Homo sapiens]	TRUE	Tut4
XP_005817824.1	XP_047272305.1	0	N/A	35.802	81	79	2.2e-06	46.6	terminal uridylyltransferase 4 isoform X17 [Homo sapiens]	TRUE	Tut4
XP_005817824.1	XP_047272372.1	0	N/A	35.802	81	79	2.24e-06	46.6	terminal uridylyltransferase 4 isoform X42 [Homo sapiens]	TRUE	Tut4
XP_005817824.1	XP_047272296.1	0	N/A	35.802	81	79	2.24e-06	46.6	terminal uridylyltransferase 4 isoform X13 [Homo sapiens]	TRUE	Tut4
XP_005817824.1	XP_047272307.1	0	N/A	35.802	81	79	2.26e-06	46.6	terminal uridylyltransferase 4 isoform X19 [Homo sapiens]	TRUE	Tut4
XP_005817824.1	XP_047272367.1	0	N/A	35.802	81	79	2.28e-06	46.6	terminal uridylyltransferase 4 isoform X39 [Homo sapiens]	TRUE	Tut4
XP_005817824.1	XP_047272295.1	0	N/A	35.802	81	79	2.28e-06	46.6	terminal uridylyltransferase 4 isoform X12 [Homo sapiens]	TRUE	Tut4
XP_005817824.1	XP_047272288.1	0	N/A	35.802	81	79	2.31e-06	46.6	terminal uridylyltransferase 4 isoform X10 [Homo sapiens]	TRUE	Tut4
XP_005817824.1	XP_016856299.1	0	N/A	35.802	81	79	2.33e-06	46.6	terminal uridylyltransferase 4 isoform X40 [Homo sapiens]	TRUE	Tut4
XP_005817824.1	XP_016856294.1	0	N/A	35.802	81	79	2.35e-06	46.6	terminal uridylyltransferase 4 isoform X20 [Homo sapiens]	TRUE	Tut4
XP_005817824.1	XP_016856293.1	0	N/A	35.802	81	79	2.35e-06	46.6	terminal uridylyltransferase 4 isoform X16 [Homo sapiens]	TRUE	Tut4
XP_005817824.1	XP_047272281.1	0	N/A	35.802	81	79	2.35e-06	46.6	terminal uridylyltransferase 4 isoform X4 [Homo sapiens]	TRUE	Tut4
XP_005817824.1	NP_001009881.1	0	N/A	35.802	81	79	2.35e-06	46.6	terminal uridylyltransferase 4 isoform a [Homo sapiens]	TRUE	Tut4
XP_005817824.1	XP_047272283.1	0	N/A	35.802	81	79	2.38e-06	46.6	terminal uridylyltransferase 4 isoform X6 [Homo sapiens]	TRUE	Tut4
XP_005817824.1	XP_005270737.1	0	N/A	35.802	81	79	2.38e-06	46.6	terminal uridylyltransferase 4 isoform X6 [Homo sapiens]	TRUE	Tut4
XP_005817824.1	XP_047272282.1	0	N/A	35.802	81	79	2.38e-06	46.6	terminal uridylyltransferase 4 isoform X5 [Homo sapiens]	TRUE	Tut4
XP_005817824.1	NP_056084.1	0	N/A	35.802	81	79	2.38e-06	46.6	terminal uridylyltransferase 4 isoform b [Homo sapiens]	TRUE	Tut4
XP_005817824.1	XP_047272377.1	0	N/A	35.802	81	79	2.39e-06	46.6	terminal uridylyltransferase 4 isoform X44 [Homo sapiens]	TRUE	Tut4
XP_005817824.1	XP_047272336.1	0	N/A	35.802	81	79	2.42e-06	46.6	terminal uridylyltransferase 4 isoform X26 [Homo sapiens]	TRUE	Tut4
XP_005817824.1	XP_047272373.1	0	N/A	35.802	81	79	2.44e-06	46.6	terminal uridylyltransferase 4 isoform X43 [Homo sapiens]	TRUE	Tut4
XP_005817824.1	XP_047272320.1	0	N/A	35.802	81	79	2.47e-06	46.6	terminal uridylyltransferase 4 isoform X22 [Homo sapiens]	TRUE	Tut4
XP_005817824.1	XP_047272327.1	0	N/A	35.802	81	79	2.52e-06	46.6	terminal uridylyltransferase 4 isoform X24 [Homo sapiens]	TRUE	Tut4
XP_005817824.1	XP_016856307.1	0	N/A	35.802	81	79	2.66e-06	46.6	terminal uridylyltransferase 4 isoform X45 [Homo sapiens]	TRUE	Tut4
XP_005817824.1	XP_005252265.1	0	N/A	28.713	101	96	3.19e-06	46.2	terminal uridylyltransferase 7 isoform X7 [Homo sapiens]	TRUE	Tut7
XP_005817824.1	XP_047279823.1	0	N/A	28.713	101	96	3.64e-06	46.2	terminal uridylyltransferase 7 isoform X2 [Homo sapiens]	TRUE	Tut7
XP_005817824.1	XP_006717346.1	0	N/A	28.713	101	96	3.64e-06	46.2	terminal uridylyltransferase 7 isoform X2 [Homo sapiens]	TRUE	Tut7
XP_005817824.1	XP_047279825.1	0	N/A	28.713	101	96	3.71e-06	46.2	terminal uridylyltransferase 7 isoform X6 [Homo sapiens]	TRUE	Tut7
XP_005817824.1	XP_047279824.1	0	N/A	28.713	101	96	3.71e-06	46.2	terminal uridylyltransferase 7 isoform X6 [Homo sapiens]	TRUE	Tut7
XP_005817824.1	XP_005252264.1	0	N/A	28.713	101	96	3.71e-06	46.2	terminal uridylyltransferase 7 isoform X6 [Homo sapiens]	TRUE	Tut7
XP_005817824.1	XP_011517316.1	0	N/A	28.713	101	96	3.75e-06	46.2	terminal uridylyltransferase 7 isoform X1 [Homo sapiens]	TRUE	Tut7
XP_005817824.1	XP_011517315.1	0	N/A	28.713	101	96	3.75e-06	46.2	terminal uridylyltransferase 7 isoform X1 [Homo sapiens]	TRUE	Tut7
XP_005817824.1	XP_011517314.1	0	N/A	28.713	101	96	3.75e-06	46.2	terminal uridylyltransferase 7 isoform X1 [Homo sapiens]	TRUE	Tut7
XP_005817824.1	XP_011517313.1	0	N/A	28.713	101	96	3.75e-06	46.2	terminal uridylyltransferase 7 isoform X1 [Homo sapiens]	TRUE	Tut7
XP_005817824.1	XP_016870620.1	0	N/A	28.713	101	96	3.85e-06	46.2	terminal uridylyltransferase 7 isoform X4 [Homo sapiens]	TRUE	Tut7
XP_005817824.1	XP_016870619.1	0	N/A	28.713	101	96	3.85e-06	46.2	terminal uridylyltransferase 7 isoform X4 [Homo sapiens]	TRUE	Tut7
XP_005817824.1	NP_078893.2	0	N/A	28.713	101	96	3.85e-06	46.2	terminal uridylyltransferase 7 isoform 1 [Homo sapiens]	TRUE	Tut7
XP_005817824.1	NP_001171988.1	0	N/A	28.713	101	96	3.85e-06	46.2	terminal uridylyltransferase 7 isoform 1 [Homo sapiens]	TRUE	Tut7
XP_005817824.1	NP_001172003.1	0	N/A	28.713	101	96	3.87e-06	46.2	terminal uridylyltransferase 7 isoform 2 [Homo sapiens]	TRUE	Tut7
XP_005817824.1	XP_011517318.1	0	N/A	28.713	101	96	3.93e-06	46.2	terminal uridylyltransferase 7 isoform X5 [Homo sapiens]	TRUE	Tut7
XP_005817824.1	XP_011517317.1	0	N/A	28.713	101	96	4.17e-06	45.8	terminal uridylyltransferase 7 isoform X3 [Homo sapiens]	TRUE	Tut7
XP_005817824.1	NP_001317647.1	0	N/A	29.07	86	84	4.41e-06	45.8	terminal uridylyltransferase 7 isoform 3 [Homo sapiens]	TRUE	Tut7
XP_005817824.1	XP_047272344.1	0	N/A	35.802	81	79	6.4e-06	45.4	terminal uridylyltransferase 4 isoform X30 [Homo sapiens]	TRUE	Tut4
XP_005817824.1	XP_047272348.1	0	N/A	35.802	81	79	6.53e-06	45.4	terminal uridylyltransferase 4 isoform X32 [Homo sapiens]	TRUE	Tut4
XP_005817824.1	XP_011539401.1	0	N/A	35.802	81	79	6.53e-06	45.4	terminal uridylyltransferase 4 isoform X29 [Homo sapiens]	TRUE	Tut4
XP_005817824.1	XP_016856295.1	0	N/A	35.802	81	79	6.6e-06	45.4	terminal uridylyltransferase 4 isoform X25 [Homo sapiens]	TRUE	Tut4
XP_005817824.1	XP_047272325.1	0	N/A	35.802	81	79	6.6e-06	45.4	terminal uridylyltransferase 4 isoform X23 [Homo sapiens]	TRUE	Tut4
XP_005817824.1	XP_047272290.1	0	N/A	35.802	81	79	6.73e-06	45.4	terminal uridylyltransferase 4 isoform X11 [Homo sapiens]	TRUE	Tut4
XP_005817824.1	XP_047272286.1	0	N/A	35.802	81	79	6.8e-06	45.4	terminal uridylyltransferase 4 isoform X8 [Homo sapiens]	TRUE	Tut4
XP_005817824.1	XP_047272345.1	0	N/A	35.802	81	79	6.92e-06	45.4	terminal uridylyltransferase 4 isoform X31 [Homo sapiens]	TRUE	Tut4
XP_005817824.1	XP_005270739.1	0	N/A	35.802	81	79	7.48e-06	45.1	terminal uridylyltransferase 4 isoform X33 [Homo sapiens]	TRUE	Tut4
XP_005817824.1	XP_005270735.1	0	N/A	35.802	81	79	7.5e-06	45.1	terminal uridylyltransferase 4 isoform X2 [Homo sapiens]	TRUE	Tut4
XP_005817824.1	XP_011539399.1	0	N/A	35.802	81	79	7.5e-06	45.1	terminal uridylyltransferase 4 isoform X1 [Homo sapiens]	TRUE	Tut4
XP_005817824.1	XP_005270733.1	0	N/A	35.802	81	79	7.5e-06	45.1	terminal uridylyltransferase 4 isoform X1 [Homo sapiens]	TRUE	Tut4
XP_005817824.1	XP_047272369.1	0	N/A	35.802	81	79	7.62e-06	45.1	terminal uridylyltransferase 4 isoform X41 [Homo sapiens]	TRUE	Tut4
XP_005817824.1	XP_016856297.1	0	N/A	35.802	81	79	7.63e-06	45.1	terminal uridylyltransferase 4 isoform X36 [Homo sapiens]	TRUE	Tut4
XP_005817824.1	XP_047272280.1	0	N/A	35.802	81	79	7.64e-06	45.1	terminal uridylyltransferase 4 isoform X3 [Homo sapiens]	TRUE	Tut4
XP_005817824.1	XP_005270736.1	0	N/A	35.802	81	79	7.64e-06	45.1	terminal uridylyltransferase 4 isoform X3 [Homo sapiens]	TRUE	Tut4
XP_005817824.1	NP_001375066.1	0	N/A	28.736	87	83	3.94e-05	43.1	poly(A) RNA polymerase GLD2 isoform 15 [Homo sapiens]	TRUE	TENT2
XP_005817824.1	XP_047272820.1	0	N/A	28.736	87	83	5.59e-05	42.4	poly(A) RNA polymerase GLD2 isoform X11 [Homo sapiens]	TRUE	TENT2
XP_005817824.1	NP_001336477.1	0	N/A	28.736	87	83	8.04e-05	42	poly(A) RNA polymerase GLD2 isoform 4 [Homo sapiens]	TRUE	TENT2
XP_005817824.1	NP_001375029.1	0	N/A	28.736	87	83	0.000396	40.4	poly(A) RNA polymerase GLD2 isoform 8 [Homo sapiens]	TRUE	TENT2
XP_005817824.1	NP_001375028.1	0	N/A	28.736	87	83	0.000396	40.4	poly(A) RNA polymerase GLD2 isoform 8 [Homo sapiens]	TRUE	TENT2
XP_005817824.1	NP_001375030.1	0	N/A	28.736	87	83	0.000403	40	poly(A) RNA polymerase GLD2 isoform 9 [Homo sapiens]	TRUE	TENT2
XP_005817824.1	XP_047272814.1	0	N/A	28.736	87	83	0.000435	40	poly(A) RNA polymerase GLD2 isoform X6 [Homo sapiens]	TRUE	TENT2
XP_005817824.1	XP_047272813.1	0	N/A	28.736	87	83	0.000435	40	poly(A) RNA polymerase GLD2 isoform X6 [Homo sapiens]	TRUE	TENT2
XP_005817824.1	XP_047272812.1	0	N/A	28.736	87	83	0.000435	40	poly(A) RNA polymerase GLD2 isoform X6 [Homo sapiens]	TRUE	TENT2
XP_005817824.1	NP_001375062.1	0	N/A	28.736	87	83	0.000435	40	poly(A) RNA polymerase GLD2 isoform 3 [Homo sapiens]	TRUE	TENT2
XP_005817824.1	NP_001284674.1	0	N/A	28.736	87	83	0.000435	40	poly(A) RNA polymerase GLD2 isoform 3 [Homo sapiens]	TRUE	TENT2
XP_005817824.1	NP_001375065.1	0	N/A	28.736	87	83	0.000436	40	poly(A) RNA polymerase GLD2 isoform 14 [Homo sapiens]	TRUE	TENT2
XP_005817824.1	NP_001375027.1	0	N/A	28.736	87	83	0.000437	40	poly(A) RNA polymerase GLD2 isoform 7 [Homo sapiens]	TRUE	TENT2
XP_005817824.1	XP_047272815.1	0	N/A	28.736	87	83	0.000439	40	poly(A) RNA polymerase GLD2 isoform X7 [Homo sapiens]	TRUE	TENT2
XP_005817824.1	NP_001375064.1	0	N/A	28.736	87	83	0.000439	40	poly(A) RNA polymerase GLD2 isoform 13 [Homo sapiens]	TRUE	TENT2
XP_005817824.1	NP_001375063.1	0	N/A	28.736	87	83	0.000439	40	poly(A) RNA polymerase GLD2 isoform 13 [Homo sapiens]	TRUE	TENT2
XP_005817824.1	XP_047272801.1	0	N/A	28.736	87	83	0.000442	40	poly(A) RNA polymerase GLD2 isoform X1 [Homo sapiens]	TRUE	TENT2
XP_005817824.1	XP_047272800.1	0	N/A	28.736	87	83	0.000442	40	poly(A) RNA polymerase GLD2 isoform X1 [Homo sapiens]	TRUE	TENT2
XP_005817824.1	XP_011541527.1	0	N/A	28.736	87	83	0.000442	40	poly(A) RNA polymerase GLD2 isoform X1 [Homo sapiens]	TRUE	TENT2
XP_005817824.1	XP_011541526.1	0	N/A	28.736	87	83	0.000442	40	poly(A) RNA polymerase GLD2 isoform X1 [Homo sapiens]	TRUE	TENT2
XP_005817824.1	XP_011541523.1	0	N/A	28.736	87	83	0.000442	40	poly(A) RNA polymerase GLD2 isoform X1 [Homo sapiens]	TRUE	TENT2
XP_005817824.1	XP_011541522.1	0	N/A	28.736	87	83	0.000442	40	poly(A) RNA polymerase GLD2 isoform X1 [Homo sapiens]	TRUE	TENT2
XP_005817824.1	NP_001375023.1	0	N/A	28.736	87	83	0.000442	40	poly(A) RNA polymerase GLD2 isoform 5 [Homo sapiens]	TRUE	TENT2
XP_005817824.1	NP_001375022.1	0	N/A	28.736	87	83	0.000442	40	poly(A) RNA polymerase GLD2 isoform 5 [Homo sapiens]	TRUE	TENT2
XP_005817824.1	NP_001336479.1	0	N/A	28.736	87	83	0.000442	40	poly(A) RNA polymerase GLD2 isoform 5 [Homo sapiens]	TRUE	TENT2
XP_005817824.1	NP_001336478.1	0	N/A	28.736	87	83	0.000442	40	poly(A) RNA polymerase GLD2 isoform 5 [Homo sapiens]	TRUE	TENT2
XP_005817824.1	XP_047272805.1	0	N/A	28.736	87	83	0.000446	40	poly(A) RNA polymerase GLD2 isoform X2 [Homo sapiens]	TRUE	TENT2
XP_005817824.1	XP_047272804.1	0	N/A	28.736	87	83	0.000446	40	poly(A) RNA polymerase GLD2 isoform X2 [Homo sapiens]	TRUE	TENT2
XP_005817824.1	XP_047272803.1	0	N/A	28.736	87	83	0.000446	40	poly(A) RNA polymerase GLD2 isoform X2 [Homo sapiens]	TRUE	TENT2
XP_005817824.1	XP_047272802.1	0	N/A	28.736	87	83	0.000446	40	poly(A) RNA polymerase GLD2 isoform X2 [Homo sapiens]	TRUE	TENT2
XP_005817824.1	XP_016864641.1	0	N/A	28.736	87	83	0.000446	40	poly(A) RNA polymerase GLD2 isoform X2 [Homo sapiens]	TRUE	TENT2
XP_005817824.1	NP_001375026.1	0	N/A	28.736	87	83	0.000446	40	poly(A) RNA polymerase GLD2 isoform 6 [Homo sapiens]	TRUE	TENT2
XP_005817825.1	NP_001317647.1	0	N/A	41.573	89	100	3.87e-16	73.9	terminal uridylyltransferase 7 isoform 3 [Homo sapiens]	TRUE	Tut7
XP_005817825.1	NP_001172003.1	0	N/A	41.573	89	100	3.94e-16	73.9	terminal uridylyltransferase 7 isoform 2 [Homo sapiens]	TRUE	Tut7
XP_005817825.1	XP_005252265.1	0	N/A	41.573	89	100	3.95e-16	73.9	terminal uridylyltransferase 7 isoform X7 [Homo sapiens]	TRUE	Tut7
XP_005817825.1	XP_047279825.1	0	N/A	41.573	89	100	3.95e-16	73.9	terminal uridylyltransferase 7 isoform X6 [Homo sapiens]	TRUE	Tut7
XP_005817825.1	XP_047279824.1	0	N/A	41.573	89	100	3.95e-16	73.9	terminal uridylyltransferase 7 isoform X6 [Homo sapiens]	TRUE	Tut7
XP_005817825.1	XP_005252264.1	0	N/A	41.573	89	100	3.95e-16	73.9	terminal uridylyltransferase 7 isoform X6 [Homo sapiens]	TRUE	Tut7
XP_005817825.1	XP_011517318.1	0	N/A	41.573	89	100	3.96e-16	73.9	terminal uridylyltransferase 7 isoform X5 [Homo sapiens]	TRUE	Tut7
XP_005817825.1	XP_016870620.1	0	N/A	41.573	89	100	3.96e-16	73.9	terminal uridylyltransferase 7 isoform X4 [Homo sapiens]	TRUE	Tut7
XP_005817825.1	XP_016870619.1	0	N/A	41.573	89	100	3.96e-16	73.9	terminal uridylyltransferase 7 isoform X4 [Homo sapiens]	TRUE	Tut7
XP_005817825.1	NP_078893.2	0	N/A	41.573	89	100	3.96e-16	73.9	terminal uridylyltransferase 7 isoform 1 [Homo sapiens]	TRUE	Tut7
XP_005817825.1	NP_001171988.1	0	N/A	41.573	89	100	3.96e-16	73.9	terminal uridylyltransferase 7 isoform 1 [Homo sapiens]	TRUE	Tut7
XP_005817825.1	XP_011517317.1	0	N/A	41.573	89	100	3.96e-16	73.9	terminal uridylyltransferase 7 isoform X3 [Homo sapiens]	TRUE	Tut7
XP_005817825.1	XP_047279823.1	0	N/A	41.573	89	100	3.96e-16	73.9	terminal uridylyltransferase 7 isoform X2 [Homo sapiens]	TRUE	Tut7
XP_005817825.1	XP_006717346.1	0	N/A	41.573	89	100	3.96e-16	73.9	terminal uridylyltransferase 7 isoform X2 [Homo sapiens]	TRUE	Tut7
XP_005817825.1	XP_011517316.1	0	N/A	41.573	89	100	3.96e-16	73.9	terminal uridylyltransferase 7 isoform X1 [Homo sapiens]	TRUE	Tut7
XP_005817825.1	XP_011517315.1	0	N/A	41.573	89	100	3.96e-16	73.9	terminal uridylyltransferase 7 isoform X1 [Homo sapiens]	TRUE	Tut7
XP_005817825.1	XP_011517314.1	0	N/A	41.573	89	100	3.96e-16	73.9	terminal uridylyltransferase 7 isoform X1 [Homo sapiens]	TRUE	Tut7
XP_005817825.1	XP_011517313.1	0	N/A	41.573	89	100	3.96e-16	73.9	terminal uridylyltransferase 7 isoform X1 [Homo sapiens]	TRUE	Tut7
XP_005817825.1	XP_047272820.1	0	N/A	35.955	89	100	1e-15	71.2	poly(A) RNA polymerase GLD2 isoform X11 [Homo sapiens]	TRUE	TENT2
XP_005817825.1	NP_001336477.1	0	N/A	35.955	89	100	1.01e-15	71.6	poly(A) RNA polymerase GLD2 isoform 4 [Homo sapiens]	TRUE	TENT2
XP_005817825.1	NP_001375060.1	0	N/A	35.955	89	100	2.45e-15	71.6	poly(A) RNA polymerase GLD2 isoform 11 [Homo sapiens]	TRUE	TENT2
XP_005817825.1	NP_001375061.1	0	N/A	35.955	89	100	2.49e-15	71.6	poly(A) RNA polymerase GLD2 isoform 12 [Homo sapiens]	TRUE	TENT2
XP_005817825.1	NP_001375065.1	0	N/A	35.955	89	100	2.63e-15	71.2	poly(A) RNA polymerase GLD2 isoform 14 [Homo sapiens]	TRUE	TENT2
XP_005817825.1	NP_001375030.1	0	N/A	35.955	89	100	3.21e-15	71.2	poly(A) RNA polymerase GLD2 isoform 9 [Homo sapiens]	TRUE	TENT2
XP_005817825.1	NP_001375029.1	0	N/A	35.955	89	100	3.25e-15	71.2	poly(A) RNA polymerase GLD2 isoform 8 [Homo sapiens]	TRUE	TENT2
XP_005817825.1	NP_001375028.1	0	N/A	35.955	89	100	3.25e-15	71.2	poly(A) RNA polymerase GLD2 isoform 8 [Homo sapiens]	TRUE	TENT2
XP_005817825.1	XP_016856293.1	0	N/A	40.449	89	100	3.28e-15	71.2	terminal uridylyltransferase 4 isoform X16 [Homo sapiens]	TRUE	Tut4
XP_005817825.1	XP_047272384.1	0	N/A	40.449	89	100	3.42e-15	71.2	terminal uridylyltransferase 4 isoform X46 [Homo sapiens]	TRUE	Tut4
XP_005817825.1	NP_001375059.1	0	N/A	35.955	89	100	3.43e-15	71.2	poly(A) RNA polymerase GLD2 isoform 10 [Homo sapiens]	TRUE	TENT2
XP_005817825.1	XP_047272811.1	0	N/A	35.955	89	100	3.43e-15	71.2	poly(A) RNA polymerase GLD2 isoform X4 [Homo sapiens]	TRUE	TENT2
XP_005817825.1	XP_047272810.1	0	N/A	35.955	89	100	3.43e-15	71.2	poly(A) RNA polymerase GLD2 isoform X4 [Homo sapiens]	TRUE	TENT2
XP_005817825.1	XP_047272809.1	0	N/A	35.955	89	100	3.43e-15	71.2	poly(A) RNA polymerase GLD2 isoform X4 [Homo sapiens]	TRUE	TENT2
XP_005817825.1	NP_001375058.1	0	N/A	35.955	89	100	3.43e-15	71.2	poly(A) RNA polymerase GLD2 isoform 2 [Homo sapiens]	TRUE	TENT2
XP_005817825.1	NP_001375057.1	0	N/A	35.955	89	100	3.43e-15	71.2	poly(A) RNA polymerase GLD2 isoform 2 [Homo sapiens]	TRUE	TENT2
XP_005817825.1	NP_001375056.1	0	N/A	35.955	89	100	3.43e-15	71.2	poly(A) RNA polymerase GLD2 isoform 2 [Homo sapiens]	TRUE	TENT2
XP_005817825.1	NP_001375055.1	0	N/A	35.955	89	100	3.43e-15	71.2	poly(A) RNA polymerase GLD2 isoform 2 [Homo sapiens]	TRUE	TENT2
XP_005817825.1	NP_001375054.1	0	N/A	35.955	89	100	3.43e-15	71.2	poly(A) RNA polymerase GLD2 isoform 2 [Homo sapiens]	TRUE	TENT2
XP_005817825.1	NP_001375053.1	0	N/A	35.955	89	100	3.43e-15	71.2	poly(A) RNA polymerase GLD2 isoform 2 [Homo sapiens]	TRUE	TENT2
XP_005817825.1	NP_001375052.1	0	N/A	35.955	89	100	3.43e-15	71.2	poly(A) RNA polymerase GLD2 isoform 2 [Homo sapiens]	TRUE	TENT2
XP_005817825.1	NP_001375051.1	0	N/A	35.955	89	100	3.43e-15	71.2	poly(A) RNA polymerase GLD2 isoform 2 [Homo sapiens]	TRUE	TENT2
XP_005817825.1	NP_001375050.1	0	N/A	35.955	89	100	3.43e-15	71.2	poly(A) RNA polymerase GLD2 isoform 2 [Homo sapiens]	TRUE	TENT2
XP_005817825.1	NP_001375049.1	0	N/A	35.955	89	100	3.43e-15	71.2	poly(A) RNA polymerase GLD2 isoform 2 [Homo sapiens]	TRUE	TENT2
XP_005817825.1	NP_001375048.1	0	N/A	35.955	89	100	3.43e-15	71.2	poly(A) RNA polymerase GLD2 isoform 2 [Homo sapiens]	TRUE	TENT2
XP_005817825.1	NP_001375047.1	0	N/A	35.955	89	100	3.43e-15	71.2	poly(A) RNA polymerase GLD2 isoform 2 [Homo sapiens]	TRUE	TENT2
XP_005817825.1	NP_001375046.1	0	N/A	35.955	89	100	3.43e-15	71.2	poly(A) RNA polymerase GLD2 isoform 2 [Homo sapiens]	TRUE	TENT2
XP_005817825.1	NP_001375045.1	0	N/A	35.955	89	100	3.43e-15	71.2	poly(A) RNA polymerase GLD2 isoform 2 [Homo sapiens]	TRUE	TENT2
XP_005817825.1	NP_001375044.1	0	N/A	35.955	89	100	3.43e-15	71.2	poly(A) RNA polymerase GLD2 isoform 2 [Homo sapiens]	TRUE	TENT2
XP_005817825.1	NP_001375043.1	0	N/A	35.955	89	100	3.43e-15	71.2	poly(A) RNA polymerase GLD2 isoform 2 [Homo sapiens]	TRUE	TENT2
XP_005817825.1	NP_001336483.1	0	N/A	35.955	89	100	3.43e-15	71.2	poly(A) RNA polymerase GLD2 isoform 2 [Homo sapiens]	TRUE	TENT2
XP_005817825.1	NP_001284673.1	0	N/A	35.955	89	100	3.43e-15	71.2	poly(A) RNA polymerase GLD2 isoform 2 [Homo sapiens]	TRUE	TENT2
XP_005817825.1	NP_001375042.1	0	N/A	35.955	89	100	3.43e-15	71.2	poly(A) RNA polymerase GLD2 isoform 16 [Homo sapiens]	TRUE	TENT2
XP_005817825.1	XP_047272288.1	0	N/A	40.449	89	100	3.45e-15	71.2	terminal uridylyltransferase 4 isoform X10 [Homo sapiens]	TRUE	Tut4
XP_005817825.1	XP_047272283.1	0	N/A	40.449	89	100	3.45e-15	71.2	terminal uridylyltransferase 4 isoform X6 [Homo sapiens]	TRUE	Tut4
XP_005817825.1	XP_005270737.1	0	N/A	40.449	89	100	3.45e-15	71.2	terminal uridylyltransferase 4 isoform X6 [Homo sapiens]	TRUE	Tut4
XP_005817825.1	NP_001375027.1	0	N/A	35.955	89	100	3.46e-15	71.2	poly(A) RNA polymerase GLD2 isoform 7 [Homo sapiens]	TRUE	TENT2
XP_005817825.1	XP_047272282.1	0	N/A	40.449	89	100	3.48e-15	71.2	terminal uridylyltransferase 4 isoform X5 [Homo sapiens]	TRUE	Tut4
XP_005817825.1	NP_056084.1	0	N/A	40.449	89	100	3.48e-15	71.2	terminal uridylyltransferase 4 isoform b [Homo sapiens]	TRUE	Tut4
XP_005817825.1	XP_047272281.1	0	N/A	40.449	89	100	3.48e-15	71.2	terminal uridylyltransferase 4 isoform X4 [Homo sapiens]	TRUE	Tut4
XP_005817825.1	NP_001009881.1	0	N/A	40.449	89	100	3.48e-15	71.2	terminal uridylyltransferase 4 isoform a [Homo sapiens]	TRUE	Tut4
XP_005817825.1	XP_047272805.1	0	N/A	35.955	89	100	3.56e-15	71.2	poly(A) RNA polymerase GLD2 isoform X2 [Homo sapiens]	TRUE	TENT2
XP_005817825.1	XP_047272804.1	0	N/A	35.955	89	100	3.56e-15	71.2	poly(A) RNA polymerase GLD2 isoform X2 [Homo sapiens]	TRUE	TENT2
XP_005817825.1	XP_047272803.1	0	N/A	35.955	89	100	3.56e-15	71.2	poly(A) RNA polymerase GLD2 isoform X2 [Homo sapiens]	TRUE	TENT2
XP_005817825.1	XP_047272802.1	0	N/A	35.955	89	100	3.56e-15	71.2	poly(A) RNA polymerase GLD2 isoform X2 [Homo sapiens]	TRUE	TENT2
XP_005817825.1	XP_016864641.1	0	N/A	35.955	89	100	3.56e-15	71.2	poly(A) RNA polymerase GLD2 isoform X2 [Homo sapiens]	TRUE	TENT2
XP_005817825.1	NP_001375026.1	0	N/A	35.955	89	100	3.56e-15	71.2	poly(A) RNA polymerase GLD2 isoform 6 [Homo sapiens]	TRUE	TENT2
XP_005817825.1	NP_001375025.1	0	N/A	35.955	89	100	3.56e-15	71.2	poly(A) RNA polymerase GLD2 isoform 6 [Homo sapiens]	TRUE	TENT2
XP_005817825.1	NP_001375024.1	0	N/A	35.955	89	100	3.56e-15	71.2	poly(A) RNA polymerase GLD2 isoform 6 [Homo sapiens]	TRUE	TENT2
XP_005817825.1	NP_001336480.1	0	N/A	35.955	89	100	3.56e-15	71.2	poly(A) RNA polymerase GLD2 isoform 6 [Homo sapiens]	TRUE	TENT2
XP_005817825.1	XP_047272808.1	0	N/A	35.955	89	100	3.57e-15	71.2	poly(A) RNA polymerase GLD2 isoform X3 [Homo sapiens]	TRUE	TENT2
XP_005817825.1	XP_047272807.1	0	N/A	35.955	89	100	3.57e-15	71.2	poly(A) RNA polymerase GLD2 isoform X3 [Homo sapiens]	TRUE	TENT2
XP_005817825.1	XP_047272806.1	0	N/A	35.955	89	100	3.57e-15	71.2	poly(A) RNA polymerase GLD2 isoform X3 [Homo sapiens]	TRUE	TENT2
XP_005817825.1	NP_776158.2	0	N/A	35.955	89	100	3.57e-15	71.2	poly(A) RNA polymerase GLD2 isoform 1 [Homo sapiens]	TRUE	TENT2
XP_005817825.1	NP_001375041.1	0	N/A	35.955	89	100	3.57e-15	71.2	poly(A) RNA polymerase GLD2 isoform 1 [Homo sapiens]	TRUE	TENT2
XP_005817825.1	NP_001375040.1	0	N/A	35.955	89	100	3.57e-15	71.2	poly(A) RNA polymerase GLD2 isoform 1 [Homo sapiens]	TRUE	TENT2
XP_005817825.1	NP_001375039.1	0	N/A	35.955	89	100	3.57e-15	71.2	poly(A) RNA polymerase GLD2 isoform 1 [Homo sapiens]	TRUE	TENT2
XP_005817825.1	NP_001375038.1	0	N/A	35.955	89	100	3.57e-15	71.2	poly(A) RNA polymerase GLD2 isoform 1 [Homo sapiens]	TRUE	TENT2
XP_005817825.1	NP_001375037.1	0	N/A	35.955	89	100	3.57e-15	71.2	poly(A) RNA polymerase GLD2 isoform 1 [Homo sapiens]	TRUE	TENT2
XP_005817825.1	NP_001375036.1	0	N/A	35.955	89	100	3.57e-15	71.2	poly(A) RNA polymerase GLD2 isoform 1 [Homo sapiens]	TRUE	TENT2
XP_005817825.1	NP_001375035.1	0	N/A	35.955	89	100	3.57e-15	71.2	poly(A) RNA polymerase GLD2 isoform 1 [Homo sapiens]	TRUE	TENT2
XP_005817825.1	NP_001375034.1	0	N/A	35.955	89	100	3.57e-15	71.2	poly(A) RNA polymerase GLD2 isoform 1 [Homo sapiens]	TRUE	TENT2
XP_005817825.1	NP_001375032.1	0	N/A	35.955	89	100	3.57e-15	71.2	poly(A) RNA polymerase GLD2 isoform 1 [Homo sapiens]	TRUE	TENT2
XP_005817825.1	NP_001375031.1	0	N/A	35.955	89	100	3.57e-15	71.2	poly(A) RNA polymerase GLD2 isoform 1 [Homo sapiens]	TRUE	TENT2
XP_005817825.1	NP_001336482.1	0	N/A	35.955	89	100	3.57e-15	71.2	poly(A) RNA polymerase GLD2 isoform 1 [Homo sapiens]	TRUE	TENT2
XP_005817825.1	NP_001336481.1	0	N/A	35.955	89	100	3.57e-15	71.2	poly(A) RNA polymerase GLD2 isoform 1 [Homo sapiens]	TRUE	TENT2
XP_005817825.1	NP_001107866.1	0	N/A	35.955	89	100	3.57e-15	71.2	poly(A) RNA polymerase GLD2 isoform 1 [Homo sapiens]	TRUE	TENT2
XP_005817825.1	NP_001107865.1	0	N/A	35.955	89	100	3.57e-15	71.2	poly(A) RNA polymerase GLD2 isoform 1 [Homo sapiens]	TRUE	TENT2
XP_005817825.1	XP_047272801.1	0	N/A	35.955	89	100	3.74e-15	70.9	poly(A) RNA polymerase GLD2 isoform X1 [Homo sapiens]	TRUE	TENT2
XP_005817825.1	XP_047272800.1	0	N/A	35.955	89	100	3.74e-15	70.9	poly(A) RNA polymerase GLD2 isoform X1 [Homo sapiens]	TRUE	TENT2
XP_005817825.1	XP_011541527.1	0	N/A	35.955	89	100	3.74e-15	70.9	poly(A) RNA polymerase GLD2 isoform X1 [Homo sapiens]	TRUE	TENT2
XP_005817825.1	XP_011541526.1	0	N/A	35.955	89	100	3.74e-15	70.9	poly(A) RNA polymerase GLD2 isoform X1 [Homo sapiens]	TRUE	TENT2
XP_005817825.1	XP_011541523.1	0	N/A	35.955	89	100	3.74e-15	70.9	poly(A) RNA polymerase GLD2 isoform X1 [Homo sapiens]	TRUE	TENT2
XP_005817825.1	XP_011541522.1	0	N/A	35.955	89	100	3.74e-15	70.9	poly(A) RNA polymerase GLD2 isoform X1 [Homo sapiens]	TRUE	TENT2
XP_005817825.1	NP_001375023.1	0	N/A	35.955	89	100	3.74e-15	70.9	poly(A) RNA polymerase GLD2 isoform 5 [Homo sapiens]	TRUE	TENT2
XP_005817825.1	NP_001375022.1	0	N/A	35.955	89	100	3.74e-15	70.9	poly(A) RNA polymerase GLD2 isoform 5 [Homo sapiens]	TRUE	TENT2
XP_005817825.1	NP_001336479.1	0	N/A	35.955	89	100	3.74e-15	70.9	poly(A) RNA polymerase GLD2 isoform 5 [Homo sapiens]	TRUE	TENT2
XP_005817825.1	NP_001336478.1	0	N/A	35.955	89	100	3.74e-15	70.9	poly(A) RNA polymerase GLD2 isoform 5 [Homo sapiens]	TRUE	TENT2
XP_005817825.1	XP_047272305.1	0	N/A	40.449	89	100	3.8e-15	71.2	terminal uridylyltransferase 4 isoform X17 [Homo sapiens]	TRUE	Tut4
XP_005817825.1	XP_047272295.1	0	N/A	40.449	89	100	3.87e-15	71.2	terminal uridylyltransferase 4 isoform X12 [Homo sapiens]	TRUE	Tut4
XP_005817825.1	XP_016856292.1	0	N/A	40.449	89	100	3.87e-15	71.2	terminal uridylyltransferase 4 isoform X9 [Homo sapiens]	TRUE	Tut4
XP_005817825.1	XP_047272296.1	0	N/A	40.449	89	100	3.95e-15	70.9	terminal uridylyltransferase 4 isoform X13 [Homo sapiens]	TRUE	Tut4
XP_005824635.1	XP_047272820.1	0	N/A	36.585	205	82	3.96e-28	109	poly(A) RNA polymerase GLD2 isoform X11 [Homo sapiens]	TRUE	TENT2
XP_005824635.1	NP_001336477.1	0	N/A	36.585	205	82	8.39e-28	108	poly(A) RNA polymerase GLD2 isoform 4 [Homo sapiens]	TRUE	TENT2
XP_005824635.1	NP_001375065.1	0	N/A	36.585	205	82	5.86e-27	108	poly(A) RNA polymerase GLD2 isoform 14 [Homo sapiens]	TRUE	TENT2
XP_005824635.1	NP_001375061.1	0	N/A	36.585	205	82	1.97e-26	108	poly(A) RNA polymerase GLD2 isoform 12 [Homo sapiens]	TRUE	TENT2
XP_005824635.1	XP_047272811.1	0	N/A	36.634	202	81	2.1e-26	108	poly(A) RNA polymerase GLD2 isoform X4 [Homo sapiens]	TRUE	TENT2
XP_005824635.1	XP_047272810.1	0	N/A	36.634	202	81	2.1e-26	108	poly(A) RNA polymerase GLD2 isoform X4 [Homo sapiens]	TRUE	TENT2
XP_005824635.1	XP_047272809.1	0	N/A	36.634	202	81	2.1e-26	108	poly(A) RNA polymerase GLD2 isoform X4 [Homo sapiens]	TRUE	TENT2
XP_005824635.1	NP_001375058.1	0	N/A	36.634	202	81	2.1e-26	108	poly(A) RNA polymerase GLD2 isoform 2 [Homo sapiens]	TRUE	TENT2
XP_005824635.1	NP_001375057.1	0	N/A	36.634	202	81	2.1e-26	108	poly(A) RNA polymerase GLD2 isoform 2 [Homo sapiens]	TRUE	TENT2
XP_005824635.1	NP_001375056.1	0	N/A	36.634	202	81	2.1e-26	108	poly(A) RNA polymerase GLD2 isoform 2 [Homo sapiens]	TRUE	TENT2
XP_005824635.1	NP_001375055.1	0	N/A	36.634	202	81	2.1e-26	108	poly(A) RNA polymerase GLD2 isoform 2 [Homo sapiens]	TRUE	TENT2
XP_005824635.1	NP_001375054.1	0	N/A	36.634	202	81	2.1e-26	108	poly(A) RNA polymerase GLD2 isoform 2 [Homo sapiens]	TRUE	TENT2
XP_005824635.1	NP_001375053.1	0	N/A	36.634	202	81	2.1e-26	108	poly(A) RNA polymerase GLD2 isoform 2 [Homo sapiens]	TRUE	TENT2
XP_005824635.1	NP_001375052.1	0	N/A	36.634	202	81	2.1e-26	108	poly(A) RNA polymerase GLD2 isoform 2 [Homo sapiens]	TRUE	TENT2
XP_005824635.1	NP_001375051.1	0	N/A	36.634	202	81	2.1e-26	108	poly(A) RNA polymerase GLD2 isoform 2 [Homo sapiens]	TRUE	TENT2
XP_005824635.1	NP_001375050.1	0	N/A	36.634	202	81	2.1e-26	108	poly(A) RNA polymerase GLD2 isoform 2 [Homo sapiens]	TRUE	TENT2
XP_005824635.1	NP_001375049.1	0	N/A	36.634	202	81	2.1e-26	108	poly(A) RNA polymerase GLD2 isoform 2 [Homo sapiens]	TRUE	TENT2
XP_005824635.1	NP_001375048.1	0	N/A	36.634	202	81	2.1e-26	108	poly(A) RNA polymerase GLD2 isoform 2 [Homo sapiens]	TRUE	TENT2
XP_005824635.1	NP_001375047.1	0	N/A	36.634	202	81	2.1e-26	108	poly(A) RNA polymerase GLD2 isoform 2 [Homo sapiens]	TRUE	TENT2
XP_005824635.1	NP_001375046.1	0	N/A	36.634	202	81	2.1e-26	108	poly(A) RNA polymerase GLD2 isoform 2 [Homo sapiens]	TRUE	TENT2
XP_005824635.1	NP_001375045.1	0	N/A	36.634	202	81	2.1e-26	108	poly(A) RNA polymerase GLD2 isoform 2 [Homo sapiens]	TRUE	TENT2
XP_005824635.1	NP_001375044.1	0	N/A	36.634	202	81	2.1e-26	108	poly(A) RNA polymerase GLD2 isoform 2 [Homo sapiens]	TRUE	TENT2
XP_005824635.1	NP_001375043.1	0	N/A	36.634	202	81	2.1e-26	108	poly(A) RNA polymerase GLD2 isoform 2 [Homo sapiens]	TRUE	TENT2
XP_005824635.1	NP_001336483.1	0	N/A	36.634	202	81	2.1e-26	108	poly(A) RNA polymerase GLD2 isoform 2 [Homo sapiens]	TRUE	TENT2
XP_005824635.1	NP_001284673.1	0	N/A	36.634	202	81	2.1e-26	108	poly(A) RNA polymerase GLD2 isoform 2 [Homo sapiens]	TRUE	TENT2
XP_005824635.1	NP_001375059.1	0	N/A	36.634	202	81	2.13e-26	108	poly(A) RNA polymerase GLD2 isoform 10 [Homo sapiens]	TRUE	TENT2
XP_005824635.1	NP_001375027.1	0	N/A	36.634	202	81	2.26e-26	108	poly(A) RNA polymerase GLD2 isoform 7 [Homo sapiens]	TRUE	TENT2
XP_005824635.1	XP_047272805.1	0	N/A	36.634	202	81	2.36e-26	108	poly(A) RNA polymerase GLD2 isoform X2 [Homo sapiens]	TRUE	TENT2
XP_005824635.1	XP_047272804.1	0	N/A	36.634	202	81	2.36e-26	108	poly(A) RNA polymerase GLD2 isoform X2 [Homo sapiens]	TRUE	TENT2
XP_005824635.1	XP_047272803.1	0	N/A	36.634	202	81	2.36e-26	108	poly(A) RNA polymerase GLD2 isoform X2 [Homo sapiens]	TRUE	TENT2
XP_005824635.1	XP_047272802.1	0	N/A	36.634	202	81	2.36e-26	108	poly(A) RNA polymerase GLD2 isoform X2 [Homo sapiens]	TRUE	TENT2
XP_005824635.1	XP_016864641.1	0	N/A	36.634	202	81	2.36e-26	108	poly(A) RNA polymerase GLD2 isoform X2 [Homo sapiens]	TRUE	TENT2
XP_005824635.1	NP_001375026.1	0	N/A	36.634	202	81	2.36e-26	108	poly(A) RNA polymerase GLD2 isoform 6 [Homo sapiens]	TRUE	TENT2
XP_005824635.1	NP_001375025.1	0	N/A	36.634	202	81	2.36e-26	108	poly(A) RNA polymerase GLD2 isoform 6 [Homo sapiens]	TRUE	TENT2
XP_005824635.1	NP_001375024.1	0	N/A	36.634	202	81	2.36e-26	108	poly(A) RNA polymerase GLD2 isoform 6 [Homo sapiens]	TRUE	TENT2
XP_005824635.1	NP_001336480.1	0	N/A	36.634	202	81	2.36e-26	108	poly(A) RNA polymerase GLD2 isoform 6 [Homo sapiens]	TRUE	TENT2
XP_005824635.1	NP_001375060.1	0	N/A	36.585	205	82	2.42e-26	108	poly(A) RNA polymerase GLD2 isoform 11 [Homo sapiens]	TRUE	TENT2
XP_005824635.1	NP_001375030.1	0	N/A	36.585	205	82	2.45e-26	108	poly(A) RNA polymerase GLD2 isoform 9 [Homo sapiens]	TRUE	TENT2
XP_005824635.1	XP_047272801.1	0	N/A	36.634	202	81	2.78e-26	108	poly(A) RNA polymerase GLD2 isoform X1 [Homo sapiens]	TRUE	TENT2
XP_005824635.1	XP_047272800.1	0	N/A	36.634	202	81	2.78e-26	108	poly(A) RNA polymerase GLD2 isoform X1 [Homo sapiens]	TRUE	TENT2
XP_005824635.1	XP_011541527.1	0	N/A	36.634	202	81	2.78e-26	108	poly(A) RNA polymerase GLD2 isoform X1 [Homo sapiens]	TRUE	TENT2
XP_005824635.1	XP_011541526.1	0	N/A	36.634	202	81	2.78e-26	108	poly(A) RNA polymerase GLD2 isoform X1 [Homo sapiens]	TRUE	TENT2
XP_005824635.1	XP_011541523.1	0	N/A	36.634	202	81	2.78e-26	108	poly(A) RNA polymerase GLD2 isoform X1 [Homo sapiens]	TRUE	TENT2
XP_005824635.1	XP_011541522.1	0	N/A	36.634	202	81	2.78e-26	108	poly(A) RNA polymerase GLD2 isoform X1 [Homo sapiens]	TRUE	TENT2
XP_005824635.1	NP_001375023.1	0	N/A	36.634	202	81	2.78e-26	108	poly(A) RNA polymerase GLD2 isoform 5 [Homo sapiens]	TRUE	TENT2
XP_005824635.1	NP_001375022.1	0	N/A	36.634	202	81	2.78e-26	108	poly(A) RNA polymerase GLD2 isoform 5 [Homo sapiens]	TRUE	TENT2
XP_005824635.1	NP_001336479.1	0	N/A	36.634	202	81	2.78e-26	108	poly(A) RNA polymerase GLD2 isoform 5 [Homo sapiens]	TRUE	TENT2
XP_005824635.1	NP_001336478.1	0	N/A	36.634	202	81	2.78e-26	108	poly(A) RNA polymerase GLD2 isoform 5 [Homo sapiens]	TRUE	TENT2
XP_005824635.1	NP_001375042.1	0	N/A	36.634	202	81	2.83e-26	108	poly(A) RNA polymerase GLD2 isoform 16 [Homo sapiens]	TRUE	TENT2
XP_005824635.1	XP_047272808.1	0	N/A	36.585	205	82	2.88e-26	108	poly(A) RNA polymerase GLD2 isoform X3 [Homo sapiens]	TRUE	TENT2
XP_005824635.1	XP_047272807.1	0	N/A	36.585	205	82	2.88e-26	108	poly(A) RNA polymerase GLD2 isoform X3 [Homo sapiens]	TRUE	TENT2
XP_005824635.1	XP_047272806.1	0	N/A	36.585	205	82	2.88e-26	108	poly(A) RNA polymerase GLD2 isoform X3 [Homo sapiens]	TRUE	TENT2
XP_005824635.1	NP_776158.2	0	N/A	36.585	205	82	2.88e-26	108	poly(A) RNA polymerase GLD2 isoform 1 [Homo sapiens]	TRUE	TENT2
XP_005824635.1	NP_001375041.1	0	N/A	36.585	205	82	2.88e-26	108	poly(A) RNA polymerase GLD2 isoform 1 [Homo sapiens]	TRUE	TENT2
XP_005824635.1	NP_001375040.1	0	N/A	36.585	205	82	2.88e-26	108	poly(A) RNA polymerase GLD2 isoform 1 [Homo sapiens]	TRUE	TENT2
XP_005824635.1	NP_001375039.1	0	N/A	36.585	205	82	2.88e-26	108	poly(A) RNA polymerase GLD2 isoform 1 [Homo sapiens]	TRUE	TENT2
XP_005824635.1	NP_001375038.1	0	N/A	36.585	205	82	2.88e-26	108	poly(A) RNA polymerase GLD2 isoform 1 [Homo sapiens]	TRUE	TENT2
XP_005824635.1	NP_001375037.1	0	N/A	36.585	205	82	2.88e-26	108	poly(A) RNA polymerase GLD2 isoform 1 [Homo sapiens]	TRUE	TENT2
XP_005824635.1	NP_001375036.1	0	N/A	36.585	205	82	2.88e-26	108	poly(A) RNA polymerase GLD2 isoform 1 [Homo sapiens]	TRUE	TENT2
XP_005824635.1	NP_001375035.1	0	N/A	36.585	205	82	2.88e-26	108	poly(A) RNA polymerase GLD2 isoform 1 [Homo sapiens]	TRUE	TENT2
XP_005824635.1	NP_001375034.1	0	N/A	36.585	205	82	2.88e-26	108	poly(A) RNA polymerase GLD2 isoform 1 [Homo sapiens]	TRUE	TENT2
XP_005824635.1	NP_001375032.1	0	N/A	36.585	205	82	2.88e-26	108	poly(A) RNA polymerase GLD2 isoform 1 [Homo sapiens]	TRUE	TENT2
XP_005824635.1	NP_001375031.1	0	N/A	36.585	205	82	2.88e-26	108	poly(A) RNA polymerase GLD2 isoform 1 [Homo sapiens]	TRUE	TENT2
XP_005824635.1	NP_001336482.1	0	N/A	36.585	205	82	2.88e-26	108	poly(A) RNA polymerase GLD2 isoform 1 [Homo sapiens]	TRUE	TENT2
XP_005824635.1	NP_001336481.1	0	N/A	36.585	205	82	2.88e-26	108	poly(A) RNA polymerase GLD2 isoform 1 [Homo sapiens]	TRUE	TENT2
XP_005824635.1	NP_001107866.1	0	N/A	36.585	205	82	2.88e-26	108	poly(A) RNA polymerase GLD2 isoform 1 [Homo sapiens]	TRUE	TENT2
XP_005824635.1	NP_001107865.1	0	N/A	36.585	205	82	2.88e-26	108	poly(A) RNA polymerase GLD2 isoform 1 [Homo sapiens]	TRUE	TENT2
XP_005824635.1	NP_001375029.1	0	N/A	36.585	205	82	3.29e-26	108	poly(A) RNA polymerase GLD2 isoform 8 [Homo sapiens]	TRUE	TENT2
XP_005824635.1	NP_001375028.1	0	N/A	36.585	205	82	3.29e-26	108	poly(A) RNA polymerase GLD2 isoform 8 [Homo sapiens]	TRUE	TENT2
XP_005824635.1	XP_005270735.1	0	N/A	34.404	218	89	8.52e-25	105	terminal uridylyltransferase 4 isoform X2 [Homo sapiens]	TRUE	Tut4
XP_005824635.1	XP_016856292.1	0	N/A	34.404	218	89	8.58e-25	105	terminal uridylyltransferase 4 isoform X9 [Homo sapiens]	TRUE	Tut4
XP_005824635.1	XP_047272325.1	0	N/A	34.404	218	89	8.72e-25	105	terminal uridylyltransferase 4 isoform X23 [Homo sapiens]	TRUE	Tut4
XP_005824635.1	XP_011539399.1	0	N/A	34.404	218	89	8.85e-25	105	terminal uridylyltransferase 4 isoform X1 [Homo sapiens]	TRUE	Tut4
XP_005824635.1	XP_005270733.1	0	N/A	34.404	218	89	8.85e-25	105	terminal uridylyltransferase 4 isoform X1 [Homo sapiens]	TRUE	Tut4
XP_005824635.1	XP_047272345.1	0	N/A	34.404	218	89	9.04e-25	105	terminal uridylyltransferase 4 isoform X31 [Homo sapiens]	TRUE	Tut4
XP_005824635.1	XP_047272290.1	0	N/A	34.404	218	89	9.08e-25	105	terminal uridylyltransferase 4 isoform X11 [Homo sapiens]	TRUE	Tut4
XP_005824635.1	XP_047272280.1	0	N/A	34.404	218	89	9.1e-25	105	terminal uridylyltransferase 4 isoform X3 [Homo sapiens]	TRUE	Tut4
XP_005824635.1	XP_005270736.1	0	N/A	34.404	218	89	9.1e-25	105	terminal uridylyltransferase 4 isoform X3 [Homo sapiens]	TRUE	Tut4
XP_005824635.1	XP_047272285.1	0	N/A	34.404	218	89	9.17e-25	105	terminal uridylyltransferase 4 isoform X7 [Homo sapiens]	TRUE	Tut4
XP_005824635.1	XP_047272337.1	0	N/A	34.404	218	89	9.32e-25	105	terminal uridylyltransferase 4 isoform X27 [Homo sapiens]	TRUE	Tut4
XP_005824635.1	XP_016856295.1	0	N/A	34.404	218	89	9.32e-25	105	terminal uridylyltransferase 4 isoform X25 [Homo sapiens]	TRUE	Tut4
XP_005824635.1	XP_016856297.1	0	N/A	34.404	218	89	9.38e-25	105	terminal uridylyltransferase 4 isoform X36 [Homo sapiens]	TRUE	Tut4
XP_005824635.1	XP_005270739.1	0	N/A	34.404	218	89	9.38e-25	105	terminal uridylyltransferase 4 isoform X33 [Homo sapiens]	TRUE	Tut4
XP_005824635.1	XP_047272296.1	0	N/A	34.404	218	89	9.43e-25	105	terminal uridylyltransferase 4 isoform X13 [Homo sapiens]	TRUE	Tut4
XP_005824635.1	XP_047272282.1	0	N/A	34.404	218	89	9.45e-25	105	terminal uridylyltransferase 4 isoform X5 [Homo sapiens]	TRUE	Tut4
XP_005824635.1	NP_056084.1	0	N/A	34.404	218	89	9.45e-25	105	terminal uridylyltransferase 4 isoform b [Homo sapiens]	TRUE	Tut4
XP_005824635.1	XP_047272384.1	0	N/A	34.404	218	89	9.52e-25	104	terminal uridylyltransferase 4 isoform X46 [Homo sapiens]	TRUE	Tut4
XP_005824635.1	XP_047272286.1	0	N/A	34.404	218	89	9.53e-25	105	terminal uridylyltransferase 4 isoform X8 [Homo sapiens]	TRUE	Tut4
XP_005824635.1	XP_047272281.1	0	N/A	34.404	218	89	9.64e-25	105	terminal uridylyltransferase 4 isoform X4 [Homo sapiens]	TRUE	Tut4
XP_005824635.1	NP_001009881.1	0	N/A	34.404	218	89	9.64e-25	105	terminal uridylyltransferase 4 isoform a [Homo sapiens]	TRUE	Tut4
XP_005824635.1	XP_011539401.1	0	N/A	34.404	218	89	9.76e-25	105	terminal uridylyltransferase 4 isoform X29 [Homo sapiens]	TRUE	Tut4
XP_005824635.1	XP_016856296.1	0	N/A	34.404	218	89	9.77e-25	105	terminal uridylyltransferase 4 isoform X28 [Homo sapiens]	TRUE	Tut4
XP_005824635.1	XP_047272295.1	0	N/A	34.404	218	89	1.01e-24	104	terminal uridylyltransferase 4 isoform X12 [Homo sapiens]	TRUE	Tut4
XP_005824635.1	XP_016856299.1	0	N/A	34.404	218	89	1.01e-24	104	terminal uridylyltransferase 4 isoform X40 [Homo sapiens]	TRUE	Tut4
XP_005824635.1	XP_047272344.1	0	N/A	34.404	218	89	1.01e-24	104	terminal uridylyltransferase 4 isoform X30 [Homo sapiens]	TRUE	Tut4
XP_005824635.1	XP_047272305.1	0	N/A	34.404	218	89	1.03e-24	104	terminal uridylyltransferase 4 isoform X17 [Homo sapiens]	TRUE	Tut4
XP_005824635.1	XP_047272288.1	0	N/A	34.404	218	89	1.03e-24	104	terminal uridylyltransferase 4 isoform X10 [Homo sapiens]	TRUE	Tut4
XP_005824635.1	XP_047272350.1	0	N/A	34.404	218	89	1.03e-24	104	terminal uridylyltransferase 4 isoform X34 [Homo sapiens]	TRUE	Tut4
XP_005824635.1	XP_047272283.1	0	N/A	34.404	218	89	1.05e-24	104	terminal uridylyltransferase 4 isoform X6 [Homo sapiens]	TRUE	Tut4
XP_005824635.1	XP_005270737.1	0	N/A	34.404	218	89	1.05e-24	104	terminal uridylyltransferase 4 isoform X6 [Homo sapiens]	TRUE	Tut4
XP_005831329.1	XP_047272820.1	0	N/A	37.374	198	60	7.33e-24	100	poly(A) RNA polymerase GLD2 isoform X11 [Homo sapiens]	TRUE	TENT2
XP_005831329.1	NP_001336477.1	0	N/A	35.321	218	67	7.76e-24	100	poly(A) RNA polymerase GLD2 isoform 4 [Homo sapiens]	TRUE	TENT2
XP_005831329.1	XP_005270739.1	0	N/A	30.859	256	77	4.8e-23	102	terminal uridylyltransferase 4 isoform X33 [Homo sapiens]	TRUE	Tut4
XP_005831329.1	XP_047272286.1	0	N/A	30.859	256	77	4.85e-23	102	terminal uridylyltransferase 4 isoform X8 [Homo sapiens]	TRUE	Tut4
XP_005831329.1	XP_016856292.1	0	N/A	30.859	256	77	5.12e-23	102	terminal uridylyltransferase 4 isoform X9 [Homo sapiens]	TRUE	Tut4
XP_005831329.1	XP_047272285.1	0	N/A	30.859	256	77	5.22e-23	102	terminal uridylyltransferase 4 isoform X7 [Homo sapiens]	TRUE	Tut4
XP_005831329.1	NP_001375065.1	0	N/A	33.953	215	67	5.23e-23	99.8	poly(A) RNA polymerase GLD2 isoform 14 [Homo sapiens]	TRUE	TENT2
XP_005831329.1	XP_047272344.1	0	N/A	30.859	256	77	5.23e-23	102	terminal uridylyltransferase 4 isoform X30 [Homo sapiens]	TRUE	Tut4
XP_005831329.1	XP_047272372.1	0	N/A	30.859	256	77	5.26e-23	102	terminal uridylyltransferase 4 isoform X42 [Homo sapiens]	TRUE	Tut4
XP_005831329.1	XP_011539401.1	0	N/A	30.859	256	77	5.29e-23	102	terminal uridylyltransferase 4 isoform X29 [Homo sapiens]	TRUE	Tut4
XP_005831329.1	XP_016856297.1	0	N/A	30.859	256	77	5.43e-23	102	terminal uridylyltransferase 4 isoform X36 [Homo sapiens]	TRUE	Tut4
XP_005831329.1	XP_005270735.1	0	N/A	30.859	256	77	5.49e-23	102	terminal uridylyltransferase 4 isoform X2 [Homo sapiens]	TRUE	Tut4
XP_005831329.1	XP_047272288.1	0	N/A	30.859	256	77	5.52e-23	102	terminal uridylyltransferase 4 isoform X10 [Homo sapiens]	TRUE	Tut4
XP_005831329.1	XP_011539399.1	0	N/A	30.859	256	77	5.59e-23	102	terminal uridylyltransferase 4 isoform X1 [Homo sapiens]	TRUE	Tut4
XP_005831329.1	XP_005270733.1	0	N/A	30.859	256	77	5.59e-23	102	terminal uridylyltransferase 4 isoform X1 [Homo sapiens]	TRUE	Tut4
XP_005831329.1	XP_047272325.1	0	N/A	30.859	256	77	5.66e-23	101	terminal uridylyltransferase 4 isoform X23 [Homo sapiens]	TRUE	Tut4
XP_005831329.1	XP_047272345.1	0	N/A	30.859	256	77	5.69e-23	101	terminal uridylyltransferase 4 isoform X31 [Homo sapiens]	TRUE	Tut4
XP_005831329.1	XP_047272305.1	0	N/A	30.859	256	77	5.73e-23	101	terminal uridylyltransferase 4 isoform X17 [Homo sapiens]	TRUE	Tut4
XP_005831329.1	XP_047272290.1	0	N/A	30.859	256	77	5.74e-23	101	terminal uridylyltransferase 4 isoform X11 [Homo sapiens]	TRUE	Tut4
XP_005831329.1	XP_047272350.1	0	N/A	30.859	256	77	5.74e-23	101	terminal uridylyltransferase 4 isoform X34 [Homo sapiens]	TRUE	Tut4
XP_005831329.1	XP_047272280.1	0	N/A	30.859	256	77	5.81e-23	101	terminal uridylyltransferase 4 isoform X3 [Homo sapiens]	TRUE	Tut4
XP_005831329.1	XP_005270736.1	0	N/A	30.859	256	77	5.81e-23	101	terminal uridylyltransferase 4 isoform X3 [Homo sapiens]	TRUE	Tut4
XP_005831329.1	XP_016856293.1	0	N/A	30.859	256	77	5.9e-23	101	terminal uridylyltransferase 4 isoform X16 [Homo sapiens]	TRUE	Tut4
XP_005831329.1	XP_016856299.1	0	N/A	30.859	256	77	5.9e-23	101	terminal uridylyltransferase 4 isoform X40 [Homo sapiens]	TRUE	Tut4
XP_005831329.1	XP_047272365.1	0	N/A	30.859	256	77	6.01e-23	101	terminal uridylyltransferase 4 isoform X38 [Homo sapiens]	TRUE	Tut4
XP_005831329.1	XP_047272295.1	0	N/A	30.859	256	77	6.07e-23	101	terminal uridylyltransferase 4 isoform X12 [Homo sapiens]	TRUE	Tut4
XP_005831329.1	XP_047272282.1	0	N/A	30.859	256	77	6.14e-23	101	terminal uridylyltransferase 4 isoform X5 [Homo sapiens]	TRUE	Tut4
XP_005831329.1	NP_056084.1	0	N/A	30.859	256	77	6.14e-23	101	terminal uridylyltransferase 4 isoform b [Homo sapiens]	TRUE	Tut4
XP_005831329.1	XP_047272281.1	0	N/A	30.859	256	77	6.2e-23	101	terminal uridylyltransferase 4 isoform X4 [Homo sapiens]	TRUE	Tut4
XP_005831329.1	NP_001009881.1	0	N/A	30.859	256	77	6.2e-23	101	terminal uridylyltransferase 4 isoform a [Homo sapiens]	TRUE	Tut4
XP_005831329.1	XP_016856295.1	0	N/A	30.859	256	77	6.27e-23	101	terminal uridylyltransferase 4 isoform X25 [Homo sapiens]	TRUE	Tut4
XP_005831329.1	XP_047272283.1	0	N/A	30.859	256	77	6.37e-23	101	terminal uridylyltransferase 4 isoform X6 [Homo sapiens]	TRUE	Tut4
XP_005831329.1	XP_005270737.1	0	N/A	30.859	256	77	6.37e-23	101	terminal uridylyltransferase 4 isoform X6 [Homo sapiens]	TRUE	Tut4
XP_005831329.1	XP_047272296.1	0	N/A	30.859	256	77	6.42e-23	101	terminal uridylyltransferase 4 isoform X13 [Homo sapiens]	TRUE	Tut4
XP_005831329.1	XP_016856296.1	0	N/A	30.859	256	77	6.57e-23	101	terminal uridylyltransferase 4 isoform X28 [Homo sapiens]	TRUE	Tut4
XP_005831329.1	XP_047272337.1	0	N/A	30.859	256	77	6.89e-23	101	terminal uridylyltransferase 4 isoform X27 [Homo sapiens]	TRUE	Tut4
XP_005831329.1	XP_047272811.1	0	N/A	33.023	215	67	6.99e-23	100	poly(A) RNA polymerase GLD2 isoform X4 [Homo sapiens]	TRUE	TENT2
XP_005831329.1	XP_047272810.1	0	N/A	33.023	215	67	6.99e-23	100	poly(A) RNA polymerase GLD2 isoform X4 [Homo sapiens]	TRUE	TENT2
XP_005831329.1	XP_047272809.1	0	N/A	33.023	215	67	6.99e-23	100	poly(A) RNA polymerase GLD2 isoform X4 [Homo sapiens]	TRUE	TENT2
XP_005831329.1	NP_001375058.1	0	N/A	33.023	215	67	6.99e-23	100	poly(A) RNA polymerase GLD2 isoform 2 [Homo sapiens]	TRUE	TENT2
XP_005831329.1	NP_001375057.1	0	N/A	33.023	215	67	6.99e-23	100	poly(A) RNA polymerase GLD2 isoform 2 [Homo sapiens]	TRUE	TENT2
XP_005831329.1	NP_001375056.1	0	N/A	33.023	215	67	6.99e-23	100	poly(A) RNA polymerase GLD2 isoform 2 [Homo sapiens]	TRUE	TENT2
XP_005831329.1	NP_001375055.1	0	N/A	33.023	215	67	6.99e-23	100	poly(A) RNA polymerase GLD2 isoform 2 [Homo sapiens]	TRUE	TENT2
XP_005831329.1	NP_001375054.1	0	N/A	33.023	215	67	6.99e-23	100	poly(A) RNA polymerase GLD2 isoform 2 [Homo sapiens]	TRUE	TENT2
XP_005831329.1	NP_001375053.1	0	N/A	33.023	215	67	6.99e-23	100	poly(A) RNA polymerase GLD2 isoform 2 [Homo sapiens]	TRUE	TENT2
XP_005831329.1	NP_001375052.1	0	N/A	33.023	215	67	6.99e-23	100	poly(A) RNA polymerase GLD2 isoform 2 [Homo sapiens]	TRUE	TENT2
XP_005831329.1	NP_001375051.1	0	N/A	33.023	215	67	6.99e-23	100	poly(A) RNA polymerase GLD2 isoform 2 [Homo sapiens]	TRUE	TENT2
XP_005831329.1	NP_001375050.1	0	N/A	33.023	215	67	6.99e-23	100	poly(A) RNA polymerase GLD2 isoform 2 [Homo sapiens]	TRUE	TENT2
XP_005831329.1	NP_001375049.1	0	N/A	33.023	215	67	6.99e-23	100	poly(A) RNA polymerase GLD2 isoform 2 [Homo sapiens]	TRUE	TENT2
XP_005831329.1	NP_001375048.1	0	N/A	33.023	215	67	6.99e-23	100	poly(A) RNA polymerase GLD2 isoform 2 [Homo sapiens]	TRUE	TENT2
XP_005831329.1	NP_001375047.1	0	N/A	33.023	215	67	6.99e-23	100	poly(A) RNA polymerase GLD2 isoform 2 [Homo sapiens]	TRUE	TENT2
XP_005831329.1	NP_001375046.1	0	N/A	33.023	215	67	6.99e-23	100	poly(A) RNA polymerase GLD2 isoform 2 [Homo sapiens]	TRUE	TENT2
XP_005831329.1	NP_001375045.1	0	N/A	33.023	215	67	6.99e-23	100	poly(A) RNA polymerase GLD2 isoform 2 [Homo sapiens]	TRUE	TENT2
XP_005831329.1	NP_001375044.1	0	N/A	33.023	215	67	6.99e-23	100	poly(A) RNA polymerase GLD2 isoform 2 [Homo sapiens]	TRUE	TENT2
XP_005831329.1	NP_001375043.1	0	N/A	33.023	215	67	6.99e-23	100	poly(A) RNA polymerase GLD2 isoform 2 [Homo sapiens]	TRUE	TENT2
XP_005831329.1	NP_001336483.1	0	N/A	33.023	215	67	6.99e-23	100	poly(A) RNA polymerase GLD2 isoform 2 [Homo sapiens]	TRUE	TENT2
XP_005831329.1	NP_001284673.1	0	N/A	33.023	215	67	6.99e-23	100	poly(A) RNA polymerase GLD2 isoform 2 [Homo sapiens]	TRUE	TENT2
XP_005831329.1	NP_001375059.1	0	N/A	33.023	215	67	7.37e-23	100	poly(A) RNA polymerase GLD2 isoform 10 [Homo sapiens]	TRUE	TENT2
XP_005831329.1	XP_047272384.1	0	N/A	30.859	256	77	7.38e-23	101	terminal uridylyltransferase 4 isoform X46 [Homo sapiens]	TRUE	Tut4
XP_005831329.1	NP_001375061.1	0	N/A	33.023	215	67	7.49e-23	100	poly(A) RNA polymerase GLD2 isoform 12 [Homo sapiens]	TRUE	TENT2
XP_005831329.1	NP_001375027.1	0	N/A	33.023	215	67	7.7e-23	100	poly(A) RNA polymerase GLD2 isoform 7 [Homo sapiens]	TRUE	TENT2
XP_005831329.1	XP_047272805.1	0	N/A	33.023	215	67	7.74e-23	100	poly(A) RNA polymerase GLD2 isoform X2 [Homo sapiens]	TRUE	TENT2
XP_005831329.1	XP_047272804.1	0	N/A	33.023	215	67	7.74e-23	100	poly(A) RNA polymerase GLD2 isoform X2 [Homo sapiens]	TRUE	TENT2
XP_005831329.1	XP_047272803.1	0	N/A	33.023	215	67	7.74e-23	100	poly(A) RNA polymerase GLD2 isoform X2 [Homo sapiens]	TRUE	TENT2
XP_005831329.1	XP_047272802.1	0	N/A	33.023	215	67	7.74e-23	100	poly(A) RNA polymerase GLD2 isoform X2 [Homo sapiens]	TRUE	TENT2
XP_005831329.1	XP_016864641.1	0	N/A	33.023	215	67	7.74e-23	100	poly(A) RNA polymerase GLD2 isoform X2 [Homo sapiens]	TRUE	TENT2
XP_005831329.1	NP_001375026.1	0	N/A	33.023	215	67	7.74e-23	100	poly(A) RNA polymerase GLD2 isoform 6 [Homo sapiens]	TRUE	TENT2
XP_005831329.1	NP_001375025.1	0	N/A	33.023	215	67	7.74e-23	100	poly(A) RNA polymerase GLD2 isoform 6 [Homo sapiens]	TRUE	TENT2
XP_005831329.1	NP_001375024.1	0	N/A	33.023	215	67	7.74e-23	100	poly(A) RNA polymerase GLD2 isoform 6 [Homo sapiens]	TRUE	TENT2
XP_005831329.1	NP_001336480.1	0	N/A	33.023	215	67	7.74e-23	100	poly(A) RNA polymerase GLD2 isoform 6 [Homo sapiens]	TRUE	TENT2
XP_005831329.1	XP_047279823.1	0	N/A	31.967	244	75	7.98e-23	101	terminal uridylyltransferase 7 isoform X2 [Homo sapiens]	TRUE	Tut7
XP_005831329.1	XP_006717346.1	0	N/A	31.967	244	75	7.98e-23	101	terminal uridylyltransferase 7 isoform X2 [Homo sapiens]	TRUE	Tut7
XP_005831329.1	XP_005252265.1	0	N/A	31.967	244	75	8.12e-23	101	terminal uridylyltransferase 7 isoform X7 [Homo sapiens]	TRUE	Tut7
XP_005831329.1	NP_001172003.1	0	N/A	34.234	222	68	8.28e-23	101	terminal uridylyltransferase 7 isoform 2 [Homo sapiens]	TRUE	Tut7
XP_005831329.1	XP_011517316.1	0	N/A	31.967	244	75	8.53e-23	101	terminal uridylyltransferase 7 isoform X1 [Homo sapiens]	TRUE	Tut7
XP_005831329.1	XP_011517315.1	0	N/A	31.967	244	75	8.53e-23	101	terminal uridylyltransferase 7 isoform X1 [Homo sapiens]	TRUE	Tut7
XP_005831329.1	XP_011517314.1	0	N/A	31.967	244	75	8.53e-23	101	terminal uridylyltransferase 7 isoform X1 [Homo sapiens]	TRUE	Tut7
XP_005831329.1	XP_011517313.1	0	N/A	31.967	244	75	8.53e-23	101	terminal uridylyltransferase 7 isoform X1 [Homo sapiens]	TRUE	Tut7
XP_005831329.1	NP_001375030.1	0	N/A	33.023	215	67	9.01e-23	100	poly(A) RNA polymerase GLD2 isoform 9 [Homo sapiens]	TRUE	TENT2
XP_005831329.1	XP_047272808.1	0	N/A	33.023	215	67	9.44e-23	100	poly(A) RNA polymerase GLD2 isoform X3 [Homo sapiens]	TRUE	TENT2
XP_005831329.1	XP_047272807.1	0	N/A	33.023	215	67	9.44e-23	100	poly(A) RNA polymerase GLD2 isoform X3 [Homo sapiens]	TRUE	TENT2
XP_005831329.1	XP_047272806.1	0	N/A	33.023	215	67	9.44e-23	100	poly(A) RNA polymerase GLD2 isoform X3 [Homo sapiens]	TRUE	TENT2
XP_005831329.1	NP_776158.2	0	N/A	33.023	215	67	9.44e-23	100	poly(A) RNA polymerase GLD2 isoform 1 [Homo sapiens]	TRUE	TENT2
XP_005831329.1	NP_001375041.1	0	N/A	33.023	215	67	9.44e-23	100	poly(A) RNA polymerase GLD2 isoform 1 [Homo sapiens]	TRUE	TENT2
XP_005831329.1	NP_001375040.1	0	N/A	33.023	215	67	9.44e-23	100	poly(A) RNA polymerase GLD2 isoform 1 [Homo sapiens]	TRUE	TENT2
XP_005831329.1	NP_001375039.1	0	N/A	33.023	215	67	9.44e-23	100	poly(A) RNA polymerase GLD2 isoform 1 [Homo sapiens]	TRUE	TENT2
XP_005831329.1	NP_001375038.1	0	N/A	33.023	215	67	9.44e-23	100	poly(A) RNA polymerase GLD2 isoform 1 [Homo sapiens]	TRUE	TENT2
XP_005831329.1	NP_001375037.1	0	N/A	33.023	215	67	9.44e-23	100	poly(A) RNA polymerase GLD2 isoform 1 [Homo sapiens]	TRUE	TENT2
XP_005831329.1	NP_001375036.1	0	N/A	33.023	215	67	9.44e-23	100	poly(A) RNA polymerase GLD2 isoform 1 [Homo sapiens]	TRUE	TENT2
XP_005831329.1	NP_001375035.1	0	N/A	33.023	215	67	9.44e-23	100	poly(A) RNA polymerase GLD2 isoform 1 [Homo sapiens]	TRUE	TENT2
XP_005831329.1	NP_001375034.1	0	N/A	33.023	215	67	9.44e-23	100	poly(A) RNA polymerase GLD2 isoform 1 [Homo sapiens]	TRUE	TENT2
XP_005831329.1	NP_001375032.1	0	N/A	33.023	215	67	9.44e-23	100	poly(A) RNA polymerase GLD2 isoform 1 [Homo sapiens]	TRUE	TENT2
XP_005831329.1	NP_001375031.1	0	N/A	33.023	215	67	9.44e-23	100	poly(A) RNA polymerase GLD2 isoform 1 [Homo sapiens]	TRUE	TENT2
XP_005831329.1	NP_001336482.1	0	N/A	33.023	215	67	9.44e-23	100	poly(A) RNA polymerase GLD2 isoform 1 [Homo sapiens]	TRUE	TENT2
XP_005831329.1	NP_001336481.1	0	N/A	33.023	215	67	9.44e-23	100	poly(A) RNA polymerase GLD2 isoform 1 [Homo sapiens]	TRUE	TENT2
XP_005831329.1	NP_001107866.1	0	N/A	33.023	215	67	9.44e-23	100	poly(A) RNA polymerase GLD2 isoform 1 [Homo sapiens]	TRUE	TENT2
XP_005831329.1	NP_001107865.1	0	N/A	33.023	215	67	9.44e-23	100	poly(A) RNA polymerase GLD2 isoform 1 [Homo sapiens]	TRUE	TENT2
XP_005831329.1	XP_011517317.1	0	N/A	31.967	244	75	9.54e-23	101	terminal uridylyltransferase 7 isoform X3 [Homo sapiens]	TRUE	Tut7
XP_005831329.1	NP_001375060.1	0	N/A	33.023	215	67	9.62e-23	100	poly(A) RNA polymerase GLD2 isoform 11 [Homo sapiens]	TRUE	TENT2
XP_005831329.1	XP_047279825.1	0	N/A	31.967	244	75	9.65e-23	101	terminal uridylyltransferase 7 isoform X6 [Homo sapiens]	TRUE	Tut7
XP_005835456.1	NP_001336477.1	0	N/A	24.066	241	57	4.24e-10	62.4	poly(A) RNA polymerase GLD2 isoform 4 [Homo sapiens]	TRUE	TENT2
XP_005835456.1	XP_047272820.1	0	N/A	24.561	228	53	6.57e-10	62	poly(A) RNA polymerase GLD2 isoform X11 [Homo sapiens]	TRUE	TENT2
XP_005835456.1	NP_001375061.1	0	N/A	23.344	317	73	1.02e-09	62.8	poly(A) RNA polymerase GLD2 isoform 12 [Homo sapiens]	TRUE	TENT2
XP_005835456.1	XP_047272811.1	0	N/A	23.344	317	73	1.09e-09	62.8	poly(A) RNA polymerase GLD2 isoform X4 [Homo sapiens]	TRUE	TENT2
XP_005835456.1	XP_047272810.1	0	N/A	23.344	317	73	1.09e-09	62.8	poly(A) RNA polymerase GLD2 isoform X4 [Homo sapiens]	TRUE	TENT2
XP_005835456.1	XP_047272809.1	0	N/A	23.344	317	73	1.09e-09	62.8	poly(A) RNA polymerase GLD2 isoform X4 [Homo sapiens]	TRUE	TENT2
XP_005835456.1	NP_001375058.1	0	N/A	23.344	317	73	1.09e-09	62.8	poly(A) RNA polymerase GLD2 isoform 2 [Homo sapiens]	TRUE	TENT2
XP_005835456.1	NP_001375057.1	0	N/A	23.344	317	73	1.09e-09	62.8	poly(A) RNA polymerase GLD2 isoform 2 [Homo sapiens]	TRUE	TENT2
XP_005835456.1	NP_001375056.1	0	N/A	23.344	317	73	1.09e-09	62.8	poly(A) RNA polymerase GLD2 isoform 2 [Homo sapiens]	TRUE	TENT2
XP_005835456.1	NP_001375055.1	0	N/A	23.344	317	73	1.09e-09	62.8	poly(A) RNA polymerase GLD2 isoform 2 [Homo sapiens]	TRUE	TENT2
XP_005835456.1	NP_001375054.1	0	N/A	23.344	317	73	1.09e-09	62.8	poly(A) RNA polymerase GLD2 isoform 2 [Homo sapiens]	TRUE	TENT2
XP_005835456.1	NP_001375053.1	0	N/A	23.344	317	73	1.09e-09	62.8	poly(A) RNA polymerase GLD2 isoform 2 [Homo sapiens]	TRUE	TENT2
XP_005835456.1	NP_001375052.1	0	N/A	23.344	317	73	1.09e-09	62.8	poly(A) RNA polymerase GLD2 isoform 2 [Homo sapiens]	TRUE	TENT2
XP_005835456.1	NP_001375051.1	0	N/A	23.344	317	73	1.09e-09	62.8	poly(A) RNA polymerase GLD2 isoform 2 [Homo sapiens]	TRUE	TENT2
XP_005835456.1	NP_001375050.1	0	N/A	23.344	317	73	1.09e-09	62.8	poly(A) RNA polymerase GLD2 isoform 2 [Homo sapiens]	TRUE	TENT2
XP_005835456.1	NP_001375049.1	0	N/A	23.344	317	73	1.09e-09	62.8	poly(A) RNA polymerase GLD2 isoform 2 [Homo sapiens]	TRUE	TENT2
XP_005835456.1	NP_001375048.1	0	N/A	23.344	317	73	1.09e-09	62.8	poly(A) RNA polymerase GLD2 isoform 2 [Homo sapiens]	TRUE	TENT2
XP_005835456.1	NP_001375047.1	0	N/A	23.344	317	73	1.09e-09	62.8	poly(A) RNA polymerase GLD2 isoform 2 [Homo sapiens]	TRUE	TENT2
XP_005835456.1	NP_001375046.1	0	N/A	23.344	317	73	1.09e-09	62.8	poly(A) RNA polymerase GLD2 isoform 2 [Homo sapiens]	TRUE	TENT2
XP_005835456.1	NP_001375045.1	0	N/A	23.344	317	73	1.09e-09	62.8	poly(A) RNA polymerase GLD2 isoform 2 [Homo sapiens]	TRUE	TENT2
XP_005835456.1	NP_001375044.1	0	N/A	23.344	317	73	1.09e-09	62.8	poly(A) RNA polymerase GLD2 isoform 2 [Homo sapiens]	TRUE	TENT2
XP_005835456.1	NP_001375043.1	0	N/A	23.344	317	73	1.09e-09	62.8	poly(A) RNA polymerase GLD2 isoform 2 [Homo sapiens]	TRUE	TENT2
XP_005835456.1	NP_001336483.1	0	N/A	23.344	317	73	1.09e-09	62.8	poly(A) RNA polymerase GLD2 isoform 2 [Homo sapiens]	TRUE	TENT2
XP_005835456.1	NP_001284673.1	0	N/A	23.344	317	73	1.09e-09	62.8	poly(A) RNA polymerase GLD2 isoform 2 [Homo sapiens]	TRUE	TENT2
XP_005835456.1	NP_001375059.1	0	N/A	23.344	317	73	1.09e-09	62.8	poly(A) RNA polymerase GLD2 isoform 10 [Homo sapiens]	TRUE	TENT2
XP_005835456.1	NP_001375065.1	0	N/A	24.561	228	53	1.12e-09	62	poly(A) RNA polymerase GLD2 isoform 14 [Homo sapiens]	TRUE	TENT2
XP_005835456.1	NP_001375042.1	0	N/A	24.893	233	53	1.24e-09	62.4	poly(A) RNA polymerase GLD2 isoform 16 [Homo sapiens]	TRUE	TENT2
XP_005835456.1	XP_047272808.1	0	N/A	24.893	233	53	1.28e-09	62.4	poly(A) RNA polymerase GLD2 isoform X3 [Homo sapiens]	TRUE	TENT2
XP_005835456.1	XP_047272807.1	0	N/A	24.893	233	53	1.28e-09	62.4	poly(A) RNA polymerase GLD2 isoform X3 [Homo sapiens]	TRUE	TENT2
XP_005835456.1	XP_047272806.1	0	N/A	24.893	233	53	1.28e-09	62.4	poly(A) RNA polymerase GLD2 isoform X3 [Homo sapiens]	TRUE	TENT2
XP_005835456.1	NP_776158.2	0	N/A	24.893	233	53	1.28e-09	62.4	poly(A) RNA polymerase GLD2 isoform 1 [Homo sapiens]	TRUE	TENT2
XP_005835456.1	NP_001375041.1	0	N/A	24.893	233	53	1.28e-09	62.4	poly(A) RNA polymerase GLD2 isoform 1 [Homo sapiens]	TRUE	TENT2
XP_005835456.1	NP_001375040.1	0	N/A	24.893	233	53	1.28e-09	62.4	poly(A) RNA polymerase GLD2 isoform 1 [Homo sapiens]	TRUE	TENT2
XP_005835456.1	NP_001375039.1	0	N/A	24.893	233	53	1.28e-09	62.4	poly(A) RNA polymerase GLD2 isoform 1 [Homo sapiens]	TRUE	TENT2
XP_005835456.1	NP_001375038.1	0	N/A	24.893	233	53	1.28e-09	62.4	poly(A) RNA polymerase GLD2 isoform 1 [Homo sapiens]	TRUE	TENT2
XP_005835456.1	NP_001375037.1	0	N/A	24.893	233	53	1.28e-09	62.4	poly(A) RNA polymerase GLD2 isoform 1 [Homo sapiens]	TRUE	TENT2
XP_005835456.1	NP_001375036.1	0	N/A	24.893	233	53	1.28e-09	62.4	poly(A) RNA polymerase GLD2 isoform 1 [Homo sapiens]	TRUE	TENT2
XP_005835456.1	NP_001375035.1	0	N/A	24.893	233	53	1.28e-09	62.4	poly(A) RNA polymerase GLD2 isoform 1 [Homo sapiens]	TRUE	TENT2
XP_005835456.1	NP_001375034.1	0	N/A	24.893	233	53	1.28e-09	62.4	poly(A) RNA polymerase GLD2 isoform 1 [Homo sapiens]	TRUE	TENT2
XP_005835456.1	NP_001375032.1	0	N/A	24.893	233	53	1.28e-09	62.4	poly(A) RNA polymerase GLD2 isoform 1 [Homo sapiens]	TRUE	TENT2
XP_005835456.1	NP_001375031.1	0	N/A	24.893	233	53	1.28e-09	62.4	poly(A) RNA polymerase GLD2 isoform 1 [Homo sapiens]	TRUE	TENT2
XP_005835456.1	NP_001336482.1	0	N/A	24.893	233	53	1.28e-09	62.4	poly(A) RNA polymerase GLD2 isoform 1 [Homo sapiens]	TRUE	TENT2
XP_005835456.1	NP_001336481.1	0	N/A	24.893	233	53	1.28e-09	62.4	poly(A) RNA polymerase GLD2 isoform 1 [Homo sapiens]	TRUE	TENT2
XP_005835456.1	NP_001107866.1	0	N/A	24.893	233	53	1.28e-09	62.4	poly(A) RNA polymerase GLD2 isoform 1 [Homo sapiens]	TRUE	TENT2
XP_005835456.1	NP_001107865.1	0	N/A	24.893	233	53	1.28e-09	62.4	poly(A) RNA polymerase GLD2 isoform 1 [Homo sapiens]	TRUE	TENT2
XP_005835456.1	NP_001375060.1	0	N/A	24.893	233	53	1.34e-09	62.4	poly(A) RNA polymerase GLD2 isoform 11 [Homo sapiens]	TRUE	TENT2
XP_005835456.1	XP_047272805.1	0	N/A	24.893	233	53	1.38e-09	62.4	poly(A) RNA polymerase GLD2 isoform X2 [Homo sapiens]	TRUE	TENT2
XP_005835456.1	XP_047272804.1	0	N/A	24.893	233	53	1.38e-09	62.4	poly(A) RNA polymerase GLD2 isoform X2 [Homo sapiens]	TRUE	TENT2
XP_005835456.1	XP_047272803.1	0	N/A	24.893	233	53	1.38e-09	62.4	poly(A) RNA polymerase GLD2 isoform X2 [Homo sapiens]	TRUE	TENT2
XP_005835456.1	XP_047272802.1	0	N/A	24.893	233	53	1.38e-09	62.4	poly(A) RNA polymerase GLD2 isoform X2 [Homo sapiens]	TRUE	TENT2
XP_005835456.1	XP_016864641.1	0	N/A	24.893	233	53	1.38e-09	62.4	poly(A) RNA polymerase GLD2 isoform X2 [Homo sapiens]	TRUE	TENT2
XP_005835456.1	NP_001375026.1	0	N/A	24.893	233	53	1.38e-09	62.4	poly(A) RNA polymerase GLD2 isoform 6 [Homo sapiens]	TRUE	TENT2
XP_005835456.1	NP_001375025.1	0	N/A	24.893	233	53	1.38e-09	62.4	poly(A) RNA polymerase GLD2 isoform 6 [Homo sapiens]	TRUE	TENT2
XP_005835456.1	NP_001375024.1	0	N/A	24.893	233	53	1.38e-09	62.4	poly(A) RNA polymerase GLD2 isoform 6 [Homo sapiens]	TRUE	TENT2
XP_005835456.1	NP_001336480.1	0	N/A	24.893	233	53	1.38e-09	62.4	poly(A) RNA polymerase GLD2 isoform 6 [Homo sapiens]	TRUE	TENT2
XP_005835456.1	XP_047272801.1	0	N/A	24.893	233	53	1.39e-09	62.4	poly(A) RNA polymerase GLD2 isoform X1 [Homo sapiens]	TRUE	TENT2
XP_005835456.1	XP_047272800.1	0	N/A	24.893	233	53	1.39e-09	62.4	poly(A) RNA polymerase GLD2 isoform X1 [Homo sapiens]	TRUE	TENT2
XP_005835456.1	XP_011541527.1	0	N/A	24.893	233	53	1.39e-09	62.4	poly(A) RNA polymerase GLD2 isoform X1 [Homo sapiens]	TRUE	TENT2
XP_005835456.1	XP_011541526.1	0	N/A	24.893	233	53	1.39e-09	62.4	poly(A) RNA polymerase GLD2 isoform X1 [Homo sapiens]	TRUE	TENT2
XP_005835456.1	XP_011541523.1	0	N/A	24.893	233	53	1.39e-09	62.4	poly(A) RNA polymerase GLD2 isoform X1 [Homo sapiens]	TRUE	TENT2
XP_005835456.1	XP_011541522.1	0	N/A	24.893	233	53	1.39e-09	62.4	poly(A) RNA polymerase GLD2 isoform X1 [Homo sapiens]	TRUE	TENT2
XP_005835456.1	NP_001375023.1	0	N/A	24.893	233	53	1.39e-09	62.4	poly(A) RNA polymerase GLD2 isoform 5 [Homo sapiens]	TRUE	TENT2
XP_005835456.1	NP_001375022.1	0	N/A	24.893	233	53	1.39e-09	62.4	poly(A) RNA polymerase GLD2 isoform 5 [Homo sapiens]	TRUE	TENT2
XP_005835456.1	NP_001336479.1	0	N/A	24.893	233	53	1.39e-09	62.4	poly(A) RNA polymerase GLD2 isoform 5 [Homo sapiens]	TRUE	TENT2
XP_005835456.1	NP_001336478.1	0	N/A	24.893	233	53	1.39e-09	62.4	poly(A) RNA polymerase GLD2 isoform 5 [Homo sapiens]	TRUE	TENT2
XP_005835456.1	NP_001375030.1	0	N/A	24.893	233	53	1.42e-09	62.4	poly(A) RNA polymerase GLD2 isoform 9 [Homo sapiens]	TRUE	TENT2
XP_005835456.1	NP_001375027.1	0	N/A	24.893	233	53	1.46e-09	62.4	poly(A) RNA polymerase GLD2 isoform 7 [Homo sapiens]	TRUE	TENT2
XP_005835456.1	NP_001375029.1	0	N/A	24.893	233	53	1.52e-09	62.4	poly(A) RNA polymerase GLD2 isoform 8 [Homo sapiens]	TRUE	TENT2
XP_005835456.1	NP_001375028.1	0	N/A	24.893	233	53	1.52e-09	62.4	poly(A) RNA polymerase GLD2 isoform 8 [Homo sapiens]	TRUE	TENT2
XP_005835456.1	NP_001375066.1	0	N/A	23.636	220	50	1.13e-07	55.5	poly(A) RNA polymerase GLD2 isoform 15 [Homo sapiens]	TRUE	TENT2
XP_005835456.1	XP_047272325.1	0	N/A	22.906	406	90	4.95e-07	54.7	terminal uridylyltransferase 4 isoform X23 [Homo sapiens]	TRUE	Tut4
XP_005835456.1	XP_047272283.1	0	N/A	22.03	404	90	5.06e-07	54.7	terminal uridylyltransferase 4 isoform X6 [Homo sapiens]	TRUE	Tut4
XP_005835456.1	XP_005270737.1	0	N/A	22.03	404	90	5.06e-07	54.7	terminal uridylyltransferase 4 isoform X6 [Homo sapiens]	TRUE	Tut4
XP_005835456.1	XP_016856295.1	0	N/A	22.906	406	90	5.17e-07	54.7	terminal uridylyltransferase 4 isoform X25 [Homo sapiens]	TRUE	Tut4
XP_005835456.1	XP_005270735.1	0	N/A	22.222	405	90	5.2e-07	54.7	terminal uridylyltransferase 4 isoform X2 [Homo sapiens]	TRUE	Tut4
XP_005835456.1	XP_016856296.1	0	N/A	22.906	406	90	5.26e-07	54.7	terminal uridylyltransferase 4 isoform X28 [Homo sapiens]	TRUE	Tut4
XP_005835456.1	XP_047272288.1	0	N/A	21.642	402	90	5.37e-07	54.7	terminal uridylyltransferase 4 isoform X10 [Homo sapiens]	TRUE	Tut4
XP_005835456.1	XP_047272285.1	0	N/A	22.222	405	90	5.37e-07	54.7	terminal uridylyltransferase 4 isoform X7 [Homo sapiens]	TRUE	Tut4
XP_005835456.1	XP_011539401.1	0	N/A	22.222	405	90	5.39e-07	54.7	terminal uridylyltransferase 4 isoform X29 [Homo sapiens]	TRUE	Tut4
XP_005835456.1	XP_047272282.1	0	N/A	22.03	404	90	5.43e-07	54.7	terminal uridylyltransferase 4 isoform X5 [Homo sapiens]	TRUE	Tut4
XP_005835456.1	NP_056084.1	0	N/A	22.03	404	90	5.43e-07	54.7	terminal uridylyltransferase 4 isoform b [Homo sapiens]	TRUE	Tut4
XP_005835456.1	XP_047272337.1	0	N/A	22.906	406	90	5.44e-07	54.7	terminal uridylyltransferase 4 isoform X27 [Homo sapiens]	TRUE	Tut4
XP_005835456.1	XP_047272281.1	0	N/A	22.03	404	90	5.48e-07	54.7	terminal uridylyltransferase 4 isoform X4 [Homo sapiens]	TRUE	Tut4
XP_005835456.1	NP_001009881.1	0	N/A	22.03	404	90	5.48e-07	54.7	terminal uridylyltransferase 4 isoform a [Homo sapiens]	TRUE	Tut4
XP_005835456.1	XP_011539399.1	0	N/A	22.222	405	90	5.48e-07	54.7	terminal uridylyltransferase 4 isoform X1 [Homo sapiens]	TRUE	Tut4
XP_005835456.1	XP_005270733.1	0	N/A	22.222	405	90	5.48e-07	54.7	terminal uridylyltransferase 4 isoform X1 [Homo sapiens]	TRUE	Tut4
XP_005835456.1	XP_016856292.1	0	N/A	22.222	405	90	5.61e-07	54.7	terminal uridylyltransferase 4 isoform X9 [Homo sapiens]	TRUE	Tut4
XP_005835456.1	XP_005270739.1	0	N/A	22.222	405	90	5.62e-07	54.7	terminal uridylyltransferase 4 isoform X33 [Homo sapiens]	TRUE	Tut4
XP_005835456.1	XP_047272384.1	0	N/A	22.716	405	90	5.71e-07	54.3	terminal uridylyltransferase 4 isoform X46 [Homo sapiens]	TRUE	Tut4
XP_005835456.1	XP_047272280.1	0	N/A	22.222	405	90	5.77e-07	54.7	terminal uridylyltransferase 4 isoform X3 [Homo sapiens]	TRUE	Tut4
XP_005835456.1	XP_005270736.1	0	N/A	22.222	405	90	5.77e-07	54.7	terminal uridylyltransferase 4 isoform X3 [Homo sapiens]	TRUE	Tut4
XP_005835456.1	XP_016856293.1	0	N/A	22.03	404	90	5.86e-07	54.7	terminal uridylyltransferase 4 isoform X16 [Homo sapiens]	TRUE	Tut4
XP_005835456.1	XP_047272365.1	0	N/A	22.222	405	90	5.87e-07	54.7	terminal uridylyltransferase 4 isoform X38 [Homo sapiens]	TRUE	Tut4
XP_005835456.1	XP_047272345.1	0	N/A	22.222	405	90	5.98e-07	54.7	terminal uridylyltransferase 4 isoform X31 [Homo sapiens]	TRUE	Tut4
XP_005835456.1	XP_016856297.1	0	N/A	22.222	405	90	6.18e-07	54.7	terminal uridylyltransferase 4 isoform X36 [Homo sapiens]	TRUE	Tut4
XP_005835456.1	XP_016856299.1	0	N/A	22.906	406	90	6.68e-07	54.3	terminal uridylyltransferase 4 isoform X40 [Homo sapiens]	TRUE	Tut4
XP_005835456.1	XP_047272344.1	0	N/A	23.575	386	90	2.42e-05	49.3	terminal uridylyltransferase 4 isoform X30 [Homo sapiens]	TRUE	Tut4
XP_005835456.1	XP_047272305.1	0	N/A	22.857	385	90	2.67e-05	49.3	terminal uridylyltransferase 4 isoform X17 [Homo sapiens]	TRUE	Tut4
XP_005835456.1	XP_047272295.1	0	N/A	22.857	385	90	2.72e-05	49.3	terminal uridylyltransferase 4 isoform X12 [Homo sapiens]	TRUE	Tut4
XP_005835456.1	XP_047272350.1	0	N/A	23.575	386	90	2.73e-05	49.3	terminal uridylyltransferase 4 isoform X34 [Homo sapiens]	TRUE	Tut4
XP_005836114.1	NP_001375065.1	0	N/A	30.047	213	57	1.17e-19	91.3	poly(A) RNA polymerase GLD2 isoform 14 [Homo sapiens]	TRUE	TENT2
XP_005836114.1	NP_001375059.1	0	N/A	30.047	213	57	1.91e-19	91.7	poly(A) RNA polymerase GLD2 isoform 10 [Homo sapiens]	TRUE	TENT2
XP_005836114.1	XP_047272811.1	0	N/A	30.047	213	57	2.01e-19	91.7	poly(A) RNA polymerase GLD2 isoform X4 [Homo sapiens]	TRUE	TENT2
XP_005836114.1	XP_047272810.1	0	N/A	30.047	213	57	2.01e-19	91.7	poly(A) RNA polymerase GLD2 isoform X4 [Homo sapiens]	TRUE	TENT2
XP_005836114.1	XP_047272809.1	0	N/A	30.047	213	57	2.01e-19	91.7	poly(A) RNA polymerase GLD2 isoform X4 [Homo sapiens]	TRUE	TENT2
XP_005836114.1	NP_001375058.1	0	N/A	30.047	213	57	2.01e-19	91.7	poly(A) RNA polymerase GLD2 isoform 2 [Homo sapiens]	TRUE	TENT2
XP_005836114.1	NP_001375057.1	0	N/A	30.047	213	57	2.01e-19	91.7	poly(A) RNA polymerase GLD2 isoform 2 [Homo sapiens]	TRUE	TENT2
XP_005836114.1	NP_001375056.1	0	N/A	30.047	213	57	2.01e-19	91.7	poly(A) RNA polymerase GLD2 isoform 2 [Homo sapiens]	TRUE	TENT2
XP_005836114.1	NP_001375055.1	0	N/A	30.047	213	57	2.01e-19	91.7	poly(A) RNA polymerase GLD2 isoform 2 [Homo sapiens]	TRUE	TENT2
XP_005836114.1	NP_001375054.1	0	N/A	30.047	213	57	2.01e-19	91.7	poly(A) RNA polymerase GLD2 isoform 2 [Homo sapiens]	TRUE	TENT2
XP_005836114.1	NP_001375053.1	0	N/A	30.047	213	57	2.01e-19	91.7	poly(A) RNA polymerase GLD2 isoform 2 [Homo sapiens]	TRUE	TENT2
XP_005836114.1	NP_001375052.1	0	N/A	30.047	213	57	2.01e-19	91.7	poly(A) RNA polymerase GLD2 isoform 2 [Homo sapiens]	TRUE	TENT2
XP_005836114.1	NP_001375051.1	0	N/A	30.047	213	57	2.01e-19	91.7	poly(A) RNA polymerase GLD2 isoform 2 [Homo sapiens]	TRUE	TENT2
XP_005836114.1	NP_001375050.1	0	N/A	30.047	213	57	2.01e-19	91.7	poly(A) RNA polymerase GLD2 isoform 2 [Homo sapiens]	TRUE	TENT2
XP_005836114.1	NP_001375049.1	0	N/A	30.047	213	57	2.01e-19	91.7	poly(A) RNA polymerase GLD2 isoform 2 [Homo sapiens]	TRUE	TENT2
XP_005836114.1	NP_001375048.1	0	N/A	30.047	213	57	2.01e-19	91.7	poly(A) RNA polymerase GLD2 isoform 2 [Homo sapiens]	TRUE	TENT2
XP_005836114.1	NP_001375047.1	0	N/A	30.047	213	57	2.01e-19	91.7	poly(A) RNA polymerase GLD2 isoform 2 [Homo sapiens]	TRUE	TENT2
XP_005836114.1	NP_001375046.1	0	N/A	30.047	213	57	2.01e-19	91.7	poly(A) RNA polymerase GLD2 isoform 2 [Homo sapiens]	TRUE	TENT2
XP_005836114.1	NP_001375045.1	0	N/A	30.047	213	57	2.01e-19	91.7	poly(A) RNA polymerase GLD2 isoform 2 [Homo sapiens]	TRUE	TENT2
XP_005836114.1	NP_001375044.1	0	N/A	30.047	213	57	2.01e-19	91.7	poly(A) RNA polymerase GLD2 isoform 2 [Homo sapiens]	TRUE	TENT2
XP_005836114.1	NP_001375043.1	0	N/A	30.047	213	57	2.01e-19	91.7	poly(A) RNA polymerase GLD2 isoform 2 [Homo sapiens]	TRUE	TENT2
XP_005836114.1	NP_001336483.1	0	N/A	30.047	213	57	2.01e-19	91.7	poly(A) RNA polymerase GLD2 isoform 2 [Homo sapiens]	TRUE	TENT2
XP_005836114.1	NP_001284673.1	0	N/A	30.047	213	57	2.01e-19	91.7	poly(A) RNA polymerase GLD2 isoform 2 [Homo sapiens]	TRUE	TENT2
XP_005836114.1	NP_001375061.1	0	N/A	30.047	213	57	2.04e-19	91.7	poly(A) RNA polymerase GLD2 isoform 12 [Homo sapiens]	TRUE	TENT2
XP_005836114.1	NP_001375060.1	0	N/A	29.032	217	57	3.83e-19	90.9	poly(A) RNA polymerase GLD2 isoform 11 [Homo sapiens]	TRUE	TENT2
XP_005836114.1	XP_047272808.1	0	N/A	29.032	217	57	4.27e-19	90.9	poly(A) RNA polymerase GLD2 isoform X3 [Homo sapiens]	TRUE	TENT2
XP_005836114.1	XP_047272807.1	0	N/A	29.032	217	57	4.27e-19	90.9	poly(A) RNA polymerase GLD2 isoform X3 [Homo sapiens]	TRUE	TENT2
XP_005836114.1	XP_047272806.1	0	N/A	29.032	217	57	4.27e-19	90.9	poly(A) RNA polymerase GLD2 isoform X3 [Homo sapiens]	TRUE	TENT2
XP_005836114.1	NP_776158.2	0	N/A	29.032	217	57	4.27e-19	90.9	poly(A) RNA polymerase GLD2 isoform 1 [Homo sapiens]	TRUE	TENT2
XP_005836114.1	NP_001375041.1	0	N/A	29.032	217	57	4.27e-19	90.9	poly(A) RNA polymerase GLD2 isoform 1 [Homo sapiens]	TRUE	TENT2
XP_005836114.1	NP_001375040.1	0	N/A	29.032	217	57	4.27e-19	90.9	poly(A) RNA polymerase GLD2 isoform 1 [Homo sapiens]	TRUE	TENT2
XP_005836114.1	NP_001375039.1	0	N/A	29.032	217	57	4.27e-19	90.9	poly(A) RNA polymerase GLD2 isoform 1 [Homo sapiens]	TRUE	TENT2
XP_005836114.1	NP_001375038.1	0	N/A	29.032	217	57	4.27e-19	90.9	poly(A) RNA polymerase GLD2 isoform 1 [Homo sapiens]	TRUE	TENT2
XP_005836114.1	NP_001375037.1	0	N/A	29.032	217	57	4.27e-19	90.9	poly(A) RNA polymerase GLD2 isoform 1 [Homo sapiens]	TRUE	TENT2
XP_005836114.1	NP_001375036.1	0	N/A	29.032	217	57	4.27e-19	90.9	poly(A) RNA polymerase GLD2 isoform 1 [Homo sapiens]	TRUE	TENT2
XP_005836114.1	NP_001375035.1	0	N/A	29.032	217	57	4.27e-19	90.9	poly(A) RNA polymerase GLD2 isoform 1 [Homo sapiens]	TRUE	TENT2
XP_005836114.1	NP_001375034.1	0	N/A	29.032	217	57	4.27e-19	90.9	poly(A) RNA polymerase GLD2 isoform 1 [Homo sapiens]	TRUE	TENT2
XP_005836114.1	NP_001375032.1	0	N/A	29.032	217	57	4.27e-19	90.9	poly(A) RNA polymerase GLD2 isoform 1 [Homo sapiens]	TRUE	TENT2
XP_005836114.1	NP_001375031.1	0	N/A	29.032	217	57	4.27e-19	90.9	poly(A) RNA polymerase GLD2 isoform 1 [Homo sapiens]	TRUE	TENT2
XP_005836114.1	NP_001336482.1	0	N/A	29.032	217	57	4.27e-19	90.9	poly(A) RNA polymerase GLD2 isoform 1 [Homo sapiens]	TRUE	TENT2
XP_005836114.1	NP_001336481.1	0	N/A	29.032	217	57	4.27e-19	90.9	poly(A) RNA polymerase GLD2 isoform 1 [Homo sapiens]	TRUE	TENT2
XP_005836114.1	NP_001107866.1	0	N/A	29.032	217	57	4.27e-19	90.9	poly(A) RNA polymerase GLD2 isoform 1 [Homo sapiens]	TRUE	TENT2
XP_005836114.1	NP_001107865.1	0	N/A	29.032	217	57	4.27e-19	90.9	poly(A) RNA polymerase GLD2 isoform 1 [Homo sapiens]	TRUE	TENT2
XP_005836114.1	NP_001375042.1	0	N/A	29.032	217	57	4.33e-19	90.9	poly(A) RNA polymerase GLD2 isoform 16 [Homo sapiens]	TRUE	TENT2
XP_005836114.1	NP_001375030.1	0	N/A	29.858	211	57	1.53e-18	89	poly(A) RNA polymerase GLD2 isoform 9 [Homo sapiens]	TRUE	TENT2
XP_005836114.1	NP_001375029.1	0	N/A	28.837	215	57	3.03e-18	88.2	poly(A) RNA polymerase GLD2 isoform 8 [Homo sapiens]	TRUE	TENT2
XP_005836114.1	NP_001375028.1	0	N/A	28.837	215	57	3.03e-18	88.2	poly(A) RNA polymerase GLD2 isoform 8 [Homo sapiens]	TRUE	TENT2
XP_005836114.1	NP_001317647.1	0	N/A	32.353	170	45	5.47e-17	85.1	terminal uridylyltransferase 7 isoform 3 [Homo sapiens]	TRUE	Tut7
XP_005836114.1	XP_005252265.1	0	N/A	32.353	170	45	6.59e-17	85.1	terminal uridylyltransferase 7 isoform X7 [Homo sapiens]	TRUE	Tut7
XP_005836114.1	XP_047279823.1	0	N/A	32.353	170	45	7.12e-17	84.7	terminal uridylyltransferase 7 isoform X2 [Homo sapiens]	TRUE	Tut7
XP_005836114.1	XP_006717346.1	0	N/A	32.353	170	45	7.12e-17	84.7	terminal uridylyltransferase 7 isoform X2 [Homo sapiens]	TRUE	Tut7
XP_005836114.1	XP_047279825.1	0	N/A	32.353	170	45	7.19e-17	84.7	terminal uridylyltransferase 7 isoform X6 [Homo sapiens]	TRUE	Tut7
XP_005836114.1	XP_047279824.1	0	N/A	32.353	170	45	7.19e-17	84.7	terminal uridylyltransferase 7 isoform X6 [Homo sapiens]	TRUE	Tut7
XP_005836114.1	XP_005252264.1	0	N/A	32.353	170	45	7.19e-17	84.7	terminal uridylyltransferase 7 isoform X6 [Homo sapiens]	TRUE	Tut7
XP_005836114.1	XP_011517317.1	0	N/A	32.353	170	45	7.31e-17	84.7	terminal uridylyltransferase 7 isoform X3 [Homo sapiens]	TRUE	Tut7
XP_005836114.1	XP_016870620.1	0	N/A	32.353	170	45	8.04e-17	84.7	terminal uridylyltransferase 7 isoform X4 [Homo sapiens]	TRUE	Tut7
XP_005836114.1	XP_016870619.1	0	N/A	32.353	170	45	8.04e-17	84.7	terminal uridylyltransferase 7 isoform X4 [Homo sapiens]	TRUE	Tut7
XP_005836114.1	NP_078893.2	0	N/A	32.353	170	45	8.04e-17	84.7	terminal uridylyltransferase 7 isoform 1 [Homo sapiens]	TRUE	Tut7
XP_005836114.1	NP_001171988.1	0	N/A	32.353	170	45	8.04e-17	84.7	terminal uridylyltransferase 7 isoform 1 [Homo sapiens]	TRUE	Tut7
XP_005836114.1	XP_047272805.1	0	N/A	27.615	239	57	8.37e-17	84	poly(A) RNA polymerase GLD2 isoform X2 [Homo sapiens]	TRUE	TENT2
XP_005836114.1	XP_047272804.1	0	N/A	27.615	239	57	8.37e-17	84	poly(A) RNA polymerase GLD2 isoform X2 [Homo sapiens]	TRUE	TENT2
XP_005836114.1	XP_047272803.1	0	N/A	27.615	239	57	8.37e-17	84	poly(A) RNA polymerase GLD2 isoform X2 [Homo sapiens]	TRUE	TENT2
XP_005836114.1	XP_047272802.1	0	N/A	27.615	239	57	8.37e-17	84	poly(A) RNA polymerase GLD2 isoform X2 [Homo sapiens]	TRUE	TENT2
XP_005836114.1	XP_016864641.1	0	N/A	27.615	239	57	8.37e-17	84	poly(A) RNA polymerase GLD2 isoform X2 [Homo sapiens]	TRUE	TENT2
XP_005836114.1	NP_001375026.1	0	N/A	27.615	239	57	8.37e-17	84	poly(A) RNA polymerase GLD2 isoform 6 [Homo sapiens]	TRUE	TENT2
XP_005836114.1	NP_001375025.1	0	N/A	27.615	239	57	8.37e-17	84	poly(A) RNA polymerase GLD2 isoform 6 [Homo sapiens]	TRUE	TENT2
XP_005836114.1	NP_001375024.1	0	N/A	27.615	239	57	8.37e-17	84	poly(A) RNA polymerase GLD2 isoform 6 [Homo sapiens]	TRUE	TENT2
XP_005836114.1	NP_001336480.1	0	N/A	27.615	239	57	8.37e-17	84	poly(A) RNA polymerase GLD2 isoform 6 [Homo sapiens]	TRUE	TENT2
XP_005836114.1	XP_011517318.1	0	N/A	32.353	170	45	8.41e-17	84.7	terminal uridylyltransferase 7 isoform X5 [Homo sapiens]	TRUE	Tut7
XP_005836114.1	XP_011517316.1	0	N/A	32.353	170	45	8.63e-17	84.7	terminal uridylyltransferase 7 isoform X1 [Homo sapiens]	TRUE	Tut7
XP_005836114.1	XP_011517315.1	0	N/A	32.353	170	45	8.63e-17	84.7	terminal uridylyltransferase 7 isoform X1 [Homo sapiens]	TRUE	Tut7
XP_005836114.1	XP_011517314.1	0	N/A	32.353	170	45	8.63e-17	84.7	terminal uridylyltransferase 7 isoform X1 [Homo sapiens]	TRUE	Tut7
XP_005836114.1	XP_011517313.1	0	N/A	32.353	170	45	8.63e-17	84.7	terminal uridylyltransferase 7 isoform X1 [Homo sapiens]	TRUE	Tut7
XP_005836114.1	NP_001375027.1	0	N/A	27.615	239	57	9.41e-17	84	poly(A) RNA polymerase GLD2 isoform 7 [Homo sapiens]	TRUE	TENT2
XP_005836114.1	XP_047272801.1	0	N/A	26.033	242	57	9.7e-16	80.9	poly(A) RNA polymerase GLD2 isoform X1 [Homo sapiens]	TRUE	TENT2
XP_005836114.1	XP_047272800.1	0	N/A	26.033	242	57	9.7e-16	80.9	poly(A) RNA polymerase GLD2 isoform X1 [Homo sapiens]	TRUE	TENT2
XP_005836114.1	XP_011541527.1	0	N/A	26.033	242	57	9.7e-16	80.9	poly(A) RNA polymerase GLD2 isoform X1 [Homo sapiens]	TRUE	TENT2
XP_005836114.1	XP_011541526.1	0	N/A	26.033	242	57	9.7e-16	80.9	poly(A) RNA polymerase GLD2 isoform X1 [Homo sapiens]	TRUE	TENT2
XP_005836114.1	XP_011541523.1	0	N/A	26.033	242	57	9.7e-16	80.9	poly(A) RNA polymerase GLD2 isoform X1 [Homo sapiens]	TRUE	TENT2
XP_005836114.1	XP_011541522.1	0	N/A	26.033	242	57	9.7e-16	80.9	poly(A) RNA polymerase GLD2 isoform X1 [Homo sapiens]	TRUE	TENT2
XP_005836114.1	NP_001375023.1	0	N/A	26.033	242	57	9.7e-16	80.9	poly(A) RNA polymerase GLD2 isoform 5 [Homo sapiens]	TRUE	TENT2
XP_005836114.1	NP_001375022.1	0	N/A	26.033	242	57	9.7e-16	80.9	poly(A) RNA polymerase GLD2 isoform 5 [Homo sapiens]	TRUE	TENT2
XP_005836114.1	NP_001336479.1	0	N/A	26.033	242	57	9.7e-16	80.9	poly(A) RNA polymerase GLD2 isoform 5 [Homo sapiens]	TRUE	TENT2
XP_005836114.1	NP_001336478.1	0	N/A	26.033	242	57	9.7e-16	80.9	poly(A) RNA polymerase GLD2 isoform 5 [Homo sapiens]	TRUE	TENT2
XP_005836114.1	XP_047272820.1	0	N/A	31.788	151	41	9.97e-16	78.6	poly(A) RNA polymerase GLD2 isoform X11 [Homo sapiens]	TRUE	TENT2
XP_005836114.1	NP_001336477.1	0	N/A	31.788	151	41	1.4e-15	78.2	poly(A) RNA polymerase GLD2 isoform 4 [Homo sapiens]	TRUE	TENT2
XP_005836114.1	XP_047272285.1	0	N/A	24.664	223	60	3.28e-15	79.7	terminal uridylyltransferase 4 isoform X7 [Homo sapiens]	TRUE	Tut4
XP_005836114.1	XP_047272280.1	0	N/A	24.664	223	60	3.45e-15	79.7	terminal uridylyltransferase 4 isoform X3 [Homo sapiens]	TRUE	Tut4
XP_005836114.1	XP_005270736.1	0	N/A	24.664	223	60	3.45e-15	79.7	terminal uridylyltransferase 4 isoform X3 [Homo sapiens]	TRUE	Tut4
XP_005836114.1	XP_016856297.1	0	N/A	24.664	223	60	3.73e-15	79.7	terminal uridylyltransferase 4 isoform X36 [Homo sapiens]	TRUE	Tut4
XP_005836114.1	XP_011539399.1	0	N/A	24.664	223	60	3.81e-15	79.7	terminal uridylyltransferase 4 isoform X1 [Homo sapiens]	TRUE	Tut4
XP_005836114.1	XP_005270733.1	0	N/A	24.664	223	60	3.81e-15	79.7	terminal uridylyltransferase 4 isoform X1 [Homo sapiens]	TRUE	Tut4
XP_005836114.1	XP_016856292.1	0	N/A	24.664	223	60	3.83e-15	79.7	terminal uridylyltransferase 4 isoform X9 [Homo sapiens]	TRUE	Tut4
XP_005836114.1	XP_005270735.1	0	N/A	24.664	223	60	3.91e-15	79.7	terminal uridylyltransferase 4 isoform X2 [Homo sapiens]	TRUE	Tut4
XP_005836114.1	XP_047272325.1	0	N/A	24.664	223	60	4.06e-15	79.7	terminal uridylyltransferase 4 isoform X23 [Homo sapiens]	TRUE	Tut4
XP_005836114.1	XP_005270739.1	0	N/A	24.664	223	60	4.12e-15	79.3	terminal uridylyltransferase 4 isoform X33 [Homo sapiens]	TRUE	Tut4
XP_005836114.1	XP_047272281.1	0	N/A	24.664	223	60	4.13e-15	79.7	terminal uridylyltransferase 4 isoform X4 [Homo sapiens]	TRUE	Tut4
XP_005836114.1	NP_001009881.1	0	N/A	24.664	223	60	4.13e-15	79.7	terminal uridylyltransferase 4 isoform a [Homo sapiens]	TRUE	Tut4
XP_005836114.1	XP_047272365.1	0	N/A	24.664	223	60	4.15e-15	79.3	terminal uridylyltransferase 4 isoform X38 [Homo sapiens]	TRUE	Tut4
XP_005836114.1	XP_016856295.1	0	N/A	24.664	223	60	4.21e-15	79.3	terminal uridylyltransferase 4 isoform X25 [Homo sapiens]	TRUE	Tut4
XP_005837147.1	XP_016856292.1	0	N/A	31.832	333	43	2.5e-34	144	terminal uridylyltransferase 4 isoform X9 [Homo sapiens]	TRUE	Tut4
XP_005837147.1	XP_047272285.1	0	N/A	31.832	333	43	2.67e-34	144	terminal uridylyltransferase 4 isoform X7 [Homo sapiens]	TRUE	Tut4
XP_005837147.1	XP_016856293.1	0	N/A	31.832	333	43	2.73e-34	144	terminal uridylyltransferase 4 isoform X16 [Homo sapiens]	TRUE	Tut4
XP_005837147.1	XP_047272384.1	0	N/A	31.832	333	43	2.75e-34	143	terminal uridylyltransferase 4 isoform X46 [Homo sapiens]	TRUE	Tut4
XP_005837147.1	XP_005270735.1	0	N/A	31.832	333	43	3.01e-34	144	terminal uridylyltransferase 4 isoform X2 [Homo sapiens]	TRUE	Tut4
XP_005837147.1	XP_047272288.1	0	N/A	31.832	333	43	3.04e-34	144	terminal uridylyltransferase 4 isoform X10 [Homo sapiens]	TRUE	Tut4
XP_005837147.1	XP_011539399.1	0	N/A	31.832	333	43	3.04e-34	144	terminal uridylyltransferase 4 isoform X1 [Homo sapiens]	TRUE	Tut4
XP_005837147.1	XP_005270733.1	0	N/A	31.832	333	43	3.04e-34	144	terminal uridylyltransferase 4 isoform X1 [Homo sapiens]	TRUE	Tut4
XP_005837147.1	XP_047272281.1	0	N/A	31.832	333	43	3.12e-34	144	terminal uridylyltransferase 4 isoform X4 [Homo sapiens]	TRUE	Tut4
XP_005837147.1	NP_001009881.1	0	N/A	31.832	333	43	3.12e-34	144	terminal uridylyltransferase 4 isoform a [Homo sapiens]	TRUE	Tut4
XP_005837147.1	XP_047272282.1	0	N/A	31.832	333	43	3.2e-34	144	terminal uridylyltransferase 4 isoform X5 [Homo sapiens]	TRUE	Tut4
XP_005837147.1	NP_056084.1	0	N/A	31.832	333	43	3.2e-34	144	terminal uridylyltransferase 4 isoform b [Homo sapiens]	TRUE	Tut4
XP_005837147.1	XP_047272280.1	0	N/A	31.832	333	43	3.2e-34	144	terminal uridylyltransferase 4 isoform X3 [Homo sapiens]	TRUE	Tut4
XP_005837147.1	XP_005270736.1	0	N/A	31.832	333	43	3.2e-34	144	terminal uridylyltransferase 4 isoform X3 [Homo sapiens]	TRUE	Tut4
XP_005837147.1	XP_047272283.1	0	N/A	31.832	333	43	3.49e-34	144	terminal uridylyltransferase 4 isoform X6 [Homo sapiens]	TRUE	Tut4
XP_005837147.1	XP_005270737.1	0	N/A	31.832	333	43	3.49e-34	144	terminal uridylyltransferase 4 isoform X6 [Homo sapiens]	TRUE	Tut4
XP_005837147.1	XP_047272345.1	0	N/A	31.832	333	43	3.53e-34	143	terminal uridylyltransferase 4 isoform X31 [Homo sapiens]	TRUE	Tut4
XP_005837147.1	XP_005270739.1	0	N/A	31.832	333	43	3.55e-34	143	terminal uridylyltransferase 4 isoform X33 [Homo sapiens]	TRUE	Tut4
XP_005837147.1	XP_016856299.1	0	N/A	31.832	333	43	3.6e-34	143	terminal uridylyltransferase 4 isoform X40 [Homo sapiens]	TRUE	Tut4
XP_005837147.1	XP_016856297.1	0	N/A	31.832	333	43	3.67e-34	143	terminal uridylyltransferase 4 isoform X36 [Homo sapiens]	TRUE	Tut4
XP_005837147.1	XP_016856296.1	0	N/A	31.832	333	43	3.88e-34	143	terminal uridylyltransferase 4 isoform X28 [Homo sapiens]	TRUE	Tut4
XP_005837147.1	XP_047272365.1	0	N/A	31.832	333	43	4.04e-34	143	terminal uridylyltransferase 4 isoform X38 [Homo sapiens]	TRUE	Tut4
XP_005837147.1	XP_016856295.1	0	N/A	31.832	333	43	4.07e-34	143	terminal uridylyltransferase 4 isoform X25 [Homo sapiens]	TRUE	Tut4
XP_005837147.1	XP_011539401.1	0	N/A	31.832	333	43	4.11e-34	143	terminal uridylyltransferase 4 isoform X29 [Homo sapiens]	TRUE	Tut4
XP_005837147.1	XP_047272337.1	0	N/A	31.832	333	43	4.32e-34	143	terminal uridylyltransferase 4 isoform X27 [Homo sapiens]	TRUE	Tut4
XP_005837147.1	XP_047272325.1	0	N/A	31.832	333	43	4.57e-34	143	terminal uridylyltransferase 4 isoform X23 [Homo sapiens]	TRUE	Tut4
XP_005837147.1	XP_047272296.1	0	N/A	29.428	367	47	1.05e-31	135	terminal uridylyltransferase 4 isoform X13 [Homo sapiens]	TRUE	Tut4
XP_005837147.1	XP_047272305.1	0	N/A	29.428	367	47	1.08e-31	135	terminal uridylyltransferase 4 isoform X17 [Homo sapiens]	TRUE	Tut4
XP_005837147.1	XP_047272350.1	0	N/A	29.428	367	47	1.13e-31	135	terminal uridylyltransferase 4 isoform X34 [Homo sapiens]	TRUE	Tut4
XP_005837147.1	XP_047272290.1	0	N/A	29.428	367	47	1.17e-31	135	terminal uridylyltransferase 4 isoform X11 [Homo sapiens]	TRUE	Tut4
XP_005837147.1	XP_047272286.1	0	N/A	29.428	367	47	1.2e-31	135	terminal uridylyltransferase 4 isoform X8 [Homo sapiens]	TRUE	Tut4
XP_005837147.1	XP_047272295.1	0	N/A	29.428	367	47	1.26e-31	135	terminal uridylyltransferase 4 isoform X12 [Homo sapiens]	TRUE	Tut4
XP_005837147.1	XP_047272344.1	0	N/A	29.428	367	47	1.33e-31	135	terminal uridylyltransferase 4 isoform X30 [Homo sapiens]	TRUE	Tut4
XP_005837147.1	XP_047272372.1	0	N/A	29.428	367	47	1.46e-31	135	terminal uridylyltransferase 4 isoform X42 [Homo sapiens]	TRUE	Tut4
XP_005837147.1	XP_047279823.1	0	N/A	31.111	315	40	2.3e-31	134	terminal uridylyltransferase 7 isoform X2 [Homo sapiens]	TRUE	Tut7
XP_005837147.1	XP_006717346.1	0	N/A	31.111	315	40	2.3e-31	134	terminal uridylyltransferase 7 isoform X2 [Homo sapiens]	TRUE	Tut7
XP_005837147.1	XP_016870620.1	0	N/A	31.111	315	40	2.47e-31	134	terminal uridylyltransferase 7 isoform X4 [Homo sapiens]	TRUE	Tut7
XP_005837147.1	XP_016870619.1	0	N/A	31.111	315	40	2.47e-31	134	terminal uridylyltransferase 7 isoform X4 [Homo sapiens]	TRUE	Tut7
XP_005837147.1	NP_078893.2	0	N/A	31.111	315	40	2.47e-31	134	terminal uridylyltransferase 7 isoform 1 [Homo sapiens]	TRUE	Tut7
XP_005837147.1	NP_001171988.1	0	N/A	31.111	315	40	2.47e-31	134	terminal uridylyltransferase 7 isoform 1 [Homo sapiens]	TRUE	Tut7
XP_005837147.1	XP_047279825.1	0	N/A	31.111	315	40	2.82e-31	134	terminal uridylyltransferase 7 isoform X6 [Homo sapiens]	TRUE	Tut7
XP_005837147.1	XP_047279824.1	0	N/A	31.111	315	40	2.82e-31	134	terminal uridylyltransferase 7 isoform X6 [Homo sapiens]	TRUE	Tut7
XP_005837147.1	XP_005252264.1	0	N/A	31.111	315	40	2.82e-31	134	terminal uridylyltransferase 7 isoform X6 [Homo sapiens]	TRUE	Tut7
XP_005837147.1	XP_011517317.1	0	N/A	31.111	315	40	2.83e-31	134	terminal uridylyltransferase 7 isoform X3 [Homo sapiens]	TRUE	Tut7
XP_005837147.1	XP_011517318.1	0	N/A	31.111	315	40	3.09e-31	134	terminal uridylyltransferase 7 isoform X5 [Homo sapiens]	TRUE	Tut7
XP_005837147.1	NP_001317647.1	0	N/A	31.111	315	40	3.19e-31	133	terminal uridylyltransferase 7 isoform 3 [Homo sapiens]	TRUE	Tut7
XP_005837147.1	XP_011517316.1	0	N/A	31.111	315	40	3.19e-31	134	terminal uridylyltransferase 7 isoform X1 [Homo sapiens]	TRUE	Tut7
XP_005837147.1	XP_011517315.1	0	N/A	31.111	315	40	3.19e-31	134	terminal uridylyltransferase 7 isoform X1 [Homo sapiens]	TRUE	Tut7
XP_005837147.1	XP_011517314.1	0	N/A	31.111	315	40	3.19e-31	134	terminal uridylyltransferase 7 isoform X1 [Homo sapiens]	TRUE	Tut7
XP_005837147.1	XP_011517313.1	0	N/A	31.111	315	40	3.19e-31	134	terminal uridylyltransferase 7 isoform X1 [Homo sapiens]	TRUE	Tut7
XP_005837147.1	XP_005252265.1	0	N/A	31.111	315	40	3.78e-31	134	terminal uridylyltransferase 7 isoform X7 [Homo sapiens]	TRUE	Tut7
XP_005837147.1	NP_001375061.1	0	N/A	32.639	288	37	1.15e-29	125	poly(A) RNA polymerase GLD2 isoform 12 [Homo sapiens]	TRUE	TENT2
XP_005837147.1	XP_047272811.1	0	N/A	32.639	288	37	1.26e-29	125	poly(A) RNA polymerase GLD2 isoform X4 [Homo sapiens]	TRUE	TENT2
XP_005837147.1	XP_047272810.1	0	N/A	32.639	288	37	1.26e-29	125	poly(A) RNA polymerase GLD2 isoform X4 [Homo sapiens]	TRUE	TENT2
XP_005837147.1	XP_047272809.1	0	N/A	32.639	288	37	1.26e-29	125	poly(A) RNA polymerase GLD2 isoform X4 [Homo sapiens]	TRUE	TENT2
XP_005837147.1	NP_001375058.1	0	N/A	32.639	288	37	1.26e-29	125	poly(A) RNA polymerase GLD2 isoform 2 [Homo sapiens]	TRUE	TENT2
XP_005837147.1	NP_001375057.1	0	N/A	32.639	288	37	1.26e-29	125	poly(A) RNA polymerase GLD2 isoform 2 [Homo sapiens]	TRUE	TENT2
XP_005837147.1	NP_001375056.1	0	N/A	32.639	288	37	1.26e-29	125	poly(A) RNA polymerase GLD2 isoform 2 [Homo sapiens]	TRUE	TENT2
XP_005837147.1	NP_001375055.1	0	N/A	32.639	288	37	1.26e-29	125	poly(A) RNA polymerase GLD2 isoform 2 [Homo sapiens]	TRUE	TENT2
XP_005837147.1	NP_001375054.1	0	N/A	32.639	288	37	1.26e-29	125	poly(A) RNA polymerase GLD2 isoform 2 [Homo sapiens]	TRUE	TENT2
XP_005837147.1	NP_001375053.1	0	N/A	32.639	288	37	1.26e-29	125	poly(A) RNA polymerase GLD2 isoform 2 [Homo sapiens]	TRUE	TENT2
XP_005837147.1	NP_001375052.1	0	N/A	32.639	288	37	1.26e-29	125	poly(A) RNA polymerase GLD2 isoform 2 [Homo sapiens]	TRUE	TENT2
XP_005837147.1	NP_001375051.1	0	N/A	32.639	288	37	1.26e-29	125	poly(A) RNA polymerase GLD2 isoform 2 [Homo sapiens]	TRUE	TENT2
XP_005837147.1	NP_001375050.1	0	N/A	32.639	288	37	1.26e-29	125	poly(A) RNA polymerase GLD2 isoform 2 [Homo sapiens]	TRUE	TENT2
XP_005837147.1	NP_001375049.1	0	N/A	32.639	288	37	1.26e-29	125	poly(A) RNA polymerase GLD2 isoform 2 [Homo sapiens]	TRUE	TENT2
XP_005837147.1	NP_001375048.1	0	N/A	32.639	288	37	1.26e-29	125	poly(A) RNA polymerase GLD2 isoform 2 [Homo sapiens]	TRUE	TENT2
XP_005837147.1	NP_001375047.1	0	N/A	32.639	288	37	1.26e-29	125	poly(A) RNA polymerase GLD2 isoform 2 [Homo sapiens]	TRUE	TENT2
XP_005837147.1	NP_001375046.1	0	N/A	32.639	288	37	1.26e-29	125	poly(A) RNA polymerase GLD2 isoform 2 [Homo sapiens]	TRUE	TENT2
XP_005837147.1	NP_001375045.1	0	N/A	32.639	288	37	1.26e-29	125	poly(A) RNA polymerase GLD2 isoform 2 [Homo sapiens]	TRUE	TENT2
XP_005837147.1	NP_001375044.1	0	N/A	32.639	288	37	1.26e-29	125	poly(A) RNA polymerase GLD2 isoform 2 [Homo sapiens]	TRUE	TENT2
XP_005837147.1	NP_001375043.1	0	N/A	32.639	288	37	1.26e-29	125	poly(A) RNA polymerase GLD2 isoform 2 [Homo sapiens]	TRUE	TENT2
XP_005837147.1	NP_001336483.1	0	N/A	32.639	288	37	1.26e-29	125	poly(A) RNA polymerase GLD2 isoform 2 [Homo sapiens]	TRUE	TENT2
XP_005837147.1	NP_001284673.1	0	N/A	32.639	288	37	1.26e-29	125	poly(A) RNA polymerase GLD2 isoform 2 [Homo sapiens]	TRUE	TENT2
XP_005837147.1	NP_001375059.1	0	N/A	32.639	288	37	1.36e-29	125	poly(A) RNA polymerase GLD2 isoform 10 [Homo sapiens]	TRUE	TENT2
XP_005837147.1	NP_001375065.1	0	N/A	32.639	288	37	1.38e-29	123	poly(A) RNA polymerase GLD2 isoform 14 [Homo sapiens]	TRUE	TENT2
XP_005837147.1	NP_001375060.1	0	N/A	33.219	292	37	7.37e-29	123	poly(A) RNA polymerase GLD2 isoform 11 [Homo sapiens]	TRUE	TENT2
XP_005837147.1	XP_047272808.1	0	N/A	33.219	292	37	8.12e-29	123	poly(A) RNA polymerase GLD2 isoform X3 [Homo sapiens]	TRUE	TENT2
XP_005837147.1	XP_047272807.1	0	N/A	33.219	292	37	8.12e-29	123	poly(A) RNA polymerase GLD2 isoform X3 [Homo sapiens]	TRUE	TENT2
XP_005837147.1	XP_047272806.1	0	N/A	33.219	292	37	8.12e-29	123	poly(A) RNA polymerase GLD2 isoform X3 [Homo sapiens]	TRUE	TENT2
XP_005837147.1	NP_776158.2	0	N/A	33.219	292	37	8.12e-29	123	poly(A) RNA polymerase GLD2 isoform 1 [Homo sapiens]	TRUE	TENT2
XP_005837147.1	NP_001375041.1	0	N/A	33.219	292	37	8.12e-29	123	poly(A) RNA polymerase GLD2 isoform 1 [Homo sapiens]	TRUE	TENT2
XP_005837147.1	NP_001375040.1	0	N/A	33.219	292	37	8.12e-29	123	poly(A) RNA polymerase GLD2 isoform 1 [Homo sapiens]	TRUE	TENT2
XP_005837147.1	NP_001375039.1	0	N/A	33.219	292	37	8.12e-29	123	poly(A) RNA polymerase GLD2 isoform 1 [Homo sapiens]	TRUE	TENT2
XP_005837147.1	NP_001375038.1	0	N/A	33.219	292	37	8.12e-29	123	poly(A) RNA polymerase GLD2 isoform 1 [Homo sapiens]	TRUE	TENT2
XP_005837147.1	NP_001375037.1	0	N/A	33.219	292	37	8.12e-29	123	poly(A) RNA polymerase GLD2 isoform 1 [Homo sapiens]	TRUE	TENT2
XP_005837147.1	NP_001375036.1	0	N/A	33.219	292	37	8.12e-29	123	poly(A) RNA polymerase GLD2 isoform 1 [Homo sapiens]	TRUE	TENT2
XP_005837147.1	NP_001375035.1	0	N/A	33.219	292	37	8.12e-29	123	poly(A) RNA polymerase GLD2 isoform 1 [Homo sapiens]	TRUE	TENT2
XP_005837147.1	NP_001375034.1	0	N/A	33.219	292	37	8.12e-29	123	poly(A) RNA polymerase GLD2 isoform 1 [Homo sapiens]	TRUE	TENT2
XP_005837147.1	NP_001375032.1	0	N/A	33.219	292	37	8.12e-29	123	poly(A) RNA polymerase GLD2 isoform 1 [Homo sapiens]	TRUE	TENT2
XP_005837147.1	NP_001375031.1	0	N/A	33.219	292	37	8.12e-29	123	poly(A) RNA polymerase GLD2 isoform 1 [Homo sapiens]	TRUE	TENT2
XP_005837147.1	NP_001336482.1	0	N/A	33.219	292	37	8.12e-29	123	poly(A) RNA polymerase GLD2 isoform 1 [Homo sapiens]	TRUE	TENT2
XP_005837147.1	NP_001336481.1	0	N/A	33.219	292	37	8.12e-29	123	poly(A) RNA polymerase GLD2 isoform 1 [Homo sapiens]	TRUE	TENT2
XP_005837147.1	NP_001107866.1	0	N/A	33.219	292	37	8.12e-29	123	poly(A) RNA polymerase GLD2 isoform 1 [Homo sapiens]	TRUE	TENT2
XP_005837147.1	NP_001107865.1	0	N/A	33.219	292	37	8.12e-29	123	poly(A) RNA polymerase GLD2 isoform 1 [Homo sapiens]	TRUE	TENT2
XP_005837147.1	NP_001375042.1	0	N/A	33.219	292	37	8.41e-29	123	poly(A) RNA polymerase GLD2 isoform 16 [Homo sapiens]	TRUE	TENT2
XP_005837147.1	NP_001375030.1	0	N/A	33.708	267	34	1.88e-28	122	poly(A) RNA polymerase GLD2 isoform 9 [Homo sapiens]	TRUE	TENT2
XP_005837147.1	NP_001375027.1	0	N/A	31.27	307	37	4.68e-28	121	poly(A) RNA polymerase GLD2 isoform 7 [Homo sapiens]	TRUE	TENT2
XP_005837147.1	XP_047272805.1	0	N/A	31.27	307	37	4.91e-28	121	poly(A) RNA polymerase GLD2 isoform X2 [Homo sapiens]	TRUE	TENT2
XP_005837147.1	XP_047272804.1	0	N/A	31.27	307	37	4.91e-28	121	poly(A) RNA polymerase GLD2 isoform X2 [Homo sapiens]	TRUE	TENT2
XP_005837147.1	XP_047272803.1	0	N/A	31.27	307	37	4.91e-28	121	poly(A) RNA polymerase GLD2 isoform X2 [Homo sapiens]	TRUE	TENT2
XP_005837928.1	XP_047272820.1	0	N/A	32.11	218	89	6.22e-26	103	poly(A) RNA polymerase GLD2 isoform X11 [Homo sapiens]	TRUE	TENT2
XP_005837928.1	NP_001336477.1	0	N/A	33.028	218	89	1.09e-25	103	poly(A) RNA polymerase GLD2 isoform 4 [Homo sapiens]	TRUE	TENT2
XP_005837928.1	NP_001375065.1	0	N/A	33.028	218	89	6.26e-25	103	poly(A) RNA polymerase GLD2 isoform 14 [Homo sapiens]	TRUE	TENT2
XP_005837928.1	NP_001375061.1	0	N/A	32.877	219	89	1.11e-24	103	poly(A) RNA polymerase GLD2 isoform 12 [Homo sapiens]	TRUE	TENT2
XP_005837928.1	NP_001375059.1	0	N/A	32.877	219	89	1.19e-24	103	poly(A) RNA polymerase GLD2 isoform 10 [Homo sapiens]	TRUE	TENT2
XP_005837928.1	XP_047272805.1	0	N/A	32.877	219	89	1.23e-24	103	poly(A) RNA polymerase GLD2 isoform X2 [Homo sapiens]	TRUE	TENT2
XP_005837928.1	XP_047272804.1	0	N/A	32.877	219	89	1.23e-24	103	poly(A) RNA polymerase GLD2 isoform X2 [Homo sapiens]	TRUE	TENT2
XP_005837928.1	XP_047272803.1	0	N/A	32.877	219	89	1.23e-24	103	poly(A) RNA polymerase GLD2 isoform X2 [Homo sapiens]	TRUE	TENT2
XP_005837928.1	XP_047272802.1	0	N/A	32.877	219	89	1.23e-24	103	poly(A) RNA polymerase GLD2 isoform X2 [Homo sapiens]	TRUE	TENT2
XP_005837928.1	XP_016864641.1	0	N/A	32.877	219	89	1.23e-24	103	poly(A) RNA polymerase GLD2 isoform X2 [Homo sapiens]	TRUE	TENT2
XP_005837928.1	NP_001375026.1	0	N/A	32.877	219	89	1.23e-24	103	poly(A) RNA polymerase GLD2 isoform 6 [Homo sapiens]	TRUE	TENT2
XP_005837928.1	NP_001375025.1	0	N/A	32.877	219	89	1.23e-24	103	poly(A) RNA polymerase GLD2 isoform 6 [Homo sapiens]	TRUE	TENT2
XP_005837928.1	NP_001375024.1	0	N/A	32.877	219	89	1.23e-24	103	poly(A) RNA polymerase GLD2 isoform 6 [Homo sapiens]	TRUE	TENT2
XP_005837928.1	NP_001336480.1	0	N/A	32.877	219	89	1.23e-24	103	poly(A) RNA polymerase GLD2 isoform 6 [Homo sapiens]	TRUE	TENT2
XP_005837928.1	NP_001375060.1	0	N/A	32.877	219	89	1.27e-24	103	poly(A) RNA polymerase GLD2 isoform 11 [Homo sapiens]	TRUE	TENT2
XP_005837928.1	XP_047272811.1	0	N/A	32.877	219	89	1.27e-24	103	poly(A) RNA polymerase GLD2 isoform X4 [Homo sapiens]	TRUE	TENT2
XP_005837928.1	XP_047272810.1	0	N/A	32.877	219	89	1.27e-24	103	poly(A) RNA polymerase GLD2 isoform X4 [Homo sapiens]	TRUE	TENT2
XP_005837928.1	XP_047272809.1	0	N/A	32.877	219	89	1.27e-24	103	poly(A) RNA polymerase GLD2 isoform X4 [Homo sapiens]	TRUE	TENT2
XP_005837928.1	NP_001375058.1	0	N/A	32.877	219	89	1.27e-24	103	poly(A) RNA polymerase GLD2 isoform 2 [Homo sapiens]	TRUE	TENT2
XP_005837928.1	NP_001375057.1	0	N/A	32.877	219	89	1.27e-24	103	poly(A) RNA polymerase GLD2 isoform 2 [Homo sapiens]	TRUE	TENT2
XP_005837928.1	NP_001375056.1	0	N/A	32.877	219	89	1.27e-24	103	poly(A) RNA polymerase GLD2 isoform 2 [Homo sapiens]	TRUE	TENT2
XP_005837928.1	NP_001375055.1	0	N/A	32.877	219	89	1.27e-24	103	poly(A) RNA polymerase GLD2 isoform 2 [Homo sapiens]	TRUE	TENT2
XP_005837928.1	NP_001375054.1	0	N/A	32.877	219	89	1.27e-24	103	poly(A) RNA polymerase GLD2 isoform 2 [Homo sapiens]	TRUE	TENT2
XP_005837928.1	NP_001375053.1	0	N/A	32.877	219	89	1.27e-24	103	poly(A) RNA polymerase GLD2 isoform 2 [Homo sapiens]	TRUE	TENT2
XP_005837928.1	NP_001375052.1	0	N/A	32.877	219	89	1.27e-24	103	poly(A) RNA polymerase GLD2 isoform 2 [Homo sapiens]	TRUE	TENT2
XP_005837928.1	NP_001375051.1	0	N/A	32.877	219	89	1.27e-24	103	poly(A) RNA polymerase GLD2 isoform 2 [Homo sapiens]	TRUE	TENT2
XP_005837928.1	NP_001375050.1	0	N/A	32.877	219	89	1.27e-24	103	poly(A) RNA polymerase GLD2 isoform 2 [Homo sapiens]	TRUE	TENT2
XP_005837928.1	NP_001375049.1	0	N/A	32.877	219	89	1.27e-24	103	poly(A) RNA polymerase GLD2 isoform 2 [Homo sapiens]	TRUE	TENT2
XP_005837928.1	NP_001375048.1	0	N/A	32.877	219	89	1.27e-24	103	poly(A) RNA polymerase GLD2 isoform 2 [Homo sapiens]	TRUE	TENT2
XP_005837928.1	NP_001375047.1	0	N/A	32.877	219	89	1.27e-24	103	poly(A) RNA polymerase GLD2 isoform 2 [Homo sapiens]	TRUE	TENT2
XP_005837928.1	NP_001375046.1	0	N/A	32.877	219	89	1.27e-24	103	poly(A) RNA polymerase GLD2 isoform 2 [Homo sapiens]	TRUE	TENT2
XP_005837928.1	NP_001375045.1	0	N/A	32.877	219	89	1.27e-24	103	poly(A) RNA polymerase GLD2 isoform 2 [Homo sapiens]	TRUE	TENT2
XP_005837928.1	NP_001375044.1	0	N/A	32.877	219	89	1.27e-24	103	poly(A) RNA polymerase GLD2 isoform 2 [Homo sapiens]	TRUE	TENT2
XP_005837928.1	NP_001375043.1	0	N/A	32.877	219	89	1.27e-24	103	poly(A) RNA polymerase GLD2 isoform 2 [Homo sapiens]	TRUE	TENT2
XP_005837928.1	NP_001336483.1	0	N/A	32.877	219	89	1.27e-24	103	poly(A) RNA polymerase GLD2 isoform 2 [Homo sapiens]	TRUE	TENT2
XP_005837928.1	NP_001284673.1	0	N/A	32.877	219	89	1.27e-24	103	poly(A) RNA polymerase GLD2 isoform 2 [Homo sapiens]	TRUE	TENT2
XP_005837928.1	NP_001375030.1	0	N/A	32.877	219	89	1.32e-24	103	poly(A) RNA polymerase GLD2 isoform 9 [Homo sapiens]	TRUE	TENT2
XP_005837928.1	NP_001375042.1	0	N/A	32.877	219	89	1.4e-24	103	poly(A) RNA polymerase GLD2 isoform 16 [Homo sapiens]	TRUE	TENT2
XP_005837928.1	XP_047272801.1	0	N/A	32.877	219	89	1.46e-24	103	poly(A) RNA polymerase GLD2 isoform X1 [Homo sapiens]	TRUE	TENT2
XP_005837928.1	XP_047272800.1	0	N/A	32.877	219	89	1.46e-24	103	poly(A) RNA polymerase GLD2 isoform X1 [Homo sapiens]	TRUE	TENT2
XP_005837928.1	XP_011541527.1	0	N/A	32.877	219	89	1.46e-24	103	poly(A) RNA polymerase GLD2 isoform X1 [Homo sapiens]	TRUE	TENT2
XP_005837928.1	XP_011541526.1	0	N/A	32.877	219	89	1.46e-24	103	poly(A) RNA polymerase GLD2 isoform X1 [Homo sapiens]	TRUE	TENT2
XP_005837928.1	XP_011541523.1	0	N/A	32.877	219	89	1.46e-24	103	poly(A) RNA polymerase GLD2 isoform X1 [Homo sapiens]	TRUE	TENT2
XP_005837928.1	XP_011541522.1	0	N/A	32.877	219	89	1.46e-24	103	poly(A) RNA polymerase GLD2 isoform X1 [Homo sapiens]	TRUE	TENT2
XP_005837928.1	NP_001375023.1	0	N/A	32.877	219	89	1.46e-24	103	poly(A) RNA polymerase GLD2 isoform 5 [Homo sapiens]	TRUE	TENT2
XP_005837928.1	NP_001375022.1	0	N/A	32.877	219	89	1.46e-24	103	poly(A) RNA polymerase GLD2 isoform 5 [Homo sapiens]	TRUE	TENT2
XP_005837928.1	NP_001336479.1	0	N/A	32.877	219	89	1.46e-24	103	poly(A) RNA polymerase GLD2 isoform 5 [Homo sapiens]	TRUE	TENT2
XP_005837928.1	NP_001336478.1	0	N/A	32.877	219	89	1.46e-24	103	poly(A) RNA polymerase GLD2 isoform 5 [Homo sapiens]	TRUE	TENT2
XP_005837928.1	NP_001375027.1	0	N/A	32.877	219	89	1.49e-24	103	poly(A) RNA polymerase GLD2 isoform 7 [Homo sapiens]	TRUE	TENT2
XP_005837928.1	XP_047272808.1	0	N/A	32.877	219	89	1.58e-24	103	poly(A) RNA polymerase GLD2 isoform X3 [Homo sapiens]	TRUE	TENT2
XP_005837928.1	XP_047272807.1	0	N/A	32.877	219	89	1.58e-24	103	poly(A) RNA polymerase GLD2 isoform X3 [Homo sapiens]	TRUE	TENT2
XP_005837928.1	XP_047272806.1	0	N/A	32.877	219	89	1.58e-24	103	poly(A) RNA polymerase GLD2 isoform X3 [Homo sapiens]	TRUE	TENT2
XP_005837928.1	NP_776158.2	0	N/A	32.877	219	89	1.58e-24	103	poly(A) RNA polymerase GLD2 isoform 1 [Homo sapiens]	TRUE	TENT2
XP_005837928.1	NP_001375041.1	0	N/A	32.877	219	89	1.58e-24	103	poly(A) RNA polymerase GLD2 isoform 1 [Homo sapiens]	TRUE	TENT2
XP_005837928.1	NP_001375040.1	0	N/A	32.877	219	89	1.58e-24	103	poly(A) RNA polymerase GLD2 isoform 1 [Homo sapiens]	TRUE	TENT2
XP_005837928.1	NP_001375039.1	0	N/A	32.877	219	89	1.58e-24	103	poly(A) RNA polymerase GLD2 isoform 1 [Homo sapiens]	TRUE	TENT2
XP_005837928.1	NP_001375038.1	0	N/A	32.877	219	89	1.58e-24	103	poly(A) RNA polymerase GLD2 isoform 1 [Homo sapiens]	TRUE	TENT2
XP_005837928.1	NP_001375037.1	0	N/A	32.877	219	89	1.58e-24	103	poly(A) RNA polymerase GLD2 isoform 1 [Homo sapiens]	TRUE	TENT2
XP_005837928.1	NP_001375036.1	0	N/A	32.877	219	89	1.58e-24	103	poly(A) RNA polymerase GLD2 isoform 1 [Homo sapiens]	TRUE	TENT2
XP_005837928.1	NP_001375035.1	0	N/A	32.877	219	89	1.58e-24	103	poly(A) RNA polymerase GLD2 isoform 1 [Homo sapiens]	TRUE	TENT2
XP_005837928.1	NP_001375034.1	0	N/A	32.877	219	89	1.58e-24	103	poly(A) RNA polymerase GLD2 isoform 1 [Homo sapiens]	TRUE	TENT2
XP_005837928.1	NP_001375032.1	0	N/A	32.877	219	89	1.58e-24	103	poly(A) RNA polymerase GLD2 isoform 1 [Homo sapiens]	TRUE	TENT2
XP_005837928.1	NP_001375031.1	0	N/A	32.877	219	89	1.58e-24	103	poly(A) RNA polymerase GLD2 isoform 1 [Homo sapiens]	TRUE	TENT2
XP_005837928.1	NP_001336482.1	0	N/A	32.877	219	89	1.58e-24	103	poly(A) RNA polymerase GLD2 isoform 1 [Homo sapiens]	TRUE	TENT2
XP_005837928.1	NP_001336481.1	0	N/A	32.877	219	89	1.58e-24	103	poly(A) RNA polymerase GLD2 isoform 1 [Homo sapiens]	TRUE	TENT2
XP_005837928.1	NP_001107866.1	0	N/A	32.877	219	89	1.58e-24	103	poly(A) RNA polymerase GLD2 isoform 1 [Homo sapiens]	TRUE	TENT2
XP_005837928.1	NP_001107865.1	0	N/A	32.877	219	89	1.58e-24	103	poly(A) RNA polymerase GLD2 isoform 1 [Homo sapiens]	TRUE	TENT2
XP_005837928.1	NP_001375029.1	0	N/A	33.028	218	89	1.67e-24	103	poly(A) RNA polymerase GLD2 isoform 8 [Homo sapiens]	TRUE	TENT2
XP_005837928.1	NP_001375028.1	0	N/A	33.028	218	89	1.67e-24	103	poly(A) RNA polymerase GLD2 isoform 8 [Homo sapiens]	TRUE	TENT2
XP_005837928.1	XP_005252265.1	0	N/A	32.489	237	96	1.01e-23	102	terminal uridylyltransferase 7 isoform X7 [Homo sapiens]	TRUE	Tut7
XP_005837928.1	NP_001317647.1	0	N/A	32.353	238	96	1.07e-23	101	terminal uridylyltransferase 7 isoform 3 [Homo sapiens]	TRUE	Tut7
XP_005837928.1	XP_011517316.1	0	N/A	32.489	237	96	1.43e-23	101	terminal uridylyltransferase 7 isoform X1 [Homo sapiens]	TRUE	Tut7
XP_005837928.1	XP_011517315.1	0	N/A	32.489	237	96	1.43e-23	101	terminal uridylyltransferase 7 isoform X1 [Homo sapiens]	TRUE	Tut7
XP_005837928.1	XP_011517314.1	0	N/A	32.489	237	96	1.43e-23	101	terminal uridylyltransferase 7 isoform X1 [Homo sapiens]	TRUE	Tut7
XP_005837928.1	XP_011517313.1	0	N/A	32.489	237	96	1.43e-23	101	terminal uridylyltransferase 7 isoform X1 [Homo sapiens]	TRUE	Tut7
XP_005837928.1	XP_047279825.1	0	N/A	32.489	237	96	1.49e-23	101	terminal uridylyltransferase 7 isoform X6 [Homo sapiens]	TRUE	Tut7
XP_005837928.1	XP_047279824.1	0	N/A	32.489	237	96	1.49e-23	101	terminal uridylyltransferase 7 isoform X6 [Homo sapiens]	TRUE	Tut7
XP_005837928.1	XP_005252264.1	0	N/A	32.489	237	96	1.49e-23	101	terminal uridylyltransferase 7 isoform X6 [Homo sapiens]	TRUE	Tut7
XP_005837928.1	XP_011517317.1	0	N/A	32.489	237	96	1.6e-23	101	terminal uridylyltransferase 7 isoform X3 [Homo sapiens]	TRUE	Tut7
XP_005837928.1	XP_016870620.1	0	N/A	32.489	237	96	1.66e-23	101	terminal uridylyltransferase 7 isoform X4 [Homo sapiens]	TRUE	Tut7
XP_005837928.1	XP_016870619.1	0	N/A	32.489	237	96	1.66e-23	101	terminal uridylyltransferase 7 isoform X4 [Homo sapiens]	TRUE	Tut7
XP_005837928.1	NP_078893.2	0	N/A	32.489	237	96	1.66e-23	101	terminal uridylyltransferase 7 isoform 1 [Homo sapiens]	TRUE	Tut7
XP_005837928.1	NP_001171988.1	0	N/A	32.489	237	96	1.66e-23	101	terminal uridylyltransferase 7 isoform 1 [Homo sapiens]	TRUE	Tut7
XP_005837928.1	XP_011517318.1	0	N/A	32.489	237	96	1.74e-23	101	terminal uridylyltransferase 7 isoform X5 [Homo sapiens]	TRUE	Tut7
XP_005837928.1	XP_047279823.1	0	N/A	32.489	237	96	1.76e-23	101	terminal uridylyltransferase 7 isoform X2 [Homo sapiens]	TRUE	Tut7
XP_005837928.1	XP_006717346.1	0	N/A	32.489	237	96	1.76e-23	101	terminal uridylyltransferase 7 isoform X2 [Homo sapiens]	TRUE	Tut7
XP_005837928.1	NP_001172003.1	0	N/A	32.489	237	96	2.09e-23	100	terminal uridylyltransferase 7 isoform 2 [Homo sapiens]	TRUE	Tut7
XP_005837928.1	NP_001375066.1	0	N/A	29.778	225	92	2.47e-23	97.4	poly(A) RNA polymerase GLD2 isoform 15 [Homo sapiens]	TRUE	TENT2
XP_005837928.1	XP_047272344.1	0	N/A	33.333	240	96	1.28e-22	98.6	terminal uridylyltransferase 4 isoform X30 [Homo sapiens]	TRUE	Tut4
XP_005837928.1	XP_047272290.1	0	N/A	33.058	242	97	1.3e-22	98.6	terminal uridylyltransferase 4 isoform X11 [Homo sapiens]	TRUE	Tut4
XP_005837928.1	XP_047272280.1	0	N/A	33.058	242	97	1.33e-22	98.6	terminal uridylyltransferase 4 isoform X3 [Homo sapiens]	TRUE	Tut4
XP_005837928.1	XP_005270736.1	0	N/A	33.058	242	97	1.33e-22	98.6	terminal uridylyltransferase 4 isoform X3 [Homo sapiens]	TRUE	Tut4
XP_005837928.1	XP_016856295.1	0	N/A	33.058	242	97	1.35e-22	98.6	terminal uridylyltransferase 4 isoform X25 [Homo sapiens]	TRUE	Tut4
XP_005837928.1	XP_047272286.1	0	N/A	33.058	242	97	1.46e-22	98.6	terminal uridylyltransferase 4 isoform X8 [Homo sapiens]	TRUE	Tut4
XP_005837928.1	XP_047272285.1	0	N/A	33.058	242	97	1.47e-22	98.6	terminal uridylyltransferase 4 isoform X7 [Homo sapiens]	TRUE	Tut4
XP_005837928.1	XP_005270735.1	0	N/A	33.058	242	97	1.48e-22	98.6	terminal uridylyltransferase 4 isoform X2 [Homo sapiens]	TRUE	Tut4
XP_005837928.1	XP_047272325.1	0	N/A	33.333	240	96	1.5e-22	98.6	terminal uridylyltransferase 4 isoform X23 [Homo sapiens]	TRUE	Tut4
XP_005837928.1	XP_011539399.1	0	N/A	33.058	242	97	1.52e-22	98.6	terminal uridylyltransferase 4 isoform X1 [Homo sapiens]	TRUE	Tut4
XP_005837928.1	XP_005270733.1	0	N/A	33.058	242	97	1.52e-22	98.6	terminal uridylyltransferase 4 isoform X1 [Homo sapiens]	TRUE	Tut4
XP_005837928.1	XP_047272337.1	0	N/A	33.058	242	97	1.52e-22	98.6	terminal uridylyltransferase 4 isoform X27 [Homo sapiens]	TRUE	Tut4
XP_005839390.1	NP_073741.3	0	N/A	37.778	90	100	9.52e-12	61.2	speckle targeted PIP5K1A-regulated poly(A) polymerase isoform 1 [Homo sapiens]	TRUE	Tut1
XP_005839390.1	NP_060579.3	0	N/A	37.778	90	100	1.08e-11	61.2	poly(A) RNA polymerase, mitochondrial precursor [Homo sapiens]	TRUE	mtPAP
XP_005839390.1	XP_047272820.1	0	N/A	30.337	89	100	1.71e-11	60.1	poly(A) RNA polymerase GLD2 isoform X11 [Homo sapiens]	TRUE	TENT2
XP_005839390.1	NP_001336477.1	0	N/A	30.337	89	100	1.77e-11	60.1	poly(A) RNA polymerase GLD2 isoform 4 [Homo sapiens]	TRUE	TENT2
XP_005839390.1	NP_001375061.1	0	N/A	30.337	89	100	4.69e-11	59.3	poly(A) RNA polymerase GLD2 isoform 12 [Homo sapiens]	TRUE	TENT2
XP_005839390.1	XP_047272811.1	0	N/A	30.337	89	100	5.25e-11	59.3	poly(A) RNA polymerase GLD2 isoform X4 [Homo sapiens]	TRUE	TENT2
XP_005839390.1	XP_047272810.1	0	N/A	30.337	89	100	5.25e-11	59.3	poly(A) RNA polymerase GLD2 isoform X4 [Homo sapiens]	TRUE	TENT2
XP_005839390.1	XP_047272809.1	0	N/A	30.337	89	100	5.25e-11	59.3	poly(A) RNA polymerase GLD2 isoform X4 [Homo sapiens]	TRUE	TENT2
XP_005839390.1	NP_001375058.1	0	N/A	30.337	89	100	5.25e-11	59.3	poly(A) RNA polymerase GLD2 isoform 2 [Homo sapiens]	TRUE	TENT2
XP_005839390.1	NP_001375057.1	0	N/A	30.337	89	100	5.25e-11	59.3	poly(A) RNA polymerase GLD2 isoform 2 [Homo sapiens]	TRUE	TENT2
XP_005839390.1	NP_001375056.1	0	N/A	30.337	89	100	5.25e-11	59.3	poly(A) RNA polymerase GLD2 isoform 2 [Homo sapiens]	TRUE	TENT2
XP_005839390.1	NP_001375055.1	0	N/A	30.337	89	100	5.25e-11	59.3	poly(A) RNA polymerase GLD2 isoform 2 [Homo sapiens]	TRUE	TENT2
XP_005839390.1	NP_001375054.1	0	N/A	30.337	89	100	5.25e-11	59.3	poly(A) RNA polymerase GLD2 isoform 2 [Homo sapiens]	TRUE	TENT2
XP_005839390.1	NP_001375053.1	0	N/A	30.337	89	100	5.25e-11	59.3	poly(A) RNA polymerase GLD2 isoform 2 [Homo sapiens]	TRUE	TENT2
XP_005839390.1	NP_001375052.1	0	N/A	30.337	89	100	5.25e-11	59.3	poly(A) RNA polymerase GLD2 isoform 2 [Homo sapiens]	TRUE	TENT2
XP_005839390.1	NP_001375051.1	0	N/A	30.337	89	100	5.25e-11	59.3	poly(A) RNA polymerase GLD2 isoform 2 [Homo sapiens]	TRUE	TENT2
XP_005839390.1	NP_001375050.1	0	N/A	30.337	89	100	5.25e-11	59.3	poly(A) RNA polymerase GLD2 isoform 2 [Homo sapiens]	TRUE	TENT2
XP_005839390.1	NP_001375049.1	0	N/A	30.337	89	100	5.25e-11	59.3	poly(A) RNA polymerase GLD2 isoform 2 [Homo sapiens]	TRUE	TENT2
XP_005839390.1	NP_001375048.1	0	N/A	30.337	89	100	5.25e-11	59.3	poly(A) RNA polymerase GLD2 isoform 2 [Homo sapiens]	TRUE	TENT2
XP_005839390.1	NP_001375047.1	0	N/A	30.337	89	100	5.25e-11	59.3	poly(A) RNA polymerase GLD2 isoform 2 [Homo sapiens]	TRUE	TENT2
XP_005839390.1	NP_001375046.1	0	N/A	30.337	89	100	5.25e-11	59.3	poly(A) RNA polymerase GLD2 isoform 2 [Homo sapiens]	TRUE	TENT2
XP_005839390.1	NP_001375045.1	0	N/A	30.337	89	100	5.25e-11	59.3	poly(A) RNA polymerase GLD2 isoform 2 [Homo sapiens]	TRUE	TENT2
XP_005839390.1	NP_001375044.1	0	N/A	30.337	89	100	5.25e-11	59.3	poly(A) RNA polymerase GLD2 isoform 2 [Homo sapiens]	TRUE	TENT2
XP_005839390.1	NP_001375043.1	0	N/A	30.337	89	100	5.25e-11	59.3	poly(A) RNA polymerase GLD2 isoform 2 [Homo sapiens]	TRUE	TENT2
XP_005839390.1	NP_001336483.1	0	N/A	30.337	89	100	5.25e-11	59.3	poly(A) RNA polymerase GLD2 isoform 2 [Homo sapiens]	TRUE	TENT2
XP_005839390.1	NP_001284673.1	0	N/A	30.337	89	100	5.25e-11	59.3	poly(A) RNA polymerase GLD2 isoform 2 [Homo sapiens]	TRUE	TENT2
XP_005839390.1	NP_001375059.1	0	N/A	30.337	89	100	5.35e-11	59.3	poly(A) RNA polymerase GLD2 isoform 10 [Homo sapiens]	TRUE	TENT2
XP_005839390.1	NP_001375060.1	0	N/A	30.337	89	100	5.43e-11	59.3	poly(A) RNA polymerase GLD2 isoform 11 [Homo sapiens]	TRUE	TENT2
XP_005839390.1	NP_001375042.1	0	N/A	30.337	89	100	5.85e-11	58.9	poly(A) RNA polymerase GLD2 isoform 16 [Homo sapiens]	TRUE	TENT2
XP_005839390.1	XP_047272808.1	0	N/A	30.337	89	100	5.85e-11	58.9	poly(A) RNA polymerase GLD2 isoform X3 [Homo sapiens]	TRUE	TENT2
XP_005839390.1	XP_047272807.1	0	N/A	30.337	89	100	5.85e-11	58.9	poly(A) RNA polymerase GLD2 isoform X3 [Homo sapiens]	TRUE	TENT2
XP_005839390.1	XP_047272806.1	0	N/A	30.337	89	100	5.85e-11	58.9	poly(A) RNA polymerase GLD2 isoform X3 [Homo sapiens]	TRUE	TENT2
XP_005839390.1	NP_776158.2	0	N/A	30.337	89	100	5.85e-11	58.9	poly(A) RNA polymerase GLD2 isoform 1 [Homo sapiens]	TRUE	TENT2
XP_005839390.1	NP_001375041.1	0	N/A	30.337	89	100	5.85e-11	58.9	poly(A) RNA polymerase GLD2 isoform 1 [Homo sapiens]	TRUE	TENT2
XP_005839390.1	NP_001375040.1	0	N/A	30.337	89	100	5.85e-11	58.9	poly(A) RNA polymerase GLD2 isoform 1 [Homo sapiens]	TRUE	TENT2
XP_005839390.1	NP_001375039.1	0	N/A	30.337	89	100	5.85e-11	58.9	poly(A) RNA polymerase GLD2 isoform 1 [Homo sapiens]	TRUE	TENT2
XP_005839390.1	NP_001375038.1	0	N/A	30.337	89	100	5.85e-11	58.9	poly(A) RNA polymerase GLD2 isoform 1 [Homo sapiens]	TRUE	TENT2
XP_005839390.1	NP_001375037.1	0	N/A	30.337	89	100	5.85e-11	58.9	poly(A) RNA polymerase GLD2 isoform 1 [Homo sapiens]	TRUE	TENT2
XP_005839390.1	NP_001375036.1	0	N/A	30.337	89	100	5.85e-11	58.9	poly(A) RNA polymerase GLD2 isoform 1 [Homo sapiens]	TRUE	TENT2
XP_005839390.1	NP_001375035.1	0	N/A	30.337	89	100	5.85e-11	58.9	poly(A) RNA polymerase GLD2 isoform 1 [Homo sapiens]	TRUE	TENT2
XP_005839390.1	NP_001375034.1	0	N/A	30.337	89	100	5.85e-11	58.9	poly(A) RNA polymerase GLD2 isoform 1 [Homo sapiens]	TRUE	TENT2
XP_005839390.1	NP_001375032.1	0	N/A	30.337	89	100	5.85e-11	58.9	poly(A) RNA polymerase GLD2 isoform 1 [Homo sapiens]	TRUE	TENT2
XP_005839390.1	NP_001375031.1	0	N/A	30.337	89	100	5.85e-11	58.9	poly(A) RNA polymerase GLD2 isoform 1 [Homo sapiens]	TRUE	TENT2
XP_005839390.1	NP_001336482.1	0	N/A	30.337	89	100	5.85e-11	58.9	poly(A) RNA polymerase GLD2 isoform 1 [Homo sapiens]	TRUE	TENT2
XP_005839390.1	NP_001336481.1	0	N/A	30.337	89	100	5.85e-11	58.9	poly(A) RNA polymerase GLD2 isoform 1 [Homo sapiens]	TRUE	TENT2
XP_005839390.1	NP_001107866.1	0	N/A	30.337	89	100	5.85e-11	58.9	poly(A) RNA polymerase GLD2 isoform 1 [Homo sapiens]	TRUE	TENT2
XP_005839390.1	NP_001107865.1	0	N/A	30.337	89	100	5.85e-11	58.9	poly(A) RNA polymerase GLD2 isoform 1 [Homo sapiens]	TRUE	TENT2
XP_005839390.1	NP_001375065.1	0	N/A	30.337	89	100	5.89e-11	58.9	poly(A) RNA polymerase GLD2 isoform 14 [Homo sapiens]	TRUE	TENT2
XP_005839390.1	NP_001375030.1	0	N/A	30.337	89	100	5.92e-11	58.9	poly(A) RNA polymerase GLD2 isoform 9 [Homo sapiens]	TRUE	TENT2
XP_005839390.1	NP_001375029.1	0	N/A	30.337	89	100	6.99e-11	58.9	poly(A) RNA polymerase GLD2 isoform 8 [Homo sapiens]	TRUE	TENT2
XP_005839390.1	NP_001375028.1	0	N/A	30.337	89	100	6.99e-11	58.9	poly(A) RNA polymerase GLD2 isoform 8 [Homo sapiens]	TRUE	TENT2
XP_005839390.1	NP_001375027.1	0	N/A	30.337	89	100	7.49e-11	58.9	poly(A) RNA polymerase GLD2 isoform 7 [Homo sapiens]	TRUE	TENT2
XP_005839390.1	XP_047272805.1	0	N/A	30.337	89	100	7.49e-11	58.9	poly(A) RNA polymerase GLD2 isoform X2 [Homo sapiens]	TRUE	TENT2
XP_005839390.1	XP_047272804.1	0	N/A	30.337	89	100	7.49e-11	58.9	poly(A) RNA polymerase GLD2 isoform X2 [Homo sapiens]	TRUE	TENT2
XP_005839390.1	XP_047272803.1	0	N/A	30.337	89	100	7.49e-11	58.9	poly(A) RNA polymerase GLD2 isoform X2 [Homo sapiens]	TRUE	TENT2
XP_005839390.1	XP_047272802.1	0	N/A	30.337	89	100	7.49e-11	58.9	poly(A) RNA polymerase GLD2 isoform X2 [Homo sapiens]	TRUE	TENT2
XP_005839390.1	XP_016864641.1	0	N/A	30.337	89	100	7.49e-11	58.9	poly(A) RNA polymerase GLD2 isoform X2 [Homo sapiens]	TRUE	TENT2
XP_005839390.1	NP_001375026.1	0	N/A	30.337	89	100	7.49e-11	58.9	poly(A) RNA polymerase GLD2 isoform 6 [Homo sapiens]	TRUE	TENT2
XP_005839390.1	NP_001375025.1	0	N/A	30.337	89	100	7.49e-11	58.9	poly(A) RNA polymerase GLD2 isoform 6 [Homo sapiens]	TRUE	TENT2
XP_005839390.1	NP_001375024.1	0	N/A	30.337	89	100	7.49e-11	58.9	poly(A) RNA polymerase GLD2 isoform 6 [Homo sapiens]	TRUE	TENT2
XP_005839390.1	NP_001336480.1	0	N/A	30.337	89	100	7.49e-11	58.9	poly(A) RNA polymerase GLD2 isoform 6 [Homo sapiens]	TRUE	TENT2
XP_005839390.1	XP_047272801.1	0	N/A	30.337	89	100	8.11e-11	58.5	poly(A) RNA polymerase GLD2 isoform X1 [Homo sapiens]	TRUE	TENT2
XP_005839390.1	XP_047272800.1	0	N/A	30.337	89	100	8.11e-11	58.5	poly(A) RNA polymerase GLD2 isoform X1 [Homo sapiens]	TRUE	TENT2
XP_005839390.1	XP_011541527.1	0	N/A	30.337	89	100	8.11e-11	58.5	poly(A) RNA polymerase GLD2 isoform X1 [Homo sapiens]	TRUE	TENT2
XP_005839390.1	XP_011541526.1	0	N/A	30.337	89	100	8.11e-11	58.5	poly(A) RNA polymerase GLD2 isoform X1 [Homo sapiens]	TRUE	TENT2
XP_005839390.1	XP_011541523.1	0	N/A	30.337	89	100	8.11e-11	58.5	poly(A) RNA polymerase GLD2 isoform X1 [Homo sapiens]	TRUE	TENT2
XP_005839390.1	XP_011541522.1	0	N/A	30.337	89	100	8.11e-11	58.5	poly(A) RNA polymerase GLD2 isoform X1 [Homo sapiens]	TRUE	TENT2
XP_005839390.1	NP_001375023.1	0	N/A	30.337	89	100	8.11e-11	58.5	poly(A) RNA polymerase GLD2 isoform 5 [Homo sapiens]	TRUE	TENT2
XP_005839390.1	NP_001375022.1	0	N/A	30.337	89	100	8.11e-11	58.5	poly(A) RNA polymerase GLD2 isoform 5 [Homo sapiens]	TRUE	TENT2
XP_005839390.1	NP_001336479.1	0	N/A	30.337	89	100	8.11e-11	58.5	poly(A) RNA polymerase GLD2 isoform 5 [Homo sapiens]	TRUE	TENT2
XP_005839390.1	NP_001336478.1	0	N/A	30.337	89	100	8.11e-11	58.5	poly(A) RNA polymerase GLD2 isoform 5 [Homo sapiens]	TRUE	TENT2
XP_005839390.1	XP_047272384.1	0	N/A	29.213	89	100	8.31e-10	55.8	terminal uridylyltransferase 4 isoform X46 [Homo sapiens]	TRUE	Tut4
XP_005839390.1	XP_047272372.1	0	N/A	29.213	89	100	8.45e-10	55.8	terminal uridylyltransferase 4 isoform X42 [Homo sapiens]	TRUE	Tut4
XP_005839390.1	XP_016856299.1	0	N/A	29.213	89	100	8.45e-10	55.8	terminal uridylyltransferase 4 isoform X40 [Homo sapiens]	TRUE	Tut4
XP_005839390.1	XP_047272365.1	0	N/A	29.213	89	100	8.45e-10	55.8	terminal uridylyltransferase 4 isoform X38 [Homo sapiens]	TRUE	Tut4
XP_005839390.1	XP_016856297.1	0	N/A	29.213	89	100	8.45e-10	55.8	terminal uridylyltransferase 4 isoform X36 [Homo sapiens]	TRUE	Tut4
XP_005839390.1	XP_047272350.1	0	N/A	29.213	89	100	8.46e-10	55.8	terminal uridylyltransferase 4 isoform X34 [Homo sapiens]	TRUE	Tut4
XP_005839390.1	XP_005270739.1	0	N/A	29.213	89	100	8.46e-10	55.8	terminal uridylyltransferase 4 isoform X33 [Homo sapiens]	TRUE	Tut4
XP_005839390.1	XP_047272345.1	0	N/A	29.213	89	100	8.46e-10	55.8	terminal uridylyltransferase 4 isoform X31 [Homo sapiens]	TRUE	Tut4
XP_005839390.1	XP_047272344.1	0	N/A	29.213	89	100	8.46e-10	55.8	terminal uridylyltransferase 4 isoform X30 [Homo sapiens]	TRUE	Tut4
XP_005839390.1	XP_011539401.1	0	N/A	29.213	89	100	8.46e-10	55.8	terminal uridylyltransferase 4 isoform X29 [Homo sapiens]	TRUE	Tut4
XP_005839390.1	XP_016856296.1	0	N/A	29.213	89	100	8.46e-10	55.8	terminal uridylyltransferase 4 isoform X28 [Homo sapiens]	TRUE	Tut4
XP_005839390.1	XP_047272337.1	0	N/A	29.213	89	100	8.46e-10	55.8	terminal uridylyltransferase 4 isoform X27 [Homo sapiens]	TRUE	Tut4
XP_005839390.1	XP_016856295.1	0	N/A	29.213	89	100	8.46e-10	55.8	terminal uridylyltransferase 4 isoform X25 [Homo sapiens]	TRUE	Tut4
XP_005839390.1	XP_047272325.1	0	N/A	29.213	89	100	8.46e-10	55.8	terminal uridylyltransferase 4 isoform X23 [Homo sapiens]	TRUE	Tut4
XP_005839390.1	XP_047272305.1	0	N/A	29.213	89	100	8.46e-10	55.8	terminal uridylyltransferase 4 isoform X17 [Homo sapiens]	TRUE	Tut4
XP_005839390.1	XP_016856293.1	0	N/A	29.213	89	100	8.46e-10	55.8	terminal uridylyltransferase 4 isoform X16 [Homo sapiens]	TRUE	Tut4
XP_005839390.1	XP_047272296.1	0	N/A	29.213	89	100	8.47e-10	55.8	terminal uridylyltransferase 4 isoform X13 [Homo sapiens]	TRUE	Tut4
XP_005839390.1	XP_047272295.1	0	N/A	29.213	89	100	8.47e-10	55.8	terminal uridylyltransferase 4 isoform X12 [Homo sapiens]	TRUE	Tut4
XP_005839390.1	XP_047272290.1	0	N/A	29.213	89	100	8.47e-10	55.8	terminal uridylyltransferase 4 isoform X11 [Homo sapiens]	TRUE	Tut4
XP_005839390.1	XP_047272288.1	0	N/A	29.213	89	100	8.47e-10	55.8	terminal uridylyltransferase 4 isoform X10 [Homo sapiens]	TRUE	Tut4
XP_005839390.1	XP_016856292.1	0	N/A	29.213	89	100	8.47e-10	55.8	terminal uridylyltransferase 4 isoform X9 [Homo sapiens]	TRUE	Tut4
XP_005839390.1	XP_047272286.1	0	N/A	29.213	89	100	8.47e-10	55.8	terminal uridylyltransferase 4 isoform X8 [Homo sapiens]	TRUE	Tut4
XP_005839390.1	XP_047272285.1	0	N/A	29.213	89	100	8.47e-10	55.8	terminal uridylyltransferase 4 isoform X7 [Homo sapiens]	TRUE	Tut4
XP_005839390.1	XP_047272283.1	0	N/A	29.213	89	100	8.47e-10	55.8	terminal uridylyltransferase 4 isoform X6 [Homo sapiens]	TRUE	Tut4
XP_005839390.1	XP_005270737.1	0	N/A	29.213	89	100	8.47e-10	55.8	terminal uridylyltransferase 4 isoform X6 [Homo sapiens]	TRUE	Tut4
XP_005839390.1	XP_047272282.1	0	N/A	29.213	89	100	8.47e-10	55.8	terminal uridylyltransferase 4 isoform X5 [Homo sapiens]	TRUE	Tut4
XP_005839390.1	NP_056084.1	0	N/A	29.213	89	100	8.47e-10	55.8	terminal uridylyltransferase 4 isoform b [Homo sapiens]	TRUE	Tut4
XP_005839390.1	XP_047272281.1	0	N/A	29.213	89	100	8.47e-10	55.8	terminal uridylyltransferase 4 isoform X4 [Homo sapiens]	TRUE	Tut4
XP_005839390.1	NP_001009881.1	0	N/A	29.213	89	100	8.47e-10	55.8	terminal uridylyltransferase 4 isoform a [Homo sapiens]	TRUE	Tut4
XP_005841882.1	NP_001375027.1	0	N/A	24.317	366	73	1.81e-22	102	poly(A) RNA polymerase GLD2 isoform 7 [Homo sapiens]	TRUE	TENT2
XP_005841882.1	XP_047272805.1	0	N/A	24.317	366	73	1.99e-22	102	poly(A) RNA polymerase GLD2 isoform X2 [Homo sapiens]	TRUE	TENT2
XP_005841882.1	XP_047272804.1	0	N/A	24.317	366	73	1.99e-22	102	poly(A) RNA polymerase GLD2 isoform X2 [Homo sapiens]	TRUE	TENT2
XP_005841882.1	XP_047272803.1	0	N/A	24.317	366	73	1.99e-22	102	poly(A) RNA polymerase GLD2 isoform X2 [Homo sapiens]	TRUE	TENT2
XP_005841882.1	XP_047272802.1	0	N/A	24.317	366	73	1.99e-22	102	poly(A) RNA polymerase GLD2 isoform X2 [Homo sapiens]	TRUE	TENT2
XP_005841882.1	XP_016864641.1	0	N/A	24.317	366	73	1.99e-22	102	poly(A) RNA polymerase GLD2 isoform X2 [Homo sapiens]	TRUE	TENT2
XP_005841882.1	NP_001375026.1	0	N/A	24.317	366	73	1.99e-22	102	poly(A) RNA polymerase GLD2 isoform 6 [Homo sapiens]	TRUE	TENT2
XP_005841882.1	NP_001375025.1	0	N/A	24.317	366	73	1.99e-22	102	poly(A) RNA polymerase GLD2 isoform 6 [Homo sapiens]	TRUE	TENT2
XP_005841882.1	NP_001375024.1	0	N/A	24.317	366	73	1.99e-22	102	poly(A) RNA polymerase GLD2 isoform 6 [Homo sapiens]	TRUE	TENT2
XP_005841882.1	NP_001336480.1	0	N/A	24.317	366	73	1.99e-22	102	poly(A) RNA polymerase GLD2 isoform 6 [Homo sapiens]	TRUE	TENT2
XP_005841882.1	XP_047272801.1	0	N/A	24.054	370	73	8.05e-22	100	poly(A) RNA polymerase GLD2 isoform X1 [Homo sapiens]	TRUE	TENT2
XP_005841882.1	XP_047272800.1	0	N/A	24.054	370	73	8.05e-22	100	poly(A) RNA polymerase GLD2 isoform X1 [Homo sapiens]	TRUE	TENT2
XP_005841882.1	XP_011541527.1	0	N/A	24.054	370	73	8.05e-22	100	poly(A) RNA polymerase GLD2 isoform X1 [Homo sapiens]	TRUE	TENT2
XP_005841882.1	XP_011541526.1	0	N/A	24.054	370	73	8.05e-22	100	poly(A) RNA polymerase GLD2 isoform X1 [Homo sapiens]	TRUE	TENT2
XP_005841882.1	XP_011541523.1	0	N/A	24.054	370	73	8.05e-22	100	poly(A) RNA polymerase GLD2 isoform X1 [Homo sapiens]	TRUE	TENT2
XP_005841882.1	XP_011541522.1	0	N/A	24.054	370	73	8.05e-22	100	poly(A) RNA polymerase GLD2 isoform X1 [Homo sapiens]	TRUE	TENT2
XP_005841882.1	NP_001375023.1	0	N/A	24.054	370	73	8.05e-22	100	poly(A) RNA polymerase GLD2 isoform 5 [Homo sapiens]	TRUE	TENT2
XP_005841882.1	NP_001375022.1	0	N/A	24.054	370	73	8.05e-22	100	poly(A) RNA polymerase GLD2 isoform 5 [Homo sapiens]	TRUE	TENT2
XP_005841882.1	NP_001336479.1	0	N/A	24.054	370	73	8.05e-22	100	poly(A) RNA polymerase GLD2 isoform 5 [Homo sapiens]	TRUE	TENT2
XP_005841882.1	NP_001336478.1	0	N/A	24.054	370	73	8.05e-22	100	poly(A) RNA polymerase GLD2 isoform 5 [Homo sapiens]	TRUE	TENT2
XP_005841882.1	XP_047272820.1	0	N/A	27.848	237	47	3.51e-21	95.1	poly(A) RNA polymerase GLD2 isoform X11 [Homo sapiens]	TRUE	TENT2
XP_005841882.1	NP_001375065.1	0	N/A	23.626	364	73	4.21e-21	97.1	poly(A) RNA polymerase GLD2 isoform 14 [Homo sapiens]	TRUE	TENT2
XP_005841882.1	NP_001336477.1	0	N/A	27.848	237	47	7.24e-21	94.4	poly(A) RNA polymerase GLD2 isoform 4 [Homo sapiens]	TRUE	TENT2
XP_005841882.1	NP_001375059.1	0	N/A	23.626	364	73	8.89e-21	97.4	poly(A) RNA polymerase GLD2 isoform 10 [Homo sapiens]	TRUE	TENT2
XP_005841882.1	NP_001375061.1	0	N/A	23.626	364	73	9.64e-21	97.1	poly(A) RNA polymerase GLD2 isoform 12 [Homo sapiens]	TRUE	TENT2
XP_005841882.1	XP_047272811.1	0	N/A	23.626	364	73	1.13e-20	97.1	poly(A) RNA polymerase GLD2 isoform X4 [Homo sapiens]	TRUE	TENT2
XP_005841882.1	XP_047272810.1	0	N/A	23.626	364	73	1.13e-20	97.1	poly(A) RNA polymerase GLD2 isoform X4 [Homo sapiens]	TRUE	TENT2
XP_005841882.1	XP_047272809.1	0	N/A	23.626	364	73	1.13e-20	97.1	poly(A) RNA polymerase GLD2 isoform X4 [Homo sapiens]	TRUE	TENT2
XP_005841882.1	NP_001375058.1	0	N/A	23.626	364	73	1.13e-20	97.1	poly(A) RNA polymerase GLD2 isoform 2 [Homo sapiens]	TRUE	TENT2
XP_005841882.1	NP_001375057.1	0	N/A	23.626	364	73	1.13e-20	97.1	poly(A) RNA polymerase GLD2 isoform 2 [Homo sapiens]	TRUE	TENT2
XP_005841882.1	NP_001375056.1	0	N/A	23.626	364	73	1.13e-20	97.1	poly(A) RNA polymerase GLD2 isoform 2 [Homo sapiens]	TRUE	TENT2
XP_005841882.1	NP_001375055.1	0	N/A	23.626	364	73	1.13e-20	97.1	poly(A) RNA polymerase GLD2 isoform 2 [Homo sapiens]	TRUE	TENT2
XP_005841882.1	NP_001375054.1	0	N/A	23.626	364	73	1.13e-20	97.1	poly(A) RNA polymerase GLD2 isoform 2 [Homo sapiens]	TRUE	TENT2
XP_005841882.1	NP_001375053.1	0	N/A	23.626	364	73	1.13e-20	97.1	poly(A) RNA polymerase GLD2 isoform 2 [Homo sapiens]	TRUE	TENT2
XP_005841882.1	NP_001375052.1	0	N/A	23.626	364	73	1.13e-20	97.1	poly(A) RNA polymerase GLD2 isoform 2 [Homo sapiens]	TRUE	TENT2
XP_005841882.1	NP_001375051.1	0	N/A	23.626	364	73	1.13e-20	97.1	poly(A) RNA polymerase GLD2 isoform 2 [Homo sapiens]	TRUE	TENT2
XP_005841882.1	NP_001375050.1	0	N/A	23.626	364	73	1.13e-20	97.1	poly(A) RNA polymerase GLD2 isoform 2 [Homo sapiens]	TRUE	TENT2
XP_005841882.1	NP_001375049.1	0	N/A	23.626	364	73	1.13e-20	97.1	poly(A) RNA polymerase GLD2 isoform 2 [Homo sapiens]	TRUE	TENT2
XP_005841882.1	NP_001375048.1	0	N/A	23.626	364	73	1.13e-20	97.1	poly(A) RNA polymerase GLD2 isoform 2 [Homo sapiens]	TRUE	TENT2
XP_005841882.1	NP_001375047.1	0	N/A	23.626	364	73	1.13e-20	97.1	poly(A) RNA polymerase GLD2 isoform 2 [Homo sapiens]	TRUE	TENT2
XP_005841882.1	NP_001375046.1	0	N/A	23.626	364	73	1.13e-20	97.1	poly(A) RNA polymerase GLD2 isoform 2 [Homo sapiens]	TRUE	TENT2
XP_005841882.1	NP_001375045.1	0	N/A	23.626	364	73	1.13e-20	97.1	poly(A) RNA polymerase GLD2 isoform 2 [Homo sapiens]	TRUE	TENT2
XP_005841882.1	NP_001375044.1	0	N/A	23.626	364	73	1.13e-20	97.1	poly(A) RNA polymerase GLD2 isoform 2 [Homo sapiens]	TRUE	TENT2
XP_005841882.1	NP_001375043.1	0	N/A	23.626	364	73	1.13e-20	97.1	poly(A) RNA polymerase GLD2 isoform 2 [Homo sapiens]	TRUE	TENT2
XP_005841882.1	NP_001336483.1	0	N/A	23.626	364	73	1.13e-20	97.1	poly(A) RNA polymerase GLD2 isoform 2 [Homo sapiens]	TRUE	TENT2
XP_005841882.1	NP_001284673.1	0	N/A	23.626	364	73	1.13e-20	97.1	poly(A) RNA polymerase GLD2 isoform 2 [Homo sapiens]	TRUE	TENT2
XP_005841882.1	NP_001375042.1	0	N/A	23.836	365	73	2.05e-20	96.3	poly(A) RNA polymerase GLD2 isoform 16 [Homo sapiens]	TRUE	TENT2
XP_005841882.1	XP_047272808.1	0	N/A	23.626	364	73	2.2e-20	96.3	poly(A) RNA polymerase GLD2 isoform X3 [Homo sapiens]	TRUE	TENT2
XP_005841882.1	XP_047272807.1	0	N/A	23.626	364	73	2.2e-20	96.3	poly(A) RNA polymerase GLD2 isoform X3 [Homo sapiens]	TRUE	TENT2
XP_005841882.1	XP_047272806.1	0	N/A	23.626	364	73	2.2e-20	96.3	poly(A) RNA polymerase GLD2 isoform X3 [Homo sapiens]	TRUE	TENT2
XP_005841882.1	NP_776158.2	0	N/A	23.626	364	73	2.2e-20	96.3	poly(A) RNA polymerase GLD2 isoform 1 [Homo sapiens]	TRUE	TENT2
XP_005841882.1	NP_001375041.1	0	N/A	23.626	364	73	2.2e-20	96.3	poly(A) RNA polymerase GLD2 isoform 1 [Homo sapiens]	TRUE	TENT2
XP_005841882.1	NP_001375040.1	0	N/A	23.626	364	73	2.2e-20	96.3	poly(A) RNA polymerase GLD2 isoform 1 [Homo sapiens]	TRUE	TENT2
XP_005841882.1	NP_001375039.1	0	N/A	23.626	364	73	2.2e-20	96.3	poly(A) RNA polymerase GLD2 isoform 1 [Homo sapiens]	TRUE	TENT2
XP_005841882.1	NP_001375038.1	0	N/A	23.626	364	73	2.2e-20	96.3	poly(A) RNA polymerase GLD2 isoform 1 [Homo sapiens]	TRUE	TENT2
XP_005841882.1	NP_001375037.1	0	N/A	23.626	364	73	2.2e-20	96.3	poly(A) RNA polymerase GLD2 isoform 1 [Homo sapiens]	TRUE	TENT2
XP_005841882.1	NP_001375036.1	0	N/A	23.626	364	73	2.2e-20	96.3	poly(A) RNA polymerase GLD2 isoform 1 [Homo sapiens]	TRUE	TENT2
XP_005841882.1	NP_001375035.1	0	N/A	23.626	364	73	2.2e-20	96.3	poly(A) RNA polymerase GLD2 isoform 1 [Homo sapiens]	TRUE	TENT2
XP_005841882.1	NP_001375034.1	0	N/A	23.626	364	73	2.2e-20	96.3	poly(A) RNA polymerase GLD2 isoform 1 [Homo sapiens]	TRUE	TENT2
XP_005841882.1	NP_001375032.1	0	N/A	23.626	364	73	2.2e-20	96.3	poly(A) RNA polymerase GLD2 isoform 1 [Homo sapiens]	TRUE	TENT2
XP_005841882.1	NP_001375031.1	0	N/A	23.626	364	73	2.2e-20	96.3	poly(A) RNA polymerase GLD2 isoform 1 [Homo sapiens]	TRUE	TENT2
XP_005841882.1	NP_001336482.1	0	N/A	23.626	364	73	2.2e-20	96.3	poly(A) RNA polymerase GLD2 isoform 1 [Homo sapiens]	TRUE	TENT2
XP_005841882.1	NP_001336481.1	0	N/A	23.626	364	73	2.2e-20	96.3	poly(A) RNA polymerase GLD2 isoform 1 [Homo sapiens]	TRUE	TENT2
XP_005841882.1	NP_001107866.1	0	N/A	23.626	364	73	2.2e-20	96.3	poly(A) RNA polymerase GLD2 isoform 1 [Homo sapiens]	TRUE	TENT2
XP_005841882.1	NP_001107865.1	0	N/A	23.626	364	73	2.2e-20	96.3	poly(A) RNA polymerase GLD2 isoform 1 [Homo sapiens]	TRUE	TENT2
XP_005841882.1	NP_001375060.1	0	N/A	23.626	364	73	2.27e-20	95.9	poly(A) RNA polymerase GLD2 isoform 11 [Homo sapiens]	TRUE	TENT2
XP_005841882.1	NP_001375030.1	0	N/A	24.638	345	69	5.2e-20	95.1	poly(A) RNA polymerase GLD2 isoform 9 [Homo sapiens]	TRUE	TENT2
XP_005841882.1	NP_001375029.1	0	N/A	24.638	345	69	1.05e-19	94.4	poly(A) RNA polymerase GLD2 isoform 8 [Homo sapiens]	TRUE	TENT2
XP_005841882.1	NP_001375028.1	0	N/A	24.638	345	69	1.05e-19	94.4	poly(A) RNA polymerase GLD2 isoform 8 [Homo sapiens]	TRUE	TENT2
XP_005841882.1	NP_060579.3	0	N/A	26.948	308	61	1.24e-17	88.2	poly(A) RNA polymerase, mitochondrial precursor [Homo sapiens]	TRUE	mtPAP
XP_005841882.1	NP_001375066.1	0	N/A	28.5	200	40	3.35e-17	84.3	poly(A) RNA polymerase GLD2 isoform 15 [Homo sapiens]	TRUE	TENT2
XP_005841882.1	XP_047272384.1	0	N/A	22.256	328	66	2.23e-15	81.6	terminal uridylyltransferase 4 isoform X46 [Homo sapiens]	TRUE	Tut4
XP_005841882.1	XP_011539401.1	0	N/A	22.256	328	66	2.27e-15	82	terminal uridylyltransferase 4 isoform X29 [Homo sapiens]	TRUE	Tut4
XP_005841882.1	XP_047272325.1	0	N/A	22.256	328	66	2.3e-15	82	terminal uridylyltransferase 4 isoform X23 [Homo sapiens]	TRUE	Tut4
XP_005841882.1	XP_005270735.1	0	N/A	22.256	328	66	2.35e-15	82	terminal uridylyltransferase 4 isoform X2 [Homo sapiens]	TRUE	Tut4
XP_005841882.1	XP_016856295.1	0	N/A	22.256	328	66	2.36e-15	82	terminal uridylyltransferase 4 isoform X25 [Homo sapiens]	TRUE	Tut4
XP_005841882.1	XP_047272285.1	0	N/A	22.256	328	66	2.4e-15	82	terminal uridylyltransferase 4 isoform X7 [Homo sapiens]	TRUE	Tut4
XP_005841882.1	XP_016856296.1	0	N/A	22.256	328	66	2.4e-15	82	terminal uridylyltransferase 4 isoform X28 [Homo sapiens]	TRUE	Tut4
XP_005841882.1	XP_047272345.1	0	N/A	22.256	328	66	2.41e-15	82	terminal uridylyltransferase 4 isoform X31 [Homo sapiens]	TRUE	Tut4
XP_005841882.1	XP_047272337.1	0	N/A	22.256	328	66	2.47e-15	81.6	terminal uridylyltransferase 4 isoform X27 [Homo sapiens]	TRUE	Tut4
XP_005841882.1	XP_011539399.1	0	N/A	22.256	328	66	2.52e-15	81.6	terminal uridylyltransferase 4 isoform X1 [Homo sapiens]	TRUE	Tut4
XP_005841882.1	XP_005270733.1	0	N/A	22.256	328	66	2.52e-15	81.6	terminal uridylyltransferase 4 isoform X1 [Homo sapiens]	TRUE	Tut4
XP_005841882.1	XP_005270739.1	0	N/A	22.256	328	66	2.73e-15	81.6	terminal uridylyltransferase 4 isoform X33 [Homo sapiens]	TRUE	Tut4
XP_005841882.1	XP_016856292.1	0	N/A	22.256	328	66	2.78e-15	81.6	terminal uridylyltransferase 4 isoform X9 [Homo sapiens]	TRUE	Tut4
XP_005841882.1	XP_047272283.1	0	N/A	22.256	328	66	2.79e-15	81.6	terminal uridylyltransferase 4 isoform X6 [Homo sapiens]	TRUE	Tut4
XP_005841882.1	XP_005270737.1	0	N/A	22.256	328	66	2.79e-15	81.6	terminal uridylyltransferase 4 isoform X6 [Homo sapiens]	TRUE	Tut4
XP_005841882.1	XP_047272281.1	0	N/A	22.256	328	66	2.82e-15	81.6	terminal uridylyltransferase 4 isoform X4 [Homo sapiens]	TRUE	Tut4
XP_005841882.1	NP_001009881.1	0	N/A	22.256	328	66	2.82e-15	81.6	terminal uridylyltransferase 4 isoform a [Homo sapiens]	TRUE	Tut4
XP_005841882.1	XP_016856297.1	0	N/A	22.256	328	66	2.82e-15	81.6	terminal uridylyltransferase 4 isoform X36 [Homo sapiens]	TRUE	Tut4
XP_005841882.1	XP_047272282.1	0	N/A	22.256	328	66	2.87e-15	81.6	terminal uridylyltransferase 4 isoform X5 [Homo sapiens]	TRUE	Tut4
XP_005841882.1	NP_056084.1	0	N/A	22.256	328	66	2.87e-15	81.6	terminal uridylyltransferase 4 isoform b [Homo sapiens]	TRUE	Tut4
XP_005841882.1	XP_047272280.1	0	N/A	22.256	328	66	3.05e-15	81.6	terminal uridylyltransferase 4 isoform X3 [Homo sapiens]	TRUE	Tut4
XP_005841882.1	XP_005270736.1	0	N/A	22.256	328	66	3.05e-15	81.6	terminal uridylyltransferase 4 isoform X3 [Homo sapiens]	TRUE	Tut4
XP_005841882.1	XP_047272288.1	0	N/A	22.256	328	66	3.23e-15	81.6	terminal uridylyltransferase 4 isoform X10 [Homo sapiens]	TRUE	Tut4
XP_005841882.1	XP_016856299.1	0	N/A	22.256	328	66	3.42e-15	81.3	terminal uridylyltransferase 4 isoform X40 [Homo sapiens]	TRUE	Tut4
XP_005841882.1	XP_047272365.1	0	N/A	22.256	328	66	3.51e-15	81.3	terminal uridylyltransferase 4 isoform X38 [Homo sapiens]	TRUE	Tut4
XP_005841882.1	XP_016856293.1	0	N/A	22.256	328	66	3.65e-15	81.3	terminal uridylyltransferase 4 isoform X16 [Homo sapiens]	TRUE	Tut4
XP_005841882.1	XP_005252265.1	0	N/A	24.068	295	58	1.46e-14	79.3	terminal uridylyltransferase 7 isoform X7 [Homo sapiens]	TRUE	Tut7
XP_005841882.1	XP_047272350.1	0	N/A	22.841	359	72	1.91e-14	79	terminal uridylyltransferase 4 isoform X34 [Homo sapiens]	TRUE	Tut4
XP_005841882.1	XP_047272344.1	0	N/A	22.841	359	72	1.98e-14	79	terminal uridylyltransferase 4 isoform X30 [Homo sapiens]	TRUE	Tut4
XP_005842382.1	XP_047290433.1	0	N/A	27.07	314	68	1.98e-24	107	terminal nucleotidyltransferase 4B isoform X6 [Homo sapiens]	TRUE	TENT4B
XP_005842382.1	XP_011521580.1	0	N/A	27.07	314	68	2.46e-24	107	terminal nucleotidyltransferase 4B isoform X5 [Homo sapiens]	TRUE	TENT4B
XP_005842382.1	NP_001035374.2	0	N/A	27.01	311	68	5.67e-24	107	terminal nucleotidyltransferase 4B isoform a [Homo sapiens]	TRUE	TENT4B
XP_005842382.1	XP_011521577.1	0	N/A	27.01	311	68	5.67e-24	107	terminal nucleotidyltransferase 4B isoform X1 [Homo sapiens]	TRUE	TENT4B
XP_005842382.1	NP_001035375.2	0	N/A	27.01	311	68	6.73e-24	107	terminal nucleotidyltransferase 4B isoform b [Homo sapiens]	TRUE	TENT4B
XP_005842382.1	XP_011521578.1	0	N/A	27.01	311	68	6.74e-24	107	terminal nucleotidyltransferase 4B isoform X2 [Homo sapiens]	TRUE	TENT4B
XP_005842382.1	XP_047290432.1	0	N/A	27.01	311	68	1.13e-23	106	terminal nucleotidyltransferase 4B isoform X4 [Homo sapiens]	TRUE	TENT4B
XP_005842382.1	NP_001352252.1	0	N/A	27.01	311	68	1.17e-23	106	terminal nucleotidyltransferase 4B isoform c [Homo sapiens]	TRUE	TENT4B
XP_005842382.1	NP_001352253.1	0	N/A	27.01	311	68	1.35e-23	106	terminal nucleotidyltransferase 4B isoform d [Homo sapiens]	TRUE	TENT4B
XP_005842382.1	XP_047290431.1	0	N/A	27.01	311	68	1.59e-23	105	terminal nucleotidyltransferase 4B isoform X3 [Homo sapiens]	TRUE	TENT4B
XP_005842382.1	NP_001165276.2	0	N/A	26.797	306	68	4.3e-23	104	terminal nucleotidyltransferase 4A isoform 2 [Homo sapiens]	TRUE	TENT4A
XP_005842382.1	NP_008930.2	0	N/A	26.797	306	68	4.76e-23	104	terminal nucleotidyltransferase 4A isoform 1 [Homo sapiens]	TRUE	TENT4A
XP_005842382.1	XP_047272622.1	0	N/A	26.667	285	63	2.76e-20	95.9	terminal nucleotidyltransferase 4A isoform X1 [Homo sapiens]	TRUE	TENT4A
XP_005842382.1	XP_047272621.1	0	N/A	26.667	285	63	2.76e-20	95.9	terminal nucleotidyltransferase 4A isoform X1 [Homo sapiens]	TRUE	TENT4A
XP_005842382.1	XP_047272620.1	0	N/A	26.667	285	63	2.76e-20	95.9	terminal nucleotidyltransferase 4A isoform X1 [Homo sapiens]	TRUE	TENT4A
XP_005842382.1	XP_047272623.1	0	N/A	26.667	285	63	3.28e-20	95.5	terminal nucleotidyltransferase 4A isoform X2 [Homo sapiens]	TRUE	TENT4A
XP_005842382.1	XP_016864477.1	0	N/A	26.667	285	63	3.28e-20	95.5	terminal nucleotidyltransferase 4A isoform X2 [Homo sapiens]	TRUE	TENT4A
XP_005842382.1	XP_047272624.1	0	N/A	26.667	285	63	3.42e-20	95.5	terminal nucleotidyltransferase 4A isoform X3 [Homo sapiens]	TRUE	TENT4A
XP_005842382.1	XP_047272372.1	0	N/A	28.302	159	33	3.52e-09	62	terminal uridylyltransferase 4 isoform X42 [Homo sapiens]	TRUE	Tut4
XP_005842382.1	XP_047272295.1	0	N/A	28.302	159	33	3.56e-09	62	terminal uridylyltransferase 4 isoform X12 [Homo sapiens]	TRUE	Tut4
XP_005842382.1	XP_047272296.1	0	N/A	28.302	159	33	3.69e-09	62	terminal uridylyltransferase 4 isoform X13 [Homo sapiens]	TRUE	Tut4
XP_005842382.1	XP_047272286.1	0	N/A	28.302	159	33	3.82e-09	61.6	terminal uridylyltransferase 4 isoform X8 [Homo sapiens]	TRUE	Tut4
XP_005842382.1	XP_047272344.1	0	N/A	28.302	159	33	3.86e-09	61.6	terminal uridylyltransferase 4 isoform X30 [Homo sapiens]	TRUE	Tut4
XP_005842382.1	XP_047272305.1	0	N/A	28.302	159	33	3.95e-09	61.6	terminal uridylyltransferase 4 isoform X17 [Homo sapiens]	TRUE	Tut4
XP_005842382.1	XP_047272290.1	0	N/A	28.302	159	33	3.99e-09	61.6	terminal uridylyltransferase 4 isoform X11 [Homo sapiens]	TRUE	Tut4
XP_005842382.1	XP_047272350.1	0	N/A	28.302	159	33	3.99e-09	61.6	terminal uridylyltransferase 4 isoform X34 [Homo sapiens]	TRUE	Tut4
XP_005842382.1	XP_047272384.1	0	N/A	27.219	169	35	4.68e-07	55.1	terminal uridylyltransferase 4 isoform X46 [Homo sapiens]	TRUE	Tut4
XP_005842382.1	XP_047272285.1	0	N/A	27.219	169	35	6.31e-07	54.7	terminal uridylyltransferase 4 isoform X7 [Homo sapiens]	TRUE	Tut4
XP_005842382.1	XP_016856292.1	0	N/A	27.219	169	35	6.47e-07	54.7	terminal uridylyltransferase 4 isoform X9 [Homo sapiens]	TRUE	Tut4
XP_005842382.1	XP_005270739.1	0	N/A	27.219	169	35	6.48e-07	54.7	terminal uridylyltransferase 4 isoform X33 [Homo sapiens]	TRUE	Tut4
XP_005842382.1	XP_005270735.1	0	N/A	27.219	169	35	6.49e-07	54.7	terminal uridylyltransferase 4 isoform X2 [Homo sapiens]	TRUE	Tut4
XP_005842382.1	XP_047272281.1	0	N/A	27.219	169	35	6.54e-07	54.7	terminal uridylyltransferase 4 isoform X4 [Homo sapiens]	TRUE	Tut4
XP_005842382.1	NP_001009881.1	0	N/A	27.219	169	35	6.54e-07	54.7	terminal uridylyltransferase 4 isoform a [Homo sapiens]	TRUE	Tut4
XP_005842382.1	XP_011539399.1	0	N/A	27.219	169	35	6.55e-07	54.7	terminal uridylyltransferase 4 isoform X1 [Homo sapiens]	TRUE	Tut4
XP_005842382.1	XP_005270733.1	0	N/A	27.219	169	35	6.55e-07	54.7	terminal uridylyltransferase 4 isoform X1 [Homo sapiens]	TRUE	Tut4
XP_005842382.1	XP_047272282.1	0	N/A	27.219	169	35	6.6e-07	54.7	terminal uridylyltransferase 4 isoform X5 [Homo sapiens]	TRUE	Tut4
XP_005842382.1	NP_056084.1	0	N/A	27.219	169	35	6.6e-07	54.7	terminal uridylyltransferase 4 isoform b [Homo sapiens]	TRUE	Tut4
XP_005842382.1	XP_016856297.1	0	N/A	27.219	169	35	6.65e-07	54.7	terminal uridylyltransferase 4 isoform X36 [Homo sapiens]	TRUE	Tut4
XP_005842382.1	XP_047272280.1	0	N/A	27.219	169	35	6.71e-07	54.7	terminal uridylyltransferase 4 isoform X3 [Homo sapiens]	TRUE	Tut4
XP_005842382.1	XP_005270736.1	0	N/A	27.219	169	35	6.71e-07	54.7	terminal uridylyltransferase 4 isoform X3 [Homo sapiens]	TRUE	Tut4
XP_005842382.1	XP_047272283.1	0	N/A	27.219	169	35	6.83e-07	54.7	terminal uridylyltransferase 4 isoform X6 [Homo sapiens]	TRUE	Tut4
XP_005842382.1	XP_005270737.1	0	N/A	27.219	169	35	6.83e-07	54.7	terminal uridylyltransferase 4 isoform X6 [Homo sapiens]	TRUE	Tut4
XP_005842382.1	XP_047272345.1	0	N/A	27.219	169	35	6.89e-07	54.7	terminal uridylyltransferase 4 isoform X31 [Homo sapiens]	TRUE	Tut4
XP_005842382.1	XP_047272325.1	0	N/A	27.219	169	35	6.91e-07	54.7	terminal uridylyltransferase 4 isoform X23 [Homo sapiens]	TRUE	Tut4
XP_005842382.1	XP_047272337.1	0	N/A	27.219	169	35	7.03e-07	54.7	terminal uridylyltransferase 4 isoform X27 [Homo sapiens]	TRUE	Tut4
XP_005842382.1	XP_047272365.1	0	N/A	27.219	169	35	7.12e-07	54.7	terminal uridylyltransferase 4 isoform X38 [Homo sapiens]	TRUE	Tut4
XP_005842382.1	XP_016856295.1	0	N/A	27.219	169	35	7.15e-07	54.7	terminal uridylyltransferase 4 isoform X25 [Homo sapiens]	TRUE	Tut4
XP_005842382.1	XP_047272288.1	0	N/A	27.219	169	35	7.24e-07	54.7	terminal uridylyltransferase 4 isoform X10 [Homo sapiens]	TRUE	Tut4
XP_005842382.1	XP_016856293.1	0	N/A	27.219	169	35	7.3e-07	54.3	terminal uridylyltransferase 4 isoform X16 [Homo sapiens]	TRUE	Tut4
XP_005842382.1	XP_016856299.1	0	N/A	27.219	169	35	7.31e-07	54.3	terminal uridylyltransferase 4 isoform X40 [Homo sapiens]	TRUE	Tut4
XP_005842382.1	XP_011539401.1	0	N/A	27.219	169	35	7.32e-07	54.3	terminal uridylyltransferase 4 isoform X29 [Homo sapiens]	TRUE	Tut4
XP_005842382.1	XP_016856296.1	0	N/A	27.219	169	35	7.46e-07	54.3	terminal uridylyltransferase 4 isoform X28 [Homo sapiens]	TRUE	Tut4
XP_005842382.1	XP_047279825.1	0	N/A	21.608	398	79	0.002	43.5	terminal uridylyltransferase 7 isoform X6 [Homo sapiens]	TRUE	Tut7
XP_005842382.1	XP_047279824.1	0	N/A	21.608	398	79	0.002	43.5	terminal uridylyltransferase 7 isoform X6 [Homo sapiens]	TRUE	Tut7
XP_005842382.1	XP_005252264.1	0	N/A	21.608	398	79	0.002	43.5	terminal uridylyltransferase 7 isoform X6 [Homo sapiens]	TRUE	Tut7
XP_005842382.1	XP_005252265.1	0	N/A	21.684	392	79	0.002	43.1	terminal uridylyltransferase 7 isoform X7 [Homo sapiens]	TRUE	Tut7
XP_005842382.1	XP_011517317.1	0	N/A	21.608	398	79	0.002	43.1	terminal uridylyltransferase 7 isoform X3 [Homo sapiens]	TRUE	Tut7
XP_005842382.1	XP_016870620.1	0	N/A	21.608	398	79	0.002	43.1	terminal uridylyltransferase 7 isoform X4 [Homo sapiens]	TRUE	Tut7
XP_005842382.1	XP_016870619.1	0	N/A	21.608	398	79	0.002	43.1	terminal uridylyltransferase 7 isoform X4 [Homo sapiens]	TRUE	Tut7
XP_005842382.1	NP_078893.2	0	N/A	21.608	398	79	0.002	43.1	terminal uridylyltransferase 7 isoform 1 [Homo sapiens]	TRUE	Tut7
XP_005842382.1	NP_001171988.1	0	N/A	21.608	398	79	0.002	43.1	terminal uridylyltransferase 7 isoform 1 [Homo sapiens]	TRUE	Tut7
XP_005842382.1	XP_047279823.1	0	N/A	21.608	398	79	0.002	43.1	terminal uridylyltransferase 7 isoform X2 [Homo sapiens]	TRUE	Tut7
XP_005842382.1	XP_006717346.1	0	N/A	21.608	398	79	0.002	43.1	terminal uridylyltransferase 7 isoform X2 [Homo sapiens]	TRUE	Tut7
XP_005842382.1	XP_011517316.1	0	N/A	21.684	392	79	0.002	43.1	terminal uridylyltransferase 7 isoform X1 [Homo sapiens]	TRUE	Tut7
XP_005842382.1	XP_011517315.1	0	N/A	21.684	392	79	0.002	43.1	terminal uridylyltransferase 7 isoform X1 [Homo sapiens]	TRUE	Tut7
XP_005842382.1	XP_011517314.1	0	N/A	21.684	392	79	0.002	43.1	terminal uridylyltransferase 7 isoform X1 [Homo sapiens]	TRUE	Tut7
XP_005842382.1	XP_011517313.1	0	N/A	21.684	392	79	0.002	43.1	terminal uridylyltransferase 7 isoform X1 [Homo sapiens]	TRUE	Tut7
XP_005842382.1	XP_011517318.1	0	N/A	21.608	398	79	0.002	43.1	terminal uridylyltransferase 7 isoform X5 [Homo sapiens]	TRUE	Tut7
XP_005842382.1	NP_001375059.1	0	N/A	23.784	185	38	0.009	41.2	poly(A) RNA polymerase GLD2 isoform 10 [Homo sapiens]	TRUE	TENT2
XP_005842382.1	XP_047272811.1	0	N/A	23.784	185	38	0.01	40.8	poly(A) RNA polymerase GLD2 isoform X4 [Homo sapiens]	TRUE	TENT2
XP_005842382.1	XP_047272810.1	0	N/A	23.784	185	38	0.01	40.8	poly(A) RNA polymerase GLD2 isoform X4 [Homo sapiens]	TRUE	TENT2
XP_005842382.1	XP_047272809.1	0	N/A	23.784	185	38	0.01	40.8	poly(A) RNA polymerase GLD2 isoform X4 [Homo sapiens]	TRUE	TENT2
XP_005842382.1	NP_001375058.1	0	N/A	23.784	185	38	0.01	40.8	poly(A) RNA polymerase GLD2 isoform 2 [Homo sapiens]	TRUE	TENT2
XP_005842382.1	NP_001375057.1	0	N/A	23.784	185	38	0.01	40.8	poly(A) RNA polymerase GLD2 isoform 2 [Homo sapiens]	TRUE	TENT2
XP_005842382.1	NP_001375056.1	0	N/A	23.784	185	38	0.01	40.8	poly(A) RNA polymerase GLD2 isoform 2 [Homo sapiens]	TRUE	TENT2
XP_005842382.1	NP_001375055.1	0	N/A	23.784	185	38	0.01	40.8	poly(A) RNA polymerase GLD2 isoform 2 [Homo sapiens]	TRUE	TENT2
XP_005842382.1	NP_001375054.1	0	N/A	23.784	185	38	0.01	40.8	poly(A) RNA polymerase GLD2 isoform 2 [Homo sapiens]	TRUE	TENT2
XP_005842382.1	NP_001375053.1	0	N/A	23.784	185	38	0.01	40.8	poly(A) RNA polymerase GLD2 isoform 2 [Homo sapiens]	TRUE	TENT2
XP_005842382.1	NP_001375052.1	0	N/A	23.784	185	38	0.01	40.8	poly(A) RNA polymerase GLD2 isoform 2 [Homo sapiens]	TRUE	TENT2
XP_005842382.1	NP_001375051.1	0	N/A	23.784	185	38	0.01	40.8	poly(A) RNA polymerase GLD2 isoform 2 [Homo sapiens]	TRUE	TENT2
XP_005842382.1	NP_001375050.1	0	N/A	23.784	185	38	0.01	40.8	poly(A) RNA polymerase GLD2 isoform 2 [Homo sapiens]	TRUE	TENT2
XP_005842382.1	NP_001375049.1	0	N/A	23.784	185	38	0.01	40.8	poly(A) RNA polymerase GLD2 isoform 2 [Homo sapiens]	TRUE	TENT2
XP_005842382.1	NP_001375048.1	0	N/A	23.784	185	38	0.01	40.8	poly(A) RNA polymerase GLD2 isoform 2 [Homo sapiens]	TRUE	TENT2
XP_005842382.1	NP_001375047.1	0	N/A	23.784	185	38	0.01	40.8	poly(A) RNA polymerase GLD2 isoform 2 [Homo sapiens]	TRUE	TENT2
XP_005842382.1	NP_001375046.1	0	N/A	23.784	185	38	0.01	40.8	poly(A) RNA polymerase GLD2 isoform 2 [Homo sapiens]	TRUE	TENT2
XP_005842382.1	NP_001375045.1	0	N/A	23.784	185	38	0.01	40.8	poly(A) RNA polymerase GLD2 isoform 2 [Homo sapiens]	TRUE	TENT2
XP_005842382.1	NP_001375044.1	0	N/A	23.784	185	38	0.01	40.8	poly(A) RNA polymerase GLD2 isoform 2 [Homo sapiens]	TRUE	TENT2
XP_005842382.1	NP_001375043.1	0	N/A	23.784	185	38	0.01	40.8	poly(A) RNA polymerase GLD2 isoform 2 [Homo sapiens]	TRUE	TENT2
XP_005842382.1	NP_001336483.1	0	N/A	23.784	185	38	0.01	40.8	poly(A) RNA polymerase GLD2 isoform 2 [Homo sapiens]	TRUE	TENT2
XP_005842382.1	NP_001284673.1	0	N/A	23.784	185	38	0.01	40.8	poly(A) RNA polymerase GLD2 isoform 2 [Homo sapiens]	TRUE	TENT2
XP_005842382.1	NP_001375061.1	0	N/A	23.784	185	38	0.01	40.8	poly(A) RNA polymerase GLD2 isoform 12 [Homo sapiens]	TRUE	TENT2
XP_005842382.1	NP_001375065.1	0	N/A	23.656	186	38	0.024	39.3	poly(A) RNA polymerase GLD2 isoform 14 [Homo sapiens]	TRUE	TENT2
XP_005996422.1	NP_001352253.1	0	N/A	74.003	577	92	0	794	terminal nucleotidyltransferase 4B isoform d [Homo sapiens]	TRUE	TENT4B
XP_005996422.1	XP_047290431.1	0	N/A	74.908	542	86	0	752	terminal nucleotidyltransferase 4B isoform X3 [Homo sapiens]	TRUE	TENT4B
XP_005996422.1	NP_001352252.1	0	N/A	73.07	557	89	0	750	terminal nucleotidyltransferase 4B isoform c [Homo sapiens]	TRUE	TENT4B
XP_005996422.1	XP_011521577.1	0	N/A	76.97	495	81	0	731	terminal nucleotidyltransferase 4B isoform X1 [Homo sapiens]	TRUE	TENT4B
XP_005996422.1	NP_001035374.2	0	N/A	76.97	495	81	0	731	terminal nucleotidyltransferase 4B isoform a [Homo sapiens]	TRUE	TENT4B
XP_005996422.1	XP_047290432.1	0	N/A	73.946	522	83	0	708	terminal nucleotidyltransferase 4B isoform X4 [Homo sapiens]	TRUE	TENT4B
XP_005996422.1	XP_011521578.1	0	N/A	78.261	460	76	0	689	terminal nucleotidyltransferase 4B isoform X2 [Homo sapiens]	TRUE	TENT4B
XP_005996422.1	NP_001035375.2	0	N/A	78.261	460	76	0	689	terminal nucleotidyltransferase 4B isoform b [Homo sapiens]	TRUE	TENT4B
XP_005996422.1	XP_011521580.1	0	N/A	88.333	360	61	0	665	terminal nucleotidyltransferase 4B isoform X5 [Homo sapiens]	TRUE	TENT4B
XP_005996422.1	XP_047290433.1	0	N/A	91.385	325	55	0	624	terminal nucleotidyltransferase 4B isoform X6 [Homo sapiens]	TRUE	TENT4B
XP_005996422.1	NP_008930.2	0	N/A	67.758	397	65	0	549	terminal nucleotidyltransferase 4A isoform 1 [Homo sapiens]	TRUE	TENT4A
XP_005996422.1	NP_001165276.2	0	N/A	67.758	397	65	0	549	terminal nucleotidyltransferase 4A isoform 2 [Homo sapiens]	TRUE	TENT4A
XP_005996422.1	XP_047272622.1	0	N/A	70.517	329	54	6.14e-168	491	terminal nucleotidyltransferase 4A isoform X1 [Homo sapiens]	TRUE	TENT4A
XP_005996422.1	XP_047272621.1	0	N/A	70.517	329	54	6.14e-168	491	terminal nucleotidyltransferase 4A isoform X1 [Homo sapiens]	TRUE	TENT4A
XP_005996422.1	XP_047272620.1	0	N/A	70.517	329	54	6.14e-168	491	terminal nucleotidyltransferase 4A isoform X1 [Homo sapiens]	TRUE	TENT4A
XP_005996422.1	XP_047272624.1	0	N/A	70.625	320	52	7.49e-164	479	terminal nucleotidyltransferase 4A isoform X3 [Homo sapiens]	TRUE	TENT4A
XP_005996422.1	XP_047272623.1	0	N/A	70.625	320	52	7.74e-164	479	terminal nucleotidyltransferase 4A isoform X2 [Homo sapiens]	TRUE	TENT4A
XP_005996422.1	XP_016864477.1	0	N/A	70.625	320	52	7.74e-164	479	terminal nucleotidyltransferase 4A isoform X2 [Homo sapiens]	TRUE	TENT4A
XP_005996422.1	NP_001317647.1	0	N/A	28.804	184	30	4.72e-11	68.6	terminal uridylyltransferase 7 isoform 3 [Homo sapiens]	TRUE	Tut7
XP_005996422.1	XP_047279823.1	0	N/A	28.804	184	30	6.39e-11	68.2	terminal uridylyltransferase 7 isoform X2 [Homo sapiens]	TRUE	Tut7
XP_005996422.1	XP_006717346.1	0	N/A	28.804	184	30	6.39e-11	68.2	terminal uridylyltransferase 7 isoform X2 [Homo sapiens]	TRUE	Tut7
XP_005996422.1	XP_005252265.1	0	N/A	28.804	184	30	6.92e-11	68.2	terminal uridylyltransferase 7 isoform X7 [Homo sapiens]	TRUE	Tut7
XP_005996422.1	XP_011517318.1	0	N/A	28.804	184	30	6.98e-11	68.2	terminal uridylyltransferase 7 isoform X5 [Homo sapiens]	TRUE	Tut7
XP_005996422.1	XP_047279825.1	0	N/A	28.804	184	30	7.09e-11	68.2	terminal uridylyltransferase 7 isoform X6 [Homo sapiens]	TRUE	Tut7
XP_005996422.1	XP_047279824.1	0	N/A	28.804	184	30	7.09e-11	68.2	terminal uridylyltransferase 7 isoform X6 [Homo sapiens]	TRUE	Tut7
XP_005996422.1	XP_005252264.1	0	N/A	28.804	184	30	7.09e-11	68.2	terminal uridylyltransferase 7 isoform X6 [Homo sapiens]	TRUE	Tut7
XP_005996422.1	XP_016870620.1	0	N/A	28.804	184	30	7.16e-11	68.2	terminal uridylyltransferase 7 isoform X4 [Homo sapiens]	TRUE	Tut7
XP_005996422.1	XP_016870619.1	0	N/A	28.804	184	30	7.16e-11	68.2	terminal uridylyltransferase 7 isoform X4 [Homo sapiens]	TRUE	Tut7
XP_005996422.1	NP_078893.2	0	N/A	28.804	184	30	7.16e-11	68.2	terminal uridylyltransferase 7 isoform 1 [Homo sapiens]	TRUE	Tut7
XP_005996422.1	NP_001171988.1	0	N/A	28.804	184	30	7.16e-11	68.2	terminal uridylyltransferase 7 isoform 1 [Homo sapiens]	TRUE	Tut7
XP_005996422.1	XP_011517317.1	0	N/A	28.804	184	30	7.21e-11	68.2	terminal uridylyltransferase 7 isoform X3 [Homo sapiens]	TRUE	Tut7
XP_005996422.1	XP_011517316.1	0	N/A	28.804	184	30	7.67e-11	68.2	terminal uridylyltransferase 7 isoform X1 [Homo sapiens]	TRUE	Tut7
XP_005996422.1	XP_011517315.1	0	N/A	28.804	184	30	7.67e-11	68.2	terminal uridylyltransferase 7 isoform X1 [Homo sapiens]	TRUE	Tut7
XP_005996422.1	XP_011517314.1	0	N/A	28.804	184	30	7.67e-11	68.2	terminal uridylyltransferase 7 isoform X1 [Homo sapiens]	TRUE	Tut7
XP_005996422.1	XP_011517313.1	0	N/A	28.804	184	30	7.67e-11	68.2	terminal uridylyltransferase 7 isoform X1 [Homo sapiens]	TRUE	Tut7
XP_005996422.1	NP_001375059.1	0	N/A	21.895	306	45	3.82e-08	58.5	poly(A) RNA polymerase GLD2 isoform 10 [Homo sapiens]	TRUE	TENT2
XP_005996422.1	XP_047272811.1	0	N/A	21.895	306	45	3.97e-08	58.5	poly(A) RNA polymerase GLD2 isoform X4 [Homo sapiens]	TRUE	TENT2
XP_005996422.1	XP_047272810.1	0	N/A	21.895	306	45	3.97e-08	58.5	poly(A) RNA polymerase GLD2 isoform X4 [Homo sapiens]	TRUE	TENT2
XP_005996422.1	XP_047272809.1	0	N/A	21.895	306	45	3.97e-08	58.5	poly(A) RNA polymerase GLD2 isoform X4 [Homo sapiens]	TRUE	TENT2
XP_005996422.1	NP_001375058.1	0	N/A	21.895	306	45	3.97e-08	58.5	poly(A) RNA polymerase GLD2 isoform 2 [Homo sapiens]	TRUE	TENT2
XP_005996422.1	NP_001375057.1	0	N/A	21.895	306	45	3.97e-08	58.5	poly(A) RNA polymerase GLD2 isoform 2 [Homo sapiens]	TRUE	TENT2
XP_005996422.1	NP_001375056.1	0	N/A	21.895	306	45	3.97e-08	58.5	poly(A) RNA polymerase GLD2 isoform 2 [Homo sapiens]	TRUE	TENT2
XP_005996422.1	NP_001375055.1	0	N/A	21.895	306	45	3.97e-08	58.5	poly(A) RNA polymerase GLD2 isoform 2 [Homo sapiens]	TRUE	TENT2
XP_005996422.1	NP_001375054.1	0	N/A	21.895	306	45	3.97e-08	58.5	poly(A) RNA polymerase GLD2 isoform 2 [Homo sapiens]	TRUE	TENT2
XP_005996422.1	NP_001375053.1	0	N/A	21.895	306	45	3.97e-08	58.5	poly(A) RNA polymerase GLD2 isoform 2 [Homo sapiens]	TRUE	TENT2
XP_005996422.1	NP_001375052.1	0	N/A	21.895	306	45	3.97e-08	58.5	poly(A) RNA polymerase GLD2 isoform 2 [Homo sapiens]	TRUE	TENT2
XP_005996422.1	NP_001375051.1	0	N/A	21.895	306	45	3.97e-08	58.5	poly(A) RNA polymerase GLD2 isoform 2 [Homo sapiens]	TRUE	TENT2
XP_005996422.1	NP_001375050.1	0	N/A	21.895	306	45	3.97e-08	58.5	poly(A) RNA polymerase GLD2 isoform 2 [Homo sapiens]	TRUE	TENT2
XP_005996422.1	NP_001375049.1	0	N/A	21.895	306	45	3.97e-08	58.5	poly(A) RNA polymerase GLD2 isoform 2 [Homo sapiens]	TRUE	TENT2
XP_005996422.1	NP_001375048.1	0	N/A	21.895	306	45	3.97e-08	58.5	poly(A) RNA polymerase GLD2 isoform 2 [Homo sapiens]	TRUE	TENT2
XP_005996422.1	NP_001375047.1	0	N/A	21.895	306	45	3.97e-08	58.5	poly(A) RNA polymerase GLD2 isoform 2 [Homo sapiens]	TRUE	TENT2
XP_005996422.1	NP_001375046.1	0	N/A	21.895	306	45	3.97e-08	58.5	poly(A) RNA polymerase GLD2 isoform 2 [Homo sapiens]	TRUE	TENT2
XP_005996422.1	NP_001375045.1	0	N/A	21.895	306	45	3.97e-08	58.5	poly(A) RNA polymerase GLD2 isoform 2 [Homo sapiens]	TRUE	TENT2
XP_005996422.1	NP_001375044.1	0	N/A	21.895	306	45	3.97e-08	58.5	poly(A) RNA polymerase GLD2 isoform 2 [Homo sapiens]	TRUE	TENT2
XP_005996422.1	NP_001375043.1	0	N/A	21.895	306	45	3.97e-08	58.5	poly(A) RNA polymerase GLD2 isoform 2 [Homo sapiens]	TRUE	TENT2
XP_005996422.1	NP_001336483.1	0	N/A	21.895	306	45	3.97e-08	58.5	poly(A) RNA polymerase GLD2 isoform 2 [Homo sapiens]	TRUE	TENT2
XP_005996422.1	NP_001284673.1	0	N/A	21.895	306	45	3.97e-08	58.5	poly(A) RNA polymerase GLD2 isoform 2 [Homo sapiens]	TRUE	TENT2
XP_005996422.1	NP_001375061.1	0	N/A	21.895	306	45	7.13e-08	57.8	poly(A) RNA polymerase GLD2 isoform 12 [Homo sapiens]	TRUE	TENT2
XP_005996422.1	NP_001375042.1	0	N/A	21.429	308	45	1.13e-07	57.4	poly(A) RNA polymerase GLD2 isoform 16 [Homo sapiens]	TRUE	TENT2
XP_005996422.1	NP_001375065.1	0	N/A	21.895	306	45	1.14e-07	56.6	poly(A) RNA polymerase GLD2 isoform 14 [Homo sapiens]	TRUE	TENT2
XP_005996422.1	XP_047272808.1	0	N/A	21.429	308	45	1.23e-07	57	poly(A) RNA polymerase GLD2 isoform X3 [Homo sapiens]	TRUE	TENT2
XP_005996422.1	XP_047272807.1	0	N/A	21.429	308	45	1.23e-07	57	poly(A) RNA polymerase GLD2 isoform X3 [Homo sapiens]	TRUE	TENT2
XP_005996422.1	XP_047272806.1	0	N/A	21.429	308	45	1.23e-07	57	poly(A) RNA polymerase GLD2 isoform X3 [Homo sapiens]	TRUE	TENT2
XP_005996422.1	NP_776158.2	0	N/A	21.429	308	45	1.23e-07	57	poly(A) RNA polymerase GLD2 isoform 1 [Homo sapiens]	TRUE	TENT2
XP_005996422.1	NP_001375041.1	0	N/A	21.429	308	45	1.23e-07	57	poly(A) RNA polymerase GLD2 isoform 1 [Homo sapiens]	TRUE	TENT2
XP_005996422.1	NP_001375040.1	0	N/A	21.429	308	45	1.23e-07	57	poly(A) RNA polymerase GLD2 isoform 1 [Homo sapiens]	TRUE	TENT2
XP_005996422.1	NP_001375039.1	0	N/A	21.429	308	45	1.23e-07	57	poly(A) RNA polymerase GLD2 isoform 1 [Homo sapiens]	TRUE	TENT2
XP_005996422.1	NP_001375038.1	0	N/A	21.429	308	45	1.23e-07	57	poly(A) RNA polymerase GLD2 isoform 1 [Homo sapiens]	TRUE	TENT2
XP_005996422.1	NP_001375037.1	0	N/A	21.429	308	45	1.23e-07	57	poly(A) RNA polymerase GLD2 isoform 1 [Homo sapiens]	TRUE	TENT2
XP_005996422.1	NP_001375036.1	0	N/A	21.429	308	45	1.23e-07	57	poly(A) RNA polymerase GLD2 isoform 1 [Homo sapiens]	TRUE	TENT2
XP_005996422.1	NP_001375035.1	0	N/A	21.429	308	45	1.23e-07	57	poly(A) RNA polymerase GLD2 isoform 1 [Homo sapiens]	TRUE	TENT2
XP_005996422.1	NP_001375034.1	0	N/A	21.429	308	45	1.23e-07	57	poly(A) RNA polymerase GLD2 isoform 1 [Homo sapiens]	TRUE	TENT2
XP_005996422.1	NP_001375032.1	0	N/A	21.429	308	45	1.23e-07	57	poly(A) RNA polymerase GLD2 isoform 1 [Homo sapiens]	TRUE	TENT2
XP_005996422.1	NP_001375031.1	0	N/A	21.429	308	45	1.23e-07	57	poly(A) RNA polymerase GLD2 isoform 1 [Homo sapiens]	TRUE	TENT2
XP_005996422.1	NP_001336482.1	0	N/A	21.429	308	45	1.23e-07	57	poly(A) RNA polymerase GLD2 isoform 1 [Homo sapiens]	TRUE	TENT2
XP_005996422.1	NP_001336481.1	0	N/A	21.429	308	45	1.23e-07	57	poly(A) RNA polymerase GLD2 isoform 1 [Homo sapiens]	TRUE	TENT2
XP_005996422.1	NP_001107866.1	0	N/A	21.429	308	45	1.23e-07	57	poly(A) RNA polymerase GLD2 isoform 1 [Homo sapiens]	TRUE	TENT2
XP_005996422.1	NP_001107865.1	0	N/A	21.429	308	45	1.23e-07	57	poly(A) RNA polymerase GLD2 isoform 1 [Homo sapiens]	TRUE	TENT2
XP_005996422.1	NP_001336477.1	0	N/A	23.902	205	30	1.7e-07	55.5	poly(A) RNA polymerase GLD2 isoform 4 [Homo sapiens]	TRUE	TENT2
XP_005996422.1	NP_001375060.1	0	N/A	21.429	308	45	2e-07	56.2	poly(A) RNA polymerase GLD2 isoform 11 [Homo sapiens]	TRUE	TENT2
XP_005996422.1	XP_047272820.1	0	N/A	23.902	205	30	2.06e-07	55.1	poly(A) RNA polymerase GLD2 isoform X11 [Homo sapiens]	TRUE	TENT2
XP_005996422.1	XP_047272805.1	0	N/A	23.902	205	30	7.96e-07	54.7	poly(A) RNA polymerase GLD2 isoform X2 [Homo sapiens]	TRUE	TENT2
XP_005996422.1	XP_047272804.1	0	N/A	23.902	205	30	7.96e-07	54.7	poly(A) RNA polymerase GLD2 isoform X2 [Homo sapiens]	TRUE	TENT2
XP_005996422.1	XP_047272803.1	0	N/A	23.902	205	30	7.96e-07	54.7	poly(A) RNA polymerase GLD2 isoform X2 [Homo sapiens]	TRUE	TENT2
XP_005996422.1	XP_047272802.1	0	N/A	23.902	205	30	7.96e-07	54.7	poly(A) RNA polymerase GLD2 isoform X2 [Homo sapiens]	TRUE	TENT2
XP_005996422.1	XP_016864641.1	0	N/A	23.902	205	30	7.96e-07	54.7	poly(A) RNA polymerase GLD2 isoform X2 [Homo sapiens]	TRUE	TENT2
XP_005996422.1	NP_001375026.1	0	N/A	23.902	205	30	7.96e-07	54.7	poly(A) RNA polymerase GLD2 isoform 6 [Homo sapiens]	TRUE	TENT2
XP_005996422.1	NP_001375025.1	0	N/A	23.902	205	30	7.96e-07	54.7	poly(A) RNA polymerase GLD2 isoform 6 [Homo sapiens]	TRUE	TENT2
XP_005996422.1	NP_001375024.1	0	N/A	23.902	205	30	7.96e-07	54.7	poly(A) RNA polymerase GLD2 isoform 6 [Homo sapiens]	TRUE	TENT2
XP_005996422.1	NP_001336480.1	0	N/A	23.902	205	30	7.96e-07	54.7	poly(A) RNA polymerase GLD2 isoform 6 [Homo sapiens]	TRUE	TENT2
XP_005996422.1	NP_001375027.1	0	N/A	23.902	205	30	8.44e-07	54.3	poly(A) RNA polymerase GLD2 isoform 7 [Homo sapiens]	TRUE	TENT2
XP_005996422.1	NP_001375030.1	0	N/A	23.902	205	30	8.49e-07	54.3	poly(A) RNA polymerase GLD2 isoform 9 [Homo sapiens]	TRUE	TENT2
XP_005996422.1	XP_047272801.1	0	N/A	23.902	205	30	9.6e-07	54.3	poly(A) RNA polymerase GLD2 isoform X1 [Homo sapiens]	TRUE	TENT2
XP_005996422.1	XP_047272800.1	0	N/A	23.902	205	30	9.6e-07	54.3	poly(A) RNA polymerase GLD2 isoform X1 [Homo sapiens]	TRUE	TENT2
XP_005996422.1	XP_011541527.1	0	N/A	23.902	205	30	9.6e-07	54.3	poly(A) RNA polymerase GLD2 isoform X1 [Homo sapiens]	TRUE	TENT2
XP_005996422.1	XP_011541526.1	0	N/A	23.902	205	30	9.6e-07	54.3	poly(A) RNA polymerase GLD2 isoform X1 [Homo sapiens]	TRUE	TENT2
XP_005996422.1	XP_011541523.1	0	N/A	23.902	205	30	9.6e-07	54.3	poly(A) RNA polymerase GLD2 isoform X1 [Homo sapiens]	TRUE	TENT2
XP_005996422.1	XP_011541522.1	0	N/A	23.902	205	30	9.6e-07	54.3	poly(A) RNA polymerase GLD2 isoform X1 [Homo sapiens]	TRUE	TENT2
XP_005996422.1	NP_001375023.1	0	N/A	23.902	205	30	9.6e-07	54.3	poly(A) RNA polymerase GLD2 isoform 5 [Homo sapiens]	TRUE	TENT2
XP_005996422.1	NP_001375022.1	0	N/A	23.902	205	30	9.6e-07	54.3	poly(A) RNA polymerase GLD2 isoform 5 [Homo sapiens]	TRUE	TENT2
XP_005997658.1	XP_047272811.1	0	N/A	66.333	499	100	0	649	poly(A) RNA polymerase GLD2 isoform X4 [Homo sapiens]	TRUE	TENT2
XP_005997658.1	XP_047272810.1	0	N/A	66.333	499	100	0	649	poly(A) RNA polymerase GLD2 isoform X4 [Homo sapiens]	TRUE	TENT2
XP_005997658.1	XP_047272809.1	0	N/A	66.333	499	100	0	649	poly(A) RNA polymerase GLD2 isoform X4 [Homo sapiens]	TRUE	TENT2
XP_005997658.1	NP_001375058.1	0	N/A	66.333	499	100	0	649	poly(A) RNA polymerase GLD2 isoform 2 [Homo sapiens]	TRUE	TENT2
XP_005997658.1	NP_001375057.1	0	N/A	66.333	499	100	0	649	poly(A) RNA polymerase GLD2 isoform 2 [Homo sapiens]	TRUE	TENT2
XP_005997658.1	NP_001375056.1	0	N/A	66.333	499	100	0	649	poly(A) RNA polymerase GLD2 isoform 2 [Homo sapiens]	TRUE	TENT2
XP_005997658.1	NP_001375055.1	0	N/A	66.333	499	100	0	649	poly(A) RNA polymerase GLD2 isoform 2 [Homo sapiens]	TRUE	TENT2
XP_005997658.1	NP_001375054.1	0	N/A	66.333	499	100	0	649	poly(A) RNA polymerase GLD2 isoform 2 [Homo sapiens]	TRUE	TENT2
XP_005997658.1	NP_001375053.1	0	N/A	66.333	499	100	0	649	poly(A) RNA polymerase GLD2 isoform 2 [Homo sapiens]	TRUE	TENT2
XP_005997658.1	NP_001375052.1	0	N/A	66.333	499	100	0	649	poly(A) RNA polymerase GLD2 isoform 2 [Homo sapiens]	TRUE	TENT2
XP_005997658.1	NP_001375051.1	0	N/A	66.333	499	100	0	649	poly(A) RNA polymerase GLD2 isoform 2 [Homo sapiens]	TRUE	TENT2
XP_005997658.1	NP_001375050.1	0	N/A	66.333	499	100	0	649	poly(A) RNA polymerase GLD2 isoform 2 [Homo sapiens]	TRUE	TENT2
XP_005997658.1	NP_001375049.1	0	N/A	66.333	499	100	0	649	poly(A) RNA polymerase GLD2 isoform 2 [Homo sapiens]	TRUE	TENT2
XP_005997658.1	NP_001375048.1	0	N/A	66.333	499	100	0	649	poly(A) RNA polymerase GLD2 isoform 2 [Homo sapiens]	TRUE	TENT2
XP_005997658.1	NP_001375047.1	0	N/A	66.333	499	100	0	649	poly(A) RNA polymerase GLD2 isoform 2 [Homo sapiens]	TRUE	TENT2
XP_005997658.1	NP_001375046.1	0	N/A	66.333	499	100	0	649	poly(A) RNA polymerase GLD2 isoform 2 [Homo sapiens]	TRUE	TENT2
XP_005997658.1	NP_001375045.1	0	N/A	66.333	499	100	0	649	poly(A) RNA polymerase GLD2 isoform 2 [Homo sapiens]	TRUE	TENT2
XP_005997658.1	NP_001375044.1	0	N/A	66.333	499	100	0	649	poly(A) RNA polymerase GLD2 isoform 2 [Homo sapiens]	TRUE	TENT2
XP_005997658.1	NP_001375043.1	0	N/A	66.333	499	100	0	649	poly(A) RNA polymerase GLD2 isoform 2 [Homo sapiens]	TRUE	TENT2
XP_005997658.1	NP_001336483.1	0	N/A	66.333	499	100	0	649	poly(A) RNA polymerase GLD2 isoform 2 [Homo sapiens]	TRUE	TENT2
XP_005997658.1	NP_001284673.1	0	N/A	66.333	499	100	0	649	poly(A) RNA polymerase GLD2 isoform 2 [Homo sapiens]	TRUE	TENT2
XP_005997658.1	XP_047272808.1	0	N/A	65.805	503	100	0	642	poly(A) RNA polymerase GLD2 isoform X3 [Homo sapiens]	TRUE	TENT2
XP_005997658.1	XP_047272807.1	0	N/A	65.805	503	100	0	642	poly(A) RNA polymerase GLD2 isoform X3 [Homo sapiens]	TRUE	TENT2
XP_005997658.1	XP_047272806.1	0	N/A	65.805	503	100	0	642	poly(A) RNA polymerase GLD2 isoform X3 [Homo sapiens]	TRUE	TENT2
XP_005997658.1	NP_776158.2	0	N/A	65.805	503	100	0	642	poly(A) RNA polymerase GLD2 isoform 1 [Homo sapiens]	TRUE	TENT2
XP_005997658.1	NP_001375041.1	0	N/A	65.805	503	100	0	642	poly(A) RNA polymerase GLD2 isoform 1 [Homo sapiens]	TRUE	TENT2
XP_005997658.1	NP_001375040.1	0	N/A	65.805	503	100	0	642	poly(A) RNA polymerase GLD2 isoform 1 [Homo sapiens]	TRUE	TENT2
XP_005997658.1	NP_001375039.1	0	N/A	65.805	503	100	0	642	poly(A) RNA polymerase GLD2 isoform 1 [Homo sapiens]	TRUE	TENT2
XP_005997658.1	NP_001375038.1	0	N/A	65.805	503	100	0	642	poly(A) RNA polymerase GLD2 isoform 1 [Homo sapiens]	TRUE	TENT2
XP_005997658.1	NP_001375037.1	0	N/A	65.805	503	100	0	642	poly(A) RNA polymerase GLD2 isoform 1 [Homo sapiens]	TRUE	TENT2
XP_005997658.1	NP_001375036.1	0	N/A	65.805	503	100	0	642	poly(A) RNA polymerase GLD2 isoform 1 [Homo sapiens]	TRUE	TENT2
XP_005997658.1	NP_001375035.1	0	N/A	65.805	503	100	0	642	poly(A) RNA polymerase GLD2 isoform 1 [Homo sapiens]	TRUE	TENT2
XP_005997658.1	NP_001375034.1	0	N/A	65.805	503	100	0	642	poly(A) RNA polymerase GLD2 isoform 1 [Homo sapiens]	TRUE	TENT2
XP_005997658.1	NP_001375032.1	0	N/A	65.805	503	100	0	642	poly(A) RNA polymerase GLD2 isoform 1 [Homo sapiens]	TRUE	TENT2
XP_005997658.1	NP_001375031.1	0	N/A	65.805	503	100	0	642	poly(A) RNA polymerase GLD2 isoform 1 [Homo sapiens]	TRUE	TENT2
XP_005997658.1	NP_001336482.1	0	N/A	65.805	503	100	0	642	poly(A) RNA polymerase GLD2 isoform 1 [Homo sapiens]	TRUE	TENT2
XP_005997658.1	NP_001336481.1	0	N/A	65.805	503	100	0	642	poly(A) RNA polymerase GLD2 isoform 1 [Homo sapiens]	TRUE	TENT2
XP_005997658.1	NP_001107866.1	0	N/A	65.805	503	100	0	642	poly(A) RNA polymerase GLD2 isoform 1 [Homo sapiens]	TRUE	TENT2
XP_005997658.1	NP_001107865.1	0	N/A	65.805	503	100	0	642	poly(A) RNA polymerase GLD2 isoform 1 [Homo sapiens]	TRUE	TENT2
XP_005997658.1	NP_001375059.1	0	N/A	66.132	499	100	0	642	poly(A) RNA polymerase GLD2 isoform 10 [Homo sapiens]	TRUE	TENT2
XP_005997658.1	NP_001375030.1	0	N/A	65.029	509	100	0	640	poly(A) RNA polymerase GLD2 isoform 9 [Homo sapiens]	TRUE	TENT2
XP_005997658.1	XP_047272805.1	0	N/A	62.977	524	100	0	638	poly(A) RNA polymerase GLD2 isoform X2 [Homo sapiens]	TRUE	TENT2
XP_005997658.1	XP_047272804.1	0	N/A	62.977	524	100	0	638	poly(A) RNA polymerase GLD2 isoform X2 [Homo sapiens]	TRUE	TENT2
XP_005997658.1	XP_047272803.1	0	N/A	62.977	524	100	0	638	poly(A) RNA polymerase GLD2 isoform X2 [Homo sapiens]	TRUE	TENT2
XP_005997658.1	XP_047272802.1	0	N/A	62.977	524	100	0	638	poly(A) RNA polymerase GLD2 isoform X2 [Homo sapiens]	TRUE	TENT2
XP_005997658.1	XP_016864641.1	0	N/A	62.977	524	100	0	638	poly(A) RNA polymerase GLD2 isoform X2 [Homo sapiens]	TRUE	TENT2
XP_005997658.1	NP_001375026.1	0	N/A	62.977	524	100	0	638	poly(A) RNA polymerase GLD2 isoform 6 [Homo sapiens]	TRUE	TENT2
XP_005997658.1	NP_001375025.1	0	N/A	62.977	524	100	0	638	poly(A) RNA polymerase GLD2 isoform 6 [Homo sapiens]	TRUE	TENT2
XP_005997658.1	NP_001375024.1	0	N/A	62.977	524	100	0	638	poly(A) RNA polymerase GLD2 isoform 6 [Homo sapiens]	TRUE	TENT2
XP_005997658.1	NP_001336480.1	0	N/A	62.977	524	100	0	638	poly(A) RNA polymerase GLD2 isoform 6 [Homo sapiens]	TRUE	TENT2
XP_005997658.1	NP_001375042.1	0	N/A	65.606	503	100	0	636	poly(A) RNA polymerase GLD2 isoform 16 [Homo sapiens]	TRUE	TENT2
XP_005997658.1	NP_001375029.1	0	N/A	64.522	513	100	0	633	poly(A) RNA polymerase GLD2 isoform 8 [Homo sapiens]	TRUE	TENT2
XP_005997658.1	NP_001375028.1	0	N/A	64.522	513	100	0	633	poly(A) RNA polymerase GLD2 isoform 8 [Homo sapiens]	TRUE	TENT2
XP_005997658.1	XP_047272801.1	0	N/A	62.5	528	100	0	631	poly(A) RNA polymerase GLD2 isoform X1 [Homo sapiens]	TRUE	TENT2
XP_005997658.1	XP_047272800.1	0	N/A	62.5	528	100	0	631	poly(A) RNA polymerase GLD2 isoform X1 [Homo sapiens]	TRUE	TENT2
XP_005997658.1	XP_011541527.1	0	N/A	62.5	528	100	0	631	poly(A) RNA polymerase GLD2 isoform X1 [Homo sapiens]	TRUE	TENT2
XP_005997658.1	XP_011541526.1	0	N/A	62.5	528	100	0	631	poly(A) RNA polymerase GLD2 isoform X1 [Homo sapiens]	TRUE	TENT2
XP_005997658.1	XP_011541523.1	0	N/A	62.5	528	100	0	631	poly(A) RNA polymerase GLD2 isoform X1 [Homo sapiens]	TRUE	TENT2
XP_005997658.1	XP_011541522.1	0	N/A	62.5	528	100	0	631	poly(A) RNA polymerase GLD2 isoform X1 [Homo sapiens]	TRUE	TENT2
XP_005997658.1	NP_001375027.1	0	N/A	62.786	524	100	0	631	poly(A) RNA polymerase GLD2 isoform 7 [Homo sapiens]	TRUE	TENT2
XP_005997658.1	NP_001375023.1	0	N/A	62.5	528	100	0	631	poly(A) RNA polymerase GLD2 isoform 5 [Homo sapiens]	TRUE	TENT2
XP_005997658.1	NP_001375022.1	0	N/A	62.5	528	100	0	631	poly(A) RNA polymerase GLD2 isoform 5 [Homo sapiens]	TRUE	TENT2
XP_005997658.1	NP_001336479.1	0	N/A	62.5	528	100	0	631	poly(A) RNA polymerase GLD2 isoform 5 [Homo sapiens]	TRUE	TENT2
XP_005997658.1	NP_001336478.1	0	N/A	62.5	528	100	0	631	poly(A) RNA polymerase GLD2 isoform 5 [Homo sapiens]	TRUE	TENT2
XP_005997658.1	NP_001375061.1	0	N/A	64.718	496	100	0	624	poly(A) RNA polymerase GLD2 isoform 12 [Homo sapiens]	TRUE	TENT2
XP_005997658.1	NP_001375060.1	0	N/A	64.2	500	100	0	619	poly(A) RNA polymerase GLD2 isoform 11 [Homo sapiens]	TRUE	TENT2
XP_005997658.1	NP_001375065.1	0	N/A	76.111	360	72	0	565	poly(A) RNA polymerase GLD2 isoform 14 [Homo sapiens]	TRUE	TENT2
XP_005997658.1	XP_047272815.1	0	N/A	58.317	499	100	0	544	poly(A) RNA polymerase GLD2 isoform X7 [Homo sapiens]	TRUE	TENT2
XP_005997658.1	NP_001375064.1	0	N/A	58.317	499	100	0	544	poly(A) RNA polymerase GLD2 isoform 13 [Homo sapiens]	TRUE	TENT2
XP_005997658.1	NP_001375063.1	0	N/A	58.317	499	100	0	544	poly(A) RNA polymerase GLD2 isoform 13 [Homo sapiens]	TRUE	TENT2
XP_005997658.1	XP_047272814.1	0	N/A	57.853	503	100	0	537	poly(A) RNA polymerase GLD2 isoform X6 [Homo sapiens]	TRUE	TENT2
XP_005997658.1	XP_047272813.1	0	N/A	57.853	503	100	0	537	poly(A) RNA polymerase GLD2 isoform X6 [Homo sapiens]	TRUE	TENT2
XP_005997658.1	XP_047272812.1	0	N/A	57.853	503	100	0	537	poly(A) RNA polymerase GLD2 isoform X6 [Homo sapiens]	TRUE	TENT2
XP_005997658.1	NP_001375062.1	0	N/A	57.853	503	100	0	537	poly(A) RNA polymerase GLD2 isoform 3 [Homo sapiens]	TRUE	TENT2
XP_005997658.1	NP_001284674.1	0	N/A	57.853	503	100	0	537	poly(A) RNA polymerase GLD2 isoform 3 [Homo sapiens]	TRUE	TENT2
XP_005997658.1	XP_011541531.1	0	N/A	54.924	528	100	0	527	poly(A) RNA polymerase GLD2 isoform X5 [Homo sapiens]	TRUE	TENT2
XP_005997658.1	NP_001336477.1	0	N/A	77.778	261	52	6.34e-147	422	poly(A) RNA polymerase GLD2 isoform 4 [Homo sapiens]	TRUE	TENT2
XP_005997658.1	XP_047272818.1	0	N/A	62.604	361	71	8.38e-142	413	poly(A) RNA polymerase GLD2 isoform X10 [Homo sapiens]	TRUE	TENT2
XP_005997658.1	XP_047272817.1	0	N/A	58.901	382	71	1.15e-139	408	poly(A) RNA polymerase GLD2 isoform X9 [Homo sapiens]	TRUE	TENT2
XP_005997658.1	XP_047272820.1	0	N/A	80.258	233	47	1.17e-138	401	poly(A) RNA polymerase GLD2 isoform X11 [Homo sapiens]	TRUE	TENT2
XP_005997658.1	XP_047272816.1	0	N/A	58.29	386	71	2.67e-137	402	poly(A) RNA polymerase GLD2 isoform X8 [Homo sapiens]	TRUE	TENT2
XP_005997658.1	NP_001375066.1	0	N/A	73.191	235	48	1.65e-123	364	poly(A) RNA polymerase GLD2 isoform 15 [Homo sapiens]	TRUE	TENT2
XP_005997658.1	XP_047272372.1	0	N/A	35.357	280	54	5.21e-41	160	terminal uridylyltransferase 4 isoform X42 [Homo sapiens]	TRUE	Tut4
XP_005997658.1	XP_047272344.1	0	N/A	35.357	280	54	5.46e-41	160	terminal uridylyltransferase 4 isoform X30 [Homo sapiens]	TRUE	Tut4
XP_005997658.1	XP_047272290.1	0	N/A	35.357	280	54	5.59e-41	160	terminal uridylyltransferase 4 isoform X11 [Homo sapiens]	TRUE	Tut4
XP_005997658.1	XP_047272350.1	0	N/A	35.357	280	54	5.66e-41	160	terminal uridylyltransferase 4 isoform X34 [Homo sapiens]	TRUE	Tut4
XP_005997658.1	XP_047272305.1	0	N/A	35.357	280	54	6.02e-41	160	terminal uridylyltransferase 4 isoform X17 [Homo sapiens]	TRUE	Tut4
XP_005997658.1	XP_047272295.1	0	N/A	35.357	280	54	6.19e-41	160	terminal uridylyltransferase 4 isoform X12 [Homo sapiens]	TRUE	Tut4
XP_005997658.1	XP_047272286.1	0	N/A	35.357	280	54	6.2e-41	160	terminal uridylyltransferase 4 isoform X8 [Homo sapiens]	TRUE	Tut4
XP_005997658.1	XP_047272296.1	0	N/A	35.357	280	54	6.43e-41	159	terminal uridylyltransferase 4 isoform X13 [Homo sapiens]	TRUE	Tut4
XP_005997658.1	XP_047272384.1	0	N/A	34.528	307	59	1.33e-40	158	terminal uridylyltransferase 4 isoform X46 [Homo sapiens]	TRUE	Tut4
XP_005997658.1	XP_047272285.1	0	N/A	35.439	285	54	1.53e-40	159	terminal uridylyltransferase 4 isoform X7 [Homo sapiens]	TRUE	Tut4
XP_005997658.1	NP_001317647.1	0	N/A	37.879	264	52	1.53e-40	157	terminal uridylyltransferase 7 isoform 3 [Homo sapiens]	TRUE	Tut7
XP_005997658.1	XP_047272280.1	0	N/A	35.439	285	54	1.55e-40	158	terminal uridylyltransferase 4 isoform X3 [Homo sapiens]	TRUE	Tut4
XP_005997658.1	XP_005270736.1	0	N/A	35.439	285	54	1.55e-40	158	terminal uridylyltransferase 4 isoform X3 [Homo sapiens]	TRUE	Tut4
XP_005997658.1	XP_047272365.1	0	N/A	35.439	285	54	1.56e-40	158	terminal uridylyltransferase 4 isoform X38 [Homo sapiens]	TRUE	Tut4
XP_005997658.1	XP_047272325.1	0	N/A	35.439	285	54	1.62e-40	158	terminal uridylyltransferase 4 isoform X23 [Homo sapiens]	TRUE	Tut4
XP_005997658.1	XP_011539401.1	0	N/A	35.439	285	54	1.66e-40	158	terminal uridylyltransferase 4 isoform X29 [Homo sapiens]	TRUE	Tut4
XP_005997658.1	XP_016856295.1	0	N/A	35.439	285	54	1.7e-40	158	terminal uridylyltransferase 4 isoform X25 [Homo sapiens]	TRUE	Tut4
XP_005997658.1	XP_016856292.1	0	N/A	35.439	285	54	1.73e-40	158	terminal uridylyltransferase 4 isoform X9 [Homo sapiens]	TRUE	Tut4
XP_006006036.1	XP_047272280.1	0	N/A	54.766	1731	99	0	1721	terminal uridylyltransferase 4 isoform X3 [Homo sapiens]	TRUE	Tut4
XP_006006036.1	XP_005270736.1	0	N/A	54.766	1731	99	0	1721	terminal uridylyltransferase 4 isoform X3 [Homo sapiens]	TRUE	Tut4
XP_006006036.1	XP_011539399.1	0	N/A	54.551	1736	99	0	1717	terminal uridylyltransferase 4 isoform X1 [Homo sapiens]	TRUE	Tut4
XP_006006036.1	XP_005270733.1	0	N/A	54.551	1736	99	0	1717	terminal uridylyltransferase 4 isoform X1 [Homo sapiens]	TRUE	Tut4
XP_006006036.1	XP_005270735.1	0	N/A	54.582	1735	99	0	1716	terminal uridylyltransferase 4 isoform X2 [Homo sapiens]	TRUE	Tut4
XP_006006036.1	XP_047272283.1	0	N/A	54.733	1701	98	0	1693	terminal uridylyltransferase 4 isoform X6 [Homo sapiens]	TRUE	Tut4
XP_006006036.1	XP_005270737.1	0	N/A	54.733	1701	98	0	1693	terminal uridylyltransferase 4 isoform X6 [Homo sapiens]	TRUE	Tut4
XP_006006036.1	XP_047272281.1	0	N/A	54.513	1706	98	0	1689	terminal uridylyltransferase 4 isoform X4 [Homo sapiens]	TRUE	Tut4
XP_006006036.1	NP_001009881.1	0	N/A	54.513	1706	98	0	1689	terminal uridylyltransferase 4 isoform a [Homo sapiens]	TRUE	Tut4
XP_006006036.1	XP_047272282.1	0	N/A	54.545	1705	98	0	1689	terminal uridylyltransferase 4 isoform X5 [Homo sapiens]	TRUE	Tut4
XP_006006036.1	NP_056084.1	0	N/A	54.545	1705	98	0	1689	terminal uridylyltransferase 4 isoform b [Homo sapiens]	TRUE	Tut4
XP_006006036.1	XP_047272290.1	0	N/A	53.668	1731	99	0	1668	terminal uridylyltransferase 4 isoform X11 [Homo sapiens]	TRUE	Tut4
XP_006006036.1	XP_047272286.1	0	N/A	53.456	1736	99	0	1666	terminal uridylyltransferase 4 isoform X8 [Homo sapiens]	TRUE	Tut4
XP_006006036.1	XP_016856292.1	0	N/A	53.726	1731	99	0	1662	terminal uridylyltransferase 4 isoform X9 [Homo sapiens]	TRUE	Tut4
XP_006006036.1	XP_047272285.1	0	N/A	53.545	1735	99	0	1657	terminal uridylyltransferase 4 isoform X7 [Homo sapiens]	TRUE	Tut4
XP_006006036.1	XP_047272305.1	0	N/A	53.616	1701	98	0	1641	terminal uridylyltransferase 4 isoform X17 [Homo sapiens]	TRUE	Tut4
XP_006006036.1	XP_047272295.1	0	N/A	53.4	1706	98	0	1638	terminal uridylyltransferase 4 isoform X12 [Homo sapiens]	TRUE	Tut4
XP_006006036.1	XP_047272296.1	0	N/A	53.431	1705	98	0	1637	terminal uridylyltransferase 4 isoform X13 [Homo sapiens]	TRUE	Tut4
XP_006006036.1	XP_016856293.1	0	N/A	53.674	1701	98	0	1635	terminal uridylyltransferase 4 isoform X16 [Homo sapiens]	TRUE	Tut4
XP_006006036.1	XP_047272288.1	0	N/A	53.458	1706	98	0	1631	terminal uridylyltransferase 4 isoform X10 [Homo sapiens]	TRUE	Tut4
XP_006006036.1	XP_047272306.1	0	N/A	52.686	1731	99	0	1626	terminal uridylyltransferase 4 isoform X18 [Homo sapiens]	TRUE	Tut4
XP_006006036.1	XP_005270738.1	0	N/A	52.477	1736	99	0	1623	terminal uridylyltransferase 4 isoform X14 [Homo sapiens]	TRUE	Tut4
XP_006006036.1	XP_047272303.1	0	N/A	52.507	1735	99	0	1622	terminal uridylyltransferase 4 isoform X15 [Homo sapiens]	TRUE	Tut4
XP_006006036.1	XP_016856294.1	0	N/A	52.616	1701	98	0	1600	terminal uridylyltransferase 4 isoform X20 [Homo sapiens]	TRUE	Tut4
XP_006006036.1	XP_047272307.1	0	N/A	52.434	1705	98	0	1596	terminal uridylyltransferase 4 isoform X19 [Homo sapiens]	TRUE	Tut4
XP_006006036.1	XP_047272311.1	0	N/A	51.44	1736	99	0	1565	terminal uridylyltransferase 4 isoform X21 [Homo sapiens]	TRUE	Tut4
XP_006006036.1	XP_047272336.1	0	N/A	51.558	1701	98	0	1543	terminal uridylyltransferase 4 isoform X26 [Homo sapiens]	TRUE	Tut4
XP_006006036.1	XP_047272327.1	0	N/A	51.378	1705	98	0	1538	terminal uridylyltransferase 4 isoform X24 [Homo sapiens]	TRUE	Tut4
XP_006006036.1	XP_047272320.1	0	N/A	51.348	1706	98	0	1538	terminal uridylyltransferase 4 isoform X22 [Homo sapiens]	TRUE	Tut4
XP_006006036.1	XP_016856297.1	0	N/A	61.448	1105	67	0	1287	terminal uridylyltransferase 4 isoform X36 [Homo sapiens]	TRUE	Tut4
XP_006006036.1	XP_016856295.1	0	N/A	61.392	1106	67	0	1286	terminal uridylyltransferase 4 isoform X25 [Homo sapiens]	TRUE	Tut4
XP_006006036.1	XP_047272345.1	0	N/A	61.392	1106	67	0	1285	terminal uridylyltransferase 4 isoform X31 [Homo sapiens]	TRUE	Tut4
XP_006006036.1	XP_005270739.1	0	N/A	61.081	1110	67	0	1283	terminal uridylyltransferase 4 isoform X33 [Homo sapiens]	TRUE	Tut4
XP_006006036.1	XP_011539401.1	0	N/A	61.026	1111	67	0	1282	terminal uridylyltransferase 4 isoform X29 [Homo sapiens]	TRUE	Tut4
XP_006006036.1	XP_047272325.1	0	N/A	61.081	1110	67	0	1281	terminal uridylyltransferase 4 isoform X23 [Homo sapiens]	TRUE	Tut4
XP_006006036.1	XP_016856299.1	0	N/A	61.581	1075	65	0	1261	terminal uridylyltransferase 4 isoform X40 [Homo sapiens]	TRUE	Tut4
XP_006006036.1	XP_016856296.1	0	N/A	61.524	1076	65	0	1259	terminal uridylyltransferase 4 isoform X28 [Homo sapiens]	TRUE	Tut4
XP_006006036.1	XP_047272365.1	0	N/A	61.26	1079	65	0	1256	terminal uridylyltransferase 4 isoform X38 [Homo sapiens]	TRUE	Tut4
XP_006006036.1	XP_047272337.1	0	N/A	61.204	1080	65	0	1255	terminal uridylyltransferase 4 isoform X27 [Homo sapiens]	TRUE	Tut4
XP_006006036.1	XP_047272344.1	0	N/A	59.316	1111	67	0	1230	terminal uridylyltransferase 4 isoform X30 [Homo sapiens]	TRUE	Tut4
XP_006006036.1	XP_047272350.1	0	N/A	59.758	1076	65	0	1206	terminal uridylyltransferase 4 isoform X34 [Homo sapiens]	TRUE	Tut4
XP_006006036.1	XP_047272372.1	0	N/A	59.5	1079	65	0	1204	terminal uridylyltransferase 4 isoform X42 [Homo sapiens]	TRUE	Tut4
XP_006006036.1	XP_047272369.1	0	N/A	57.786	1111	67	0	1188	terminal uridylyltransferase 4 isoform X41 [Homo sapiens]	TRUE	Tut4
XP_006006036.1	XP_047272348.1	0	N/A	57.786	1111	67	0	1188	terminal uridylyltransferase 4 isoform X32 [Homo sapiens]	TRUE	Tut4
XP_006006036.1	XP_047272377.1	0	N/A	58.233	1075	65	0	1167	terminal uridylyltransferase 4 isoform X44 [Homo sapiens]	TRUE	Tut4
XP_006006036.1	XP_047272367.1	0	N/A	58.178	1076	65	0	1167	terminal uridylyltransferase 4 isoform X39 [Homo sapiens]	TRUE	Tut4
XP_006006036.1	XP_047272373.1	0	N/A	57.87	1080	65	0	1165	terminal uridylyltransferase 4 isoform X43 [Homo sapiens]	TRUE	Tut4
XP_006006036.1	XP_047272354.1	0	N/A	57.817	1081	65	0	1162	terminal uridylyltransferase 4 isoform X35 [Homo sapiens]	TRUE	Tut4
XP_006006036.1	XP_047272362.1	0	N/A	57.87	1080	65	0	1162	terminal uridylyltransferase 4 isoform X37 [Homo sapiens]	TRUE	Tut4
XP_006006036.1	XP_047272384.1	0	N/A	67.425	835	50	0	1097	terminal uridylyltransferase 4 isoform X46 [Homo sapiens]	TRUE	Tut4
XP_006006036.1	XP_047279823.1	0	N/A	58.076	551	30	0	637	terminal uridylyltransferase 7 isoform X2 [Homo sapiens]	TRUE	Tut7
XP_006006036.1	XP_006717346.1	0	N/A	58.076	551	30	0	637	terminal uridylyltransferase 7 isoform X2 [Homo sapiens]	TRUE	Tut7
XP_006006036.1	XP_011517317.1	0	N/A	58.076	551	30	0	636	terminal uridylyltransferase 7 isoform X3 [Homo sapiens]	TRUE	Tut7
XP_006006036.1	XP_011517316.1	0	N/A	58.076	551	30	0	636	terminal uridylyltransferase 7 isoform X1 [Homo sapiens]	TRUE	Tut7
XP_006006036.1	XP_011517315.1	0	N/A	58.076	551	30	0	636	terminal uridylyltransferase 7 isoform X1 [Homo sapiens]	TRUE	Tut7
XP_006006036.1	XP_011517314.1	0	N/A	58.076	551	30	0	636	terminal uridylyltransferase 7 isoform X1 [Homo sapiens]	TRUE	Tut7
XP_006006036.1	XP_011517313.1	0	N/A	58.076	551	30	0	636	terminal uridylyltransferase 7 isoform X1 [Homo sapiens]	TRUE	Tut7
XP_006006036.1	XP_047279825.1	0	N/A	59.962	527	29	0	634	terminal uridylyltransferase 7 isoform X6 [Homo sapiens]	TRUE	Tut7
XP_006006036.1	XP_047279824.1	0	N/A	59.962	527	29	0	634	terminal uridylyltransferase 7 isoform X6 [Homo sapiens]	TRUE	Tut7
XP_006006036.1	XP_005252264.1	0	N/A	59.962	527	29	0	634	terminal uridylyltransferase 7 isoform X6 [Homo sapiens]	TRUE	Tut7
XP_006006036.1	XP_016870620.1	0	N/A	60.076	526	29	0	634	terminal uridylyltransferase 7 isoform X4 [Homo sapiens]	TRUE	Tut7
XP_006006036.1	XP_016870619.1	0	N/A	60.076	526	29	0	634	terminal uridylyltransferase 7 isoform X4 [Homo sapiens]	TRUE	Tut7
XP_006006036.1	XP_011517318.1	0	N/A	59.962	527	29	0	634	terminal uridylyltransferase 7 isoform X5 [Homo sapiens]	TRUE	Tut7
XP_006006036.1	NP_078893.2	0	N/A	60.076	526	29	0	634	terminal uridylyltransferase 7 isoform 1 [Homo sapiens]	TRUE	Tut7
XP_006006036.1	NP_001171988.1	0	N/A	60.076	526	29	0	634	terminal uridylyltransferase 7 isoform 1 [Homo sapiens]	TRUE	Tut7
XP_006006036.1	NP_001317647.1	0	N/A	60.076	526	29	0	632	terminal uridylyltransferase 7 isoform 3 [Homo sapiens]	TRUE	Tut7
XP_006006036.1	XP_005252265.1	0	N/A	70.283	424	26	0	624	terminal uridylyltransferase 7 isoform X7 [Homo sapiens]	TRUE	Tut7
XP_006006036.1	NP_001172003.1	0	N/A	60.354	396	21	1.86e-142	474	terminal uridylyltransferase 7 isoform 2 [Homo sapiens]	TRUE	Tut7
XP_006006036.1	XP_016856307.1	0	N/A	52.941	442	27	4.92e-129	429	terminal uridylyltransferase 4 isoform X45 [Homo sapiens]	TRUE	Tut4
XP_006006036.1	XP_047279826.1	0	N/A	49.351	462	26	8.27e-121	409	terminal uridylyltransferase 7 isoform X8 [Homo sapiens]	TRUE	Tut7
XP_006006036.1	NP_001375065.1	0	N/A	31.366	322	20	6.21e-37	146	poly(A) RNA polymerase GLD2 isoform 14 [Homo sapiens]	TRUE	TENT2
XP_006006036.1	NP_001375061.1	0	N/A	31.454	337	20	6.38e-37	148	poly(A) RNA polymerase GLD2 isoform 12 [Homo sapiens]	TRUE	TENT2
XP_006006036.1	NP_001375059.1	0	N/A	31.454	337	20	7.27e-37	149	poly(A) RNA polymerase GLD2 isoform 10 [Homo sapiens]	TRUE	TENT2
XP_006006036.1	XP_047272811.1	0	N/A	31.454	337	20	7.75e-37	149	poly(A) RNA polymerase GLD2 isoform X4 [Homo sapiens]	TRUE	TENT2
XP_006006036.1	XP_047272810.1	0	N/A	31.454	337	20	7.75e-37	149	poly(A) RNA polymerase GLD2 isoform X4 [Homo sapiens]	TRUE	TENT2
XP_006006036.1	XP_047272809.1	0	N/A	31.454	337	20	7.75e-37	149	poly(A) RNA polymerase GLD2 isoform X4 [Homo sapiens]	TRUE	TENT2
XP_006006036.1	NP_001375058.1	0	N/A	31.454	337	20	7.75e-37	149	poly(A) RNA polymerase GLD2 isoform 2 [Homo sapiens]	TRUE	TENT2
XP_006006036.1	NP_001375057.1	0	N/A	31.454	337	20	7.75e-37	149	poly(A) RNA polymerase GLD2 isoform 2 [Homo sapiens]	TRUE	TENT2
XP_006006036.1	NP_001375056.1	0	N/A	31.454	337	20	7.75e-37	149	poly(A) RNA polymerase GLD2 isoform 2 [Homo sapiens]	TRUE	TENT2
XP_006006036.1	NP_001375055.1	0	N/A	31.454	337	20	7.75e-37	149	poly(A) RNA polymerase GLD2 isoform 2 [Homo sapiens]	TRUE	TENT2
XP_006006036.1	NP_001375054.1	0	N/A	31.454	337	20	7.75e-37	149	poly(A) RNA polymerase GLD2 isoform 2 [Homo sapiens]	TRUE	TENT2
XP_006006036.1	NP_001375053.1	0	N/A	31.454	337	20	7.75e-37	149	poly(A) RNA polymerase GLD2 isoform 2 [Homo sapiens]	TRUE	TENT2
XP_006006036.1	NP_001375052.1	0	N/A	31.454	337	20	7.75e-37	149	poly(A) RNA polymerase GLD2 isoform 2 [Homo sapiens]	TRUE	TENT2
XP_006006036.1	NP_001375051.1	0	N/A	31.454	337	20	7.75e-37	149	poly(A) RNA polymerase GLD2 isoform 2 [Homo sapiens]	TRUE	TENT2
XP_006006036.1	NP_001375050.1	0	N/A	31.454	337	20	7.75e-37	149	poly(A) RNA polymerase GLD2 isoform 2 [Homo sapiens]	TRUE	TENT2
XP_006006036.1	NP_001375049.1	0	N/A	31.454	337	20	7.75e-37	149	poly(A) RNA polymerase GLD2 isoform 2 [Homo sapiens]	TRUE	TENT2
XP_006006036.1	NP_001375048.1	0	N/A	31.454	337	20	7.75e-37	149	poly(A) RNA polymerase GLD2 isoform 2 [Homo sapiens]	TRUE	TENT2
XP_006006036.1	NP_001375047.1	0	N/A	31.454	337	20	7.75e-37	149	poly(A) RNA polymerase GLD2 isoform 2 [Homo sapiens]	TRUE	TENT2
XP_006006036.1	NP_001375046.1	0	N/A	31.454	337	20	7.75e-37	149	poly(A) RNA polymerase GLD2 isoform 2 [Homo sapiens]	TRUE	TENT2
XP_006006036.1	NP_001375045.1	0	N/A	31.454	337	20	7.75e-37	149	poly(A) RNA polymerase GLD2 isoform 2 [Homo sapiens]	TRUE	TENT2
XP_006006036.1	NP_001375044.1	0	N/A	31.454	337	20	7.75e-37	149	poly(A) RNA polymerase GLD2 isoform 2 [Homo sapiens]	TRUE	TENT2
XP_006006036.1	NP_001375043.1	0	N/A	31.454	337	20	7.75e-37	149	poly(A) RNA polymerase GLD2 isoform 2 [Homo sapiens]	TRUE	TENT2
XP_006006036.1	NP_001336483.1	0	N/A	31.454	337	20	7.75e-37	149	poly(A) RNA polymerase GLD2 isoform 2 [Homo sapiens]	TRUE	TENT2
XP_006006036.1	NP_001284673.1	0	N/A	31.454	337	20	7.75e-37	149	poly(A) RNA polymerase GLD2 isoform 2 [Homo sapiens]	TRUE	TENT2
XP_006006036.1	NP_001375060.1	0	N/A	31.378	341	20	1.06e-36	147	poly(A) RNA polymerase GLD2 isoform 11 [Homo sapiens]	TRUE	TENT2
XP_006006036.1	XP_047272808.1	0	N/A	31.378	341	20	1.34e-36	148	poly(A) RNA polymerase GLD2 isoform X3 [Homo sapiens]	TRUE	TENT2
XP_006006036.1	XP_047272807.1	0	N/A	31.378	341	20	1.34e-36	148	poly(A) RNA polymerase GLD2 isoform X3 [Homo sapiens]	TRUE	TENT2
XP_006006036.1	XP_047272806.1	0	N/A	31.378	341	20	1.34e-36	148	poly(A) RNA polymerase GLD2 isoform X3 [Homo sapiens]	TRUE	TENT2
XP_006006036.1	NP_776158.2	0	N/A	31.378	341	20	1.34e-36	148	poly(A) RNA polymerase GLD2 isoform 1 [Homo sapiens]	TRUE	TENT2
XP_006006036.1	NP_001375041.1	0	N/A	31.378	341	20	1.34e-36	148	poly(A) RNA polymerase GLD2 isoform 1 [Homo sapiens]	TRUE	TENT2
XP_006013296.1	XP_047279823.1	0	N/A	58.042	1604	100	0	1682	terminal uridylyltransferase 7 isoform X2 [Homo sapiens]	TRUE	Tut7
XP_006013296.1	XP_006717346.1	0	N/A	58.042	1604	100	0	1682	terminal uridylyltransferase 7 isoform X2 [Homo sapiens]	TRUE	Tut7
XP_006013296.1	XP_011517317.1	0	N/A	58.27	1584	99	0	1666	terminal uridylyltransferase 7 isoform X3 [Homo sapiens]	TRUE	Tut7
XP_006013296.1	XP_011517316.1	0	N/A	58.15	1589	99	0	1664	terminal uridylyltransferase 7 isoform X1 [Homo sapiens]	TRUE	Tut7
XP_006013296.1	XP_011517315.1	0	N/A	58.15	1589	99	0	1664	terminal uridylyltransferase 7 isoform X1 [Homo sapiens]	TRUE	Tut7
XP_006013296.1	XP_011517314.1	0	N/A	58.15	1589	99	0	1664	terminal uridylyltransferase 7 isoform X1 [Homo sapiens]	TRUE	Tut7
XP_006013296.1	XP_011517313.1	0	N/A	58.15	1589	99	0	1664	terminal uridylyltransferase 7 isoform X1 [Homo sapiens]	TRUE	Tut7
XP_006013296.1	XP_047279825.1	0	N/A	58.762	1535	96	0	1640	terminal uridylyltransferase 7 isoform X6 [Homo sapiens]	TRUE	Tut7
XP_006013296.1	XP_047279824.1	0	N/A	58.762	1535	96	0	1640	terminal uridylyltransferase 7 isoform X6 [Homo sapiens]	TRUE	Tut7
XP_006013296.1	XP_005252264.1	0	N/A	58.762	1535	96	0	1640	terminal uridylyltransferase 7 isoform X6 [Homo sapiens]	TRUE	Tut7
XP_006013296.1	XP_011517318.1	0	N/A	58.735	1534	96	0	1637	terminal uridylyltransferase 7 isoform X5 [Homo sapiens]	TRUE	Tut7
XP_006013296.1	XP_016870620.1	0	N/A	58.731	1529	95	0	1634	terminal uridylyltransferase 7 isoform X4 [Homo sapiens]	TRUE	Tut7
XP_006013296.1	XP_016870619.1	0	N/A	58.731	1529	95	0	1634	terminal uridylyltransferase 7 isoform X4 [Homo sapiens]	TRUE	Tut7
XP_006013296.1	NP_078893.2	0	N/A	58.731	1529	95	0	1634	terminal uridylyltransferase 7 isoform 1 [Homo sapiens]	TRUE	Tut7
XP_006013296.1	NP_001171988.1	0	N/A	58.731	1529	95	0	1634	terminal uridylyltransferase 7 isoform 1 [Homo sapiens]	TRUE	Tut7
XP_006013296.1	XP_005252265.1	0	N/A	59.355	1427	89	0	1546	terminal uridylyltransferase 7 isoform X7 [Homo sapiens]	TRUE	Tut7
XP_006013296.1	XP_047279826.1	0	N/A	51.361	1102	69	0	934	terminal uridylyltransferase 7 isoform X8 [Homo sapiens]	TRUE	Tut7
XP_006013296.1	NP_001317647.1	0	N/A	60.864	787	49	0	895	terminal uridylyltransferase 7 isoform 3 [Homo sapiens]	TRUE	Tut7
XP_006013296.1	NP_001172003.1	0	N/A	76.942	399	25	0	647	terminal uridylyltransferase 7 isoform 2 [Homo sapiens]	TRUE	Tut7
XP_006013296.1	XP_016856293.1	0	N/A	56.326	577	36	0	640	terminal uridylyltransferase 4 isoform X16 [Homo sapiens]	TRUE	Tut4
XP_006013296.1	XP_016856292.1	0	N/A	56.326	577	36	0	640	terminal uridylyltransferase 4 isoform X9 [Homo sapiens]	TRUE	Tut4
XP_006013296.1	XP_016856299.1	0	N/A	56.326	577	36	0	639	terminal uridylyltransferase 4 isoform X40 [Homo sapiens]	TRUE	Tut4
XP_006013296.1	XP_016856297.1	0	N/A	56.326	577	36	0	639	terminal uridylyltransferase 4 isoform X36 [Homo sapiens]	TRUE	Tut4
XP_006013296.1	XP_047272345.1	0	N/A	56.326	577	36	0	639	terminal uridylyltransferase 4 isoform X31 [Homo sapiens]	TRUE	Tut4
XP_006013296.1	XP_047272285.1	0	N/A	56.499	577	36	0	638	terminal uridylyltransferase 4 isoform X7 [Homo sapiens]	TRUE	Tut4
XP_006013296.1	XP_047272283.1	0	N/A	56.326	577	36	0	638	terminal uridylyltransferase 4 isoform X6 [Homo sapiens]	TRUE	Tut4
XP_006013296.1	XP_047272280.1	0	N/A	56.326	577	36	0	638	terminal uridylyltransferase 4 isoform X3 [Homo sapiens]	TRUE	Tut4
XP_006013296.1	XP_016856295.1	0	N/A	56.326	577	36	0	638	terminal uridylyltransferase 4 isoform X25 [Homo sapiens]	TRUE	Tut4
XP_006013296.1	XP_005270737.1	0	N/A	56.326	577	36	0	638	terminal uridylyltransferase 4 isoform X6 [Homo sapiens]	TRUE	Tut4
XP_006013296.1	XP_005270736.1	0	N/A	56.326	577	36	0	638	terminal uridylyltransferase 4 isoform X3 [Homo sapiens]	TRUE	Tut4
XP_006013296.1	XP_016856296.1	0	N/A	56.326	577	36	0	638	terminal uridylyltransferase 4 isoform X28 [Homo sapiens]	TRUE	Tut4
XP_006013296.1	XP_047272288.1	0	N/A	55.979	577	36	0	637	terminal uridylyltransferase 4 isoform X10 [Homo sapiens]	TRUE	Tut4
XP_006013296.1	XP_047272365.1	0	N/A	56.499	577	36	0	637	terminal uridylyltransferase 4 isoform X38 [Homo sapiens]	TRUE	Tut4
XP_006013296.1	XP_005270739.1	0	N/A	55.979	577	36	0	637	terminal uridylyltransferase 4 isoform X33 [Homo sapiens]	TRUE	Tut4
XP_006013296.1	XP_047272282.1	0	N/A	56.499	577	36	0	637	terminal uridylyltransferase 4 isoform X5 [Homo sapiens]	TRUE	Tut4
XP_006013296.1	XP_011539401.1	0	N/A	55.979	577	36	0	637	terminal uridylyltransferase 4 isoform X29 [Homo sapiens]	TRUE	Tut4
XP_006013296.1	XP_005270735.1	0	N/A	56.499	577	36	0	637	terminal uridylyltransferase 4 isoform X2 [Homo sapiens]	TRUE	Tut4
XP_006013296.1	NP_056084.1	0	N/A	56.499	577	36	0	637	terminal uridylyltransferase 4 isoform b [Homo sapiens]	TRUE	Tut4
XP_006013296.1	XP_047272337.1	0	N/A	56.499	577	36	0	636	terminal uridylyltransferase 4 isoform X27 [Homo sapiens]	TRUE	Tut4
XP_006013296.1	XP_047272325.1	0	N/A	56.499	577	36	0	636	terminal uridylyltransferase 4 isoform X23 [Homo sapiens]	TRUE	Tut4
XP_006013296.1	XP_047272281.1	0	N/A	55.979	577	36	0	636	terminal uridylyltransferase 4 isoform X4 [Homo sapiens]	TRUE	Tut4
XP_006013296.1	NP_001009881.1	0	N/A	55.979	577	36	0	636	terminal uridylyltransferase 4 isoform a [Homo sapiens]	TRUE	Tut4
XP_006013296.1	XP_011539399.1	0	N/A	55.979	577	36	0	636	terminal uridylyltransferase 4 isoform X1 [Homo sapiens]	TRUE	Tut4
XP_006013296.1	XP_005270733.1	0	N/A	55.979	577	36	0	636	terminal uridylyltransferase 4 isoform X1 [Homo sapiens]	TRUE	Tut4
XP_006013296.1	XP_047272384.1	0	N/A	55.979	577	36	0	632	terminal uridylyltransferase 4 isoform X46 [Homo sapiens]	TRUE	Tut4
XP_006013296.1	XP_047272290.1	0	N/A	54.514	576	36	0	608	terminal uridylyltransferase 4 isoform X11 [Homo sapiens]	TRUE	Tut4
XP_006013296.1	XP_047272305.1	0	N/A	54.514	576	36	0	607	terminal uridylyltransferase 4 isoform X17 [Homo sapiens]	TRUE	Tut4
XP_006013296.1	XP_047272372.1	0	N/A	54.688	576	36	0	607	terminal uridylyltransferase 4 isoform X42 [Homo sapiens]	TRUE	Tut4
XP_006013296.1	XP_047272350.1	0	N/A	54.514	576	36	0	606	terminal uridylyltransferase 4 isoform X34 [Homo sapiens]	TRUE	Tut4
XP_006013296.1	XP_047272286.1	0	N/A	54.167	576	36	0	606	terminal uridylyltransferase 4 isoform X8 [Homo sapiens]	TRUE	Tut4
XP_006013296.1	XP_047272296.1	0	N/A	54.688	576	36	0	605	terminal uridylyltransferase 4 isoform X13 [Homo sapiens]	TRUE	Tut4
XP_006013296.1	XP_047272295.1	0	N/A	54.167	576	36	0	605	terminal uridylyltransferase 4 isoform X12 [Homo sapiens]	TRUE	Tut4
XP_006013296.1	XP_047272344.1	0	N/A	54.167	576	36	0	604	terminal uridylyltransferase 4 isoform X30 [Homo sapiens]	TRUE	Tut4
XP_006013296.1	XP_047272377.1	0	N/A	50.433	577	36	1.79e-168	550	terminal uridylyltransferase 4 isoform X44 [Homo sapiens]	TRUE	Tut4
XP_006013296.1	XP_047272367.1	0	N/A	50.433	577	36	5.75e-168	550	terminal uridylyltransferase 4 isoform X39 [Homo sapiens]	TRUE	Tut4
XP_006013296.1	XP_047272336.1	0	N/A	50.433	577	36	6.97e-168	550	terminal uridylyltransferase 4 isoform X26 [Homo sapiens]	TRUE	Tut4
XP_006013296.1	XP_047272373.1	0	N/A	50.087	577	36	9.08e-168	548	terminal uridylyltransferase 4 isoform X43 [Homo sapiens]	TRUE	Tut4
XP_006013296.1	XP_047272369.1	0	N/A	50.087	577	36	9.51e-168	548	terminal uridylyltransferase 4 isoform X41 [Homo sapiens]	TRUE	Tut4
XP_006013296.1	XP_047272306.1	0	N/A	50.433	577	36	1.47e-167	550	terminal uridylyltransferase 4 isoform X18 [Homo sapiens]	TRUE	Tut4
XP_006013296.1	XP_016856294.1	0	N/A	50.433	577	36	1.77e-167	550	terminal uridylyltransferase 4 isoform X20 [Homo sapiens]	TRUE	Tut4
XP_006013296.1	XP_047272327.1	0	N/A	50.607	577	36	1.78e-167	549	terminal uridylyltransferase 4 isoform X24 [Homo sapiens]	TRUE	Tut4
XP_006013296.1	XP_047272362.1	0	N/A	50.607	577	36	2.68e-167	548	terminal uridylyltransferase 4 isoform X37 [Homo sapiens]	TRUE	Tut4
XP_006013296.1	XP_047272320.1	0	N/A	50.087	577	36	3.01e-167	548	terminal uridylyltransferase 4 isoform X22 [Homo sapiens]	TRUE	Tut4
XP_006013296.1	XP_047272311.1	0	N/A	50.087	577	36	3.45e-167	548	terminal uridylyltransferase 4 isoform X21 [Homo sapiens]	TRUE	Tut4
XP_006013296.1	XP_047272348.1	0	N/A	50.087	577	36	4.32e-167	547	terminal uridylyltransferase 4 isoform X32 [Homo sapiens]	TRUE	Tut4
XP_006013296.1	XP_047272354.1	0	N/A	50.087	577	36	4.36e-167	547	terminal uridylyltransferase 4 isoform X35 [Homo sapiens]	TRUE	Tut4
XP_006013296.1	XP_047272303.1	0	N/A	50.607	577	36	5.53e-167	548	terminal uridylyltransferase 4 isoform X15 [Homo sapiens]	TRUE	Tut4
XP_006013296.1	XP_047272307.1	0	N/A	50.607	577	36	9.23e-167	548	terminal uridylyltransferase 4 isoform X19 [Homo sapiens]	TRUE	Tut4
XP_006013296.1	XP_005270738.1	0	N/A	50.087	577	36	9.25e-167	548	terminal uridylyltransferase 4 isoform X14 [Homo sapiens]	TRUE	Tut4
XP_006013296.1	XP_016856307.1	0	N/A	50.515	291	19	1.13e-81	293	terminal uridylyltransferase 4 isoform X45 [Homo sapiens]	TRUE	Tut4
XP_006013296.1	NP_001375065.1	0	N/A	35.316	269	17	1.28e-35	142	poly(A) RNA polymerase GLD2 isoform 14 [Homo sapiens]	TRUE	TENT2
XP_006013296.1	NP_001375061.1	0	N/A	35.316	269	17	2.08e-35	144	poly(A) RNA polymerase GLD2 isoform 12 [Homo sapiens]	TRUE	TENT2
XP_006013296.1	XP_047272811.1	0	N/A	35.316	269	17	2.7e-35	144	poly(A) RNA polymerase GLD2 isoform X4 [Homo sapiens]	TRUE	TENT2
XP_006013296.1	XP_047272810.1	0	N/A	35.316	269	17	2.7e-35	144	poly(A) RNA polymerase GLD2 isoform X4 [Homo sapiens]	TRUE	TENT2
XP_006013296.1	XP_047272809.1	0	N/A	35.316	269	17	2.7e-35	144	poly(A) RNA polymerase GLD2 isoform X4 [Homo sapiens]	TRUE	TENT2
XP_006013296.1	NP_001375058.1	0	N/A	35.316	269	17	2.7e-35	144	poly(A) RNA polymerase GLD2 isoform 2 [Homo sapiens]	TRUE	TENT2
XP_006013296.1	NP_001375057.1	0	N/A	35.316	269	17	2.7e-35	144	poly(A) RNA polymerase GLD2 isoform 2 [Homo sapiens]	TRUE	TENT2
XP_006013296.1	NP_001375056.1	0	N/A	35.316	269	17	2.7e-35	144	poly(A) RNA polymerase GLD2 isoform 2 [Homo sapiens]	TRUE	TENT2
XP_006013296.1	NP_001375055.1	0	N/A	35.316	269	17	2.7e-35	144	poly(A) RNA polymerase GLD2 isoform 2 [Homo sapiens]	TRUE	TENT2
XP_006013296.1	NP_001375054.1	0	N/A	35.316	269	17	2.7e-35	144	poly(A) RNA polymerase GLD2 isoform 2 [Homo sapiens]	TRUE	TENT2
XP_006013296.1	NP_001375053.1	0	N/A	35.316	269	17	2.7e-35	144	poly(A) RNA polymerase GLD2 isoform 2 [Homo sapiens]	TRUE	TENT2
XP_006013296.1	NP_001375052.1	0	N/A	35.316	269	17	2.7e-35	144	poly(A) RNA polymerase GLD2 isoform 2 [Homo sapiens]	TRUE	TENT2
XP_006013296.1	NP_001375051.1	0	N/A	35.316	269	17	2.7e-35	144	poly(A) RNA polymerase GLD2 isoform 2 [Homo sapiens]	TRUE	TENT2
XP_006013296.1	NP_001375050.1	0	N/A	35.316	269	17	2.7e-35	144	poly(A) RNA polymerase GLD2 isoform 2 [Homo sapiens]	TRUE	TENT2
XP_006013296.1	NP_001375049.1	0	N/A	35.316	269	17	2.7e-35	144	poly(A) RNA polymerase GLD2 isoform 2 [Homo sapiens]	TRUE	TENT2
XP_006013296.1	NP_001375048.1	0	N/A	35.316	269	17	2.7e-35	144	poly(A) RNA polymerase GLD2 isoform 2 [Homo sapiens]	TRUE	TENT2
XP_006013296.1	NP_001375047.1	0	N/A	35.316	269	17	2.7e-35	144	poly(A) RNA polymerase GLD2 isoform 2 [Homo sapiens]	TRUE	TENT2
XP_006013296.1	NP_001375046.1	0	N/A	35.316	269	17	2.7e-35	144	poly(A) RNA polymerase GLD2 isoform 2 [Homo sapiens]	TRUE	TENT2
XP_006013296.1	NP_001375045.1	0	N/A	35.316	269	17	2.7e-35	144	poly(A) RNA polymerase GLD2 isoform 2 [Homo sapiens]	TRUE	TENT2
XP_006013296.1	NP_001375044.1	0	N/A	35.316	269	17	2.7e-35	144	poly(A) RNA polymerase GLD2 isoform 2 [Homo sapiens]	TRUE	TENT2
XP_006013296.1	NP_001375043.1	0	N/A	35.316	269	17	2.7e-35	144	poly(A) RNA polymerase GLD2 isoform 2 [Homo sapiens]	TRUE	TENT2
XP_006013296.1	NP_001336483.1	0	N/A	35.316	269	17	2.7e-35	144	poly(A) RNA polymerase GLD2 isoform 2 [Homo sapiens]	TRUE	TENT2
XP_006013296.1	NP_001284673.1	0	N/A	35.316	269	17	2.7e-35	144	poly(A) RNA polymerase GLD2 isoform 2 [Homo sapiens]	TRUE	TENT2
XP_006013296.1	NP_001375059.1	0	N/A	35.316	269	17	3.08e-35	144	poly(A) RNA polymerase GLD2 isoform 10 [Homo sapiens]	TRUE	TENT2
XP_006013296.1	NP_001375060.1	0	N/A	34.686	271	17	7.65e-35	142	poly(A) RNA polymerase GLD2 isoform 11 [Homo sapiens]	TRUE	TENT2
XP_006013296.1	XP_047272808.1	0	N/A	34.686	271	17	8.74e-35	142	poly(A) RNA polymerase GLD2 isoform X3 [Homo sapiens]	TRUE	TENT2
XP_006013296.1	XP_047272807.1	0	N/A	34.686	271	17	8.74e-35	142	poly(A) RNA polymerase GLD2 isoform X3 [Homo sapiens]	TRUE	TENT2
XP_006013296.1	XP_047272806.1	0	N/A	34.686	271	17	8.74e-35	142	poly(A) RNA polymerase GLD2 isoform X3 [Homo sapiens]	TRUE	TENT2
XP_006013296.1	NP_776158.2	0	N/A	34.686	271	17	8.74e-35	142	poly(A) RNA polymerase GLD2 isoform 1 [Homo sapiens]	TRUE	TENT2
XP_006013296.1	NP_001375041.1	0	N/A	34.686	271	17	8.74e-35	142	poly(A) RNA polymerase GLD2 isoform 1 [Homo sapiens]	TRUE	TENT2
XP_006677318.1	NP_001035375.2	0	N/A	39.241	316	41	1.25e-59	215	terminal nucleotidyltransferase 4B isoform b [Homo sapiens]	TRUE	TENT4B
XP_006677318.1	XP_011521578.1	0	N/A	39.241	316	41	1.27e-59	215	terminal nucleotidyltransferase 4B isoform X2 [Homo sapiens]	TRUE	TENT4B
XP_006677318.1	XP_047290433.1	0	N/A	39.333	300	39	1.49e-59	211	terminal nucleotidyltransferase 4B isoform X6 [Homo sapiens]	TRUE	TENT4B
XP_006677318.1	NP_001035374.2	0	N/A	39.241	316	41	1.68e-59	216	terminal nucleotidyltransferase 4B isoform a [Homo sapiens]	TRUE	TENT4B
XP_006677318.1	XP_011521577.1	0	N/A	39.241	316	41	1.71e-59	216	terminal nucleotidyltransferase 4B isoform X1 [Homo sapiens]	TRUE	TENT4B
XP_006677318.1	XP_047290432.1	0	N/A	39.241	316	41	2.26e-59	214	terminal nucleotidyltransferase 4B isoform X4 [Homo sapiens]	TRUE	TENT4B
XP_006677318.1	XP_011521580.1	0	N/A	39.333	300	39	2.92e-59	211	terminal nucleotidyltransferase 4B isoform X5 [Homo sapiens]	TRUE	TENT4B
XP_006677318.1	NP_001352252.1	0	N/A	39.241	316	41	3.11e-59	215	terminal nucleotidyltransferase 4B isoform c [Homo sapiens]	TRUE	TENT4B
XP_006677318.1	XP_047290431.1	0	N/A	39.241	316	41	3.59e-59	214	terminal nucleotidyltransferase 4B isoform X3 [Homo sapiens]	TRUE	TENT4B
XP_006677318.1	NP_001352253.1	0	N/A	39.241	316	41	3.93e-59	215	terminal nucleotidyltransferase 4B isoform d [Homo sapiens]	TRUE	TENT4B
XP_006677318.1	NP_001165276.2	0	N/A	39.203	301	40	4.75e-58	213	terminal nucleotidyltransferase 4A isoform 2 [Homo sapiens]	TRUE	TENT4A
XP_006677318.1	NP_008930.2	0	N/A	39.203	301	40	4.95e-58	213	terminal nucleotidyltransferase 4A isoform 1 [Homo sapiens]	TRUE	TENT4A
XP_006677318.1	XP_047272622.1	0	N/A	40.226	266	35	6.83e-55	200	terminal nucleotidyltransferase 4A isoform X1 [Homo sapiens]	TRUE	TENT4A
XP_006677318.1	XP_047272621.1	0	N/A	40.226	266	35	6.83e-55	200	terminal nucleotidyltransferase 4A isoform X1 [Homo sapiens]	TRUE	TENT4A
XP_006677318.1	XP_047272620.1	0	N/A	40.226	266	35	6.83e-55	200	terminal nucleotidyltransferase 4A isoform X1 [Homo sapiens]	TRUE	TENT4A
XP_006677318.1	XP_047272623.1	0	N/A	40.541	259	34	1.84e-53	196	terminal nucleotidyltransferase 4A isoform X2 [Homo sapiens]	TRUE	TENT4A
XP_006677318.1	XP_016864477.1	0	N/A	40.541	259	34	1.84e-53	196	terminal nucleotidyltransferase 4A isoform X2 [Homo sapiens]	TRUE	TENT4A
XP_006677318.1	XP_047272624.1	0	N/A	40.541	259	34	1.89e-53	196	terminal nucleotidyltransferase 4A isoform X3 [Homo sapiens]	TRUE	TENT4A
XP_006677318.1	XP_047272820.1	0	N/A	24.571	175	19	2e-06	52.4	poly(A) RNA polymerase GLD2 isoform X11 [Homo sapiens]	TRUE	TENT2
XP_006677318.1	NP_001375027.1	0	N/A	24.571	175	19	3.03e-06	53.1	poly(A) RNA polymerase GLD2 isoform 7 [Homo sapiens]	TRUE	TENT2
XP_006677318.1	XP_047272805.1	0	N/A	24.571	175	19	3.06e-06	53.1	poly(A) RNA polymerase GLD2 isoform X2 [Homo sapiens]	TRUE	TENT2
XP_006677318.1	XP_047272804.1	0	N/A	24.571	175	19	3.06e-06	53.1	poly(A) RNA polymerase GLD2 isoform X2 [Homo sapiens]	TRUE	TENT2
XP_006677318.1	XP_047272803.1	0	N/A	24.571	175	19	3.06e-06	53.1	poly(A) RNA polymerase GLD2 isoform X2 [Homo sapiens]	TRUE	TENT2
XP_006677318.1	XP_047272802.1	0	N/A	24.571	175	19	3.06e-06	53.1	poly(A) RNA polymerase GLD2 isoform X2 [Homo sapiens]	TRUE	TENT2
XP_006677318.1	XP_016864641.1	0	N/A	24.571	175	19	3.06e-06	53.1	poly(A) RNA polymerase GLD2 isoform X2 [Homo sapiens]	TRUE	TENT2
XP_006677318.1	NP_001375026.1	0	N/A	24.571	175	19	3.06e-06	53.1	poly(A) RNA polymerase GLD2 isoform 6 [Homo sapiens]	TRUE	TENT2
XP_006677318.1	NP_001375025.1	0	N/A	24.571	175	19	3.06e-06	53.1	poly(A) RNA polymerase GLD2 isoform 6 [Homo sapiens]	TRUE	TENT2
XP_006677318.1	NP_001375024.1	0	N/A	24.571	175	19	3.06e-06	53.1	poly(A) RNA polymerase GLD2 isoform 6 [Homo sapiens]	TRUE	TENT2
XP_006677318.1	NP_001336480.1	0	N/A	24.571	175	19	3.06e-06	53.1	poly(A) RNA polymerase GLD2 isoform 6 [Homo sapiens]	TRUE	TENT2
XP_006677318.1	XP_047272801.1	0	N/A	24.405	168	18	3.72e-06	52.8	poly(A) RNA polymerase GLD2 isoform X1 [Homo sapiens]	TRUE	TENT2
XP_006677318.1	XP_047272800.1	0	N/A	24.405	168	18	3.72e-06	52.8	poly(A) RNA polymerase GLD2 isoform X1 [Homo sapiens]	TRUE	TENT2
XP_006677318.1	XP_011541527.1	0	N/A	24.405	168	18	3.72e-06	52.8	poly(A) RNA polymerase GLD2 isoform X1 [Homo sapiens]	TRUE	TENT2
XP_006677318.1	XP_011541526.1	0	N/A	24.405	168	18	3.72e-06	52.8	poly(A) RNA polymerase GLD2 isoform X1 [Homo sapiens]	TRUE	TENT2
XP_006677318.1	XP_011541523.1	0	N/A	24.405	168	18	3.72e-06	52.8	poly(A) RNA polymerase GLD2 isoform X1 [Homo sapiens]	TRUE	TENT2
XP_006677318.1	XP_011541522.1	0	N/A	24.405	168	18	3.72e-06	52.8	poly(A) RNA polymerase GLD2 isoform X1 [Homo sapiens]	TRUE	TENT2
XP_006677318.1	NP_001375023.1	0	N/A	24.405	168	18	3.72e-06	52.8	poly(A) RNA polymerase GLD2 isoform 5 [Homo sapiens]	TRUE	TENT2
XP_006677318.1	NP_001375022.1	0	N/A	24.405	168	18	3.72e-06	52.8	poly(A) RNA polymerase GLD2 isoform 5 [Homo sapiens]	TRUE	TENT2
XP_006677318.1	NP_001336479.1	0	N/A	24.405	168	18	3.72e-06	52.8	poly(A) RNA polymerase GLD2 isoform 5 [Homo sapiens]	TRUE	TENT2
XP_006677318.1	NP_001336478.1	0	N/A	24.405	168	18	3.72e-06	52.8	poly(A) RNA polymerase GLD2 isoform 5 [Homo sapiens]	TRUE	TENT2
XP_006677318.1	XP_047272808.1	0	N/A	21.891	201	24	3.75e-06	52.8	poly(A) RNA polymerase GLD2 isoform X3 [Homo sapiens]	TRUE	TENT2
XP_006677318.1	XP_047272807.1	0	N/A	21.891	201	24	3.75e-06	52.8	poly(A) RNA polymerase GLD2 isoform X3 [Homo sapiens]	TRUE	TENT2
XP_006677318.1	XP_047272806.1	0	N/A	21.891	201	24	3.75e-06	52.8	poly(A) RNA polymerase GLD2 isoform X3 [Homo sapiens]	TRUE	TENT2
XP_006677318.1	NP_776158.2	0	N/A	21.891	201	24	3.75e-06	52.8	poly(A) RNA polymerase GLD2 isoform 1 [Homo sapiens]	TRUE	TENT2
XP_006677318.1	NP_001375041.1	0	N/A	21.891	201	24	3.75e-06	52.8	poly(A) RNA polymerase GLD2 isoform 1 [Homo sapiens]	TRUE	TENT2
XP_006677318.1	NP_001375040.1	0	N/A	21.891	201	24	3.75e-06	52.8	poly(A) RNA polymerase GLD2 isoform 1 [Homo sapiens]	TRUE	TENT2
XP_006677318.1	NP_001375039.1	0	N/A	21.891	201	24	3.75e-06	52.8	poly(A) RNA polymerase GLD2 isoform 1 [Homo sapiens]	TRUE	TENT2
XP_006677318.1	NP_001375038.1	0	N/A	21.891	201	24	3.75e-06	52.8	poly(A) RNA polymerase GLD2 isoform 1 [Homo sapiens]	TRUE	TENT2
XP_006677318.1	NP_001375037.1	0	N/A	21.891	201	24	3.75e-06	52.8	poly(A) RNA polymerase GLD2 isoform 1 [Homo sapiens]	TRUE	TENT2
XP_006677318.1	NP_001375036.1	0	N/A	21.891	201	24	3.75e-06	52.8	poly(A) RNA polymerase GLD2 isoform 1 [Homo sapiens]	TRUE	TENT2
XP_006677318.1	NP_001375035.1	0	N/A	21.891	201	24	3.75e-06	52.8	poly(A) RNA polymerase GLD2 isoform 1 [Homo sapiens]	TRUE	TENT2
XP_006677318.1	NP_001375034.1	0	N/A	21.891	201	24	3.75e-06	52.8	poly(A) RNA polymerase GLD2 isoform 1 [Homo sapiens]	TRUE	TENT2
XP_006677318.1	NP_001375032.1	0	N/A	21.891	201	24	3.75e-06	52.8	poly(A) RNA polymerase GLD2 isoform 1 [Homo sapiens]	TRUE	TENT2
XP_006677318.1	NP_001375031.1	0	N/A	21.891	201	24	3.75e-06	52.8	poly(A) RNA polymerase GLD2 isoform 1 [Homo sapiens]	TRUE	TENT2
XP_006677318.1	NP_001336482.1	0	N/A	21.891	201	24	3.75e-06	52.8	poly(A) RNA polymerase GLD2 isoform 1 [Homo sapiens]	TRUE	TENT2
XP_006677318.1	NP_001336481.1	0	N/A	21.891	201	24	3.75e-06	52.8	poly(A) RNA polymerase GLD2 isoform 1 [Homo sapiens]	TRUE	TENT2
XP_006677318.1	NP_001107866.1	0	N/A	21.891	201	24	3.75e-06	52.8	poly(A) RNA polymerase GLD2 isoform 1 [Homo sapiens]	TRUE	TENT2
XP_006677318.1	NP_001107865.1	0	N/A	21.891	201	24	3.75e-06	52.8	poly(A) RNA polymerase GLD2 isoform 1 [Homo sapiens]	TRUE	TENT2
XP_006677318.1	NP_001336477.1	0	N/A	25.17	147	16	4.03e-06	51.6	poly(A) RNA polymerase GLD2 isoform 4 [Homo sapiens]	TRUE	TENT2
XP_006677318.1	NP_001375042.1	0	N/A	21.891	201	24	4.19e-06	52.8	poly(A) RNA polymerase GLD2 isoform 16 [Homo sapiens]	TRUE	TENT2
XP_006677318.1	NP_001375060.1	0	N/A	21.891	201	24	4.47e-06	52.4	poly(A) RNA polymerase GLD2 isoform 11 [Homo sapiens]	TRUE	TENT2
XP_006677318.1	NP_001375061.1	0	N/A	28.09	89	12	8.08e-06	51.6	poly(A) RNA polymerase GLD2 isoform 12 [Homo sapiens]	TRUE	TENT2
XP_006677318.1	XP_047272811.1	0	N/A	28.09	89	12	8.33e-06	51.6	poly(A) RNA polymerase GLD2 isoform X4 [Homo sapiens]	TRUE	TENT2
XP_006677318.1	XP_047272810.1	0	N/A	28.09	89	12	8.33e-06	51.6	poly(A) RNA polymerase GLD2 isoform X4 [Homo sapiens]	TRUE	TENT2
XP_006677318.1	XP_047272809.1	0	N/A	28.09	89	12	8.33e-06	51.6	poly(A) RNA polymerase GLD2 isoform X4 [Homo sapiens]	TRUE	TENT2
XP_006677318.1	NP_001375058.1	0	N/A	28.09	89	12	8.33e-06	51.6	poly(A) RNA polymerase GLD2 isoform 2 [Homo sapiens]	TRUE	TENT2
XP_006677318.1	NP_001375057.1	0	N/A	28.09	89	12	8.33e-06	51.6	poly(A) RNA polymerase GLD2 isoform 2 [Homo sapiens]	TRUE	TENT2
XP_006677318.1	NP_001375056.1	0	N/A	28.09	89	12	8.33e-06	51.6	poly(A) RNA polymerase GLD2 isoform 2 [Homo sapiens]	TRUE	TENT2
XP_006677318.1	NP_001375055.1	0	N/A	28.09	89	12	8.33e-06	51.6	poly(A) RNA polymerase GLD2 isoform 2 [Homo sapiens]	TRUE	TENT2
XP_006677318.1	NP_001375054.1	0	N/A	28.09	89	12	8.33e-06	51.6	poly(A) RNA polymerase GLD2 isoform 2 [Homo sapiens]	TRUE	TENT2
XP_006677318.1	NP_001375053.1	0	N/A	28.09	89	12	8.33e-06	51.6	poly(A) RNA polymerase GLD2 isoform 2 [Homo sapiens]	TRUE	TENT2
XP_006677318.1	NP_001375052.1	0	N/A	28.09	89	12	8.33e-06	51.6	poly(A) RNA polymerase GLD2 isoform 2 [Homo sapiens]	TRUE	TENT2
XP_006677318.1	NP_001375051.1	0	N/A	28.09	89	12	8.33e-06	51.6	poly(A) RNA polymerase GLD2 isoform 2 [Homo sapiens]	TRUE	TENT2
XP_006677318.1	NP_001375050.1	0	N/A	28.09	89	12	8.33e-06	51.6	poly(A) RNA polymerase GLD2 isoform 2 [Homo sapiens]	TRUE	TENT2
XP_006677318.1	NP_001375049.1	0	N/A	28.09	89	12	8.33e-06	51.6	poly(A) RNA polymerase GLD2 isoform 2 [Homo sapiens]	TRUE	TENT2
XP_006677318.1	NP_001375048.1	0	N/A	28.09	89	12	8.33e-06	51.6	poly(A) RNA polymerase GLD2 isoform 2 [Homo sapiens]	TRUE	TENT2
XP_006677318.1	NP_001375047.1	0	N/A	28.09	89	12	8.33e-06	51.6	poly(A) RNA polymerase GLD2 isoform 2 [Homo sapiens]	TRUE	TENT2
XP_006677318.1	NP_001375046.1	0	N/A	28.09	89	12	8.33e-06	51.6	poly(A) RNA polymerase GLD2 isoform 2 [Homo sapiens]	TRUE	TENT2
XP_006677318.1	NP_001375045.1	0	N/A	28.09	89	12	8.33e-06	51.6	poly(A) RNA polymerase GLD2 isoform 2 [Homo sapiens]	TRUE	TENT2
XP_006677318.1	NP_001375044.1	0	N/A	28.09	89	12	8.33e-06	51.6	poly(A) RNA polymerase GLD2 isoform 2 [Homo sapiens]	TRUE	TENT2
XP_006677318.1	NP_001375043.1	0	N/A	28.09	89	12	8.33e-06	51.6	poly(A) RNA polymerase GLD2 isoform 2 [Homo sapiens]	TRUE	TENT2
XP_006677318.1	NP_001336483.1	0	N/A	28.09	89	12	8.33e-06	51.6	poly(A) RNA polymerase GLD2 isoform 2 [Homo sapiens]	TRUE	TENT2
XP_006677318.1	NP_001284673.1	0	N/A	28.09	89	12	8.33e-06	51.6	poly(A) RNA polymerase GLD2 isoform 2 [Homo sapiens]	TRUE	TENT2
XP_006677318.1	NP_001375059.1	0	N/A	28.09	89	12	8.54e-06	51.6	poly(A) RNA polymerase GLD2 isoform 10 [Homo sapiens]	TRUE	TENT2
XP_006677318.1	XP_047272818.1	0	N/A	21.939	196	24	9.17e-06	51.2	poly(A) RNA polymerase GLD2 isoform X10 [Homo sapiens]	TRUE	TENT2
XP_006677318.1	XP_047272817.1	0	N/A	26.667	105	14	9.43e-06	51.2	poly(A) RNA polymerase GLD2 isoform X9 [Homo sapiens]	TRUE	TENT2
XP_006677318.1	NP_001375029.1	0	N/A	25.547	137	16	9.59e-06	51.6	poly(A) RNA polymerase GLD2 isoform 8 [Homo sapiens]	TRUE	TENT2
XP_006677318.1	NP_001375028.1	0	N/A	25.547	137	16	9.59e-06	51.6	poly(A) RNA polymerase GLD2 isoform 8 [Homo sapiens]	TRUE	TENT2
XP_006677318.1	NP_001375030.1	0	N/A	28.09	89	12	1.02e-05	51.6	poly(A) RNA polymerase GLD2 isoform 9 [Homo sapiens]	TRUE	TENT2
XP_006677318.1	NP_001375065.1	0	N/A	28.09	89	12	1.09e-05	50.8	poly(A) RNA polymerase GLD2 isoform 14 [Homo sapiens]	TRUE	TENT2
XP_006677318.1	XP_047272816.1	0	N/A	26.667	105	14	1.2e-05	50.8	poly(A) RNA polymerase GLD2 isoform X8 [Homo sapiens]	TRUE	TENT2
XP_006677318.1	NP_001317647.1	0	N/A	24.155	207	26	6.71e-05	49.3	terminal uridylyltransferase 7 isoform 3 [Homo sapiens]	TRUE	Tut7
XP_006677318.1	XP_047279823.1	0	N/A	24.155	207	26	8.85e-05	48.9	terminal uridylyltransferase 7 isoform X2 [Homo sapiens]	TRUE	Tut7
XP_006677318.1	XP_006717346.1	0	N/A	24.155	207	26	8.85e-05	48.9	terminal uridylyltransferase 7 isoform X2 [Homo sapiens]	TRUE	Tut7
XP_006677318.1	XP_011517318.1	0	N/A	24.155	207	26	9.04e-05	48.9	terminal uridylyltransferase 7 isoform X5 [Homo sapiens]	TRUE	Tut7
XP_006677318.1	XP_047279825.1	0	N/A	24.155	207	26	9.26e-05	48.9	terminal uridylyltransferase 7 isoform X6 [Homo sapiens]	TRUE	Tut7
XP_006677318.1	XP_047279824.1	0	N/A	24.155	207	26	9.26e-05	48.9	terminal uridylyltransferase 7 isoform X6 [Homo sapiens]	TRUE	Tut7
XP_006677318.1	XP_005252264.1	0	N/A	24.155	207	26	9.26e-05	48.9	terminal uridylyltransferase 7 isoform X6 [Homo sapiens]	TRUE	Tut7
XP_006677318.1	XP_016870620.1	0	N/A	24.155	207	26	9.44e-05	48.9	terminal uridylyltransferase 7 isoform X4 [Homo sapiens]	TRUE	Tut7
XP_006677318.1	XP_016870619.1	0	N/A	24.155	207	26	9.44e-05	48.9	terminal uridylyltransferase 7 isoform X4 [Homo sapiens]	TRUE	Tut7
XP_006677318.1	NP_078893.2	0	N/A	24.155	207	26	9.44e-05	48.9	terminal uridylyltransferase 7 isoform 1 [Homo sapiens]	TRUE	Tut7
XP_006678984.1	XP_047290433.1	0	N/A	28.693	352	64	6.47e-30	125	terminal nucleotidyltransferase 4B isoform X6 [Homo sapiens]	TRUE	TENT4B
XP_006678984.1	XP_011521580.1	0	N/A	28.693	352	64	7.21e-30	125	terminal nucleotidyltransferase 4B isoform X5 [Homo sapiens]	TRUE	TENT4B
XP_006678984.1	NP_001035374.2	0	N/A	28.693	352	64	2.1e-29	125	terminal nucleotidyltransferase 4B isoform a [Homo sapiens]	TRUE	TENT4B
XP_006678984.1	XP_011521577.1	0	N/A	28.693	352	64	2.1e-29	125	terminal nucleotidyltransferase 4B isoform X1 [Homo sapiens]	TRUE	TENT4B
XP_006678984.1	NP_001035375.2	0	N/A	28.693	352	64	2.49e-29	125	terminal nucleotidyltransferase 4B isoform b [Homo sapiens]	TRUE	TENT4B
XP_006678984.1	XP_011521578.1	0	N/A	28.693	352	64	2.5e-29	125	terminal nucleotidyltransferase 4B isoform X2 [Homo sapiens]	TRUE	TENT4B
XP_006678984.1	NP_001352252.1	0	N/A	28.693	352	64	3.12e-29	124	terminal nucleotidyltransferase 4B isoform c [Homo sapiens]	TRUE	TENT4B
XP_006678984.1	XP_047290432.1	0	N/A	28.693	352	64	3.18e-29	124	terminal nucleotidyltransferase 4B isoform X4 [Homo sapiens]	TRUE	TENT4B
XP_006678984.1	NP_001352253.1	0	N/A	28.693	352	64	3.35e-29	124	terminal nucleotidyltransferase 4B isoform d [Homo sapiens]	TRUE	TENT4B
XP_006678984.1	XP_047290431.1	0	N/A	28.693	352	64	4.68e-29	124	terminal nucleotidyltransferase 4B isoform X3 [Homo sapiens]	TRUE	TENT4B
XP_006678984.1	NP_008930.2	0	N/A	29.781	319	58	2.12e-28	122	terminal nucleotidyltransferase 4A isoform 1 [Homo sapiens]	TRUE	TENT4A
XP_006678984.1	NP_001165276.2	0	N/A	29.781	319	58	2.2e-28	122	terminal nucleotidyltransferase 4A isoform 2 [Homo sapiens]	TRUE	TENT4A
XP_006678984.1	XP_047272622.1	0	N/A	29.87	308	56	2.04e-27	118	terminal nucleotidyltransferase 4A isoform X1 [Homo sapiens]	TRUE	TENT4A
XP_006678984.1	XP_047272621.1	0	N/A	29.87	308	56	2.04e-27	118	terminal nucleotidyltransferase 4A isoform X1 [Homo sapiens]	TRUE	TENT4A
XP_006678984.1	XP_047272620.1	0	N/A	29.87	308	56	2.04e-27	118	terminal nucleotidyltransferase 4A isoform X1 [Homo sapiens]	TRUE	TENT4A
XP_006678984.1	XP_047272623.1	0	N/A	29.766	299	54	1.05e-24	110	terminal nucleotidyltransferase 4A isoform X2 [Homo sapiens]	TRUE	TENT4A
XP_006678984.1	XP_016864477.1	0	N/A	29.766	299	54	1.05e-24	110	terminal nucleotidyltransferase 4A isoform X2 [Homo sapiens]	TRUE	TENT4A
XP_006678984.1	XP_047272624.1	0	N/A	29.766	299	54	1.16e-24	110	terminal nucleotidyltransferase 4A isoform X3 [Homo sapiens]	TRUE	TENT4A
XP_006678984.1	XP_047272372.1	0	N/A	25.14	179	32	1.2e-07	57.4	terminal uridylyltransferase 4 isoform X42 [Homo sapiens]	TRUE	Tut4
XP_006678984.1	XP_047272305.1	0	N/A	25.14	179	32	1.23e-07	57.4	terminal uridylyltransferase 4 isoform X17 [Homo sapiens]	TRUE	Tut4
XP_006678984.1	XP_047272295.1	0	N/A	25.14	179	32	1.28e-07	57.4	terminal uridylyltransferase 4 isoform X12 [Homo sapiens]	TRUE	Tut4
XP_006678984.1	XP_047272296.1	0	N/A	25.14	179	32	1.3e-07	57.4	terminal uridylyltransferase 4 isoform X13 [Homo sapiens]	TRUE	Tut4
XP_006678984.1	XP_047272290.1	0	N/A	25.14	179	32	1.38e-07	57.4	terminal uridylyltransferase 4 isoform X11 [Homo sapiens]	TRUE	Tut4
XP_006678984.1	XP_047272286.1	0	N/A	25.14	179	32	1.39e-07	57.4	terminal uridylyltransferase 4 isoform X8 [Homo sapiens]	TRUE	Tut4
XP_006678984.1	XP_047272350.1	0	N/A	25.14	179	32	1.53e-07	57.4	terminal uridylyltransferase 4 isoform X34 [Homo sapiens]	TRUE	Tut4
XP_006678984.1	XP_047272344.1	0	N/A	25.14	179	32	1.8e-07	57	terminal uridylyltransferase 4 isoform X30 [Homo sapiens]	TRUE	Tut4
XP_006678984.1	XP_016856293.1	0	N/A	23.762	202	32	1.44e-06	53.9	terminal uridylyltransferase 4 isoform X16 [Homo sapiens]	TRUE	Tut4
XP_006678984.1	XP_016856299.1	0	N/A	23.762	202	32	1.51e-06	53.9	terminal uridylyltransferase 4 isoform X40 [Homo sapiens]	TRUE	Tut4
XP_006678984.1	XP_047272288.1	0	N/A	23.762	202	32	1.53e-06	53.9	terminal uridylyltransferase 4 isoform X10 [Homo sapiens]	TRUE	Tut4
XP_006678984.1	XP_047272365.1	0	N/A	23.762	202	32	1.6e-06	53.9	terminal uridylyltransferase 4 isoform X38 [Homo sapiens]	TRUE	Tut4
XP_006678984.1	XP_047272283.1	0	N/A	23.762	202	32	1.67e-06	53.9	terminal uridylyltransferase 4 isoform X6 [Homo sapiens]	TRUE	Tut4
XP_006678984.1	XP_005270737.1	0	N/A	23.762	202	32	1.67e-06	53.9	terminal uridylyltransferase 4 isoform X6 [Homo sapiens]	TRUE	Tut4
XP_006678984.1	XP_016856292.1	0	N/A	23.762	202	32	1.8e-06	53.9	terminal uridylyltransferase 4 isoform X9 [Homo sapiens]	TRUE	Tut4
XP_006678984.1	XP_047272285.1	0	N/A	23.762	202	32	1.8e-06	53.9	terminal uridylyltransferase 4 isoform X7 [Homo sapiens]	TRUE	Tut4
XP_006678984.1	XP_047272282.1	0	N/A	23.762	202	32	1.82e-06	53.9	terminal uridylyltransferase 4 isoform X5 [Homo sapiens]	TRUE	Tut4
XP_006678984.1	NP_056084.1	0	N/A	23.762	202	32	1.82e-06	53.9	terminal uridylyltransferase 4 isoform b [Homo sapiens]	TRUE	Tut4
XP_006678984.1	XP_016856297.1	0	N/A	23.762	202	32	1.84e-06	53.9	terminal uridylyltransferase 4 isoform X36 [Homo sapiens]	TRUE	Tut4
XP_006678984.1	XP_047272281.1	0	N/A	23.762	202	32	1.84e-06	53.9	terminal uridylyltransferase 4 isoform X4 [Homo sapiens]	TRUE	Tut4
XP_006678984.1	NP_001009881.1	0	N/A	23.762	202	32	1.84e-06	53.9	terminal uridylyltransferase 4 isoform a [Homo sapiens]	TRUE	Tut4
XP_006678984.1	XP_005270739.1	0	N/A	23.762	202	32	1.97e-06	53.5	terminal uridylyltransferase 4 isoform X33 [Homo sapiens]	TRUE	Tut4
XP_006678984.1	XP_005270735.1	0	N/A	23.762	202	32	2.06e-06	53.5	terminal uridylyltransferase 4 isoform X2 [Homo sapiens]	TRUE	Tut4
XP_006678984.1	XP_011539399.1	0	N/A	23.762	202	32	2.13e-06	53.5	terminal uridylyltransferase 4 isoform X1 [Homo sapiens]	TRUE	Tut4
XP_006678984.1	XP_005270733.1	0	N/A	23.762	202	32	2.13e-06	53.5	terminal uridylyltransferase 4 isoform X1 [Homo sapiens]	TRUE	Tut4
XP_006678984.1	XP_047272280.1	0	N/A	23.762	202	32	2.15e-06	53.5	terminal uridylyltransferase 4 isoform X3 [Homo sapiens]	TRUE	Tut4
XP_006678984.1	XP_005270736.1	0	N/A	23.762	202	32	2.15e-06	53.5	terminal uridylyltransferase 4 isoform X3 [Homo sapiens]	TRUE	Tut4
XP_006678984.1	XP_016856296.1	0	N/A	23.762	202	32	2.21e-06	53.5	terminal uridylyltransferase 4 isoform X28 [Homo sapiens]	TRUE	Tut4
XP_006678984.1	XP_047272337.1	0	N/A	23.762	202	32	2.21e-06	53.5	terminal uridylyltransferase 4 isoform X27 [Homo sapiens]	TRUE	Tut4
XP_006678984.1	XP_047272325.1	0	N/A	23.762	202	32	2.34e-06	53.5	terminal uridylyltransferase 4 isoform X23 [Homo sapiens]	TRUE	Tut4
XP_006678984.1	XP_011539401.1	0	N/A	23.762	202	32	2.4e-06	53.5	terminal uridylyltransferase 4 isoform X29 [Homo sapiens]	TRUE	Tut4
XP_006678984.1	XP_047272345.1	0	N/A	23.762	202	32	2.46e-06	53.1	terminal uridylyltransferase 4 isoform X31 [Homo sapiens]	TRUE	Tut4
XP_006678984.1	XP_016856295.1	0	N/A	23.762	202	32	2.57e-06	53.1	terminal uridylyltransferase 4 isoform X25 [Homo sapiens]	TRUE	Tut4
XP_006678984.1	XP_047272384.1	0	N/A	23.762	202	32	3.54e-06	52.8	terminal uridylyltransferase 4 isoform X46 [Homo sapiens]	TRUE	Tut4
XP_006678984.1	XP_047272320.1	0	N/A	24.064	187	29	0.001	45.1	terminal uridylyltransferase 4 isoform X22 [Homo sapiens]	TRUE	Tut4
XP_006678984.1	XP_047272336.1	0	N/A	24.064	187	29	0.001	45.1	terminal uridylyltransferase 4 isoform X26 [Homo sapiens]	TRUE	Tut4
XP_006678984.1	XP_047272327.1	0	N/A	24.064	187	29	0.001	45.1	terminal uridylyltransferase 4 isoform X24 [Homo sapiens]	TRUE	Tut4
XP_006678984.1	XP_047272377.1	0	N/A	24.064	187	29	0.001	44.7	terminal uridylyltransferase 4 isoform X44 [Homo sapiens]	TRUE	Tut4
XP_006678984.1	XP_047272373.1	0	N/A	24.064	187	29	0.001	44.7	terminal uridylyltransferase 4 isoform X43 [Homo sapiens]	TRUE	Tut4
XP_006678984.1	XP_047272307.1	0	N/A	24.064	187	29	0.001	44.7	terminal uridylyltransferase 4 isoform X19 [Homo sapiens]	TRUE	Tut4
XP_006678984.1	XP_016856294.1	0	N/A	24.064	187	29	0.001	44.7	terminal uridylyltransferase 4 isoform X20 [Homo sapiens]	TRUE	Tut4
XP_006678984.1	XP_047272362.1	0	N/A	24.064	187	29	0.001	44.7	terminal uridylyltransferase 4 isoform X37 [Homo sapiens]	TRUE	Tut4
XP_006678984.1	XP_005270738.1	0	N/A	24.064	187	29	0.001	44.7	terminal uridylyltransferase 4 isoform X14 [Homo sapiens]	TRUE	Tut4
XP_006678984.1	XP_047272311.1	0	N/A	24.064	187	29	0.001	44.7	terminal uridylyltransferase 4 isoform X21 [Homo sapiens]	TRUE	Tut4
XP_006678984.1	XP_047272303.1	0	N/A	24.064	187	29	0.001	44.3	terminal uridylyltransferase 4 isoform X15 [Homo sapiens]	TRUE	Tut4
XP_006678984.1	XP_047272367.1	0	N/A	24.064	187	29	0.001	44.3	terminal uridylyltransferase 4 isoform X39 [Homo sapiens]	TRUE	Tut4
XP_006678984.1	XP_047272354.1	0	N/A	24.064	187	29	0.001	44.3	terminal uridylyltransferase 4 isoform X35 [Homo sapiens]	TRUE	Tut4
XP_006678984.1	XP_047272306.1	0	N/A	24.064	187	29	0.001	44.3	terminal uridylyltransferase 4 isoform X18 [Homo sapiens]	TRUE	Tut4
XP_006678984.1	XP_047272369.1	0	N/A	24.064	187	29	0.001	44.3	terminal uridylyltransferase 4 isoform X41 [Homo sapiens]	TRUE	Tut4
XP_006678984.1	XP_047272348.1	0	N/A	24.064	187	29	0.002	44.3	terminal uridylyltransferase 4 isoform X32 [Homo sapiens]	TRUE	Tut4
XP_006678984.1	NP_001317647.1	0	N/A	21.463	205	32	0.002	43.9	terminal uridylyltransferase 7 isoform 3 [Homo sapiens]	TRUE	Tut7
XP_006678984.1	XP_011517318.1	0	N/A	21.463	205	32	0.003	43.1	terminal uridylyltransferase 7 isoform X5 [Homo sapiens]	TRUE	Tut7
XP_006678984.1	XP_016870620.1	0	N/A	21.463	205	32	0.003	43.1	terminal uridylyltransferase 7 isoform X4 [Homo sapiens]	TRUE	Tut7
XP_006678984.1	XP_016870619.1	0	N/A	21.463	205	32	0.003	43.1	terminal uridylyltransferase 7 isoform X4 [Homo sapiens]	TRUE	Tut7
XP_006678984.1	NP_078893.2	0	N/A	21.463	205	32	0.003	43.1	terminal uridylyltransferase 7 isoform 1 [Homo sapiens]	TRUE	Tut7
XP_006678984.1	NP_001171988.1	0	N/A	21.463	205	32	0.003	43.1	terminal uridylyltransferase 7 isoform 1 [Homo sapiens]	TRUE	Tut7
XP_006678984.1	XP_047279823.1	0	N/A	21.463	205	32	0.003	43.1	terminal uridylyltransferase 7 isoform X2 [Homo sapiens]	TRUE	Tut7
XP_006678984.1	XP_006717346.1	0	N/A	21.463	205	32	0.003	43.1	terminal uridylyltransferase 7 isoform X2 [Homo sapiens]	TRUE	Tut7
XP_006678984.1	XP_011517317.1	0	N/A	21.463	205	32	0.004	43.1	terminal uridylyltransferase 7 isoform X3 [Homo sapiens]	TRUE	Tut7
XP_006678984.1	XP_047279825.1	0	N/A	21.463	205	32	0.004	43.1	terminal uridylyltransferase 7 isoform X6 [Homo sapiens]	TRUE	Tut7
XP_006678984.1	XP_047279824.1	0	N/A	21.463	205	32	0.004	43.1	terminal uridylyltransferase 7 isoform X6 [Homo sapiens]	TRUE	Tut7
XP_006678984.1	XP_005252264.1	0	N/A	21.463	205	32	0.004	43.1	terminal uridylyltransferase 7 isoform X6 [Homo sapiens]	TRUE	Tut7
XP_006678984.1	XP_011517316.1	0	N/A	21.463	205	32	0.004	42.7	terminal uridylyltransferase 7 isoform X1 [Homo sapiens]	TRUE	Tut7
XP_006678984.1	XP_011517315.1	0	N/A	21.463	205	32	0.004	42.7	terminal uridylyltransferase 7 isoform X1 [Homo sapiens]	TRUE	Tut7
XP_006678984.1	XP_011517314.1	0	N/A	21.463	205	32	0.004	42.7	terminal uridylyltransferase 7 isoform X1 [Homo sapiens]	TRUE	Tut7
XP_006678984.1	XP_011517313.1	0	N/A	21.463	205	32	0.004	42.7	terminal uridylyltransferase 7 isoform X1 [Homo sapiens]	TRUE	Tut7
XP_006678984.1	NP_001375059.1	0	N/A	22.156	167	28	0.004	42.4	poly(A) RNA polymerase GLD2 isoform 10 [Homo sapiens]	TRUE	TENT2
XP_006678984.1	NP_001375027.1	0	N/A	22.156	167	28	0.005	42.4	poly(A) RNA polymerase GLD2 isoform 7 [Homo sapiens]	TRUE	TENT2
XP_006678984.1	XP_047272811.1	0	N/A	22.156	167	28	0.005	42.4	poly(A) RNA polymerase GLD2 isoform X4 [Homo sapiens]	TRUE	TENT2
XP_006678984.1	XP_047272810.1	0	N/A	22.156	167	28	0.005	42.4	poly(A) RNA polymerase GLD2 isoform X4 [Homo sapiens]	TRUE	TENT2
XP_006678984.1	XP_047272809.1	0	N/A	22.156	167	28	0.005	42.4	poly(A) RNA polymerase GLD2 isoform X4 [Homo sapiens]	TRUE	TENT2
XP_006678984.1	NP_001375058.1	0	N/A	22.156	167	28	0.005	42.4	poly(A) RNA polymerase GLD2 isoform 2 [Homo sapiens]	TRUE	TENT2
XP_006678984.1	NP_001375057.1	0	N/A	22.156	167	28	0.005	42.4	poly(A) RNA polymerase GLD2 isoform 2 [Homo sapiens]	TRUE	TENT2
XP_006678984.1	NP_001375056.1	0	N/A	22.156	167	28	0.005	42.4	poly(A) RNA polymerase GLD2 isoform 2 [Homo sapiens]	TRUE	TENT2
XP_006678984.1	NP_001375055.1	0	N/A	22.156	167	28	0.005	42.4	poly(A) RNA polymerase GLD2 isoform 2 [Homo sapiens]	TRUE	TENT2
XP_006678984.1	NP_001375054.1	0	N/A	22.156	167	28	0.005	42.4	poly(A) RNA polymerase GLD2 isoform 2 [Homo sapiens]	TRUE	TENT2
XP_006678984.1	NP_001375053.1	0	N/A	22.156	167	28	0.005	42.4	poly(A) RNA polymerase GLD2 isoform 2 [Homo sapiens]	TRUE	TENT2
XP_006678984.1	NP_001375052.1	0	N/A	22.156	167	28	0.005	42.4	poly(A) RNA polymerase GLD2 isoform 2 [Homo sapiens]	TRUE	TENT2
XP_006678984.1	NP_001375051.1	0	N/A	22.156	167	28	0.005	42.4	poly(A) RNA polymerase GLD2 isoform 2 [Homo sapiens]	TRUE	TENT2
XP_006678984.1	NP_001375050.1	0	N/A	22.156	167	28	0.005	42.4	poly(A) RNA polymerase GLD2 isoform 2 [Homo sapiens]	TRUE	TENT2
XP_006678984.1	NP_001375049.1	0	N/A	22.156	167	28	0.005	42.4	poly(A) RNA polymerase GLD2 isoform 2 [Homo sapiens]	TRUE	TENT2
XP_006678984.1	NP_001375048.1	0	N/A	22.156	167	28	0.005	42.4	poly(A) RNA polymerase GLD2 isoform 2 [Homo sapiens]	TRUE	TENT2
XP_006680218.1	NP_001375065.1	0	N/A	37.267	161	14	3.43e-22	102	poly(A) RNA polymerase GLD2 isoform 14 [Homo sapiens]	TRUE	TENT2
XP_006680218.1	NP_001375061.1	0	N/A	37.267	161	14	7.59e-22	102	poly(A) RNA polymerase GLD2 isoform 12 [Homo sapiens]	TRUE	TENT2
XP_006680218.1	XP_047272811.1	0	N/A	37.267	161	14	7.92e-22	102	poly(A) RNA polymerase GLD2 isoform X4 [Homo sapiens]	TRUE	TENT2
XP_006680218.1	XP_047272810.1	0	N/A	37.267	161	14	7.92e-22	102	poly(A) RNA polymerase GLD2 isoform X4 [Homo sapiens]	TRUE	TENT2
XP_006680218.1	XP_047272809.1	0	N/A	37.267	161	14	7.92e-22	102	poly(A) RNA polymerase GLD2 isoform X4 [Homo sapiens]	TRUE	TENT2
XP_006680218.1	NP_001375058.1	0	N/A	37.267	161	14	7.92e-22	102	poly(A) RNA polymerase GLD2 isoform 2 [Homo sapiens]	TRUE	TENT2
XP_006680218.1	NP_001375057.1	0	N/A	37.267	161	14	7.92e-22	102	poly(A) RNA polymerase GLD2 isoform 2 [Homo sapiens]	TRUE	TENT2
XP_006680218.1	NP_001375056.1	0	N/A	37.267	161	14	7.92e-22	102	poly(A) RNA polymerase GLD2 isoform 2 [Homo sapiens]	TRUE	TENT2
XP_006680218.1	NP_001375055.1	0	N/A	37.267	161	14	7.92e-22	102	poly(A) RNA polymerase GLD2 isoform 2 [Homo sapiens]	TRUE	TENT2
XP_006680218.1	NP_001375054.1	0	N/A	37.267	161	14	7.92e-22	102	poly(A) RNA polymerase GLD2 isoform 2 [Homo sapiens]	TRUE	TENT2
XP_006680218.1	NP_001375053.1	0	N/A	37.267	161	14	7.92e-22	102	poly(A) RNA polymerase GLD2 isoform 2 [Homo sapiens]	TRUE	TENT2
XP_006680218.1	NP_001375052.1	0	N/A	37.267	161	14	7.92e-22	102	poly(A) RNA polymerase GLD2 isoform 2 [Homo sapiens]	TRUE	TENT2
XP_006680218.1	NP_001375051.1	0	N/A	37.267	161	14	7.92e-22	102	poly(A) RNA polymerase GLD2 isoform 2 [Homo sapiens]	TRUE	TENT2
XP_006680218.1	NP_001375050.1	0	N/A	37.267	161	14	7.92e-22	102	poly(A) RNA polymerase GLD2 isoform 2 [Homo sapiens]	TRUE	TENT2
XP_006680218.1	NP_001375049.1	0	N/A	37.267	161	14	7.92e-22	102	poly(A) RNA polymerase GLD2 isoform 2 [Homo sapiens]	TRUE	TENT2
XP_006680218.1	NP_001375048.1	0	N/A	37.267	161	14	7.92e-22	102	poly(A) RNA polymerase GLD2 isoform 2 [Homo sapiens]	TRUE	TENT2
XP_006680218.1	NP_001375047.1	0	N/A	37.267	161	14	7.92e-22	102	poly(A) RNA polymerase GLD2 isoform 2 [Homo sapiens]	TRUE	TENT2
XP_006680218.1	NP_001375046.1	0	N/A	37.267	161	14	7.92e-22	102	poly(A) RNA polymerase GLD2 isoform 2 [Homo sapiens]	TRUE	TENT2
XP_006680218.1	NP_001375045.1	0	N/A	37.267	161	14	7.92e-22	102	poly(A) RNA polymerase GLD2 isoform 2 [Homo sapiens]	TRUE	TENT2
XP_006680218.1	NP_001375044.1	0	N/A	37.267	161	14	7.92e-22	102	poly(A) RNA polymerase GLD2 isoform 2 [Homo sapiens]	TRUE	TENT2
XP_006680218.1	NP_001375043.1	0	N/A	37.267	161	14	7.92e-22	102	poly(A) RNA polymerase GLD2 isoform 2 [Homo sapiens]	TRUE	TENT2
XP_006680218.1	NP_001336483.1	0	N/A	37.267	161	14	7.92e-22	102	poly(A) RNA polymerase GLD2 isoform 2 [Homo sapiens]	TRUE	TENT2
XP_006680218.1	NP_001284673.1	0	N/A	37.267	161	14	7.92e-22	102	poly(A) RNA polymerase GLD2 isoform 2 [Homo sapiens]	TRUE	TENT2
XP_006680218.1	NP_001375059.1	0	N/A	37.267	161	14	9.23e-22	102	poly(A) RNA polymerase GLD2 isoform 10 [Homo sapiens]	TRUE	TENT2
XP_006680218.1	NP_001375030.1	0	N/A	37.267	161	14	1.16e-21	102	poly(A) RNA polymerase GLD2 isoform 9 [Homo sapiens]	TRUE	TENT2
XP_006680218.1	NP_001375060.1	0	N/A	36.585	164	14	3.39e-21	100	poly(A) RNA polymerase GLD2 isoform 11 [Homo sapiens]	TRUE	TENT2
XP_006680218.1	XP_047272808.1	0	N/A	36.585	164	14	3.98e-21	100	poly(A) RNA polymerase GLD2 isoform X3 [Homo sapiens]	TRUE	TENT2
XP_006680218.1	XP_047272807.1	0	N/A	36.585	164	14	3.98e-21	100	poly(A) RNA polymerase GLD2 isoform X3 [Homo sapiens]	TRUE	TENT2
XP_006680218.1	XP_047272806.1	0	N/A	36.585	164	14	3.98e-21	100	poly(A) RNA polymerase GLD2 isoform X3 [Homo sapiens]	TRUE	TENT2
XP_006680218.1	NP_776158.2	0	N/A	36.585	164	14	3.98e-21	100	poly(A) RNA polymerase GLD2 isoform 1 [Homo sapiens]	TRUE	TENT2
XP_006680218.1	NP_001375041.1	0	N/A	36.585	164	14	3.98e-21	100	poly(A) RNA polymerase GLD2 isoform 1 [Homo sapiens]	TRUE	TENT2
XP_006680218.1	NP_001375040.1	0	N/A	36.585	164	14	3.98e-21	100	poly(A) RNA polymerase GLD2 isoform 1 [Homo sapiens]	TRUE	TENT2
XP_006680218.1	NP_001375039.1	0	N/A	36.585	164	14	3.98e-21	100	poly(A) RNA polymerase GLD2 isoform 1 [Homo sapiens]	TRUE	TENT2
XP_006680218.1	NP_001375038.1	0	N/A	36.585	164	14	3.98e-21	100	poly(A) RNA polymerase GLD2 isoform 1 [Homo sapiens]	TRUE	TENT2
XP_006680218.1	NP_001375037.1	0	N/A	36.585	164	14	3.98e-21	100	poly(A) RNA polymerase GLD2 isoform 1 [Homo sapiens]	TRUE	TENT2
XP_006680218.1	NP_001375036.1	0	N/A	36.585	164	14	3.98e-21	100	poly(A) RNA polymerase GLD2 isoform 1 [Homo sapiens]	TRUE	TENT2
XP_006680218.1	NP_001375035.1	0	N/A	36.585	164	14	3.98e-21	100	poly(A) RNA polymerase GLD2 isoform 1 [Homo sapiens]	TRUE	TENT2
XP_006680218.1	NP_001375034.1	0	N/A	36.585	164	14	3.98e-21	100	poly(A) RNA polymerase GLD2 isoform 1 [Homo sapiens]	TRUE	TENT2
XP_006680218.1	NP_001375032.1	0	N/A	36.585	164	14	3.98e-21	100	poly(A) RNA polymerase GLD2 isoform 1 [Homo sapiens]	TRUE	TENT2
XP_006680218.1	NP_001375031.1	0	N/A	36.585	164	14	3.98e-21	100	poly(A) RNA polymerase GLD2 isoform 1 [Homo sapiens]	TRUE	TENT2
XP_006680218.1	NP_001336482.1	0	N/A	36.585	164	14	3.98e-21	100	poly(A) RNA polymerase GLD2 isoform 1 [Homo sapiens]	TRUE	TENT2
XP_006680218.1	NP_001336481.1	0	N/A	36.585	164	14	3.98e-21	100	poly(A) RNA polymerase GLD2 isoform 1 [Homo sapiens]	TRUE	TENT2
XP_006680218.1	NP_001107866.1	0	N/A	36.585	164	14	3.98e-21	100	poly(A) RNA polymerase GLD2 isoform 1 [Homo sapiens]	TRUE	TENT2
XP_006680218.1	NP_001107865.1	0	N/A	36.585	164	14	3.98e-21	100	poly(A) RNA polymerase GLD2 isoform 1 [Homo sapiens]	TRUE	TENT2
XP_006680218.1	NP_001375042.1	0	N/A	36.585	164	14	4.05e-21	100	poly(A) RNA polymerase GLD2 isoform 16 [Homo sapiens]	TRUE	TENT2
XP_006680218.1	NP_001375029.1	0	N/A	36.585	164	14	4.96e-21	100	poly(A) RNA polymerase GLD2 isoform 8 [Homo sapiens]	TRUE	TENT2
XP_006680218.1	NP_001375028.1	0	N/A	36.585	164	14	4.96e-21	100	poly(A) RNA polymerase GLD2 isoform 8 [Homo sapiens]	TRUE	TENT2
XP_006680218.1	XP_047272818.1	0	N/A	35.099	151	13	3.8e-20	95.9	poly(A) RNA polymerase GLD2 isoform X10 [Homo sapiens]	TRUE	TENT2
XP_006680218.1	XP_047272288.1	0	N/A	31.401	207	18	3.85e-19	96.7	terminal uridylyltransferase 4 isoform X10 [Homo sapiens]	TRUE	Tut4
XP_006680218.1	XP_016856299.1	0	N/A	30.603	232	21	3.97e-19	96.7	terminal uridylyltransferase 4 isoform X40 [Homo sapiens]	TRUE	Tut4
XP_006680218.1	XP_016856293.1	0	N/A	31.401	207	18	4.01e-19	96.7	terminal uridylyltransferase 4 isoform X16 [Homo sapiens]	TRUE	Tut4
XP_006680218.1	XP_047272365.1	0	N/A	30.603	232	21	4.25e-19	96.3	terminal uridylyltransferase 4 isoform X38 [Homo sapiens]	TRUE	Tut4
XP_006680218.1	XP_047272282.1	0	N/A	30.603	232	21	4.32e-19	96.3	terminal uridylyltransferase 4 isoform X5 [Homo sapiens]	TRUE	Tut4
XP_006680218.1	NP_056084.1	0	N/A	30.603	232	21	4.32e-19	96.3	terminal uridylyltransferase 4 isoform b [Homo sapiens]	TRUE	Tut4
XP_006680218.1	XP_047272281.1	0	N/A	30.603	232	21	4.43e-19	96.3	terminal uridylyltransferase 4 isoform X4 [Homo sapiens]	TRUE	Tut4
XP_006680218.1	NP_001009881.1	0	N/A	30.603	232	21	4.43e-19	96.3	terminal uridylyltransferase 4 isoform a [Homo sapiens]	TRUE	Tut4
XP_006680218.1	NP_001317647.1	0	N/A	31.016	187	17	4.46e-19	95.9	terminal uridylyltransferase 7 isoform 3 [Homo sapiens]	TRUE	Tut7
XP_006680218.1	XP_047272283.1	0	N/A	31.401	207	18	4.66e-19	96.3	terminal uridylyltransferase 4 isoform X6 [Homo sapiens]	TRUE	Tut4
XP_006680218.1	XP_005270737.1	0	N/A	31.401	207	18	4.66e-19	96.3	terminal uridylyltransferase 4 isoform X6 [Homo sapiens]	TRUE	Tut4
XP_006680218.1	XP_011539401.1	0	N/A	30.603	232	21	4.77e-19	96.3	terminal uridylyltransferase 4 isoform X29 [Homo sapiens]	TRUE	Tut4
XP_006680218.1	XP_005270735.1	0	N/A	30.603	232	21	4.99e-19	96.3	terminal uridylyltransferase 4 isoform X2 [Homo sapiens]	TRUE	Tut4
XP_006680218.1	XP_005270739.1	0	N/A	31.401	207	18	5e-19	96.3	terminal uridylyltransferase 4 isoform X33 [Homo sapiens]	TRUE	Tut4
XP_006680218.1	XP_047272285.1	0	N/A	31.401	207	18	5.01e-19	96.3	terminal uridylyltransferase 4 isoform X7 [Homo sapiens]	TRUE	Tut4
XP_006680218.1	XP_047272280.1	0	N/A	30.603	232	21	5.12e-19	96.3	terminal uridylyltransferase 4 isoform X3 [Homo sapiens]	TRUE	Tut4
XP_006680218.1	XP_005270736.1	0	N/A	30.603	232	21	5.12e-19	96.3	terminal uridylyltransferase 4 isoform X3 [Homo sapiens]	TRUE	Tut4
XP_006680218.1	XP_016856296.1	0	N/A	30.603	232	21	5.12e-19	96.3	terminal uridylyltransferase 4 isoform X28 [Homo sapiens]	TRUE	Tut4
XP_006680218.1	XP_016856297.1	0	N/A	30.603	232	21	5.12e-19	96.3	terminal uridylyltransferase 4 isoform X36 [Homo sapiens]	TRUE	Tut4
XP_006680218.1	XP_016856292.1	0	N/A	31.401	207	18	5.13e-19	96.3	terminal uridylyltransferase 4 isoform X9 [Homo sapiens]	TRUE	Tut4
XP_006680218.1	XP_011539399.1	0	N/A	30.603	232	21	5.21e-19	96.3	terminal uridylyltransferase 4 isoform X1 [Homo sapiens]	TRUE	Tut4
XP_006680218.1	XP_005270733.1	0	N/A	30.603	232	21	5.21e-19	96.3	terminal uridylyltransferase 4 isoform X1 [Homo sapiens]	TRUE	Tut4
XP_006680218.1	XP_047272345.1	0	N/A	30.603	232	21	5.23e-19	96.3	terminal uridylyltransferase 4 isoform X31 [Homo sapiens]	TRUE	Tut4
XP_006680218.1	XP_047272337.1	0	N/A	30.603	232	21	5.26e-19	96.3	terminal uridylyltransferase 4 isoform X27 [Homo sapiens]	TRUE	Tut4
XP_006680218.1	XP_047272384.1	0	N/A	30.603	232	21	5.37e-19	95.5	terminal uridylyltransferase 4 isoform X46 [Homo sapiens]	TRUE	Tut4
XP_006680218.1	XP_047272325.1	0	N/A	30.603	232	21	5.49e-19	95.9	terminal uridylyltransferase 4 isoform X23 [Homo sapiens]	TRUE	Tut4
XP_006680218.1	XP_016856295.1	0	N/A	30.603	232	21	5.68e-19	95.9	terminal uridylyltransferase 4 isoform X25 [Homo sapiens]	TRUE	Tut4
XP_006680218.1	XP_047279823.1	0	N/A	31.016	187	17	6.56e-19	95.9	terminal uridylyltransferase 7 isoform X2 [Homo sapiens]	TRUE	Tut7
XP_006680218.1	XP_006717346.1	0	N/A	31.016	187	17	6.56e-19	95.9	terminal uridylyltransferase 7 isoform X2 [Homo sapiens]	TRUE	Tut7
XP_006680218.1	XP_016870620.1	0	N/A	31.016	187	17	6.77e-19	95.9	terminal uridylyltransferase 7 isoform X4 [Homo sapiens]	TRUE	Tut7
XP_006680218.1	XP_016870619.1	0	N/A	31.016	187	17	6.77e-19	95.9	terminal uridylyltransferase 7 isoform X4 [Homo sapiens]	TRUE	Tut7
XP_006680218.1	NP_078893.2	0	N/A	31.016	187	17	6.77e-19	95.9	terminal uridylyltransferase 7 isoform 1 [Homo sapiens]	TRUE	Tut7
XP_006680218.1	NP_001171988.1	0	N/A	31.016	187	17	6.77e-19	95.9	terminal uridylyltransferase 7 isoform 1 [Homo sapiens]	TRUE	Tut7
XP_006680218.1	XP_011517318.1	0	N/A	31.016	187	17	7.36e-19	95.5	terminal uridylyltransferase 7 isoform X5 [Homo sapiens]	TRUE	Tut7
XP_006680218.1	XP_047279825.1	0	N/A	31.016	187	17	7.4e-19	95.5	terminal uridylyltransferase 7 isoform X6 [Homo sapiens]	TRUE	Tut7
XP_006680218.1	XP_047279824.1	0	N/A	31.016	187	17	7.4e-19	95.5	terminal uridylyltransferase 7 isoform X6 [Homo sapiens]	TRUE	Tut7
XP_006680218.1	XP_005252264.1	0	N/A	31.016	187	17	7.4e-19	95.5	terminal uridylyltransferase 7 isoform X6 [Homo sapiens]	TRUE	Tut7
XP_006680218.1	XP_011517317.1	0	N/A	31.016	187	17	7.57e-19	95.5	terminal uridylyltransferase 7 isoform X3 [Homo sapiens]	TRUE	Tut7
XP_006680218.1	XP_005252265.1	0	N/A	31.016	187	17	7.58e-19	95.5	terminal uridylyltransferase 7 isoform X7 [Homo sapiens]	TRUE	Tut7
XP_006680218.1	XP_011517316.1	0	N/A	31.016	187	17	7.79e-19	95.5	terminal uridylyltransferase 7 isoform X1 [Homo sapiens]	TRUE	Tut7
XP_006680218.1	XP_011517315.1	0	N/A	31.016	187	17	7.79e-19	95.5	terminal uridylyltransferase 7 isoform X1 [Homo sapiens]	TRUE	Tut7
XP_006680218.1	XP_011517314.1	0	N/A	31.016	187	17	7.79e-19	95.5	terminal uridylyltransferase 7 isoform X1 [Homo sapiens]	TRUE	Tut7
XP_006680218.1	XP_011517313.1	0	N/A	31.016	187	17	7.79e-19	95.5	terminal uridylyltransferase 7 isoform X1 [Homo sapiens]	TRUE	Tut7
XP_006680218.1	XP_047272805.1	0	N/A	32.258	186	14	1.04e-18	93.6	poly(A) RNA polymerase GLD2 isoform X2 [Homo sapiens]	TRUE	TENT2
XP_006680218.1	XP_047272804.1	0	N/A	32.258	186	14	1.04e-18	93.6	poly(A) RNA polymerase GLD2 isoform X2 [Homo sapiens]	TRUE	TENT2
XP_006680218.1	XP_047272803.1	0	N/A	32.258	186	14	1.04e-18	93.6	poly(A) RNA polymerase GLD2 isoform X2 [Homo sapiens]	TRUE	TENT2
XP_006680218.1	XP_047272802.1	0	N/A	32.258	186	14	1.04e-18	93.6	poly(A) RNA polymerase GLD2 isoform X2 [Homo sapiens]	TRUE	TENT2
XP_006680218.1	XP_016864641.1	0	N/A	32.258	186	14	1.04e-18	93.6	poly(A) RNA polymerase GLD2 isoform X2 [Homo sapiens]	TRUE	TENT2
XP_006680218.1	NP_001375026.1	0	N/A	32.258	186	14	1.04e-18	93.6	poly(A) RNA polymerase GLD2 isoform 6 [Homo sapiens]	TRUE	TENT2
XP_006680218.1	NP_001375025.1	0	N/A	32.258	186	14	1.04e-18	93.6	poly(A) RNA polymerase GLD2 isoform 6 [Homo sapiens]	TRUE	TENT2
XP_006680218.1	NP_001375024.1	0	N/A	32.258	186	14	1.04e-18	93.6	poly(A) RNA polymerase GLD2 isoform 6 [Homo sapiens]	TRUE	TENT2
XP_006680218.1	NP_001336480.1	0	N/A	32.258	186	14	1.04e-18	93.6	poly(A) RNA polymerase GLD2 isoform 6 [Homo sapiens]	TRUE	TENT2
XP_006824330.1	XP_047272384.1	0	N/A	59.821	448	29	1.02e-167	531	terminal uridylyltransferase 4 isoform X46 [Homo sapiens]	TRUE	Tut4
XP_006824330.1	XP_016856299.1	0	N/A	58.333	468	30	1.29e-163	537	terminal uridylyltransferase 4 isoform X40 [Homo sapiens]	TRUE	Tut4
XP_006824330.1	XP_016856297.1	0	N/A	58.333	468	30	1.32e-163	537	terminal uridylyltransferase 4 isoform X36 [Homo sapiens]	TRUE	Tut4
XP_006824330.1	XP_047272345.1	0	N/A	58.333	468	30	1.54e-163	537	terminal uridylyltransferase 4 isoform X31 [Homo sapiens]	TRUE	Tut4
XP_006824330.1	XP_005270739.1	0	N/A	60.09	446	29	2.64e-163	536	terminal uridylyltransferase 4 isoform X33 [Homo sapiens]	TRUE	Tut4
XP_006824330.1	XP_047272365.1	0	N/A	60.09	446	29	2.94e-163	536	terminal uridylyltransferase 4 isoform X38 [Homo sapiens]	TRUE	Tut4
XP_006824330.1	XP_016856295.1	0	N/A	58.333	468	30	3.73e-163	537	terminal uridylyltransferase 4 isoform X25 [Homo sapiens]	TRUE	Tut4
XP_006824330.1	XP_016856292.1	0	N/A	58.333	468	30	3.76e-163	538	terminal uridylyltransferase 4 isoform X9 [Homo sapiens]	TRUE	Tut4
XP_006824330.1	XP_011539401.1	0	N/A	60.09	446	29	4.15e-163	536	terminal uridylyltransferase 4 isoform X29 [Homo sapiens]	TRUE	Tut4
XP_006824330.1	XP_016856293.1	0	N/A	58.333	468	30	4.28e-163	537	terminal uridylyltransferase 4 isoform X16 [Homo sapiens]	TRUE	Tut4
XP_006824330.1	XP_016856296.1	0	N/A	58.333	468	30	4.55e-163	536	terminal uridylyltransferase 4 isoform X28 [Homo sapiens]	TRUE	Tut4
XP_006824330.1	XP_047272280.1	0	N/A	58.333	468	30	5.9e-163	538	terminal uridylyltransferase 4 isoform X3 [Homo sapiens]	TRUE	Tut4
XP_006824330.1	XP_005270736.1	0	N/A	58.333	468	30	5.9e-163	538	terminal uridylyltransferase 4 isoform X3 [Homo sapiens]	TRUE	Tut4
XP_006824330.1	XP_047272288.1	0	N/A	60.09	446	29	8.47e-163	536	terminal uridylyltransferase 4 isoform X10 [Homo sapiens]	TRUE	Tut4
XP_006824330.1	XP_047272337.1	0	N/A	60.09	446	29	9.72e-163	535	terminal uridylyltransferase 4 isoform X27 [Homo sapiens]	TRUE	Tut4
XP_006824330.1	XP_047272283.1	0	N/A	58.333	468	30	1.02e-162	537	terminal uridylyltransferase 4 isoform X6 [Homo sapiens]	TRUE	Tut4
XP_006824330.1	XP_005270737.1	0	N/A	58.333	468	30	1.02e-162	537	terminal uridylyltransferase 4 isoform X6 [Homo sapiens]	TRUE	Tut4
XP_006824330.1	XP_047272285.1	0	N/A	60.09	446	29	1.1e-162	536	terminal uridylyltransferase 4 isoform X7 [Homo sapiens]	TRUE	Tut4
XP_006824330.1	XP_047272325.1	0	N/A	60.09	446	29	1.18e-162	535	terminal uridylyltransferase 4 isoform X23 [Homo sapiens]	TRUE	Tut4
XP_006824330.1	XP_005270735.1	0	N/A	60.09	446	29	2.36e-162	536	terminal uridylyltransferase 4 isoform X2 [Homo sapiens]	TRUE	Tut4
XP_006824330.1	XP_011539399.1	0	N/A	60.09	446	29	2.45e-162	536	terminal uridylyltransferase 4 isoform X1 [Homo sapiens]	TRUE	Tut4
XP_006824330.1	XP_005270733.1	0	N/A	60.09	446	29	2.45e-162	536	terminal uridylyltransferase 4 isoform X1 [Homo sapiens]	TRUE	Tut4
XP_006824330.1	XP_047272282.1	0	N/A	60.09	446	29	2.81e-162	536	terminal uridylyltransferase 4 isoform X5 [Homo sapiens]	TRUE	Tut4
XP_006824330.1	NP_056084.1	0	N/A	60.09	446	29	2.81e-162	536	terminal uridylyltransferase 4 isoform b [Homo sapiens]	TRUE	Tut4
XP_006824330.1	XP_047272281.1	0	N/A	60.09	446	29	2.89e-162	536	terminal uridylyltransferase 4 isoform X4 [Homo sapiens]	TRUE	Tut4
XP_006824330.1	NP_001009881.1	0	N/A	60.09	446	29	2.89e-162	536	terminal uridylyltransferase 4 isoform a [Homo sapiens]	TRUE	Tut4
XP_006824330.1	NP_001317647.1	0	N/A	60.577	416	27	8.51e-162	511	terminal uridylyltransferase 7 isoform 3 [Homo sapiens]	TRUE	Tut7
XP_006824330.1	XP_005252265.1	0	N/A	59.397	431	28	7.24e-157	515	terminal uridylyltransferase 7 isoform X7 [Homo sapiens]	TRUE	Tut7
XP_006824330.1	XP_016870620.1	0	N/A	60.577	416	27	1.5e-154	511	terminal uridylyltransferase 7 isoform X4 [Homo sapiens]	TRUE	Tut7
XP_006824330.1	XP_016870619.1	0	N/A	60.577	416	27	1.5e-154	511	terminal uridylyltransferase 7 isoform X4 [Homo sapiens]	TRUE	Tut7
XP_006824330.1	NP_078893.2	0	N/A	60.577	416	27	1.5e-154	511	terminal uridylyltransferase 7 isoform 1 [Homo sapiens]	TRUE	Tut7
XP_006824330.1	NP_001171988.1	0	N/A	60.577	416	27	1.5e-154	511	terminal uridylyltransferase 7 isoform 1 [Homo sapiens]	TRUE	Tut7
XP_006824330.1	XP_047279825.1	0	N/A	60.577	416	27	1.52e-154	511	terminal uridylyltransferase 7 isoform X6 [Homo sapiens]	TRUE	Tut7
XP_006824330.1	XP_047279824.1	0	N/A	60.577	416	27	1.52e-154	511	terminal uridylyltransferase 7 isoform X6 [Homo sapiens]	TRUE	Tut7
XP_006824330.1	XP_005252264.1	0	N/A	60.577	416	27	1.52e-154	511	terminal uridylyltransferase 7 isoform X6 [Homo sapiens]	TRUE	Tut7
XP_006824330.1	XP_011517318.1	0	N/A	60.577	416	27	2.14e-154	511	terminal uridylyltransferase 7 isoform X5 [Homo sapiens]	TRUE	Tut7
XP_006824330.1	XP_047279823.1	0	N/A	60.577	416	27	2.63e-154	512	terminal uridylyltransferase 7 isoform X2 [Homo sapiens]	TRUE	Tut7
XP_006824330.1	XP_006717346.1	0	N/A	60.577	416	27	2.63e-154	512	terminal uridylyltransferase 7 isoform X2 [Homo sapiens]	TRUE	Tut7
XP_006824330.1	XP_011517317.1	0	N/A	60.577	416	27	4.32e-154	511	terminal uridylyltransferase 7 isoform X3 [Homo sapiens]	TRUE	Tut7
XP_006824330.1	XP_011517316.1	0	N/A	60.577	416	27	7.12e-154	511	terminal uridylyltransferase 7 isoform X1 [Homo sapiens]	TRUE	Tut7
XP_006824330.1	XP_011517315.1	0	N/A	60.577	416	27	7.12e-154	511	terminal uridylyltransferase 7 isoform X1 [Homo sapiens]	TRUE	Tut7
XP_006824330.1	XP_011517314.1	0	N/A	60.577	416	27	7.12e-154	511	terminal uridylyltransferase 7 isoform X1 [Homo sapiens]	TRUE	Tut7
XP_006824330.1	XP_011517313.1	0	N/A	60.577	416	27	7.12e-154	511	terminal uridylyltransferase 7 isoform X1 [Homo sapiens]	TRUE	Tut7
XP_006824330.1	XP_047272372.1	0	N/A	57.848	446	29	2.65e-152	505	terminal uridylyltransferase 4 isoform X42 [Homo sapiens]	TRUE	Tut4
XP_006824330.1	XP_047272350.1	0	N/A	56.197	468	30	3.34e-152	506	terminal uridylyltransferase 4 isoform X34 [Homo sapiens]	TRUE	Tut4
XP_006824330.1	XP_047272290.1	0	N/A	56.197	468	30	4.32e-152	507	terminal uridylyltransferase 4 isoform X11 [Homo sapiens]	TRUE	Tut4
XP_006824330.1	XP_047272344.1	0	N/A	57.848	446	29	7.24e-152	505	terminal uridylyltransferase 4 isoform X30 [Homo sapiens]	TRUE	Tut4
XP_006824330.1	XP_047272305.1	0	N/A	56.197	468	30	9.88e-152	506	terminal uridylyltransferase 4 isoform X17 [Homo sapiens]	TRUE	Tut4
XP_006824330.1	XP_047272286.1	0	N/A	57.848	446	29	1.25e-151	506	terminal uridylyltransferase 4 isoform X8 [Homo sapiens]	TRUE	Tut4
XP_006824330.1	XP_047272295.1	0	N/A	57.848	446	29	2.52e-151	505	terminal uridylyltransferase 4 isoform X12 [Homo sapiens]	TRUE	Tut4
XP_006824330.1	XP_047272296.1	0	N/A	57.848	446	29	2.58e-151	505	terminal uridylyltransferase 4 isoform X13 [Homo sapiens]	TRUE	Tut4
XP_006824330.1	XP_047272377.1	0	N/A	50.427	468	30	4.22e-129	440	terminal uridylyltransferase 4 isoform X44 [Homo sapiens]	TRUE	Tut4
XP_006824330.1	XP_047272367.1	0	N/A	50.427	468	30	1.2e-128	440	terminal uridylyltransferase 4 isoform X39 [Homo sapiens]	TRUE	Tut4
XP_006824330.1	XP_047272373.1	0	N/A	51.794	446	29	1.34e-128	439	terminal uridylyltransferase 4 isoform X43 [Homo sapiens]	TRUE	Tut4
XP_006824330.1	XP_047272311.1	0	N/A	51.794	446	29	1.56e-128	440	terminal uridylyltransferase 4 isoform X21 [Homo sapiens]	TRUE	Tut4
XP_006824330.1	XP_047272336.1	0	N/A	50.427	468	30	1.59e-128	440	terminal uridylyltransferase 4 isoform X26 [Homo sapiens]	TRUE	Tut4
XP_006824330.1	XP_047272369.1	0	N/A	51.794	446	29	1.78e-128	439	terminal uridylyltransferase 4 isoform X41 [Homo sapiens]	TRUE	Tut4
XP_006824330.1	XP_047272348.1	0	N/A	51.794	446	29	1.89e-128	439	terminal uridylyltransferase 4 isoform X32 [Homo sapiens]	TRUE	Tut4
XP_006824330.1	XP_047272306.1	0	N/A	50.427	468	30	2.02e-128	440	terminal uridylyltransferase 4 isoform X18 [Homo sapiens]	TRUE	Tut4
XP_006824330.1	XP_047272320.1	0	N/A	51.794	446	29	2.59e-128	439	terminal uridylyltransferase 4 isoform X22 [Homo sapiens]	TRUE	Tut4
XP_006824330.1	XP_047272327.1	0	N/A	51.794	446	29	2.61e-128	439	terminal uridylyltransferase 4 isoform X24 [Homo sapiens]	TRUE	Tut4
XP_006824330.1	XP_016856294.1	0	N/A	50.427	468	30	2.69e-128	440	terminal uridylyltransferase 4 isoform X20 [Homo sapiens]	TRUE	Tut4
XP_006824330.1	XP_005270738.1	0	N/A	51.794	446	29	3.31e-128	440	terminal uridylyltransferase 4 isoform X14 [Homo sapiens]	TRUE	Tut4
XP_006824330.1	XP_047272354.1	0	N/A	51.794	446	29	3.71e-128	438	terminal uridylyltransferase 4 isoform X35 [Homo sapiens]	TRUE	Tut4
XP_006824330.1	XP_047272362.1	0	N/A	51.794	446	29	3.74e-128	438	terminal uridylyltransferase 4 isoform X37 [Homo sapiens]	TRUE	Tut4
XP_006824330.1	XP_047272303.1	0	N/A	51.794	446	29	4.51e-128	439	terminal uridylyltransferase 4 isoform X15 [Homo sapiens]	TRUE	Tut4
XP_006824330.1	XP_047272307.1	0	N/A	51.794	446	29	5.55e-128	439	terminal uridylyltransferase 4 isoform X19 [Homo sapiens]	TRUE	Tut4
XP_006824330.1	NP_001172003.1	0	N/A	68.085	282	18	3.43e-119	408	terminal uridylyltransferase 7 isoform 2 [Homo sapiens]	TRUE	Tut7
XP_006824330.1	XP_047279826.1	0	N/A	33.716	436	26	2.63e-61	232	terminal uridylyltransferase 7 isoform X8 [Homo sapiens]	TRUE	Tut7
XP_006824330.1	XP_016856307.1	0	N/A	28.504	421	27	2.19e-50	197	terminal uridylyltransferase 4 isoform X45 [Homo sapiens]	TRUE	Tut4
XP_006824330.1	NP_001375065.1	0	N/A	31.955	266	17	5.8e-31	128	poly(A) RNA polymerase GLD2 isoform 14 [Homo sapiens]	TRUE	TENT2
XP_006824330.1	NP_001375061.1	0	N/A	31.955	266	17	5.88e-31	130	poly(A) RNA polymerase GLD2 isoform 12 [Homo sapiens]	TRUE	TENT2
XP_006824330.1	NP_001375059.1	0	N/A	31.955	266	17	6.86e-31	130	poly(A) RNA polymerase GLD2 isoform 10 [Homo sapiens]	TRUE	TENT2
XP_006824330.1	XP_047272811.1	0	N/A	31.955	266	17	6.96e-31	130	poly(A) RNA polymerase GLD2 isoform X4 [Homo sapiens]	TRUE	TENT2
XP_006824330.1	XP_047272810.1	0	N/A	31.955	266	17	6.96e-31	130	poly(A) RNA polymerase GLD2 isoform X4 [Homo sapiens]	TRUE	TENT2
XP_006824330.1	XP_047272809.1	0	N/A	31.955	266	17	6.96e-31	130	poly(A) RNA polymerase GLD2 isoform X4 [Homo sapiens]	TRUE	TENT2
XP_006824330.1	NP_001375058.1	0	N/A	31.955	266	17	6.96e-31	130	poly(A) RNA polymerase GLD2 isoform 2 [Homo sapiens]	TRUE	TENT2
XP_006824330.1	NP_001375057.1	0	N/A	31.955	266	17	6.96e-31	130	poly(A) RNA polymerase GLD2 isoform 2 [Homo sapiens]	TRUE	TENT2
XP_006824330.1	NP_001375056.1	0	N/A	31.955	266	17	6.96e-31	130	poly(A) RNA polymerase GLD2 isoform 2 [Homo sapiens]	TRUE	TENT2
XP_006824330.1	NP_001375055.1	0	N/A	31.955	266	17	6.96e-31	130	poly(A) RNA polymerase GLD2 isoform 2 [Homo sapiens]	TRUE	TENT2
XP_006824330.1	NP_001375054.1	0	N/A	31.955	266	17	6.96e-31	130	poly(A) RNA polymerase GLD2 isoform 2 [Homo sapiens]	TRUE	TENT2
XP_006824330.1	NP_001375053.1	0	N/A	31.955	266	17	6.96e-31	130	poly(A) RNA polymerase GLD2 isoform 2 [Homo sapiens]	TRUE	TENT2
XP_006824330.1	NP_001375052.1	0	N/A	31.955	266	17	6.96e-31	130	poly(A) RNA polymerase GLD2 isoform 2 [Homo sapiens]	TRUE	TENT2
XP_006824330.1	NP_001375051.1	0	N/A	31.955	266	17	6.96e-31	130	poly(A) RNA polymerase GLD2 isoform 2 [Homo sapiens]	TRUE	TENT2
XP_006824330.1	NP_001375050.1	0	N/A	31.955	266	17	6.96e-31	130	poly(A) RNA polymerase GLD2 isoform 2 [Homo sapiens]	TRUE	TENT2
XP_006824330.1	NP_001375049.1	0	N/A	31.955	266	17	6.96e-31	130	poly(A) RNA polymerase GLD2 isoform 2 [Homo sapiens]	TRUE	TENT2
XP_006824330.1	NP_001375048.1	0	N/A	31.955	266	17	6.96e-31	130	poly(A) RNA polymerase GLD2 isoform 2 [Homo sapiens]	TRUE	TENT2
XP_006824330.1	NP_001375047.1	0	N/A	31.955	266	17	6.96e-31	130	poly(A) RNA polymerase GLD2 isoform 2 [Homo sapiens]	TRUE	TENT2
XP_006824330.1	NP_001375046.1	0	N/A	31.955	266	17	6.96e-31	130	poly(A) RNA polymerase GLD2 isoform 2 [Homo sapiens]	TRUE	TENT2
XP_006824330.1	NP_001375045.1	0	N/A	31.955	266	17	6.96e-31	130	poly(A) RNA polymerase GLD2 isoform 2 [Homo sapiens]	TRUE	TENT2
XP_006824330.1	NP_001375044.1	0	N/A	31.955	266	17	6.96e-31	130	poly(A) RNA polymerase GLD2 isoform 2 [Homo sapiens]	TRUE	TENT2
XP_006824330.1	NP_001375043.1	0	N/A	31.955	266	17	6.96e-31	130	poly(A) RNA polymerase GLD2 isoform 2 [Homo sapiens]	TRUE	TENT2
XP_006824330.1	NP_001336483.1	0	N/A	31.955	266	17	6.96e-31	130	poly(A) RNA polymerase GLD2 isoform 2 [Homo sapiens]	TRUE	TENT2
XP_006824330.1	NP_001284673.1	0	N/A	31.955	266	17	6.96e-31	130	poly(A) RNA polymerase GLD2 isoform 2 [Homo sapiens]	TRUE	TENT2
XP_006824330.1	NP_001375060.1	0	N/A	31.852	270	17	8.81e-31	130	poly(A) RNA polymerase GLD2 isoform 11 [Homo sapiens]	TRUE	TENT2
XP_006824330.1	XP_047272808.1	0	N/A	31.852	270	17	9.51e-31	130	poly(A) RNA polymerase GLD2 isoform X3 [Homo sapiens]	TRUE	TENT2
XP_006824330.1	XP_047272807.1	0	N/A	31.852	270	17	9.51e-31	130	poly(A) RNA polymerase GLD2 isoform X3 [Homo sapiens]	TRUE	TENT2
XP_006824330.1	XP_047272806.1	0	N/A	31.852	270	17	9.51e-31	130	poly(A) RNA polymerase GLD2 isoform X3 [Homo sapiens]	TRUE	TENT2
XP_006824330.1	NP_776158.2	0	N/A	31.852	270	17	9.51e-31	130	poly(A) RNA polymerase GLD2 isoform 1 [Homo sapiens]	TRUE	TENT2
XP_006824330.1	NP_001375041.1	0	N/A	31.852	270	17	9.51e-31	130	poly(A) RNA polymerase GLD2 isoform 1 [Homo sapiens]	TRUE	TENT2
XP_006825661.1	NP_073741.3	0	N/A	31.469	572	67	8.59e-91	306	speckle targeted PIP5K1A-regulated poly(A) polymerase isoform 1 [Homo sapiens]	TRUE	Tut1
XP_006825661.1	NP_060579.3	0	N/A	29.87	539	68	2.49e-71	246	poly(A) RNA polymerase, mitochondrial precursor [Homo sapiens]	TRUE	mtPAP
XP_006825661.1	NP_001354835.1	0	N/A	33.636	220	28	9.06e-40	156	speckle targeted PIP5K1A-regulated poly(A) polymerase isoform 2 [Homo sapiens]	TRUE	Tut1
XP_006825661.1	XP_047272384.1	0	N/A	35.146	239	29	4.27e-30	130	terminal uridylyltransferase 4 isoform X46 [Homo sapiens]	TRUE	Tut4
XP_006825661.1	XP_047272285.1	0	N/A	34.728	239	29	6.34e-30	130	terminal uridylyltransferase 4 isoform X7 [Homo sapiens]	TRUE	Tut4
XP_006825661.1	XP_047272325.1	0	N/A	34.728	239	29	6.64e-30	130	terminal uridylyltransferase 4 isoform X23 [Homo sapiens]	TRUE	Tut4
XP_006825661.1	XP_047272286.1	0	N/A	34.728	239	29	6.79e-30	130	terminal uridylyltransferase 4 isoform X8 [Homo sapiens]	TRUE	Tut4
XP_006825661.1	XP_047272344.1	0	N/A	34.728	239	29	6.93e-30	130	terminal uridylyltransferase 4 isoform X30 [Homo sapiens]	TRUE	Tut4
XP_006825661.1	XP_005270735.1	0	N/A	34.728	239	29	7.02e-30	130	terminal uridylyltransferase 4 isoform X2 [Homo sapiens]	TRUE	Tut4
XP_006825661.1	XP_047272290.1	0	N/A	34.728	239	29	7.08e-30	130	terminal uridylyltransferase 4 isoform X11 [Homo sapiens]	TRUE	Tut4
XP_006825661.1	XP_011539399.1	0	N/A	34.728	239	29	7.09e-30	130	terminal uridylyltransferase 4 isoform X1 [Homo sapiens]	TRUE	Tut4
XP_006825661.1	XP_005270733.1	0	N/A	34.728	239	29	7.09e-30	130	terminal uridylyltransferase 4 isoform X1 [Homo sapiens]	TRUE	Tut4
XP_006825661.1	XP_016856297.1	0	N/A	34.728	239	29	7.2e-30	130	terminal uridylyltransferase 4 isoform X36 [Homo sapiens]	TRUE	Tut4
XP_006825661.1	XP_005270739.1	0	N/A	34.728	239	29	7.28e-30	130	terminal uridylyltransferase 4 isoform X33 [Homo sapiens]	TRUE	Tut4
XP_006825661.1	XP_047272280.1	0	N/A	34.728	239	29	7.39e-30	130	terminal uridylyltransferase 4 isoform X3 [Homo sapiens]	TRUE	Tut4
XP_006825661.1	XP_005270736.1	0	N/A	34.728	239	29	7.39e-30	130	terminal uridylyltransferase 4 isoform X3 [Homo sapiens]	TRUE	Tut4
XP_006825661.1	XP_016856292.1	0	N/A	34.728	239	29	7.4e-30	130	terminal uridylyltransferase 4 isoform X9 [Homo sapiens]	TRUE	Tut4
XP_006825661.1	XP_011539401.1	0	N/A	34.728	239	29	7.57e-30	130	terminal uridylyltransferase 4 isoform X29 [Homo sapiens]	TRUE	Tut4
XP_006825661.1	XP_016856295.1	0	N/A	34.728	239	29	7.62e-30	130	terminal uridylyltransferase 4 isoform X25 [Homo sapiens]	TRUE	Tut4
XP_006825661.1	XP_047272345.1	0	N/A	34.728	239	29	7.75e-30	130	terminal uridylyltransferase 4 isoform X31 [Homo sapiens]	TRUE	Tut4
XP_006825661.1	XP_047272350.1	0	N/A	34.728	239	29	7.93e-30	130	terminal uridylyltransferase 4 isoform X34 [Homo sapiens]	TRUE	Tut4
XP_006825661.1	XP_047272288.1	0	N/A	34.728	239	29	8.27e-30	130	terminal uridylyltransferase 4 isoform X10 [Homo sapiens]	TRUE	Tut4
XP_006825661.1	XP_047272372.1	0	N/A	34.728	239	29	8.32e-30	130	terminal uridylyltransferase 4 isoform X42 [Homo sapiens]	TRUE	Tut4
XP_006825661.1	XP_047272282.1	0	N/A	34.728	239	29	8.71e-30	130	terminal uridylyltransferase 4 isoform X5 [Homo sapiens]	TRUE	Tut4
XP_006825661.1	NP_056084.1	0	N/A	34.728	239	29	8.71e-30	130	terminal uridylyltransferase 4 isoform b [Homo sapiens]	TRUE	Tut4
XP_006825661.1	XP_047272281.1	0	N/A	34.728	239	29	8.86e-30	130	terminal uridylyltransferase 4 isoform X4 [Homo sapiens]	TRUE	Tut4
XP_006825661.1	NP_001009881.1	0	N/A	34.728	239	29	8.86e-30	130	terminal uridylyltransferase 4 isoform a [Homo sapiens]	TRUE	Tut4
XP_006825661.1	XP_047272305.1	0	N/A	34.728	239	29	9.08e-30	130	terminal uridylyltransferase 4 isoform X17 [Homo sapiens]	TRUE	Tut4
XP_006825661.1	XP_047272365.1	0	N/A	34.728	239	29	9.17e-30	129	terminal uridylyltransferase 4 isoform X38 [Homo sapiens]	TRUE	Tut4
XP_006825661.1	XP_047272283.1	0	N/A	34.728	239	29	9.24e-30	130	terminal uridylyltransferase 4 isoform X6 [Homo sapiens]	TRUE	Tut4
XP_006825661.1	XP_005270737.1	0	N/A	34.728	239	29	9.24e-30	130	terminal uridylyltransferase 4 isoform X6 [Homo sapiens]	TRUE	Tut4
XP_006825661.1	XP_047272337.1	0	N/A	34.728	239	29	9.37e-30	129	terminal uridylyltransferase 4 isoform X27 [Homo sapiens]	TRUE	Tut4
XP_006825661.1	XP_016856293.1	0	N/A	34.728	239	29	9.49e-30	129	terminal uridylyltransferase 4 isoform X16 [Homo sapiens]	TRUE	Tut4
XP_006825661.1	XP_047272296.1	0	N/A	34.728	239	29	9.58e-30	129	terminal uridylyltransferase 4 isoform X13 [Homo sapiens]	TRUE	Tut4
XP_006825661.1	XP_016856296.1	0	N/A	34.728	239	29	9.86e-30	129	terminal uridylyltransferase 4 isoform X28 [Homo sapiens]	TRUE	Tut4
XP_006825661.1	XP_047272295.1	0	N/A	34.728	239	29	1e-29	129	terminal uridylyltransferase 4 isoform X12 [Homo sapiens]	TRUE	Tut4
XP_006825661.1	XP_016856299.1	0	N/A	34.728	239	29	1.02e-29	129	terminal uridylyltransferase 4 isoform X40 [Homo sapiens]	TRUE	Tut4
XP_006825661.1	NP_001317647.1	0	N/A	33.621	232	29	1.12e-29	128	terminal uridylyltransferase 7 isoform 3 [Homo sapiens]	TRUE	Tut7
XP_006825661.1	XP_005252265.1	0	N/A	33.621	232	29	1.45e-29	129	terminal uridylyltransferase 7 isoform X7 [Homo sapiens]	TRUE	Tut7
XP_006825661.1	XP_011517317.1	0	N/A	33.621	232	29	1.74e-29	129	terminal uridylyltransferase 7 isoform X3 [Homo sapiens]	TRUE	Tut7
XP_006825661.1	XP_047279825.1	0	N/A	33.621	232	29	1.75e-29	129	terminal uridylyltransferase 7 isoform X6 [Homo sapiens]	TRUE	Tut7
XP_006825661.1	XP_047279824.1	0	N/A	33.621	232	29	1.75e-29	129	terminal uridylyltransferase 7 isoform X6 [Homo sapiens]	TRUE	Tut7
XP_006825661.1	XP_005252264.1	0	N/A	33.621	232	29	1.75e-29	129	terminal uridylyltransferase 7 isoform X6 [Homo sapiens]	TRUE	Tut7
XP_006825661.1	XP_047279823.1	0	N/A	33.621	232	29	1.81e-29	129	terminal uridylyltransferase 7 isoform X2 [Homo sapiens]	TRUE	Tut7
XP_006825661.1	XP_006717346.1	0	N/A	33.621	232	29	1.81e-29	129	terminal uridylyltransferase 7 isoform X2 [Homo sapiens]	TRUE	Tut7
XP_006825661.1	NP_001172003.1	0	N/A	33.621	232	29	1.84e-29	128	terminal uridylyltransferase 7 isoform 2 [Homo sapiens]	TRUE	Tut7
XP_006825661.1	XP_016870620.1	0	N/A	33.621	232	29	1.89e-29	129	terminal uridylyltransferase 7 isoform X4 [Homo sapiens]	TRUE	Tut7
XP_006825661.1	XP_016870619.1	0	N/A	33.621	232	29	1.89e-29	129	terminal uridylyltransferase 7 isoform X4 [Homo sapiens]	TRUE	Tut7
XP_006825661.1	NP_078893.2	0	N/A	33.621	232	29	1.89e-29	129	terminal uridylyltransferase 7 isoform 1 [Homo sapiens]	TRUE	Tut7
XP_006825661.1	NP_001171988.1	0	N/A	33.621	232	29	1.89e-29	129	terminal uridylyltransferase 7 isoform 1 [Homo sapiens]	TRUE	Tut7
XP_006825661.1	XP_011517318.1	0	N/A	33.621	232	29	2.08e-29	128	terminal uridylyltransferase 7 isoform X5 [Homo sapiens]	TRUE	Tut7
XP_006825661.1	XP_011517316.1	0	N/A	33.621	232	29	2.08e-29	128	terminal uridylyltransferase 7 isoform X1 [Homo sapiens]	TRUE	Tut7
XP_006825661.1	XP_011517315.1	0	N/A	33.621	232	29	2.08e-29	128	terminal uridylyltransferase 7 isoform X1 [Homo sapiens]	TRUE	Tut7
XP_006825661.1	XP_011517314.1	0	N/A	33.621	232	29	2.08e-29	128	terminal uridylyltransferase 7 isoform X1 [Homo sapiens]	TRUE	Tut7
XP_006825661.1	XP_011517313.1	0	N/A	33.621	232	29	2.08e-29	128	terminal uridylyltransferase 7 isoform X1 [Homo sapiens]	TRUE	Tut7
XP_006825661.1	NP_001375065.1	0	N/A	25.613	367	46	1.08e-21	100	poly(A) RNA polymerase GLD2 isoform 14 [Homo sapiens]	TRUE	TENT2
XP_006825661.1	NP_001375061.1	0	N/A	25.613	367	46	2.08e-21	100	poly(A) RNA polymerase GLD2 isoform 12 [Homo sapiens]	TRUE	TENT2
XP_006825661.1	NP_001375059.1	0	N/A	25.613	367	46	2.72e-21	100	poly(A) RNA polymerase GLD2 isoform 10 [Homo sapiens]	TRUE	TENT2
XP_006825661.1	XP_047272811.1	0	N/A	25.613	367	46	2.86e-21	100	poly(A) RNA polymerase GLD2 isoform X4 [Homo sapiens]	TRUE	TENT2
XP_006825661.1	XP_047272810.1	0	N/A	25.613	367	46	2.86e-21	100	poly(A) RNA polymerase GLD2 isoform X4 [Homo sapiens]	TRUE	TENT2
XP_006825661.1	XP_047272809.1	0	N/A	25.613	367	46	2.86e-21	100	poly(A) RNA polymerase GLD2 isoform X4 [Homo sapiens]	TRUE	TENT2
XP_006825661.1	NP_001375058.1	0	N/A	25.613	367	46	2.86e-21	100	poly(A) RNA polymerase GLD2 isoform 2 [Homo sapiens]	TRUE	TENT2
XP_006825661.1	NP_001375057.1	0	N/A	25.613	367	46	2.86e-21	100	poly(A) RNA polymerase GLD2 isoform 2 [Homo sapiens]	TRUE	TENT2
XP_006825661.1	NP_001375056.1	0	N/A	25.613	367	46	2.86e-21	100	poly(A) RNA polymerase GLD2 isoform 2 [Homo sapiens]	TRUE	TENT2
XP_006825661.1	NP_001375055.1	0	N/A	25.613	367	46	2.86e-21	100	poly(A) RNA polymerase GLD2 isoform 2 [Homo sapiens]	TRUE	TENT2
XP_006825661.1	NP_001375054.1	0	N/A	25.613	367	46	2.86e-21	100	poly(A) RNA polymerase GLD2 isoform 2 [Homo sapiens]	TRUE	TENT2
XP_006825661.1	NP_001375053.1	0	N/A	25.613	367	46	2.86e-21	100	poly(A) RNA polymerase GLD2 isoform 2 [Homo sapiens]	TRUE	TENT2
XP_006825661.1	NP_001375052.1	0	N/A	25.613	367	46	2.86e-21	100	poly(A) RNA polymerase GLD2 isoform 2 [Homo sapiens]	TRUE	TENT2
XP_006825661.1	NP_001375051.1	0	N/A	25.613	367	46	2.86e-21	100	poly(A) RNA polymerase GLD2 isoform 2 [Homo sapiens]	TRUE	TENT2
XP_006825661.1	NP_001375050.1	0	N/A	25.613	367	46	2.86e-21	100	poly(A) RNA polymerase GLD2 isoform 2 [Homo sapiens]	TRUE	TENT2
XP_006825661.1	NP_001375049.1	0	N/A	25.613	367	46	2.86e-21	100	poly(A) RNA polymerase GLD2 isoform 2 [Homo sapiens]	TRUE	TENT2
XP_006825661.1	NP_001375048.1	0	N/A	25.613	367	46	2.86e-21	100	poly(A) RNA polymerase GLD2 isoform 2 [Homo sapiens]	TRUE	TENT2
XP_006825661.1	NP_001375047.1	0	N/A	25.613	367	46	2.86e-21	100	poly(A) RNA polymerase GLD2 isoform 2 [Homo sapiens]	TRUE	TENT2
XP_006825661.1	NP_001375046.1	0	N/A	25.613	367	46	2.86e-21	100	poly(A) RNA polymerase GLD2 isoform 2 [Homo sapiens]	TRUE	TENT2
XP_006825661.1	NP_001375045.1	0	N/A	25.613	367	46	2.86e-21	100	poly(A) RNA polymerase GLD2 isoform 2 [Homo sapiens]	TRUE	TENT2
XP_006825661.1	NP_001375044.1	0	N/A	25.613	367	46	2.86e-21	100	poly(A) RNA polymerase GLD2 isoform 2 [Homo sapiens]	TRUE	TENT2
XP_006825661.1	NP_001375043.1	0	N/A	25.613	367	46	2.86e-21	100	poly(A) RNA polymerase GLD2 isoform 2 [Homo sapiens]	TRUE	TENT2
XP_006825661.1	NP_001336483.1	0	N/A	25.613	367	46	2.86e-21	100	poly(A) RNA polymerase GLD2 isoform 2 [Homo sapiens]	TRUE	TENT2
XP_006825661.1	NP_001284673.1	0	N/A	25.613	367	46	2.86e-21	100	poly(A) RNA polymerase GLD2 isoform 2 [Homo sapiens]	TRUE	TENT2
XP_006825661.1	NP_001375060.1	0	N/A	24.457	368	46	4.77e-21	99.4	poly(A) RNA polymerase GLD2 isoform 11 [Homo sapiens]	TRUE	TENT2
XP_006825661.1	XP_047272808.1	0	N/A	24.457	368	46	7.24e-21	99.4	poly(A) RNA polymerase GLD2 isoform X3 [Homo sapiens]	TRUE	TENT2
XP_006825661.1	XP_047272807.1	0	N/A	24.457	368	46	7.24e-21	99.4	poly(A) RNA polymerase GLD2 isoform X3 [Homo sapiens]	TRUE	TENT2
XP_006825661.1	XP_047272806.1	0	N/A	24.457	368	46	7.24e-21	99.4	poly(A) RNA polymerase GLD2 isoform X3 [Homo sapiens]	TRUE	TENT2
XP_006825661.1	NP_776158.2	0	N/A	24.457	368	46	7.24e-21	99.4	poly(A) RNA polymerase GLD2 isoform 1 [Homo sapiens]	TRUE	TENT2
XP_006825661.1	NP_001375041.1	0	N/A	24.457	368	46	7.24e-21	99.4	poly(A) RNA polymerase GLD2 isoform 1 [Homo sapiens]	TRUE	TENT2
XP_006825661.1	NP_001375040.1	0	N/A	24.457	368	46	7.24e-21	99.4	poly(A) RNA polymerase GLD2 isoform 1 [Homo sapiens]	TRUE	TENT2
XP_006825661.1	NP_001375039.1	0	N/A	24.457	368	46	7.24e-21	99.4	poly(A) RNA polymerase GLD2 isoform 1 [Homo sapiens]	TRUE	TENT2
XP_006825661.1	NP_001375038.1	0	N/A	24.457	368	46	7.24e-21	99.4	poly(A) RNA polymerase GLD2 isoform 1 [Homo sapiens]	TRUE	TENT2
XP_006825661.1	NP_001375037.1	0	N/A	24.457	368	46	7.24e-21	99.4	poly(A) RNA polymerase GLD2 isoform 1 [Homo sapiens]	TRUE	TENT2
XP_006825661.1	NP_001375036.1	0	N/A	24.457	368	46	7.24e-21	99.4	poly(A) RNA polymerase GLD2 isoform 1 [Homo sapiens]	TRUE	TENT2
XP_006825661.1	NP_001375035.1	0	N/A	24.457	368	46	7.24e-21	99.4	poly(A) RNA polymerase GLD2 isoform 1 [Homo sapiens]	TRUE	TENT2
XP_006825661.1	NP_001375034.1	0	N/A	24.457	368	46	7.24e-21	99.4	poly(A) RNA polymerase GLD2 isoform 1 [Homo sapiens]	TRUE	TENT2
XP_006825661.1	NP_001375032.1	0	N/A	24.457	368	46	7.24e-21	99.4	poly(A) RNA polymerase GLD2 isoform 1 [Homo sapiens]	TRUE	TENT2
XP_006825661.1	NP_001375031.1	0	N/A	24.457	368	46	7.24e-21	99.4	poly(A) RNA polymerase GLD2 isoform 1 [Homo sapiens]	TRUE	TENT2
XP_006825661.1	NP_001336482.1	0	N/A	24.457	368	46	7.24e-21	99.4	poly(A) RNA polymerase GLD2 isoform 1 [Homo sapiens]	TRUE	TENT2
XP_006825661.1	NP_001336481.1	0	N/A	24.457	368	46	7.24e-21	99.4	poly(A) RNA polymerase GLD2 isoform 1 [Homo sapiens]	TRUE	TENT2
XP_006825661.1	NP_001107866.1	0	N/A	24.457	368	46	7.24e-21	99.4	poly(A) RNA polymerase GLD2 isoform 1 [Homo sapiens]	TRUE	TENT2
XP_006825661.1	NP_001107865.1	0	N/A	24.457	368	46	7.24e-21	99.4	poly(A) RNA polymerase GLD2 isoform 1 [Homo sapiens]	TRUE	TENT2
XP_006825661.1	NP_001375042.1	0	N/A	24.457	368	46	7.59e-21	99.4	poly(A) RNA polymerase GLD2 isoform 16 [Homo sapiens]	TRUE	TENT2
XP_006825661.1	XP_047272801.1	0	N/A	25.886	367	46	1.49e-20	98.6	poly(A) RNA polymerase GLD2 isoform X1 [Homo sapiens]	TRUE	TENT2
XP_006829140.1	XP_047272384.1	0	N/A	36.066	305	36	4.45e-49	189	terminal uridylyltransferase 4 isoform X46 [Homo sapiens]	TRUE	Tut4
XP_006829140.1	XP_016856297.1	0	N/A	36.066	305	36	2.29e-48	188	terminal uridylyltransferase 4 isoform X36 [Homo sapiens]	TRUE	Tut4
XP_006829140.1	XP_016856292.1	0	N/A	36.066	305	36	2.29e-48	188	terminal uridylyltransferase 4 isoform X9 [Homo sapiens]	TRUE	Tut4
XP_006829140.1	XP_047272285.1	0	N/A	36.066	305	36	2.3e-48	188	terminal uridylyltransferase 4 isoform X7 [Homo sapiens]	TRUE	Tut4
XP_006829140.1	XP_016856293.1	0	N/A	36.066	305	36	2.31e-48	188	terminal uridylyltransferase 4 isoform X16 [Homo sapiens]	TRUE	Tut4
XP_006829140.1	XP_047272345.1	0	N/A	36.066	305	36	2.39e-48	188	terminal uridylyltransferase 4 isoform X31 [Homo sapiens]	TRUE	Tut4
XP_006829140.1	XP_047272288.1	0	N/A	36.066	305	36	2.42e-48	188	terminal uridylyltransferase 4 isoform X10 [Homo sapiens]	TRUE	Tut4
XP_006829140.1	XP_005270739.1	0	N/A	36.066	305	36	2.44e-48	188	terminal uridylyltransferase 4 isoform X33 [Homo sapiens]	TRUE	Tut4
XP_006829140.1	XP_011539401.1	0	N/A	36.066	305	36	2.46e-48	188	terminal uridylyltransferase 4 isoform X29 [Homo sapiens]	TRUE	Tut4
XP_006829140.1	XP_047272280.1	0	N/A	36.066	305	36	2.49e-48	188	terminal uridylyltransferase 4 isoform X3 [Homo sapiens]	TRUE	Tut4
XP_006829140.1	XP_005270736.1	0	N/A	36.066	305	36	2.49e-48	188	terminal uridylyltransferase 4 isoform X3 [Homo sapiens]	TRUE	Tut4
XP_006829140.1	XP_016856299.1	0	N/A	36.066	305	36	2.66e-48	188	terminal uridylyltransferase 4 isoform X40 [Homo sapiens]	TRUE	Tut4
XP_006829140.1	XP_047272365.1	0	N/A	36.066	305	36	2.73e-48	188	terminal uridylyltransferase 4 isoform X38 [Homo sapiens]	TRUE	Tut4
XP_006829140.1	XP_011539399.1	0	N/A	36.066	305	36	2.86e-48	188	terminal uridylyltransferase 4 isoform X1 [Homo sapiens]	TRUE	Tut4
XP_006829140.1	XP_005270733.1	0	N/A	36.066	305	36	2.86e-48	188	terminal uridylyltransferase 4 isoform X1 [Homo sapiens]	TRUE	Tut4
XP_006829140.1	XP_005270735.1	0	N/A	36.066	305	36	2.91e-48	188	terminal uridylyltransferase 4 isoform X2 [Homo sapiens]	TRUE	Tut4
XP_006829140.1	XP_047272281.1	0	N/A	36.066	305	36	2.98e-48	188	terminal uridylyltransferase 4 isoform X4 [Homo sapiens]	TRUE	Tut4
XP_006829140.1	NP_001009881.1	0	N/A	36.066	305	36	2.98e-48	188	terminal uridylyltransferase 4 isoform a [Homo sapiens]	TRUE	Tut4
XP_006829140.1	XP_016856296.1	0	N/A	36.066	305	36	2.99e-48	188	terminal uridylyltransferase 4 isoform X28 [Homo sapiens]	TRUE	Tut4
XP_006829140.1	XP_047272283.1	0	N/A	36.066	305	36	3.08e-48	188	terminal uridylyltransferase 4 isoform X6 [Homo sapiens]	TRUE	Tut4
XP_006829140.1	XP_005270737.1	0	N/A	36.066	305	36	3.08e-48	188	terminal uridylyltransferase 4 isoform X6 [Homo sapiens]	TRUE	Tut4
XP_006829140.1	XP_047272282.1	0	N/A	36.066	305	36	3.14e-48	188	terminal uridylyltransferase 4 isoform X5 [Homo sapiens]	TRUE	Tut4
XP_006829140.1	NP_056084.1	0	N/A	36.066	305	36	3.14e-48	188	terminal uridylyltransferase 4 isoform b [Homo sapiens]	TRUE	Tut4
XP_006829140.1	XP_047272325.1	0	N/A	36.066	305	36	3.2e-48	188	terminal uridylyltransferase 4 isoform X23 [Homo sapiens]	TRUE	Tut4
XP_006829140.1	XP_047272337.1	0	N/A	36.066	305	36	3.42e-48	188	terminal uridylyltransferase 4 isoform X27 [Homo sapiens]	TRUE	Tut4
XP_006829140.1	XP_016856295.1	0	N/A	36.066	305	36	3.52e-48	188	terminal uridylyltransferase 4 isoform X25 [Homo sapiens]	TRUE	Tut4
XP_006829140.1	NP_001317647.1	0	N/A	32.248	307	36	1.05e-45	178	terminal uridylyltransferase 7 isoform 3 [Homo sapiens]	TRUE	Tut7
XP_006829140.1	XP_047279823.1	0	N/A	32.248	307	36	1.74e-45	179	terminal uridylyltransferase 7 isoform X2 [Homo sapiens]	TRUE	Tut7
XP_006829140.1	XP_006717346.1	0	N/A	32.248	307	36	1.74e-45	179	terminal uridylyltransferase 7 isoform X2 [Homo sapiens]	TRUE	Tut7
XP_006829140.1	XP_047279825.1	0	N/A	32.248	307	36	2.78e-45	179	terminal uridylyltransferase 7 isoform X6 [Homo sapiens]	TRUE	Tut7
XP_006829140.1	XP_047279824.1	0	N/A	32.248	307	36	2.78e-45	179	terminal uridylyltransferase 7 isoform X6 [Homo sapiens]	TRUE	Tut7
XP_006829140.1	XP_005252264.1	0	N/A	32.248	307	36	2.78e-45	179	terminal uridylyltransferase 7 isoform X6 [Homo sapiens]	TRUE	Tut7
XP_006829140.1	XP_011517317.1	0	N/A	32.248	307	36	2.99e-45	179	terminal uridylyltransferase 7 isoform X3 [Homo sapiens]	TRUE	Tut7
XP_006829140.1	XP_016870620.1	0	N/A	32.248	307	36	3.21e-45	179	terminal uridylyltransferase 7 isoform X4 [Homo sapiens]	TRUE	Tut7
XP_006829140.1	XP_016870619.1	0	N/A	32.248	307	36	3.21e-45	179	terminal uridylyltransferase 7 isoform X4 [Homo sapiens]	TRUE	Tut7
XP_006829140.1	NP_078893.2	0	N/A	32.248	307	36	3.21e-45	179	terminal uridylyltransferase 7 isoform 1 [Homo sapiens]	TRUE	Tut7
XP_006829140.1	NP_001171988.1	0	N/A	32.248	307	36	3.21e-45	179	terminal uridylyltransferase 7 isoform 1 [Homo sapiens]	TRUE	Tut7
XP_006829140.1	XP_011517318.1	0	N/A	32.248	307	36	3.41e-45	178	terminal uridylyltransferase 7 isoform X5 [Homo sapiens]	TRUE	Tut7
XP_006829140.1	XP_005252265.1	0	N/A	32.248	307	36	3.53e-45	178	terminal uridylyltransferase 7 isoform X7 [Homo sapiens]	TRUE	Tut7
XP_006829140.1	XP_011517316.1	0	N/A	32.248	307	36	4.46e-45	178	terminal uridylyltransferase 7 isoform X1 [Homo sapiens]	TRUE	Tut7
XP_006829140.1	XP_011517315.1	0	N/A	32.248	307	36	4.46e-45	178	terminal uridylyltransferase 7 isoform X1 [Homo sapiens]	TRUE	Tut7
XP_006829140.1	XP_011517314.1	0	N/A	32.248	307	36	4.46e-45	178	terminal uridylyltransferase 7 isoform X1 [Homo sapiens]	TRUE	Tut7
XP_006829140.1	XP_011517313.1	0	N/A	32.248	307	36	4.46e-45	178	terminal uridylyltransferase 7 isoform X1 [Homo sapiens]	TRUE	Tut7
XP_006829140.1	XP_047272290.1	0	N/A	35.563	284	33	6.68e-44	174	terminal uridylyltransferase 4 isoform X11 [Homo sapiens]	TRUE	Tut4
XP_006829140.1	XP_047272286.1	0	N/A	35.563	284	33	7.13e-44	174	terminal uridylyltransferase 4 isoform X8 [Homo sapiens]	TRUE	Tut4
XP_006829140.1	XP_047272372.1	0	N/A	35.563	284	33	7.19e-44	174	terminal uridylyltransferase 4 isoform X42 [Homo sapiens]	TRUE	Tut4
XP_006829140.1	XP_047272305.1	0	N/A	35.563	284	33	7.28e-44	174	terminal uridylyltransferase 4 isoform X17 [Homo sapiens]	TRUE	Tut4
XP_006829140.1	XP_047272296.1	0	N/A	35.563	284	33	7.56e-44	174	terminal uridylyltransferase 4 isoform X13 [Homo sapiens]	TRUE	Tut4
XP_006829140.1	XP_047272295.1	0	N/A	35.563	284	33	7.83e-44	174	terminal uridylyltransferase 4 isoform X12 [Homo sapiens]	TRUE	Tut4
XP_006829140.1	XP_047272350.1	0	N/A	35.563	284	33	7.93e-44	174	terminal uridylyltransferase 4 isoform X34 [Homo sapiens]	TRUE	Tut4
XP_006829140.1	XP_047272344.1	0	N/A	35.563	284	33	9.52e-44	174	terminal uridylyltransferase 4 isoform X30 [Homo sapiens]	TRUE	Tut4
XP_006829140.1	XP_047272811.1	0	N/A	28.387	310	37	2.38e-37	149	poly(A) RNA polymerase GLD2 isoform X4 [Homo sapiens]	TRUE	TENT2
XP_006829140.1	XP_047272810.1	0	N/A	28.387	310	37	2.38e-37	149	poly(A) RNA polymerase GLD2 isoform X4 [Homo sapiens]	TRUE	TENT2
XP_006829140.1	XP_047272809.1	0	N/A	28.387	310	37	2.38e-37	149	poly(A) RNA polymerase GLD2 isoform X4 [Homo sapiens]	TRUE	TENT2
XP_006829140.1	NP_001375058.1	0	N/A	28.387	310	37	2.38e-37	149	poly(A) RNA polymerase GLD2 isoform 2 [Homo sapiens]	TRUE	TENT2
XP_006829140.1	NP_001375057.1	0	N/A	28.387	310	37	2.38e-37	149	poly(A) RNA polymerase GLD2 isoform 2 [Homo sapiens]	TRUE	TENT2
XP_006829140.1	NP_001375056.1	0	N/A	28.387	310	37	2.38e-37	149	poly(A) RNA polymerase GLD2 isoform 2 [Homo sapiens]	TRUE	TENT2
XP_006829140.1	NP_001375055.1	0	N/A	28.387	310	37	2.38e-37	149	poly(A) RNA polymerase GLD2 isoform 2 [Homo sapiens]	TRUE	TENT2
XP_006829140.1	NP_001375054.1	0	N/A	28.387	310	37	2.38e-37	149	poly(A) RNA polymerase GLD2 isoform 2 [Homo sapiens]	TRUE	TENT2
XP_006829140.1	NP_001375053.1	0	N/A	28.387	310	37	2.38e-37	149	poly(A) RNA polymerase GLD2 isoform 2 [Homo sapiens]	TRUE	TENT2
XP_006829140.1	NP_001375052.1	0	N/A	28.387	310	37	2.38e-37	149	poly(A) RNA polymerase GLD2 isoform 2 [Homo sapiens]	TRUE	TENT2
XP_006829140.1	NP_001375051.1	0	N/A	28.387	310	37	2.38e-37	149	poly(A) RNA polymerase GLD2 isoform 2 [Homo sapiens]	TRUE	TENT2
XP_006829140.1	NP_001375050.1	0	N/A	28.387	310	37	2.38e-37	149	poly(A) RNA polymerase GLD2 isoform 2 [Homo sapiens]	TRUE	TENT2
XP_006829140.1	NP_001375049.1	0	N/A	28.387	310	37	2.38e-37	149	poly(A) RNA polymerase GLD2 isoform 2 [Homo sapiens]	TRUE	TENT2
XP_006829140.1	NP_001375048.1	0	N/A	28.387	310	37	2.38e-37	149	poly(A) RNA polymerase GLD2 isoform 2 [Homo sapiens]	TRUE	TENT2
XP_006829140.1	NP_001375047.1	0	N/A	28.387	310	37	2.38e-37	149	poly(A) RNA polymerase GLD2 isoform 2 [Homo sapiens]	TRUE	TENT2
XP_006829140.1	NP_001375046.1	0	N/A	28.387	310	37	2.38e-37	149	poly(A) RNA polymerase GLD2 isoform 2 [Homo sapiens]	TRUE	TENT2
XP_006829140.1	NP_001375045.1	0	N/A	28.387	310	37	2.38e-37	149	poly(A) RNA polymerase GLD2 isoform 2 [Homo sapiens]	TRUE	TENT2
XP_006829140.1	NP_001375044.1	0	N/A	28.387	310	37	2.38e-37	149	poly(A) RNA polymerase GLD2 isoform 2 [Homo sapiens]	TRUE	TENT2
XP_006829140.1	NP_001375043.1	0	N/A	28.387	310	37	2.38e-37	149	poly(A) RNA polymerase GLD2 isoform 2 [Homo sapiens]	TRUE	TENT2
XP_006829140.1	NP_001336483.1	0	N/A	28.387	310	37	2.38e-37	149	poly(A) RNA polymerase GLD2 isoform 2 [Homo sapiens]	TRUE	TENT2
XP_006829140.1	NP_001284673.1	0	N/A	28.387	310	37	2.38e-37	149	poly(A) RNA polymerase GLD2 isoform 2 [Homo sapiens]	TRUE	TENT2
XP_006829140.1	NP_001375059.1	0	N/A	28.387	310	37	2.46e-37	149	poly(A) RNA polymerase GLD2 isoform 10 [Homo sapiens]	TRUE	TENT2
XP_006829140.1	NP_001375061.1	0	N/A	28.387	310	37	2.53e-37	148	poly(A) RNA polymerase GLD2 isoform 12 [Homo sapiens]	TRUE	TENT2
XP_006829140.1	XP_047272805.1	0	N/A	28.06	335	37	2.56e-37	149	poly(A) RNA polymerase GLD2 isoform X2 [Homo sapiens]	TRUE	TENT2
XP_006829140.1	XP_047272804.1	0	N/A	28.06	335	37	2.56e-37	149	poly(A) RNA polymerase GLD2 isoform X2 [Homo sapiens]	TRUE	TENT2
XP_006829140.1	XP_047272803.1	0	N/A	28.06	335	37	2.56e-37	149	poly(A) RNA polymerase GLD2 isoform X2 [Homo sapiens]	TRUE	TENT2
XP_006829140.1	XP_047272802.1	0	N/A	28.06	335	37	2.56e-37	149	poly(A) RNA polymerase GLD2 isoform X2 [Homo sapiens]	TRUE	TENT2
XP_006829140.1	XP_016864641.1	0	N/A	28.06	335	37	2.56e-37	149	poly(A) RNA polymerase GLD2 isoform X2 [Homo sapiens]	TRUE	TENT2
XP_006829140.1	NP_001375026.1	0	N/A	28.06	335	37	2.56e-37	149	poly(A) RNA polymerase GLD2 isoform 6 [Homo sapiens]	TRUE	TENT2
XP_006829140.1	NP_001375025.1	0	N/A	28.06	335	37	2.56e-37	149	poly(A) RNA polymerase GLD2 isoform 6 [Homo sapiens]	TRUE	TENT2
XP_006829140.1	NP_001375024.1	0	N/A	28.06	335	37	2.56e-37	149	poly(A) RNA polymerase GLD2 isoform 6 [Homo sapiens]	TRUE	TENT2
XP_006829140.1	NP_001336480.1	0	N/A	28.06	335	37	2.56e-37	149	poly(A) RNA polymerase GLD2 isoform 6 [Homo sapiens]	TRUE	TENT2
XP_006829140.1	NP_001375027.1	0	N/A	28.06	335	37	2.57e-37	149	poly(A) RNA polymerase GLD2 isoform 7 [Homo sapiens]	TRUE	TENT2
XP_006829140.1	NP_001375042.1	0	N/A	29.524	315	37	1.06e-36	147	poly(A) RNA polymerase GLD2 isoform 16 [Homo sapiens]	TRUE	TENT2
XP_006829140.1	XP_047272808.1	0	N/A	29.524	315	37	1.2e-36	147	poly(A) RNA polymerase GLD2 isoform X3 [Homo sapiens]	TRUE	TENT2
XP_006829140.1	XP_047272807.1	0	N/A	29.524	315	37	1.2e-36	147	poly(A) RNA polymerase GLD2 isoform X3 [Homo sapiens]	TRUE	TENT2
XP_006829140.1	XP_047272806.1	0	N/A	29.524	315	37	1.2e-36	147	poly(A) RNA polymerase GLD2 isoform X3 [Homo sapiens]	TRUE	TENT2
XP_006829140.1	NP_776158.2	0	N/A	29.524	315	37	1.2e-36	147	poly(A) RNA polymerase GLD2 isoform 1 [Homo sapiens]	TRUE	TENT2
XP_006829140.1	NP_001375041.1	0	N/A	29.524	315	37	1.2e-36	147	poly(A) RNA polymerase GLD2 isoform 1 [Homo sapiens]	TRUE	TENT2
XP_006829140.1	NP_001375040.1	0	N/A	29.524	315	37	1.2e-36	147	poly(A) RNA polymerase GLD2 isoform 1 [Homo sapiens]	TRUE	TENT2
XP_006829140.1	NP_001375039.1	0	N/A	29.524	315	37	1.2e-36	147	poly(A) RNA polymerase GLD2 isoform 1 [Homo sapiens]	TRUE	TENT2
XP_006829140.1	NP_001375038.1	0	N/A	29.524	315	37	1.2e-36	147	poly(A) RNA polymerase GLD2 isoform 1 [Homo sapiens]	TRUE	TENT2
XP_006829140.1	NP_001375037.1	0	N/A	29.524	315	37	1.2e-36	147	poly(A) RNA polymerase GLD2 isoform 1 [Homo sapiens]	TRUE	TENT2
XP_006829140.1	NP_001375036.1	0	N/A	29.524	315	37	1.2e-36	147	poly(A) RNA polymerase GLD2 isoform 1 [Homo sapiens]	TRUE	TENT2
XP_006829140.1	NP_001375035.1	0	N/A	29.524	315	37	1.2e-36	147	poly(A) RNA polymerase GLD2 isoform 1 [Homo sapiens]	TRUE	TENT2
XP_006829140.1	NP_001375034.1	0	N/A	29.524	315	37	1.2e-36	147	poly(A) RNA polymerase GLD2 isoform 1 [Homo sapiens]	TRUE	TENT2
XP_006829140.1	NP_001375032.1	0	N/A	29.524	315	37	1.2e-36	147	poly(A) RNA polymerase GLD2 isoform 1 [Homo sapiens]	TRUE	TENT2
XP_006829140.1	NP_001375031.1	0	N/A	29.524	315	37	1.2e-36	147	poly(A) RNA polymerase GLD2 isoform 1 [Homo sapiens]	TRUE	TENT2
XP_006829140.1	NP_001336482.1	0	N/A	29.524	315	37	1.2e-36	147	poly(A) RNA polymerase GLD2 isoform 1 [Homo sapiens]	TRUE	TENT2
XP_006844884.1	XP_047290433.1	0	N/A	41.049	324	59	5.52e-70	234	terminal nucleotidyltransferase 4B isoform X6 [Homo sapiens]	TRUE	TENT4B
XP_006844884.1	XP_011521580.1	0	N/A	41.049	324	59	1.12e-69	234	terminal nucleotidyltransferase 4B isoform X5 [Homo sapiens]	TRUE	TENT4B
XP_006844884.1	XP_047290432.1	0	N/A	39.706	340	62	2.43e-68	234	terminal nucleotidyltransferase 4B isoform X4 [Homo sapiens]	TRUE	TENT4B
XP_006844884.1	NP_001035375.2	0	N/A	39.706	340	62	2.46e-68	234	terminal nucleotidyltransferase 4B isoform b [Homo sapiens]	TRUE	TENT4B
XP_006844884.1	XP_011521578.1	0	N/A	39.706	340	62	2.51e-68	234	terminal nucleotidyltransferase 4B isoform X2 [Homo sapiens]	TRUE	TENT4B
XP_006844884.1	NP_001035374.2	0	N/A	40.673	327	59	3.53e-68	234	terminal nucleotidyltransferase 4B isoform a [Homo sapiens]	TRUE	TENT4B
XP_006844884.1	XP_011521577.1	0	N/A	40.673	327	59	3.6e-68	234	terminal nucleotidyltransferase 4B isoform X1 [Homo sapiens]	TRUE	TENT4B
XP_006844884.1	XP_047290431.1	0	N/A	40.059	337	61	4.45e-68	234	terminal nucleotidyltransferase 4B isoform X3 [Homo sapiens]	TRUE	TENT4B
XP_006844884.1	NP_001352252.1	0	N/A	40.673	327	59	5.53e-68	234	terminal nucleotidyltransferase 4B isoform c [Homo sapiens]	TRUE	TENT4B
XP_006844884.1	NP_001352253.1	0	N/A	40.059	337	61	7.88e-68	234	terminal nucleotidyltransferase 4B isoform d [Homo sapiens]	TRUE	TENT4B
XP_006844884.1	NP_001165276.2	0	N/A	39.368	348	63	1.03e-64	227	terminal nucleotidyltransferase 4A isoform 2 [Homo sapiens]	TRUE	TENT4A
XP_006844884.1	NP_008930.2	0	N/A	39.368	348	63	1.07e-64	227	terminal nucleotidyltransferase 4A isoform 1 [Homo sapiens]	TRUE	TENT4A
XP_006844884.1	XP_047272622.1	0	N/A	38.72	328	60	4.89e-60	209	terminal nucleotidyltransferase 4A isoform X1 [Homo sapiens]	TRUE	TENT4A
XP_006844884.1	XP_047272621.1	0	N/A	38.72	328	60	4.89e-60	209	terminal nucleotidyltransferase 4A isoform X1 [Homo sapiens]	TRUE	TENT4A
XP_006844884.1	XP_047272620.1	0	N/A	38.72	328	60	4.89e-60	209	terminal nucleotidyltransferase 4A isoform X1 [Homo sapiens]	TRUE	TENT4A
XP_006844884.1	XP_047272624.1	0	N/A	38.365	318	58	1.98e-56	199	terminal nucleotidyltransferase 4A isoform X3 [Homo sapiens]	TRUE	TENT4A
XP_006844884.1	XP_047272623.1	0	N/A	38.365	318	58	2.07e-56	199	terminal nucleotidyltransferase 4A isoform X2 [Homo sapiens]	TRUE	TENT4A
XP_006844884.1	XP_016864477.1	0	N/A	38.365	318	58	2.07e-56	199	terminal nucleotidyltransferase 4A isoform X2 [Homo sapiens]	TRUE	TENT4A
XP_006844884.1	NP_001317647.1	0	N/A	29.31	174	31	1.05e-14	79.7	terminal uridylyltransferase 7 isoform 3 [Homo sapiens]	TRUE	Tut7
XP_006844884.1	XP_011517318.1	0	N/A	28.324	173	31	1.75e-14	79.3	terminal uridylyltransferase 7 isoform X5 [Homo sapiens]	TRUE	Tut7
XP_006844884.1	XP_016870620.1	0	N/A	28.324	173	31	1.76e-14	79.3	terminal uridylyltransferase 7 isoform X4 [Homo sapiens]	TRUE	Tut7
XP_006844884.1	XP_016870619.1	0	N/A	28.324	173	31	1.76e-14	79.3	terminal uridylyltransferase 7 isoform X4 [Homo sapiens]	TRUE	Tut7
XP_006844884.1	NP_078893.2	0	N/A	28.324	173	31	1.76e-14	79.3	terminal uridylyltransferase 7 isoform 1 [Homo sapiens]	TRUE	Tut7
XP_006844884.1	NP_001171988.1	0	N/A	28.324	173	31	1.76e-14	79.3	terminal uridylyltransferase 7 isoform 1 [Homo sapiens]	TRUE	Tut7
XP_006844884.1	XP_005252265.1	0	N/A	29.31	174	31	1.78e-14	79.3	terminal uridylyltransferase 7 isoform X7 [Homo sapiens]	TRUE	Tut7
XP_006844884.1	XP_047279825.1	0	N/A	28.324	173	31	1.84e-14	79.3	terminal uridylyltransferase 7 isoform X6 [Homo sapiens]	TRUE	Tut7
XP_006844884.1	XP_047279824.1	0	N/A	28.324	173	31	1.84e-14	79.3	terminal uridylyltransferase 7 isoform X6 [Homo sapiens]	TRUE	Tut7
XP_006844884.1	XP_005252264.1	0	N/A	28.324	173	31	1.84e-14	79.3	terminal uridylyltransferase 7 isoform X6 [Homo sapiens]	TRUE	Tut7
XP_006844884.1	XP_011517317.1	0	N/A	28.324	173	31	2e-14	79.3	terminal uridylyltransferase 7 isoform X3 [Homo sapiens]	TRUE	Tut7
XP_006844884.1	XP_047279823.1	0	N/A	28.324	173	31	2e-14	79.3	terminal uridylyltransferase 7 isoform X2 [Homo sapiens]	TRUE	Tut7
XP_006844884.1	XP_006717346.1	0	N/A	28.324	173	31	2e-14	79.3	terminal uridylyltransferase 7 isoform X2 [Homo sapiens]	TRUE	Tut7
XP_006844884.1	XP_011517316.1	0	N/A	28.324	173	31	2.14e-14	79.3	terminal uridylyltransferase 7 isoform X1 [Homo sapiens]	TRUE	Tut7
XP_006844884.1	XP_011517315.1	0	N/A	28.324	173	31	2.14e-14	79.3	terminal uridylyltransferase 7 isoform X1 [Homo sapiens]	TRUE	Tut7
XP_006844884.1	XP_011517314.1	0	N/A	28.324	173	31	2.14e-14	79.3	terminal uridylyltransferase 7 isoform X1 [Homo sapiens]	TRUE	Tut7
XP_006844884.1	XP_011517313.1	0	N/A	28.324	173	31	2.14e-14	79.3	terminal uridylyltransferase 7 isoform X1 [Homo sapiens]	TRUE	Tut7
XP_006844884.1	XP_047272288.1	0	N/A	26.289	194	34	5.79e-11	68.2	terminal uridylyltransferase 4 isoform X10 [Homo sapiens]	TRUE	Tut4
XP_006844884.1	XP_047272281.1	0	N/A	26.289	194	34	5.96e-11	68.2	terminal uridylyltransferase 4 isoform X4 [Homo sapiens]	TRUE	Tut4
XP_006844884.1	NP_001009881.1	0	N/A	26.289	194	34	5.96e-11	68.2	terminal uridylyltransferase 4 isoform a [Homo sapiens]	TRUE	Tut4
XP_006844884.1	XP_047272282.1	0	N/A	26.289	194	34	6.02e-11	68.2	terminal uridylyltransferase 4 isoform X5 [Homo sapiens]	TRUE	Tut4
XP_006844884.1	NP_056084.1	0	N/A	26.289	194	34	6.02e-11	68.2	terminal uridylyltransferase 4 isoform b [Homo sapiens]	TRUE	Tut4
XP_006844884.1	XP_016856293.1	0	N/A	26.289	194	34	6.05e-11	68.2	terminal uridylyltransferase 4 isoform X16 [Homo sapiens]	TRUE	Tut4
XP_006844884.1	XP_047272283.1	0	N/A	26.289	194	34	6.06e-11	68.2	terminal uridylyltransferase 4 isoform X6 [Homo sapiens]	TRUE	Tut4
XP_006844884.1	XP_005270737.1	0	N/A	26.289	194	34	6.06e-11	68.2	terminal uridylyltransferase 4 isoform X6 [Homo sapiens]	TRUE	Tut4
XP_006844884.1	XP_047272285.1	0	N/A	26.289	194	34	6.11e-11	68.2	terminal uridylyltransferase 4 isoform X7 [Homo sapiens]	TRUE	Tut4
XP_006844884.1	XP_016856292.1	0	N/A	26.289	194	34	6.43e-11	68.2	terminal uridylyltransferase 4 isoform X9 [Homo sapiens]	TRUE	Tut4
XP_006844884.1	XP_016856299.1	0	N/A	26.289	194	34	6.75e-11	68.2	terminal uridylyltransferase 4 isoform X40 [Homo sapiens]	TRUE	Tut4
XP_006844884.1	XP_047272384.1	0	N/A	26.289	194	34	6.85e-11	67.8	terminal uridylyltransferase 4 isoform X46 [Homo sapiens]	TRUE	Tut4
XP_006844884.1	XP_047272365.1	0	N/A	26.289	194	34	6.99e-11	67.8	terminal uridylyltransferase 4 isoform X38 [Homo sapiens]	TRUE	Tut4
XP_006844884.1	XP_047272337.1	0	N/A	26.289	194	34	7.02e-11	67.8	terminal uridylyltransferase 4 isoform X27 [Homo sapiens]	TRUE	Tut4
XP_006844884.1	XP_047272345.1	0	N/A	26.289	194	34	7.31e-11	67.8	terminal uridylyltransferase 4 isoform X31 [Homo sapiens]	TRUE	Tut4
XP_006844884.1	XP_011539399.1	0	N/A	26.289	194	34	7.34e-11	67.8	terminal uridylyltransferase 4 isoform X1 [Homo sapiens]	TRUE	Tut4
XP_006844884.1	XP_005270733.1	0	N/A	26.289	194	34	7.34e-11	67.8	terminal uridylyltransferase 4 isoform X1 [Homo sapiens]	TRUE	Tut4
XP_006844884.1	XP_016856297.1	0	N/A	26.289	194	34	7.36e-11	67.8	terminal uridylyltransferase 4 isoform X36 [Homo sapiens]	TRUE	Tut4
XP_006844884.1	XP_011539401.1	0	N/A	26.289	194	34	7.51e-11	67.8	terminal uridylyltransferase 4 isoform X29 [Homo sapiens]	TRUE	Tut4
XP_006844884.1	XP_005270735.1	0	N/A	26.289	194	34	7.53e-11	67.8	terminal uridylyltransferase 4 isoform X2 [Homo sapiens]	TRUE	Tut4
XP_006844884.1	XP_005270739.1	0	N/A	26.289	194	34	7.56e-11	67.8	terminal uridylyltransferase 4 isoform X33 [Homo sapiens]	TRUE	Tut4
XP_006844884.1	XP_016856296.1	0	N/A	26.289	194	34	7.59e-11	67.8	terminal uridylyltransferase 4 isoform X28 [Homo sapiens]	TRUE	Tut4
XP_006844884.1	XP_047272280.1	0	N/A	26.289	194	34	7.59e-11	67.8	terminal uridylyltransferase 4 isoform X3 [Homo sapiens]	TRUE	Tut4
XP_006844884.1	XP_005270736.1	0	N/A	26.289	194	34	7.59e-11	67.8	terminal uridylyltransferase 4 isoform X3 [Homo sapiens]	TRUE	Tut4
XP_006844884.1	XP_047272325.1	0	N/A	26.289	194	34	8.35e-11	67.8	terminal uridylyltransferase 4 isoform X23 [Homo sapiens]	TRUE	Tut4
XP_006844884.1	XP_016856295.1	0	N/A	26.289	194	34	8.94e-11	67.8	terminal uridylyltransferase 4 isoform X25 [Homo sapiens]	TRUE	Tut4
XP_006844884.1	XP_047272372.1	0	N/A	26.144	153	28	1.23e-09	63.9	terminal uridylyltransferase 4 isoform X42 [Homo sapiens]	TRUE	Tut4
XP_006844884.1	XP_047272305.1	0	N/A	26.144	153	28	1.24e-09	63.9	terminal uridylyltransferase 4 isoform X17 [Homo sapiens]	TRUE	Tut4
XP_006844884.1	XP_047272296.1	0	N/A	26.144	153	28	1.26e-09	63.9	terminal uridylyltransferase 4 isoform X13 [Homo sapiens]	TRUE	Tut4
XP_006844884.1	XP_047272295.1	0	N/A	26.144	153	28	1.27e-09	63.9	terminal uridylyltransferase 4 isoform X12 [Homo sapiens]	TRUE	Tut4
XP_006844884.1	XP_047272350.1	0	N/A	26.144	153	28	1.44e-09	63.5	terminal uridylyltransferase 4 isoform X34 [Homo sapiens]	TRUE	Tut4
XP_006844884.1	XP_047272290.1	0	N/A	26.144	153	28	1.49e-09	63.5	terminal uridylyltransferase 4 isoform X11 [Homo sapiens]	TRUE	Tut4
XP_006844884.1	XP_047272286.1	0	N/A	26.144	153	28	1.55e-09	63.5	terminal uridylyltransferase 4 isoform X8 [Homo sapiens]	TRUE	Tut4
XP_006844884.1	XP_047272344.1	0	N/A	26.144	153	28	1.77e-09	63.5	terminal uridylyltransferase 4 isoform X30 [Homo sapiens]	TRUE	Tut4
XP_006844884.1	XP_047272811.1	0	N/A	23.243	185	33	3.56e-08	58.5	poly(A) RNA polymerase GLD2 isoform X4 [Homo sapiens]	TRUE	TENT2
XP_006844884.1	XP_047272810.1	0	N/A	23.243	185	33	3.56e-08	58.5	poly(A) RNA polymerase GLD2 isoform X4 [Homo sapiens]	TRUE	TENT2
XP_006844884.1	XP_047272809.1	0	N/A	23.243	185	33	3.56e-08	58.5	poly(A) RNA polymerase GLD2 isoform X4 [Homo sapiens]	TRUE	TENT2
XP_006844884.1	NP_001375058.1	0	N/A	23.243	185	33	3.56e-08	58.5	poly(A) RNA polymerase GLD2 isoform 2 [Homo sapiens]	TRUE	TENT2
XP_006844884.1	NP_001375057.1	0	N/A	23.243	185	33	3.56e-08	58.5	poly(A) RNA polymerase GLD2 isoform 2 [Homo sapiens]	TRUE	TENT2
XP_006844884.1	NP_001375056.1	0	N/A	23.243	185	33	3.56e-08	58.5	poly(A) RNA polymerase GLD2 isoform 2 [Homo sapiens]	TRUE	TENT2
XP_006844884.1	NP_001375055.1	0	N/A	23.243	185	33	3.56e-08	58.5	poly(A) RNA polymerase GLD2 isoform 2 [Homo sapiens]	TRUE	TENT2
XP_006844884.1	NP_001375054.1	0	N/A	23.243	185	33	3.56e-08	58.5	poly(A) RNA polymerase GLD2 isoform 2 [Homo sapiens]	TRUE	TENT2
XP_006844884.1	NP_001375053.1	0	N/A	23.243	185	33	3.56e-08	58.5	poly(A) RNA polymerase GLD2 isoform 2 [Homo sapiens]	TRUE	TENT2
XP_006844884.1	NP_001375052.1	0	N/A	23.243	185	33	3.56e-08	58.5	poly(A) RNA polymerase GLD2 isoform 2 [Homo sapiens]	TRUE	TENT2
XP_006844884.1	NP_001375051.1	0	N/A	23.243	185	33	3.56e-08	58.5	poly(A) RNA polymerase GLD2 isoform 2 [Homo sapiens]	TRUE	TENT2
XP_006844884.1	NP_001375050.1	0	N/A	23.243	185	33	3.56e-08	58.5	poly(A) RNA polymerase GLD2 isoform 2 [Homo sapiens]	TRUE	TENT2
XP_006844884.1	NP_001375049.1	0	N/A	23.243	185	33	3.56e-08	58.5	poly(A) RNA polymerase GLD2 isoform 2 [Homo sapiens]	TRUE	TENT2
XP_006844884.1	NP_001375048.1	0	N/A	23.243	185	33	3.56e-08	58.5	poly(A) RNA polymerase GLD2 isoform 2 [Homo sapiens]	TRUE	TENT2
XP_006844884.1	NP_001375047.1	0	N/A	23.243	185	33	3.56e-08	58.5	poly(A) RNA polymerase GLD2 isoform 2 [Homo sapiens]	TRUE	TENT2
XP_006844884.1	NP_001375046.1	0	N/A	23.243	185	33	3.56e-08	58.5	poly(A) RNA polymerase GLD2 isoform 2 [Homo sapiens]	TRUE	TENT2
XP_006844884.1	NP_001375045.1	0	N/A	23.243	185	33	3.56e-08	58.5	poly(A) RNA polymerase GLD2 isoform 2 [Homo sapiens]	TRUE	TENT2
XP_006844884.1	NP_001375044.1	0	N/A	23.243	185	33	3.56e-08	58.5	poly(A) RNA polymerase GLD2 isoform 2 [Homo sapiens]	TRUE	TENT2
XP_006844884.1	NP_001375043.1	0	N/A	23.243	185	33	3.56e-08	58.5	poly(A) RNA polymerase GLD2 isoform 2 [Homo sapiens]	TRUE	TENT2
XP_006844884.1	NP_001336483.1	0	N/A	23.243	185	33	3.56e-08	58.5	poly(A) RNA polymerase GLD2 isoform 2 [Homo sapiens]	TRUE	TENT2
XP_006844884.1	NP_001284673.1	0	N/A	23.243	185	33	3.56e-08	58.5	poly(A) RNA polymerase GLD2 isoform 2 [Homo sapiens]	TRUE	TENT2
XP_006844884.1	NP_001375061.1	0	N/A	23.243	185	33	3.86e-08	58.5	poly(A) RNA polymerase GLD2 isoform 12 [Homo sapiens]	TRUE	TENT2
XP_006844884.1	XP_047272818.1	0	N/A	25.641	156	27	4.03e-08	57.8	poly(A) RNA polymerase GLD2 isoform X10 [Homo sapiens]	TRUE	TENT2
XP_006844884.1	XP_047272820.1	0	N/A	30.275	109	20	4.24e-08	57	poly(A) RNA polymerase GLD2 isoform X11 [Homo sapiens]	TRUE	TENT2
XP_006844884.1	NP_001375059.1	0	N/A	23.243	185	33	4.27e-08	58.2	poly(A) RNA polymerase GLD2 isoform 10 [Homo sapiens]	TRUE	TENT2
XP_006844884.1	NP_001375065.1	0	N/A	23.243	185	33	4.42e-08	57.8	poly(A) RNA polymerase GLD2 isoform 14 [Homo sapiens]	TRUE	TENT2
XP_006844884.1	XP_047272808.1	0	N/A	22.751	189	33	4.66e-08	58.2	poly(A) RNA polymerase GLD2 isoform X3 [Homo sapiens]	TRUE	TENT2
XP_006844884.1	XP_047272807.1	0	N/A	22.751	189	33	4.66e-08	58.2	poly(A) RNA polymerase GLD2 isoform X3 [Homo sapiens]	TRUE	TENT2
XP_006844884.1	XP_047272806.1	0	N/A	22.751	189	33	4.66e-08	58.2	poly(A) RNA polymerase GLD2 isoform X3 [Homo sapiens]	TRUE	TENT2
XP_006844884.1	NP_776158.2	0	N/A	22.751	189	33	4.66e-08	58.2	poly(A) RNA polymerase GLD2 isoform 1 [Homo sapiens]	TRUE	TENT2
XP_006844884.1	NP_001375041.1	0	N/A	22.751	189	33	4.66e-08	58.2	poly(A) RNA polymerase GLD2 isoform 1 [Homo sapiens]	TRUE	TENT2
XP_006846360.2	XP_047272344.1	0	N/A	27.541	305	56	1.26e-17	89.4	terminal uridylyltransferase 4 isoform X30 [Homo sapiens]	TRUE	Tut4
XP_006846360.2	XP_047272350.1	0	N/A	27.541	305	56	1.37e-17	89.4	terminal uridylyltransferase 4 isoform X34 [Homo sapiens]	TRUE	Tut4
XP_006846360.2	XP_047272290.1	0	N/A	27.541	305	56	1.41e-17	89.4	terminal uridylyltransferase 4 isoform X11 [Homo sapiens]	TRUE	Tut4
XP_006846360.2	XP_047272286.1	0	N/A	27.541	305	56	1.41e-17	89.4	terminal uridylyltransferase 4 isoform X8 [Homo sapiens]	TRUE	Tut4
XP_006846360.2	XP_047272296.1	0	N/A	27.541	305	56	1.51e-17	89	terminal uridylyltransferase 4 isoform X13 [Homo sapiens]	TRUE	Tut4
XP_006846360.2	XP_047272372.1	0	N/A	27.541	305	56	1.57e-17	89	terminal uridylyltransferase 4 isoform X42 [Homo sapiens]	TRUE	Tut4
XP_006846360.2	XP_047272295.1	0	N/A	27.541	305	56	1.59e-17	89	terminal uridylyltransferase 4 isoform X12 [Homo sapiens]	TRUE	Tut4
XP_006846360.2	XP_047272305.1	0	N/A	27.541	305	56	1.62e-17	89	terminal uridylyltransferase 4 isoform X17 [Homo sapiens]	TRUE	Tut4
XP_006846360.2	XP_047272384.1	0	N/A	28.179	291	54	2.24e-17	88.2	terminal uridylyltransferase 4 isoform X46 [Homo sapiens]	TRUE	Tut4
XP_006846360.2	XP_047272811.1	0	N/A	27.368	285	52	4.99e-17	86.3	poly(A) RNA polymerase GLD2 isoform X4 [Homo sapiens]	TRUE	TENT2
XP_006846360.2	XP_047272810.1	0	N/A	27.368	285	52	4.99e-17	86.3	poly(A) RNA polymerase GLD2 isoform X4 [Homo sapiens]	TRUE	TENT2
XP_006846360.2	XP_047272809.1	0	N/A	27.368	285	52	4.99e-17	86.3	poly(A) RNA polymerase GLD2 isoform X4 [Homo sapiens]	TRUE	TENT2
XP_006846360.2	NP_001375058.1	0	N/A	27.368	285	52	4.99e-17	86.3	poly(A) RNA polymerase GLD2 isoform 2 [Homo sapiens]	TRUE	TENT2
XP_006846360.2	NP_001375057.1	0	N/A	27.368	285	52	4.99e-17	86.3	poly(A) RNA polymerase GLD2 isoform 2 [Homo sapiens]	TRUE	TENT2
XP_006846360.2	NP_001375056.1	0	N/A	27.368	285	52	4.99e-17	86.3	poly(A) RNA polymerase GLD2 isoform 2 [Homo sapiens]	TRUE	TENT2
XP_006846360.2	NP_001375055.1	0	N/A	27.368	285	52	4.99e-17	86.3	poly(A) RNA polymerase GLD2 isoform 2 [Homo sapiens]	TRUE	TENT2
XP_006846360.2	NP_001375054.1	0	N/A	27.368	285	52	4.99e-17	86.3	poly(A) RNA polymerase GLD2 isoform 2 [Homo sapiens]	TRUE	TENT2
XP_006846360.2	NP_001375053.1	0	N/A	27.368	285	52	4.99e-17	86.3	poly(A) RNA polymerase GLD2 isoform 2 [Homo sapiens]	TRUE	TENT2
XP_006846360.2	NP_001375052.1	0	N/A	27.368	285	52	4.99e-17	86.3	poly(A) RNA polymerase GLD2 isoform 2 [Homo sapiens]	TRUE	TENT2
XP_006846360.2	NP_001375051.1	0	N/A	27.368	285	52	4.99e-17	86.3	poly(A) RNA polymerase GLD2 isoform 2 [Homo sapiens]	TRUE	TENT2
XP_006846360.2	NP_001375050.1	0	N/A	27.368	285	52	4.99e-17	86.3	poly(A) RNA polymerase GLD2 isoform 2 [Homo sapiens]	TRUE	TENT2
XP_006846360.2	NP_001375049.1	0	N/A	27.368	285	52	4.99e-17	86.3	poly(A) RNA polymerase GLD2 isoform 2 [Homo sapiens]	TRUE	TENT2
XP_006846360.2	NP_001375048.1	0	N/A	27.368	285	52	4.99e-17	86.3	poly(A) RNA polymerase GLD2 isoform 2 [Homo sapiens]	TRUE	TENT2
XP_006846360.2	NP_001375047.1	0	N/A	27.368	285	52	4.99e-17	86.3	poly(A) RNA polymerase GLD2 isoform 2 [Homo sapiens]	TRUE	TENT2
XP_006846360.2	NP_001375046.1	0	N/A	27.368	285	52	4.99e-17	86.3	poly(A) RNA polymerase GLD2 isoform 2 [Homo sapiens]	TRUE	TENT2
XP_006846360.2	NP_001375045.1	0	N/A	27.368	285	52	4.99e-17	86.3	poly(A) RNA polymerase GLD2 isoform 2 [Homo sapiens]	TRUE	TENT2
XP_006846360.2	NP_001375044.1	0	N/A	27.368	285	52	4.99e-17	86.3	poly(A) RNA polymerase GLD2 isoform 2 [Homo sapiens]	TRUE	TENT2
XP_006846360.2	NP_001375043.1	0	N/A	27.368	285	52	4.99e-17	86.3	poly(A) RNA polymerase GLD2 isoform 2 [Homo sapiens]	TRUE	TENT2
XP_006846360.2	NP_001336483.1	0	N/A	27.368	285	52	4.99e-17	86.3	poly(A) RNA polymerase GLD2 isoform 2 [Homo sapiens]	TRUE	TENT2
XP_006846360.2	NP_001284673.1	0	N/A	27.368	285	52	4.99e-17	86.3	poly(A) RNA polymerase GLD2 isoform 2 [Homo sapiens]	TRUE	TENT2
XP_006846360.2	NP_001375059.1	0	N/A	27.368	285	52	5.15e-17	86.3	poly(A) RNA polymerase GLD2 isoform 10 [Homo sapiens]	TRUE	TENT2
XP_006846360.2	XP_047272345.1	0	N/A	28.179	291	54	5.61e-17	87.4	terminal uridylyltransferase 4 isoform X31 [Homo sapiens]	TRUE	Tut4
XP_006846360.2	XP_016856295.1	0	N/A	28.179	291	54	6.04e-17	87	terminal uridylyltransferase 4 isoform X25 [Homo sapiens]	TRUE	Tut4
XP_006846360.2	NP_001375061.1	0	N/A	27.368	285	52	6.47e-17	85.9	poly(A) RNA polymerase GLD2 isoform 12 [Homo sapiens]	TRUE	TENT2
XP_006846360.2	XP_047272337.1	0	N/A	28.179	291	54	6.48e-17	87	terminal uridylyltransferase 4 isoform X27 [Homo sapiens]	TRUE	Tut4
XP_006846360.2	XP_016856297.1	0	N/A	28.179	291	54	6.49e-17	87	terminal uridylyltransferase 4 isoform X36 [Homo sapiens]	TRUE	Tut4
XP_006846360.2	XP_047272325.1	0	N/A	28.179	291	54	6.72e-17	87	terminal uridylyltransferase 4 isoform X23 [Homo sapiens]	TRUE	Tut4
XP_006846360.2	XP_011539401.1	0	N/A	28.179	291	54	6.81e-17	87	terminal uridylyltransferase 4 isoform X29 [Homo sapiens]	TRUE	Tut4
XP_006846360.2	XP_005270739.1	0	N/A	28.179	291	54	6.91e-17	87	terminal uridylyltransferase 4 isoform X33 [Homo sapiens]	TRUE	Tut4
XP_006846360.2	NP_001375030.1	0	N/A	27.368	285	52	6.92e-17	85.9	poly(A) RNA polymerase GLD2 isoform 9 [Homo sapiens]	TRUE	TENT2
XP_006846360.2	XP_016856299.1	0	N/A	28.179	291	54	7.02e-17	87	terminal uridylyltransferase 4 isoform X40 [Homo sapiens]	TRUE	Tut4
XP_006846360.2	XP_005270735.1	0	N/A	28.179	291	54	7.22e-17	87	terminal uridylyltransferase 4 isoform X2 [Homo sapiens]	TRUE	Tut4
XP_006846360.2	XP_011539399.1	0	N/A	28.179	291	54	7.48e-17	87	terminal uridylyltransferase 4 isoform X1 [Homo sapiens]	TRUE	Tut4
XP_006846360.2	XP_005270733.1	0	N/A	28.179	291	54	7.48e-17	87	terminal uridylyltransferase 4 isoform X1 [Homo sapiens]	TRUE	Tut4
XP_006846360.2	XP_016856292.1	0	N/A	28.179	291	54	7.57e-17	87	terminal uridylyltransferase 4 isoform X9 [Homo sapiens]	TRUE	Tut4
XP_006846360.2	XP_016856296.1	0	N/A	28.179	291	54	7.85e-17	86.7	terminal uridylyltransferase 4 isoform X28 [Homo sapiens]	TRUE	Tut4
XP_006846360.2	XP_047272365.1	0	N/A	28.179	291	54	7.94e-17	86.7	terminal uridylyltransferase 4 isoform X38 [Homo sapiens]	TRUE	Tut4
XP_006846360.2	XP_047272280.1	0	N/A	28.179	291	54	8.45e-17	86.7	terminal uridylyltransferase 4 isoform X3 [Homo sapiens]	TRUE	Tut4
XP_006846360.2	XP_005270736.1	0	N/A	28.179	291	54	8.45e-17	86.7	terminal uridylyltransferase 4 isoform X3 [Homo sapiens]	TRUE	Tut4
XP_006846360.2	XP_047272281.1	0	N/A	28.179	291	54	8.52e-17	86.7	terminal uridylyltransferase 4 isoform X4 [Homo sapiens]	TRUE	Tut4
XP_006846360.2	NP_001009881.1	0	N/A	28.179	291	54	8.52e-17	86.7	terminal uridylyltransferase 4 isoform a [Homo sapiens]	TRUE	Tut4
XP_006846360.2	XP_047272285.1	0	N/A	28.179	291	54	8.64e-17	86.7	terminal uridylyltransferase 4 isoform X7 [Homo sapiens]	TRUE	Tut4
XP_006846360.2	XP_047272282.1	0	N/A	28.179	291	54	8.67e-17	86.7	terminal uridylyltransferase 4 isoform X5 [Homo sapiens]	TRUE	Tut4
XP_006846360.2	NP_056084.1	0	N/A	28.179	291	54	8.67e-17	86.7	terminal uridylyltransferase 4 isoform b [Homo sapiens]	TRUE	Tut4
XP_006846360.2	XP_047272288.1	0	N/A	28.179	291	54	9.26e-17	86.7	terminal uridylyltransferase 4 isoform X10 [Homo sapiens]	TRUE	Tut4
XP_006846360.2	XP_047272283.1	0	N/A	28.179	291	54	9.62e-17	86.7	terminal uridylyltransferase 4 isoform X6 [Homo sapiens]	TRUE	Tut4
XP_006846360.2	XP_005270737.1	0	N/A	28.179	291	54	9.62e-17	86.7	terminal uridylyltransferase 4 isoform X6 [Homo sapiens]	TRUE	Tut4
XP_006846360.2	NP_001375065.1	0	N/A	28	275	51	9.84e-17	84.3	poly(A) RNA polymerase GLD2 isoform 14 [Homo sapiens]	TRUE	TENT2
XP_006846360.2	XP_016856293.1	0	N/A	28.179	291	54	1.01e-16	86.7	terminal uridylyltransferase 4 isoform X16 [Homo sapiens]	TRUE	Tut4
XP_006846360.2	XP_047272808.1	0	N/A	26.644	289	52	2.8e-16	84	poly(A) RNA polymerase GLD2 isoform X3 [Homo sapiens]	TRUE	TENT2
XP_006846360.2	XP_047272807.1	0	N/A	26.644	289	52	2.8e-16	84	poly(A) RNA polymerase GLD2 isoform X3 [Homo sapiens]	TRUE	TENT2
XP_006846360.2	XP_047272806.1	0	N/A	26.644	289	52	2.8e-16	84	poly(A) RNA polymerase GLD2 isoform X3 [Homo sapiens]	TRUE	TENT2
XP_006846360.2	NP_776158.2	0	N/A	26.644	289	52	2.8e-16	84	poly(A) RNA polymerase GLD2 isoform 1 [Homo sapiens]	TRUE	TENT2
XP_006846360.2	NP_001375041.1	0	N/A	26.644	289	52	2.8e-16	84	poly(A) RNA polymerase GLD2 isoform 1 [Homo sapiens]	TRUE	TENT2
XP_006846360.2	NP_001375040.1	0	N/A	26.644	289	52	2.8e-16	84	poly(A) RNA polymerase GLD2 isoform 1 [Homo sapiens]	TRUE	TENT2
XP_006846360.2	NP_001375039.1	0	N/A	26.644	289	52	2.8e-16	84	poly(A) RNA polymerase GLD2 isoform 1 [Homo sapiens]	TRUE	TENT2
XP_006846360.2	NP_001375038.1	0	N/A	26.644	289	52	2.8e-16	84	poly(A) RNA polymerase GLD2 isoform 1 [Homo sapiens]	TRUE	TENT2
XP_006846360.2	NP_001375037.1	0	N/A	26.644	289	52	2.8e-16	84	poly(A) RNA polymerase GLD2 isoform 1 [Homo sapiens]	TRUE	TENT2
XP_006846360.2	NP_001375036.1	0	N/A	26.644	289	52	2.8e-16	84	poly(A) RNA polymerase GLD2 isoform 1 [Homo sapiens]	TRUE	TENT2
XP_006846360.2	NP_001375035.1	0	N/A	26.644	289	52	2.8e-16	84	poly(A) RNA polymerase GLD2 isoform 1 [Homo sapiens]	TRUE	TENT2
XP_006846360.2	NP_001375034.1	0	N/A	26.644	289	52	2.8e-16	84	poly(A) RNA polymerase GLD2 isoform 1 [Homo sapiens]	TRUE	TENT2
XP_006846360.2	NP_001375032.1	0	N/A	26.644	289	52	2.8e-16	84	poly(A) RNA polymerase GLD2 isoform 1 [Homo sapiens]	TRUE	TENT2
XP_006846360.2	NP_001375031.1	0	N/A	26.644	289	52	2.8e-16	84	poly(A) RNA polymerase GLD2 isoform 1 [Homo sapiens]	TRUE	TENT2
XP_006846360.2	NP_001336482.1	0	N/A	26.644	289	52	2.8e-16	84	poly(A) RNA polymerase GLD2 isoform 1 [Homo sapiens]	TRUE	TENT2
XP_006846360.2	NP_001336481.1	0	N/A	26.644	289	52	2.8e-16	84	poly(A) RNA polymerase GLD2 isoform 1 [Homo sapiens]	TRUE	TENT2
XP_006846360.2	NP_001107866.1	0	N/A	26.644	289	52	2.8e-16	84	poly(A) RNA polymerase GLD2 isoform 1 [Homo sapiens]	TRUE	TENT2
XP_006846360.2	NP_001107865.1	0	N/A	26.644	289	52	2.8e-16	84	poly(A) RNA polymerase GLD2 isoform 1 [Homo sapiens]	TRUE	TENT2
XP_006846360.2	NP_001375042.1	0	N/A	26.644	289	52	2.92e-16	84	poly(A) RNA polymerase GLD2 isoform 16 [Homo sapiens]	TRUE	TENT2
XP_006846360.2	XP_047272820.1	0	N/A	28.054	221	40	3.17e-16	80.9	poly(A) RNA polymerase GLD2 isoform X11 [Homo sapiens]	TRUE	TENT2
XP_006846360.2	NP_001375029.1	0	N/A	26.644	289	52	3.41e-16	83.6	poly(A) RNA polymerase GLD2 isoform 8 [Homo sapiens]	TRUE	TENT2
XP_006846360.2	NP_001375028.1	0	N/A	26.644	289	52	3.41e-16	83.6	poly(A) RNA polymerase GLD2 isoform 8 [Homo sapiens]	TRUE	TENT2
XP_006846360.2	NP_001375060.1	0	N/A	26.644	289	52	3.58e-16	83.6	poly(A) RNA polymerase GLD2 isoform 11 [Homo sapiens]	TRUE	TENT2
XP_006846360.2	NP_001336477.1	0	N/A	28.761	226	41	6.46e-16	80.1	poly(A) RNA polymerase GLD2 isoform 4 [Homo sapiens]	TRUE	TENT2
XP_006846360.2	NP_060579.3	0	N/A	27.778	324	57	9.95e-16	82.4	poly(A) RNA polymerase, mitochondrial precursor [Homo sapiens]	TRUE	mtPAP
XP_006846360.2	XP_047272805.1	0	N/A	28.054	221	40	2.55e-15	80.9	poly(A) RNA polymerase GLD2 isoform X2 [Homo sapiens]	TRUE	TENT2
XP_006846360.2	XP_047272804.1	0	N/A	28.054	221	40	2.55e-15	80.9	poly(A) RNA polymerase GLD2 isoform X2 [Homo sapiens]	TRUE	TENT2
XP_006846360.2	XP_047272803.1	0	N/A	28.054	221	40	2.55e-15	80.9	poly(A) RNA polymerase GLD2 isoform X2 [Homo sapiens]	TRUE	TENT2
XP_006846360.2	XP_047272802.1	0	N/A	28.054	221	40	2.55e-15	80.9	poly(A) RNA polymerase GLD2 isoform X2 [Homo sapiens]	TRUE	TENT2
XP_006846360.2	XP_016864641.1	0	N/A	28.054	221	40	2.55e-15	80.9	poly(A) RNA polymerase GLD2 isoform X2 [Homo sapiens]	TRUE	TENT2
XP_006846360.2	NP_001375026.1	0	N/A	28.054	221	40	2.55e-15	80.9	poly(A) RNA polymerase GLD2 isoform 6 [Homo sapiens]	TRUE	TENT2
XP_006846360.2	NP_001375025.1	0	N/A	28.054	221	40	2.55e-15	80.9	poly(A) RNA polymerase GLD2 isoform 6 [Homo sapiens]	TRUE	TENT2
XP_006846360.2	NP_001375024.1	0	N/A	28.054	221	40	2.55e-15	80.9	poly(A) RNA polymerase GLD2 isoform 6 [Homo sapiens]	TRUE	TENT2
XP_006846360.2	NP_001336480.1	0	N/A	28.054	221	40	2.55e-15	80.9	poly(A) RNA polymerase GLD2 isoform 6 [Homo sapiens]	TRUE	TENT2
XP_006846360.2	NP_001375027.1	0	N/A	28.054	221	40	2.73e-15	80.9	poly(A) RNA polymerase GLD2 isoform 7 [Homo sapiens]	TRUE	TENT2
XP_006846360.2	XP_047272801.1	0	N/A	28.054	221	40	3.65e-15	80.5	poly(A) RNA polymerase GLD2 isoform X1 [Homo sapiens]	TRUE	TENT2
XP_006846360.2	XP_047272800.1	0	N/A	28.054	221	40	3.65e-15	80.5	poly(A) RNA polymerase GLD2 isoform X1 [Homo sapiens]	TRUE	TENT2
XP_006846360.2	XP_011541527.1	0	N/A	28.054	221	40	3.65e-15	80.5	poly(A) RNA polymerase GLD2 isoform X1 [Homo sapiens]	TRUE	TENT2
XP_006846360.2	XP_011541526.1	0	N/A	28.054	221	40	3.65e-15	80.5	poly(A) RNA polymerase GLD2 isoform X1 [Homo sapiens]	TRUE	TENT2
XP_006846360.2	XP_011541523.1	0	N/A	28.054	221	40	3.65e-15	80.5	poly(A) RNA polymerase GLD2 isoform X1 [Homo sapiens]	TRUE	TENT2
XP_006846360.2	XP_011541522.1	0	N/A	28.054	221	40	3.65e-15	80.5	poly(A) RNA polymerase GLD2 isoform X1 [Homo sapiens]	TRUE	TENT2
XP_007887630.1	NP_001352253.1	0	N/A	63.187	728	100	0	801	terminal nucleotidyltransferase 4B isoform d [Homo sapiens]	TRUE	TENT4B
XP_007887630.1	NP_001352252.1	0	N/A	62.429	708	97	0	758	terminal nucleotidyltransferase 4B isoform c [Homo sapiens]	TRUE	TENT4B
XP_007887630.1	XP_047290431.1	0	N/A	59.89	728	100	0	749	terminal nucleotidyltransferase 4B isoform X3 [Homo sapiens]	TRUE	TENT4B
XP_007887630.1	XP_011521577.1	0	N/A	66.935	620	84	0	734	terminal nucleotidyltransferase 4B isoform X1 [Homo sapiens]	TRUE	TENT4B
XP_007887630.1	NP_001035374.2	0	N/A	66.935	620	84	0	734	terminal nucleotidyltransferase 4B isoform a [Homo sapiens]	TRUE	TENT4B
XP_007887630.1	XP_047290432.1	0	N/A	59.04	708	97	0	708	terminal nucleotidyltransferase 4B isoform X4 [Homo sapiens]	TRUE	TENT4B
XP_007887630.1	XP_011521578.1	0	N/A	63.065	620	84	0	684	terminal nucleotidyltransferase 4B isoform X2 [Homo sapiens]	TRUE	TENT4B
XP_007887630.1	NP_001035375.2	0	N/A	63.065	620	84	0	684	terminal nucleotidyltransferase 4B isoform b [Homo sapiens]	TRUE	TENT4B
XP_007887630.1	XP_011521580.1	0	N/A	72.619	504	72	0	672	terminal nucleotidyltransferase 4B isoform X5 [Homo sapiens]	TRUE	TENT4B
XP_007887630.1	XP_047290433.1	0	N/A	67.857	504	72	0	621	terminal nucleotidyltransferase 4B isoform X6 [Homo sapiens]	TRUE	TENT4B
XP_007887630.1	NP_008930.2	0	N/A	60.499	481	67	0	564	terminal nucleotidyltransferase 4A isoform 1 [Homo sapiens]	TRUE	TENT4A
XP_007887630.1	NP_001165276.2	0	N/A	60.499	481	67	0	564	terminal nucleotidyltransferase 4A isoform 2 [Homo sapiens]	TRUE	TENT4A
XP_007887630.1	XP_047272622.1	0	N/A	61.871	417	60	2.86e-170	500	terminal nucleotidyltransferase 4A isoform X1 [Homo sapiens]	TRUE	TENT4A
XP_007887630.1	XP_047272621.1	0	N/A	61.871	417	60	2.86e-170	500	terminal nucleotidyltransferase 4A isoform X1 [Homo sapiens]	TRUE	TENT4A
XP_007887630.1	XP_047272620.1	0	N/A	61.871	417	60	2.86e-170	500	terminal nucleotidyltransferase 4A isoform X1 [Homo sapiens]	TRUE	TENT4A
XP_007887630.1	XP_047272624.1	0	N/A	61.765	408	58	4.58e-166	489	terminal nucleotidyltransferase 4A isoform X3 [Homo sapiens]	TRUE	TENT4A
XP_007887630.1	XP_047272623.1	0	N/A	61.765	408	58	5.06e-166	489	terminal nucleotidyltransferase 4A isoform X2 [Homo sapiens]	TRUE	TENT4A
XP_007887630.1	XP_016864477.1	0	N/A	61.765	408	58	5.06e-166	489	terminal nucleotidyltransferase 4A isoform X2 [Homo sapiens]	TRUE	TENT4A
XP_007887630.1	NP_001317647.1	0	N/A	26.374	182	26	3.38e-08	59.7	terminal uridylyltransferase 7 isoform 3 [Homo sapiens]	TRUE	Tut7
XP_007887630.1	XP_047279823.1	0	N/A	26.374	182	26	4.64e-08	59.3	terminal uridylyltransferase 7 isoform X2 [Homo sapiens]	TRUE	Tut7
XP_007887630.1	XP_006717346.1	0	N/A	26.374	182	26	4.64e-08	59.3	terminal uridylyltransferase 7 isoform X2 [Homo sapiens]	TRUE	Tut7
XP_007887630.1	XP_047272811.1	0	N/A	22.549	306	39	4.89e-08	58.5	poly(A) RNA polymerase GLD2 isoform X4 [Homo sapiens]	TRUE	TENT2
XP_007887630.1	XP_047272810.1	0	N/A	22.549	306	39	4.89e-08	58.5	poly(A) RNA polymerase GLD2 isoform X4 [Homo sapiens]	TRUE	TENT2
XP_007887630.1	XP_047272809.1	0	N/A	22.549	306	39	4.89e-08	58.5	poly(A) RNA polymerase GLD2 isoform X4 [Homo sapiens]	TRUE	TENT2
XP_007887630.1	NP_001375058.1	0	N/A	22.549	306	39	4.89e-08	58.5	poly(A) RNA polymerase GLD2 isoform 2 [Homo sapiens]	TRUE	TENT2
XP_007887630.1	NP_001375057.1	0	N/A	22.549	306	39	4.89e-08	58.5	poly(A) RNA polymerase GLD2 isoform 2 [Homo sapiens]	TRUE	TENT2
XP_007887630.1	NP_001375056.1	0	N/A	22.549	306	39	4.89e-08	58.5	poly(A) RNA polymerase GLD2 isoform 2 [Homo sapiens]	TRUE	TENT2
XP_007887630.1	NP_001375055.1	0	N/A	22.549	306	39	4.89e-08	58.5	poly(A) RNA polymerase GLD2 isoform 2 [Homo sapiens]	TRUE	TENT2
XP_007887630.1	NP_001375054.1	0	N/A	22.549	306	39	4.89e-08	58.5	poly(A) RNA polymerase GLD2 isoform 2 [Homo sapiens]	TRUE	TENT2
XP_007887630.1	NP_001375053.1	0	N/A	22.549	306	39	4.89e-08	58.5	poly(A) RNA polymerase GLD2 isoform 2 [Homo sapiens]	TRUE	TENT2
XP_007887630.1	NP_001375052.1	0	N/A	22.549	306	39	4.89e-08	58.5	poly(A) RNA polymerase GLD2 isoform 2 [Homo sapiens]	TRUE	TENT2
XP_007887630.1	NP_001375051.1	0	N/A	22.549	306	39	4.89e-08	58.5	poly(A) RNA polymerase GLD2 isoform 2 [Homo sapiens]	TRUE	TENT2
XP_007887630.1	NP_001375050.1	0	N/A	22.549	306	39	4.89e-08	58.5	poly(A) RNA polymerase GLD2 isoform 2 [Homo sapiens]	TRUE	TENT2
XP_007887630.1	NP_001375049.1	0	N/A	22.549	306	39	4.89e-08	58.5	poly(A) RNA polymerase GLD2 isoform 2 [Homo sapiens]	TRUE	TENT2
XP_007887630.1	NP_001375048.1	0	N/A	22.549	306	39	4.89e-08	58.5	poly(A) RNA polymerase GLD2 isoform 2 [Homo sapiens]	TRUE	TENT2
XP_007887630.1	NP_001375047.1	0	N/A	22.549	306	39	4.89e-08	58.5	poly(A) RNA polymerase GLD2 isoform 2 [Homo sapiens]	TRUE	TENT2
XP_007887630.1	NP_001375046.1	0	N/A	22.549	306	39	4.89e-08	58.5	poly(A) RNA polymerase GLD2 isoform 2 [Homo sapiens]	TRUE	TENT2
XP_007887630.1	NP_001375045.1	0	N/A	22.549	306	39	4.89e-08	58.5	poly(A) RNA polymerase GLD2 isoform 2 [Homo sapiens]	TRUE	TENT2
XP_007887630.1	NP_001375044.1	0	N/A	22.549	306	39	4.89e-08	58.5	poly(A) RNA polymerase GLD2 isoform 2 [Homo sapiens]	TRUE	TENT2
XP_007887630.1	NP_001375043.1	0	N/A	22.549	306	39	4.89e-08	58.5	poly(A) RNA polymerase GLD2 isoform 2 [Homo sapiens]	TRUE	TENT2
XP_007887630.1	NP_001336483.1	0	N/A	22.549	306	39	4.89e-08	58.5	poly(A) RNA polymerase GLD2 isoform 2 [Homo sapiens]	TRUE	TENT2
XP_007887630.1	NP_001284673.1	0	N/A	22.549	306	39	4.89e-08	58.5	poly(A) RNA polymerase GLD2 isoform 2 [Homo sapiens]	TRUE	TENT2
XP_007887630.1	NP_001375059.1	0	N/A	22.549	306	39	5.14e-08	58.5	poly(A) RNA polymerase GLD2 isoform 10 [Homo sapiens]	TRUE	TENT2
XP_007887630.1	XP_047279825.1	0	N/A	26.374	182	26	5.19e-08	59.3	terminal uridylyltransferase 7 isoform X6 [Homo sapiens]	TRUE	Tut7
XP_007887630.1	XP_047279824.1	0	N/A	26.374	182	26	5.19e-08	59.3	terminal uridylyltransferase 7 isoform X6 [Homo sapiens]	TRUE	Tut7
XP_007887630.1	XP_005252264.1	0	N/A	26.374	182	26	5.19e-08	59.3	terminal uridylyltransferase 7 isoform X6 [Homo sapiens]	TRUE	Tut7
XP_007887630.1	XP_005252265.1	0	N/A	26.374	182	26	5.21e-08	59.3	terminal uridylyltransferase 7 isoform X7 [Homo sapiens]	TRUE	Tut7
XP_007887630.1	XP_016870620.1	0	N/A	26.374	182	26	5.33e-08	59.3	terminal uridylyltransferase 7 isoform X4 [Homo sapiens]	TRUE	Tut7
XP_007887630.1	XP_016870619.1	0	N/A	26.374	182	26	5.33e-08	59.3	terminal uridylyltransferase 7 isoform X4 [Homo sapiens]	TRUE	Tut7
XP_007887630.1	NP_078893.2	0	N/A	26.374	182	26	5.33e-08	59.3	terminal uridylyltransferase 7 isoform 1 [Homo sapiens]	TRUE	Tut7
XP_007887630.1	NP_001171988.1	0	N/A	26.374	182	26	5.33e-08	59.3	terminal uridylyltransferase 7 isoform 1 [Homo sapiens]	TRUE	Tut7
XP_007887630.1	XP_011517318.1	0	N/A	26.374	182	26	5.42e-08	59.3	terminal uridylyltransferase 7 isoform X5 [Homo sapiens]	TRUE	Tut7
XP_007887630.1	XP_011517317.1	0	N/A	26.374	182	26	5.59e-08	59.3	terminal uridylyltransferase 7 isoform X3 [Homo sapiens]	TRUE	Tut7
XP_007887630.1	XP_011517316.1	0	N/A	26.374	182	26	5.8e-08	58.9	terminal uridylyltransferase 7 isoform X1 [Homo sapiens]	TRUE	Tut7
XP_007887630.1	XP_011517315.1	0	N/A	26.374	182	26	5.8e-08	58.9	terminal uridylyltransferase 7 isoform X1 [Homo sapiens]	TRUE	Tut7
XP_007887630.1	XP_011517314.1	0	N/A	26.374	182	26	5.8e-08	58.9	terminal uridylyltransferase 7 isoform X1 [Homo sapiens]	TRUE	Tut7
XP_007887630.1	XP_011517313.1	0	N/A	26.374	182	26	5.8e-08	58.9	terminal uridylyltransferase 7 isoform X1 [Homo sapiens]	TRUE	Tut7
XP_007887630.1	NP_001375061.1	0	N/A	22.549	306	39	9.47e-08	57.8	poly(A) RNA polymerase GLD2 isoform 12 [Homo sapiens]	TRUE	TENT2
XP_007887630.1	NP_001336477.1	0	N/A	24.878	205	25	1.07e-07	56.2	poly(A) RNA polymerase GLD2 isoform 4 [Homo sapiens]	TRUE	TENT2
XP_007887630.1	XP_047272820.1	0	N/A	24.878	205	25	1.38e-07	55.8	poly(A) RNA polymerase GLD2 isoform X11 [Homo sapiens]	TRUE	TENT2
XP_007887630.1	NP_001375065.1	0	N/A	22.549	306	39	1.66e-07	56.6	poly(A) RNA polymerase GLD2 isoform 14 [Homo sapiens]	TRUE	TENT2
XP_007887630.1	XP_047272808.1	0	N/A	22.078	308	39	3.76e-07	55.8	poly(A) RNA polymerase GLD2 isoform X3 [Homo sapiens]	TRUE	TENT2
XP_007887630.1	XP_047272807.1	0	N/A	22.078	308	39	3.76e-07	55.8	poly(A) RNA polymerase GLD2 isoform X3 [Homo sapiens]	TRUE	TENT2
XP_007887630.1	XP_047272806.1	0	N/A	22.078	308	39	3.76e-07	55.8	poly(A) RNA polymerase GLD2 isoform X3 [Homo sapiens]	TRUE	TENT2
XP_007887630.1	NP_776158.2	0	N/A	22.078	308	39	3.76e-07	55.8	poly(A) RNA polymerase GLD2 isoform 1 [Homo sapiens]	TRUE	TENT2
XP_007887630.1	NP_001375041.1	0	N/A	22.078	308	39	3.76e-07	55.8	poly(A) RNA polymerase GLD2 isoform 1 [Homo sapiens]	TRUE	TENT2
XP_007887630.1	NP_001375040.1	0	N/A	22.078	308	39	3.76e-07	55.8	poly(A) RNA polymerase GLD2 isoform 1 [Homo sapiens]	TRUE	TENT2
XP_007887630.1	NP_001375039.1	0	N/A	22.078	308	39	3.76e-07	55.8	poly(A) RNA polymerase GLD2 isoform 1 [Homo sapiens]	TRUE	TENT2
XP_007887630.1	NP_001375038.1	0	N/A	22.078	308	39	3.76e-07	55.8	poly(A) RNA polymerase GLD2 isoform 1 [Homo sapiens]	TRUE	TENT2
XP_007887630.1	NP_001375037.1	0	N/A	22.078	308	39	3.76e-07	55.8	poly(A) RNA polymerase GLD2 isoform 1 [Homo sapiens]	TRUE	TENT2
XP_007887630.1	NP_001375036.1	0	N/A	22.078	308	39	3.76e-07	55.8	poly(A) RNA polymerase GLD2 isoform 1 [Homo sapiens]	TRUE	TENT2
XP_007887630.1	NP_001375035.1	0	N/A	22.078	308	39	3.76e-07	55.8	poly(A) RNA polymerase GLD2 isoform 1 [Homo sapiens]	TRUE	TENT2
XP_007887630.1	NP_001375034.1	0	N/A	22.078	308	39	3.76e-07	55.8	poly(A) RNA polymerase GLD2 isoform 1 [Homo sapiens]	TRUE	TENT2
XP_007887630.1	NP_001375032.1	0	N/A	22.078	308	39	3.76e-07	55.8	poly(A) RNA polymerase GLD2 isoform 1 [Homo sapiens]	TRUE	TENT2
XP_007887630.1	NP_001375031.1	0	N/A	22.078	308	39	3.76e-07	55.8	poly(A) RNA polymerase GLD2 isoform 1 [Homo sapiens]	TRUE	TENT2
XP_007887630.1	NP_001336482.1	0	N/A	22.078	308	39	3.76e-07	55.8	poly(A) RNA polymerase GLD2 isoform 1 [Homo sapiens]	TRUE	TENT2
XP_007887630.1	NP_001336481.1	0	N/A	22.078	308	39	3.76e-07	55.8	poly(A) RNA polymerase GLD2 isoform 1 [Homo sapiens]	TRUE	TENT2
XP_007887630.1	NP_001107866.1	0	N/A	22.078	308	39	3.76e-07	55.8	poly(A) RNA polymerase GLD2 isoform 1 [Homo sapiens]	TRUE	TENT2
XP_007887630.1	NP_001107865.1	0	N/A	22.078	308	39	3.76e-07	55.8	poly(A) RNA polymerase GLD2 isoform 1 [Homo sapiens]	TRUE	TENT2
XP_007887630.1	NP_001375042.1	0	N/A	22.078	308	39	4.27e-07	55.8	poly(A) RNA polymerase GLD2 isoform 16 [Homo sapiens]	TRUE	TENT2
XP_007887630.1	XP_047272805.1	0	N/A	24.878	205	25	4.99e-07	55.5	poly(A) RNA polymerase GLD2 isoform X2 [Homo sapiens]	TRUE	TENT2
XP_007887630.1	XP_047272804.1	0	N/A	24.878	205	25	4.99e-07	55.5	poly(A) RNA polymerase GLD2 isoform X2 [Homo sapiens]	TRUE	TENT2
XP_007887630.1	XP_047272803.1	0	N/A	24.878	205	25	4.99e-07	55.5	poly(A) RNA polymerase GLD2 isoform X2 [Homo sapiens]	TRUE	TENT2
XP_007887630.1	XP_047272802.1	0	N/A	24.878	205	25	4.99e-07	55.5	poly(A) RNA polymerase GLD2 isoform X2 [Homo sapiens]	TRUE	TENT2
XP_007887630.1	XP_016864641.1	0	N/A	24.878	205	25	4.99e-07	55.5	poly(A) RNA polymerase GLD2 isoform X2 [Homo sapiens]	TRUE	TENT2
XP_007887630.1	NP_001375026.1	0	N/A	24.878	205	25	4.99e-07	55.5	poly(A) RNA polymerase GLD2 isoform 6 [Homo sapiens]	TRUE	TENT2
XP_007887630.1	NP_001375025.1	0	N/A	24.878	205	25	4.99e-07	55.5	poly(A) RNA polymerase GLD2 isoform 6 [Homo sapiens]	TRUE	TENT2
XP_007887630.1	NP_001375024.1	0	N/A	24.878	205	25	4.99e-07	55.5	poly(A) RNA polymerase GLD2 isoform 6 [Homo sapiens]	TRUE	TENT2
XP_007887630.1	NP_001336480.1	0	N/A	24.878	205	25	4.99e-07	55.5	poly(A) RNA polymerase GLD2 isoform 6 [Homo sapiens]	TRUE	TENT2
XP_007887630.1	NP_001375027.1	0	N/A	24.878	205	25	5.16e-07	55.5	poly(A) RNA polymerase GLD2 isoform 7 [Homo sapiens]	TRUE	TENT2
XP_007887630.1	NP_001375030.1	0	N/A	24.878	205	25	5.7e-07	55.5	poly(A) RNA polymerase GLD2 isoform 9 [Homo sapiens]	TRUE	TENT2
XP_007887630.1	XP_047272801.1	0	N/A	24.878	205	25	5.97e-07	55.1	poly(A) RNA polymerase GLD2 isoform X1 [Homo sapiens]	TRUE	TENT2
XP_007887630.1	XP_047272800.1	0	N/A	24.878	205	25	5.97e-07	55.1	poly(A) RNA polymerase GLD2 isoform X1 [Homo sapiens]	TRUE	TENT2
XP_007887630.1	XP_011541527.1	0	N/A	24.878	205	25	5.97e-07	55.1	poly(A) RNA polymerase GLD2 isoform X1 [Homo sapiens]	TRUE	TENT2
XP_007887630.1	XP_011541526.1	0	N/A	24.878	205	25	5.97e-07	55.1	poly(A) RNA polymerase GLD2 isoform X1 [Homo sapiens]	TRUE	TENT2
XP_007887630.1	XP_011541523.1	0	N/A	24.878	205	25	5.97e-07	55.1	poly(A) RNA polymerase GLD2 isoform X1 [Homo sapiens]	TRUE	TENT2
XP_007887630.1	XP_011541522.1	0	N/A	24.878	205	25	5.97e-07	55.1	poly(A) RNA polymerase GLD2 isoform X1 [Homo sapiens]	TRUE	TENT2
XP_007887630.1	NP_001375023.1	0	N/A	24.878	205	25	5.97e-07	55.1	poly(A) RNA polymerase GLD2 isoform 5 [Homo sapiens]	TRUE	TENT2
XP_007887630.1	NP_001375022.1	0	N/A	24.878	205	25	5.97e-07	55.1	poly(A) RNA polymerase GLD2 isoform 5 [Homo sapiens]	TRUE	TENT2
XP_007887630.1	NP_001336479.1	0	N/A	24.878	205	25	5.97e-07	55.1	poly(A) RNA polymerase GLD2 isoform 5 [Homo sapiens]	TRUE	TENT2
XP_007890275.1	XP_047272811.1	0	N/A	60.123	489	99	0	552	poly(A) RNA polymerase GLD2 isoform X4 [Homo sapiens]	TRUE	TENT2
XP_007890275.1	XP_047272810.1	0	N/A	60.123	489	99	0	552	poly(A) RNA polymerase GLD2 isoform X4 [Homo sapiens]	TRUE	TENT2
XP_007890275.1	XP_047272809.1	0	N/A	60.123	489	99	0	552	poly(A) RNA polymerase GLD2 isoform X4 [Homo sapiens]	TRUE	TENT2
XP_007890275.1	NP_001375058.1	0	N/A	60.123	489	99	0	552	poly(A) RNA polymerase GLD2 isoform 2 [Homo sapiens]	TRUE	TENT2
XP_007890275.1	NP_001375057.1	0	N/A	60.123	489	99	0	552	poly(A) RNA polymerase GLD2 isoform 2 [Homo sapiens]	TRUE	TENT2
XP_007890275.1	NP_001375056.1	0	N/A	60.123	489	99	0	552	poly(A) RNA polymerase GLD2 isoform 2 [Homo sapiens]	TRUE	TENT2
XP_007890275.1	NP_001375055.1	0	N/A	60.123	489	99	0	552	poly(A) RNA polymerase GLD2 isoform 2 [Homo sapiens]	TRUE	TENT2
XP_007890275.1	NP_001375054.1	0	N/A	60.123	489	99	0	552	poly(A) RNA polymerase GLD2 isoform 2 [Homo sapiens]	TRUE	TENT2
XP_007890275.1	NP_001375053.1	0	N/A	60.123	489	99	0	552	poly(A) RNA polymerase GLD2 isoform 2 [Homo sapiens]	TRUE	TENT2
XP_007890275.1	NP_001375052.1	0	N/A	60.123	489	99	0	552	poly(A) RNA polymerase GLD2 isoform 2 [Homo sapiens]	TRUE	TENT2
XP_007890275.1	NP_001375051.1	0	N/A	60.123	489	99	0	552	poly(A) RNA polymerase GLD2 isoform 2 [Homo sapiens]	TRUE	TENT2
XP_007890275.1	NP_001375050.1	0	N/A	60.123	489	99	0	552	poly(A) RNA polymerase GLD2 isoform 2 [Homo sapiens]	TRUE	TENT2
XP_007890275.1	NP_001375049.1	0	N/A	60.123	489	99	0	552	poly(A) RNA polymerase GLD2 isoform 2 [Homo sapiens]	TRUE	TENT2
XP_007890275.1	NP_001375048.1	0	N/A	60.123	489	99	0	552	poly(A) RNA polymerase GLD2 isoform 2 [Homo sapiens]	TRUE	TENT2
XP_007890275.1	NP_001375047.1	0	N/A	60.123	489	99	0	552	poly(A) RNA polymerase GLD2 isoform 2 [Homo sapiens]	TRUE	TENT2
XP_007890275.1	NP_001375046.1	0	N/A	60.123	489	99	0	552	poly(A) RNA polymerase GLD2 isoform 2 [Homo sapiens]	TRUE	TENT2
XP_007890275.1	NP_001375045.1	0	N/A	60.123	489	99	0	552	poly(A) RNA polymerase GLD2 isoform 2 [Homo sapiens]	TRUE	TENT2
XP_007890275.1	NP_001375044.1	0	N/A	60.123	489	99	0	552	poly(A) RNA polymerase GLD2 isoform 2 [Homo sapiens]	TRUE	TENT2
XP_007890275.1	NP_001375043.1	0	N/A	60.123	489	99	0	552	poly(A) RNA polymerase GLD2 isoform 2 [Homo sapiens]	TRUE	TENT2
XP_007890275.1	NP_001336483.1	0	N/A	60.123	489	99	0	552	poly(A) RNA polymerase GLD2 isoform 2 [Homo sapiens]	TRUE	TENT2
XP_007890275.1	NP_001284673.1	0	N/A	60.123	489	99	0	552	poly(A) RNA polymerase GLD2 isoform 2 [Homo sapiens]	TRUE	TENT2
XP_007890275.1	XP_047272808.1	0	N/A	59.838	493	99	0	549	poly(A) RNA polymerase GLD2 isoform X3 [Homo sapiens]	TRUE	TENT2
XP_007890275.1	XP_047272807.1	0	N/A	59.838	493	99	0	549	poly(A) RNA polymerase GLD2 isoform X3 [Homo sapiens]	TRUE	TENT2
XP_007890275.1	XP_047272806.1	0	N/A	59.838	493	99	0	549	poly(A) RNA polymerase GLD2 isoform X3 [Homo sapiens]	TRUE	TENT2
XP_007890275.1	NP_776158.2	0	N/A	59.838	493	99	0	549	poly(A) RNA polymerase GLD2 isoform 1 [Homo sapiens]	TRUE	TENT2
XP_007890275.1	NP_001375041.1	0	N/A	59.838	493	99	0	549	poly(A) RNA polymerase GLD2 isoform 1 [Homo sapiens]	TRUE	TENT2
XP_007890275.1	NP_001375040.1	0	N/A	59.838	493	99	0	549	poly(A) RNA polymerase GLD2 isoform 1 [Homo sapiens]	TRUE	TENT2
XP_007890275.1	NP_001375039.1	0	N/A	59.838	493	99	0	549	poly(A) RNA polymerase GLD2 isoform 1 [Homo sapiens]	TRUE	TENT2
XP_007890275.1	NP_001375038.1	0	N/A	59.838	493	99	0	549	poly(A) RNA polymerase GLD2 isoform 1 [Homo sapiens]	TRUE	TENT2
XP_007890275.1	NP_001375037.1	0	N/A	59.838	493	99	0	549	poly(A) RNA polymerase GLD2 isoform 1 [Homo sapiens]	TRUE	TENT2
XP_007890275.1	NP_001375036.1	0	N/A	59.838	493	99	0	549	poly(A) RNA polymerase GLD2 isoform 1 [Homo sapiens]	TRUE	TENT2
XP_007890275.1	NP_001375035.1	0	N/A	59.838	493	99	0	549	poly(A) RNA polymerase GLD2 isoform 1 [Homo sapiens]	TRUE	TENT2
XP_007890275.1	NP_001375034.1	0	N/A	59.838	493	99	0	549	poly(A) RNA polymerase GLD2 isoform 1 [Homo sapiens]	TRUE	TENT2
XP_007890275.1	NP_001375032.1	0	N/A	59.838	493	99	0	549	poly(A) RNA polymerase GLD2 isoform 1 [Homo sapiens]	TRUE	TENT2
XP_007890275.1	NP_001375031.1	0	N/A	59.838	493	99	0	549	poly(A) RNA polymerase GLD2 isoform 1 [Homo sapiens]	TRUE	TENT2
XP_007890275.1	NP_001336482.1	0	N/A	59.838	493	99	0	549	poly(A) RNA polymerase GLD2 isoform 1 [Homo sapiens]	TRUE	TENT2
XP_007890275.1	NP_001336481.1	0	N/A	59.838	493	99	0	549	poly(A) RNA polymerase GLD2 isoform 1 [Homo sapiens]	TRUE	TENT2
XP_007890275.1	NP_001107866.1	0	N/A	59.838	493	99	0	549	poly(A) RNA polymerase GLD2 isoform 1 [Homo sapiens]	TRUE	TENT2
XP_007890275.1	NP_001107865.1	0	N/A	59.838	493	99	0	549	poly(A) RNA polymerase GLD2 isoform 1 [Homo sapiens]	TRUE	TENT2
XP_007890275.1	NP_001375059.1	0	N/A	59.918	489	99	0	546	poly(A) RNA polymerase GLD2 isoform 10 [Homo sapiens]	TRUE	TENT2
XP_007890275.1	NP_001375030.1	0	N/A	58.717	499	99	0	543	poly(A) RNA polymerase GLD2 isoform 9 [Homo sapiens]	TRUE	TENT2
XP_007890275.1	XP_047272805.1	0	N/A	57.004	514	99	0	542	poly(A) RNA polymerase GLD2 isoform X2 [Homo sapiens]	TRUE	TENT2
XP_007890275.1	XP_047272804.1	0	N/A	57.004	514	99	0	542	poly(A) RNA polymerase GLD2 isoform X2 [Homo sapiens]	TRUE	TENT2
XP_007890275.1	XP_047272803.1	0	N/A	57.004	514	99	0	542	poly(A) RNA polymerase GLD2 isoform X2 [Homo sapiens]	TRUE	TENT2
XP_007890275.1	XP_047272802.1	0	N/A	57.004	514	99	0	542	poly(A) RNA polymerase GLD2 isoform X2 [Homo sapiens]	TRUE	TENT2
XP_007890275.1	XP_016864641.1	0	N/A	57.004	514	99	0	542	poly(A) RNA polymerase GLD2 isoform X2 [Homo sapiens]	TRUE	TENT2
XP_007890275.1	NP_001375042.1	0	N/A	59.635	493	99	0	542	poly(A) RNA polymerase GLD2 isoform 16 [Homo sapiens]	TRUE	TENT2
XP_007890275.1	NP_001375026.1	0	N/A	57.004	514	99	0	542	poly(A) RNA polymerase GLD2 isoform 6 [Homo sapiens]	TRUE	TENT2
XP_007890275.1	NP_001375025.1	0	N/A	57.004	514	99	0	542	poly(A) RNA polymerase GLD2 isoform 6 [Homo sapiens]	TRUE	TENT2
XP_007890275.1	NP_001375024.1	0	N/A	57.004	514	99	0	542	poly(A) RNA polymerase GLD2 isoform 6 [Homo sapiens]	TRUE	TENT2
XP_007890275.1	NP_001336480.1	0	N/A	57.004	514	99	0	542	poly(A) RNA polymerase GLD2 isoform 6 [Homo sapiens]	TRUE	TENT2
XP_007890275.1	NP_001375029.1	0	N/A	58.449	503	99	0	540	poly(A) RNA polymerase GLD2 isoform 8 [Homo sapiens]	TRUE	TENT2
XP_007890275.1	NP_001375028.1	0	N/A	58.449	503	99	0	540	poly(A) RNA polymerase GLD2 isoform 8 [Homo sapiens]	TRUE	TENT2
XP_007890275.1	XP_047272801.1	0	N/A	56.757	518	99	0	539	poly(A) RNA polymerase GLD2 isoform X1 [Homo sapiens]	TRUE	TENT2
XP_007890275.1	XP_047272800.1	0	N/A	56.757	518	99	0	539	poly(A) RNA polymerase GLD2 isoform X1 [Homo sapiens]	TRUE	TENT2
XP_007890275.1	XP_011541527.1	0	N/A	56.757	518	99	0	539	poly(A) RNA polymerase GLD2 isoform X1 [Homo sapiens]	TRUE	TENT2
XP_007890275.1	XP_011541526.1	0	N/A	56.757	518	99	0	539	poly(A) RNA polymerase GLD2 isoform X1 [Homo sapiens]	TRUE	TENT2
XP_007890275.1	XP_011541523.1	0	N/A	56.757	518	99	0	539	poly(A) RNA polymerase GLD2 isoform X1 [Homo sapiens]	TRUE	TENT2
XP_007890275.1	XP_011541522.1	0	N/A	56.757	518	99	0	539	poly(A) RNA polymerase GLD2 isoform X1 [Homo sapiens]	TRUE	TENT2
XP_007890275.1	NP_001375023.1	0	N/A	56.757	518	99	0	539	poly(A) RNA polymerase GLD2 isoform 5 [Homo sapiens]	TRUE	TENT2
XP_007890275.1	NP_001375022.1	0	N/A	56.757	518	99	0	539	poly(A) RNA polymerase GLD2 isoform 5 [Homo sapiens]	TRUE	TENT2
XP_007890275.1	NP_001336479.1	0	N/A	56.757	518	99	0	539	poly(A) RNA polymerase GLD2 isoform 5 [Homo sapiens]	TRUE	TENT2
XP_007890275.1	NP_001336478.1	0	N/A	56.757	518	99	0	539	poly(A) RNA polymerase GLD2 isoform 5 [Homo sapiens]	TRUE	TENT2
XP_007890275.1	NP_001375027.1	0	N/A	56.809	514	99	0	535	poly(A) RNA polymerase GLD2 isoform 7 [Homo sapiens]	TRUE	TENT2
XP_007890275.1	NP_001375061.1	0	N/A	58.487	489	99	0	530	poly(A) RNA polymerase GLD2 isoform 12 [Homo sapiens]	TRUE	TENT2
XP_007890275.1	NP_001375060.1	0	N/A	59.916	479	99	0	527	poly(A) RNA polymerase GLD2 isoform 11 [Homo sapiens]	TRUE	TENT2
XP_007890275.1	NP_001375065.1	0	N/A	74.164	329	71	1.58e-176	500	poly(A) RNA polymerase GLD2 isoform 14 [Homo sapiens]	TRUE	TENT2
XP_007890275.1	XP_047272815.1	0	N/A	52.147	489	99	5.37e-156	451	poly(A) RNA polymerase GLD2 isoform X7 [Homo sapiens]	TRUE	TENT2
XP_007890275.1	NP_001375064.1	0	N/A	52.147	489	99	5.37e-156	451	poly(A) RNA polymerase GLD2 isoform 13 [Homo sapiens]	TRUE	TENT2
XP_007890275.1	NP_001375063.1	0	N/A	52.147	489	99	5.37e-156	451	poly(A) RNA polymerase GLD2 isoform 13 [Homo sapiens]	TRUE	TENT2
XP_007890275.1	XP_047272814.1	0	N/A	51.927	493	99	1.07e-154	448	poly(A) RNA polymerase GLD2 isoform X6 [Homo sapiens]	TRUE	TENT2
XP_007890275.1	XP_047272813.1	0	N/A	51.927	493	99	1.07e-154	448	poly(A) RNA polymerase GLD2 isoform X6 [Homo sapiens]	TRUE	TENT2
XP_007890275.1	XP_047272812.1	0	N/A	51.927	493	99	1.07e-154	448	poly(A) RNA polymerase GLD2 isoform X6 [Homo sapiens]	TRUE	TENT2
XP_007890275.1	NP_001375062.1	0	N/A	51.927	493	99	1.07e-154	448	poly(A) RNA polymerase GLD2 isoform 3 [Homo sapiens]	TRUE	TENT2
XP_007890275.1	NP_001284674.1	0	N/A	51.927	493	99	1.07e-154	448	poly(A) RNA polymerase GLD2 isoform 3 [Homo sapiens]	TRUE	TENT2
XP_007890275.1	XP_011541531.1	0	N/A	49.228	518	99	5.64e-150	437	poly(A) RNA polymerase GLD2 isoform X5 [Homo sapiens]	TRUE	TENT2
XP_007890275.1	NP_001336477.1	0	N/A	74.031	258	56	1.14e-135	393	poly(A) RNA polymerase GLD2 isoform 4 [Homo sapiens]	TRUE	TENT2
XP_007890275.1	XP_047272820.1	0	N/A	75.966	233	51	1.96e-128	374	poly(A) RNA polymerase GLD2 isoform X11 [Homo sapiens]	TRUE	TENT2
XP_007890275.1	XP_047272818.1	0	N/A	56.98	351	69	2.81e-115	344	poly(A) RNA polymerase GLD2 isoform X10 [Homo sapiens]	TRUE	TENT2
XP_007890275.1	NP_001375066.1	0	N/A	62.909	275	60	4.13e-113	336	poly(A) RNA polymerase GLD2 isoform 15 [Homo sapiens]	TRUE	TENT2
XP_007890275.1	XP_047272817.1	0	N/A	53.226	372	69	4.51e-112	337	poly(A) RNA polymerase GLD2 isoform X9 [Homo sapiens]	TRUE	TENT2
XP_007890275.1	XP_047272816.1	0	N/A	52.926	376	69	1.26e-110	333	poly(A) RNA polymerase GLD2 isoform X8 [Homo sapiens]	TRUE	TENT2
XP_007890275.1	XP_047272305.1	0	N/A	36.299	281	58	6.48e-41	159	terminal uridylyltransferase 4 isoform X17 [Homo sapiens]	TRUE	Tut4
XP_007890275.1	XP_047272290.1	0	N/A	36.299	281	58	6.92e-41	159	terminal uridylyltransferase 4 isoform X11 [Homo sapiens]	TRUE	Tut4
XP_007890275.1	XP_047272350.1	0	N/A	36.299	281	58	7.28e-41	159	terminal uridylyltransferase 4 isoform X34 [Homo sapiens]	TRUE	Tut4
XP_007890275.1	XP_047272286.1	0	N/A	36.299	281	58	7.68e-41	158	terminal uridylyltransferase 4 isoform X8 [Homo sapiens]	TRUE	Tut4
XP_007890275.1	XP_047272296.1	0	N/A	36.299	281	58	7.74e-41	158	terminal uridylyltransferase 4 isoform X13 [Homo sapiens]	TRUE	Tut4
XP_007890275.1	XP_047272295.1	0	N/A	36.299	281	58	7.96e-41	158	terminal uridylyltransferase 4 isoform X12 [Homo sapiens]	TRUE	Tut4
XP_007890275.1	XP_047272344.1	0	N/A	36.299	281	58	8.09e-41	158	terminal uridylyltransferase 4 isoform X30 [Homo sapiens]	TRUE	Tut4
XP_007890275.1	XP_047272372.1	0	N/A	36.299	281	58	8.55e-41	158	terminal uridylyltransferase 4 isoform X42 [Homo sapiens]	TRUE	Tut4
XP_007890275.1	XP_047272384.1	0	N/A	36.014	286	59	4.66e-40	155	terminal uridylyltransferase 4 isoform X46 [Homo sapiens]	TRUE	Tut4
XP_007890275.1	XP_016856297.1	0	N/A	36.014	286	59	8.78e-40	155	terminal uridylyltransferase 4 isoform X36 [Homo sapiens]	TRUE	Tut4
XP_007890275.1	XP_016856295.1	0	N/A	36.014	286	59	9.02e-40	155	terminal uridylyltransferase 4 isoform X25 [Homo sapiens]	TRUE	Tut4
XP_007890275.1	XP_011539401.1	0	N/A	36.014	286	59	9.06e-40	155	terminal uridylyltransferase 4 isoform X29 [Homo sapiens]	TRUE	Tut4
XP_007890275.1	XP_047272325.1	0	N/A	36.014	286	59	9.19e-40	155	terminal uridylyltransferase 4 isoform X23 [Homo sapiens]	TRUE	Tut4
XP_007890275.1	XP_047272283.1	0	N/A	36.014	286	59	9.3e-40	155	terminal uridylyltransferase 4 isoform X6 [Homo sapiens]	TRUE	Tut4
XP_007890275.1	XP_005270737.1	0	N/A	36.014	286	59	9.3e-40	155	terminal uridylyltransferase 4 isoform X6 [Homo sapiens]	TRUE	Tut4
XP_007890275.1	XP_016856296.1	0	N/A	36.014	286	59	9.44e-40	155	terminal uridylyltransferase 4 isoform X28 [Homo sapiens]	TRUE	Tut4
XP_007890275.1	XP_047272280.1	0	N/A	36.014	286	59	9.48e-40	155	terminal uridylyltransferase 4 isoform X3 [Homo sapiens]	TRUE	Tut4
XP_007890275.1	XP_005270736.1	0	N/A	36.014	286	59	9.48e-40	155	terminal uridylyltransferase 4 isoform X3 [Homo sapiens]	TRUE	Tut4
XP_007906237.2	XP_047279823.1	0	N/A	50.427	1640	99	0	1400	terminal uridylyltransferase 7 isoform X2 [Homo sapiens]	TRUE	Tut7
XP_007906237.2	XP_006717346.1	0	N/A	50.427	1640	99	0	1400	terminal uridylyltransferase 7 isoform X2 [Homo sapiens]	TRUE	Tut7
XP_007906237.2	XP_011517317.1	0	N/A	50.434	1614	98	0	1384	terminal uridylyltransferase 7 isoform X3 [Homo sapiens]	TRUE	Tut7
XP_007906237.2	XP_011517316.1	0	N/A	50.434	1612	98	0	1383	terminal uridylyltransferase 7 isoform X1 [Homo sapiens]	TRUE	Tut7
XP_007906237.2	XP_011517315.1	0	N/A	50.434	1612	98	0	1383	terminal uridylyltransferase 7 isoform X1 [Homo sapiens]	TRUE	Tut7
XP_007906237.2	XP_011517314.1	0	N/A	50.434	1612	98	0	1383	terminal uridylyltransferase 7 isoform X1 [Homo sapiens]	TRUE	Tut7
XP_007906237.2	XP_011517313.1	0	N/A	50.434	1612	98	0	1383	terminal uridylyltransferase 7 isoform X1 [Homo sapiens]	TRUE	Tut7
XP_007906237.2	XP_047279825.1	0	N/A	51.276	1568	96	0	1379	terminal uridylyltransferase 7 isoform X6 [Homo sapiens]	TRUE	Tut7
XP_007906237.2	XP_047279824.1	0	N/A	51.276	1568	96	0	1379	terminal uridylyltransferase 7 isoform X6 [Homo sapiens]	TRUE	Tut7
XP_007906237.2	XP_005252264.1	0	N/A	51.276	1568	96	0	1379	terminal uridylyltransferase 7 isoform X6 [Homo sapiens]	TRUE	Tut7
XP_007906237.2	XP_011517318.1	0	N/A	51.244	1567	95	0	1377	terminal uridylyltransferase 7 isoform X5 [Homo sapiens]	TRUE	Tut7
XP_007906237.2	XP_016870620.1	0	N/A	51.152	1562	95	0	1370	terminal uridylyltransferase 7 isoform X4 [Homo sapiens]	TRUE	Tut7
XP_007906237.2	XP_016870619.1	0	N/A	51.152	1562	95	0	1370	terminal uridylyltransferase 7 isoform X4 [Homo sapiens]	TRUE	Tut7
XP_007906237.2	NP_078893.2	0	N/A	51.152	1562	95	0	1370	terminal uridylyltransferase 7 isoform 1 [Homo sapiens]	TRUE	Tut7
XP_007906237.2	NP_001171988.1	0	N/A	51.152	1562	95	0	1370	terminal uridylyltransferase 7 isoform 1 [Homo sapiens]	TRUE	Tut7
XP_007906237.2	XP_005252265.1	0	N/A	52.464	1441	88	0	1333	terminal uridylyltransferase 7 isoform X7 [Homo sapiens]	TRUE	Tut7
XP_007906237.2	NP_001317647.1	0	N/A	54.897	776	48	0	759	terminal uridylyltransferase 7 isoform 3 [Homo sapiens]	TRUE	Tut7
XP_007906237.2	XP_047279826.1	0	N/A	44.007	1118	67	0	754	terminal uridylyltransferase 7 isoform X8 [Homo sapiens]	TRUE	Tut7
XP_007906237.2	XP_016856299.1	0	N/A	70.755	424	27	0	644	terminal uridylyltransferase 4 isoform X40 [Homo sapiens]	TRUE	Tut4
XP_007906237.2	XP_016856292.1	0	N/A	70.755	424	27	0	644	terminal uridylyltransferase 4 isoform X9 [Homo sapiens]	TRUE	Tut4
XP_007906237.2	XP_047272285.1	0	N/A	70.755	424	27	0	644	terminal uridylyltransferase 4 isoform X7 [Homo sapiens]	TRUE	Tut4
XP_007906237.2	XP_016856293.1	0	N/A	70.755	424	27	0	644	terminal uridylyltransferase 4 isoform X16 [Homo sapiens]	TRUE	Tut4
XP_007906237.2	XP_047272365.1	0	N/A	70.755	424	27	0	644	terminal uridylyltransferase 4 isoform X38 [Homo sapiens]	TRUE	Tut4
XP_007906237.2	XP_047272288.1	0	N/A	70.755	424	27	0	644	terminal uridylyltransferase 4 isoform X10 [Homo sapiens]	TRUE	Tut4
XP_007906237.2	XP_047272280.1	0	N/A	70.755	424	27	0	644	terminal uridylyltransferase 4 isoform X3 [Homo sapiens]	TRUE	Tut4
XP_007906237.2	XP_016856297.1	0	N/A	70.755	424	27	0	644	terminal uridylyltransferase 4 isoform X36 [Homo sapiens]	TRUE	Tut4
XP_007906237.2	XP_005270739.1	0	N/A	70.755	424	27	0	644	terminal uridylyltransferase 4 isoform X33 [Homo sapiens]	TRUE	Tut4
XP_007906237.2	XP_005270736.1	0	N/A	70.755	424	27	0	644	terminal uridylyltransferase 4 isoform X3 [Homo sapiens]	TRUE	Tut4
XP_007906237.2	XP_047272283.1	0	N/A	70.755	424	27	0	643	terminal uridylyltransferase 4 isoform X6 [Homo sapiens]	TRUE	Tut4
XP_007906237.2	XP_011539401.1	0	N/A	70.755	424	27	0	643	terminal uridylyltransferase 4 isoform X29 [Homo sapiens]	TRUE	Tut4
XP_007906237.2	XP_005270737.1	0	N/A	70.755	424	27	0	643	terminal uridylyltransferase 4 isoform X6 [Homo sapiens]	TRUE	Tut4
XP_007906237.2	XP_047272282.1	0	N/A	70.755	424	27	0	643	terminal uridylyltransferase 4 isoform X5 [Homo sapiens]	TRUE	Tut4
XP_007906237.2	XP_047272281.1	0	N/A	70.755	424	27	0	643	terminal uridylyltransferase 4 isoform X4 [Homo sapiens]	TRUE	Tut4
XP_007906237.2	XP_011539399.1	0	N/A	70.755	424	27	0	643	terminal uridylyltransferase 4 isoform X1 [Homo sapiens]	TRUE	Tut4
XP_007906237.2	XP_005270735.1	0	N/A	70.755	424	27	0	643	terminal uridylyltransferase 4 isoform X2 [Homo sapiens]	TRUE	Tut4
XP_007906237.2	XP_005270733.1	0	N/A	70.755	424	27	0	643	terminal uridylyltransferase 4 isoform X1 [Homo sapiens]	TRUE	Tut4
XP_007906237.2	NP_056084.1	0	N/A	70.755	424	27	0	643	terminal uridylyltransferase 4 isoform b [Homo sapiens]	TRUE	Tut4
XP_007906237.2	NP_001009881.1	0	N/A	70.755	424	27	0	643	terminal uridylyltransferase 4 isoform a [Homo sapiens]	TRUE	Tut4
XP_007906237.2	XP_047272345.1	0	N/A	70.755	424	27	0	642	terminal uridylyltransferase 4 isoform X31 [Homo sapiens]	TRUE	Tut4
XP_007906237.2	XP_016856296.1	0	N/A	62.103	504	31	0	642	terminal uridylyltransferase 4 isoform X28 [Homo sapiens]	TRUE	Tut4
XP_007906237.2	XP_016856295.1	0	N/A	70.755	424	27	0	642	terminal uridylyltransferase 4 isoform X25 [Homo sapiens]	TRUE	Tut4
XP_007906237.2	XP_047272337.1	0	N/A	62.103	504	31	0	642	terminal uridylyltransferase 4 isoform X27 [Homo sapiens]	TRUE	Tut4
XP_007906237.2	XP_047272325.1	0	N/A	70.755	424	27	0	642	terminal uridylyltransferase 4 isoform X23 [Homo sapiens]	TRUE	Tut4
XP_007906237.2	XP_047272384.1	0	N/A	62.103	504	31	0	636	terminal uridylyltransferase 4 isoform X46 [Homo sapiens]	TRUE	Tut4
XP_007906237.2	XP_047272372.1	0	N/A	67.689	424	27	0	607	terminal uridylyltransferase 4 isoform X42 [Homo sapiens]	TRUE	Tut4
XP_007906237.2	XP_047272305.1	0	N/A	67.689	424	27	0	607	terminal uridylyltransferase 4 isoform X17 [Homo sapiens]	TRUE	Tut4
XP_007906237.2	XP_047272290.1	0	N/A	67.689	424	27	0	607	terminal uridylyltransferase 4 isoform X11 [Homo sapiens]	TRUE	Tut4
XP_007906237.2	XP_047272286.1	0	N/A	67.689	424	27	0	607	terminal uridylyltransferase 4 isoform X8 [Homo sapiens]	TRUE	Tut4
XP_007906237.2	XP_047272296.1	0	N/A	67.689	424	27	0	607	terminal uridylyltransferase 4 isoform X13 [Homo sapiens]	TRUE	Tut4
XP_007906237.2	XP_047272295.1	0	N/A	67.689	424	27	0	607	terminal uridylyltransferase 4 isoform X12 [Homo sapiens]	TRUE	Tut4
XP_007906237.2	XP_047272344.1	0	N/A	67.689	424	27	0	607	terminal uridylyltransferase 4 isoform X30 [Homo sapiens]	TRUE	Tut4
XP_007906237.2	XP_047272350.1	0	N/A	59.524	504	31	0	606	terminal uridylyltransferase 4 isoform X34 [Homo sapiens]	TRUE	Tut4
XP_007906237.2	NP_001172003.1	0	N/A	68.345	417	26	6.25e-179	573	terminal uridylyltransferase 7 isoform 2 [Homo sapiens]	TRUE	Tut7
XP_007906237.2	XP_047272377.1	0	N/A	62.5	424	27	3.51e-169	552	terminal uridylyltransferase 4 isoform X44 [Homo sapiens]	TRUE	Tut4
XP_007906237.2	XP_047272373.1	0	N/A	62.5	424	27	4.2e-169	552	terminal uridylyltransferase 4 isoform X43 [Homo sapiens]	TRUE	Tut4
XP_007906237.2	XP_047272369.1	0	N/A	62.5	424	27	6.98e-169	552	terminal uridylyltransferase 4 isoform X41 [Homo sapiens]	TRUE	Tut4
XP_007906237.2	XP_047272336.1	0	N/A	62.5	424	27	9.4e-169	553	terminal uridylyltransferase 4 isoform X26 [Homo sapiens]	TRUE	Tut4
XP_007906237.2	XP_047272320.1	0	N/A	62.5	424	27	1.19e-168	553	terminal uridylyltransferase 4 isoform X22 [Homo sapiens]	TRUE	Tut4
XP_007906237.2	XP_047272311.1	0	N/A	62.5	424	27	1.34e-168	553	terminal uridylyltransferase 4 isoform X21 [Homo sapiens]	TRUE	Tut4
XP_007906237.2	XP_047272327.1	0	N/A	62.5	424	27	1.42e-168	553	terminal uridylyltransferase 4 isoform X24 [Homo sapiens]	TRUE	Tut4
XP_007906237.2	XP_047272354.1	0	N/A	55.159	504	31	1.8e-168	551	terminal uridylyltransferase 4 isoform X35 [Homo sapiens]	TRUE	Tut4
XP_007906237.2	XP_047272367.1	0	N/A	62.5	424	27	2.02e-168	551	terminal uridylyltransferase 4 isoform X39 [Homo sapiens]	TRUE	Tut4
XP_007906237.2	XP_047272362.1	0	N/A	62.5	424	27	2.06e-168	551	terminal uridylyltransferase 4 isoform X37 [Homo sapiens]	TRUE	Tut4
XP_007906237.2	XP_047272348.1	0	N/A	62.5	424	27	2.74e-168	551	terminal uridylyltransferase 4 isoform X32 [Homo sapiens]	TRUE	Tut4
XP_007906237.2	XP_047272306.1	0	N/A	62.5	424	27	3.68e-168	552	terminal uridylyltransferase 4 isoform X18 [Homo sapiens]	TRUE	Tut4
XP_007906237.2	XP_016856294.1	0	N/A	62.5	424	27	5.01e-168	551	terminal uridylyltransferase 4 isoform X20 [Homo sapiens]	TRUE	Tut4
XP_007906237.2	XP_047272307.1	0	N/A	62.5	424	27	5.56e-168	551	terminal uridylyltransferase 4 isoform X19 [Homo sapiens]	TRUE	Tut4
XP_007906237.2	XP_047272303.1	0	N/A	62.5	424	27	5.82e-168	551	terminal uridylyltransferase 4 isoform X15 [Homo sapiens]	TRUE	Tut4
XP_007906237.2	XP_005270738.1	0	N/A	62.5	424	27	6.05e-168	551	terminal uridylyltransferase 4 isoform X14 [Homo sapiens]	TRUE	Tut4
XP_007906237.2	XP_016856307.1	0	N/A	52.206	272	17	5.96e-80	288	terminal uridylyltransferase 4 isoform X45 [Homo sapiens]	TRUE	Tut4
XP_007906237.2	NP_001375065.1	0	N/A	34.783	253	16	2.51e-32	132	poly(A) RNA polymerase GLD2 isoform 14 [Homo sapiens]	TRUE	TENT2
XP_007906237.2	NP_001375060.1	0	N/A	34.783	253	16	3.88e-32	134	poly(A) RNA polymerase GLD2 isoform 11 [Homo sapiens]	TRUE	TENT2
XP_007906237.2	NP_001375061.1	0	N/A	34.783	253	16	4.68e-32	134	poly(A) RNA polymerase GLD2 isoform 12 [Homo sapiens]	TRUE	TENT2
XP_007906237.2	XP_047272808.1	0	N/A	34.118	255	16	6.84e-32	134	poly(A) RNA polymerase GLD2 isoform X3 [Homo sapiens]	TRUE	TENT2
XP_007906237.2	XP_047272807.1	0	N/A	34.118	255	16	6.84e-32	134	poly(A) RNA polymerase GLD2 isoform X3 [Homo sapiens]	TRUE	TENT2
XP_007906237.2	XP_047272806.1	0	N/A	34.118	255	16	6.84e-32	134	poly(A) RNA polymerase GLD2 isoform X3 [Homo sapiens]	TRUE	TENT2
XP_007906237.2	NP_776158.2	0	N/A	34.118	255	16	6.84e-32	134	poly(A) RNA polymerase GLD2 isoform 1 [Homo sapiens]	TRUE	TENT2
XP_007906237.2	NP_001375041.1	0	N/A	34.118	255	16	6.84e-32	134	poly(A) RNA polymerase GLD2 isoform 1 [Homo sapiens]	TRUE	TENT2
XP_007906237.2	NP_001375040.1	0	N/A	34.118	255	16	6.84e-32	134	poly(A) RNA polymerase GLD2 isoform 1 [Homo sapiens]	TRUE	TENT2
XP_007906237.2	NP_001375039.1	0	N/A	34.118	255	16	6.84e-32	134	poly(A) RNA polymerase GLD2 isoform 1 [Homo sapiens]	TRUE	TENT2
XP_007906237.2	NP_001375038.1	0	N/A	34.118	255	16	6.84e-32	134	poly(A) RNA polymerase GLD2 isoform 1 [Homo sapiens]	TRUE	TENT2
XP_007906237.2	NP_001375037.1	0	N/A	34.118	255	16	6.84e-32	134	poly(A) RNA polymerase GLD2 isoform 1 [Homo sapiens]	TRUE	TENT2
XP_007906237.2	NP_001375036.1	0	N/A	34.118	255	16	6.84e-32	134	poly(A) RNA polymerase GLD2 isoform 1 [Homo sapiens]	TRUE	TENT2
XP_007906237.2	NP_001375035.1	0	N/A	34.118	255	16	6.84e-32	134	poly(A) RNA polymerase GLD2 isoform 1 [Homo sapiens]	TRUE	TENT2
XP_007906237.2	NP_001375034.1	0	N/A	34.118	255	16	6.84e-32	134	poly(A) RNA polymerase GLD2 isoform 1 [Homo sapiens]	TRUE	TENT2
XP_007906237.2	NP_001375032.1	0	N/A	34.118	255	16	6.84e-32	134	poly(A) RNA polymerase GLD2 isoform 1 [Homo sapiens]	TRUE	TENT2
XP_007906237.2	NP_001375031.1	0	N/A	34.118	255	16	6.84e-32	134	poly(A) RNA polymerase GLD2 isoform 1 [Homo sapiens]	TRUE	TENT2
XP_007906237.2	NP_001336482.1	0	N/A	34.118	255	16	6.84e-32	134	poly(A) RNA polymerase GLD2 isoform 1 [Homo sapiens]	TRUE	TENT2
XP_007906237.2	NP_001336481.1	0	N/A	34.118	255	16	6.84e-32	134	poly(A) RNA polymerase GLD2 isoform 1 [Homo sapiens]	TRUE	TENT2
XP_007906237.2	NP_001107866.1	0	N/A	34.118	255	16	6.84e-32	134	poly(A) RNA polymerase GLD2 isoform 1 [Homo sapiens]	TRUE	TENT2
XP_007906237.2	NP_001107865.1	0	N/A	34.118	255	16	6.84e-32	134	poly(A) RNA polymerase GLD2 isoform 1 [Homo sapiens]	TRUE	TENT2
XP_007906237.2	NP_001375042.1	0	N/A	34.118	255	16	6.94e-32	134	poly(A) RNA polymerase GLD2 isoform 16 [Homo sapiens]	TRUE	TENT2
XP_007906237.2	XP_047272811.1	0	N/A	34.783	253	16	8.44e-32	134	poly(A) RNA polymerase GLD2 isoform X4 [Homo sapiens]	TRUE	TENT2
XP_007906237.2	XP_047272810.1	0	N/A	34.783	253	16	8.44e-32	134	poly(A) RNA polymerase GLD2 isoform X4 [Homo sapiens]	TRUE	TENT2
XP_007906237.2	XP_047272809.1	0	N/A	34.783	253	16	8.44e-32	134	poly(A) RNA polymerase GLD2 isoform X4 [Homo sapiens]	TRUE	TENT2
XP_007906237.2	NP_001375058.1	0	N/A	34.783	253	16	8.44e-32	134	poly(A) RNA polymerase GLD2 isoform 2 [Homo sapiens]	TRUE	TENT2
XP_007906237.2	NP_001375057.1	0	N/A	34.783	253	16	8.44e-32	134	poly(A) RNA polymerase GLD2 isoform 2 [Homo sapiens]	TRUE	TENT2
XP_007906237.2	NP_001375056.1	0	N/A	34.783	253	16	8.44e-32	134	poly(A) RNA polymerase GLD2 isoform 2 [Homo sapiens]	TRUE	TENT2
XP_007906237.2	NP_001375055.1	0	N/A	34.783	253	16	8.44e-32	134	poly(A) RNA polymerase GLD2 isoform 2 [Homo sapiens]	TRUE	TENT2
XP_007906237.2	NP_001375054.1	0	N/A	34.783	253	16	8.44e-32	134	poly(A) RNA polymerase GLD2 isoform 2 [Homo sapiens]	TRUE	TENT2
XP_009014086.1	NP_001317647.1	0	N/A	40.293	273	80	3.29e-48	175	terminal uridylyltransferase 7 isoform 3 [Homo sapiens]	TRUE	Tut7
XP_009014086.1	XP_005252265.1	0	N/A	40.293	273	80	4.22e-48	176	terminal uridylyltransferase 7 isoform X7 [Homo sapiens]	TRUE	Tut7
XP_009014086.1	XP_011517317.1	0	N/A	40.293	273	80	4.75e-48	176	terminal uridylyltransferase 7 isoform X3 [Homo sapiens]	TRUE	Tut7
XP_009014086.1	XP_047279825.1	0	N/A	40.293	273	80	5.24e-48	175	terminal uridylyltransferase 7 isoform X6 [Homo sapiens]	TRUE	Tut7
XP_009014086.1	XP_047279824.1	0	N/A	40.293	273	80	5.24e-48	175	terminal uridylyltransferase 7 isoform X6 [Homo sapiens]	TRUE	Tut7
XP_009014086.1	XP_005252264.1	0	N/A	40.293	273	80	5.24e-48	175	terminal uridylyltransferase 7 isoform X6 [Homo sapiens]	TRUE	Tut7
XP_009014086.1	XP_047279823.1	0	N/A	40.293	273	80	5.39e-48	175	terminal uridylyltransferase 7 isoform X2 [Homo sapiens]	TRUE	Tut7
XP_009014086.1	XP_006717346.1	0	N/A	40.293	273	80	5.39e-48	175	terminal uridylyltransferase 7 isoform X2 [Homo sapiens]	TRUE	Tut7
XP_009014086.1	XP_011517316.1	0	N/A	40.293	273	80	5.5e-48	175	terminal uridylyltransferase 7 isoform X1 [Homo sapiens]	TRUE	Tut7
XP_009014086.1	XP_011517315.1	0	N/A	40.293	273	80	5.5e-48	175	terminal uridylyltransferase 7 isoform X1 [Homo sapiens]	TRUE	Tut7
XP_009014086.1	XP_011517314.1	0	N/A	40.293	273	80	5.5e-48	175	terminal uridylyltransferase 7 isoform X1 [Homo sapiens]	TRUE	Tut7
XP_009014086.1	XP_011517313.1	0	N/A	40.293	273	80	5.5e-48	175	terminal uridylyltransferase 7 isoform X1 [Homo sapiens]	TRUE	Tut7
XP_009014086.1	XP_011517318.1	0	N/A	40.293	273	80	5.89e-48	175	terminal uridylyltransferase 7 isoform X5 [Homo sapiens]	TRUE	Tut7
XP_009014086.1	XP_016870620.1	0	N/A	40.293	273	80	7e-48	175	terminal uridylyltransferase 7 isoform X4 [Homo sapiens]	TRUE	Tut7
XP_009014086.1	XP_016870619.1	0	N/A	40.293	273	80	7e-48	175	terminal uridylyltransferase 7 isoform X4 [Homo sapiens]	TRUE	Tut7
XP_009014086.1	NP_078893.2	0	N/A	40.293	273	80	7e-48	175	terminal uridylyltransferase 7 isoform 1 [Homo sapiens]	TRUE	Tut7
XP_009014086.1	NP_001171988.1	0	N/A	40.293	273	80	7e-48	175	terminal uridylyltransferase 7 isoform 1 [Homo sapiens]	TRUE	Tut7
XP_009014086.1	XP_016856297.1	0	N/A	35.69	297	87	1.68e-46	171	terminal uridylyltransferase 4 isoform X36 [Homo sapiens]	TRUE	Tut4
XP_009014086.1	XP_005270739.1	0	N/A	35.69	297	87	1.72e-46	171	terminal uridylyltransferase 4 isoform X33 [Homo sapiens]	TRUE	Tut4
XP_009014086.1	XP_047272325.1	0	N/A	35.69	297	87	1.76e-46	171	terminal uridylyltransferase 4 isoform X23 [Homo sapiens]	TRUE	Tut4
XP_009014086.1	XP_011539401.1	0	N/A	35.69	297	87	1.89e-46	171	terminal uridylyltransferase 4 isoform X29 [Homo sapiens]	TRUE	Tut4
XP_009014086.1	XP_005270735.1	0	N/A	35.69	297	87	1.89e-46	171	terminal uridylyltransferase 4 isoform X2 [Homo sapiens]	TRUE	Tut4
XP_009014086.1	XP_011539399.1	0	N/A	35.69	297	87	1.99e-46	171	terminal uridylyltransferase 4 isoform X1 [Homo sapiens]	TRUE	Tut4
XP_009014086.1	XP_005270733.1	0	N/A	35.69	297	87	1.99e-46	171	terminal uridylyltransferase 4 isoform X1 [Homo sapiens]	TRUE	Tut4
XP_009014086.1	XP_047272285.1	0	N/A	36.027	297	87	2.04e-46	171	terminal uridylyltransferase 4 isoform X7 [Homo sapiens]	TRUE	Tut4
XP_009014086.1	XP_016856295.1	0	N/A	35.69	297	87	2.07e-46	171	terminal uridylyltransferase 4 isoform X25 [Homo sapiens]	TRUE	Tut4
XP_009014086.1	XP_047272345.1	0	N/A	35.69	297	87	2.12e-46	171	terminal uridylyltransferase 4 isoform X31 [Homo sapiens]	TRUE	Tut4
XP_009014086.1	XP_047272280.1	0	N/A	35.69	297	87	2.21e-46	171	terminal uridylyltransferase 4 isoform X3 [Homo sapiens]	TRUE	Tut4
XP_009014086.1	XP_005270736.1	0	N/A	35.69	297	87	2.21e-46	171	terminal uridylyltransferase 4 isoform X3 [Homo sapiens]	TRUE	Tut4
XP_009014086.1	XP_047272365.1	0	N/A	35.69	297	87	2.24e-46	171	terminal uridylyltransferase 4 isoform X38 [Homo sapiens]	TRUE	Tut4
XP_009014086.1	XP_047272283.1	0	N/A	35.69	297	87	2.38e-46	171	terminal uridylyltransferase 4 isoform X6 [Homo sapiens]	TRUE	Tut4
XP_009014086.1	XP_005270737.1	0	N/A	35.69	297	87	2.38e-46	171	terminal uridylyltransferase 4 isoform X6 [Homo sapiens]	TRUE	Tut4
XP_009014086.1	XP_016856293.1	0	N/A	35.69	297	87	2.4e-46	171	terminal uridylyltransferase 4 isoform X16 [Homo sapiens]	TRUE	Tut4
XP_009014086.1	XP_047272384.1	0	N/A	35.69	297	87	2.44e-46	170	terminal uridylyltransferase 4 isoform X46 [Homo sapiens]	TRUE	Tut4
XP_009014086.1	XP_047272337.1	0	N/A	35.69	297	87	2.45e-46	171	terminal uridylyltransferase 4 isoform X27 [Homo sapiens]	TRUE	Tut4
XP_009014086.1	XP_016856299.1	0	N/A	35.69	297	87	2.46e-46	171	terminal uridylyltransferase 4 isoform X40 [Homo sapiens]	TRUE	Tut4
XP_009014086.1	XP_016856296.1	0	N/A	35.69	297	87	2.52e-46	171	terminal uridylyltransferase 4 isoform X28 [Homo sapiens]	TRUE	Tut4
XP_009014086.1	XP_016856292.1	0	N/A	36.027	297	87	2.56e-46	171	terminal uridylyltransferase 4 isoform X9 [Homo sapiens]	TRUE	Tut4
XP_009014086.1	XP_047272288.1	0	N/A	35.69	297	87	2.66e-46	171	terminal uridylyltransferase 4 isoform X10 [Homo sapiens]	TRUE	Tut4
XP_009014086.1	XP_047272282.1	0	N/A	35.69	297	87	2.75e-46	171	terminal uridylyltransferase 4 isoform X5 [Homo sapiens]	TRUE	Tut4
XP_009014086.1	NP_056084.1	0	N/A	35.69	297	87	2.75e-46	171	terminal uridylyltransferase 4 isoform b [Homo sapiens]	TRUE	Tut4
XP_009014086.1	XP_047272281.1	0	N/A	35.69	297	87	2.77e-46	170	terminal uridylyltransferase 4 isoform X4 [Homo sapiens]	TRUE	Tut4
XP_009014086.1	NP_001009881.1	0	N/A	35.69	297	87	2.77e-46	170	terminal uridylyltransferase 4 isoform a [Homo sapiens]	TRUE	Tut4
XP_009014086.1	XP_047272344.1	0	N/A	35.517	290	85	8.88e-45	166	terminal uridylyltransferase 4 isoform X30 [Homo sapiens]	TRUE	Tut4
XP_009014086.1	XP_047272372.1	0	N/A	35.517	290	85	9.26e-45	166	terminal uridylyltransferase 4 isoform X42 [Homo sapiens]	TRUE	Tut4
XP_009014086.1	XP_047272286.1	0	N/A	35.517	290	85	9.58e-45	166	terminal uridylyltransferase 4 isoform X8 [Homo sapiens]	TRUE	Tut4
XP_009014086.1	XP_047272305.1	0	N/A	35.517	290	85	9.75e-45	166	terminal uridylyltransferase 4 isoform X17 [Homo sapiens]	TRUE	Tut4
XP_009014086.1	XP_047272350.1	0	N/A	35.517	290	85	9.95e-45	166	terminal uridylyltransferase 4 isoform X34 [Homo sapiens]	TRUE	Tut4
XP_009014086.1	XP_047272296.1	0	N/A	35.517	290	85	1.1e-44	166	terminal uridylyltransferase 4 isoform X13 [Homo sapiens]	TRUE	Tut4
XP_009014086.1	XP_047272290.1	0	N/A	35.517	290	85	1.1e-44	166	terminal uridylyltransferase 4 isoform X11 [Homo sapiens]	TRUE	Tut4
XP_009014086.1	XP_047272295.1	0	N/A	35.517	290	85	1.14e-44	166	terminal uridylyltransferase 4 isoform X12 [Homo sapiens]	TRUE	Tut4
XP_009014086.1	NP_001172003.1	0	N/A	39.648	227	67	8.76e-41	154	terminal uridylyltransferase 7 isoform 2 [Homo sapiens]	TRUE	Tut7
XP_009014086.1	XP_047272348.1	0	N/A	30.375	293	87	1.08e-30	125	terminal uridylyltransferase 4 isoform X32 [Homo sapiens]	TRUE	Tut4
XP_009014086.1	XP_047272369.1	0	N/A	30.375	293	87	1.14e-30	125	terminal uridylyltransferase 4 isoform X41 [Homo sapiens]	TRUE	Tut4
XP_009014086.1	XP_047272367.1	0	N/A	30.375	293	87	1.25e-30	125	terminal uridylyltransferase 4 isoform X39 [Homo sapiens]	TRUE	Tut4
XP_009014086.1	XP_005270738.1	0	N/A	30.375	293	87	1.28e-30	125	terminal uridylyltransferase 4 isoform X14 [Homo sapiens]	TRUE	Tut4
XP_009014086.1	XP_047272303.1	0	N/A	30.375	293	87	1.38e-30	125	terminal uridylyltransferase 4 isoform X15 [Homo sapiens]	TRUE	Tut4
XP_009014086.1	XP_047272311.1	0	N/A	30.375	293	87	1.39e-30	125	terminal uridylyltransferase 4 isoform X21 [Homo sapiens]	TRUE	Tut4
XP_009014086.1	XP_047272354.1	0	N/A	30.375	293	87	1.41e-30	125	terminal uridylyltransferase 4 isoform X35 [Homo sapiens]	TRUE	Tut4
XP_009014086.1	XP_047272377.1	0	N/A	30.375	293	87	1.54e-30	124	terminal uridylyltransferase 4 isoform X44 [Homo sapiens]	TRUE	Tut4
XP_009014086.1	XP_047272306.1	0	N/A	30.375	293	87	1.55e-30	124	terminal uridylyltransferase 4 isoform X18 [Homo sapiens]	TRUE	Tut4
XP_009014086.1	XP_047272362.1	0	N/A	30.375	293	87	1.55e-30	124	terminal uridylyltransferase 4 isoform X37 [Homo sapiens]	TRUE	Tut4
XP_009014086.1	XP_016856294.1	0	N/A	30.375	293	87	1.59e-30	124	terminal uridylyltransferase 4 isoform X20 [Homo sapiens]	TRUE	Tut4
XP_009014086.1	XP_047272320.1	0	N/A	30.375	293	87	1.8e-30	124	terminal uridylyltransferase 4 isoform X22 [Homo sapiens]	TRUE	Tut4
XP_009014086.1	XP_047272336.1	0	N/A	30.717	293	87	1.83e-30	124	terminal uridylyltransferase 4 isoform X26 [Homo sapiens]	TRUE	Tut4
XP_009014086.1	XP_047272327.1	0	N/A	30.375	293	87	1.87e-30	124	terminal uridylyltransferase 4 isoform X24 [Homo sapiens]	TRUE	Tut4
XP_009014086.1	XP_047272373.1	0	N/A	30.375	293	87	1.88e-30	124	terminal uridylyltransferase 4 isoform X43 [Homo sapiens]	TRUE	Tut4
XP_009014086.1	XP_047272307.1	0	N/A	30.375	293	87	1.89e-30	124	terminal uridylyltransferase 4 isoform X19 [Homo sapiens]	TRUE	Tut4
XP_009014086.1	NP_001375030.1	0	N/A	26.332	319	89	1.25e-26	112	poly(A) RNA polymerase GLD2 isoform 9 [Homo sapiens]	TRUE	TENT2
XP_009014086.1	NP_001375029.1	0	N/A	26.984	315	89	1.91e-26	111	poly(A) RNA polymerase GLD2 isoform 8 [Homo sapiens]	TRUE	TENT2
XP_009014086.1	NP_001375028.1	0	N/A	26.984	315	89	1.91e-26	111	poly(A) RNA polymerase GLD2 isoform 8 [Homo sapiens]	TRUE	TENT2
XP_009014086.1	NP_001375065.1	0	N/A	26.688	311	89	2.94e-26	109	poly(A) RNA polymerase GLD2 isoform 14 [Homo sapiens]	TRUE	TENT2
XP_009014086.1	NP_001375061.1	0	N/A	26.688	311	89	8.3e-26	109	poly(A) RNA polymerase GLD2 isoform 12 [Homo sapiens]	TRUE	TENT2
XP_009014086.1	NP_001375059.1	0	N/A	26.688	311	89	1.05e-25	109	poly(A) RNA polymerase GLD2 isoform 10 [Homo sapiens]	TRUE	TENT2
XP_009014086.1	XP_047272811.1	0	N/A	26.688	311	89	1.15e-25	109	poly(A) RNA polymerase GLD2 isoform X4 [Homo sapiens]	TRUE	TENT2
XP_009014086.1	XP_047272810.1	0	N/A	26.688	311	89	1.15e-25	109	poly(A) RNA polymerase GLD2 isoform X4 [Homo sapiens]	TRUE	TENT2
XP_009014086.1	XP_047272809.1	0	N/A	26.688	311	89	1.15e-25	109	poly(A) RNA polymerase GLD2 isoform X4 [Homo sapiens]	TRUE	TENT2
XP_009014086.1	NP_001375058.1	0	N/A	26.688	311	89	1.15e-25	109	poly(A) RNA polymerase GLD2 isoform 2 [Homo sapiens]	TRUE	TENT2
XP_009014086.1	NP_001375057.1	0	N/A	26.688	311	89	1.15e-25	109	poly(A) RNA polymerase GLD2 isoform 2 [Homo sapiens]	TRUE	TENT2
XP_009014086.1	NP_001375056.1	0	N/A	26.688	311	89	1.15e-25	109	poly(A) RNA polymerase GLD2 isoform 2 [Homo sapiens]	TRUE	TENT2
XP_009014086.1	NP_001375055.1	0	N/A	26.688	311	89	1.15e-25	109	poly(A) RNA polymerase GLD2 isoform 2 [Homo sapiens]	TRUE	TENT2
XP_009014086.1	NP_001375054.1	0	N/A	26.688	311	89	1.15e-25	109	poly(A) RNA polymerase GLD2 isoform 2 [Homo sapiens]	TRUE	TENT2
XP_009014086.1	NP_001375053.1	0	N/A	26.688	311	89	1.15e-25	109	poly(A) RNA polymerase GLD2 isoform 2 [Homo sapiens]	TRUE	TENT2
XP_009014086.1	NP_001375052.1	0	N/A	26.688	311	89	1.15e-25	109	poly(A) RNA polymerase GLD2 isoform 2 [Homo sapiens]	TRUE	TENT2
XP_009014086.1	NP_001375051.1	0	N/A	26.688	311	89	1.15e-25	109	poly(A) RNA polymerase GLD2 isoform 2 [Homo sapiens]	TRUE	TENT2
XP_009014086.1	NP_001375050.1	0	N/A	26.688	311	89	1.15e-25	109	poly(A) RNA polymerase GLD2 isoform 2 [Homo sapiens]	TRUE	TENT2
XP_009014086.1	NP_001375049.1	0	N/A	26.688	311	89	1.15e-25	109	poly(A) RNA polymerase GLD2 isoform 2 [Homo sapiens]	TRUE	TENT2
XP_009014086.1	NP_001375048.1	0	N/A	26.688	311	89	1.15e-25	109	poly(A) RNA polymerase GLD2 isoform 2 [Homo sapiens]	TRUE	TENT2
XP_009014086.1	NP_001375047.1	0	N/A	26.688	311	89	1.15e-25	109	poly(A) RNA polymerase GLD2 isoform 2 [Homo sapiens]	TRUE	TENT2
XP_009014086.1	NP_001375046.1	0	N/A	26.688	311	89	1.15e-25	109	poly(A) RNA polymerase GLD2 isoform 2 [Homo sapiens]	TRUE	TENT2
XP_009014086.1	NP_001375045.1	0	N/A	26.688	311	89	1.15e-25	109	poly(A) RNA polymerase GLD2 isoform 2 [Homo sapiens]	TRUE	TENT2
XP_009014086.1	NP_001375044.1	0	N/A	26.688	311	89	1.15e-25	109	poly(A) RNA polymerase GLD2 isoform 2 [Homo sapiens]	TRUE	TENT2
XP_009014086.1	NP_001375043.1	0	N/A	26.688	311	89	1.15e-25	109	poly(A) RNA polymerase GLD2 isoform 2 [Homo sapiens]	TRUE	TENT2
XP_009014086.1	NP_001336483.1	0	N/A	26.688	311	89	1.15e-25	109	poly(A) RNA polymerase GLD2 isoform 2 [Homo sapiens]	TRUE	TENT2
XP_009014086.1	NP_001284673.1	0	N/A	26.688	311	89	1.15e-25	109	poly(A) RNA polymerase GLD2 isoform 2 [Homo sapiens]	TRUE	TENT2
XP_009014086.1	NP_001375060.1	0	N/A	27.362	307	89	1.24e-25	108	poly(A) RNA polymerase GLD2 isoform 11 [Homo sapiens]	TRUE	TENT2
XP_009014086.1	NP_001375042.1	0	N/A	27.362	307	89	1.87e-25	108	poly(A) RNA polymerase GLD2 isoform 16 [Homo sapiens]	TRUE	TENT2
XP_009014086.1	XP_047272808.1	0	N/A	27.362	307	89	2.05e-25	108	poly(A) RNA polymerase GLD2 isoform X3 [Homo sapiens]	TRUE	TENT2
XP_009014086.1	XP_047272807.1	0	N/A	27.362	307	89	2.05e-25	108	poly(A) RNA polymerase GLD2 isoform X3 [Homo sapiens]	TRUE	TENT2
XP_009014086.1	XP_047272806.1	0	N/A	27.362	307	89	2.05e-25	108	poly(A) RNA polymerase GLD2 isoform X3 [Homo sapiens]	TRUE	TENT2
XP_009017211.1	XP_047272622.1	0	N/A	48.667	300	100	2.3e-83	262	terminal nucleotidyltransferase 4A isoform X1 [Homo sapiens]	TRUE	TENT4A
XP_009017211.1	XP_047272621.1	0	N/A	48.667	300	100	2.3e-83	262	terminal nucleotidyltransferase 4A isoform X1 [Homo sapiens]	TRUE	TENT4A
XP_009017211.1	XP_047272620.1	0	N/A	48.667	300	100	2.3e-83	262	terminal nucleotidyltransferase 4A isoform X1 [Homo sapiens]	TRUE	TENT4A
XP_009017211.1	NP_001165276.2	0	N/A	48.667	300	100	7.45e-81	261	terminal nucleotidyltransferase 4A isoform 2 [Homo sapiens]	TRUE	TENT4A
XP_009017211.1	NP_008930.2	0	N/A	48.667	300	100	7.58e-81	261	terminal nucleotidyltransferase 4A isoform 1 [Homo sapiens]	TRUE	TENT4A
XP_009017211.1	XP_047272623.1	0	N/A	48.11	291	97	1.4e-79	252	terminal nucleotidyltransferase 4A isoform X2 [Homo sapiens]	TRUE	TENT4A
XP_009017211.1	XP_016864477.1	0	N/A	48.11	291	97	1.4e-79	252	terminal nucleotidyltransferase 4A isoform X2 [Homo sapiens]	TRUE	TENT4A
XP_009017211.1	XP_047272624.1	0	N/A	48.11	291	97	1.52e-79	252	terminal nucleotidyltransferase 4A isoform X3 [Homo sapiens]	TRUE	TENT4A
XP_009017211.1	XP_047290433.1	0	N/A	46.823	299	100	6.01e-78	246	terminal nucleotidyltransferase 4B isoform X6 [Homo sapiens]	TRUE	TENT4B
XP_009017211.1	XP_011521580.1	0	N/A	46.823	299	100	3.34e-77	246	terminal nucleotidyltransferase 4B isoform X5 [Homo sapiens]	TRUE	TENT4B
XP_009017211.1	XP_047290432.1	0	N/A	46.823	299	100	3.4e-76	246	terminal nucleotidyltransferase 4B isoform X4 [Homo sapiens]	TRUE	TENT4B
XP_009017211.1	XP_047290431.1	0	N/A	46.823	299	100	3.58e-76	246	terminal nucleotidyltransferase 4B isoform X3 [Homo sapiens]	TRUE	TENT4B
XP_009017211.1	NP_001035375.2	0	N/A	46.823	299	100	3.85e-76	246	terminal nucleotidyltransferase 4B isoform b [Homo sapiens]	TRUE	TENT4B
XP_009017211.1	XP_011521578.1	0	N/A	46.823	299	100	3.93e-76	246	terminal nucleotidyltransferase 4B isoform X2 [Homo sapiens]	TRUE	TENT4B
XP_009017211.1	NP_001352252.1	0	N/A	46.823	299	100	1.17e-75	246	terminal nucleotidyltransferase 4B isoform c [Homo sapiens]	TRUE	TENT4B
XP_009017211.1	NP_001035374.2	0	N/A	46.823	299	100	1.23e-75	246	terminal nucleotidyltransferase 4B isoform a [Homo sapiens]	TRUE	TENT4B
XP_009017211.1	XP_011521577.1	0	N/A	46.823	299	100	1.25e-75	246	terminal nucleotidyltransferase 4B isoform X1 [Homo sapiens]	TRUE	TENT4B
XP_009017211.1	NP_001352253.1	0	N/A	46.823	299	100	1.37e-75	246	terminal nucleotidyltransferase 4B isoform d [Homo sapiens]	TRUE	TENT4B
XP_009017211.1	NP_001375065.1	0	N/A	24.809	262	74	2.54e-11	65.9	poly(A) RNA polymerase GLD2 isoform 14 [Homo sapiens]	TRUE	TENT2
XP_009017211.1	NP_001375061.1	0	N/A	24.809	262	74	3.19e-11	65.9	poly(A) RNA polymerase GLD2 isoform 12 [Homo sapiens]	TRUE	TENT2
XP_009017211.1	NP_001375059.1	0	N/A	24.809	262	74	3.24e-11	65.9	poly(A) RNA polymerase GLD2 isoform 10 [Homo sapiens]	TRUE	TENT2
XP_009017211.1	XP_047272811.1	0	N/A	24.809	262	74	3.24e-11	65.9	poly(A) RNA polymerase GLD2 isoform X4 [Homo sapiens]	TRUE	TENT2
XP_009017211.1	XP_047272810.1	0	N/A	24.809	262	74	3.24e-11	65.9	poly(A) RNA polymerase GLD2 isoform X4 [Homo sapiens]	TRUE	TENT2
XP_009017211.1	XP_047272809.1	0	N/A	24.809	262	74	3.24e-11	65.9	poly(A) RNA polymerase GLD2 isoform X4 [Homo sapiens]	TRUE	TENT2
XP_009017211.1	NP_001375058.1	0	N/A	24.809	262	74	3.24e-11	65.9	poly(A) RNA polymerase GLD2 isoform 2 [Homo sapiens]	TRUE	TENT2
XP_009017211.1	NP_001375057.1	0	N/A	24.809	262	74	3.24e-11	65.9	poly(A) RNA polymerase GLD2 isoform 2 [Homo sapiens]	TRUE	TENT2
XP_009017211.1	NP_001375056.1	0	N/A	24.809	262	74	3.24e-11	65.9	poly(A) RNA polymerase GLD2 isoform 2 [Homo sapiens]	TRUE	TENT2
XP_009017211.1	NP_001375055.1	0	N/A	24.809	262	74	3.24e-11	65.9	poly(A) RNA polymerase GLD2 isoform 2 [Homo sapiens]	TRUE	TENT2
XP_009017211.1	NP_001375054.1	0	N/A	24.809	262	74	3.24e-11	65.9	poly(A) RNA polymerase GLD2 isoform 2 [Homo sapiens]	TRUE	TENT2
XP_009017211.1	NP_001375053.1	0	N/A	24.809	262	74	3.24e-11	65.9	poly(A) RNA polymerase GLD2 isoform 2 [Homo sapiens]	TRUE	TENT2
XP_009017211.1	NP_001375052.1	0	N/A	24.809	262	74	3.24e-11	65.9	poly(A) RNA polymerase GLD2 isoform 2 [Homo sapiens]	TRUE	TENT2
XP_009017211.1	NP_001375051.1	0	N/A	24.809	262	74	3.24e-11	65.9	poly(A) RNA polymerase GLD2 isoform 2 [Homo sapiens]	TRUE	TENT2
XP_009017211.1	NP_001375050.1	0	N/A	24.809	262	74	3.24e-11	65.9	poly(A) RNA polymerase GLD2 isoform 2 [Homo sapiens]	TRUE	TENT2
XP_009017211.1	NP_001375049.1	0	N/A	24.809	262	74	3.24e-11	65.9	poly(A) RNA polymerase GLD2 isoform 2 [Homo sapiens]	TRUE	TENT2
XP_009017211.1	NP_001375048.1	0	N/A	24.809	262	74	3.24e-11	65.9	poly(A) RNA polymerase GLD2 isoform 2 [Homo sapiens]	TRUE	TENT2
XP_009017211.1	NP_001375047.1	0	N/A	24.809	262	74	3.24e-11	65.9	poly(A) RNA polymerase GLD2 isoform 2 [Homo sapiens]	TRUE	TENT2
XP_009017211.1	NP_001375046.1	0	N/A	24.809	262	74	3.24e-11	65.9	poly(A) RNA polymerase GLD2 isoform 2 [Homo sapiens]	TRUE	TENT2
XP_009017211.1	NP_001375045.1	0	N/A	24.809	262	74	3.24e-11	65.9	poly(A) RNA polymerase GLD2 isoform 2 [Homo sapiens]	TRUE	TENT2
XP_009017211.1	NP_001375044.1	0	N/A	24.809	262	74	3.24e-11	65.9	poly(A) RNA polymerase GLD2 isoform 2 [Homo sapiens]	TRUE	TENT2
XP_009017211.1	NP_001375043.1	0	N/A	24.809	262	74	3.24e-11	65.9	poly(A) RNA polymerase GLD2 isoform 2 [Homo sapiens]	TRUE	TENT2
XP_009017211.1	NP_001336483.1	0	N/A	24.809	262	74	3.24e-11	65.9	poly(A) RNA polymerase GLD2 isoform 2 [Homo sapiens]	TRUE	TENT2
XP_009017211.1	NP_001284673.1	0	N/A	24.809	262	74	3.24e-11	65.9	poly(A) RNA polymerase GLD2 isoform 2 [Homo sapiens]	TRUE	TENT2
XP_009017211.1	XP_047272808.1	0	N/A	24.436	266	74	1.05e-10	64.3	poly(A) RNA polymerase GLD2 isoform X3 [Homo sapiens]	TRUE	TENT2
XP_009017211.1	XP_047272807.1	0	N/A	24.436	266	74	1.05e-10	64.3	poly(A) RNA polymerase GLD2 isoform X3 [Homo sapiens]	TRUE	TENT2
XP_009017211.1	XP_047272806.1	0	N/A	24.436	266	74	1.05e-10	64.3	poly(A) RNA polymerase GLD2 isoform X3 [Homo sapiens]	TRUE	TENT2
XP_009017211.1	NP_776158.2	0	N/A	24.436	266	74	1.05e-10	64.3	poly(A) RNA polymerase GLD2 isoform 1 [Homo sapiens]	TRUE	TENT2
XP_009017211.1	NP_001375041.1	0	N/A	24.436	266	74	1.05e-10	64.3	poly(A) RNA polymerase GLD2 isoform 1 [Homo sapiens]	TRUE	TENT2
XP_009017211.1	NP_001375040.1	0	N/A	24.436	266	74	1.05e-10	64.3	poly(A) RNA polymerase GLD2 isoform 1 [Homo sapiens]	TRUE	TENT2
XP_009017211.1	NP_001375039.1	0	N/A	24.436	266	74	1.05e-10	64.3	poly(A) RNA polymerase GLD2 isoform 1 [Homo sapiens]	TRUE	TENT2
XP_009017211.1	NP_001375038.1	0	N/A	24.436	266	74	1.05e-10	64.3	poly(A) RNA polymerase GLD2 isoform 1 [Homo sapiens]	TRUE	TENT2
XP_009017211.1	NP_001375037.1	0	N/A	24.436	266	74	1.05e-10	64.3	poly(A) RNA polymerase GLD2 isoform 1 [Homo sapiens]	TRUE	TENT2
XP_009017211.1	NP_001375036.1	0	N/A	24.436	266	74	1.05e-10	64.3	poly(A) RNA polymerase GLD2 isoform 1 [Homo sapiens]	TRUE	TENT2
XP_009017211.1	NP_001375035.1	0	N/A	24.436	266	74	1.05e-10	64.3	poly(A) RNA polymerase GLD2 isoform 1 [Homo sapiens]	TRUE	TENT2
XP_009017211.1	NP_001375034.1	0	N/A	24.436	266	74	1.05e-10	64.3	poly(A) RNA polymerase GLD2 isoform 1 [Homo sapiens]	TRUE	TENT2
XP_009017211.1	NP_001375032.1	0	N/A	24.436	266	74	1.05e-10	64.3	poly(A) RNA polymerase GLD2 isoform 1 [Homo sapiens]	TRUE	TENT2
XP_009017211.1	NP_001375031.1	0	N/A	24.436	266	74	1.05e-10	64.3	poly(A) RNA polymerase GLD2 isoform 1 [Homo sapiens]	TRUE	TENT2
XP_009017211.1	NP_001336482.1	0	N/A	24.436	266	74	1.05e-10	64.3	poly(A) RNA polymerase GLD2 isoform 1 [Homo sapiens]	TRUE	TENT2
XP_009017211.1	NP_001336481.1	0	N/A	24.436	266	74	1.05e-10	64.3	poly(A) RNA polymerase GLD2 isoform 1 [Homo sapiens]	TRUE	TENT2
XP_009017211.1	NP_001107866.1	0	N/A	24.436	266	74	1.05e-10	64.3	poly(A) RNA polymerase GLD2 isoform 1 [Homo sapiens]	TRUE	TENT2
XP_009017211.1	NP_001107865.1	0	N/A	24.436	266	74	1.05e-10	64.3	poly(A) RNA polymerase GLD2 isoform 1 [Homo sapiens]	TRUE	TENT2
XP_009017211.1	NP_001375060.1	0	N/A	24.436	266	74	1.06e-10	64.3	poly(A) RNA polymerase GLD2 isoform 11 [Homo sapiens]	TRUE	TENT2
XP_009017211.1	NP_001375042.1	0	N/A	24.436	266	74	1.12e-10	64.3	poly(A) RNA polymerase GLD2 isoform 16 [Homo sapiens]	TRUE	TENT2
XP_009017211.1	XP_047272820.1	0	N/A	26.425	193	56	8.06e-10	60.5	poly(A) RNA polymerase GLD2 isoform X11 [Homo sapiens]	TRUE	TENT2
XP_009017211.1	NP_001375030.1	0	N/A	23.81	273	76	1.18e-09	61.2	poly(A) RNA polymerase GLD2 isoform 9 [Homo sapiens]	TRUE	TENT2
XP_009017211.1	NP_001336477.1	0	N/A	26.943	193	56	1.23e-09	60.1	poly(A) RNA polymerase GLD2 isoform 4 [Homo sapiens]	TRUE	TENT2
XP_009017211.1	XP_047272805.1	0	N/A	26.425	193	56	3.26e-09	59.7	poly(A) RNA polymerase GLD2 isoform X2 [Homo sapiens]	TRUE	TENT2
XP_009017211.1	XP_047272804.1	0	N/A	26.425	193	56	3.26e-09	59.7	poly(A) RNA polymerase GLD2 isoform X2 [Homo sapiens]	TRUE	TENT2
XP_009017211.1	XP_047272803.1	0	N/A	26.425	193	56	3.26e-09	59.7	poly(A) RNA polymerase GLD2 isoform X2 [Homo sapiens]	TRUE	TENT2
XP_009017211.1	XP_047272802.1	0	N/A	26.425	193	56	3.26e-09	59.7	poly(A) RNA polymerase GLD2 isoform X2 [Homo sapiens]	TRUE	TENT2
XP_009017211.1	XP_016864641.1	0	N/A	26.425	193	56	3.26e-09	59.7	poly(A) RNA polymerase GLD2 isoform X2 [Homo sapiens]	TRUE	TENT2
XP_009017211.1	NP_001375026.1	0	N/A	26.425	193	56	3.26e-09	59.7	poly(A) RNA polymerase GLD2 isoform 6 [Homo sapiens]	TRUE	TENT2
XP_009017211.1	NP_001375025.1	0	N/A	26.425	193	56	3.26e-09	59.7	poly(A) RNA polymerase GLD2 isoform 6 [Homo sapiens]	TRUE	TENT2
XP_009017211.1	NP_001375024.1	0	N/A	26.425	193	56	3.26e-09	59.7	poly(A) RNA polymerase GLD2 isoform 6 [Homo sapiens]	TRUE	TENT2
XP_009017211.1	NP_001336480.1	0	N/A	26.425	193	56	3.26e-09	59.7	poly(A) RNA polymerase GLD2 isoform 6 [Homo sapiens]	TRUE	TENT2
XP_009017211.1	NP_001375027.1	0	N/A	26.425	193	56	3.34e-09	59.7	poly(A) RNA polymerase GLD2 isoform 7 [Homo sapiens]	TRUE	TENT2
XP_009017211.1	XP_047272801.1	0	N/A	26.425	193	56	3.68e-09	59.7	poly(A) RNA polymerase GLD2 isoform X1 [Homo sapiens]	TRUE	TENT2
XP_009017211.1	XP_047272800.1	0	N/A	26.425	193	56	3.68e-09	59.7	poly(A) RNA polymerase GLD2 isoform X1 [Homo sapiens]	TRUE	TENT2
XP_009017211.1	XP_011541527.1	0	N/A	26.425	193	56	3.68e-09	59.7	poly(A) RNA polymerase GLD2 isoform X1 [Homo sapiens]	TRUE	TENT2
XP_009017211.1	XP_011541526.1	0	N/A	26.425	193	56	3.68e-09	59.7	poly(A) RNA polymerase GLD2 isoform X1 [Homo sapiens]	TRUE	TENT2
XP_009017211.1	XP_011541523.1	0	N/A	26.425	193	56	3.68e-09	59.7	poly(A) RNA polymerase GLD2 isoform X1 [Homo sapiens]	TRUE	TENT2
XP_009017211.1	XP_011541522.1	0	N/A	26.425	193	56	3.68e-09	59.7	poly(A) RNA polymerase GLD2 isoform X1 [Homo sapiens]	TRUE	TENT2
XP_009017211.1	NP_001375023.1	0	N/A	26.425	193	56	3.68e-09	59.7	poly(A) RNA polymerase GLD2 isoform 5 [Homo sapiens]	TRUE	TENT2
XP_009017211.1	NP_001375022.1	0	N/A	26.425	193	56	3.68e-09	59.7	poly(A) RNA polymerase GLD2 isoform 5 [Homo sapiens]	TRUE	TENT2
XP_009017211.1	NP_001336479.1	0	N/A	26.425	193	56	3.68e-09	59.7	poly(A) RNA polymerase GLD2 isoform 5 [Homo sapiens]	TRUE	TENT2
XP_009017211.1	NP_001336478.1	0	N/A	26.425	193	56	3.68e-09	59.7	poly(A) RNA polymerase GLD2 isoform 5 [Homo sapiens]	TRUE	TENT2
XP_009017211.1	NP_001375029.1	0	N/A	25.907	193	56	3.93e-09	59.7	poly(A) RNA polymerase GLD2 isoform 8 [Homo sapiens]	TRUE	TENT2
XP_009017211.1	NP_001375028.1	0	N/A	25.907	193	56	3.93e-09	59.7	poly(A) RNA polymerase GLD2 isoform 8 [Homo sapiens]	TRUE	TENT2
XP_009017211.1	NP_001317647.1	0	N/A	23.529	170	55	1.3e-07	55.1	terminal uridylyltransferase 7 isoform 3 [Homo sapiens]	TRUE	Tut7
XP_009017211.1	XP_005252265.1	0	N/A	23.529	170	55	1.78e-07	54.7	terminal uridylyltransferase 7 isoform X7 [Homo sapiens]	TRUE	Tut7
XP_009017211.1	XP_047279825.1	0	N/A	23.529	170	55	2.02e-07	54.7	terminal uridylyltransferase 7 isoform X6 [Homo sapiens]	TRUE	Tut7
XP_009017211.1	XP_047279824.1	0	N/A	23.529	170	55	2.02e-07	54.7	terminal uridylyltransferase 7 isoform X6 [Homo sapiens]	TRUE	Tut7
XP_009017211.1	XP_005252264.1	0	N/A	23.529	170	55	2.02e-07	54.7	terminal uridylyltransferase 7 isoform X6 [Homo sapiens]	TRUE	Tut7
XP_009017211.1	XP_011517316.1	0	N/A	23.529	170	55	2.09e-07	54.7	terminal uridylyltransferase 7 isoform X1 [Homo sapiens]	TRUE	Tut7
XP_009017211.1	XP_011517315.1	0	N/A	23.529	170	55	2.09e-07	54.7	terminal uridylyltransferase 7 isoform X1 [Homo sapiens]	TRUE	Tut7
XP_009017211.1	XP_011517314.1	0	N/A	23.529	170	55	2.09e-07	54.7	terminal uridylyltransferase 7 isoform X1 [Homo sapiens]	TRUE	Tut7
XP_009017211.1	XP_011517313.1	0	N/A	23.529	170	55	2.09e-07	54.7	terminal uridylyltransferase 7 isoform X1 [Homo sapiens]	TRUE	Tut7
XP_009017211.1	XP_011517317.1	0	N/A	23.529	170	55	2.2e-07	54.7	terminal uridylyltransferase 7 isoform X3 [Homo sapiens]	TRUE	Tut7
XP_009017211.1	XP_011517318.1	0	N/A	23.529	170	55	2.22e-07	54.7	terminal uridylyltransferase 7 isoform X5 [Homo sapiens]	TRUE	Tut7
XP_009017211.1	XP_016870620.1	0	N/A	23.529	170	55	2.3e-07	54.7	terminal uridylyltransferase 7 isoform X4 [Homo sapiens]	TRUE	Tut7
XP_009017211.1	XP_016870619.1	0	N/A	23.529	170	55	2.3e-07	54.7	terminal uridylyltransferase 7 isoform X4 [Homo sapiens]	TRUE	Tut7
XP_009018282.1	XP_047290433.1	0	N/A	46.067	267	83	2.09e-79	251	terminal nucleotidyltransferase 4B isoform X6 [Homo sapiens]	TRUE	TENT4B
XP_009018282.1	XP_011521580.1	0	N/A	46.067	267	83	6.84e-79	251	terminal nucleotidyltransferase 4B isoform X5 [Homo sapiens]	TRUE	TENT4B
XP_009018282.1	XP_047290432.1	0	N/A	46.067	267	83	8.13e-78	252	terminal nucleotidyltransferase 4B isoform X4 [Homo sapiens]	TRUE	TENT4B
XP_009018282.1	NP_001035375.2	0	N/A	46.067	267	83	1.31e-77	251	terminal nucleotidyltransferase 4B isoform b [Homo sapiens]	TRUE	TENT4B
XP_009018282.1	XP_011521578.1	0	N/A	46.067	267	83	1.33e-77	251	terminal nucleotidyltransferase 4B isoform X2 [Homo sapiens]	TRUE	TENT4B
XP_009018282.1	XP_047290431.1	0	N/A	46.067	267	83	1.72e-77	251	terminal nucleotidyltransferase 4B isoform X3 [Homo sapiens]	TRUE	TENT4B
XP_009018282.1	NP_001035374.2	0	N/A	46.067	267	83	2.25e-77	252	terminal nucleotidyltransferase 4B isoform a [Homo sapiens]	TRUE	TENT4B
XP_009018282.1	NP_001352252.1	0	N/A	46.067	267	83	2.27e-77	251	terminal nucleotidyltransferase 4B isoform c [Homo sapiens]	TRUE	TENT4B
XP_009018282.1	XP_011521577.1	0	N/A	46.067	267	83	2.29e-77	252	terminal nucleotidyltransferase 4B isoform X1 [Homo sapiens]	TRUE	TENT4B
XP_009018282.1	NP_001352253.1	0	N/A	46.067	267	83	4.35e-77	251	terminal nucleotidyltransferase 4B isoform d [Homo sapiens]	TRUE	TENT4B
XP_009018282.1	XP_047272622.1	0	N/A	43.214	280	86	6.53e-71	231	terminal nucleotidyltransferase 4A isoform X1 [Homo sapiens]	TRUE	TENT4A
XP_009018282.1	XP_047272621.1	0	N/A	43.214	280	86	6.53e-71	231	terminal nucleotidyltransferase 4A isoform X1 [Homo sapiens]	TRUE	TENT4A
XP_009018282.1	XP_047272620.1	0	N/A	43.214	280	86	6.53e-71	231	terminal nucleotidyltransferase 4A isoform X1 [Homo sapiens]	TRUE	TENT4A
XP_009018282.1	NP_001165276.2	0	N/A	43.214	280	86	1.74e-68	230	terminal nucleotidyltransferase 4A isoform 2 [Homo sapiens]	TRUE	TENT4A
XP_009018282.1	NP_008930.2	0	N/A	43.214	280	86	1.88e-68	230	terminal nucleotidyltransferase 4A isoform 1 [Homo sapiens]	TRUE	TENT4A
XP_009018282.1	XP_047272623.1	0	N/A	43.382	272	84	2.97e-68	224	terminal nucleotidyltransferase 4A isoform X2 [Homo sapiens]	TRUE	TENT4A
XP_009018282.1	XP_016864477.1	0	N/A	43.382	272	84	2.97e-68	224	terminal nucleotidyltransferase 4A isoform X2 [Homo sapiens]	TRUE	TENT4A
XP_009018282.1	XP_047272624.1	0	N/A	43.382	272	84	3.06e-68	224	terminal nucleotidyltransferase 4A isoform X3 [Homo sapiens]	TRUE	TENT4A
XP_009018282.1	NP_001317647.1	0	N/A	25.556	180	51	3.16e-10	63.5	terminal uridylyltransferase 7 isoform 3 [Homo sapiens]	TRUE	Tut7
XP_009018282.1	XP_005252265.1	0	N/A	25.556	180	51	6.39e-10	62.8	terminal uridylyltransferase 7 isoform X7 [Homo sapiens]	TRUE	Tut7
XP_009018282.1	XP_011517318.1	0	N/A	25.556	180	51	6.83e-10	62.8	terminal uridylyltransferase 7 isoform X5 [Homo sapiens]	TRUE	Tut7
XP_009018282.1	XP_011517317.1	0	N/A	25.556	180	51	6.99e-10	62.8	terminal uridylyltransferase 7 isoform X3 [Homo sapiens]	TRUE	Tut7
XP_009018282.1	XP_016870620.1	0	N/A	25.556	180	51	7.08e-10	62.8	terminal uridylyltransferase 7 isoform X4 [Homo sapiens]	TRUE	Tut7
XP_009018282.1	XP_016870619.1	0	N/A	25.556	180	51	7.08e-10	62.8	terminal uridylyltransferase 7 isoform X4 [Homo sapiens]	TRUE	Tut7
XP_009018282.1	NP_078893.2	0	N/A	25.556	180	51	7.08e-10	62.8	terminal uridylyltransferase 7 isoform 1 [Homo sapiens]	TRUE	Tut7
XP_009018282.1	NP_001171988.1	0	N/A	25.556	180	51	7.08e-10	62.8	terminal uridylyltransferase 7 isoform 1 [Homo sapiens]	TRUE	Tut7
XP_009018282.1	XP_011517316.1	0	N/A	25.556	180	51	7.12e-10	62.8	terminal uridylyltransferase 7 isoform X1 [Homo sapiens]	TRUE	Tut7
XP_009018282.1	XP_011517315.1	0	N/A	25.556	180	51	7.12e-10	62.8	terminal uridylyltransferase 7 isoform X1 [Homo sapiens]	TRUE	Tut7
XP_009018282.1	XP_011517314.1	0	N/A	25.556	180	51	7.12e-10	62.8	terminal uridylyltransferase 7 isoform X1 [Homo sapiens]	TRUE	Tut7
XP_009018282.1	XP_011517313.1	0	N/A	25.556	180	51	7.12e-10	62.8	terminal uridylyltransferase 7 isoform X1 [Homo sapiens]	TRUE	Tut7
XP_009018282.1	XP_047279825.1	0	N/A	25.556	180	51	7.53e-10	62.8	terminal uridylyltransferase 7 isoform X6 [Homo sapiens]	TRUE	Tut7
XP_009018282.1	XP_047279824.1	0	N/A	25.556	180	51	7.53e-10	62.8	terminal uridylyltransferase 7 isoform X6 [Homo sapiens]	TRUE	Tut7
XP_009018282.1	XP_005252264.1	0	N/A	25.556	180	51	7.53e-10	62.8	terminal uridylyltransferase 7 isoform X6 [Homo sapiens]	TRUE	Tut7
XP_009018282.1	XP_047279823.1	0	N/A	25.556	180	51	7.65e-10	62.8	terminal uridylyltransferase 7 isoform X2 [Homo sapiens]	TRUE	Tut7
XP_009018282.1	XP_006717346.1	0	N/A	25.556	180	51	7.65e-10	62.8	terminal uridylyltransferase 7 isoform X2 [Homo sapiens]	TRUE	Tut7
XP_009018282.1	NP_001375061.1	0	N/A	24.336	226	57	9.38e-08	55.8	poly(A) RNA polymerase GLD2 isoform 12 [Homo sapiens]	TRUE	TENT2
XP_009018282.1	XP_047272811.1	0	N/A	24.336	226	57	1.05e-07	55.8	poly(A) RNA polymerase GLD2 isoform X4 [Homo sapiens]	TRUE	TENT2
XP_009018282.1	XP_047272810.1	0	N/A	24.336	226	57	1.05e-07	55.8	poly(A) RNA polymerase GLD2 isoform X4 [Homo sapiens]	TRUE	TENT2
XP_009018282.1	XP_047272809.1	0	N/A	24.336	226	57	1.05e-07	55.8	poly(A) RNA polymerase GLD2 isoform X4 [Homo sapiens]	TRUE	TENT2
XP_009018282.1	NP_001375058.1	0	N/A	24.336	226	57	1.05e-07	55.8	poly(A) RNA polymerase GLD2 isoform 2 [Homo sapiens]	TRUE	TENT2
XP_009018282.1	NP_001375057.1	0	N/A	24.336	226	57	1.05e-07	55.8	poly(A) RNA polymerase GLD2 isoform 2 [Homo sapiens]	TRUE	TENT2
XP_009018282.1	NP_001375056.1	0	N/A	24.336	226	57	1.05e-07	55.8	poly(A) RNA polymerase GLD2 isoform 2 [Homo sapiens]	TRUE	TENT2
XP_009018282.1	NP_001375055.1	0	N/A	24.336	226	57	1.05e-07	55.8	poly(A) RNA polymerase GLD2 isoform 2 [Homo sapiens]	TRUE	TENT2
XP_009018282.1	NP_001375054.1	0	N/A	24.336	226	57	1.05e-07	55.8	poly(A) RNA polymerase GLD2 isoform 2 [Homo sapiens]	TRUE	TENT2
XP_009018282.1	NP_001375053.1	0	N/A	24.336	226	57	1.05e-07	55.8	poly(A) RNA polymerase GLD2 isoform 2 [Homo sapiens]	TRUE	TENT2
XP_009018282.1	NP_001375052.1	0	N/A	24.336	226	57	1.05e-07	55.8	poly(A) RNA polymerase GLD2 isoform 2 [Homo sapiens]	TRUE	TENT2
XP_009018282.1	NP_001375051.1	0	N/A	24.336	226	57	1.05e-07	55.8	poly(A) RNA polymerase GLD2 isoform 2 [Homo sapiens]	TRUE	TENT2
XP_009018282.1	NP_001375050.1	0	N/A	24.336	226	57	1.05e-07	55.8	poly(A) RNA polymerase GLD2 isoform 2 [Homo sapiens]	TRUE	TENT2
XP_009018282.1	NP_001375049.1	0	N/A	24.336	226	57	1.05e-07	55.8	poly(A) RNA polymerase GLD2 isoform 2 [Homo sapiens]	TRUE	TENT2
XP_009018282.1	NP_001375048.1	0	N/A	24.336	226	57	1.05e-07	55.8	poly(A) RNA polymerase GLD2 isoform 2 [Homo sapiens]	TRUE	TENT2
XP_009018282.1	NP_001375047.1	0	N/A	24.336	226	57	1.05e-07	55.8	poly(A) RNA polymerase GLD2 isoform 2 [Homo sapiens]	TRUE	TENT2
XP_009018282.1	NP_001375046.1	0	N/A	24.336	226	57	1.05e-07	55.8	poly(A) RNA polymerase GLD2 isoform 2 [Homo sapiens]	TRUE	TENT2
XP_009018282.1	NP_001375045.1	0	N/A	24.336	226	57	1.05e-07	55.8	poly(A) RNA polymerase GLD2 isoform 2 [Homo sapiens]	TRUE	TENT2
XP_009018282.1	NP_001375044.1	0	N/A	24.336	226	57	1.05e-07	55.8	poly(A) RNA polymerase GLD2 isoform 2 [Homo sapiens]	TRUE	TENT2
XP_009018282.1	NP_001375043.1	0	N/A	24.336	226	57	1.05e-07	55.8	poly(A) RNA polymerase GLD2 isoform 2 [Homo sapiens]	TRUE	TENT2
XP_009018282.1	NP_001336483.1	0	N/A	24.336	226	57	1.05e-07	55.8	poly(A) RNA polymerase GLD2 isoform 2 [Homo sapiens]	TRUE	TENT2
XP_009018282.1	NP_001284673.1	0	N/A	24.336	226	57	1.05e-07	55.8	poly(A) RNA polymerase GLD2 isoform 2 [Homo sapiens]	TRUE	TENT2
XP_009018282.1	NP_001375059.1	0	N/A	24.336	226	57	1.06e-07	55.5	poly(A) RNA polymerase GLD2 isoform 10 [Homo sapiens]	TRUE	TENT2
XP_009018282.1	NP_001375065.1	0	N/A	27.273	154	45	1.17e-07	55.1	poly(A) RNA polymerase GLD2 isoform 14 [Homo sapiens]	TRUE	TENT2
XP_009018282.1	XP_047272818.1	0	N/A	26.582	158	45	1.58e-07	54.7	poly(A) RNA polymerase GLD2 isoform X10 [Homo sapiens]	TRUE	TENT2
XP_009018282.1	NP_001375060.1	0	N/A	23.913	230	57	2.08e-07	54.7	poly(A) RNA polymerase GLD2 isoform 11 [Homo sapiens]	TRUE	TENT2
XP_009018282.1	NP_001375042.1	0	N/A	23.913	230	57	2.39e-07	54.7	poly(A) RNA polymerase GLD2 isoform 16 [Homo sapiens]	TRUE	TENT2
XP_009018282.1	XP_047272808.1	0	N/A	23.913	230	57	2.5e-07	54.7	poly(A) RNA polymerase GLD2 isoform X3 [Homo sapiens]	TRUE	TENT2
XP_009018282.1	XP_047272807.1	0	N/A	23.913	230	57	2.5e-07	54.7	poly(A) RNA polymerase GLD2 isoform X3 [Homo sapiens]	TRUE	TENT2
XP_009018282.1	XP_047272806.1	0	N/A	23.913	230	57	2.5e-07	54.7	poly(A) RNA polymerase GLD2 isoform X3 [Homo sapiens]	TRUE	TENT2
XP_009018282.1	NP_776158.2	0	N/A	23.913	230	57	2.5e-07	54.7	poly(A) RNA polymerase GLD2 isoform 1 [Homo sapiens]	TRUE	TENT2
XP_009018282.1	NP_001375041.1	0	N/A	23.913	230	57	2.5e-07	54.7	poly(A) RNA polymerase GLD2 isoform 1 [Homo sapiens]	TRUE	TENT2
XP_009018282.1	NP_001375040.1	0	N/A	23.913	230	57	2.5e-07	54.7	poly(A) RNA polymerase GLD2 isoform 1 [Homo sapiens]	TRUE	TENT2
XP_009018282.1	NP_001375039.1	0	N/A	23.913	230	57	2.5e-07	54.7	poly(A) RNA polymerase GLD2 isoform 1 [Homo sapiens]	TRUE	TENT2
XP_009018282.1	NP_001375038.1	0	N/A	23.913	230	57	2.5e-07	54.7	poly(A) RNA polymerase GLD2 isoform 1 [Homo sapiens]	TRUE	TENT2
XP_009018282.1	NP_001375037.1	0	N/A	23.913	230	57	2.5e-07	54.7	poly(A) RNA polymerase GLD2 isoform 1 [Homo sapiens]	TRUE	TENT2
XP_009018282.1	NP_001375036.1	0	N/A	23.913	230	57	2.5e-07	54.7	poly(A) RNA polymerase GLD2 isoform 1 [Homo sapiens]	TRUE	TENT2
XP_009018282.1	NP_001375035.1	0	N/A	23.913	230	57	2.5e-07	54.7	poly(A) RNA polymerase GLD2 isoform 1 [Homo sapiens]	TRUE	TENT2
XP_009018282.1	NP_001375034.1	0	N/A	23.913	230	57	2.5e-07	54.7	poly(A) RNA polymerase GLD2 isoform 1 [Homo sapiens]	TRUE	TENT2
XP_009018282.1	NP_001375032.1	0	N/A	23.913	230	57	2.5e-07	54.7	poly(A) RNA polymerase GLD2 isoform 1 [Homo sapiens]	TRUE	TENT2
XP_009018282.1	NP_001375031.1	0	N/A	23.913	230	57	2.5e-07	54.7	poly(A) RNA polymerase GLD2 isoform 1 [Homo sapiens]	TRUE	TENT2
XP_009018282.1	NP_001336482.1	0	N/A	23.913	230	57	2.5e-07	54.7	poly(A) RNA polymerase GLD2 isoform 1 [Homo sapiens]	TRUE	TENT2
XP_009018282.1	NP_001336481.1	0	N/A	23.913	230	57	2.5e-07	54.7	poly(A) RNA polymerase GLD2 isoform 1 [Homo sapiens]	TRUE	TENT2
XP_009018282.1	NP_001107866.1	0	N/A	23.913	230	57	2.5e-07	54.7	poly(A) RNA polymerase GLD2 isoform 1 [Homo sapiens]	TRUE	TENT2
XP_009018282.1	NP_001107865.1	0	N/A	23.913	230	57	2.5e-07	54.7	poly(A) RNA polymerase GLD2 isoform 1 [Homo sapiens]	TRUE	TENT2
XP_009018282.1	NP_001336477.1	0	N/A	29.268	82	25	3.68e-07	53.1	poly(A) RNA polymerase GLD2 isoform 4 [Homo sapiens]	TRUE	TENT2
XP_009018282.1	XP_047272820.1	0	N/A	24.138	174	44	4.36e-07	52.8	poly(A) RNA polymerase GLD2 isoform X11 [Homo sapiens]	TRUE	TENT2
XP_009018282.1	XP_047272348.1	0	N/A	22.754	167	50	4.72e-07	53.9	terminal uridylyltransferase 4 isoform X32 [Homo sapiens]	TRUE	Tut4
XP_009018282.1	XP_047272344.1	0	N/A	22.754	167	50	4.77e-07	53.9	terminal uridylyltransferase 4 isoform X30 [Homo sapiens]	TRUE	Tut4
XP_009018282.1	XP_047272337.1	0	N/A	22.754	167	50	4.77e-07	53.9	terminal uridylyltransferase 4 isoform X27 [Homo sapiens]	TRUE	Tut4
XP_009018282.1	XP_047272325.1	0	N/A	22.754	167	50	4.78e-07	53.9	terminal uridylyltransferase 4 isoform X23 [Homo sapiens]	TRUE	Tut4
XP_009018282.1	XP_016856295.1	0	N/A	22.754	167	50	4.86e-07	53.9	terminal uridylyltransferase 4 isoform X25 [Homo sapiens]	TRUE	Tut4
XP_009018282.1	XP_016856296.1	0	N/A	22.754	167	50	4.9e-07	53.9	terminal uridylyltransferase 4 isoform X28 [Homo sapiens]	TRUE	Tut4
XP_009018282.1	XP_047272350.1	0	N/A	22.754	167	50	5.02e-07	53.9	terminal uridylyltransferase 4 isoform X34 [Homo sapiens]	TRUE	Tut4
XP_009018282.1	XP_047272354.1	0	N/A	22.754	167	50	5.25e-07	53.9	terminal uridylyltransferase 4 isoform X35 [Homo sapiens]	TRUE	Tut4
XP_009018282.1	XP_047272367.1	0	N/A	22.754	167	50	5.29e-07	53.9	terminal uridylyltransferase 4 isoform X39 [Homo sapiens]	TRUE	Tut4
XP_009018282.1	XP_047272362.1	0	N/A	22.754	167	50	5.29e-07	53.9	terminal uridylyltransferase 4 isoform X37 [Homo sapiens]	TRUE	Tut4
XP_009018282.1	XP_047272290.1	0	N/A	22.754	167	50	5.33e-07	53.9	terminal uridylyltransferase 4 isoform X11 [Homo sapiens]	TRUE	Tut4
XP_009018282.1	XP_005270735.1	0	N/A	22.754	167	50	5.34e-07	53.9	terminal uridylyltransferase 4 isoform X2 [Homo sapiens]	TRUE	Tut4
XP_009018282.1	XP_047272286.1	0	N/A	22.754	167	50	5.38e-07	53.9	terminal uridylyltransferase 4 isoform X8 [Homo sapiens]	TRUE	Tut4
XP_009018282.1	XP_047272280.1	0	N/A	22.754	167	50	5.48e-07	53.9	terminal uridylyltransferase 4 isoform X3 [Homo sapiens]	TRUE	Tut4
XP_009018282.1	XP_005270736.1	0	N/A	22.754	167	50	5.48e-07	53.9	terminal uridylyltransferase 4 isoform X3 [Homo sapiens]	TRUE	Tut4
XP_009018282.1	XP_011539399.1	0	N/A	22.754	167	50	5.49e-07	53.9	terminal uridylyltransferase 4 isoform X1 [Homo sapiens]	TRUE	Tut4
XP_009018282.1	XP_005270733.1	0	N/A	22.754	167	50	5.49e-07	53.9	terminal uridylyltransferase 4 isoform X1 [Homo sapiens]	TRUE	Tut4
XP_009018282.1	XP_047272303.1	0	N/A	22.754	167	50	5.57e-07	53.9	terminal uridylyltransferase 4 isoform X15 [Homo sapiens]	TRUE	Tut4
XP_009024588.1	XP_047272286.1	0	N/A	36.181	398	43	2.25e-60	226	terminal uridylyltransferase 4 isoform X8 [Homo sapiens]	TRUE	Tut4
XP_009024588.1	XP_047272344.1	0	N/A	36.181	398	43	2.33e-60	226	terminal uridylyltransferase 4 isoform X30 [Homo sapiens]	TRUE	Tut4
XP_009024588.1	XP_047272290.1	0	N/A	36.364	396	43	2.79e-60	226	terminal uridylyltransferase 4 isoform X11 [Homo sapiens]	TRUE	Tut4
XP_009024588.1	XP_047272295.1	0	N/A	36.181	398	43	3.63e-60	226	terminal uridylyltransferase 4 isoform X12 [Homo sapiens]	TRUE	Tut4
XP_009024588.1	XP_005252265.1	0	N/A	34.722	432	44	3.88e-60	225	terminal uridylyltransferase 7 isoform X7 [Homo sapiens]	TRUE	Tut7
XP_009024588.1	XP_047272372.1	0	N/A	36.272	397	43	4.04e-60	225	terminal uridylyltransferase 4 isoform X42 [Homo sapiens]	TRUE	Tut4
XP_009024588.1	XP_047272296.1	0	N/A	36.272	397	43	4.2e-60	225	terminal uridylyltransferase 4 isoform X13 [Homo sapiens]	TRUE	Tut4
XP_009024588.1	XP_047272305.1	0	N/A	36.364	396	43	4.26e-60	225	terminal uridylyltransferase 4 isoform X17 [Homo sapiens]	TRUE	Tut4
XP_009024588.1	XP_047272350.1	0	N/A	36.364	396	43	5.73e-60	225	terminal uridylyltransferase 4 isoform X34 [Homo sapiens]	TRUE	Tut4
XP_009024588.1	XP_047272384.1	0	N/A	44.882	254	28	7.55e-60	222	terminal uridylyltransferase 4 isoform X46 [Homo sapiens]	TRUE	Tut4
XP_009024588.1	XP_005270739.1	0	N/A	44.882	254	28	2e-59	223	terminal uridylyltransferase 4 isoform X33 [Homo sapiens]	TRUE	Tut4
XP_009024588.1	XP_011539399.1	0	N/A	44.882	254	28	2.01e-59	223	terminal uridylyltransferase 4 isoform X1 [Homo sapiens]	TRUE	Tut4
XP_009024588.1	XP_005270733.1	0	N/A	44.882	254	28	2.01e-59	223	terminal uridylyltransferase 4 isoform X1 [Homo sapiens]	TRUE	Tut4
XP_009024588.1	NP_001317647.1	0	N/A	34.845	419	43	2.27e-59	219	terminal uridylyltransferase 7 isoform 3 [Homo sapiens]	TRUE	Tut7
XP_009024588.1	XP_005270735.1	0	N/A	45.059	253	28	2.3e-59	223	terminal uridylyltransferase 4 isoform X2 [Homo sapiens]	TRUE	Tut4
XP_009024588.1	XP_047272288.1	0	N/A	44.882	254	28	2.31e-59	223	terminal uridylyltransferase 4 isoform X10 [Homo sapiens]	TRUE	Tut4
XP_009024588.1	XP_011539401.1	0	N/A	44.882	254	28	2.35e-59	223	terminal uridylyltransferase 4 isoform X29 [Homo sapiens]	TRUE	Tut4
XP_009024588.1	XP_047272285.1	0	N/A	45.059	253	28	2.36e-59	223	terminal uridylyltransferase 4 isoform X7 [Homo sapiens]	TRUE	Tut4
XP_009024588.1	XP_016856297.1	0	N/A	45.238	252	28	2.39e-59	223	terminal uridylyltransferase 4 isoform X36 [Homo sapiens]	TRUE	Tut4
XP_009024588.1	XP_047272280.1	0	N/A	45.238	252	28	2.49e-59	223	terminal uridylyltransferase 4 isoform X3 [Homo sapiens]	TRUE	Tut4
XP_009024588.1	XP_005270736.1	0	N/A	45.238	252	28	2.49e-59	223	terminal uridylyltransferase 4 isoform X3 [Homo sapiens]	TRUE	Tut4
XP_009024588.1	XP_047272365.1	0	N/A	45.059	253	28	2.52e-59	223	terminal uridylyltransferase 4 isoform X38 [Homo sapiens]	TRUE	Tut4
XP_009024588.1	XP_016856292.1	0	N/A	45.238	252	28	2.74e-59	223	terminal uridylyltransferase 4 isoform X9 [Homo sapiens]	TRUE	Tut4
XP_009024588.1	XP_016856293.1	0	N/A	45.238	252	28	2.76e-59	223	terminal uridylyltransferase 4 isoform X16 [Homo sapiens]	TRUE	Tut4
XP_009024588.1	XP_047272345.1	0	N/A	45.238	252	28	2.86e-59	223	terminal uridylyltransferase 4 isoform X31 [Homo sapiens]	TRUE	Tut4
XP_009024588.1	XP_016856299.1	0	N/A	45.238	252	28	2.96e-59	223	terminal uridylyltransferase 4 isoform X40 [Homo sapiens]	TRUE	Tut4
XP_009024588.1	XP_047272281.1	0	N/A	44.882	254	28	3.01e-59	223	terminal uridylyltransferase 4 isoform X4 [Homo sapiens]	TRUE	Tut4
XP_009024588.1	NP_001009881.1	0	N/A	44.882	254	28	3.01e-59	223	terminal uridylyltransferase 4 isoform a [Homo sapiens]	TRUE	Tut4
XP_009024588.1	XP_047272325.1	0	N/A	45.059	253	28	3.34e-59	223	terminal uridylyltransferase 4 isoform X23 [Homo sapiens]	TRUE	Tut4
XP_009024588.1	XP_047272282.1	0	N/A	45.059	253	28	3.45e-59	223	terminal uridylyltransferase 4 isoform X5 [Homo sapiens]	TRUE	Tut4
XP_009024588.1	NP_056084.1	0	N/A	45.059	253	28	3.45e-59	223	terminal uridylyltransferase 4 isoform b [Homo sapiens]	TRUE	Tut4
XP_009024588.1	XP_016856295.1	0	N/A	45.238	252	28	3.65e-59	223	terminal uridylyltransferase 4 isoform X25 [Homo sapiens]	TRUE	Tut4
XP_009024588.1	XP_047272337.1	0	N/A	45.059	253	28	3.67e-59	223	terminal uridylyltransferase 4 isoform X27 [Homo sapiens]	TRUE	Tut4
XP_009024588.1	XP_047272283.1	0	N/A	45.238	252	28	4.05e-59	222	terminal uridylyltransferase 4 isoform X6 [Homo sapiens]	TRUE	Tut4
XP_009024588.1	XP_005270737.1	0	N/A	45.238	252	28	4.05e-59	222	terminal uridylyltransferase 4 isoform X6 [Homo sapiens]	TRUE	Tut4
XP_009024588.1	XP_016856296.1	0	N/A	45.238	252	28	4.47e-59	222	terminal uridylyltransferase 4 isoform X28 [Homo sapiens]	TRUE	Tut4
XP_009024588.1	XP_047279823.1	0	N/A	34.845	419	43	4.46e-58	219	terminal uridylyltransferase 7 isoform X2 [Homo sapiens]	TRUE	Tut7
XP_009024588.1	XP_006717346.1	0	N/A	34.845	419	43	4.46e-58	219	terminal uridylyltransferase 7 isoform X2 [Homo sapiens]	TRUE	Tut7
XP_009024588.1	XP_016870620.1	0	N/A	34.845	419	43	4.83e-58	219	terminal uridylyltransferase 7 isoform X4 [Homo sapiens]	TRUE	Tut7
XP_009024588.1	XP_016870619.1	0	N/A	34.845	419	43	4.83e-58	219	terminal uridylyltransferase 7 isoform X4 [Homo sapiens]	TRUE	Tut7
XP_009024588.1	NP_078893.2	0	N/A	34.845	419	43	4.83e-58	219	terminal uridylyltransferase 7 isoform 1 [Homo sapiens]	TRUE	Tut7
XP_009024588.1	NP_001171988.1	0	N/A	34.845	419	43	4.83e-58	219	terminal uridylyltransferase 7 isoform 1 [Homo sapiens]	TRUE	Tut7
XP_009024588.1	XP_011517318.1	0	N/A	34.845	419	43	5.04e-58	219	terminal uridylyltransferase 7 isoform X5 [Homo sapiens]	TRUE	Tut7
XP_009024588.1	XP_011517317.1	0	N/A	34.845	419	43	5.42e-58	219	terminal uridylyltransferase 7 isoform X3 [Homo sapiens]	TRUE	Tut7
XP_009024588.1	XP_047279825.1	0	N/A	34.845	419	43	5.52e-58	219	terminal uridylyltransferase 7 isoform X6 [Homo sapiens]	TRUE	Tut7
XP_009024588.1	XP_047279824.1	0	N/A	34.845	419	43	5.52e-58	219	terminal uridylyltransferase 7 isoform X6 [Homo sapiens]	TRUE	Tut7
XP_009024588.1	XP_005252264.1	0	N/A	34.845	419	43	5.52e-58	219	terminal uridylyltransferase 7 isoform X6 [Homo sapiens]	TRUE	Tut7
XP_009024588.1	NP_001172003.1	0	N/A	44.106	263	29	7.67e-58	218	terminal uridylyltransferase 7 isoform 2 [Homo sapiens]	TRUE	Tut7
XP_009024588.1	XP_011517316.1	0	N/A	34.845	419	43	7.99e-58	218	terminal uridylyltransferase 7 isoform X1 [Homo sapiens]	TRUE	Tut7
XP_009024588.1	XP_011517315.1	0	N/A	34.845	419	43	7.99e-58	218	terminal uridylyltransferase 7 isoform X1 [Homo sapiens]	TRUE	Tut7
XP_009024588.1	XP_011517314.1	0	N/A	34.845	419	43	7.99e-58	218	terminal uridylyltransferase 7 isoform X1 [Homo sapiens]	TRUE	Tut7
XP_009024588.1	XP_011517313.1	0	N/A	34.845	419	43	7.99e-58	218	terminal uridylyltransferase 7 isoform X1 [Homo sapiens]	TRUE	Tut7
XP_009024588.1	XP_047272311.1	0	N/A	34.783	253	28	3.71e-38	157	terminal uridylyltransferase 4 isoform X21 [Homo sapiens]	TRUE	Tut4
XP_009024588.1	XP_047272369.1	0	N/A	34.783	253	28	3.76e-38	157	terminal uridylyltransferase 4 isoform X41 [Homo sapiens]	TRUE	Tut4
XP_009024588.1	XP_005270738.1	0	N/A	34.783	253	28	4.13e-38	157	terminal uridylyltransferase 4 isoform X14 [Homo sapiens]	TRUE	Tut4
XP_009024588.1	XP_047272303.1	0	N/A	34.921	252	28	4.62e-38	157	terminal uridylyltransferase 4 isoform X15 [Homo sapiens]	TRUE	Tut4
XP_009024588.1	XP_047272373.1	0	N/A	34.783	253	28	4.75e-38	156	terminal uridylyltransferase 4 isoform X43 [Homo sapiens]	TRUE	Tut4
XP_009024588.1	XP_047272348.1	0	N/A	34.783	253	28	4.81e-38	157	terminal uridylyltransferase 4 isoform X32 [Homo sapiens]	TRUE	Tut4
XP_009024588.1	XP_047272320.1	0	N/A	34.783	253	28	5.33e-38	156	terminal uridylyltransferase 4 isoform X22 [Homo sapiens]	TRUE	Tut4
XP_009024588.1	XP_047272306.1	0	N/A	35.06	251	28	5.49e-38	156	terminal uridylyltransferase 4 isoform X18 [Homo sapiens]	TRUE	Tut4
XP_009024588.1	XP_047272327.1	0	N/A	34.921	252	28	5.92e-38	156	terminal uridylyltransferase 4 isoform X24 [Homo sapiens]	TRUE	Tut4
XP_009024588.1	XP_047272354.1	0	N/A	34.783	253	28	6.12e-38	156	terminal uridylyltransferase 4 isoform X35 [Homo sapiens]	TRUE	Tut4
XP_009024588.1	XP_047272377.1	0	N/A	35.06	251	28	6.42e-38	156	terminal uridylyltransferase 4 isoform X44 [Homo sapiens]	TRUE	Tut4
XP_009024588.1	XP_047272307.1	0	N/A	34.921	252	28	6.47e-38	156	terminal uridylyltransferase 4 isoform X19 [Homo sapiens]	TRUE	Tut4
XP_009024588.1	XP_016856294.1	0	N/A	35.06	251	28	6.63e-38	156	terminal uridylyltransferase 4 isoform X20 [Homo sapiens]	TRUE	Tut4
XP_009024588.1	XP_047272336.1	0	N/A	35.06	251	28	6.79e-38	156	terminal uridylyltransferase 4 isoform X26 [Homo sapiens]	TRUE	Tut4
XP_009024588.1	XP_047272362.1	0	N/A	34.921	252	28	6.91e-38	156	terminal uridylyltransferase 4 isoform X37 [Homo sapiens]	TRUE	Tut4
XP_009024588.1	XP_047272367.1	0	N/A	35.06	251	28	7.46e-38	156	terminal uridylyltransferase 4 isoform X39 [Homo sapiens]	TRUE	Tut4
XP_009024588.1	XP_047279826.1	0	N/A	31.532	222	21	2.95e-17	89.7	terminal uridylyltransferase 7 isoform X8 [Homo sapiens]	TRUE	Tut7
XP_009024588.1	NP_001375066.1	0	N/A	32.911	158	18	7.74e-14	75.5	poly(A) RNA polymerase GLD2 isoform 15 [Homo sapiens]	TRUE	TENT2
XP_009024588.1	NP_001375061.1	0	N/A	32.911	158	18	2.36e-13	75.9	poly(A) RNA polymerase GLD2 isoform 12 [Homo sapiens]	TRUE	TENT2
XP_009024588.1	NP_001375059.1	0	N/A	32.911	158	18	2.38e-13	75.9	poly(A) RNA polymerase GLD2 isoform 10 [Homo sapiens]	TRUE	TENT2
XP_009024588.1	XP_047272811.1	0	N/A	32.911	158	18	2.63e-13	75.9	poly(A) RNA polymerase GLD2 isoform X4 [Homo sapiens]	TRUE	TENT2
XP_009024588.1	XP_047272810.1	0	N/A	32.911	158	18	2.63e-13	75.9	poly(A) RNA polymerase GLD2 isoform X4 [Homo sapiens]	TRUE	TENT2
XP_009024588.1	XP_047272809.1	0	N/A	32.911	158	18	2.63e-13	75.9	poly(A) RNA polymerase GLD2 isoform X4 [Homo sapiens]	TRUE	TENT2
XP_009024588.1	NP_001375058.1	0	N/A	32.911	158	18	2.63e-13	75.9	poly(A) RNA polymerase GLD2 isoform 2 [Homo sapiens]	TRUE	TENT2
XP_009024588.1	NP_001375057.1	0	N/A	32.911	158	18	2.63e-13	75.9	poly(A) RNA polymerase GLD2 isoform 2 [Homo sapiens]	TRUE	TENT2
XP_009024588.1	NP_001375056.1	0	N/A	32.911	158	18	2.63e-13	75.9	poly(A) RNA polymerase GLD2 isoform 2 [Homo sapiens]	TRUE	TENT2
XP_009024588.1	NP_001375055.1	0	N/A	32.911	158	18	2.63e-13	75.9	poly(A) RNA polymerase GLD2 isoform 2 [Homo sapiens]	TRUE	TENT2
XP_009024588.1	NP_001375054.1	0	N/A	32.911	158	18	2.63e-13	75.9	poly(A) RNA polymerase GLD2 isoform 2 [Homo sapiens]	TRUE	TENT2
XP_009024588.1	NP_001375053.1	0	N/A	32.911	158	18	2.63e-13	75.9	poly(A) RNA polymerase GLD2 isoform 2 [Homo sapiens]	TRUE	TENT2
XP_009024588.1	NP_001375052.1	0	N/A	32.911	158	18	2.63e-13	75.9	poly(A) RNA polymerase GLD2 isoform 2 [Homo sapiens]	TRUE	TENT2
XP_009024588.1	NP_001375051.1	0	N/A	32.911	158	18	2.63e-13	75.9	poly(A) RNA polymerase GLD2 isoform 2 [Homo sapiens]	TRUE	TENT2
XP_009024588.1	NP_001375050.1	0	N/A	32.911	158	18	2.63e-13	75.9	poly(A) RNA polymerase GLD2 isoform 2 [Homo sapiens]	TRUE	TENT2
XP_009024588.1	NP_001375049.1	0	N/A	32.911	158	18	2.63e-13	75.9	poly(A) RNA polymerase GLD2 isoform 2 [Homo sapiens]	TRUE	TENT2
XP_009024588.1	NP_001375048.1	0	N/A	32.911	158	18	2.63e-13	75.9	poly(A) RNA polymerase GLD2 isoform 2 [Homo sapiens]	TRUE	TENT2
XP_009024588.1	NP_001375047.1	0	N/A	32.911	158	18	2.63e-13	75.9	poly(A) RNA polymerase GLD2 isoform 2 [Homo sapiens]	TRUE	TENT2
XP_009024588.1	NP_001375046.1	0	N/A	32.911	158	18	2.63e-13	75.9	poly(A) RNA polymerase GLD2 isoform 2 [Homo sapiens]	TRUE	TENT2
XP_009024588.1	NP_001375045.1	0	N/A	32.911	158	18	2.63e-13	75.9	poly(A) RNA polymerase GLD2 isoform 2 [Homo sapiens]	TRUE	TENT2
XP_009024588.1	NP_001375044.1	0	N/A	32.911	158	18	2.63e-13	75.9	poly(A) RNA polymerase GLD2 isoform 2 [Homo sapiens]	TRUE	TENT2
XP_009024588.1	NP_001375043.1	0	N/A	32.911	158	18	2.63e-13	75.9	poly(A) RNA polymerase GLD2 isoform 2 [Homo sapiens]	TRUE	TENT2
XP_009024588.1	NP_001336483.1	0	N/A	32.911	158	18	2.63e-13	75.9	poly(A) RNA polymerase GLD2 isoform 2 [Homo sapiens]	TRUE	TENT2
XP_009024588.1	NP_001284673.1	0	N/A	32.911	158	18	2.63e-13	75.9	poly(A) RNA polymerase GLD2 isoform 2 [Homo sapiens]	TRUE	TENT2
XP_009024588.1	NP_001375027.1	0	N/A	32.911	158	18	2.8e-13	75.9	poly(A) RNA polymerase GLD2 isoform 7 [Homo sapiens]	TRUE	TENT2
XP_009024588.1	NP_073741.3	0	N/A	27.431	288	32	2.85e-13	76.6	speckle targeted PIP5K1A-regulated poly(A) polymerase isoform 1 [Homo sapiens]	TRUE	Tut1
XP_009024588.1	XP_047272805.1	0	N/A	32.911	158	18	2.94e-13	75.9	poly(A) RNA polymerase GLD2 isoform X2 [Homo sapiens]	TRUE	TENT2
XP_009024588.1	XP_047272804.1	0	N/A	32.911	158	18	2.94e-13	75.9	poly(A) RNA polymerase GLD2 isoform X2 [Homo sapiens]	TRUE	TENT2
XP_009024588.1	XP_047272803.1	0	N/A	32.911	158	18	2.94e-13	75.9	poly(A) RNA polymerase GLD2 isoform X2 [Homo sapiens]	TRUE	TENT2
XP_009024588.1	XP_047272802.1	0	N/A	32.911	158	18	2.94e-13	75.9	poly(A) RNA polymerase GLD2 isoform X2 [Homo sapiens]	TRUE	TENT2
XP_009024588.1	XP_016864641.1	0	N/A	32.911	158	18	2.94e-13	75.9	poly(A) RNA polymerase GLD2 isoform X2 [Homo sapiens]	TRUE	TENT2
XP_009025290.1	XP_047290433.1	0	N/A	39.145	304	43	4.4e-53	192	terminal nucleotidyltransferase 4B isoform X6 [Homo sapiens]	TRUE	TENT4B
XP_009025290.1	XP_011521580.1	0	N/A	39.145	304	43	6.86e-53	193	terminal nucleotidyltransferase 4B isoform X5 [Homo sapiens]	TRUE	TENT4B
XP_009025290.1	XP_047290432.1	0	N/A	38.413	315	44	7.82e-53	195	terminal nucleotidyltransferase 4B isoform X4 [Homo sapiens]	TRUE	TENT4B
XP_009025290.1	NP_001035375.2	0	N/A	38.413	315	44	7.85e-53	195	terminal nucleotidyltransferase 4B isoform b [Homo sapiens]	TRUE	TENT4B
XP_009025290.1	XP_011521578.1	0	N/A	38.413	315	44	7.97e-53	195	terminal nucleotidyltransferase 4B isoform X2 [Homo sapiens]	TRUE	TENT4B
XP_009025290.1	XP_047290431.1	0	N/A	38.413	315	44	1.01e-52	195	terminal nucleotidyltransferase 4B isoform X3 [Homo sapiens]	TRUE	TENT4B
XP_009025290.1	NP_001352252.1	0	N/A	38.413	315	44	1.16e-52	195	terminal nucleotidyltransferase 4B isoform c [Homo sapiens]	TRUE	TENT4B
XP_009025290.1	NP_001035374.2	0	N/A	38.413	315	44	1.37e-52	195	terminal nucleotidyltransferase 4B isoform a [Homo sapiens]	TRUE	TENT4B
XP_009025290.1	XP_011521577.1	0	N/A	38.413	315	44	1.38e-52	195	terminal nucleotidyltransferase 4B isoform X1 [Homo sapiens]	TRUE	TENT4B
XP_009025290.1	NP_001352253.1	0	N/A	38.413	315	44	1.68e-52	195	terminal nucleotidyltransferase 4B isoform d [Homo sapiens]	TRUE	TENT4B
XP_009025290.1	NP_008930.2	0	N/A	37.73	326	45	2.61e-50	190	terminal nucleotidyltransferase 4A isoform 1 [Homo sapiens]	TRUE	TENT4A
XP_009025290.1	NP_001165276.2	0	N/A	37.117	326	45	2.87e-50	190	terminal nucleotidyltransferase 4A isoform 2 [Homo sapiens]	TRUE	TENT4A
XP_009025290.1	XP_047272622.1	0	N/A	38.065	310	43	1.69e-49	184	terminal nucleotidyltransferase 4A isoform X1 [Homo sapiens]	TRUE	TENT4A
XP_009025290.1	XP_047272621.1	0	N/A	38.065	310	43	1.69e-49	184	terminal nucleotidyltransferase 4A isoform X1 [Homo sapiens]	TRUE	TENT4A
XP_009025290.1	XP_047272620.1	0	N/A	38.065	310	43	1.69e-49	184	terminal nucleotidyltransferase 4A isoform X1 [Homo sapiens]	TRUE	TENT4A
XP_009025290.1	XP_047272623.1	0	N/A	38.667	300	41	2.8e-49	183	terminal nucleotidyltransferase 4A isoform X2 [Homo sapiens]	TRUE	TENT4A
XP_009025290.1	XP_016864477.1	0	N/A	38.667	300	41	2.8e-49	183	terminal nucleotidyltransferase 4A isoform X2 [Homo sapiens]	TRUE	TENT4A
XP_009025290.1	XP_047272624.1	0	N/A	38.667	300	41	3.03e-49	183	terminal nucleotidyltransferase 4A isoform X3 [Homo sapiens]	TRUE	TENT4A
XP_009025290.1	NP_001375042.1	0	N/A	22.26	292	36	8.82e-09	60.8	poly(A) RNA polymerase GLD2 isoform 16 [Homo sapiens]	TRUE	TENT2
XP_009025290.1	XP_047272808.1	0	N/A	22.26	292	36	9.72e-09	60.8	poly(A) RNA polymerase GLD2 isoform X3 [Homo sapiens]	TRUE	TENT2
XP_009025290.1	XP_047272807.1	0	N/A	22.26	292	36	9.72e-09	60.8	poly(A) RNA polymerase GLD2 isoform X3 [Homo sapiens]	TRUE	TENT2
XP_009025290.1	XP_047272806.1	0	N/A	22.26	292	36	9.72e-09	60.8	poly(A) RNA polymerase GLD2 isoform X3 [Homo sapiens]	TRUE	TENT2
XP_009025290.1	NP_776158.2	0	N/A	22.26	292	36	9.72e-09	60.8	poly(A) RNA polymerase GLD2 isoform 1 [Homo sapiens]	TRUE	TENT2
XP_009025290.1	NP_001375041.1	0	N/A	22.26	292	36	9.72e-09	60.8	poly(A) RNA polymerase GLD2 isoform 1 [Homo sapiens]	TRUE	TENT2
XP_009025290.1	NP_001375040.1	0	N/A	22.26	292	36	9.72e-09	60.8	poly(A) RNA polymerase GLD2 isoform 1 [Homo sapiens]	TRUE	TENT2
XP_009025290.1	NP_001375039.1	0	N/A	22.26	292	36	9.72e-09	60.8	poly(A) RNA polymerase GLD2 isoform 1 [Homo sapiens]	TRUE	TENT2
XP_009025290.1	NP_001375038.1	0	N/A	22.26	292	36	9.72e-09	60.8	poly(A) RNA polymerase GLD2 isoform 1 [Homo sapiens]	TRUE	TENT2
XP_009025290.1	NP_001375037.1	0	N/A	22.26	292	36	9.72e-09	60.8	poly(A) RNA polymerase GLD2 isoform 1 [Homo sapiens]	TRUE	TENT2
XP_009025290.1	NP_001375036.1	0	N/A	22.26	292	36	9.72e-09	60.8	poly(A) RNA polymerase GLD2 isoform 1 [Homo sapiens]	TRUE	TENT2
XP_009025290.1	NP_001375035.1	0	N/A	22.26	292	36	9.72e-09	60.8	poly(A) RNA polymerase GLD2 isoform 1 [Homo sapiens]	TRUE	TENT2
XP_009025290.1	NP_001375034.1	0	N/A	22.26	292	36	9.72e-09	60.8	poly(A) RNA polymerase GLD2 isoform 1 [Homo sapiens]	TRUE	TENT2
XP_009025290.1	NP_001375032.1	0	N/A	22.26	292	36	9.72e-09	60.8	poly(A) RNA polymerase GLD2 isoform 1 [Homo sapiens]	TRUE	TENT2
XP_009025290.1	NP_001375031.1	0	N/A	22.26	292	36	9.72e-09	60.8	poly(A) RNA polymerase GLD2 isoform 1 [Homo sapiens]	TRUE	TENT2
XP_009025290.1	NP_001336482.1	0	N/A	22.26	292	36	9.72e-09	60.8	poly(A) RNA polymerase GLD2 isoform 1 [Homo sapiens]	TRUE	TENT2
XP_009025290.1	NP_001336481.1	0	N/A	22.26	292	36	9.72e-09	60.8	poly(A) RNA polymerase GLD2 isoform 1 [Homo sapiens]	TRUE	TENT2
XP_009025290.1	NP_001107866.1	0	N/A	22.26	292	36	9.72e-09	60.8	poly(A) RNA polymerase GLD2 isoform 1 [Homo sapiens]	TRUE	TENT2
XP_009025290.1	NP_001107865.1	0	N/A	22.26	292	36	9.72e-09	60.8	poly(A) RNA polymerase GLD2 isoform 1 [Homo sapiens]	TRUE	TENT2
XP_009025290.1	NP_001375060.1	0	N/A	22.26	292	36	9.84e-09	60.8	poly(A) RNA polymerase GLD2 isoform 11 [Homo sapiens]	TRUE	TENT2
XP_009025290.1	NP_001336477.1	0	N/A	23.558	208	25	1.59e-08	58.9	poly(A) RNA polymerase GLD2 isoform 4 [Homo sapiens]	TRUE	TENT2
XP_009025290.1	NP_001375061.1	0	N/A	23.558	208	25	1.6e-08	60.1	poly(A) RNA polymerase GLD2 isoform 12 [Homo sapiens]	TRUE	TENT2
XP_009025290.1	XP_047272811.1	0	N/A	23.558	208	25	1.73e-08	60.1	poly(A) RNA polymerase GLD2 isoform X4 [Homo sapiens]	TRUE	TENT2
XP_009025290.1	XP_047272810.1	0	N/A	23.558	208	25	1.73e-08	60.1	poly(A) RNA polymerase GLD2 isoform X4 [Homo sapiens]	TRUE	TENT2
XP_009025290.1	XP_047272809.1	0	N/A	23.558	208	25	1.73e-08	60.1	poly(A) RNA polymerase GLD2 isoform X4 [Homo sapiens]	TRUE	TENT2
XP_009025290.1	NP_001375058.1	0	N/A	23.558	208	25	1.73e-08	60.1	poly(A) RNA polymerase GLD2 isoform 2 [Homo sapiens]	TRUE	TENT2
XP_009025290.1	NP_001375057.1	0	N/A	23.558	208	25	1.73e-08	60.1	poly(A) RNA polymerase GLD2 isoform 2 [Homo sapiens]	TRUE	TENT2
XP_009025290.1	NP_001375056.1	0	N/A	23.558	208	25	1.73e-08	60.1	poly(A) RNA polymerase GLD2 isoform 2 [Homo sapiens]	TRUE	TENT2
XP_009025290.1	NP_001375055.1	0	N/A	23.558	208	25	1.73e-08	60.1	poly(A) RNA polymerase GLD2 isoform 2 [Homo sapiens]	TRUE	TENT2
XP_009025290.1	NP_001375054.1	0	N/A	23.558	208	25	1.73e-08	60.1	poly(A) RNA polymerase GLD2 isoform 2 [Homo sapiens]	TRUE	TENT2
XP_009025290.1	NP_001375053.1	0	N/A	23.558	208	25	1.73e-08	60.1	poly(A) RNA polymerase GLD2 isoform 2 [Homo sapiens]	TRUE	TENT2
XP_009025290.1	NP_001375052.1	0	N/A	23.558	208	25	1.73e-08	60.1	poly(A) RNA polymerase GLD2 isoform 2 [Homo sapiens]	TRUE	TENT2
XP_009025290.1	NP_001375051.1	0	N/A	23.558	208	25	1.73e-08	60.1	poly(A) RNA polymerase GLD2 isoform 2 [Homo sapiens]	TRUE	TENT2
XP_009025290.1	NP_001375050.1	0	N/A	23.558	208	25	1.73e-08	60.1	poly(A) RNA polymerase GLD2 isoform 2 [Homo sapiens]	TRUE	TENT2
XP_009025290.1	NP_001375049.1	0	N/A	23.558	208	25	1.73e-08	60.1	poly(A) RNA polymerase GLD2 isoform 2 [Homo sapiens]	TRUE	TENT2
XP_009025290.1	NP_001375048.1	0	N/A	23.558	208	25	1.73e-08	60.1	poly(A) RNA polymerase GLD2 isoform 2 [Homo sapiens]	TRUE	TENT2
XP_009025290.1	NP_001375047.1	0	N/A	23.558	208	25	1.73e-08	60.1	poly(A) RNA polymerase GLD2 isoform 2 [Homo sapiens]	TRUE	TENT2
XP_009025290.1	NP_001375046.1	0	N/A	23.558	208	25	1.73e-08	60.1	poly(A) RNA polymerase GLD2 isoform 2 [Homo sapiens]	TRUE	TENT2
XP_009025290.1	NP_001375045.1	0	N/A	23.558	208	25	1.73e-08	60.1	poly(A) RNA polymerase GLD2 isoform 2 [Homo sapiens]	TRUE	TENT2
XP_009025290.1	NP_001375044.1	0	N/A	23.558	208	25	1.73e-08	60.1	poly(A) RNA polymerase GLD2 isoform 2 [Homo sapiens]	TRUE	TENT2
XP_009025290.1	NP_001375043.1	0	N/A	23.558	208	25	1.73e-08	60.1	poly(A) RNA polymerase GLD2 isoform 2 [Homo sapiens]	TRUE	TENT2
XP_009025290.1	NP_001336483.1	0	N/A	23.558	208	25	1.73e-08	60.1	poly(A) RNA polymerase GLD2 isoform 2 [Homo sapiens]	TRUE	TENT2
XP_009025290.1	NP_001284673.1	0	N/A	23.558	208	25	1.73e-08	60.1	poly(A) RNA polymerase GLD2 isoform 2 [Homo sapiens]	TRUE	TENT2
XP_009025290.1	NP_001375059.1	0	N/A	23.558	208	25	1.75e-08	60.1	poly(A) RNA polymerase GLD2 isoform 10 [Homo sapiens]	TRUE	TENT2
XP_009025290.1	XP_047272805.1	0	N/A	23.558	208	25	1.97e-08	60.1	poly(A) RNA polymerase GLD2 isoform X2 [Homo sapiens]	TRUE	TENT2
XP_009025290.1	XP_047272804.1	0	N/A	23.558	208	25	1.97e-08	60.1	poly(A) RNA polymerase GLD2 isoform X2 [Homo sapiens]	TRUE	TENT2
XP_009025290.1	XP_047272803.1	0	N/A	23.558	208	25	1.97e-08	60.1	poly(A) RNA polymerase GLD2 isoform X2 [Homo sapiens]	TRUE	TENT2
XP_009025290.1	XP_047272802.1	0	N/A	23.558	208	25	1.97e-08	60.1	poly(A) RNA polymerase GLD2 isoform X2 [Homo sapiens]	TRUE	TENT2
XP_009025290.1	XP_016864641.1	0	N/A	23.558	208	25	1.97e-08	60.1	poly(A) RNA polymerase GLD2 isoform X2 [Homo sapiens]	TRUE	TENT2
XP_009025290.1	NP_001375026.1	0	N/A	23.558	208	25	1.97e-08	60.1	poly(A) RNA polymerase GLD2 isoform 6 [Homo sapiens]	TRUE	TENT2
XP_009025290.1	NP_001375025.1	0	N/A	23.558	208	25	1.97e-08	60.1	poly(A) RNA polymerase GLD2 isoform 6 [Homo sapiens]	TRUE	TENT2
XP_009025290.1	NP_001375024.1	0	N/A	23.558	208	25	1.97e-08	60.1	poly(A) RNA polymerase GLD2 isoform 6 [Homo sapiens]	TRUE	TENT2
XP_009025290.1	NP_001336480.1	0	N/A	23.558	208	25	1.97e-08	60.1	poly(A) RNA polymerase GLD2 isoform 6 [Homo sapiens]	TRUE	TENT2
XP_009025290.1	NP_001375027.1	0	N/A	23.558	208	25	2.01e-08	60.1	poly(A) RNA polymerase GLD2 isoform 7 [Homo sapiens]	TRUE	TENT2
XP_009025290.1	XP_047272801.1	0	N/A	23.558	208	25	2.04e-08	60.1	poly(A) RNA polymerase GLD2 isoform X1 [Homo sapiens]	TRUE	TENT2
XP_009025290.1	XP_047272800.1	0	N/A	23.558	208	25	2.04e-08	60.1	poly(A) RNA polymerase GLD2 isoform X1 [Homo sapiens]	TRUE	TENT2
XP_009025290.1	XP_011541527.1	0	N/A	23.558	208	25	2.04e-08	60.1	poly(A) RNA polymerase GLD2 isoform X1 [Homo sapiens]	TRUE	TENT2
XP_009025290.1	XP_011541526.1	0	N/A	23.558	208	25	2.04e-08	60.1	poly(A) RNA polymerase GLD2 isoform X1 [Homo sapiens]	TRUE	TENT2
XP_009025290.1	XP_011541523.1	0	N/A	23.558	208	25	2.04e-08	60.1	poly(A) RNA polymerase GLD2 isoform X1 [Homo sapiens]	TRUE	TENT2
XP_009025290.1	XP_011541522.1	0	N/A	23.558	208	25	2.04e-08	60.1	poly(A) RNA polymerase GLD2 isoform X1 [Homo sapiens]	TRUE	TENT2
XP_009025290.1	NP_001375023.1	0	N/A	23.558	208	25	2.04e-08	60.1	poly(A) RNA polymerase GLD2 isoform 5 [Homo sapiens]	TRUE	TENT2
XP_009025290.1	NP_001375022.1	0	N/A	23.558	208	25	2.04e-08	60.1	poly(A) RNA polymerase GLD2 isoform 5 [Homo sapiens]	TRUE	TENT2
XP_009025290.1	NP_001336479.1	0	N/A	23.558	208	25	2.04e-08	60.1	poly(A) RNA polymerase GLD2 isoform 5 [Homo sapiens]	TRUE	TENT2
XP_009025290.1	NP_001336478.1	0	N/A	23.558	208	25	2.04e-08	60.1	poly(A) RNA polymerase GLD2 isoform 5 [Homo sapiens]	TRUE	TENT2
XP_009025290.1	NP_001375029.1	0	N/A	23.558	208	25	2.24e-08	59.7	poly(A) RNA polymerase GLD2 isoform 8 [Homo sapiens]	TRUE	TENT2
XP_009025290.1	NP_001375028.1	0	N/A	23.558	208	25	2.24e-08	59.7	poly(A) RNA polymerase GLD2 isoform 8 [Homo sapiens]	TRUE	TENT2
XP_009025290.1	NP_001375030.1	0	N/A	23.558	208	25	2.27e-08	59.7	poly(A) RNA polymerase GLD2 isoform 9 [Homo sapiens]	TRUE	TENT2
XP_009025290.1	NP_001375065.1	0	N/A	23.558	208	25	4.15e-08	58.5	poly(A) RNA polymerase GLD2 isoform 14 [Homo sapiens]	TRUE	TENT2
XP_009025290.1	XP_047272820.1	0	N/A	23.558	208	25	5.08e-08	57	poly(A) RNA polymerase GLD2 isoform X11 [Homo sapiens]	TRUE	TENT2
XP_009025290.1	NP_001317647.1	0	N/A	21.708	281	34	1.03e-06	54.7	terminal uridylyltransferase 7 isoform 3 [Homo sapiens]	TRUE	Tut7
XP_009025290.1	XP_047279823.1	0	N/A	21.754	285	35	1.74e-06	54.3	terminal uridylyltransferase 7 isoform X2 [Homo sapiens]	TRUE	Tut7
XP_009025290.1	XP_006717346.1	0	N/A	21.754	285	35	1.74e-06	54.3	terminal uridylyltransferase 7 isoform X2 [Homo sapiens]	TRUE	Tut7
XP_009025290.1	XP_011517318.1	0	N/A	21.754	285	35	1.74e-06	54.3	terminal uridylyltransferase 7 isoform X5 [Homo sapiens]	TRUE	Tut7
XP_009025290.1	XP_047279825.1	0	N/A	21.754	285	35	1.83e-06	54.3	terminal uridylyltransferase 7 isoform X6 [Homo sapiens]	TRUE	Tut7
XP_009025290.1	XP_047279824.1	0	N/A	21.754	285	35	1.83e-06	54.3	terminal uridylyltransferase 7 isoform X6 [Homo sapiens]	TRUE	Tut7
XP_009025290.1	XP_005252264.1	0	N/A	21.754	285	35	1.83e-06	54.3	terminal uridylyltransferase 7 isoform X6 [Homo sapiens]	TRUE	Tut7
XP_009025290.1	XP_016870620.1	0	N/A	21.754	285	35	1.95e-06	54.3	terminal uridylyltransferase 7 isoform X4 [Homo sapiens]	TRUE	Tut7
XP_009025290.1	XP_016870619.1	0	N/A	21.754	285	35	1.95e-06	54.3	terminal uridylyltransferase 7 isoform X4 [Homo sapiens]	TRUE	Tut7
XP_009025290.1	NP_078893.2	0	N/A	21.754	285	35	1.95e-06	54.3	terminal uridylyltransferase 7 isoform 1 [Homo sapiens]	TRUE	Tut7
XP_009025290.1	NP_001171988.1	0	N/A	21.754	285	35	1.95e-06	54.3	terminal uridylyltransferase 7 isoform 1 [Homo sapiens]	TRUE	Tut7
XP_009025290.1	XP_011517317.1	0	N/A	21.754	285	35	2.01e-06	53.9	terminal uridylyltransferase 7 isoform X3 [Homo sapiens]	TRUE	Tut7
XP_009025290.1	XP_005252265.1	0	N/A	21.754	285	35	2.09e-06	53.9	terminal uridylyltransferase 7 isoform X7 [Homo sapiens]	TRUE	Tut7
XP_009025333.1	NP_001375065.1	0	N/A	37.5	376	76	2.88e-62	209	poly(A) RNA polymerase GLD2 isoform 14 [Homo sapiens]	TRUE	TENT2
XP_009025333.1	XP_047272811.1	0	N/A	36.476	403	81	2.29e-61	210	poly(A) RNA polymerase GLD2 isoform X4 [Homo sapiens]	TRUE	TENT2
XP_009025333.1	XP_047272810.1	0	N/A	36.476	403	81	2.29e-61	210	poly(A) RNA polymerase GLD2 isoform X4 [Homo sapiens]	TRUE	TENT2
XP_009025333.1	XP_047272809.1	0	N/A	36.476	403	81	2.29e-61	210	poly(A) RNA polymerase GLD2 isoform X4 [Homo sapiens]	TRUE	TENT2
XP_009025333.1	NP_001375058.1	0	N/A	36.476	403	81	2.29e-61	210	poly(A) RNA polymerase GLD2 isoform 2 [Homo sapiens]	TRUE	TENT2
XP_009025333.1	NP_001375057.1	0	N/A	36.476	403	81	2.29e-61	210	poly(A) RNA polymerase GLD2 isoform 2 [Homo sapiens]	TRUE	TENT2
XP_009025333.1	NP_001375056.1	0	N/A	36.476	403	81	2.29e-61	210	poly(A) RNA polymerase GLD2 isoform 2 [Homo sapiens]	TRUE	TENT2
XP_009025333.1	NP_001375055.1	0	N/A	36.476	403	81	2.29e-61	210	poly(A) RNA polymerase GLD2 isoform 2 [Homo sapiens]	TRUE	TENT2
XP_009025333.1	NP_001375054.1	0	N/A	36.476	403	81	2.29e-61	210	poly(A) RNA polymerase GLD2 isoform 2 [Homo sapiens]	TRUE	TENT2
XP_009025333.1	NP_001375053.1	0	N/A	36.476	403	81	2.29e-61	210	poly(A) RNA polymerase GLD2 isoform 2 [Homo sapiens]	TRUE	TENT2
XP_009025333.1	NP_001375052.1	0	N/A	36.476	403	81	2.29e-61	210	poly(A) RNA polymerase GLD2 isoform 2 [Homo sapiens]	TRUE	TENT2
XP_009025333.1	NP_001375051.1	0	N/A	36.476	403	81	2.29e-61	210	poly(A) RNA polymerase GLD2 isoform 2 [Homo sapiens]	TRUE	TENT2
XP_009025333.1	NP_001375050.1	0	N/A	36.476	403	81	2.29e-61	210	poly(A) RNA polymerase GLD2 isoform 2 [Homo sapiens]	TRUE	TENT2
XP_009025333.1	NP_001375049.1	0	N/A	36.476	403	81	2.29e-61	210	poly(A) RNA polymerase GLD2 isoform 2 [Homo sapiens]	TRUE	TENT2
XP_009025333.1	NP_001375048.1	0	N/A	36.476	403	81	2.29e-61	210	poly(A) RNA polymerase GLD2 isoform 2 [Homo sapiens]	TRUE	TENT2
XP_009025333.1	NP_001375047.1	0	N/A	36.476	403	81	2.29e-61	210	poly(A) RNA polymerase GLD2 isoform 2 [Homo sapiens]	TRUE	TENT2
XP_009025333.1	NP_001375046.1	0	N/A	36.476	403	81	2.29e-61	210	poly(A) RNA polymerase GLD2 isoform 2 [Homo sapiens]	TRUE	TENT2
XP_009025333.1	NP_001375045.1	0	N/A	36.476	403	81	2.29e-61	210	poly(A) RNA polymerase GLD2 isoform 2 [Homo sapiens]	TRUE	TENT2
XP_009025333.1	NP_001375044.1	0	N/A	36.476	403	81	2.29e-61	210	poly(A) RNA polymerase GLD2 isoform 2 [Homo sapiens]	TRUE	TENT2
XP_009025333.1	NP_001375043.1	0	N/A	36.476	403	81	2.29e-61	210	poly(A) RNA polymerase GLD2 isoform 2 [Homo sapiens]	TRUE	TENT2
XP_009025333.1	NP_001336483.1	0	N/A	36.476	403	81	2.29e-61	210	poly(A) RNA polymerase GLD2 isoform 2 [Homo sapiens]	TRUE	TENT2
XP_009025333.1	NP_001284673.1	0	N/A	36.476	403	81	2.29e-61	210	poly(A) RNA polymerase GLD2 isoform 2 [Homo sapiens]	TRUE	TENT2
XP_009025333.1	NP_001375061.1	0	N/A	36.476	403	81	2.43e-61	209	poly(A) RNA polymerase GLD2 isoform 12 [Homo sapiens]	TRUE	TENT2
XP_009025333.1	NP_001375059.1	0	N/A	36.476	403	81	2.62e-61	210	poly(A) RNA polymerase GLD2 isoform 10 [Homo sapiens]	TRUE	TENT2
XP_009025333.1	NP_001375060.1	0	N/A	35.714	406	81	1.24e-60	207	poly(A) RNA polymerase GLD2 isoform 11 [Homo sapiens]	TRUE	TENT2
XP_009025333.1	NP_001375042.1	0	N/A	35.714	406	81	1.72e-60	207	poly(A) RNA polymerase GLD2 isoform 16 [Homo sapiens]	TRUE	TENT2
XP_009025333.1	XP_047272808.1	0	N/A	35.714	406	81	1.83e-60	207	poly(A) RNA polymerase GLD2 isoform X3 [Homo sapiens]	TRUE	TENT2
XP_009025333.1	XP_047272807.1	0	N/A	35.714	406	81	1.83e-60	207	poly(A) RNA polymerase GLD2 isoform X3 [Homo sapiens]	TRUE	TENT2
XP_009025333.1	XP_047272806.1	0	N/A	35.714	406	81	1.83e-60	207	poly(A) RNA polymerase GLD2 isoform X3 [Homo sapiens]	TRUE	TENT2
XP_009025333.1	NP_776158.2	0	N/A	35.714	406	81	1.83e-60	207	poly(A) RNA polymerase GLD2 isoform 1 [Homo sapiens]	TRUE	TENT2
XP_009025333.1	NP_001375041.1	0	N/A	35.714	406	81	1.83e-60	207	poly(A) RNA polymerase GLD2 isoform 1 [Homo sapiens]	TRUE	TENT2
XP_009025333.1	NP_001375040.1	0	N/A	35.714	406	81	1.83e-60	207	poly(A) RNA polymerase GLD2 isoform 1 [Homo sapiens]	TRUE	TENT2
XP_009025333.1	NP_001375039.1	0	N/A	35.714	406	81	1.83e-60	207	poly(A) RNA polymerase GLD2 isoform 1 [Homo sapiens]	TRUE	TENT2
XP_009025333.1	NP_001375038.1	0	N/A	35.714	406	81	1.83e-60	207	poly(A) RNA polymerase GLD2 isoform 1 [Homo sapiens]	TRUE	TENT2
XP_009025333.1	NP_001375037.1	0	N/A	35.714	406	81	1.83e-60	207	poly(A) RNA polymerase GLD2 isoform 1 [Homo sapiens]	TRUE	TENT2
XP_009025333.1	NP_001375036.1	0	N/A	35.714	406	81	1.83e-60	207	poly(A) RNA polymerase GLD2 isoform 1 [Homo sapiens]	TRUE	TENT2
XP_009025333.1	NP_001375035.1	0	N/A	35.714	406	81	1.83e-60	207	poly(A) RNA polymerase GLD2 isoform 1 [Homo sapiens]	TRUE	TENT2
XP_009025333.1	NP_001375034.1	0	N/A	35.714	406	81	1.83e-60	207	poly(A) RNA polymerase GLD2 isoform 1 [Homo sapiens]	TRUE	TENT2
XP_009025333.1	NP_001375032.1	0	N/A	35.714	406	81	1.83e-60	207	poly(A) RNA polymerase GLD2 isoform 1 [Homo sapiens]	TRUE	TENT2
XP_009025333.1	NP_001375031.1	0	N/A	35.714	406	81	1.83e-60	207	poly(A) RNA polymerase GLD2 isoform 1 [Homo sapiens]	TRUE	TENT2
XP_009025333.1	NP_001336482.1	0	N/A	35.714	406	81	1.83e-60	207	poly(A) RNA polymerase GLD2 isoform 1 [Homo sapiens]	TRUE	TENT2
XP_009025333.1	NP_001336481.1	0	N/A	35.714	406	81	1.83e-60	207	poly(A) RNA polymerase GLD2 isoform 1 [Homo sapiens]	TRUE	TENT2
XP_009025333.1	NP_001107866.1	0	N/A	35.714	406	81	1.83e-60	207	poly(A) RNA polymerase GLD2 isoform 1 [Homo sapiens]	TRUE	TENT2
XP_009025333.1	NP_001107865.1	0	N/A	35.714	406	81	1.83e-60	207	poly(A) RNA polymerase GLD2 isoform 1 [Homo sapiens]	TRUE	TENT2
XP_009025333.1	NP_001375030.1	0	N/A	36.077	413	81	1.72e-58	202	poly(A) RNA polymerase GLD2 isoform 9 [Homo sapiens]	TRUE	TENT2
XP_009025333.1	NP_001375027.1	0	N/A	33.958	427	81	5.94e-58	201	poly(A) RNA polymerase GLD2 isoform 7 [Homo sapiens]	TRUE	TENT2
XP_009025333.1	XP_047272805.1	0	N/A	33.958	427	81	6.26e-58	201	poly(A) RNA polymerase GLD2 isoform X2 [Homo sapiens]	TRUE	TENT2
XP_009025333.1	XP_047272804.1	0	N/A	33.958	427	81	6.26e-58	201	poly(A) RNA polymerase GLD2 isoform X2 [Homo sapiens]	TRUE	TENT2
XP_009025333.1	XP_047272803.1	0	N/A	33.958	427	81	6.26e-58	201	poly(A) RNA polymerase GLD2 isoform X2 [Homo sapiens]	TRUE	TENT2
XP_009025333.1	XP_047272802.1	0	N/A	33.958	427	81	6.26e-58	201	poly(A) RNA polymerase GLD2 isoform X2 [Homo sapiens]	TRUE	TENT2
XP_009025333.1	XP_016864641.1	0	N/A	33.958	427	81	6.26e-58	201	poly(A) RNA polymerase GLD2 isoform X2 [Homo sapiens]	TRUE	TENT2
XP_009025333.1	NP_001375026.1	0	N/A	33.958	427	81	6.26e-58	201	poly(A) RNA polymerase GLD2 isoform 6 [Homo sapiens]	TRUE	TENT2
XP_009025333.1	NP_001375025.1	0	N/A	33.958	427	81	6.26e-58	201	poly(A) RNA polymerase GLD2 isoform 6 [Homo sapiens]	TRUE	TENT2
XP_009025333.1	NP_001375024.1	0	N/A	33.958	427	81	6.26e-58	201	poly(A) RNA polymerase GLD2 isoform 6 [Homo sapiens]	TRUE	TENT2
XP_009025333.1	NP_001336480.1	0	N/A	33.958	427	81	6.26e-58	201	poly(A) RNA polymerase GLD2 isoform 6 [Homo sapiens]	TRUE	TENT2
XP_009025333.1	NP_001375029.1	0	N/A	35.337	416	81	1.29e-57	200	poly(A) RNA polymerase GLD2 isoform 8 [Homo sapiens]	TRUE	TENT2
XP_009025333.1	NP_001375028.1	0	N/A	35.337	416	81	1.29e-57	200	poly(A) RNA polymerase GLD2 isoform 8 [Homo sapiens]	TRUE	TENT2
XP_009025333.1	XP_047272801.1	0	N/A	34.107	431	81	3.48e-57	199	poly(A) RNA polymerase GLD2 isoform X1 [Homo sapiens]	TRUE	TENT2
XP_009025333.1	XP_047272800.1	0	N/A	34.107	431	81	3.48e-57	199	poly(A) RNA polymerase GLD2 isoform X1 [Homo sapiens]	TRUE	TENT2
XP_009025333.1	XP_011541527.1	0	N/A	34.107	431	81	3.48e-57	199	poly(A) RNA polymerase GLD2 isoform X1 [Homo sapiens]	TRUE	TENT2
XP_009025333.1	XP_011541526.1	0	N/A	34.107	431	81	3.48e-57	199	poly(A) RNA polymerase GLD2 isoform X1 [Homo sapiens]	TRUE	TENT2
XP_009025333.1	XP_011541523.1	0	N/A	34.107	431	81	3.48e-57	199	poly(A) RNA polymerase GLD2 isoform X1 [Homo sapiens]	TRUE	TENT2
XP_009025333.1	XP_011541522.1	0	N/A	34.107	431	81	3.48e-57	199	poly(A) RNA polymerase GLD2 isoform X1 [Homo sapiens]	TRUE	TENT2
XP_009025333.1	NP_001375023.1	0	N/A	34.107	431	81	3.48e-57	199	poly(A) RNA polymerase GLD2 isoform 5 [Homo sapiens]	TRUE	TENT2
XP_009025333.1	NP_001375022.1	0	N/A	34.107	431	81	3.48e-57	199	poly(A) RNA polymerase GLD2 isoform 5 [Homo sapiens]	TRUE	TENT2
XP_009025333.1	NP_001336479.1	0	N/A	34.107	431	81	3.48e-57	199	poly(A) RNA polymerase GLD2 isoform 5 [Homo sapiens]	TRUE	TENT2
XP_009025333.1	NP_001336478.1	0	N/A	34.107	431	81	3.48e-57	199	poly(A) RNA polymerase GLD2 isoform 5 [Homo sapiens]	TRUE	TENT2
XP_009025333.1	XP_047272820.1	0	N/A	41.102	236	48	4.5e-47	166	poly(A) RNA polymerase GLD2 isoform X11 [Homo sapiens]	TRUE	TENT2
XP_009025333.1	NP_001336477.1	0	N/A	41.102	236	48	5.91e-47	165	poly(A) RNA polymerase GLD2 isoform 4 [Homo sapiens]	TRUE	TENT2
XP_009025333.1	NP_001317647.1	0	N/A	35.612	278	57	4.68e-42	162	terminal uridylyltransferase 7 isoform 3 [Homo sapiens]	TRUE	Tut7
XP_009025333.1	XP_047279825.1	0	N/A	35.612	278	57	1.25e-41	161	terminal uridylyltransferase 7 isoform X6 [Homo sapiens]	TRUE	Tut7
XP_009025333.1	XP_047279824.1	0	N/A	35.612	278	57	1.25e-41	161	terminal uridylyltransferase 7 isoform X6 [Homo sapiens]	TRUE	Tut7
XP_009025333.1	XP_005252264.1	0	N/A	35.612	278	57	1.25e-41	161	terminal uridylyltransferase 7 isoform X6 [Homo sapiens]	TRUE	Tut7
XP_009025333.1	XP_016870620.1	0	N/A	35.612	278	57	1.26e-41	161	terminal uridylyltransferase 7 isoform X4 [Homo sapiens]	TRUE	Tut7
XP_009025333.1	XP_016870619.1	0	N/A	35.612	278	57	1.26e-41	161	terminal uridylyltransferase 7 isoform X4 [Homo sapiens]	TRUE	Tut7
XP_009025333.1	NP_078893.2	0	N/A	35.612	278	57	1.26e-41	161	terminal uridylyltransferase 7 isoform 1 [Homo sapiens]	TRUE	Tut7
XP_009025333.1	NP_001171988.1	0	N/A	35.612	278	57	1.26e-41	161	terminal uridylyltransferase 7 isoform 1 [Homo sapiens]	TRUE	Tut7
XP_009025333.1	XP_047279823.1	0	N/A	35.612	278	57	1.27e-41	161	terminal uridylyltransferase 7 isoform X2 [Homo sapiens]	TRUE	Tut7
XP_009025333.1	XP_006717346.1	0	N/A	35.612	278	57	1.27e-41	161	terminal uridylyltransferase 7 isoform X2 [Homo sapiens]	TRUE	Tut7
XP_009025333.1	XP_011517317.1	0	N/A	35.612	278	57	1.36e-41	161	terminal uridylyltransferase 7 isoform X3 [Homo sapiens]	TRUE	Tut7
XP_009025333.1	XP_011517318.1	0	N/A	35.612	278	57	1.45e-41	161	terminal uridylyltransferase 7 isoform X5 [Homo sapiens]	TRUE	Tut7
XP_009025333.1	XP_011517316.1	0	N/A	35.612	278	57	1.53e-41	161	terminal uridylyltransferase 7 isoform X1 [Homo sapiens]	TRUE	Tut7
XP_009025333.1	XP_011517315.1	0	N/A	35.612	278	57	1.53e-41	161	terminal uridylyltransferase 7 isoform X1 [Homo sapiens]	TRUE	Tut7
XP_009025333.1	XP_011517314.1	0	N/A	35.612	278	57	1.53e-41	161	terminal uridylyltransferase 7 isoform X1 [Homo sapiens]	TRUE	Tut7
XP_009025333.1	XP_011517313.1	0	N/A	35.612	278	57	1.53e-41	161	terminal uridylyltransferase 7 isoform X1 [Homo sapiens]	TRUE	Tut7
XP_009025333.1	XP_005252265.1	0	N/A	35.612	278	57	1.78e-41	161	terminal uridylyltransferase 7 isoform X7 [Homo sapiens]	TRUE	Tut7
XP_009025333.1	XP_047272818.1	0	N/A	39.844	256	50	1.95e-39	148	poly(A) RNA polymerase GLD2 isoform X10 [Homo sapiens]	TRUE	TENT2
XP_009025333.1	XP_047272815.1	0	N/A	31.514	403	81	2.08e-37	144	poly(A) RNA polymerase GLD2 isoform X7 [Homo sapiens]	TRUE	TENT2
XP_009025333.1	NP_001375064.1	0	N/A	31.514	403	81	2.08e-37	144	poly(A) RNA polymerase GLD2 isoform 13 [Homo sapiens]	TRUE	TENT2
XP_009025333.1	NP_001375063.1	0	N/A	31.514	403	81	2.08e-37	144	poly(A) RNA polymerase GLD2 isoform 13 [Homo sapiens]	TRUE	TENT2
XP_009025333.1	NP_001375066.1	0	N/A	38.813	219	45	4.44e-37	140	poly(A) RNA polymerase GLD2 isoform 15 [Homo sapiens]	TRUE	TENT2
XP_009025333.1	XP_047272817.1	0	N/A	36.364	275	50	7.65e-37	141	poly(A) RNA polymerase GLD2 isoform X9 [Homo sapiens]	TRUE	TENT2
XP_009025333.1	XP_047272814.1	0	N/A	30.788	406	81	1.47e-36	142	poly(A) RNA polymerase GLD2 isoform X6 [Homo sapiens]	TRUE	TENT2
XP_009025333.1	XP_047272813.1	0	N/A	30.788	406	81	1.47e-36	142	poly(A) RNA polymerase GLD2 isoform X6 [Homo sapiens]	TRUE	TENT2
XP_009025333.1	XP_047272812.1	0	N/A	30.788	406	81	1.47e-36	142	poly(A) RNA polymerase GLD2 isoform X6 [Homo sapiens]	TRUE	TENT2
XP_009025333.1	NP_001375062.1	0	N/A	30.788	406	81	1.47e-36	142	poly(A) RNA polymerase GLD2 isoform 3 [Homo sapiens]	TRUE	TENT2
XP_009025333.1	NP_001284674.1	0	N/A	30.788	406	81	1.47e-36	142	poly(A) RNA polymerase GLD2 isoform 3 [Homo sapiens]	TRUE	TENT2
XP_009025333.1	XP_047272816.1	0	N/A	36.559	279	50	4.31e-36	139	poly(A) RNA polymerase GLD2 isoform X8 [Homo sapiens]	TRUE	TENT2
XP_009025333.1	XP_011541531.1	0	N/A	29.466	431	81	1.21e-33	134	poly(A) RNA polymerase GLD2 isoform X5 [Homo sapiens]	TRUE	TENT2
XP_009025333.1	XP_047272305.1	0	N/A	32.18	289	56	1.44e-33	137	terminal uridylyltransferase 4 isoform X17 [Homo sapiens]	TRUE	Tut4
XP_009025577.1	NP_001399685.1	0	N/A	32.039	103	39	9.33e-09	58.2	acid-sensing ion channel 1 isoform d [Homo sapiens]	FALSE	NA
XP_009025577.1	XP_011536654.1	0	N/A	32.039	103	39	9.46e-09	58.2	acid-sensing ion channel 1 isoform X2 [Homo sapiens]	FALSE	NA
XP_009025577.1	XP_011536652.1	0	N/A	32.039	103	39	9.51e-09	58.2	acid-sensing ion channel 1 isoform X1 [Homo sapiens]	FALSE	NA
XP_009025577.1	NP_001399686.1	0	N/A	32.039	103	39	9.81e-09	58.2	acid-sensing ion channel 1 isoform b [Homo sapiens]	FALSE	NA
XP_009025577.1	NP_001086.2	0	N/A	32.039	103	39	9.81e-09	58.2	acid-sensing ion channel 1 isoform b [Homo sapiens]	FALSE	NA
XP_009025577.1	NP_001399689.1	0	N/A	32.039	103	39	9.81e-09	57.4	acid-sensing ion channel 1 isoform f [Homo sapiens]	FALSE	NA
XP_009025577.1	NP_001399688.1	0	N/A	32.039	103	39	9.81e-09	57.4	acid-sensing ion channel 1 isoform f [Homo sapiens]	FALSE	NA
XP_009025577.1	NP_001399691.1	0	N/A	32.039	103	39	1e-08	57.4	acid-sensing ion channel 1 isoform g [Homo sapiens]	FALSE	NA
XP_009025577.1	NP_001399690.1	0	N/A	32.039	103	39	1e-08	57.4	acid-sensing ion channel 1 isoform g [Homo sapiens]	FALSE	NA
XP_009025577.1	NP_001243759.1	0	N/A	30.275	109	42	1.54e-08	57.4	acid-sensing ion channel 1 isoform c [Homo sapiens]	FALSE	NA
XP_009025577.1	NP_064718.1	0	N/A	38.983	59	23	3.66e-08	56.2	acid-sensing ion channel 3 isoform c [Homo sapiens]	FALSE	NA
XP_009025577.1	NP_004760.1	0	N/A	38.983	59	23	3.83e-08	56.2	acid-sensing ion channel 3 isoform a [Homo sapiens]	FALSE	NA
XP_009025577.1	NP_064717.1	0	N/A	38.983	59	23	4.29e-08	56.2	acid-sensing ion channel 3 isoform b [Homo sapiens]	FALSE	NA
XP_009025577.1	NP_001085.2	0	N/A	39.655	58	22	2.75e-07	53.5	acid-sensing ion channel 2 isoform MDEG1 [Homo sapiens]	FALSE	NA
XP_009025577.1	NP_899233.1	0	N/A	39.655	58	22	5.61e-07	52.8	acid-sensing ion channel 2 isoform MDEG2 [Homo sapiens]	FALSE	NA
XP_009025577.1	NP_001123885.2	0	N/A	43.478	46	18	1.91e-06	51.2	epithelial sodium channel subunit delta [Homo sapiens]	FALSE	NA
XP_009025577.1	XP_016879014.1	0	N/A	35.938	64	24	2.78e-06	50.8	epithelial sodium channel subunit beta isoform X1 [Homo sapiens]	FALSE	NA
XP_009025577.1	NP_000327.2	0	N/A	35.938	64	24	2.93e-06	50.4	epithelial sodium channel subunit beta isoform 1 [Homo sapiens]	FALSE	NA
XP_009025577.1	XP_011544216.1	0	N/A	35.938	64	24	2.94e-06	50.4	epithelial sodium channel subunit beta isoform X3 [Homo sapiens]	FALSE	NA
XP_009025577.1	NP_001397829.1	0	N/A	35.938	64	24	2.96e-06	50.4	epithelial sodium channel subunit beta isoform 2 [Homo sapiens]	FALSE	NA
XP_009025577.1	XP_011544215.1	0	N/A	35.938	64	24	3.11e-06	50.4	epithelial sodium channel subunit beta isoform X2 [Homo sapiens]	FALSE	NA
XP_009025577.1	NP_878267.3	0	N/A	26.724	116	44	7.98e-06	49.3	acid-sensing ion channel 4 isoform 2 [Homo sapiens]	FALSE	NA
XP_009025577.1	NP_061144.4	0	N/A	26.724	116	44	8.77e-06	48.9	acid-sensing ion channel 4 isoform 1 [Homo sapiens]	FALSE	NA
XP_009025577.1	XP_016859928.1	0	N/A	27.35	117	44	1.24e-05	48.1	acid-sensing ion channel 4 isoform X4 [Homo sapiens]	FALSE	NA
XP_009025577.1	XP_016863780.1	0	N/A	33.871	62	24	1.26e-05	48.5	bile acid-sensitive ion channel isoform X1 [Homo sapiens]	FALSE	NA
XP_009025577.1	NP_059115.1	0	N/A	33.871	62	24	1.28e-05	48.5	bile acid-sensitive ion channel [Homo sapiens]	FALSE	NA
XP_009025577.1	NP_001029.1	0	N/A	31.25	80	31	1.56e-05	48.5	epithelial sodium channel subunit alpha isoform 1 [Homo sapiens]	FALSE	NA
XP_009025577.1	NP_001153047.1	0	N/A	31.25	80	31	1.63e-05	48.5	epithelial sodium channel subunit alpha isoform 3 [Homo sapiens]	FALSE	NA
XP_009025577.1	NP_001153048.1	0	N/A	31.25	80	31	1.76e-05	48.1	epithelial sodium channel subunit alpha isoform 2 [Homo sapiens]	FALSE	NA
XP_009025577.1	NP_001375065.1	0	N/A	32.759	116	44	2.1e-05	47.8	poly(A) RNA polymerase GLD2 isoform 14 [Homo sapiens]	TRUE	TENT2
XP_009025577.1	NP_001030.2	0	N/A	38.983	59	22	2.57e-05	47.8	epithelial sodium channel subunit gamma [Homo sapiens]	FALSE	NA
XP_009025577.1	NP_001375060.1	0	N/A	32.759	116	44	3.22e-05	47.4	poly(A) RNA polymerase GLD2 isoform 11 [Homo sapiens]	TRUE	TENT2
XP_009025577.1	XP_047272814.1	0	N/A	32.759	116	44	3.54e-05	47	poly(A) RNA polymerase GLD2 isoform X6 [Homo sapiens]	TRUE	TENT2
XP_009025577.1	XP_047272813.1	0	N/A	32.759	116	44	3.54e-05	47	poly(A) RNA polymerase GLD2 isoform X6 [Homo sapiens]	TRUE	TENT2
XP_009025577.1	XP_047272812.1	0	N/A	32.759	116	44	3.54e-05	47	poly(A) RNA polymerase GLD2 isoform X6 [Homo sapiens]	TRUE	TENT2
XP_009025577.1	NP_001375062.1	0	N/A	32.759	116	44	3.54e-05	47	poly(A) RNA polymerase GLD2 isoform 3 [Homo sapiens]	TRUE	TENT2
XP_009025577.1	NP_001284674.1	0	N/A	32.759	116	44	3.54e-05	47	poly(A) RNA polymerase GLD2 isoform 3 [Homo sapiens]	TRUE	TENT2
XP_009025577.1	XP_047272818.1	0	N/A	32.759	116	44	3.76e-05	47	poly(A) RNA polymerase GLD2 isoform X10 [Homo sapiens]	TRUE	TENT2
XP_009025577.1	XP_011541531.1	0	N/A	32.759	116	44	3.83e-05	47	poly(A) RNA polymerase GLD2 isoform X5 [Homo sapiens]	TRUE	TENT2
XP_009025577.1	NP_001375061.1	0	N/A	32.759	116	44	3.84e-05	47	poly(A) RNA polymerase GLD2 isoform 12 [Homo sapiens]	TRUE	TENT2
XP_009025577.1	XP_047272801.1	0	N/A	32.759	116	44	4.01e-05	47	poly(A) RNA polymerase GLD2 isoform X1 [Homo sapiens]	TRUE	TENT2
XP_009025577.1	XP_047272800.1	0	N/A	32.759	116	44	4.01e-05	47	poly(A) RNA polymerase GLD2 isoform X1 [Homo sapiens]	TRUE	TENT2
XP_009025577.1	XP_011541527.1	0	N/A	32.759	116	44	4.01e-05	47	poly(A) RNA polymerase GLD2 isoform X1 [Homo sapiens]	TRUE	TENT2
XP_009025577.1	XP_011541526.1	0	N/A	32.759	116	44	4.01e-05	47	poly(A) RNA polymerase GLD2 isoform X1 [Homo sapiens]	TRUE	TENT2
XP_009025577.1	XP_011541523.1	0	N/A	32.759	116	44	4.01e-05	47	poly(A) RNA polymerase GLD2 isoform X1 [Homo sapiens]	TRUE	TENT2
XP_009025577.1	XP_011541522.1	0	N/A	32.759	116	44	4.01e-05	47	poly(A) RNA polymerase GLD2 isoform X1 [Homo sapiens]	TRUE	TENT2
XP_009025577.1	NP_001375023.1	0	N/A	32.759	116	44	4.01e-05	47	poly(A) RNA polymerase GLD2 isoform 5 [Homo sapiens]	TRUE	TENT2
XP_009025577.1	NP_001375022.1	0	N/A	32.759	116	44	4.01e-05	47	poly(A) RNA polymerase GLD2 isoform 5 [Homo sapiens]	TRUE	TENT2
XP_009025577.1	NP_001336479.1	0	N/A	32.759	116	44	4.01e-05	47	poly(A) RNA polymerase GLD2 isoform 5 [Homo sapiens]	TRUE	TENT2
XP_009025577.1	NP_001336478.1	0	N/A	32.759	116	44	4.01e-05	47	poly(A) RNA polymerase GLD2 isoform 5 [Homo sapiens]	TRUE	TENT2
XP_009025577.1	XP_047272816.1	0	N/A	32.759	116	44	4.04e-05	47	poly(A) RNA polymerase GLD2 isoform X8 [Homo sapiens]	TRUE	TENT2
XP_009025577.1	XP_047272815.1	0	N/A	32.759	116	44	4.11e-05	47	poly(A) RNA polymerase GLD2 isoform X7 [Homo sapiens]	TRUE	TENT2
XP_009025577.1	NP_001375064.1	0	N/A	32.759	116	44	4.11e-05	47	poly(A) RNA polymerase GLD2 isoform 13 [Homo sapiens]	TRUE	TENT2
XP_009025577.1	NP_001375063.1	0	N/A	32.759	116	44	4.11e-05	47	poly(A) RNA polymerase GLD2 isoform 13 [Homo sapiens]	TRUE	TENT2
XP_009025577.1	XP_047272808.1	0	N/A	32.759	116	44	4.22e-05	47	poly(A) RNA polymerase GLD2 isoform X3 [Homo sapiens]	TRUE	TENT2
XP_009025577.1	XP_047272807.1	0	N/A	32.759	116	44	4.22e-05	47	poly(A) RNA polymerase GLD2 isoform X3 [Homo sapiens]	TRUE	TENT2
XP_009025577.1	XP_047272806.1	0	N/A	32.759	116	44	4.22e-05	47	poly(A) RNA polymerase GLD2 isoform X3 [Homo sapiens]	TRUE	TENT2
XP_009025577.1	NP_776158.2	0	N/A	32.759	116	44	4.22e-05	47	poly(A) RNA polymerase GLD2 isoform 1 [Homo sapiens]	TRUE	TENT2
XP_009025577.1	NP_001375041.1	0	N/A	32.759	116	44	4.22e-05	47	poly(A) RNA polymerase GLD2 isoform 1 [Homo sapiens]	TRUE	TENT2
XP_009025577.1	NP_001375040.1	0	N/A	32.759	116	44	4.22e-05	47	poly(A) RNA polymerase GLD2 isoform 1 [Homo sapiens]	TRUE	TENT2
XP_009025577.1	NP_001375039.1	0	N/A	32.759	116	44	4.22e-05	47	poly(A) RNA polymerase GLD2 isoform 1 [Homo sapiens]	TRUE	TENT2
XP_009025577.1	NP_001375038.1	0	N/A	32.759	116	44	4.22e-05	47	poly(A) RNA polymerase GLD2 isoform 1 [Homo sapiens]	TRUE	TENT2
XP_009025577.1	NP_001375037.1	0	N/A	32.759	116	44	4.22e-05	47	poly(A) RNA polymerase GLD2 isoform 1 [Homo sapiens]	TRUE	TENT2
XP_009025577.1	NP_001375036.1	0	N/A	32.759	116	44	4.22e-05	47	poly(A) RNA polymerase GLD2 isoform 1 [Homo sapiens]	TRUE	TENT2
XP_009025577.1	NP_001375035.1	0	N/A	32.759	116	44	4.22e-05	47	poly(A) RNA polymerase GLD2 isoform 1 [Homo sapiens]	TRUE	TENT2
XP_009025577.1	NP_001375034.1	0	N/A	32.759	116	44	4.22e-05	47	poly(A) RNA polymerase GLD2 isoform 1 [Homo sapiens]	TRUE	TENT2
XP_009025577.1	NP_001375032.1	0	N/A	32.759	116	44	4.22e-05	47	poly(A) RNA polymerase GLD2 isoform 1 [Homo sapiens]	TRUE	TENT2
XP_009025577.1	NP_001375031.1	0	N/A	32.759	116	44	4.22e-05	47	poly(A) RNA polymerase GLD2 isoform 1 [Homo sapiens]	TRUE	TENT2
XP_009025577.1	NP_001336482.1	0	N/A	32.759	116	44	4.22e-05	47	poly(A) RNA polymerase GLD2 isoform 1 [Homo sapiens]	TRUE	TENT2
XP_009025577.1	NP_001336481.1	0	N/A	32.759	116	44	4.22e-05	47	poly(A) RNA polymerase GLD2 isoform 1 [Homo sapiens]	TRUE	TENT2
XP_009025577.1	NP_001107866.1	0	N/A	32.759	116	44	4.22e-05	47	poly(A) RNA polymerase GLD2 isoform 1 [Homo sapiens]	TRUE	TENT2
XP_009025577.1	NP_001107865.1	0	N/A	32.759	116	44	4.22e-05	47	poly(A) RNA polymerase GLD2 isoform 1 [Homo sapiens]	TRUE	TENT2
XP_009025577.1	NP_001375042.1	0	N/A	32.759	116	44	4.29e-05	47	poly(A) RNA polymerase GLD2 isoform 16 [Homo sapiens]	TRUE	TENT2
XP_009025577.1	XP_047272817.1	0	N/A	32.759	116	44	4.69e-05	46.6	poly(A) RNA polymerase GLD2 isoform X9 [Homo sapiens]	TRUE	TENT2
XP_009025577.1	NP_001375027.1	0	N/A	32.759	116	44	4.87e-05	46.6	poly(A) RNA polymerase GLD2 isoform 7 [Homo sapiens]	TRUE	TENT2
XP_009025577.1	XP_047272805.1	0	N/A	32.759	116	44	4.92e-05	46.6	poly(A) RNA polymerase GLD2 isoform X2 [Homo sapiens]	TRUE	TENT2
XP_009025577.1	XP_047272804.1	0	N/A	32.759	116	44	4.92e-05	46.6	poly(A) RNA polymerase GLD2 isoform X2 [Homo sapiens]	TRUE	TENT2
XP_009025577.1	XP_047272803.1	0	N/A	32.759	116	44	4.92e-05	46.6	poly(A) RNA polymerase GLD2 isoform X2 [Homo sapiens]	TRUE	TENT2
XP_009025577.1	XP_047272802.1	0	N/A	32.759	116	44	4.92e-05	46.6	poly(A) RNA polymerase GLD2 isoform X2 [Homo sapiens]	TRUE	TENT2
XP_009025577.1	XP_016864641.1	0	N/A	32.759	116	44	4.92e-05	46.6	poly(A) RNA polymerase GLD2 isoform X2 [Homo sapiens]	TRUE	TENT2
XP_009025577.1	NP_001375026.1	0	N/A	32.759	116	44	4.92e-05	46.6	poly(A) RNA polymerase GLD2 isoform 6 [Homo sapiens]	TRUE	TENT2
XP_009025577.1	NP_001375025.1	0	N/A	32.759	116	44	4.92e-05	46.6	poly(A) RNA polymerase GLD2 isoform 6 [Homo sapiens]	TRUE	TENT2
XP_009025577.1	NP_001375024.1	0	N/A	32.759	116	44	4.92e-05	46.6	poly(A) RNA polymerase GLD2 isoform 6 [Homo sapiens]	TRUE	TENT2
XP_009025577.1	NP_001336480.1	0	N/A	32.759	116	44	4.92e-05	46.6	poly(A) RNA polymerase GLD2 isoform 6 [Homo sapiens]	TRUE	TENT2
XP_009025577.1	NP_001375059.1	0	N/A	32.759	116	44	5.13e-05	46.6	poly(A) RNA polymerase GLD2 isoform 10 [Homo sapiens]	TRUE	TENT2
XP_009025577.1	XP_047272811.1	0	N/A	32.759	116	44	5.28e-05	46.6	poly(A) RNA polymerase GLD2 isoform X4 [Homo sapiens]	TRUE	TENT2
XP_009025577.1	XP_047272810.1	0	N/A	32.759	116	44	5.28e-05	46.6	poly(A) RNA polymerase GLD2 isoform X4 [Homo sapiens]	TRUE	TENT2
XP_009025577.1	XP_047272809.1	0	N/A	32.759	116	44	5.28e-05	46.6	poly(A) RNA polymerase GLD2 isoform X4 [Homo sapiens]	TRUE	TENT2
XP_009025577.1	NP_001375058.1	0	N/A	32.759	116	44	5.28e-05	46.6	poly(A) RNA polymerase GLD2 isoform 2 [Homo sapiens]	TRUE	TENT2
XP_009025577.1	NP_001375057.1	0	N/A	32.759	116	44	5.28e-05	46.6	poly(A) RNA polymerase GLD2 isoform 2 [Homo sapiens]	TRUE	TENT2
XP_009025577.1	NP_001375056.1	0	N/A	32.759	116	44	5.28e-05	46.6	poly(A) RNA polymerase GLD2 isoform 2 [Homo sapiens]	TRUE	TENT2
XP_009025577.1	NP_001375055.1	0	N/A	32.759	116	44	5.28e-05	46.6	poly(A) RNA polymerase GLD2 isoform 2 [Homo sapiens]	TRUE	TENT2
XP_009025577.1	NP_001375054.1	0	N/A	32.759	116	44	5.28e-05	46.6	poly(A) RNA polymerase GLD2 isoform 2 [Homo sapiens]	TRUE	TENT2
XP_009025577.1	NP_001375053.1	0	N/A	32.759	116	44	5.28e-05	46.6	poly(A) RNA polymerase GLD2 isoform 2 [Homo sapiens]	TRUE	TENT2
XP_009025577.1	NP_001375052.1	0	N/A	32.759	116	44	5.28e-05	46.6	poly(A) RNA polymerase GLD2 isoform 2 [Homo sapiens]	TRUE	TENT2
XP_009025577.1	NP_001375051.1	0	N/A	32.759	116	44	5.28e-05	46.6	poly(A) RNA polymerase GLD2 isoform 2 [Homo sapiens]	TRUE	TENT2
XP_009025577.1	NP_001375050.1	0	N/A	32.759	116	44	5.28e-05	46.6	poly(A) RNA polymerase GLD2 isoform 2 [Homo sapiens]	TRUE	TENT2
XP_009025577.1	NP_001375049.1	0	N/A	32.759	116	44	5.28e-05	46.6	poly(A) RNA polymerase GLD2 isoform 2 [Homo sapiens]	TRUE	TENT2
XP_009025577.1	NP_001375048.1	0	N/A	32.759	116	44	5.28e-05	46.6	poly(A) RNA polymerase GLD2 isoform 2 [Homo sapiens]	TRUE	TENT2
XP_009025577.1	NP_001375047.1	0	N/A	32.759	116	44	5.28e-05	46.6	poly(A) RNA polymerase GLD2 isoform 2 [Homo sapiens]	TRUE	TENT2
XP_009026895.1	NP_060579.3	0	N/A	26.821	302	19	3.33e-14	80.1	poly(A) RNA polymerase, mitochondrial precursor [Homo sapiens]	TRUE	mtPAP
XP_009026895.1	XP_016856293.1	0	N/A	30	180	13	3.74e-12	74.3	terminal uridylyltransferase 4 isoform X16 [Homo sapiens]	TRUE	Tut4
XP_009026895.1	XP_016856292.1	0	N/A	30	180	13	3.9e-12	74.3	terminal uridylyltransferase 4 isoform X9 [Homo sapiens]	TRUE	Tut4
XP_009026895.1	XP_047272288.1	0	N/A	30	180	13	4.35e-12	73.9	terminal uridylyltransferase 4 isoform X10 [Homo sapiens]	TRUE	Tut4
XP_009026895.1	XP_016856299.1	0	N/A	30	180	13	4.48e-12	73.9	terminal uridylyltransferase 4 isoform X40 [Homo sapiens]	TRUE	Tut4
XP_009026895.1	XP_047272285.1	0	N/A	30	180	13	4.51e-12	73.9	terminal uridylyltransferase 4 isoform X7 [Homo sapiens]	TRUE	Tut4
XP_009026895.1	XP_047272365.1	0	N/A	30	180	13	4.76e-12	73.9	terminal uridylyltransferase 4 isoform X38 [Homo sapiens]	TRUE	Tut4
XP_009026895.1	XP_047272372.1	0	N/A	30	180	13	5.11e-12	73.6	terminal uridylyltransferase 4 isoform X42 [Homo sapiens]	TRUE	Tut4
XP_009026895.1	XP_047272283.1	0	N/A	29.444	180	13	5.13e-12	73.9	terminal uridylyltransferase 4 isoform X6 [Homo sapiens]	TRUE	Tut4
XP_009026895.1	XP_005270737.1	0	N/A	29.444	180	13	5.13e-12	73.9	terminal uridylyltransferase 4 isoform X6 [Homo sapiens]	TRUE	Tut4
XP_009026895.1	XP_047272305.1	0	N/A	30	180	13	5.28e-12	73.6	terminal uridylyltransferase 4 isoform X17 [Homo sapiens]	TRUE	Tut4
XP_009026895.1	XP_016856297.1	0	N/A	30	180	13	5.31e-12	73.6	terminal uridylyltransferase 4 isoform X36 [Homo sapiens]	TRUE	Tut4
XP_009026895.1	XP_047272282.1	0	N/A	30	180	13	5.44e-12	73.6	terminal uridylyltransferase 4 isoform X5 [Homo sapiens]	TRUE	Tut4
XP_009026895.1	NP_056084.1	0	N/A	30	180	13	5.44e-12	73.6	terminal uridylyltransferase 4 isoform b [Homo sapiens]	TRUE	Tut4
XP_009026895.1	XP_047272281.1	0	N/A	30	180	13	5.44e-12	73.6	terminal uridylyltransferase 4 isoform X4 [Homo sapiens]	TRUE	Tut4
XP_009026895.1	NP_001009881.1	0	N/A	30	180	13	5.44e-12	73.6	terminal uridylyltransferase 4 isoform a [Homo sapiens]	TRUE	Tut4
XP_009026895.1	XP_047272290.1	0	N/A	30	180	13	5.47e-12	73.6	terminal uridylyltransferase 4 isoform X11 [Homo sapiens]	TRUE	Tut4
XP_009026895.1	XP_047272295.1	0	N/A	30	180	13	5.51e-12	73.6	terminal uridylyltransferase 4 isoform X12 [Homo sapiens]	TRUE	Tut4
XP_009026895.1	XP_047272296.1	0	N/A	30	180	13	5.61e-12	73.6	terminal uridylyltransferase 4 isoform X13 [Homo sapiens]	TRUE	Tut4
XP_009026895.1	XP_005270739.1	0	N/A	30	180	13	5.69e-12	73.6	terminal uridylyltransferase 4 isoform X33 [Homo sapiens]	TRUE	Tut4
XP_009026895.1	XP_047272280.1	0	N/A	29.444	180	13	5.78e-12	73.6	terminal uridylyltransferase 4 isoform X3 [Homo sapiens]	TRUE	Tut4
XP_009026895.1	XP_005270736.1	0	N/A	29.444	180	13	5.78e-12	73.6	terminal uridylyltransferase 4 isoform X3 [Homo sapiens]	TRUE	Tut4
XP_009026895.1	XP_011539399.1	0	N/A	29.444	180	13	6.03e-12	73.6	terminal uridylyltransferase 4 isoform X1 [Homo sapiens]	TRUE	Tut4
XP_009026895.1	XP_005270733.1	0	N/A	29.444	180	13	6.03e-12	73.6	terminal uridylyltransferase 4 isoform X1 [Homo sapiens]	TRUE	Tut4
XP_009026895.1	XP_047272345.1	0	N/A	30	180	13	6.09e-12	73.6	terminal uridylyltransferase 4 isoform X31 [Homo sapiens]	TRUE	Tut4
XP_009026895.1	XP_005270735.1	0	N/A	29.444	180	13	6.24e-12	73.6	terminal uridylyltransferase 4 isoform X2 [Homo sapiens]	TRUE	Tut4
XP_009026895.1	XP_047272286.1	0	N/A	30	180	13	6.42e-12	73.6	terminal uridylyltransferase 4 isoform X8 [Homo sapiens]	TRUE	Tut4
XP_009026895.1	XP_016856296.1	0	N/A	30	180	13	6.99e-12	73.2	terminal uridylyltransferase 4 isoform X28 [Homo sapiens]	TRUE	Tut4
XP_009026895.1	XP_011539401.1	0	N/A	30	180	13	7.04e-12	73.2	terminal uridylyltransferase 4 isoform X29 [Homo sapiens]	TRUE	Tut4
XP_009026895.1	XP_016856295.1	0	N/A	30	180	13	7.12e-12	73.2	terminal uridylyltransferase 4 isoform X25 [Homo sapiens]	TRUE	Tut4
XP_009026895.1	XP_047272350.1	0	N/A	30	180	13	7.39e-12	73.2	terminal uridylyltransferase 4 isoform X34 [Homo sapiens]	TRUE	Tut4
XP_009026895.1	XP_047272337.1	0	N/A	30	180	13	7.61e-12	73.2	terminal uridylyltransferase 4 isoform X27 [Homo sapiens]	TRUE	Tut4
XP_009026895.1	XP_047272325.1	0	N/A	30	180	13	7.95e-12	73.2	terminal uridylyltransferase 4 isoform X23 [Homo sapiens]	TRUE	Tut4
XP_009026895.1	XP_047272344.1	0	N/A	30	180	13	8.12e-12	73.2	terminal uridylyltransferase 4 isoform X30 [Homo sapiens]	TRUE	Tut4
XP_009026895.1	XP_047272384.1	0	N/A	29.444	180	13	1.7e-11	71.6	terminal uridylyltransferase 4 isoform X46 [Homo sapiens]	TRUE	Tut4
XP_009026895.1	XP_016870620.1	0	N/A	29.834	181	13	2.81e-11	71.2	terminal uridylyltransferase 7 isoform X4 [Homo sapiens]	TRUE	Tut7
XP_009026895.1	XP_016870619.1	0	N/A	29.834	181	13	2.81e-11	71.2	terminal uridylyltransferase 7 isoform X4 [Homo sapiens]	TRUE	Tut7
XP_009026895.1	NP_078893.2	0	N/A	29.834	181	13	2.81e-11	71.2	terminal uridylyltransferase 7 isoform 1 [Homo sapiens]	TRUE	Tut7
XP_009026895.1	NP_001171988.1	0	N/A	29.834	181	13	2.81e-11	71.2	terminal uridylyltransferase 7 isoform 1 [Homo sapiens]	TRUE	Tut7
XP_009026895.1	XP_047279823.1	0	N/A	29.834	181	13	2.85e-11	71.2	terminal uridylyltransferase 7 isoform X2 [Homo sapiens]	TRUE	Tut7
XP_009026895.1	XP_006717346.1	0	N/A	29.834	181	13	2.85e-11	71.2	terminal uridylyltransferase 7 isoform X2 [Homo sapiens]	TRUE	Tut7
XP_009026895.1	NP_001317647.1	0	N/A	29.834	181	13	2.91e-11	70.9	terminal uridylyltransferase 7 isoform 3 [Homo sapiens]	TRUE	Tut7
XP_009026895.1	XP_011517318.1	0	N/A	29.834	181	13	3.44e-11	70.9	terminal uridylyltransferase 7 isoform X5 [Homo sapiens]	TRUE	Tut7
XP_009026895.1	XP_047279825.1	0	N/A	29.834	181	13	3.46e-11	70.9	terminal uridylyltransferase 7 isoform X6 [Homo sapiens]	TRUE	Tut7
XP_009026895.1	XP_047279824.1	0	N/A	29.834	181	13	3.46e-11	70.9	terminal uridylyltransferase 7 isoform X6 [Homo sapiens]	TRUE	Tut7
XP_009026895.1	XP_005252264.1	0	N/A	29.834	181	13	3.46e-11	70.9	terminal uridylyltransferase 7 isoform X6 [Homo sapiens]	TRUE	Tut7
XP_009026895.1	XP_011517317.1	0	N/A	29.834	181	13	3.46e-11	70.9	terminal uridylyltransferase 7 isoform X3 [Homo sapiens]	TRUE	Tut7
XP_009026895.1	XP_005252265.1	0	N/A	29.834	181	13	5.14e-11	70.5	terminal uridylyltransferase 7 isoform X7 [Homo sapiens]	TRUE	Tut7
XP_009026895.1	XP_011517316.1	0	N/A	29.834	181	13	5.62e-11	70.5	terminal uridylyltransferase 7 isoform X1 [Homo sapiens]	TRUE	Tut7
XP_009026895.1	XP_011517315.1	0	N/A	29.834	181	13	5.62e-11	70.5	terminal uridylyltransferase 7 isoform X1 [Homo sapiens]	TRUE	Tut7
XP_009026895.1	XP_011517314.1	0	N/A	29.834	181	13	5.62e-11	70.5	terminal uridylyltransferase 7 isoform X1 [Homo sapiens]	TRUE	Tut7
XP_009026895.1	XP_011517313.1	0	N/A	29.834	181	13	5.62e-11	70.5	terminal uridylyltransferase 7 isoform X1 [Homo sapiens]	TRUE	Tut7
XP_009026895.1	NP_073741.3	0	N/A	33.071	127	9	5.51e-10	66.6	speckle targeted PIP5K1A-regulated poly(A) polymerase isoform 1 [Homo sapiens]	TRUE	Tut1
XP_009026895.1	XP_047272320.1	0	N/A	29.752	121	8	2.99e-07	58.2	terminal uridylyltransferase 4 isoform X22 [Homo sapiens]	TRUE	Tut4
XP_009026895.1	XP_047272336.1	0	N/A	29.752	121	8	3.04e-07	58.2	terminal uridylyltransferase 4 isoform X26 [Homo sapiens]	TRUE	Tut4
XP_009026895.1	XP_047272327.1	0	N/A	29.752	121	8	3.04e-07	58.2	terminal uridylyltransferase 4 isoform X24 [Homo sapiens]	TRUE	Tut4
XP_009026895.1	XP_047272306.1	0	N/A	29.752	121	8	3.18e-07	58.2	terminal uridylyltransferase 4 isoform X18 [Homo sapiens]	TRUE	Tut4
XP_009026895.1	XP_047272311.1	0	N/A	29.752	121	8	3.26e-07	58.2	terminal uridylyltransferase 4 isoform X21 [Homo sapiens]	TRUE	Tut4
XP_009026895.1	XP_016856294.1	0	N/A	29.752	121	8	3.38e-07	57.8	terminal uridylyltransferase 4 isoform X20 [Homo sapiens]	TRUE	Tut4
XP_009026895.1	XP_047272377.1	0	N/A	29.752	121	8	3.45e-07	57.8	terminal uridylyltransferase 4 isoform X44 [Homo sapiens]	TRUE	Tut4
XP_009026895.1	XP_047272307.1	0	N/A	29.752	121	8	3.52e-07	57.8	terminal uridylyltransferase 4 isoform X19 [Homo sapiens]	TRUE	Tut4
XP_009026895.1	XP_047272303.1	0	N/A	29.752	121	8	3.58e-07	57.8	terminal uridylyltransferase 4 isoform X15 [Homo sapiens]	TRUE	Tut4
XP_009026895.1	XP_005270738.1	0	N/A	29.752	121	8	3.62e-07	57.8	terminal uridylyltransferase 4 isoform X14 [Homo sapiens]	TRUE	Tut4
XP_009026895.1	XP_047272373.1	0	N/A	29.752	121	8	3.72e-07	57.8	terminal uridylyltransferase 4 isoform X43 [Homo sapiens]	TRUE	Tut4
XP_009026895.1	XP_047272369.1	0	N/A	29.752	121	8	4.42e-07	57.4	terminal uridylyltransferase 4 isoform X41 [Homo sapiens]	TRUE	Tut4
XP_009026895.1	XP_047272367.1	0	N/A	29.752	121	8	4.65e-07	57.4	terminal uridylyltransferase 4 isoform X39 [Homo sapiens]	TRUE	Tut4
XP_009026895.1	XP_047272362.1	0	N/A	29.752	121	8	4.94e-07	57.4	terminal uridylyltransferase 4 isoform X37 [Homo sapiens]	TRUE	Tut4
XP_009026895.1	XP_047272354.1	0	N/A	29.752	121	8	5.11e-07	57.4	terminal uridylyltransferase 4 isoform X35 [Homo sapiens]	TRUE	Tut4
XP_009026895.1	XP_047272348.1	0	N/A	29.752	121	8	5.16e-07	57.4	terminal uridylyltransferase 4 isoform X32 [Homo sapiens]	TRUE	Tut4
XP_009026895.1	NP_001375065.1	0	N/A	24.631	203	14	1.88e-05	51.2	poly(A) RNA polymerase GLD2 isoform 14 [Homo sapiens]	TRUE	TENT2
XP_009026895.1	NP_001375061.1	0	N/A	24.631	203	14	4.82e-05	50.1	poly(A) RNA polymerase GLD2 isoform 12 [Homo sapiens]	TRUE	TENT2
XP_009026895.1	NP_001375030.1	0	N/A	23.188	207	14	8.95e-05	49.3	poly(A) RNA polymerase GLD2 isoform 9 [Homo sapiens]	TRUE	TENT2
XP_009026895.1	NP_001375059.1	0	N/A	25.342	146	10	0.000225	48.1	poly(A) RNA polymerase GLD2 isoform 10 [Homo sapiens]	TRUE	TENT2
XP_009026895.1	XP_047272811.1	0	N/A	25.342	146	10	0.000229	48.1	poly(A) RNA polymerase GLD2 isoform X4 [Homo sapiens]	TRUE	TENT2
XP_009026895.1	XP_047272810.1	0	N/A	25.342	146	10	0.000229	48.1	poly(A) RNA polymerase GLD2 isoform X4 [Homo sapiens]	TRUE	TENT2
XP_009026895.1	XP_047272809.1	0	N/A	25.342	146	10	0.000229	48.1	poly(A) RNA polymerase GLD2 isoform X4 [Homo sapiens]	TRUE	TENT2
XP_009026895.1	NP_001375058.1	0	N/A	25.342	146	10	0.000229	48.1	poly(A) RNA polymerase GLD2 isoform 2 [Homo sapiens]	TRUE	TENT2
XP_009026895.1	NP_001375057.1	0	N/A	25.342	146	10	0.000229	48.1	poly(A) RNA polymerase GLD2 isoform 2 [Homo sapiens]	TRUE	TENT2
XP_009026895.1	NP_001375056.1	0	N/A	25.342	146	10	0.000229	48.1	poly(A) RNA polymerase GLD2 isoform 2 [Homo sapiens]	TRUE	TENT2
XP_009026895.1	NP_001375055.1	0	N/A	25.342	146	10	0.000229	48.1	poly(A) RNA polymerase GLD2 isoform 2 [Homo sapiens]	TRUE	TENT2
XP_009026895.1	NP_001375054.1	0	N/A	25.342	146	10	0.000229	48.1	poly(A) RNA polymerase GLD2 isoform 2 [Homo sapiens]	TRUE	TENT2
XP_009026895.1	NP_001375053.1	0	N/A	25.342	146	10	0.000229	48.1	poly(A) RNA polymerase GLD2 isoform 2 [Homo sapiens]	TRUE	TENT2
XP_009026895.1	NP_001375052.1	0	N/A	25.342	146	10	0.000229	48.1	poly(A) RNA polymerase GLD2 isoform 2 [Homo sapiens]	TRUE	TENT2
XP_009026895.1	NP_001375051.1	0	N/A	25.342	146	10	0.000229	48.1	poly(A) RNA polymerase GLD2 isoform 2 [Homo sapiens]	TRUE	TENT2
XP_009026895.1	NP_001375050.1	0	N/A	25.342	146	10	0.000229	48.1	poly(A) RNA polymerase GLD2 isoform 2 [Homo sapiens]	TRUE	TENT2
XP_009026895.1	NP_001375049.1	0	N/A	25.342	146	10	0.000229	48.1	poly(A) RNA polymerase GLD2 isoform 2 [Homo sapiens]	TRUE	TENT2
XP_009026895.1	NP_001375048.1	0	N/A	25.342	146	10	0.000229	48.1	poly(A) RNA polymerase GLD2 isoform 2 [Homo sapiens]	TRUE	TENT2
XP_009026895.1	NP_001375047.1	0	N/A	25.342	146	10	0.000229	48.1	poly(A) RNA polymerase GLD2 isoform 2 [Homo sapiens]	TRUE	TENT2
XP_009026895.1	NP_001375046.1	0	N/A	25.342	146	10	0.000229	48.1	poly(A) RNA polymerase GLD2 isoform 2 [Homo sapiens]	TRUE	TENT2
XP_009026895.1	NP_001375045.1	0	N/A	25.342	146	10	0.000229	48.1	poly(A) RNA polymerase GLD2 isoform 2 [Homo sapiens]	TRUE	TENT2
XP_009026895.1	NP_001375044.1	0	N/A	25.342	146	10	0.000229	48.1	poly(A) RNA polymerase GLD2 isoform 2 [Homo sapiens]	TRUE	TENT2
XP_009026895.1	NP_001375043.1	0	N/A	25.342	146	10	0.000229	48.1	poly(A) RNA polymerase GLD2 isoform 2 [Homo sapiens]	TRUE	TENT2
XP_009026895.1	NP_001336483.1	0	N/A	25.342	146	10	0.000229	48.1	poly(A) RNA polymerase GLD2 isoform 2 [Homo sapiens]	TRUE	TENT2
XP_009026895.1	NP_001284673.1	0	N/A	25.342	146	10	0.000229	48.1	poly(A) RNA polymerase GLD2 isoform 2 [Homo sapiens]	TRUE	TENT2
XP_009026895.1	NP_001354835.1	0	N/A	26.316	114	8	0.000309	47.8	speckle targeted PIP5K1A-regulated poly(A) polymerase isoform 2 [Homo sapiens]	TRUE	Tut1
XP_009026895.1	XP_047272818.1	0	N/A	24.155	207	14	0.000859	45.8	poly(A) RNA polymerase GLD2 isoform X10 [Homo sapiens]	TRUE	TENT2
XP_009026895.1	NP_001375060.1	0	N/A	24.155	207	14	0.001	45.8	poly(A) RNA polymerase GLD2 isoform 11 [Homo sapiens]	TRUE	TENT2
XP_009026895.1	NP_001375029.1	0	N/A	22.749	211	14	0.001	45.8	poly(A) RNA polymerase GLD2 isoform 8 [Homo sapiens]	TRUE	TENT2
XP_009026895.1	NP_001375028.1	0	N/A	22.749	211	14	0.001	45.8	poly(A) RNA polymerase GLD2 isoform 8 [Homo sapiens]	TRUE	TENT2
XP_009026895.1	NP_001375042.1	0	N/A	24.667	150	10	0.003	44.7	poly(A) RNA polymerase GLD2 isoform 16 [Homo sapiens]	TRUE	TENT2
XP_009029455.1	NP_060579.3	0	N/A	29.078	282	87	1.28e-27	115	poly(A) RNA polymerase, mitochondrial precursor [Homo sapiens]	TRUE	mtPAP
XP_009029455.1	NP_001354835.1	0	N/A	26.923	182	54	1.22e-05	49.3	speckle targeted PIP5K1A-regulated poly(A) polymerase isoform 2 [Homo sapiens]	TRUE	Tut1
XP_009029455.1	NP_073741.3	0	N/A	26.923	182	54	1.64e-05	49.3	speckle targeted PIP5K1A-regulated poly(A) polymerase isoform 1 [Homo sapiens]	TRUE	Tut1
XP_009029455.1	XP_047272372.1	0	N/A	28.571	119	37	0.000142	46.2	terminal uridylyltransferase 4 isoform X42 [Homo sapiens]	TRUE	Tut4
XP_009029455.1	XP_047272344.1	0	N/A	28.571	119	37	0.000145	46.2	terminal uridylyltransferase 4 isoform X30 [Homo sapiens]	TRUE	Tut4
XP_009029455.1	XP_047272286.1	0	N/A	28.571	119	37	0.000147	46.2	terminal uridylyltransferase 4 isoform X8 [Homo sapiens]	TRUE	Tut4
XP_009029455.1	XP_047272290.1	0	N/A	28.571	119	37	0.000151	46.2	terminal uridylyltransferase 4 isoform X11 [Homo sapiens]	TRUE	Tut4
XP_009029455.1	XP_047272350.1	0	N/A	28.571	119	37	0.000153	46.2	terminal uridylyltransferase 4 isoform X34 [Homo sapiens]	TRUE	Tut4
XP_009029455.1	XP_047272296.1	0	N/A	28.571	119	37	0.000157	46.2	terminal uridylyltransferase 4 isoform X13 [Homo sapiens]	TRUE	Tut4
XP_009029455.1	XP_047272295.1	0	N/A	28.571	119	37	0.000157	46.2	terminal uridylyltransferase 4 isoform X12 [Homo sapiens]	TRUE	Tut4
XP_009029455.1	XP_047272305.1	0	N/A	28.571	119	37	0.000222	45.8	terminal uridylyltransferase 4 isoform X17 [Homo sapiens]	TRUE	Tut4
XP_009029455.1	XP_047272365.1	0	N/A	29.091	110	34	0.000521	44.7	terminal uridylyltransferase 4 isoform X38 [Homo sapiens]	TRUE	Tut4
XP_009029455.1	XP_047272377.1	0	N/A	29.091	110	34	0.000533	44.3	terminal uridylyltransferase 4 isoform X44 [Homo sapiens]	TRUE	Tut4
XP_009029455.1	XP_047272280.1	0	N/A	29.091	110	34	0.000534	44.3	terminal uridylyltransferase 4 isoform X3 [Homo sapiens]	TRUE	Tut4
XP_009029455.1	XP_005270736.1	0	N/A	29.091	110	34	0.000534	44.3	terminal uridylyltransferase 4 isoform X3 [Homo sapiens]	TRUE	Tut4
XP_009029455.1	XP_005270735.1	0	N/A	29.091	110	34	0.000534	44.3	terminal uridylyltransferase 4 isoform X2 [Homo sapiens]	TRUE	Tut4
XP_009029455.1	XP_011539399.1	0	N/A	29.091	110	34	0.000534	44.3	terminal uridylyltransferase 4 isoform X1 [Homo sapiens]	TRUE	Tut4
XP_009029455.1	XP_005270733.1	0	N/A	29.091	110	34	0.000534	44.3	terminal uridylyltransferase 4 isoform X1 [Homo sapiens]	TRUE	Tut4
XP_009029455.1	XP_047272369.1	0	N/A	29.091	110	34	0.000534	44.3	terminal uridylyltransferase 4 isoform X41 [Homo sapiens]	TRUE	Tut4
XP_009029455.1	XP_016856299.1	0	N/A	29.091	110	34	0.000544	44.3	terminal uridylyltransferase 4 isoform X40 [Homo sapiens]	TRUE	Tut4
XP_009029455.1	XP_005270739.1	0	N/A	29.091	110	34	0.000549	44.3	terminal uridylyltransferase 4 isoform X33 [Homo sapiens]	TRUE	Tut4
XP_009029455.1	XP_011539401.1	0	N/A	29.091	110	34	0.00055	44.3	terminal uridylyltransferase 4 isoform X29 [Homo sapiens]	TRUE	Tut4
XP_009029455.1	XP_047272285.1	0	N/A	29.091	110	34	0.000552	44.3	terminal uridylyltransferase 4 isoform X7 [Homo sapiens]	TRUE	Tut4
XP_009029455.1	XP_016856297.1	0	N/A	29.091	110	34	0.000554	44.3	terminal uridylyltransferase 4 isoform X36 [Homo sapiens]	TRUE	Tut4
XP_009029455.1	XP_047272345.1	0	N/A	29.091	110	34	0.000554	44.3	terminal uridylyltransferase 4 isoform X31 [Homo sapiens]	TRUE	Tut4
XP_009029455.1	XP_016856295.1	0	N/A	29.091	110	34	0.00056	44.3	terminal uridylyltransferase 4 isoform X25 [Homo sapiens]	TRUE	Tut4
XP_009029455.1	XP_047272362.1	0	N/A	29.091	110	34	0.000564	44.3	terminal uridylyltransferase 4 isoform X37 [Homo sapiens]	TRUE	Tut4
XP_009029455.1	XP_047272354.1	0	N/A	29.091	110	34	0.000564	44.3	terminal uridylyltransferase 4 isoform X35 [Homo sapiens]	TRUE	Tut4
XP_009029455.1	XP_047272367.1	0	N/A	29.091	110	34	0.000568	44.3	terminal uridylyltransferase 4 isoform X39 [Homo sapiens]	TRUE	Tut4
XP_009029455.1	XP_047272348.1	0	N/A	29.091	110	34	0.000569	44.3	terminal uridylyltransferase 4 isoform X32 [Homo sapiens]	TRUE	Tut4
XP_009029455.1	XP_047272337.1	0	N/A	29.091	110	34	0.00057	44.3	terminal uridylyltransferase 4 isoform X27 [Homo sapiens]	TRUE	Tut4
XP_009029455.1	XP_047272307.1	0	N/A	29.091	110	34	0.000571	44.3	terminal uridylyltransferase 4 isoform X19 [Homo sapiens]	TRUE	Tut4
XP_009029455.1	XP_047272373.1	0	N/A	29.091	110	34	0.000572	44.3	terminal uridylyltransferase 4 isoform X43 [Homo sapiens]	TRUE	Tut4
XP_009029455.1	XP_047272303.1	0	N/A	29.091	110	34	0.000577	44.3	terminal uridylyltransferase 4 isoform X15 [Homo sapiens]	TRUE	Tut4
XP_009029455.1	XP_047272281.1	0	N/A	29.091	110	34	0.000578	44.3	terminal uridylyltransferase 4 isoform X4 [Homo sapiens]	TRUE	Tut4
XP_009029455.1	NP_001009881.1	0	N/A	29.091	110	34	0.000578	44.3	terminal uridylyltransferase 4 isoform a [Homo sapiens]	TRUE	Tut4
XP_009029455.1	XP_005270738.1	0	N/A	29.091	110	34	0.000582	44.3	terminal uridylyltransferase 4 isoform X14 [Homo sapiens]	TRUE	Tut4
XP_009029455.1	XP_016856296.1	0	N/A	29.091	110	34	0.000585	44.3	terminal uridylyltransferase 4 isoform X28 [Homo sapiens]	TRUE	Tut4
XP_009029455.1	XP_047272325.1	0	N/A	29.091	110	34	0.000591	44.3	terminal uridylyltransferase 4 isoform X23 [Homo sapiens]	TRUE	Tut4
XP_009029455.1	XP_047272283.1	0	N/A	29.091	110	34	0.000593	44.3	terminal uridylyltransferase 4 isoform X6 [Homo sapiens]	TRUE	Tut4
XP_009029455.1	XP_005270737.1	0	N/A	29.091	110	34	0.000593	44.3	terminal uridylyltransferase 4 isoform X6 [Homo sapiens]	TRUE	Tut4
XP_009029455.1	XP_047272282.1	0	N/A	29.091	110	34	0.000593	44.3	terminal uridylyltransferase 4 isoform X5 [Homo sapiens]	TRUE	Tut4
XP_009029455.1	NP_056084.1	0	N/A	29.091	110	34	0.000593	44.3	terminal uridylyltransferase 4 isoform b [Homo sapiens]	TRUE	Tut4
XP_009029455.1	XP_047272815.1	0	N/A	22.436	156	48	0.000597	43.9	poly(A) RNA polymerase GLD2 isoform X7 [Homo sapiens]	TRUE	TENT2
XP_009029455.1	NP_001375064.1	0	N/A	22.436	156	48	0.000597	43.9	poly(A) RNA polymerase GLD2 isoform 13 [Homo sapiens]	TRUE	TENT2
XP_009029455.1	NP_001375063.1	0	N/A	22.436	156	48	0.000597	43.9	poly(A) RNA polymerase GLD2 isoform 13 [Homo sapiens]	TRUE	TENT2
XP_009029455.1	NP_001375061.1	0	N/A	22.436	156	48	0.000605	43.9	poly(A) RNA polymerase GLD2 isoform 12 [Homo sapiens]	TRUE	TENT2
XP_009029455.1	XP_047272384.1	0	N/A	29.091	110	34	0.000635	44.3	terminal uridylyltransferase 4 isoform X46 [Homo sapiens]	TRUE	Tut4
XP_009029455.1	XP_047272811.1	0	N/A	22.436	156	48	0.000669	43.9	poly(A) RNA polymerase GLD2 isoform X4 [Homo sapiens]	TRUE	TENT2
XP_009029455.1	XP_047272810.1	0	N/A	22.436	156	48	0.000669	43.9	poly(A) RNA polymerase GLD2 isoform X4 [Homo sapiens]	TRUE	TENT2
XP_009029455.1	XP_047272809.1	0	N/A	22.436	156	48	0.000669	43.9	poly(A) RNA polymerase GLD2 isoform X4 [Homo sapiens]	TRUE	TENT2
XP_009029455.1	NP_001375058.1	0	N/A	22.436	156	48	0.000669	43.9	poly(A) RNA polymerase GLD2 isoform 2 [Homo sapiens]	TRUE	TENT2
XP_009029455.1	NP_001375057.1	0	N/A	22.436	156	48	0.000669	43.9	poly(A) RNA polymerase GLD2 isoform 2 [Homo sapiens]	TRUE	TENT2
XP_009029455.1	NP_001375056.1	0	N/A	22.436	156	48	0.000669	43.9	poly(A) RNA polymerase GLD2 isoform 2 [Homo sapiens]	TRUE	TENT2
XP_009029455.1	NP_001375055.1	0	N/A	22.436	156	48	0.000669	43.9	poly(A) RNA polymerase GLD2 isoform 2 [Homo sapiens]	TRUE	TENT2
XP_009029455.1	NP_001375054.1	0	N/A	22.436	156	48	0.000669	43.9	poly(A) RNA polymerase GLD2 isoform 2 [Homo sapiens]	TRUE	TENT2
XP_009029455.1	NP_001375053.1	0	N/A	22.436	156	48	0.000669	43.9	poly(A) RNA polymerase GLD2 isoform 2 [Homo sapiens]	TRUE	TENT2
XP_009029455.1	NP_001375052.1	0	N/A	22.436	156	48	0.000669	43.9	poly(A) RNA polymerase GLD2 isoform 2 [Homo sapiens]	TRUE	TENT2
XP_009029455.1	NP_001375051.1	0	N/A	22.436	156	48	0.000669	43.9	poly(A) RNA polymerase GLD2 isoform 2 [Homo sapiens]	TRUE	TENT2
XP_009029455.1	NP_001375050.1	0	N/A	22.436	156	48	0.000669	43.9	poly(A) RNA polymerase GLD2 isoform 2 [Homo sapiens]	TRUE	TENT2
XP_009029455.1	NP_001375049.1	0	N/A	22.436	156	48	0.000669	43.9	poly(A) RNA polymerase GLD2 isoform 2 [Homo sapiens]	TRUE	TENT2
XP_009029455.1	NP_001375048.1	0	N/A	22.436	156	48	0.000669	43.9	poly(A) RNA polymerase GLD2 isoform 2 [Homo sapiens]	TRUE	TENT2
XP_009029455.1	NP_001375047.1	0	N/A	22.436	156	48	0.000669	43.9	poly(A) RNA polymerase GLD2 isoform 2 [Homo sapiens]	TRUE	TENT2
XP_009029455.1	NP_001375046.1	0	N/A	22.436	156	48	0.000669	43.9	poly(A) RNA polymerase GLD2 isoform 2 [Homo sapiens]	TRUE	TENT2
XP_009029455.1	NP_001375045.1	0	N/A	22.436	156	48	0.000669	43.9	poly(A) RNA polymerase GLD2 isoform 2 [Homo sapiens]	TRUE	TENT2
XP_009029455.1	NP_001375044.1	0	N/A	22.436	156	48	0.000669	43.9	poly(A) RNA polymerase GLD2 isoform 2 [Homo sapiens]	TRUE	TENT2
XP_009029455.1	NP_001375043.1	0	N/A	22.436	156	48	0.000669	43.9	poly(A) RNA polymerase GLD2 isoform 2 [Homo sapiens]	TRUE	TENT2
XP_009029455.1	NP_001336483.1	0	N/A	22.436	156	48	0.000669	43.9	poly(A) RNA polymerase GLD2 isoform 2 [Homo sapiens]	TRUE	TENT2
XP_009029455.1	NP_001284673.1	0	N/A	22.436	156	48	0.000669	43.9	poly(A) RNA polymerase GLD2 isoform 2 [Homo sapiens]	TRUE	TENT2
XP_009029455.1	NP_001375059.1	0	N/A	22.436	156	48	0.00068	43.9	poly(A) RNA polymerase GLD2 isoform 10 [Homo sapiens]	TRUE	TENT2
XP_009029455.1	NP_001375065.1	0	N/A	22.436	156	48	0.000879	43.1	poly(A) RNA polymerase GLD2 isoform 14 [Homo sapiens]	TRUE	TENT2
XP_009029455.1	XP_047272818.1	0	N/A	22.436	156	48	0.001	42.7	poly(A) RNA polymerase GLD2 isoform X10 [Homo sapiens]	TRUE	TENT2
XP_009029455.1	XP_047272814.1	0	N/A	22.436	156	48	0.001	42.7	poly(A) RNA polymerase GLD2 isoform X6 [Homo sapiens]	TRUE	TENT2
XP_009029455.1	XP_047272813.1	0	N/A	22.436	156	48	0.001	42.7	poly(A) RNA polymerase GLD2 isoform X6 [Homo sapiens]	TRUE	TENT2
XP_009029455.1	XP_047272812.1	0	N/A	22.436	156	48	0.001	42.7	poly(A) RNA polymerase GLD2 isoform X6 [Homo sapiens]	TRUE	TENT2
XP_009029455.1	NP_001375062.1	0	N/A	22.436	156	48	0.001	42.7	poly(A) RNA polymerase GLD2 isoform 3 [Homo sapiens]	TRUE	TENT2
XP_009029455.1	NP_001284674.1	0	N/A	22.436	156	48	0.001	42.7	poly(A) RNA polymerase GLD2 isoform 3 [Homo sapiens]	TRUE	TENT2
XP_009029455.1	XP_016856293.1	0	N/A	29.091	110	34	0.002	42.7	terminal uridylyltransferase 4 isoform X16 [Homo sapiens]	TRUE	Tut4
XP_009029455.1	XP_047272336.1	0	N/A	29.091	110	34	0.002	42.7	terminal uridylyltransferase 4 isoform X26 [Homo sapiens]	TRUE	Tut4
XP_009029455.1	XP_047272327.1	0	N/A	29.091	110	34	0.002	42.7	terminal uridylyltransferase 4 isoform X24 [Homo sapiens]	TRUE	Tut4
XP_009029455.1	XP_016856292.1	0	N/A	29.091	110	34	0.002	42.7	terminal uridylyltransferase 4 isoform X9 [Homo sapiens]	TRUE	Tut4
XP_009029455.1	XP_016856294.1	0	N/A	29.091	110	34	0.002	42.7	terminal uridylyltransferase 4 isoform X20 [Homo sapiens]	TRUE	Tut4
XP_009029455.1	XP_047272320.1	0	N/A	29.091	110	34	0.002	42.7	terminal uridylyltransferase 4 isoform X22 [Homo sapiens]	TRUE	Tut4
XP_009029455.1	XP_047272808.1	0	N/A	22.436	156	48	0.002	42.4	poly(A) RNA polymerase GLD2 isoform X3 [Homo sapiens]	TRUE	TENT2
XP_009029455.1	XP_047272807.1	0	N/A	22.436	156	48	0.002	42.4	poly(A) RNA polymerase GLD2 isoform X3 [Homo sapiens]	TRUE	TENT2
XP_009029455.1	XP_047272806.1	0	N/A	22.436	156	48	0.002	42.4	poly(A) RNA polymerase GLD2 isoform X3 [Homo sapiens]	TRUE	TENT2
XP_009029455.1	NP_776158.2	0	N/A	22.436	156	48	0.002	42.4	poly(A) RNA polymerase GLD2 isoform 1 [Homo sapiens]	TRUE	TENT2
XP_009029455.1	NP_001375041.1	0	N/A	22.436	156	48	0.002	42.4	poly(A) RNA polymerase GLD2 isoform 1 [Homo sapiens]	TRUE	TENT2
XP_009029455.1	NP_001375040.1	0	N/A	22.436	156	48	0.002	42.4	poly(A) RNA polymerase GLD2 isoform 1 [Homo sapiens]	TRUE	TENT2
XP_009029455.1	NP_001375039.1	0	N/A	22.436	156	48	0.002	42.4	poly(A) RNA polymerase GLD2 isoform 1 [Homo sapiens]	TRUE	TENT2
XP_009029455.1	NP_001375038.1	0	N/A	22.436	156	48	0.002	42.4	poly(A) RNA polymerase GLD2 isoform 1 [Homo sapiens]	TRUE	TENT2
XP_009029455.1	NP_001375037.1	0	N/A	22.436	156	48	0.002	42.4	poly(A) RNA polymerase GLD2 isoform 1 [Homo sapiens]	TRUE	TENT2
XP_009029455.1	NP_001375036.1	0	N/A	22.436	156	48	0.002	42.4	poly(A) RNA polymerase GLD2 isoform 1 [Homo sapiens]	TRUE	TENT2
XP_009029455.1	NP_001375035.1	0	N/A	22.436	156	48	0.002	42.4	poly(A) RNA polymerase GLD2 isoform 1 [Homo sapiens]	TRUE	TENT2
XP_009029455.1	NP_001375034.1	0	N/A	22.436	156	48	0.002	42.4	poly(A) RNA polymerase GLD2 isoform 1 [Homo sapiens]	TRUE	TENT2
XP_009029455.1	NP_001375032.1	0	N/A	22.436	156	48	0.002	42.4	poly(A) RNA polymerase GLD2 isoform 1 [Homo sapiens]	TRUE	TENT2
XP_009029455.1	NP_001375031.1	0	N/A	22.436	156	48	0.002	42.4	poly(A) RNA polymerase GLD2 isoform 1 [Homo sapiens]	TRUE	TENT2
XP_009029455.1	NP_001336482.1	0	N/A	22.436	156	48	0.002	42.4	poly(A) RNA polymerase GLD2 isoform 1 [Homo sapiens]	TRUE	TENT2
XP_009029455.1	NP_001336481.1	0	N/A	22.436	156	48	0.002	42.4	poly(A) RNA polymerase GLD2 isoform 1 [Homo sapiens]	TRUE	TENT2
XP_009029455.1	NP_001107866.1	0	N/A	22.436	156	48	0.002	42.4	poly(A) RNA polymerase GLD2 isoform 1 [Homo sapiens]	TRUE	TENT2
XP_009029456.1	NP_060579.3	0	N/A	28.713	202	72	6.05e-18	85.5	poly(A) RNA polymerase, mitochondrial precursor [Homo sapiens]	TRUE	mtPAP
XP_009029456.1	NP_073741.3	0	N/A	28.07	114	39	3.68e-05	47.4	speckle targeted PIP5K1A-regulated poly(A) polymerase isoform 1 [Homo sapiens]	TRUE	Tut1
XP_009029456.1	XP_047272820.1	0	N/A	29.661	118	41	4.61e-05	46.2	poly(A) RNA polymerase GLD2 isoform X11 [Homo sapiens]	TRUE	TENT2
XP_009029456.1	NP_001375066.1	0	N/A	29.915	117	41	6.34e-05	45.8	poly(A) RNA polymerase GLD2 isoform 15 [Homo sapiens]	TRUE	TENT2
XP_009029456.1	NP_001336477.1	0	N/A	29.915	117	41	6.98e-05	45.8	poly(A) RNA polymerase GLD2 isoform 4 [Homo sapiens]	TRUE	TENT2
XP_009029456.1	NP_001375027.1	0	N/A	29.915	117	41	7.94e-05	46.2	poly(A) RNA polymerase GLD2 isoform 7 [Homo sapiens]	TRUE	TENT2
XP_009029456.1	XP_047272805.1	0	N/A	29.915	117	41	8.02e-05	46.2	poly(A) RNA polymerase GLD2 isoform X2 [Homo sapiens]	TRUE	TENT2
XP_009029456.1	XP_047272804.1	0	N/A	29.915	117	41	8.02e-05	46.2	poly(A) RNA polymerase GLD2 isoform X2 [Homo sapiens]	TRUE	TENT2
XP_009029456.1	XP_047272803.1	0	N/A	29.915	117	41	8.02e-05	46.2	poly(A) RNA polymerase GLD2 isoform X2 [Homo sapiens]	TRUE	TENT2
XP_009029456.1	XP_047272802.1	0	N/A	29.915	117	41	8.02e-05	46.2	poly(A) RNA polymerase GLD2 isoform X2 [Homo sapiens]	TRUE	TENT2
XP_009029456.1	XP_016864641.1	0	N/A	29.915	117	41	8.02e-05	46.2	poly(A) RNA polymerase GLD2 isoform X2 [Homo sapiens]	TRUE	TENT2
XP_009029456.1	NP_001375026.1	0	N/A	29.915	117	41	8.02e-05	46.2	poly(A) RNA polymerase GLD2 isoform 6 [Homo sapiens]	TRUE	TENT2
XP_009029456.1	NP_001375025.1	0	N/A	29.915	117	41	8.02e-05	46.2	poly(A) RNA polymerase GLD2 isoform 6 [Homo sapiens]	TRUE	TENT2
XP_009029456.1	NP_001375024.1	0	N/A	29.915	117	41	8.02e-05	46.2	poly(A) RNA polymerase GLD2 isoform 6 [Homo sapiens]	TRUE	TENT2
XP_009029456.1	NP_001336480.1	0	N/A	29.915	117	41	8.02e-05	46.2	poly(A) RNA polymerase GLD2 isoform 6 [Homo sapiens]	TRUE	TENT2
XP_009029456.1	NP_001375065.1	0	N/A	29.915	117	41	8.13e-05	45.8	poly(A) RNA polymerase GLD2 isoform 14 [Homo sapiens]	TRUE	TENT2
XP_009029456.1	XP_047272801.1	0	N/A	29.915	117	41	8.19e-05	46.2	poly(A) RNA polymerase GLD2 isoform X1 [Homo sapiens]	TRUE	TENT2
XP_009029456.1	XP_047272800.1	0	N/A	29.915	117	41	8.19e-05	46.2	poly(A) RNA polymerase GLD2 isoform X1 [Homo sapiens]	TRUE	TENT2
XP_009029456.1	XP_011541527.1	0	N/A	29.915	117	41	8.19e-05	46.2	poly(A) RNA polymerase GLD2 isoform X1 [Homo sapiens]	TRUE	TENT2
XP_009029456.1	XP_011541526.1	0	N/A	29.915	117	41	8.19e-05	46.2	poly(A) RNA polymerase GLD2 isoform X1 [Homo sapiens]	TRUE	TENT2
XP_009029456.1	XP_011541523.1	0	N/A	29.915	117	41	8.19e-05	46.2	poly(A) RNA polymerase GLD2 isoform X1 [Homo sapiens]	TRUE	TENT2
XP_009029456.1	XP_011541522.1	0	N/A	29.915	117	41	8.19e-05	46.2	poly(A) RNA polymerase GLD2 isoform X1 [Homo sapiens]	TRUE	TENT2
XP_009029456.1	NP_001375023.1	0	N/A	29.915	117	41	8.19e-05	46.2	poly(A) RNA polymerase GLD2 isoform 5 [Homo sapiens]	TRUE	TENT2
XP_009029456.1	NP_001375022.1	0	N/A	29.915	117	41	8.19e-05	46.2	poly(A) RNA polymerase GLD2 isoform 5 [Homo sapiens]	TRUE	TENT2
XP_009029456.1	NP_001336479.1	0	N/A	29.915	117	41	8.19e-05	46.2	poly(A) RNA polymerase GLD2 isoform 5 [Homo sapiens]	TRUE	TENT2
XP_009029456.1	NP_001336478.1	0	N/A	29.915	117	41	8.19e-05	46.2	poly(A) RNA polymerase GLD2 isoform 5 [Homo sapiens]	TRUE	TENT2
XP_009029456.1	NP_001375059.1	0	N/A	29.915	117	41	9.41e-05	45.8	poly(A) RNA polymerase GLD2 isoform 10 [Homo sapiens]	TRUE	TENT2
XP_009029456.1	XP_047272811.1	0	N/A	29.915	117	41	9.67e-05	45.8	poly(A) RNA polymerase GLD2 isoform X4 [Homo sapiens]	TRUE	TENT2
XP_009029456.1	XP_047272810.1	0	N/A	29.915	117	41	9.67e-05	45.8	poly(A) RNA polymerase GLD2 isoform X4 [Homo sapiens]	TRUE	TENT2
XP_009029456.1	XP_047272809.1	0	N/A	29.915	117	41	9.67e-05	45.8	poly(A) RNA polymerase GLD2 isoform X4 [Homo sapiens]	TRUE	TENT2
XP_009029456.1	NP_001375058.1	0	N/A	29.915	117	41	9.67e-05	45.8	poly(A) RNA polymerase GLD2 isoform 2 [Homo sapiens]	TRUE	TENT2
XP_009029456.1	NP_001375057.1	0	N/A	29.915	117	41	9.67e-05	45.8	poly(A) RNA polymerase GLD2 isoform 2 [Homo sapiens]	TRUE	TENT2
XP_009029456.1	NP_001375056.1	0	N/A	29.915	117	41	9.67e-05	45.8	poly(A) RNA polymerase GLD2 isoform 2 [Homo sapiens]	TRUE	TENT2
XP_009029456.1	NP_001375055.1	0	N/A	29.915	117	41	9.67e-05	45.8	poly(A) RNA polymerase GLD2 isoform 2 [Homo sapiens]	TRUE	TENT2
XP_009029456.1	NP_001375054.1	0	N/A	29.915	117	41	9.67e-05	45.8	poly(A) RNA polymerase GLD2 isoform 2 [Homo sapiens]	TRUE	TENT2
XP_009029456.1	NP_001375053.1	0	N/A	29.915	117	41	9.67e-05	45.8	poly(A) RNA polymerase GLD2 isoform 2 [Homo sapiens]	TRUE	TENT2
XP_009029456.1	NP_001375052.1	0	N/A	29.915	117	41	9.67e-05	45.8	poly(A) RNA polymerase GLD2 isoform 2 [Homo sapiens]	TRUE	TENT2
XP_009029456.1	NP_001375051.1	0	N/A	29.915	117	41	9.67e-05	45.8	poly(A) RNA polymerase GLD2 isoform 2 [Homo sapiens]	TRUE	TENT2
XP_009029456.1	NP_001375050.1	0	N/A	29.915	117	41	9.67e-05	45.8	poly(A) RNA polymerase GLD2 isoform 2 [Homo sapiens]	TRUE	TENT2
XP_009029456.1	NP_001375049.1	0	N/A	29.915	117	41	9.67e-05	45.8	poly(A) RNA polymerase GLD2 isoform 2 [Homo sapiens]	TRUE	TENT2
XP_009029456.1	NP_001375048.1	0	N/A	29.915	117	41	9.67e-05	45.8	poly(A) RNA polymerase GLD2 isoform 2 [Homo sapiens]	TRUE	TENT2
XP_009029456.1	NP_001375047.1	0	N/A	29.915	117	41	9.67e-05	45.8	poly(A) RNA polymerase GLD2 isoform 2 [Homo sapiens]	TRUE	TENT2
XP_009029456.1	NP_001375046.1	0	N/A	29.915	117	41	9.67e-05	45.8	poly(A) RNA polymerase GLD2 isoform 2 [Homo sapiens]	TRUE	TENT2
XP_009029456.1	NP_001375045.1	0	N/A	29.915	117	41	9.67e-05	45.8	poly(A) RNA polymerase GLD2 isoform 2 [Homo sapiens]	TRUE	TENT2
XP_009029456.1	NP_001375044.1	0	N/A	29.915	117	41	9.67e-05	45.8	poly(A) RNA polymerase GLD2 isoform 2 [Homo sapiens]	TRUE	TENT2
XP_009029456.1	NP_001375043.1	0	N/A	29.915	117	41	9.67e-05	45.8	poly(A) RNA polymerase GLD2 isoform 2 [Homo sapiens]	TRUE	TENT2
XP_009029456.1	NP_001336483.1	0	N/A	29.915	117	41	9.67e-05	45.8	poly(A) RNA polymerase GLD2 isoform 2 [Homo sapiens]	TRUE	TENT2
XP_009029456.1	NP_001284673.1	0	N/A	29.915	117	41	9.67e-05	45.8	poly(A) RNA polymerase GLD2 isoform 2 [Homo sapiens]	TRUE	TENT2
XP_009029456.1	NP_001375042.1	0	N/A	29.915	117	41	9.7e-05	45.8	poly(A) RNA polymerase GLD2 isoform 16 [Homo sapiens]	TRUE	TENT2
XP_009029456.1	NP_001375030.1	0	N/A	29.915	117	41	9.75e-05	45.8	poly(A) RNA polymerase GLD2 isoform 9 [Homo sapiens]	TRUE	TENT2
XP_009029456.1	NP_001375061.1	0	N/A	29.915	117	41	0.000101	45.8	poly(A) RNA polymerase GLD2 isoform 12 [Homo sapiens]	TRUE	TENT2
XP_009029456.1	XP_047272808.1	0	N/A	29.915	117	41	0.000102	45.8	poly(A) RNA polymerase GLD2 isoform X3 [Homo sapiens]	TRUE	TENT2
XP_009029456.1	XP_047272807.1	0	N/A	29.915	117	41	0.000102	45.8	poly(A) RNA polymerase GLD2 isoform X3 [Homo sapiens]	TRUE	TENT2
XP_009029456.1	XP_047272806.1	0	N/A	29.915	117	41	0.000102	45.8	poly(A) RNA polymerase GLD2 isoform X3 [Homo sapiens]	TRUE	TENT2
XP_009029456.1	NP_776158.2	0	N/A	29.915	117	41	0.000102	45.8	poly(A) RNA polymerase GLD2 isoform 1 [Homo sapiens]	TRUE	TENT2
XP_009029456.1	NP_001375041.1	0	N/A	29.915	117	41	0.000102	45.8	poly(A) RNA polymerase GLD2 isoform 1 [Homo sapiens]	TRUE	TENT2
XP_009029456.1	NP_001375040.1	0	N/A	29.915	117	41	0.000102	45.8	poly(A) RNA polymerase GLD2 isoform 1 [Homo sapiens]	TRUE	TENT2
XP_009029456.1	NP_001375039.1	0	N/A	29.915	117	41	0.000102	45.8	poly(A) RNA polymerase GLD2 isoform 1 [Homo sapiens]	TRUE	TENT2
XP_009029456.1	NP_001375038.1	0	N/A	29.915	117	41	0.000102	45.8	poly(A) RNA polymerase GLD2 isoform 1 [Homo sapiens]	TRUE	TENT2
XP_009029456.1	NP_001375037.1	0	N/A	29.915	117	41	0.000102	45.8	poly(A) RNA polymerase GLD2 isoform 1 [Homo sapiens]	TRUE	TENT2
XP_009029456.1	NP_001375036.1	0	N/A	29.915	117	41	0.000102	45.8	poly(A) RNA polymerase GLD2 isoform 1 [Homo sapiens]	TRUE	TENT2
XP_009029456.1	NP_001375035.1	0	N/A	29.915	117	41	0.000102	45.8	poly(A) RNA polymerase GLD2 isoform 1 [Homo sapiens]	TRUE	TENT2
XP_009029456.1	NP_001375034.1	0	N/A	29.915	117	41	0.000102	45.8	poly(A) RNA polymerase GLD2 isoform 1 [Homo sapiens]	TRUE	TENT2
XP_009029456.1	NP_001375032.1	0	N/A	29.915	117	41	0.000102	45.8	poly(A) RNA polymerase GLD2 isoform 1 [Homo sapiens]	TRUE	TENT2
XP_009029456.1	NP_001375031.1	0	N/A	29.915	117	41	0.000102	45.8	poly(A) RNA polymerase GLD2 isoform 1 [Homo sapiens]	TRUE	TENT2
XP_009029456.1	NP_001336482.1	0	N/A	29.915	117	41	0.000102	45.8	poly(A) RNA polymerase GLD2 isoform 1 [Homo sapiens]	TRUE	TENT2
XP_009029456.1	NP_001336481.1	0	N/A	29.915	117	41	0.000102	45.8	poly(A) RNA polymerase GLD2 isoform 1 [Homo sapiens]	TRUE	TENT2
XP_009029456.1	NP_001107866.1	0	N/A	29.915	117	41	0.000102	45.8	poly(A) RNA polymerase GLD2 isoform 1 [Homo sapiens]	TRUE	TENT2
XP_009029456.1	NP_001107865.1	0	N/A	29.915	117	41	0.000102	45.8	poly(A) RNA polymerase GLD2 isoform 1 [Homo sapiens]	TRUE	TENT2
XP_009029456.1	NP_001375029.1	0	N/A	29.915	117	41	0.000106	45.8	poly(A) RNA polymerase GLD2 isoform 8 [Homo sapiens]	TRUE	TENT2
XP_009029456.1	NP_001375028.1	0	N/A	29.915	117	41	0.000106	45.8	poly(A) RNA polymerase GLD2 isoform 8 [Homo sapiens]	TRUE	TENT2
XP_009029456.1	NP_001375060.1	0	N/A	29.915	117	41	0.000106	45.8	poly(A) RNA polymerase GLD2 isoform 11 [Homo sapiens]	TRUE	TENT2
XP_009031038.1	NP_001375061.1	0	N/A	44.737	304	42	1.68e-69	236	poly(A) RNA polymerase GLD2 isoform 12 [Homo sapiens]	TRUE	TENT2
XP_009031038.1	NP_001375065.1	0	N/A	44.737	304	42	1.71e-69	233	poly(A) RNA polymerase GLD2 isoform 14 [Homo sapiens]	TRUE	TENT2
XP_009031038.1	NP_001375059.1	0	N/A	44.737	304	42	2.65e-69	236	poly(A) RNA polymerase GLD2 isoform 10 [Homo sapiens]	TRUE	TENT2
XP_009031038.1	XP_047272811.1	0	N/A	44.737	304	42	2.66e-69	236	poly(A) RNA polymerase GLD2 isoform X4 [Homo sapiens]	TRUE	TENT2
XP_009031038.1	XP_047272810.1	0	N/A	44.737	304	42	2.66e-69	236	poly(A) RNA polymerase GLD2 isoform X4 [Homo sapiens]	TRUE	TENT2
XP_009031038.1	XP_047272809.1	0	N/A	44.737	304	42	2.66e-69	236	poly(A) RNA polymerase GLD2 isoform X4 [Homo sapiens]	TRUE	TENT2
XP_009031038.1	NP_001375058.1	0	N/A	44.737	304	42	2.66e-69	236	poly(A) RNA polymerase GLD2 isoform 2 [Homo sapiens]	TRUE	TENT2
XP_009031038.1	NP_001375057.1	0	N/A	44.737	304	42	2.66e-69	236	poly(A) RNA polymerase GLD2 isoform 2 [Homo sapiens]	TRUE	TENT2
XP_009031038.1	NP_001375056.1	0	N/A	44.737	304	42	2.66e-69	236	poly(A) RNA polymerase GLD2 isoform 2 [Homo sapiens]	TRUE	TENT2
XP_009031038.1	NP_001375055.1	0	N/A	44.737	304	42	2.66e-69	236	poly(A) RNA polymerase GLD2 isoform 2 [Homo sapiens]	TRUE	TENT2
XP_009031038.1	NP_001375054.1	0	N/A	44.737	304	42	2.66e-69	236	poly(A) RNA polymerase GLD2 isoform 2 [Homo sapiens]	TRUE	TENT2
XP_009031038.1	NP_001375053.1	0	N/A	44.737	304	42	2.66e-69	236	poly(A) RNA polymerase GLD2 isoform 2 [Homo sapiens]	TRUE	TENT2
XP_009031038.1	NP_001375052.1	0	N/A	44.737	304	42	2.66e-69	236	poly(A) RNA polymerase GLD2 isoform 2 [Homo sapiens]	TRUE	TENT2
XP_009031038.1	NP_001375051.1	0	N/A	44.737	304	42	2.66e-69	236	poly(A) RNA polymerase GLD2 isoform 2 [Homo sapiens]	TRUE	TENT2
XP_009031038.1	NP_001375050.1	0	N/A	44.737	304	42	2.66e-69	236	poly(A) RNA polymerase GLD2 isoform 2 [Homo sapiens]	TRUE	TENT2
XP_009031038.1	NP_001375049.1	0	N/A	44.737	304	42	2.66e-69	236	poly(A) RNA polymerase GLD2 isoform 2 [Homo sapiens]	TRUE	TENT2
XP_009031038.1	NP_001375048.1	0	N/A	44.737	304	42	2.66e-69	236	poly(A) RNA polymerase GLD2 isoform 2 [Homo sapiens]	TRUE	TENT2
XP_009031038.1	NP_001375047.1	0	N/A	44.737	304	42	2.66e-69	236	poly(A) RNA polymerase GLD2 isoform 2 [Homo sapiens]	TRUE	TENT2
XP_009031038.1	NP_001375046.1	0	N/A	44.737	304	42	2.66e-69	236	poly(A) RNA polymerase GLD2 isoform 2 [Homo sapiens]	TRUE	TENT2
XP_009031038.1	NP_001375045.1	0	N/A	44.737	304	42	2.66e-69	236	poly(A) RNA polymerase GLD2 isoform 2 [Homo sapiens]	TRUE	TENT2
XP_009031038.1	NP_001375044.1	0	N/A	44.737	304	42	2.66e-69	236	poly(A) RNA polymerase GLD2 isoform 2 [Homo sapiens]	TRUE	TENT2
XP_009031038.1	NP_001375043.1	0	N/A	44.737	304	42	2.66e-69	236	poly(A) RNA polymerase GLD2 isoform 2 [Homo sapiens]	TRUE	TENT2
XP_009031038.1	NP_001336483.1	0	N/A	44.737	304	42	2.66e-69	236	poly(A) RNA polymerase GLD2 isoform 2 [Homo sapiens]	TRUE	TENT2
XP_009031038.1	NP_001284673.1	0	N/A	44.737	304	42	2.66e-69	236	poly(A) RNA polymerase GLD2 isoform 2 [Homo sapiens]	TRUE	TENT2
XP_009031038.1	NP_001375030.1	0	N/A	42.994	314	42	1.88e-67	232	poly(A) RNA polymerase GLD2 isoform 9 [Homo sapiens]	TRUE	TENT2
XP_009031038.1	NP_001375060.1	0	N/A	44.156	308	42	2.72e-67	230	poly(A) RNA polymerase GLD2 isoform 11 [Homo sapiens]	TRUE	TENT2
XP_009031038.1	XP_047272808.1	0	N/A	44.156	308	42	3.56e-67	231	poly(A) RNA polymerase GLD2 isoform X3 [Homo sapiens]	TRUE	TENT2
XP_009031038.1	XP_047272807.1	0	N/A	44.156	308	42	3.56e-67	231	poly(A) RNA polymerase GLD2 isoform X3 [Homo sapiens]	TRUE	TENT2
XP_009031038.1	XP_047272806.1	0	N/A	44.156	308	42	3.56e-67	231	poly(A) RNA polymerase GLD2 isoform X3 [Homo sapiens]	TRUE	TENT2
XP_009031038.1	NP_776158.2	0	N/A	44.156	308	42	3.56e-67	231	poly(A) RNA polymerase GLD2 isoform 1 [Homo sapiens]	TRUE	TENT2
XP_009031038.1	NP_001375041.1	0	N/A	44.156	308	42	3.56e-67	231	poly(A) RNA polymerase GLD2 isoform 1 [Homo sapiens]	TRUE	TENT2
XP_009031038.1	NP_001375040.1	0	N/A	44.156	308	42	3.56e-67	231	poly(A) RNA polymerase GLD2 isoform 1 [Homo sapiens]	TRUE	TENT2
XP_009031038.1	NP_001375039.1	0	N/A	44.156	308	42	3.56e-67	231	poly(A) RNA polymerase GLD2 isoform 1 [Homo sapiens]	TRUE	TENT2
XP_009031038.1	NP_001375038.1	0	N/A	44.156	308	42	3.56e-67	231	poly(A) RNA polymerase GLD2 isoform 1 [Homo sapiens]	TRUE	TENT2
XP_009031038.1	NP_001375037.1	0	N/A	44.156	308	42	3.56e-67	231	poly(A) RNA polymerase GLD2 isoform 1 [Homo sapiens]	TRUE	TENT2
XP_009031038.1	NP_001375036.1	0	N/A	44.156	308	42	3.56e-67	231	poly(A) RNA polymerase GLD2 isoform 1 [Homo sapiens]	TRUE	TENT2
XP_009031038.1	NP_001375035.1	0	N/A	44.156	308	42	3.56e-67	231	poly(A) RNA polymerase GLD2 isoform 1 [Homo sapiens]	TRUE	TENT2
XP_009031038.1	NP_001375034.1	0	N/A	44.156	308	42	3.56e-67	231	poly(A) RNA polymerase GLD2 isoform 1 [Homo sapiens]	TRUE	TENT2
XP_009031038.1	NP_001375032.1	0	N/A	44.156	308	42	3.56e-67	231	poly(A) RNA polymerase GLD2 isoform 1 [Homo sapiens]	TRUE	TENT2
XP_009031038.1	NP_001375031.1	0	N/A	44.156	308	42	3.56e-67	231	poly(A) RNA polymerase GLD2 isoform 1 [Homo sapiens]	TRUE	TENT2
XP_009031038.1	NP_001336482.1	0	N/A	44.156	308	42	3.56e-67	231	poly(A) RNA polymerase GLD2 isoform 1 [Homo sapiens]	TRUE	TENT2
XP_009031038.1	NP_001336481.1	0	N/A	44.156	308	42	3.56e-67	231	poly(A) RNA polymerase GLD2 isoform 1 [Homo sapiens]	TRUE	TENT2
XP_009031038.1	NP_001107866.1	0	N/A	44.156	308	42	3.56e-67	231	poly(A) RNA polymerase GLD2 isoform 1 [Homo sapiens]	TRUE	TENT2
XP_009031038.1	NP_001107865.1	0	N/A	44.156	308	42	3.56e-67	231	poly(A) RNA polymerase GLD2 isoform 1 [Homo sapiens]	TRUE	TENT2
XP_009031038.1	NP_001375042.1	0	N/A	44.156	308	42	3.89e-67	231	poly(A) RNA polymerase GLD2 isoform 16 [Homo sapiens]	TRUE	TENT2
XP_009031038.1	NP_001375027.1	0	N/A	41.896	327	42	4.08e-67	231	poly(A) RNA polymerase GLD2 isoform 7 [Homo sapiens]	TRUE	TENT2
XP_009031038.1	XP_047272805.1	0	N/A	41.896	327	42	4.09e-67	231	poly(A) RNA polymerase GLD2 isoform X2 [Homo sapiens]	TRUE	TENT2
XP_009031038.1	XP_047272804.1	0	N/A	41.896	327	42	4.09e-67	231	poly(A) RNA polymerase GLD2 isoform X2 [Homo sapiens]	TRUE	TENT2
XP_009031038.1	XP_047272803.1	0	N/A	41.896	327	42	4.09e-67	231	poly(A) RNA polymerase GLD2 isoform X2 [Homo sapiens]	TRUE	TENT2
XP_009031038.1	XP_047272802.1	0	N/A	41.896	327	42	4.09e-67	231	poly(A) RNA polymerase GLD2 isoform X2 [Homo sapiens]	TRUE	TENT2
XP_009031038.1	XP_016864641.1	0	N/A	41.896	327	42	4.09e-67	231	poly(A) RNA polymerase GLD2 isoform X2 [Homo sapiens]	TRUE	TENT2
XP_009031038.1	NP_001375026.1	0	N/A	41.896	327	42	4.09e-67	231	poly(A) RNA polymerase GLD2 isoform 6 [Homo sapiens]	TRUE	TENT2
XP_009031038.1	NP_001375025.1	0	N/A	41.896	327	42	4.09e-67	231	poly(A) RNA polymerase GLD2 isoform 6 [Homo sapiens]	TRUE	TENT2
XP_009031038.1	NP_001375024.1	0	N/A	41.896	327	42	4.09e-67	231	poly(A) RNA polymerase GLD2 isoform 6 [Homo sapiens]	TRUE	TENT2
XP_009031038.1	NP_001336480.1	0	N/A	41.896	327	42	4.09e-67	231	poly(A) RNA polymerase GLD2 isoform 6 [Homo sapiens]	TRUE	TENT2
XP_009031038.1	NP_001375029.1	0	N/A	42.453	318	42	2.8e-65	226	poly(A) RNA polymerase GLD2 isoform 8 [Homo sapiens]	TRUE	TENT2
XP_009031038.1	NP_001375028.1	0	N/A	42.453	318	42	2.8e-65	226	poly(A) RNA polymerase GLD2 isoform 8 [Homo sapiens]	TRUE	TENT2
XP_009031038.1	XP_047272801.1	0	N/A	38.356	365	46	6.07e-65	226	poly(A) RNA polymerase GLD2 isoform X1 [Homo sapiens]	TRUE	TENT2
XP_009031038.1	XP_047272800.1	0	N/A	38.356	365	46	6.07e-65	226	poly(A) RNA polymerase GLD2 isoform X1 [Homo sapiens]	TRUE	TENT2
XP_009031038.1	XP_011541527.1	0	N/A	38.356	365	46	6.07e-65	226	poly(A) RNA polymerase GLD2 isoform X1 [Homo sapiens]	TRUE	TENT2
XP_009031038.1	XP_011541526.1	0	N/A	38.356	365	46	6.07e-65	226	poly(A) RNA polymerase GLD2 isoform X1 [Homo sapiens]	TRUE	TENT2
XP_009031038.1	XP_011541523.1	0	N/A	38.356	365	46	6.07e-65	226	poly(A) RNA polymerase GLD2 isoform X1 [Homo sapiens]	TRUE	TENT2
XP_009031038.1	XP_011541522.1	0	N/A	38.356	365	46	6.07e-65	226	poly(A) RNA polymerase GLD2 isoform X1 [Homo sapiens]	TRUE	TENT2
XP_009031038.1	NP_001375023.1	0	N/A	38.356	365	46	6.07e-65	226	poly(A) RNA polymerase GLD2 isoform 5 [Homo sapiens]	TRUE	TENT2
XP_009031038.1	NP_001375022.1	0	N/A	38.356	365	46	6.07e-65	226	poly(A) RNA polymerase GLD2 isoform 5 [Homo sapiens]	TRUE	TENT2
XP_009031038.1	NP_001336479.1	0	N/A	38.356	365	46	6.07e-65	226	poly(A) RNA polymerase GLD2 isoform 5 [Homo sapiens]	TRUE	TENT2
XP_009031038.1	NP_001336478.1	0	N/A	38.356	365	46	6.07e-65	226	poly(A) RNA polymerase GLD2 isoform 5 [Homo sapiens]	TRUE	TENT2
XP_009031038.1	NP_001336477.1	0	N/A	44.77	239	33	3.04e-53	186	poly(A) RNA polymerase GLD2 isoform 4 [Homo sapiens]	TRUE	TENT2
XP_009031038.1	XP_047272820.1	0	N/A	47.664	214	30	1.5e-51	181	poly(A) RNA polymerase GLD2 isoform X11 [Homo sapiens]	TRUE	TENT2
XP_009031038.1	XP_047272817.1	0	N/A	39.506	243	30	4.46e-45	167	poly(A) RNA polymerase GLD2 isoform X9 [Homo sapiens]	TRUE	TENT2
XP_009031038.1	XP_047272818.1	0	N/A	48.421	190	26	4.65e-45	166	poly(A) RNA polymerase GLD2 isoform X10 [Homo sapiens]	TRUE	TENT2
XP_009031038.1	XP_047272816.1	0	N/A	38.866	247	30	4.47e-43	162	poly(A) RNA polymerase GLD2 isoform X8 [Homo sapiens]	TRUE	TENT2
XP_009031038.1	XP_047272815.1	0	N/A	35.855	304	42	6.44e-43	163	poly(A) RNA polymerase GLD2 isoform X7 [Homo sapiens]	TRUE	TENT2
XP_009031038.1	NP_001375064.1	0	N/A	35.855	304	42	6.44e-43	163	poly(A) RNA polymerase GLD2 isoform 13 [Homo sapiens]	TRUE	TENT2
XP_009031038.1	NP_001375063.1	0	N/A	35.855	304	42	6.44e-43	163	poly(A) RNA polymerase GLD2 isoform 13 [Homo sapiens]	TRUE	TENT2
XP_009031038.1	NP_001375066.1	0	N/A	48.108	185	26	3.21e-42	157	poly(A) RNA polymerase GLD2 isoform 15 [Homo sapiens]	TRUE	TENT2
XP_009031038.1	XP_047272814.1	0	N/A	35.39	308	42	6.05e-41	157	poly(A) RNA polymerase GLD2 isoform X6 [Homo sapiens]	TRUE	TENT2
XP_009031038.1	XP_047272813.1	0	N/A	35.39	308	42	6.05e-41	157	poly(A) RNA polymerase GLD2 isoform X6 [Homo sapiens]	TRUE	TENT2
XP_009031038.1	XP_047272812.1	0	N/A	35.39	308	42	6.05e-41	157	poly(A) RNA polymerase GLD2 isoform X6 [Homo sapiens]	TRUE	TENT2
XP_009031038.1	NP_001375062.1	0	N/A	35.39	308	42	6.05e-41	157	poly(A) RNA polymerase GLD2 isoform 3 [Homo sapiens]	TRUE	TENT2
XP_009031038.1	NP_001284674.1	0	N/A	35.39	308	42	6.05e-41	157	poly(A) RNA polymerase GLD2 isoform 3 [Homo sapiens]	TRUE	TENT2
XP_009031038.1	XP_011541531.1	0	N/A	30.959	365	46	4.1e-39	153	poly(A) RNA polymerase GLD2 isoform X5 [Homo sapiens]	TRUE	TENT2
XP_009031038.1	NP_001317647.1	0	N/A	34.34	265	37	1.65e-34	143	terminal uridylyltransferase 7 isoform 3 [Homo sapiens]	TRUE	Tut7
XP_009031038.1	XP_016870620.1	0	N/A	34.34	265	37	3.24e-34	143	terminal uridylyltransferase 7 isoform X4 [Homo sapiens]	TRUE	Tut7
XP_009031038.1	XP_016870619.1	0	N/A	34.34	265	37	3.24e-34	143	terminal uridylyltransferase 7 isoform X4 [Homo sapiens]	TRUE	Tut7
XP_009031038.1	NP_078893.2	0	N/A	34.34	265	37	3.24e-34	143	terminal uridylyltransferase 7 isoform 1 [Homo sapiens]	TRUE	Tut7
XP_009031038.1	NP_001171988.1	0	N/A	34.34	265	37	3.24e-34	143	terminal uridylyltransferase 7 isoform 1 [Homo sapiens]	TRUE	Tut7
XP_009031038.1	XP_005252265.1	0	N/A	34.34	265	37	3.7e-34	142	terminal uridylyltransferase 7 isoform X7 [Homo sapiens]	TRUE	Tut7
XP_009031038.1	XP_011517318.1	0	N/A	34.34	265	37	3.8e-34	143	terminal uridylyltransferase 7 isoform X5 [Homo sapiens]	TRUE	Tut7
XP_009031038.1	XP_047279825.1	0	N/A	34.34	265	37	3.95e-34	142	terminal uridylyltransferase 7 isoform X6 [Homo sapiens]	TRUE	Tut7
XP_009031038.1	XP_047279824.1	0	N/A	34.34	265	37	3.95e-34	142	terminal uridylyltransferase 7 isoform X6 [Homo sapiens]	TRUE	Tut7
XP_009031038.1	XP_005252264.1	0	N/A	34.34	265	37	3.95e-34	142	terminal uridylyltransferase 7 isoform X6 [Homo sapiens]	TRUE	Tut7
XP_009031038.1	XP_047279823.1	0	N/A	34.34	265	37	4.34e-34	142	terminal uridylyltransferase 7 isoform X2 [Homo sapiens]	TRUE	Tut7
XP_009031038.1	XP_006717346.1	0	N/A	34.34	265	37	4.34e-34	142	terminal uridylyltransferase 7 isoform X2 [Homo sapiens]	TRUE	Tut7
XP_009031038.1	XP_011517317.1	0	N/A	34.34	265	37	5.12e-34	142	terminal uridylyltransferase 7 isoform X3 [Homo sapiens]	TRUE	Tut7
XP_009031038.1	XP_011517316.1	0	N/A	34.34	265	37	5.57e-34	142	terminal uridylyltransferase 7 isoform X1 [Homo sapiens]	TRUE	Tut7
XP_009031038.1	XP_011517315.1	0	N/A	34.34	265	37	5.57e-34	142	terminal uridylyltransferase 7 isoform X1 [Homo sapiens]	TRUE	Tut7
XP_009031038.1	XP_011517314.1	0	N/A	34.34	265	37	5.57e-34	142	terminal uridylyltransferase 7 isoform X1 [Homo sapiens]	TRUE	Tut7
XP_009031038.1	XP_011517313.1	0	N/A	34.34	265	37	5.57e-34	142	terminal uridylyltransferase 7 isoform X1 [Homo sapiens]	TRUE	Tut7
XP_009031038.1	XP_047272295.1	0	N/A	32.707	266	37	4.06e-32	136	terminal uridylyltransferase 4 isoform X12 [Homo sapiens]	TRUE	Tut4
XP_009047891.1	NP_001317647.1	0	N/A	55.238	210	91	5.59e-77	249	terminal uridylyltransferase 7 isoform 3 [Homo sapiens]	TRUE	Tut7
XP_009047891.1	NP_001172003.1	0	N/A	55.238	210	91	3.27e-75	249	terminal uridylyltransferase 7 isoform 2 [Homo sapiens]	TRUE	Tut7
XP_009047891.1	XP_005252265.1	0	N/A	51.515	231	100	3.65e-75	249	terminal uridylyltransferase 7 isoform X7 [Homo sapiens]	TRUE	Tut7
XP_009047891.1	XP_047279823.1	0	N/A	55.238	210	91	5.71e-75	248	terminal uridylyltransferase 7 isoform X2 [Homo sapiens]	TRUE	Tut7
XP_009047891.1	XP_006717346.1	0	N/A	55.238	210	91	5.71e-75	248	terminal uridylyltransferase 7 isoform X2 [Homo sapiens]	TRUE	Tut7
XP_009047891.1	XP_047279825.1	0	N/A	55.238	210	91	5.88e-75	248	terminal uridylyltransferase 7 isoform X6 [Homo sapiens]	TRUE	Tut7
XP_009047891.1	XP_047279824.1	0	N/A	55.238	210	91	5.88e-75	248	terminal uridylyltransferase 7 isoform X6 [Homo sapiens]	TRUE	Tut7
XP_009047891.1	XP_005252264.1	0	N/A	55.238	210	91	5.88e-75	248	terminal uridylyltransferase 7 isoform X6 [Homo sapiens]	TRUE	Tut7
XP_009047891.1	XP_016870620.1	0	N/A	55.238	210	91	6.15e-75	248	terminal uridylyltransferase 7 isoform X4 [Homo sapiens]	TRUE	Tut7
XP_009047891.1	XP_016870619.1	0	N/A	55.238	210	91	6.15e-75	248	terminal uridylyltransferase 7 isoform X4 [Homo sapiens]	TRUE	Tut7
XP_009047891.1	NP_078893.2	0	N/A	55.238	210	91	6.15e-75	248	terminal uridylyltransferase 7 isoform 1 [Homo sapiens]	TRUE	Tut7
XP_009047891.1	NP_001171988.1	0	N/A	55.238	210	91	6.15e-75	248	terminal uridylyltransferase 7 isoform 1 [Homo sapiens]	TRUE	Tut7
XP_009047891.1	XP_011517318.1	0	N/A	55.238	210	91	7.04e-75	248	terminal uridylyltransferase 7 isoform X5 [Homo sapiens]	TRUE	Tut7
XP_009047891.1	XP_011517317.1	0	N/A	55.238	210	91	7.27e-75	248	terminal uridylyltransferase 7 isoform X3 [Homo sapiens]	TRUE	Tut7
XP_009047891.1	XP_011517316.1	0	N/A	55.238	210	91	8.6e-75	248	terminal uridylyltransferase 7 isoform X1 [Homo sapiens]	TRUE	Tut7
XP_009047891.1	XP_011517315.1	0	N/A	55.238	210	91	8.6e-75	248	terminal uridylyltransferase 7 isoform X1 [Homo sapiens]	TRUE	Tut7
XP_009047891.1	XP_011517314.1	0	N/A	55.238	210	91	8.6e-75	248	terminal uridylyltransferase 7 isoform X1 [Homo sapiens]	TRUE	Tut7
XP_009047891.1	XP_011517313.1	0	N/A	55.238	210	91	8.6e-75	248	terminal uridylyltransferase 7 isoform X1 [Homo sapiens]	TRUE	Tut7
XP_009047891.1	XP_047272384.1	0	N/A	55.14	214	93	1.5e-73	241	terminal uridylyltransferase 4 isoform X46 [Homo sapiens]	TRUE	Tut4
XP_009047891.1	XP_005270739.1	0	N/A	55.14	214	93	1.61e-73	244	terminal uridylyltransferase 4 isoform X33 [Homo sapiens]	TRUE	Tut4
XP_009047891.1	XP_047272288.1	0	N/A	55.14	214	93	1.67e-73	244	terminal uridylyltransferase 4 isoform X10 [Homo sapiens]	TRUE	Tut4
XP_009047891.1	XP_047272286.1	0	N/A	55.14	214	93	1.74e-73	244	terminal uridylyltransferase 4 isoform X8 [Homo sapiens]	TRUE	Tut4
XP_009047891.1	XP_011539399.1	0	N/A	55.14	214	93	1.81e-73	244	terminal uridylyltransferase 4 isoform X1 [Homo sapiens]	TRUE	Tut4
XP_009047891.1	XP_005270733.1	0	N/A	55.14	214	93	1.81e-73	244	terminal uridylyltransferase 4 isoform X1 [Homo sapiens]	TRUE	Tut4
XP_009047891.1	XP_047272344.1	0	N/A	55.14	214	93	1.97e-73	244	terminal uridylyltransferase 4 isoform X30 [Homo sapiens]	TRUE	Tut4
XP_009047891.1	XP_047272281.1	0	N/A	55.14	214	93	2.07e-73	244	terminal uridylyltransferase 4 isoform X4 [Homo sapiens]	TRUE	Tut4
XP_009047891.1	NP_001009881.1	0	N/A	55.14	214	93	2.07e-73	244	terminal uridylyltransferase 4 isoform a [Homo sapiens]	TRUE	Tut4
XP_009047891.1	XP_047272295.1	0	N/A	55.14	214	93	2.19e-73	244	terminal uridylyltransferase 4 isoform X12 [Homo sapiens]	TRUE	Tut4
XP_009047891.1	XP_011539401.1	0	N/A	55.14	214	93	2.33e-73	244	terminal uridylyltransferase 4 isoform X29 [Homo sapiens]	TRUE	Tut4
XP_009047891.1	XP_016856297.1	0	N/A	55.981	209	90	3.13e-73	243	terminal uridylyltransferase 4 isoform X36 [Homo sapiens]	TRUE	Tut4
XP_009047891.1	XP_005270735.1	0	N/A	55.981	209	90	3.81e-73	243	terminal uridylyltransferase 4 isoform X2 [Homo sapiens]	TRUE	Tut4
XP_009047891.1	XP_047272285.1	0	N/A	55.981	209	90	3.91e-73	243	terminal uridylyltransferase 4 isoform X7 [Homo sapiens]	TRUE	Tut4
XP_009047891.1	XP_016856293.1	0	N/A	55.981	209	90	3.95e-73	243	terminal uridylyltransferase 4 isoform X16 [Homo sapiens]	TRUE	Tut4
XP_009047891.1	XP_047272305.1	0	N/A	55.981	209	90	3.99e-73	243	terminal uridylyltransferase 4 isoform X17 [Homo sapiens]	TRUE	Tut4
XP_009047891.1	XP_047272365.1	0	N/A	55.981	209	90	4.1e-73	243	terminal uridylyltransferase 4 isoform X38 [Homo sapiens]	TRUE	Tut4
XP_009047891.1	XP_047272283.1	0	N/A	55.981	209	90	4.11e-73	243	terminal uridylyltransferase 4 isoform X6 [Homo sapiens]	TRUE	Tut4
XP_009047891.1	XP_005270737.1	0	N/A	55.981	209	90	4.11e-73	243	terminal uridylyltransferase 4 isoform X6 [Homo sapiens]	TRUE	Tut4
XP_009047891.1	XP_016856292.1	0	N/A	55.981	209	90	4.15e-73	243	terminal uridylyltransferase 4 isoform X9 [Homo sapiens]	TRUE	Tut4
XP_009047891.1	XP_016856299.1	0	N/A	55.981	209	90	4.18e-73	243	terminal uridylyltransferase 4 isoform X40 [Homo sapiens]	TRUE	Tut4
XP_009047891.1	XP_047272280.1	0	N/A	55.981	209	90	4.24e-73	243	terminal uridylyltransferase 4 isoform X3 [Homo sapiens]	TRUE	Tut4
XP_009047891.1	XP_005270736.1	0	N/A	55.981	209	90	4.24e-73	243	terminal uridylyltransferase 4 isoform X3 [Homo sapiens]	TRUE	Tut4
XP_009047891.1	XP_047272290.1	0	N/A	55.981	209	90	4.31e-73	243	terminal uridylyltransferase 4 isoform X11 [Homo sapiens]	TRUE	Tut4
XP_009047891.1	XP_047272372.1	0	N/A	55.981	209	90	4.32e-73	243	terminal uridylyltransferase 4 isoform X42 [Homo sapiens]	TRUE	Tut4
XP_009047891.1	XP_047272350.1	0	N/A	55.981	209	90	4.44e-73	243	terminal uridylyltransferase 4 isoform X34 [Homo sapiens]	TRUE	Tut4
XP_009047891.1	XP_047272282.1	0	N/A	55.981	209	90	4.53e-73	243	terminal uridylyltransferase 4 isoform X5 [Homo sapiens]	TRUE	Tut4
XP_009047891.1	NP_056084.1	0	N/A	55.981	209	90	4.53e-73	243	terminal uridylyltransferase 4 isoform b [Homo sapiens]	TRUE	Tut4
XP_009047891.1	XP_016856295.1	0	N/A	55.981	209	90	4.59e-73	243	terminal uridylyltransferase 4 isoform X25 [Homo sapiens]	TRUE	Tut4
XP_009047891.1	XP_016856296.1	0	N/A	55.981	209	90	4.63e-73	243	terminal uridylyltransferase 4 isoform X28 [Homo sapiens]	TRUE	Tut4
XP_009047891.1	XP_047272325.1	0	N/A	55.981	209	90	4.78e-73	243	terminal uridylyltransferase 4 isoform X23 [Homo sapiens]	TRUE	Tut4
XP_009047891.1	XP_047272296.1	0	N/A	55.981	209	90	4.84e-73	243	terminal uridylyltransferase 4 isoform X13 [Homo sapiens]	TRUE	Tut4
XP_009047891.1	XP_047272345.1	0	N/A	55.981	209	90	4.85e-73	243	terminal uridylyltransferase 4 isoform X31 [Homo sapiens]	TRUE	Tut4
XP_009047891.1	XP_047272337.1	0	N/A	55.981	209	90	5.52e-73	243	terminal uridylyltransferase 4 isoform X27 [Homo sapiens]	TRUE	Tut4
XP_009047891.1	XP_047272373.1	0	N/A	46.569	204	88	8.9e-54	187	terminal uridylyltransferase 4 isoform X43 [Homo sapiens]	TRUE	Tut4
XP_009047891.1	XP_047272311.1	0	N/A	46.569	204	88	9.77e-54	187	terminal uridylyltransferase 4 isoform X21 [Homo sapiens]	TRUE	Tut4
XP_009047891.1	XP_047272320.1	0	N/A	47.059	204	88	1.02e-53	187	terminal uridylyltransferase 4 isoform X22 [Homo sapiens]	TRUE	Tut4
XP_009047891.1	XP_005270738.1	0	N/A	46.569	204	88	1.15e-53	187	terminal uridylyltransferase 4 isoform X14 [Homo sapiens]	TRUE	Tut4
XP_009047891.1	XP_047272369.1	0	N/A	46.569	204	88	1.16e-53	187	terminal uridylyltransferase 4 isoform X41 [Homo sapiens]	TRUE	Tut4
XP_009047891.1	XP_047272354.1	0	N/A	46.569	204	88	1.34e-53	187	terminal uridylyltransferase 4 isoform X35 [Homo sapiens]	TRUE	Tut4
XP_009047891.1	XP_047272348.1	0	N/A	46.569	204	88	1.39e-53	187	terminal uridylyltransferase 4 isoform X32 [Homo sapiens]	TRUE	Tut4
XP_009047891.1	XP_047272307.1	0	N/A	47.236	199	86	2.16e-53	186	terminal uridylyltransferase 4 isoform X19 [Homo sapiens]	TRUE	Tut4
XP_009047891.1	XP_016856294.1	0	N/A	47.236	199	86	2.22e-53	186	terminal uridylyltransferase 4 isoform X20 [Homo sapiens]	TRUE	Tut4
XP_009047891.1	XP_047272336.1	0	N/A	47.739	199	86	2.26e-53	186	terminal uridylyltransferase 4 isoform X26 [Homo sapiens]	TRUE	Tut4
XP_009047891.1	XP_047272327.1	0	N/A	47.739	199	86	2.28e-53	186	terminal uridylyltransferase 4 isoform X24 [Homo sapiens]	TRUE	Tut4
XP_009047891.1	XP_047272377.1	0	N/A	47.236	199	86	2.31e-53	186	terminal uridylyltransferase 4 isoform X44 [Homo sapiens]	TRUE	Tut4
XP_009047891.1	XP_047272303.1	0	N/A	47.236	199	86	2.65e-53	186	terminal uridylyltransferase 4 isoform X15 [Homo sapiens]	TRUE	Tut4
XP_009047891.1	XP_047272306.1	0	N/A	47.236	199	86	2.86e-53	186	terminal uridylyltransferase 4 isoform X18 [Homo sapiens]	TRUE	Tut4
XP_009047891.1	XP_047272367.1	0	N/A	47.236	199	86	3.01e-53	186	terminal uridylyltransferase 4 isoform X39 [Homo sapiens]	TRUE	Tut4
XP_009047891.1	XP_047272362.1	0	N/A	47.236	199	86	3.1e-53	186	terminal uridylyltransferase 4 isoform X37 [Homo sapiens]	TRUE	Tut4
XP_009047891.1	NP_001336477.1	0	N/A	37.008	127	55	1.72e-17	80.9	poly(A) RNA polymerase GLD2 isoform 4 [Homo sapiens]	TRUE	TENT2
XP_009047891.1	XP_047272820.1	0	N/A	37.008	127	55	1.74e-17	80.9	poly(A) RNA polymerase GLD2 isoform X11 [Homo sapiens]	TRUE	TENT2
XP_009047891.1	NP_001375066.1	0	N/A	37.008	127	55	2.26e-17	81.3	poly(A) RNA polymerase GLD2 isoform 15 [Homo sapiens]	TRUE	TENT2
XP_009047891.1	NP_001375027.1	0	N/A	37.008	127	55	4.63e-17	81.6	poly(A) RNA polymerase GLD2 isoform 7 [Homo sapiens]	TRUE	TENT2
XP_009047891.1	XP_047272805.1	0	N/A	37.008	127	55	4.77e-17	81.6	poly(A) RNA polymerase GLD2 isoform X2 [Homo sapiens]	TRUE	TENT2
XP_009047891.1	XP_047272804.1	0	N/A	37.008	127	55	4.77e-17	81.6	poly(A) RNA polymerase GLD2 isoform X2 [Homo sapiens]	TRUE	TENT2
XP_009047891.1	XP_047272803.1	0	N/A	37.008	127	55	4.77e-17	81.6	poly(A) RNA polymerase GLD2 isoform X2 [Homo sapiens]	TRUE	TENT2
XP_009047891.1	XP_047272802.1	0	N/A	37.008	127	55	4.77e-17	81.6	poly(A) RNA polymerase GLD2 isoform X2 [Homo sapiens]	TRUE	TENT2
XP_009047891.1	XP_016864641.1	0	N/A	37.008	127	55	4.77e-17	81.6	poly(A) RNA polymerase GLD2 isoform X2 [Homo sapiens]	TRUE	TENT2
XP_009047891.1	NP_001375026.1	0	N/A	37.008	127	55	4.77e-17	81.6	poly(A) RNA polymerase GLD2 isoform 6 [Homo sapiens]	TRUE	TENT2
XP_009047891.1	NP_001375025.1	0	N/A	37.008	127	55	4.77e-17	81.6	poly(A) RNA polymerase GLD2 isoform 6 [Homo sapiens]	TRUE	TENT2
XP_009047891.1	NP_001375024.1	0	N/A	37.008	127	55	4.77e-17	81.6	poly(A) RNA polymerase GLD2 isoform 6 [Homo sapiens]	TRUE	TENT2
XP_009047891.1	NP_001336480.1	0	N/A	37.008	127	55	4.77e-17	81.6	poly(A) RNA polymerase GLD2 isoform 6 [Homo sapiens]	TRUE	TENT2
XP_009047891.1	NP_001375065.1	0	N/A	37.008	127	55	5.07e-17	80.9	poly(A) RNA polymerase GLD2 isoform 14 [Homo sapiens]	TRUE	TENT2
XP_009047891.1	XP_047272801.1	0	N/A	37.008	127	55	5.17e-17	81.6	poly(A) RNA polymerase GLD2 isoform X1 [Homo sapiens]	TRUE	TENT2
XP_009047891.1	XP_047272800.1	0	N/A	37.008	127	55	5.17e-17	81.6	poly(A) RNA polymerase GLD2 isoform X1 [Homo sapiens]	TRUE	TENT2
XP_009047891.1	XP_011541527.1	0	N/A	37.008	127	55	5.17e-17	81.6	poly(A) RNA polymerase GLD2 isoform X1 [Homo sapiens]	TRUE	TENT2
XP_009047891.1	XP_011541526.1	0	N/A	37.008	127	55	5.17e-17	81.6	poly(A) RNA polymerase GLD2 isoform X1 [Homo sapiens]	TRUE	TENT2
XP_009047891.1	XP_011541523.1	0	N/A	37.008	127	55	5.17e-17	81.6	poly(A) RNA polymerase GLD2 isoform X1 [Homo sapiens]	TRUE	TENT2
XP_009047891.1	XP_011541522.1	0	N/A	37.008	127	55	5.17e-17	81.6	poly(A) RNA polymerase GLD2 isoform X1 [Homo sapiens]	TRUE	TENT2
XP_009047891.1	NP_001375023.1	0	N/A	37.008	127	55	5.17e-17	81.6	poly(A) RNA polymerase GLD2 isoform 5 [Homo sapiens]	TRUE	TENT2
XP_009047891.1	NP_001375022.1	0	N/A	37.008	127	55	5.17e-17	81.6	poly(A) RNA polymerase GLD2 isoform 5 [Homo sapiens]	TRUE	TENT2
XP_009047891.1	NP_001336479.1	0	N/A	37.008	127	55	5.17e-17	81.6	poly(A) RNA polymerase GLD2 isoform 5 [Homo sapiens]	TRUE	TENT2
XP_009047891.1	NP_001336478.1	0	N/A	37.008	127	55	5.17e-17	81.6	poly(A) RNA polymerase GLD2 isoform 5 [Homo sapiens]	TRUE	TENT2
XP_009047891.1	NP_001375061.1	0	N/A	37.008	127	55	5.28e-17	81.6	poly(A) RNA polymerase GLD2 isoform 12 [Homo sapiens]	TRUE	TENT2
XP_009047891.1	NP_001375059.1	0	N/A	37.008	127	55	6.03e-17	81.3	poly(A) RNA polymerase GLD2 isoform 10 [Homo sapiens]	TRUE	TENT2
XP_009047891.1	NP_001375042.1	0	N/A	37.008	127	55	6.13e-17	81.3	poly(A) RNA polymerase GLD2 isoform 16 [Homo sapiens]	TRUE	TENT2
XP_009047891.1	NP_001375030.1	0	N/A	37.008	127	55	6.2e-17	81.3	poly(A) RNA polymerase GLD2 isoform 9 [Homo sapiens]	TRUE	TENT2
XP_009047891.1	XP_047272811.1	0	N/A	37.008	127	55	6.22e-17	81.3	poly(A) RNA polymerase GLD2 isoform X4 [Homo sapiens]	TRUE	TENT2
XP_009047891.1	XP_047272810.1	0	N/A	37.008	127	55	6.22e-17	81.3	poly(A) RNA polymerase GLD2 isoform X4 [Homo sapiens]	TRUE	TENT2
XP_009047891.1	XP_047272809.1	0	N/A	37.008	127	55	6.22e-17	81.3	poly(A) RNA polymerase GLD2 isoform X4 [Homo sapiens]	TRUE	TENT2
XP_009047891.1	NP_001375058.1	0	N/A	37.008	127	55	6.22e-17	81.3	poly(A) RNA polymerase GLD2 isoform 2 [Homo sapiens]	TRUE	TENT2
XP_009047892.1	XP_047279826.1	0	N/A	36.424	151	94	1.43e-33	127	terminal uridylyltransferase 7 isoform X8 [Homo sapiens]	TRUE	Tut7
XP_009047892.1	XP_005252265.1	0	N/A	36.424	151	94	1.46e-33	127	terminal uridylyltransferase 7 isoform X7 [Homo sapiens]	TRUE	Tut7
XP_009047892.1	XP_047279825.1	0	N/A	36.424	151	94	1.47e-33	127	terminal uridylyltransferase 7 isoform X6 [Homo sapiens]	TRUE	Tut7
XP_009047892.1	XP_047279824.1	0	N/A	36.424	151	94	1.47e-33	127	terminal uridylyltransferase 7 isoform X6 [Homo sapiens]	TRUE	Tut7
XP_009047892.1	XP_005252264.1	0	N/A	36.424	151	94	1.47e-33	127	terminal uridylyltransferase 7 isoform X6 [Homo sapiens]	TRUE	Tut7
XP_009047892.1	XP_011517318.1	0	N/A	36.424	151	94	1.47e-33	127	terminal uridylyltransferase 7 isoform X5 [Homo sapiens]	TRUE	Tut7
XP_009047892.1	XP_016870620.1	0	N/A	36.424	151	94	1.47e-33	127	terminal uridylyltransferase 7 isoform X4 [Homo sapiens]	TRUE	Tut7
XP_009047892.1	XP_016870619.1	0	N/A	36.424	151	94	1.47e-33	127	terminal uridylyltransferase 7 isoform X4 [Homo sapiens]	TRUE	Tut7
XP_009047892.1	NP_078893.2	0	N/A	36.424	151	94	1.47e-33	127	terminal uridylyltransferase 7 isoform 1 [Homo sapiens]	TRUE	Tut7
XP_009047892.1	NP_001171988.1	0	N/A	36.424	151	94	1.47e-33	127	terminal uridylyltransferase 7 isoform 1 [Homo sapiens]	TRUE	Tut7
XP_009047892.1	XP_011517317.1	0	N/A	36.424	151	94	1.47e-33	127	terminal uridylyltransferase 7 isoform X3 [Homo sapiens]	TRUE	Tut7
XP_009047892.1	XP_047279823.1	0	N/A	36.424	151	94	1.47e-33	127	terminal uridylyltransferase 7 isoform X2 [Homo sapiens]	TRUE	Tut7
XP_009047892.1	XP_006717346.1	0	N/A	36.424	151	94	1.47e-33	127	terminal uridylyltransferase 7 isoform X2 [Homo sapiens]	TRUE	Tut7
XP_009047892.1	XP_011517316.1	0	N/A	36.424	151	94	1.95e-33	126	terminal uridylyltransferase 7 isoform X1 [Homo sapiens]	TRUE	Tut7
XP_009047892.1	XP_011517315.1	0	N/A	36.424	151	94	1.95e-33	126	terminal uridylyltransferase 7 isoform X1 [Homo sapiens]	TRUE	Tut7
XP_009047892.1	XP_011517314.1	0	N/A	36.424	151	94	1.95e-33	126	terminal uridylyltransferase 7 isoform X1 [Homo sapiens]	TRUE	Tut7
XP_009047892.1	XP_011517313.1	0	N/A	36.424	151	94	1.95e-33	126	terminal uridylyltransferase 7 isoform X1 [Homo sapiens]	TRUE	Tut7
XP_009047892.1	XP_016856294.1	0	N/A	34.228	149	93	1.48e-29	115	terminal uridylyltransferase 4 isoform X20 [Homo sapiens]	TRUE	Tut4
XP_009047892.1	XP_047272307.1	0	N/A	34.228	149	93	1.51e-29	115	terminal uridylyltransferase 4 isoform X19 [Homo sapiens]	TRUE	Tut4
XP_009047892.1	XP_047272306.1	0	N/A	34.228	149	93	1.76e-29	115	terminal uridylyltransferase 4 isoform X18 [Homo sapiens]	TRUE	Tut4
XP_009047892.1	XP_047272283.1	0	N/A	34.228	149	93	1.76e-29	115	terminal uridylyltransferase 4 isoform X6 [Homo sapiens]	TRUE	Tut4
XP_009047892.1	XP_005270737.1	0	N/A	34.228	149	93	1.76e-29	115	terminal uridylyltransferase 4 isoform X6 [Homo sapiens]	TRUE	Tut4
XP_009047892.1	XP_047272305.1	0	N/A	34.228	149	93	1.83e-29	115	terminal uridylyltransferase 4 isoform X17 [Homo sapiens]	TRUE	Tut4
XP_009047892.1	XP_047272303.1	0	N/A	34.228	149	93	1.83e-29	115	terminal uridylyltransferase 4 isoform X15 [Homo sapiens]	TRUE	Tut4
XP_009047892.1	XP_005270738.1	0	N/A	34.228	149	93	1.83e-29	115	terminal uridylyltransferase 4 isoform X14 [Homo sapiens]	TRUE	Tut4
XP_009047892.1	XP_047272296.1	0	N/A	34.228	149	93	1.83e-29	115	terminal uridylyltransferase 4 isoform X13 [Homo sapiens]	TRUE	Tut4
XP_009047892.1	XP_047272282.1	0	N/A	34.228	149	93	1.83e-29	115	terminal uridylyltransferase 4 isoform X5 [Homo sapiens]	TRUE	Tut4
XP_009047892.1	NP_056084.1	0	N/A	34.228	149	93	1.83e-29	115	terminal uridylyltransferase 4 isoform b [Homo sapiens]	TRUE	Tut4
XP_009047892.1	XP_047272281.1	0	N/A	34.228	149	93	1.83e-29	115	terminal uridylyltransferase 4 isoform X4 [Homo sapiens]	TRUE	Tut4
XP_009047892.1	NP_001009881.1	0	N/A	34.228	149	93	1.83e-29	115	terminal uridylyltransferase 4 isoform a [Homo sapiens]	TRUE	Tut4
XP_009047892.1	XP_047272367.1	0	N/A	34.228	149	93	1.86e-29	115	terminal uridylyltransferase 4 isoform X39 [Homo sapiens]	TRUE	Tut4
XP_009047892.1	XP_047272362.1	0	N/A	34.228	149	93	1.86e-29	115	terminal uridylyltransferase 4 isoform X37 [Homo sapiens]	TRUE	Tut4
XP_009047892.1	XP_047272295.1	0	N/A	34.228	149	93	1.87e-29	115	terminal uridylyltransferase 4 isoform X12 [Homo sapiens]	TRUE	Tut4
XP_009047892.1	XP_047272280.1	0	N/A	34.228	149	93	1.87e-29	115	terminal uridylyltransferase 4 isoform X3 [Homo sapiens]	TRUE	Tut4
XP_009047892.1	XP_005270736.1	0	N/A	34.228	149	93	1.87e-29	115	terminal uridylyltransferase 4 isoform X3 [Homo sapiens]	TRUE	Tut4
XP_009047892.1	XP_047272354.1	0	N/A	34.228	149	93	1.88e-29	115	terminal uridylyltransferase 4 isoform X35 [Homo sapiens]	TRUE	Tut4
XP_009047892.1	XP_047272290.1	0	N/A	34.228	149	93	1.94e-29	115	terminal uridylyltransferase 4 isoform X11 [Homo sapiens]	TRUE	Tut4
XP_009047892.1	XP_005270735.1	0	N/A	34.228	149	93	1.94e-29	115	terminal uridylyltransferase 4 isoform X2 [Homo sapiens]	TRUE	Tut4
XP_009047892.1	XP_011539399.1	0	N/A	34.228	149	93	2.25e-29	115	terminal uridylyltransferase 4 isoform X1 [Homo sapiens]	TRUE	Tut4
XP_009047892.1	XP_005270733.1	0	N/A	34.228	149	93	2.25e-29	115	terminal uridylyltransferase 4 isoform X1 [Homo sapiens]	TRUE	Tut4
XP_009047892.1	XP_016856296.1	0	N/A	34.228	149	93	2.26e-29	115	terminal uridylyltransferase 4 isoform X28 [Homo sapiens]	TRUE	Tut4
XP_009047892.1	XP_047272286.1	0	N/A	34.228	149	93	2.27e-29	115	terminal uridylyltransferase 4 isoform X8 [Homo sapiens]	TRUE	Tut4
XP_009047892.1	XP_047272337.1	0	N/A	34.228	149	93	2.35e-29	114	terminal uridylyltransferase 4 isoform X27 [Homo sapiens]	TRUE	Tut4
XP_009047892.1	XP_047272350.1	0	N/A	34.228	149	93	2.39e-29	114	terminal uridylyltransferase 4 isoform X34 [Homo sapiens]	TRUE	Tut4
XP_009047892.1	XP_047272348.1	0	N/A	34.228	149	93	2.39e-29	114	terminal uridylyltransferase 4 isoform X32 [Homo sapiens]	TRUE	Tut4
XP_009047892.1	XP_016856295.1	0	N/A	34.228	149	93	2.77e-29	114	terminal uridylyltransferase 4 isoform X25 [Homo sapiens]	TRUE	Tut4
XP_009047892.1	XP_047272344.1	0	N/A	33.775	151	94	1.53e-27	109	terminal uridylyltransferase 4 isoform X30 [Homo sapiens]	TRUE	Tut4
XP_009047892.1	XP_047272325.1	0	N/A	33.775	151	94	1.66e-27	109	terminal uridylyltransferase 4 isoform X23 [Homo sapiens]	TRUE	Tut4
XP_009047892.1	NP_001317647.1	0	N/A	28.846	156	94	2.97e-18	83.2	terminal uridylyltransferase 7 isoform 3 [Homo sapiens]	TRUE	Tut7
XP_009047892.1	XP_016856293.1	0	N/A	28.105	153	92	4.17e-18	82.8	terminal uridylyltransferase 4 isoform X16 [Homo sapiens]	TRUE	Tut4
XP_009047892.1	XP_047272288.1	0	N/A	28.105	153	92	4.34e-18	82.8	terminal uridylyltransferase 4 isoform X10 [Homo sapiens]	TRUE	Tut4
XP_009047892.1	XP_016856292.1	0	N/A	28.105	153	92	5.26e-18	82.4	terminal uridylyltransferase 4 isoform X9 [Homo sapiens]	TRUE	Tut4
XP_009047892.1	XP_047272365.1	0	N/A	28.105	153	92	5.3e-18	82.4	terminal uridylyltransferase 4 isoform X38 [Homo sapiens]	TRUE	Tut4
XP_009047892.1	XP_047272285.1	0	N/A	28.105	153	92	5.32e-18	82.4	terminal uridylyltransferase 4 isoform X7 [Homo sapiens]	TRUE	Tut4
XP_009047892.1	XP_047272372.1	0	N/A	28.105	153	92	5.34e-18	82.4	terminal uridylyltransferase 4 isoform X42 [Homo sapiens]	TRUE	Tut4
XP_009047892.1	XP_016856299.1	0	N/A	28.105	153	92	5.35e-18	82.4	terminal uridylyltransferase 4 isoform X40 [Homo sapiens]	TRUE	Tut4
XP_009047892.1	XP_016856297.1	0	N/A	28.105	153	92	6e-18	82.4	terminal uridylyltransferase 4 isoform X36 [Homo sapiens]	TRUE	Tut4
XP_009047892.1	XP_005270739.1	0	N/A	28.105	153	92	6.3e-18	82	terminal uridylyltransferase 4 isoform X33 [Homo sapiens]	TRUE	Tut4
XP_009047892.1	XP_047272345.1	0	N/A	28.105	153	92	6.3e-18	82	terminal uridylyltransferase 4 isoform X31 [Homo sapiens]	TRUE	Tut4
XP_009047892.1	XP_011539401.1	0	N/A	28.105	153	92	6.88e-18	82	terminal uridylyltransferase 4 isoform X29 [Homo sapiens]	TRUE	Tut4
XP_009047892.1	XP_047272384.1	0	N/A	28.105	153	92	8.42e-18	81.6	terminal uridylyltransferase 4 isoform X46 [Homo sapiens]	TRUE	Tut4
XP_009047892.1	XP_016856307.1	0	N/A	31.304	115	72	1.5e-15	75.1	terminal uridylyltransferase 4 isoform X45 [Homo sapiens]	TRUE	Tut4
XP_009047892.1	XP_047272336.1	0	N/A	31.304	115	72	1.57e-15	75.1	terminal uridylyltransferase 4 isoform X26 [Homo sapiens]	TRUE	Tut4
XP_009047892.1	XP_047272327.1	0	N/A	31.304	115	72	1.57e-15	75.1	terminal uridylyltransferase 4 isoform X24 [Homo sapiens]	TRUE	Tut4
XP_009047892.1	XP_047272320.1	0	N/A	31.304	115	72	1.58e-15	75.1	terminal uridylyltransferase 4 isoform X22 [Homo sapiens]	TRUE	Tut4
XP_009047892.1	XP_047272377.1	0	N/A	31.304	115	72	1.64e-15	75.1	terminal uridylyltransferase 4 isoform X44 [Homo sapiens]	TRUE	Tut4
XP_009047892.1	XP_047272373.1	0	N/A	31.304	115	72	1.64e-15	75.1	terminal uridylyltransferase 4 isoform X43 [Homo sapiens]	TRUE	Tut4
XP_009047892.1	XP_047272311.1	0	N/A	31.304	115	72	1.65e-15	75.1	terminal uridylyltransferase 4 isoform X21 [Homo sapiens]	TRUE	Tut4
XP_009047892.1	NP_001172003.1	0	N/A	35.106	94	59	1.77e-15	75.1	terminal uridylyltransferase 7 isoform 2 [Homo sapiens]	TRUE	Tut7
XP_009047892.1	XP_047272369.1	0	N/A	31.304	115	72	1.93e-15	75.1	terminal uridylyltransferase 4 isoform X41 [Homo sapiens]	TRUE	Tut4
XP_009047892.1	XP_047272805.1	0	N/A	31.148	122	76	1.67e-10	60.5	poly(A) RNA polymerase GLD2 isoform X2 [Homo sapiens]	TRUE	TENT2
XP_009047892.1	XP_047272804.1	0	N/A	31.148	122	76	1.67e-10	60.5	poly(A) RNA polymerase GLD2 isoform X2 [Homo sapiens]	TRUE	TENT2
XP_009047892.1	XP_047272803.1	0	N/A	31.148	122	76	1.67e-10	60.5	poly(A) RNA polymerase GLD2 isoform X2 [Homo sapiens]	TRUE	TENT2
XP_009047892.1	XP_047272802.1	0	N/A	31.148	122	76	1.67e-10	60.5	poly(A) RNA polymerase GLD2 isoform X2 [Homo sapiens]	TRUE	TENT2
XP_009047892.1	XP_016864641.1	0	N/A	31.148	122	76	1.67e-10	60.5	poly(A) RNA polymerase GLD2 isoform X2 [Homo sapiens]	TRUE	TENT2
XP_009047892.1	NP_001375026.1	0	N/A	31.148	122	76	1.67e-10	60.5	poly(A) RNA polymerase GLD2 isoform 6 [Homo sapiens]	TRUE	TENT2
XP_009047892.1	NP_001375025.1	0	N/A	31.148	122	76	1.67e-10	60.5	poly(A) RNA polymerase GLD2 isoform 6 [Homo sapiens]	TRUE	TENT2
XP_009047892.1	NP_001375024.1	0	N/A	31.148	122	76	1.67e-10	60.5	poly(A) RNA polymerase GLD2 isoform 6 [Homo sapiens]	TRUE	TENT2
XP_009047892.1	NP_001336480.1	0	N/A	31.148	122	76	1.67e-10	60.5	poly(A) RNA polymerase GLD2 isoform 6 [Homo sapiens]	TRUE	TENT2
XP_009047892.1	NP_001375042.1	0	N/A	28.025	157	92	1.7e-10	60.5	poly(A) RNA polymerase GLD2 isoform 16 [Homo sapiens]	TRUE	TENT2
XP_009047892.1	XP_047272808.1	0	N/A	28.025	157	92	1.7e-10	60.5	poly(A) RNA polymerase GLD2 isoform X3 [Homo sapiens]	TRUE	TENT2
XP_009047892.1	XP_047272807.1	0	N/A	28.025	157	92	1.7e-10	60.5	poly(A) RNA polymerase GLD2 isoform X3 [Homo sapiens]	TRUE	TENT2
XP_009047892.1	XP_047272806.1	0	N/A	28.025	157	92	1.7e-10	60.5	poly(A) RNA polymerase GLD2 isoform X3 [Homo sapiens]	TRUE	TENT2
XP_009047892.1	NP_776158.2	0	N/A	28.025	157	92	1.7e-10	60.5	poly(A) RNA polymerase GLD2 isoform 1 [Homo sapiens]	TRUE	TENT2
XP_009047892.1	NP_001375041.1	0	N/A	28.025	157	92	1.7e-10	60.5	poly(A) RNA polymerase GLD2 isoform 1 [Homo sapiens]	TRUE	TENT2
XP_009047892.1	NP_001375040.1	0	N/A	28.025	157	92	1.7e-10	60.5	poly(A) RNA polymerase GLD2 isoform 1 [Homo sapiens]	TRUE	TENT2
XP_009047892.1	NP_001375039.1	0	N/A	28.025	157	92	1.7e-10	60.5	poly(A) RNA polymerase GLD2 isoform 1 [Homo sapiens]	TRUE	TENT2
XP_009047892.1	NP_001375038.1	0	N/A	28.025	157	92	1.7e-10	60.5	poly(A) RNA polymerase GLD2 isoform 1 [Homo sapiens]	TRUE	TENT2
XP_009047892.1	NP_001375037.1	0	N/A	28.025	157	92	1.7e-10	60.5	poly(A) RNA polymerase GLD2 isoform 1 [Homo sapiens]	TRUE	TENT2
XP_009047892.1	NP_001375036.1	0	N/A	28.025	157	92	1.7e-10	60.5	poly(A) RNA polymerase GLD2 isoform 1 [Homo sapiens]	TRUE	TENT2
XP_009047892.1	NP_001375035.1	0	N/A	28.025	157	92	1.7e-10	60.5	poly(A) RNA polymerase GLD2 isoform 1 [Homo sapiens]	TRUE	TENT2
XP_009047892.1	NP_001375034.1	0	N/A	28.025	157	92	1.7e-10	60.5	poly(A) RNA polymerase GLD2 isoform 1 [Homo sapiens]	TRUE	TENT2
XP_009047892.1	NP_001375032.1	0	N/A	28.025	157	92	1.7e-10	60.5	poly(A) RNA polymerase GLD2 isoform 1 [Homo sapiens]	TRUE	TENT2
XP_009047892.1	NP_001375031.1	0	N/A	28.025	157	92	1.7e-10	60.5	poly(A) RNA polymerase GLD2 isoform 1 [Homo sapiens]	TRUE	TENT2
XP_009047892.1	NP_001336482.1	0	N/A	28.025	157	92	1.7e-10	60.5	poly(A) RNA polymerase GLD2 isoform 1 [Homo sapiens]	TRUE	TENT2
XP_009047892.1	NP_001336481.1	0	N/A	28.025	157	92	1.7e-10	60.5	poly(A) RNA polymerase GLD2 isoform 1 [Homo sapiens]	TRUE	TENT2
XP_009047892.1	NP_001107866.1	0	N/A	28.025	157	92	1.7e-10	60.5	poly(A) RNA polymerase GLD2 isoform 1 [Homo sapiens]	TRUE	TENT2
XP_009047892.1	NP_001107865.1	0	N/A	28.025	157	92	1.7e-10	60.5	poly(A) RNA polymerase GLD2 isoform 1 [Homo sapiens]	TRUE	TENT2
XP_009047892.1	XP_047272801.1	0	N/A	31.148	122	76	1.76e-10	60.5	poly(A) RNA polymerase GLD2 isoform X1 [Homo sapiens]	TRUE	TENT2
XP_009047892.1	XP_047272800.1	0	N/A	31.148	122	76	1.76e-10	60.5	poly(A) RNA polymerase GLD2 isoform X1 [Homo sapiens]	TRUE	TENT2
XP_009050864.1	NP_001375065.1	0	N/A	45.266	338	98	7.1e-88	270	poly(A) RNA polymerase GLD2 isoform 14 [Homo sapiens]	TRUE	TENT2
XP_009050864.1	NP_001375061.1	0	N/A	45.266	338	98	6.74e-87	270	poly(A) RNA polymerase GLD2 isoform 12 [Homo sapiens]	TRUE	TENT2
XP_009050864.1	NP_001375059.1	0	N/A	45.401	337	98	1.17e-86	271	poly(A) RNA polymerase GLD2 isoform 10 [Homo sapiens]	TRUE	TENT2
XP_009050864.1	XP_047272811.1	0	N/A	45.401	337	98	1.34e-86	271	poly(A) RNA polymerase GLD2 isoform X4 [Homo sapiens]	TRUE	TENT2
XP_009050864.1	XP_047272810.1	0	N/A	45.401	337	98	1.34e-86	271	poly(A) RNA polymerase GLD2 isoform X4 [Homo sapiens]	TRUE	TENT2
XP_009050864.1	XP_047272809.1	0	N/A	45.401	337	98	1.34e-86	271	poly(A) RNA polymerase GLD2 isoform X4 [Homo sapiens]	TRUE	TENT2
XP_009050864.1	NP_001375058.1	0	N/A	45.401	337	98	1.34e-86	271	poly(A) RNA polymerase GLD2 isoform 2 [Homo sapiens]	TRUE	TENT2
XP_009050864.1	NP_001375057.1	0	N/A	45.401	337	98	1.34e-86	271	poly(A) RNA polymerase GLD2 isoform 2 [Homo sapiens]	TRUE	TENT2
XP_009050864.1	NP_001375056.1	0	N/A	45.401	337	98	1.34e-86	271	poly(A) RNA polymerase GLD2 isoform 2 [Homo sapiens]	TRUE	TENT2
XP_009050864.1	NP_001375055.1	0	N/A	45.401	337	98	1.34e-86	271	poly(A) RNA polymerase GLD2 isoform 2 [Homo sapiens]	TRUE	TENT2
XP_009050864.1	NP_001375054.1	0	N/A	45.401	337	98	1.34e-86	271	poly(A) RNA polymerase GLD2 isoform 2 [Homo sapiens]	TRUE	TENT2
XP_009050864.1	NP_001375053.1	0	N/A	45.401	337	98	1.34e-86	271	poly(A) RNA polymerase GLD2 isoform 2 [Homo sapiens]	TRUE	TENT2
XP_009050864.1	NP_001375052.1	0	N/A	45.401	337	98	1.34e-86	271	poly(A) RNA polymerase GLD2 isoform 2 [Homo sapiens]	TRUE	TENT2
XP_009050864.1	NP_001375051.1	0	N/A	45.401	337	98	1.34e-86	271	poly(A) RNA polymerase GLD2 isoform 2 [Homo sapiens]	TRUE	TENT2
XP_009050864.1	NP_001375050.1	0	N/A	45.401	337	98	1.34e-86	271	poly(A) RNA polymerase GLD2 isoform 2 [Homo sapiens]	TRUE	TENT2
XP_009050864.1	NP_001375049.1	0	N/A	45.401	337	98	1.34e-86	271	poly(A) RNA polymerase GLD2 isoform 2 [Homo sapiens]	TRUE	TENT2
XP_009050864.1	NP_001375048.1	0	N/A	45.401	337	98	1.34e-86	271	poly(A) RNA polymerase GLD2 isoform 2 [Homo sapiens]	TRUE	TENT2
XP_009050864.1	NP_001375047.1	0	N/A	45.401	337	98	1.34e-86	271	poly(A) RNA polymerase GLD2 isoform 2 [Homo sapiens]	TRUE	TENT2
XP_009050864.1	NP_001375046.1	0	N/A	45.401	337	98	1.34e-86	271	poly(A) RNA polymerase GLD2 isoform 2 [Homo sapiens]	TRUE	TENT2
XP_009050864.1	NP_001375045.1	0	N/A	45.401	337	98	1.34e-86	271	poly(A) RNA polymerase GLD2 isoform 2 [Homo sapiens]	TRUE	TENT2
XP_009050864.1	NP_001375044.1	0	N/A	45.401	337	98	1.34e-86	271	poly(A) RNA polymerase GLD2 isoform 2 [Homo sapiens]	TRUE	TENT2
XP_009050864.1	NP_001375043.1	0	N/A	45.401	337	98	1.34e-86	271	poly(A) RNA polymerase GLD2 isoform 2 [Homo sapiens]	TRUE	TENT2
XP_009050864.1	NP_001336483.1	0	N/A	45.401	337	98	1.34e-86	271	poly(A) RNA polymerase GLD2 isoform 2 [Homo sapiens]	TRUE	TENT2
XP_009050864.1	NP_001284673.1	0	N/A	45.401	337	98	1.34e-86	271	poly(A) RNA polymerase GLD2 isoform 2 [Homo sapiens]	TRUE	TENT2
XP_009050864.1	NP_001375060.1	0	N/A	44.737	342	98	9.87e-85	265	poly(A) RNA polymerase GLD2 isoform 11 [Homo sapiens]	TRUE	TENT2
XP_009050864.1	NP_001375042.1	0	N/A	44.868	341	98	2.21e-84	265	poly(A) RNA polymerase GLD2 isoform 16 [Homo sapiens]	TRUE	TENT2
XP_009050864.1	XP_047272808.1	0	N/A	44.868	341	98	2.39e-84	265	poly(A) RNA polymerase GLD2 isoform X3 [Homo sapiens]	TRUE	TENT2
XP_009050864.1	XP_047272807.1	0	N/A	44.868	341	98	2.39e-84	265	poly(A) RNA polymerase GLD2 isoform X3 [Homo sapiens]	TRUE	TENT2
XP_009050864.1	XP_047272806.1	0	N/A	44.868	341	98	2.39e-84	265	poly(A) RNA polymerase GLD2 isoform X3 [Homo sapiens]	TRUE	TENT2
XP_009050864.1	NP_776158.2	0	N/A	44.868	341	98	2.39e-84	265	poly(A) RNA polymerase GLD2 isoform 1 [Homo sapiens]	TRUE	TENT2
XP_009050864.1	NP_001375041.1	0	N/A	44.868	341	98	2.39e-84	265	poly(A) RNA polymerase GLD2 isoform 1 [Homo sapiens]	TRUE	TENT2
XP_009050864.1	NP_001375040.1	0	N/A	44.868	341	98	2.39e-84	265	poly(A) RNA polymerase GLD2 isoform 1 [Homo sapiens]	TRUE	TENT2
XP_009050864.1	NP_001375039.1	0	N/A	44.868	341	98	2.39e-84	265	poly(A) RNA polymerase GLD2 isoform 1 [Homo sapiens]	TRUE	TENT2
XP_009050864.1	NP_001375038.1	0	N/A	44.868	341	98	2.39e-84	265	poly(A) RNA polymerase GLD2 isoform 1 [Homo sapiens]	TRUE	TENT2
XP_009050864.1	NP_001375037.1	0	N/A	44.868	341	98	2.39e-84	265	poly(A) RNA polymerase GLD2 isoform 1 [Homo sapiens]	TRUE	TENT2
XP_009050864.1	NP_001375036.1	0	N/A	44.868	341	98	2.39e-84	265	poly(A) RNA polymerase GLD2 isoform 1 [Homo sapiens]	TRUE	TENT2
XP_009050864.1	NP_001375035.1	0	N/A	44.868	341	98	2.39e-84	265	poly(A) RNA polymerase GLD2 isoform 1 [Homo sapiens]	TRUE	TENT2
XP_009050864.1	NP_001375034.1	0	N/A	44.868	341	98	2.39e-84	265	poly(A) RNA polymerase GLD2 isoform 1 [Homo sapiens]	TRUE	TENT2
XP_009050864.1	NP_001375032.1	0	N/A	44.868	341	98	2.39e-84	265	poly(A) RNA polymerase GLD2 isoform 1 [Homo sapiens]	TRUE	TENT2
XP_009050864.1	NP_001375031.1	0	N/A	44.868	341	98	2.39e-84	265	poly(A) RNA polymerase GLD2 isoform 1 [Homo sapiens]	TRUE	TENT2
XP_009050864.1	NP_001336482.1	0	N/A	44.868	341	98	2.39e-84	265	poly(A) RNA polymerase GLD2 isoform 1 [Homo sapiens]	TRUE	TENT2
XP_009050864.1	NP_001336481.1	0	N/A	44.868	341	98	2.39e-84	265	poly(A) RNA polymerase GLD2 isoform 1 [Homo sapiens]	TRUE	TENT2
XP_009050864.1	NP_001107866.1	0	N/A	44.868	341	98	2.39e-84	265	poly(A) RNA polymerase GLD2 isoform 1 [Homo sapiens]	TRUE	TENT2
XP_009050864.1	NP_001107865.1	0	N/A	44.868	341	98	2.39e-84	265	poly(A) RNA polymerase GLD2 isoform 1 [Homo sapiens]	TRUE	TENT2
XP_009050864.1	NP_001375030.1	0	N/A	44.38	347	98	2.6e-83	262	poly(A) RNA polymerase GLD2 isoform 9 [Homo sapiens]	TRUE	TENT2
XP_009050864.1	NP_001375027.1	0	N/A	42.265	362	98	4.76e-83	262	poly(A) RNA polymerase GLD2 isoform 7 [Homo sapiens]	TRUE	TENT2
XP_009050864.1	XP_047272805.1	0	N/A	42.265	362	98	5.39e-83	262	poly(A) RNA polymerase GLD2 isoform X2 [Homo sapiens]	TRUE	TENT2
XP_009050864.1	XP_047272804.1	0	N/A	42.265	362	98	5.39e-83	262	poly(A) RNA polymerase GLD2 isoform X2 [Homo sapiens]	TRUE	TENT2
XP_009050864.1	XP_047272803.1	0	N/A	42.265	362	98	5.39e-83	262	poly(A) RNA polymerase GLD2 isoform X2 [Homo sapiens]	TRUE	TENT2
XP_009050864.1	XP_047272802.1	0	N/A	42.265	362	98	5.39e-83	262	poly(A) RNA polymerase GLD2 isoform X2 [Homo sapiens]	TRUE	TENT2
XP_009050864.1	XP_016864641.1	0	N/A	42.265	362	98	5.39e-83	262	poly(A) RNA polymerase GLD2 isoform X2 [Homo sapiens]	TRUE	TENT2
XP_009050864.1	NP_001375026.1	0	N/A	42.265	362	98	5.39e-83	262	poly(A) RNA polymerase GLD2 isoform 6 [Homo sapiens]	TRUE	TENT2
XP_009050864.1	NP_001375025.1	0	N/A	42.265	362	98	5.39e-83	262	poly(A) RNA polymerase GLD2 isoform 6 [Homo sapiens]	TRUE	TENT2
XP_009050864.1	NP_001375024.1	0	N/A	42.265	362	98	5.39e-83	262	poly(A) RNA polymerase GLD2 isoform 6 [Homo sapiens]	TRUE	TENT2
XP_009050864.1	NP_001336480.1	0	N/A	42.265	362	98	5.39e-83	262	poly(A) RNA polymerase GLD2 isoform 6 [Homo sapiens]	TRUE	TENT2
XP_009050864.1	NP_001375029.1	0	N/A	43.875	351	98	4.13e-81	257	poly(A) RNA polymerase GLD2 isoform 8 [Homo sapiens]	TRUE	TENT2
XP_009050864.1	NP_001375028.1	0	N/A	43.875	351	98	4.13e-81	257	poly(A) RNA polymerase GLD2 isoform 8 [Homo sapiens]	TRUE	TENT2
XP_009050864.1	XP_047272801.1	0	N/A	41.803	366	98	8.13e-81	256	poly(A) RNA polymerase GLD2 isoform X1 [Homo sapiens]	TRUE	TENT2
XP_009050864.1	XP_047272800.1	0	N/A	41.803	366	98	8.13e-81	256	poly(A) RNA polymerase GLD2 isoform X1 [Homo sapiens]	TRUE	TENT2
XP_009050864.1	XP_011541527.1	0	N/A	41.803	366	98	8.13e-81	256	poly(A) RNA polymerase GLD2 isoform X1 [Homo sapiens]	TRUE	TENT2
XP_009050864.1	XP_011541526.1	0	N/A	41.803	366	98	8.13e-81	256	poly(A) RNA polymerase GLD2 isoform X1 [Homo sapiens]	TRUE	TENT2
XP_009050864.1	XP_011541523.1	0	N/A	41.803	366	98	8.13e-81	256	poly(A) RNA polymerase GLD2 isoform X1 [Homo sapiens]	TRUE	TENT2
XP_009050864.1	XP_011541522.1	0	N/A	41.803	366	98	8.13e-81	256	poly(A) RNA polymerase GLD2 isoform X1 [Homo sapiens]	TRUE	TENT2
XP_009050864.1	NP_001375023.1	0	N/A	41.803	366	98	8.13e-81	256	poly(A) RNA polymerase GLD2 isoform 5 [Homo sapiens]	TRUE	TENT2
XP_009050864.1	NP_001375022.1	0	N/A	41.803	366	98	8.13e-81	256	poly(A) RNA polymerase GLD2 isoform 5 [Homo sapiens]	TRUE	TENT2
XP_009050864.1	NP_001336479.1	0	N/A	41.803	366	98	8.13e-81	256	poly(A) RNA polymerase GLD2 isoform 5 [Homo sapiens]	TRUE	TENT2
XP_009050864.1	NP_001336478.1	0	N/A	41.803	366	98	8.13e-81	256	poly(A) RNA polymerase GLD2 isoform 5 [Homo sapiens]	TRUE	TENT2
XP_009050864.1	NP_001336477.1	0	N/A	47.126	261	75	2.15e-69	219	poly(A) RNA polymerase GLD2 isoform 4 [Homo sapiens]	TRUE	TENT2
XP_009050864.1	XP_047272820.1	0	N/A	47.131	244	71	5.51e-66	210	poly(A) RNA polymerase GLD2 isoform X11 [Homo sapiens]	TRUE	TENT2
XP_009050864.1	XP_047272815.1	0	N/A	38.576	337	98	3.4e-59	198	poly(A) RNA polymerase GLD2 isoform X7 [Homo sapiens]	TRUE	TENT2
XP_009050864.1	NP_001375064.1	0	N/A	38.576	337	98	3.4e-59	198	poly(A) RNA polymerase GLD2 isoform 13 [Homo sapiens]	TRUE	TENT2
XP_009050864.1	NP_001375063.1	0	N/A	38.576	337	98	3.4e-59	198	poly(A) RNA polymerase GLD2 isoform 13 [Homo sapiens]	TRUE	TENT2
XP_009050864.1	XP_047272814.1	0	N/A	38.012	342	98	5.59e-57	192	poly(A) RNA polymerase GLD2 isoform X6 [Homo sapiens]	TRUE	TENT2
XP_009050864.1	XP_047272813.1	0	N/A	38.012	342	98	5.59e-57	192	poly(A) RNA polymerase GLD2 isoform X6 [Homo sapiens]	TRUE	TENT2
XP_009050864.1	XP_047272812.1	0	N/A	38.012	342	98	5.59e-57	192	poly(A) RNA polymerase GLD2 isoform X6 [Homo sapiens]	TRUE	TENT2
XP_009050864.1	NP_001375062.1	0	N/A	38.012	342	98	5.59e-57	192	poly(A) RNA polymerase GLD2 isoform 3 [Homo sapiens]	TRUE	TENT2
XP_009050864.1	NP_001284674.1	0	N/A	38.012	342	98	5.59e-57	192	poly(A) RNA polymerase GLD2 isoform 3 [Homo sapiens]	TRUE	TENT2
XP_009050864.1	NP_001375066.1	0	N/A	47.847	209	60	6.5e-54	180	poly(A) RNA polymerase GLD2 isoform 15 [Homo sapiens]	TRUE	TENT2
XP_009050864.1	XP_011541531.1	0	N/A	35.519	366	98	2.05e-53	184	poly(A) RNA polymerase GLD2 isoform X5 [Homo sapiens]	TRUE	TENT2
XP_009050864.1	XP_047272818.1	0	N/A	47.236	199	57	2.06e-50	173	poly(A) RNA polymerase GLD2 isoform X10 [Homo sapiens]	TRUE	TENT2
XP_009050864.1	XP_047272817.1	0	N/A	42.727	220	57	6.86e-49	169	poly(A) RNA polymerase GLD2 isoform X9 [Homo sapiens]	TRUE	TENT2
XP_009050864.1	XP_047272816.1	0	N/A	41.964	224	57	1.02e-46	164	poly(A) RNA polymerase GLD2 isoform X8 [Homo sapiens]	TRUE	TENT2
XP_009050864.1	XP_047272344.1	0	N/A	32.248	307	84	8.22e-36	140	terminal uridylyltransferase 4 isoform X30 [Homo sapiens]	TRUE	Tut4
XP_009050864.1	XP_011517316.1	0	N/A	31.683	303	84	1.01e-35	140	terminal uridylyltransferase 7 isoform X1 [Homo sapiens]	TRUE	Tut7
XP_009050864.1	XP_011517315.1	0	N/A	31.683	303	84	1.01e-35	140	terminal uridylyltransferase 7 isoform X1 [Homo sapiens]	TRUE	Tut7
XP_009050864.1	XP_011517314.1	0	N/A	31.683	303	84	1.01e-35	140	terminal uridylyltransferase 7 isoform X1 [Homo sapiens]	TRUE	Tut7
XP_009050864.1	XP_011517313.1	0	N/A	31.683	303	84	1.01e-35	140	terminal uridylyltransferase 7 isoform X1 [Homo sapiens]	TRUE	Tut7
XP_009050864.1	XP_047272286.1	0	N/A	32.248	307	84	1.02e-35	140	terminal uridylyltransferase 4 isoform X8 [Homo sapiens]	TRUE	Tut4
XP_009050864.1	XP_047272350.1	0	N/A	32.248	307	84	1.04e-35	140	terminal uridylyltransferase 4 isoform X34 [Homo sapiens]	TRUE	Tut4
XP_009050864.1	XP_047272290.1	0	N/A	32.248	307	84	1.06e-35	140	terminal uridylyltransferase 4 isoform X11 [Homo sapiens]	TRUE	Tut4
XP_009050864.1	XP_005252265.1	0	N/A	31.683	303	84	1.17e-35	139	terminal uridylyltransferase 7 isoform X7 [Homo sapiens]	TRUE	Tut7
XP_009050864.1	XP_047272295.1	0	N/A	32.248	307	84	1.18e-35	139	terminal uridylyltransferase 4 isoform X12 [Homo sapiens]	TRUE	Tut4
XP_009050864.1	XP_047279825.1	0	N/A	31.683	303	84	1.21e-35	139	terminal uridylyltransferase 7 isoform X6 [Homo sapiens]	TRUE	Tut7
XP_009050864.1	XP_047279824.1	0	N/A	31.683	303	84	1.21e-35	139	terminal uridylyltransferase 7 isoform X6 [Homo sapiens]	TRUE	Tut7
XP_009050864.1	XP_005252264.1	0	N/A	31.683	303	84	1.21e-35	139	terminal uridylyltransferase 7 isoform X6 [Homo sapiens]	TRUE	Tut7
XP_009050864.1	XP_047272372.1	0	N/A	32.248	307	84	1.22e-35	139	terminal uridylyltransferase 4 isoform X42 [Homo sapiens]	TRUE	Tut4
XP_009050864.1	XP_016870620.1	0	N/A	31.683	303	84	1.23e-35	139	terminal uridylyltransferase 7 isoform X4 [Homo sapiens]	TRUE	Tut7
XP_009050864.1	XP_016870619.1	0	N/A	31.683	303	84	1.23e-35	139	terminal uridylyltransferase 7 isoform X4 [Homo sapiens]	TRUE	Tut7
XP_009050864.1	NP_078893.2	0	N/A	31.683	303	84	1.23e-35	139	terminal uridylyltransferase 7 isoform 1 [Homo sapiens]	TRUE	Tut7
XP_009050864.1	NP_001171988.1	0	N/A	31.683	303	84	1.23e-35	139	terminal uridylyltransferase 7 isoform 1 [Homo sapiens]	TRUE	Tut7
XP_009066214.1	NP_001165276.2	0	N/A	58.915	387	77	2.74e-151	452	terminal nucleotidyltransferase 4A isoform 2 [Homo sapiens]	TRUE	TENT4A
XP_009066214.1	NP_008930.2	0	N/A	58.915	387	77	3.07e-151	452	terminal nucleotidyltransferase 4A isoform 1 [Homo sapiens]	TRUE	TENT4A
XP_009066214.1	NP_001035375.2	0	N/A	59.151	377	74	4.21e-148	439	terminal nucleotidyltransferase 4B isoform b [Homo sapiens]	TRUE	TENT4B
XP_009066214.1	XP_011521578.1	0	N/A	59.151	377	74	4.34e-148	439	terminal nucleotidyltransferase 4B isoform X2 [Homo sapiens]	TRUE	TENT4B
XP_009066214.1	XP_047290432.1	0	N/A	59.151	377	74	5.06e-148	439	terminal nucleotidyltransferase 4B isoform X4 [Homo sapiens]	TRUE	TENT4B
XP_009066214.1	NP_001352252.1	0	N/A	59.151	377	74	7.47e-148	440	terminal nucleotidyltransferase 4B isoform c [Homo sapiens]	TRUE	TENT4B
XP_009066214.1	NP_001035374.2	0	N/A	59.151	377	74	1.09e-147	440	terminal nucleotidyltransferase 4B isoform a [Homo sapiens]	TRUE	TENT4B
XP_009066214.1	XP_011521577.1	0	N/A	59.151	377	74	1.12e-147	440	terminal nucleotidyltransferase 4B isoform X1 [Homo sapiens]	TRUE	TENT4B
XP_009066214.1	XP_047290431.1	0	N/A	59.151	377	74	1.23e-147	439	terminal nucleotidyltransferase 4B isoform X3 [Homo sapiens]	TRUE	TENT4B
XP_009066214.1	NP_001352253.1	0	N/A	59.151	377	74	2.83e-147	439	terminal nucleotidyltransferase 4B isoform d [Homo sapiens]	TRUE	TENT4B
XP_009066214.1	XP_047290433.1	0	N/A	63.091	317	65	2.11e-142	419	terminal nucleotidyltransferase 4B isoform X6 [Homo sapiens]	TRUE	TENT4B
XP_009066214.1	XP_011521580.1	0	N/A	63.091	317	65	6.12e-142	419	terminal nucleotidyltransferase 4B isoform X5 [Homo sapiens]	TRUE	TENT4B
XP_009066214.1	XP_047272622.1	0	N/A	64.217	313	64	3e-137	408	terminal nucleotidyltransferase 4A isoform X1 [Homo sapiens]	TRUE	TENT4A
XP_009066214.1	XP_047272621.1	0	N/A	64.217	313	64	3e-137	408	terminal nucleotidyltransferase 4A isoform X1 [Homo sapiens]	TRUE	TENT4A
XP_009066214.1	XP_047272620.1	0	N/A	64.217	313	64	3e-137	408	terminal nucleotidyltransferase 4A isoform X1 [Homo sapiens]	TRUE	TENT4A
XP_009066214.1	XP_047272623.1	0	N/A	64.474	304	62	4.75e-134	400	terminal nucleotidyltransferase 4A isoform X2 [Homo sapiens]	TRUE	TENT4A
XP_009066214.1	XP_016864477.1	0	N/A	64.474	304	62	4.75e-134	400	terminal nucleotidyltransferase 4A isoform X2 [Homo sapiens]	TRUE	TENT4A
XP_009066214.1	XP_047272624.1	0	N/A	64.474	304	62	5.53e-134	399	terminal nucleotidyltransferase 4A isoform X3 [Homo sapiens]	TRUE	TENT4A
XP_009066214.1	NP_001375061.1	0	N/A	22.887	284	51	3.37e-12	70.9	poly(A) RNA polymerase GLD2 isoform 12 [Homo sapiens]	TRUE	TENT2
XP_009066214.1	NP_001375059.1	0	N/A	22.887	284	51	3.6e-12	70.9	poly(A) RNA polymerase GLD2 isoform 10 [Homo sapiens]	TRUE	TENT2
XP_009066214.1	NP_001375060.1	0	N/A	22.491	289	51	3.93e-12	70.5	poly(A) RNA polymerase GLD2 isoform 11 [Homo sapiens]	TRUE	TENT2
XP_009066214.1	XP_047272811.1	0	N/A	22.887	284	51	4.08e-12	70.9	poly(A) RNA polymerase GLD2 isoform X4 [Homo sapiens]	TRUE	TENT2
XP_009066214.1	XP_047272810.1	0	N/A	22.887	284	51	4.08e-12	70.9	poly(A) RNA polymerase GLD2 isoform X4 [Homo sapiens]	TRUE	TENT2
XP_009066214.1	XP_047272809.1	0	N/A	22.887	284	51	4.08e-12	70.9	poly(A) RNA polymerase GLD2 isoform X4 [Homo sapiens]	TRUE	TENT2
XP_009066214.1	NP_001375058.1	0	N/A	22.887	284	51	4.08e-12	70.9	poly(A) RNA polymerase GLD2 isoform 2 [Homo sapiens]	TRUE	TENT2
XP_009066214.1	NP_001375057.1	0	N/A	22.887	284	51	4.08e-12	70.9	poly(A) RNA polymerase GLD2 isoform 2 [Homo sapiens]	TRUE	TENT2
XP_009066214.1	NP_001375056.1	0	N/A	22.887	284	51	4.08e-12	70.9	poly(A) RNA polymerase GLD2 isoform 2 [Homo sapiens]	TRUE	TENT2
XP_009066214.1	NP_001375055.1	0	N/A	22.887	284	51	4.08e-12	70.9	poly(A) RNA polymerase GLD2 isoform 2 [Homo sapiens]	TRUE	TENT2
XP_009066214.1	NP_001375054.1	0	N/A	22.887	284	51	4.08e-12	70.9	poly(A) RNA polymerase GLD2 isoform 2 [Homo sapiens]	TRUE	TENT2
XP_009066214.1	NP_001375053.1	0	N/A	22.887	284	51	4.08e-12	70.9	poly(A) RNA polymerase GLD2 isoform 2 [Homo sapiens]	TRUE	TENT2
XP_009066214.1	NP_001375052.1	0	N/A	22.887	284	51	4.08e-12	70.9	poly(A) RNA polymerase GLD2 isoform 2 [Homo sapiens]	TRUE	TENT2
XP_009066214.1	NP_001375051.1	0	N/A	22.887	284	51	4.08e-12	70.9	poly(A) RNA polymerase GLD2 isoform 2 [Homo sapiens]	TRUE	TENT2
XP_009066214.1	NP_001375050.1	0	N/A	22.887	284	51	4.08e-12	70.9	poly(A) RNA polymerase GLD2 isoform 2 [Homo sapiens]	TRUE	TENT2
XP_009066214.1	NP_001375049.1	0	N/A	22.887	284	51	4.08e-12	70.9	poly(A) RNA polymerase GLD2 isoform 2 [Homo sapiens]	TRUE	TENT2
XP_009066214.1	NP_001375048.1	0	N/A	22.887	284	51	4.08e-12	70.9	poly(A) RNA polymerase GLD2 isoform 2 [Homo sapiens]	TRUE	TENT2
XP_009066214.1	NP_001375047.1	0	N/A	22.887	284	51	4.08e-12	70.9	poly(A) RNA polymerase GLD2 isoform 2 [Homo sapiens]	TRUE	TENT2
XP_009066214.1	NP_001375046.1	0	N/A	22.887	284	51	4.08e-12	70.9	poly(A) RNA polymerase GLD2 isoform 2 [Homo sapiens]	TRUE	TENT2
XP_009066214.1	NP_001375045.1	0	N/A	22.887	284	51	4.08e-12	70.9	poly(A) RNA polymerase GLD2 isoform 2 [Homo sapiens]	TRUE	TENT2
XP_009066214.1	NP_001375044.1	0	N/A	22.887	284	51	4.08e-12	70.9	poly(A) RNA polymerase GLD2 isoform 2 [Homo sapiens]	TRUE	TENT2
XP_009066214.1	NP_001375043.1	0	N/A	22.887	284	51	4.08e-12	70.9	poly(A) RNA polymerase GLD2 isoform 2 [Homo sapiens]	TRUE	TENT2
XP_009066214.1	NP_001336483.1	0	N/A	22.887	284	51	4.08e-12	70.9	poly(A) RNA polymerase GLD2 isoform 2 [Homo sapiens]	TRUE	TENT2
XP_009066214.1	NP_001284673.1	0	N/A	22.887	284	51	4.08e-12	70.9	poly(A) RNA polymerase GLD2 isoform 2 [Homo sapiens]	TRUE	TENT2
XP_009066214.1	NP_001375042.1	0	N/A	22.491	289	51	4.54e-12	70.5	poly(A) RNA polymerase GLD2 isoform 16 [Homo sapiens]	TRUE	TENT2
XP_009066214.1	XP_047272808.1	0	N/A	22.491	289	51	4.8e-12	70.5	poly(A) RNA polymerase GLD2 isoform X3 [Homo sapiens]	TRUE	TENT2
XP_009066214.1	XP_047272807.1	0	N/A	22.491	289	51	4.8e-12	70.5	poly(A) RNA polymerase GLD2 isoform X3 [Homo sapiens]	TRUE	TENT2
XP_009066214.1	XP_047272806.1	0	N/A	22.491	289	51	4.8e-12	70.5	poly(A) RNA polymerase GLD2 isoform X3 [Homo sapiens]	TRUE	TENT2
XP_009066214.1	NP_776158.2	0	N/A	22.491	289	51	4.8e-12	70.5	poly(A) RNA polymerase GLD2 isoform 1 [Homo sapiens]	TRUE	TENT2
XP_009066214.1	NP_001375041.1	0	N/A	22.491	289	51	4.8e-12	70.5	poly(A) RNA polymerase GLD2 isoform 1 [Homo sapiens]	TRUE	TENT2
XP_009066214.1	NP_001375040.1	0	N/A	22.491	289	51	4.8e-12	70.5	poly(A) RNA polymerase GLD2 isoform 1 [Homo sapiens]	TRUE	TENT2
XP_009066214.1	NP_001375039.1	0	N/A	22.491	289	51	4.8e-12	70.5	poly(A) RNA polymerase GLD2 isoform 1 [Homo sapiens]	TRUE	TENT2
XP_009066214.1	NP_001375038.1	0	N/A	22.491	289	51	4.8e-12	70.5	poly(A) RNA polymerase GLD2 isoform 1 [Homo sapiens]	TRUE	TENT2
XP_009066214.1	NP_001375037.1	0	N/A	22.491	289	51	4.8e-12	70.5	poly(A) RNA polymerase GLD2 isoform 1 [Homo sapiens]	TRUE	TENT2
XP_009066214.1	NP_001375036.1	0	N/A	22.491	289	51	4.8e-12	70.5	poly(A) RNA polymerase GLD2 isoform 1 [Homo sapiens]	TRUE	TENT2
XP_009066214.1	NP_001375035.1	0	N/A	22.491	289	51	4.8e-12	70.5	poly(A) RNA polymerase GLD2 isoform 1 [Homo sapiens]	TRUE	TENT2
XP_009066214.1	NP_001375034.1	0	N/A	22.491	289	51	4.8e-12	70.5	poly(A) RNA polymerase GLD2 isoform 1 [Homo sapiens]	TRUE	TENT2
XP_009066214.1	NP_001375032.1	0	N/A	22.491	289	51	4.8e-12	70.5	poly(A) RNA polymerase GLD2 isoform 1 [Homo sapiens]	TRUE	TENT2
XP_009066214.1	NP_001375031.1	0	N/A	22.491	289	51	4.8e-12	70.5	poly(A) RNA polymerase GLD2 isoform 1 [Homo sapiens]	TRUE	TENT2
XP_009066214.1	NP_001336482.1	0	N/A	22.491	289	51	4.8e-12	70.5	poly(A) RNA polymerase GLD2 isoform 1 [Homo sapiens]	TRUE	TENT2
XP_009066214.1	NP_001336481.1	0	N/A	22.491	289	51	4.8e-12	70.5	poly(A) RNA polymerase GLD2 isoform 1 [Homo sapiens]	TRUE	TENT2
XP_009066214.1	NP_001107866.1	0	N/A	22.491	289	51	4.8e-12	70.5	poly(A) RNA polymerase GLD2 isoform 1 [Homo sapiens]	TRUE	TENT2
XP_009066214.1	NP_001107865.1	0	N/A	22.491	289	51	4.8e-12	70.5	poly(A) RNA polymerase GLD2 isoform 1 [Homo sapiens]	TRUE	TENT2
XP_009066214.1	NP_001375065.1	0	N/A	22.887	284	51	5.29e-12	69.7	poly(A) RNA polymerase GLD2 isoform 14 [Homo sapiens]	TRUE	TENT2
XP_009066214.1	NP_001336477.1	0	N/A	26.63	184	32	2.57e-11	66.6	poly(A) RNA polymerase GLD2 isoform 4 [Homo sapiens]	TRUE	TENT2
XP_009066214.1	XP_047272820.1	0	N/A	26.63	184	32	5.73e-11	65.5	poly(A) RNA polymerase GLD2 isoform X11 [Homo sapiens]	TRUE	TENT2
XP_009066214.1	NP_001375029.1	0	N/A	26.63	184	32	2.07e-10	65.5	poly(A) RNA polymerase GLD2 isoform 8 [Homo sapiens]	TRUE	TENT2
XP_009066214.1	NP_001375028.1	0	N/A	26.63	184	32	2.07e-10	65.5	poly(A) RNA polymerase GLD2 isoform 8 [Homo sapiens]	TRUE	TENT2
XP_009066214.1	NP_001375030.1	0	N/A	26.63	184	32	2.09e-10	65.5	poly(A) RNA polymerase GLD2 isoform 9 [Homo sapiens]	TRUE	TENT2
XP_009066214.1	XP_047272805.1	0	N/A	26.63	184	32	2.39e-10	65.1	poly(A) RNA polymerase GLD2 isoform X2 [Homo sapiens]	TRUE	TENT2
XP_009066214.1	XP_047272804.1	0	N/A	26.63	184	32	2.39e-10	65.1	poly(A) RNA polymerase GLD2 isoform X2 [Homo sapiens]	TRUE	TENT2
XP_009066214.1	XP_047272803.1	0	N/A	26.63	184	32	2.39e-10	65.1	poly(A) RNA polymerase GLD2 isoform X2 [Homo sapiens]	TRUE	TENT2
XP_009066214.1	XP_047272802.1	0	N/A	26.63	184	32	2.39e-10	65.1	poly(A) RNA polymerase GLD2 isoform X2 [Homo sapiens]	TRUE	TENT2
XP_009066214.1	XP_016864641.1	0	N/A	26.63	184	32	2.39e-10	65.1	poly(A) RNA polymerase GLD2 isoform X2 [Homo sapiens]	TRUE	TENT2
XP_009066214.1	NP_001375026.1	0	N/A	26.63	184	32	2.39e-10	65.1	poly(A) RNA polymerase GLD2 isoform 6 [Homo sapiens]	TRUE	TENT2
XP_009066214.1	NP_001375025.1	0	N/A	26.63	184	32	2.39e-10	65.1	poly(A) RNA polymerase GLD2 isoform 6 [Homo sapiens]	TRUE	TENT2
XP_009066214.1	NP_001375024.1	0	N/A	26.63	184	32	2.39e-10	65.1	poly(A) RNA polymerase GLD2 isoform 6 [Homo sapiens]	TRUE	TENT2
XP_009066214.1	NP_001336480.1	0	N/A	26.63	184	32	2.39e-10	65.1	poly(A) RNA polymerase GLD2 isoform 6 [Homo sapiens]	TRUE	TENT2
XP_009066214.1	NP_001375027.1	0	N/A	26.63	184	32	2.56e-10	65.1	poly(A) RNA polymerase GLD2 isoform 7 [Homo sapiens]	TRUE	TENT2
XP_009066214.1	XP_047272801.1	0	N/A	26.63	184	32	2.56e-10	65.1	poly(A) RNA polymerase GLD2 isoform X1 [Homo sapiens]	TRUE	TENT2
XP_009066214.1	XP_047272800.1	0	N/A	26.63	184	32	2.56e-10	65.1	poly(A) RNA polymerase GLD2 isoform X1 [Homo sapiens]	TRUE	TENT2
XP_009066214.1	XP_011541527.1	0	N/A	26.63	184	32	2.56e-10	65.1	poly(A) RNA polymerase GLD2 isoform X1 [Homo sapiens]	TRUE	TENT2
XP_009066214.1	XP_011541526.1	0	N/A	26.63	184	32	2.56e-10	65.1	poly(A) RNA polymerase GLD2 isoform X1 [Homo sapiens]	TRUE	TENT2
XP_009066214.1	XP_011541523.1	0	N/A	26.63	184	32	2.56e-10	65.1	poly(A) RNA polymerase GLD2 isoform X1 [Homo sapiens]	TRUE	TENT2
XP_009066214.1	XP_011541522.1	0	N/A	26.63	184	32	2.56e-10	65.1	poly(A) RNA polymerase GLD2 isoform X1 [Homo sapiens]	TRUE	TENT2
XP_009066214.1	NP_001375023.1	0	N/A	26.63	184	32	2.56e-10	65.1	poly(A) RNA polymerase GLD2 isoform 5 [Homo sapiens]	TRUE	TENT2
XP_009066214.1	NP_001375022.1	0	N/A	26.63	184	32	2.56e-10	65.1	poly(A) RNA polymerase GLD2 isoform 5 [Homo sapiens]	TRUE	TENT2
XP_009066214.1	NP_001336479.1	0	N/A	26.63	184	32	2.56e-10	65.1	poly(A) RNA polymerase GLD2 isoform 5 [Homo sapiens]	TRUE	TENT2
XP_009066214.1	NP_001336478.1	0	N/A	26.63	184	32	2.56e-10	65.1	poly(A) RNA polymerase GLD2 isoform 5 [Homo sapiens]	TRUE	TENT2
XP_009066214.1	NP_001317647.1	0	N/A	28.814	177	35	3.42e-10	65.1	terminal uridylyltransferase 7 isoform 3 [Homo sapiens]	TRUE	Tut7
XP_009066214.1	XP_011517318.1	0	N/A	28.814	177	35	3.94e-10	65.1	terminal uridylyltransferase 7 isoform X5 [Homo sapiens]	TRUE	Tut7
XP_009066214.1	XP_005252265.1	0	N/A	28.814	177	35	3.95e-10	65.1	terminal uridylyltransferase 7 isoform X7 [Homo sapiens]	TRUE	Tut7
XP_009066214.1	XP_047279825.1	0	N/A	28.814	177	35	4.04e-10	65.1	terminal uridylyltransferase 7 isoform X6 [Homo sapiens]	TRUE	Tut7
XP_009066214.1	XP_047279824.1	0	N/A	28.814	177	35	4.04e-10	65.1	terminal uridylyltransferase 7 isoform X6 [Homo sapiens]	TRUE	Tut7
XP_009066214.1	XP_005252264.1	0	N/A	28.814	177	35	4.04e-10	65.1	terminal uridylyltransferase 7 isoform X6 [Homo sapiens]	TRUE	Tut7
XP_009066214.1	XP_011517316.1	0	N/A	28.814	177	35	4.04e-10	65.1	terminal uridylyltransferase 7 isoform X1 [Homo sapiens]	TRUE	Tut7
XP_009066214.1	XP_011517315.1	0	N/A	28.814	177	35	4.04e-10	65.1	terminal uridylyltransferase 7 isoform X1 [Homo sapiens]	TRUE	Tut7
XP_009066214.1	XP_011517314.1	0	N/A	28.814	177	35	4.04e-10	65.1	terminal uridylyltransferase 7 isoform X1 [Homo sapiens]	TRUE	Tut7
XP_009066214.1	XP_011517313.1	0	N/A	28.814	177	35	4.04e-10	65.1	terminal uridylyltransferase 7 isoform X1 [Homo sapiens]	TRUE	Tut7
XP_009066214.1	XP_016870620.1	0	N/A	28.814	177	35	4.12e-10	65.1	terminal uridylyltransferase 7 isoform X4 [Homo sapiens]	TRUE	Tut7
XP_009066214.1	XP_016870619.1	0	N/A	28.814	177	35	4.12e-10	65.1	terminal uridylyltransferase 7 isoform X4 [Homo sapiens]	TRUE	Tut7
XP_009066214.1	NP_078893.2	0	N/A	28.814	177	35	4.12e-10	65.1	terminal uridylyltransferase 7 isoform 1 [Homo sapiens]	TRUE	Tut7
XP_009066324.1	NP_060579.3	0	N/A	28.661	478	78	2.5e-33	136	poly(A) RNA polymerase, mitochondrial precursor [Homo sapiens]	TRUE	mtPAP
XP_009066324.1	NP_001375060.1	0	N/A	26.271	236	40	1.24e-09	63.2	poly(A) RNA polymerase GLD2 isoform 11 [Homo sapiens]	TRUE	TENT2
XP_009066324.1	XP_047272808.1	0	N/A	26.271	236	40	1.4e-09	63.2	poly(A) RNA polymerase GLD2 isoform X3 [Homo sapiens]	TRUE	TENT2
XP_009066324.1	XP_047272807.1	0	N/A	26.271	236	40	1.4e-09	63.2	poly(A) RNA polymerase GLD2 isoform X3 [Homo sapiens]	TRUE	TENT2
XP_009066324.1	XP_047272806.1	0	N/A	26.271	236	40	1.4e-09	63.2	poly(A) RNA polymerase GLD2 isoform X3 [Homo sapiens]	TRUE	TENT2
XP_009066324.1	NP_776158.2	0	N/A	26.271	236	40	1.4e-09	63.2	poly(A) RNA polymerase GLD2 isoform 1 [Homo sapiens]	TRUE	TENT2
XP_009066324.1	NP_001375041.1	0	N/A	26.271	236	40	1.4e-09	63.2	poly(A) RNA polymerase GLD2 isoform 1 [Homo sapiens]	TRUE	TENT2
XP_009066324.1	NP_001375040.1	0	N/A	26.271	236	40	1.4e-09	63.2	poly(A) RNA polymerase GLD2 isoform 1 [Homo sapiens]	TRUE	TENT2
XP_009066324.1	NP_001375039.1	0	N/A	26.271	236	40	1.4e-09	63.2	poly(A) RNA polymerase GLD2 isoform 1 [Homo sapiens]	TRUE	TENT2
XP_009066324.1	NP_001375038.1	0	N/A	26.271	236	40	1.4e-09	63.2	poly(A) RNA polymerase GLD2 isoform 1 [Homo sapiens]	TRUE	TENT2
XP_009066324.1	NP_001375037.1	0	N/A	26.271	236	40	1.4e-09	63.2	poly(A) RNA polymerase GLD2 isoform 1 [Homo sapiens]	TRUE	TENT2
XP_009066324.1	NP_001375036.1	0	N/A	26.271	236	40	1.4e-09	63.2	poly(A) RNA polymerase GLD2 isoform 1 [Homo sapiens]	TRUE	TENT2
XP_009066324.1	NP_001375035.1	0	N/A	26.271	236	40	1.4e-09	63.2	poly(A) RNA polymerase GLD2 isoform 1 [Homo sapiens]	TRUE	TENT2
XP_009066324.1	NP_001375034.1	0	N/A	26.271	236	40	1.4e-09	63.2	poly(A) RNA polymerase GLD2 isoform 1 [Homo sapiens]	TRUE	TENT2
XP_009066324.1	NP_001375032.1	0	N/A	26.271	236	40	1.4e-09	63.2	poly(A) RNA polymerase GLD2 isoform 1 [Homo sapiens]	TRUE	TENT2
XP_009066324.1	NP_001375031.1	0	N/A	26.271	236	40	1.4e-09	63.2	poly(A) RNA polymerase GLD2 isoform 1 [Homo sapiens]	TRUE	TENT2
XP_009066324.1	NP_001336482.1	0	N/A	26.271	236	40	1.4e-09	63.2	poly(A) RNA polymerase GLD2 isoform 1 [Homo sapiens]	TRUE	TENT2
XP_009066324.1	NP_001336481.1	0	N/A	26.271	236	40	1.4e-09	63.2	poly(A) RNA polymerase GLD2 isoform 1 [Homo sapiens]	TRUE	TENT2
XP_009066324.1	NP_001107866.1	0	N/A	26.271	236	40	1.4e-09	63.2	poly(A) RNA polymerase GLD2 isoform 1 [Homo sapiens]	TRUE	TENT2
XP_009066324.1	NP_001107865.1	0	N/A	26.271	236	40	1.4e-09	63.2	poly(A) RNA polymerase GLD2 isoform 1 [Homo sapiens]	TRUE	TENT2
XP_009066324.1	NP_001375042.1	0	N/A	26.271	236	40	1.41e-09	63.2	poly(A) RNA polymerase GLD2 isoform 16 [Homo sapiens]	TRUE	TENT2
XP_009066324.1	NP_001375029.1	0	N/A	26.271	236	40	2.12e-09	62.4	poly(A) RNA polymerase GLD2 isoform 8 [Homo sapiens]	TRUE	TENT2
XP_009066324.1	NP_001375028.1	0	N/A	26.271	236	40	2.12e-09	62.4	poly(A) RNA polymerase GLD2 isoform 8 [Homo sapiens]	TRUE	TENT2
XP_009066324.1	NP_073741.3	0	N/A	24.609	256	43	2.91e-09	62.8	speckle targeted PIP5K1A-regulated poly(A) polymerase isoform 1 [Homo sapiens]	TRUE	Tut1
XP_009066324.1	NP_001375065.1	0	N/A	27.679	224	40	4.31e-09	61.2	poly(A) RNA polymerase GLD2 isoform 14 [Homo sapiens]	TRUE	TENT2
XP_009066324.1	NP_001375061.1	0	N/A	27.679	224	40	7.36e-09	60.8	poly(A) RNA polymerase GLD2 isoform 12 [Homo sapiens]	TRUE	TENT2
XP_009066324.1	XP_047272811.1	0	N/A	27.679	224	40	8.42e-09	60.5	poly(A) RNA polymerase GLD2 isoform X4 [Homo sapiens]	TRUE	TENT2
XP_009066324.1	XP_047272810.1	0	N/A	27.679	224	40	8.42e-09	60.5	poly(A) RNA polymerase GLD2 isoform X4 [Homo sapiens]	TRUE	TENT2
XP_009066324.1	XP_047272809.1	0	N/A	27.679	224	40	8.42e-09	60.5	poly(A) RNA polymerase GLD2 isoform X4 [Homo sapiens]	TRUE	TENT2
XP_009066324.1	NP_001375058.1	0	N/A	27.679	224	40	8.42e-09	60.5	poly(A) RNA polymerase GLD2 isoform 2 [Homo sapiens]	TRUE	TENT2
XP_009066324.1	NP_001375057.1	0	N/A	27.679	224	40	8.42e-09	60.5	poly(A) RNA polymerase GLD2 isoform 2 [Homo sapiens]	TRUE	TENT2
XP_009066324.1	NP_001375056.1	0	N/A	27.679	224	40	8.42e-09	60.5	poly(A) RNA polymerase GLD2 isoform 2 [Homo sapiens]	TRUE	TENT2
XP_009066324.1	NP_001375055.1	0	N/A	27.679	224	40	8.42e-09	60.5	poly(A) RNA polymerase GLD2 isoform 2 [Homo sapiens]	TRUE	TENT2
XP_009066324.1	NP_001375054.1	0	N/A	27.679	224	40	8.42e-09	60.5	poly(A) RNA polymerase GLD2 isoform 2 [Homo sapiens]	TRUE	TENT2
XP_009066324.1	NP_001375053.1	0	N/A	27.679	224	40	8.42e-09	60.5	poly(A) RNA polymerase GLD2 isoform 2 [Homo sapiens]	TRUE	TENT2
XP_009066324.1	NP_001375052.1	0	N/A	27.679	224	40	8.42e-09	60.5	poly(A) RNA polymerase GLD2 isoform 2 [Homo sapiens]	TRUE	TENT2
XP_009066324.1	NP_001375051.1	0	N/A	27.679	224	40	8.42e-09	60.5	poly(A) RNA polymerase GLD2 isoform 2 [Homo sapiens]	TRUE	TENT2
XP_009066324.1	NP_001375050.1	0	N/A	27.679	224	40	8.42e-09	60.5	poly(A) RNA polymerase GLD2 isoform 2 [Homo sapiens]	TRUE	TENT2
XP_009066324.1	NP_001375049.1	0	N/A	27.679	224	40	8.42e-09	60.5	poly(A) RNA polymerase GLD2 isoform 2 [Homo sapiens]	TRUE	TENT2
XP_009066324.1	NP_001375048.1	0	N/A	27.679	224	40	8.42e-09	60.5	poly(A) RNA polymerase GLD2 isoform 2 [Homo sapiens]	TRUE	TENT2
XP_009066324.1	NP_001375047.1	0	N/A	27.679	224	40	8.42e-09	60.5	poly(A) RNA polymerase GLD2 isoform 2 [Homo sapiens]	TRUE	TENT2
XP_009066324.1	NP_001375046.1	0	N/A	27.679	224	40	8.42e-09	60.5	poly(A) RNA polymerase GLD2 isoform 2 [Homo sapiens]	TRUE	TENT2
XP_009066324.1	NP_001375045.1	0	N/A	27.679	224	40	8.42e-09	60.5	poly(A) RNA polymerase GLD2 isoform 2 [Homo sapiens]	TRUE	TENT2
XP_009066324.1	NP_001375044.1	0	N/A	27.679	224	40	8.42e-09	60.5	poly(A) RNA polymerase GLD2 isoform 2 [Homo sapiens]	TRUE	TENT2
XP_009066324.1	NP_001375043.1	0	N/A	27.679	224	40	8.42e-09	60.5	poly(A) RNA polymerase GLD2 isoform 2 [Homo sapiens]	TRUE	TENT2
XP_009066324.1	NP_001336483.1	0	N/A	27.679	224	40	8.42e-09	60.5	poly(A) RNA polymerase GLD2 isoform 2 [Homo sapiens]	TRUE	TENT2
XP_009066324.1	NP_001284673.1	0	N/A	27.679	224	40	8.42e-09	60.5	poly(A) RNA polymerase GLD2 isoform 2 [Homo sapiens]	TRUE	TENT2
XP_009066324.1	NP_001375059.1	0	N/A	27.679	224	40	9.17e-09	60.5	poly(A) RNA polymerase GLD2 isoform 10 [Homo sapiens]	TRUE	TENT2
XP_009066324.1	NP_001375030.1	0	N/A	27.679	224	40	1.22e-08	60.1	poly(A) RNA polymerase GLD2 isoform 9 [Homo sapiens]	TRUE	TENT2
XP_009066324.1	NP_001375027.1	0	N/A	25.41	244	40	3.61e-08	58.5	poly(A) RNA polymerase GLD2 isoform 7 [Homo sapiens]	TRUE	TENT2
XP_009066324.1	XP_047272805.1	0	N/A	25.41	244	40	4.05e-08	58.5	poly(A) RNA polymerase GLD2 isoform X2 [Homo sapiens]	TRUE	TENT2
XP_009066324.1	XP_047272804.1	0	N/A	25.41	244	40	4.05e-08	58.5	poly(A) RNA polymerase GLD2 isoform X2 [Homo sapiens]	TRUE	TENT2
XP_009066324.1	XP_047272803.1	0	N/A	25.41	244	40	4.05e-08	58.5	poly(A) RNA polymerase GLD2 isoform X2 [Homo sapiens]	TRUE	TENT2
XP_009066324.1	XP_047272802.1	0	N/A	25.41	244	40	4.05e-08	58.5	poly(A) RNA polymerase GLD2 isoform X2 [Homo sapiens]	TRUE	TENT2
XP_009066324.1	XP_016864641.1	0	N/A	25.41	244	40	4.05e-08	58.5	poly(A) RNA polymerase GLD2 isoform X2 [Homo sapiens]	TRUE	TENT2
XP_009066324.1	NP_001375026.1	0	N/A	25.41	244	40	4.05e-08	58.5	poly(A) RNA polymerase GLD2 isoform 6 [Homo sapiens]	TRUE	TENT2
XP_009066324.1	NP_001375025.1	0	N/A	25.41	244	40	4.05e-08	58.5	poly(A) RNA polymerase GLD2 isoform 6 [Homo sapiens]	TRUE	TENT2
XP_009066324.1	NP_001375024.1	0	N/A	25.41	244	40	4.05e-08	58.5	poly(A) RNA polymerase GLD2 isoform 6 [Homo sapiens]	TRUE	TENT2
XP_009066324.1	NP_001336480.1	0	N/A	25.41	244	40	4.05e-08	58.5	poly(A) RNA polymerase GLD2 isoform 6 [Homo sapiens]	TRUE	TENT2
XP_009066324.1	XP_047272285.1	0	N/A	25.09	279	47	5.27e-08	58.9	terminal uridylyltransferase 4 isoform X7 [Homo sapiens]	TRUE	Tut4
XP_009066324.1	XP_016856292.1	0	N/A	25.09	279	47	5.32e-08	58.9	terminal uridylyltransferase 4 isoform X9 [Homo sapiens]	TRUE	Tut4
XP_009066324.1	XP_047272290.1	0	N/A	25.09	279	47	5.45e-08	58.5	terminal uridylyltransferase 4 isoform X11 [Homo sapiens]	TRUE	Tut4
XP_009066324.1	XP_047272345.1	0	N/A	25.362	276	46	5.7e-08	58.5	terminal uridylyltransferase 4 isoform X31 [Homo sapiens]	TRUE	Tut4
XP_009066324.1	XP_047272280.1	0	N/A	25.09	279	47	6.17e-08	58.5	terminal uridylyltransferase 4 isoform X3 [Homo sapiens]	TRUE	Tut4
XP_009066324.1	XP_005270736.1	0	N/A	25.09	279	47	6.17e-08	58.5	terminal uridylyltransferase 4 isoform X3 [Homo sapiens]	TRUE	Tut4
XP_009066324.1	XP_047272296.1	0	N/A	25.09	279	47	6.2e-08	58.5	terminal uridylyltransferase 4 isoform X13 [Homo sapiens]	TRUE	Tut4
XP_009066324.1	XP_047272288.1	0	N/A	25.09	279	47	6.25e-08	58.5	terminal uridylyltransferase 4 isoform X10 [Homo sapiens]	TRUE	Tut4
XP_009066324.1	XP_016856293.1	0	N/A	25.09	279	47	6.58e-08	58.5	terminal uridylyltransferase 4 isoform X16 [Homo sapiens]	TRUE	Tut4
XP_009066324.1	XP_016856297.1	0	N/A	25.09	279	47	6.58e-08	58.5	terminal uridylyltransferase 4 isoform X36 [Homo sapiens]	TRUE	Tut4
XP_009066324.1	XP_047272295.1	0	N/A	25.09	279	47	6.64e-08	58.5	terminal uridylyltransferase 4 isoform X12 [Homo sapiens]	TRUE	Tut4
XP_009066324.1	XP_047272305.1	0	N/A	25.09	279	47	6.69e-08	58.5	terminal uridylyltransferase 4 isoform X17 [Homo sapiens]	TRUE	Tut4
XP_009066324.1	XP_005270739.1	0	N/A	25.362	276	46	6.76e-08	58.5	terminal uridylyltransferase 4 isoform X33 [Homo sapiens]	TRUE	Tut4
XP_009066324.1	XP_005270735.1	0	N/A	25.09	279	47	6.78e-08	58.5	terminal uridylyltransferase 4 isoform X2 [Homo sapiens]	TRUE	Tut4
XP_009066324.1	XP_047272282.1	0	N/A	25.09	279	47	6.89e-08	58.5	terminal uridylyltransferase 4 isoform X5 [Homo sapiens]	TRUE	Tut4
XP_009066324.1	NP_056084.1	0	N/A	25.09	279	47	6.89e-08	58.5	terminal uridylyltransferase 4 isoform b [Homo sapiens]	TRUE	Tut4
XP_009066324.1	XP_011539399.1	0	N/A	25.09	279	47	6.95e-08	58.5	terminal uridylyltransferase 4 isoform X1 [Homo sapiens]	TRUE	Tut4
XP_009066324.1	XP_005270733.1	0	N/A	25.09	279	47	6.95e-08	58.5	terminal uridylyltransferase 4 isoform X1 [Homo sapiens]	TRUE	Tut4
XP_009066324.1	XP_047272325.1	0	N/A	25.362	276	46	6.96e-08	58.5	terminal uridylyltransferase 4 isoform X23 [Homo sapiens]	TRUE	Tut4
XP_009066324.1	XP_016856295.1	0	N/A	25.362	276	46	7.08e-08	58.2	terminal uridylyltransferase 4 isoform X25 [Homo sapiens]	TRUE	Tut4
XP_009066324.1	XP_047272372.1	0	N/A	25.09	279	47	7.09e-08	58.2	terminal uridylyltransferase 4 isoform X42 [Homo sapiens]	TRUE	Tut4
XP_009066324.1	XP_011539401.1	0	N/A	25.362	276	46	7.13e-08	58.2	terminal uridylyltransferase 4 isoform X29 [Homo sapiens]	TRUE	Tut4
XP_009066324.1	XP_047272281.1	0	N/A	25.09	279	47	7.13e-08	58.2	terminal uridylyltransferase 4 isoform X4 [Homo sapiens]	TRUE	Tut4
XP_009066324.1	NP_001009881.1	0	N/A	25.09	279	47	7.13e-08	58.2	terminal uridylyltransferase 4 isoform a [Homo sapiens]	TRUE	Tut4
XP_009066324.1	XP_047272344.1	0	N/A	25.362	276	46	7.25e-08	58.2	terminal uridylyltransferase 4 isoform X30 [Homo sapiens]	TRUE	Tut4
XP_009066324.1	XP_047272286.1	0	N/A	25.362	276	46	7.3e-08	58.2	terminal uridylyltransferase 4 isoform X8 [Homo sapiens]	TRUE	Tut4
XP_009066324.1	XP_016856299.1	0	N/A	25.09	279	47	7.36e-08	58.2	terminal uridylyltransferase 4 isoform X40 [Homo sapiens]	TRUE	Tut4
XP_009066324.1	XP_047272365.1	0	N/A	25.09	279	47	7.36e-08	58.2	terminal uridylyltransferase 4 isoform X38 [Homo sapiens]	TRUE	Tut4
XP_009066324.1	XP_047272283.1	0	N/A	25.09	279	47	7.44e-08	58.2	terminal uridylyltransferase 4 isoform X6 [Homo sapiens]	TRUE	Tut4
XP_009066324.1	XP_005270737.1	0	N/A	25.09	279	47	7.44e-08	58.2	terminal uridylyltransferase 4 isoform X6 [Homo sapiens]	TRUE	Tut4
XP_009066324.1	XP_047272337.1	0	N/A	25.362	276	46	8.05e-08	58.2	terminal uridylyltransferase 4 isoform X27 [Homo sapiens]	TRUE	Tut4
XP_009066324.1	XP_047272350.1	0	N/A	25.362	276	46	8.16e-08	58.2	terminal uridylyltransferase 4 isoform X34 [Homo sapiens]	TRUE	Tut4
XP_009066324.1	XP_016856296.1	0	N/A	25.362	276	46	8.26e-08	58.2	terminal uridylyltransferase 4 isoform X28 [Homo sapiens]	TRUE	Tut4
XP_009066324.1	XP_047272801.1	0	N/A	25	248	40	1.28e-07	57	poly(A) RNA polymerase GLD2 isoform X1 [Homo sapiens]	TRUE	TENT2
XP_009066324.1	XP_047272800.1	0	N/A	25	248	40	1.28e-07	57	poly(A) RNA polymerase GLD2 isoform X1 [Homo sapiens]	TRUE	TENT2
XP_009066324.1	XP_011541527.1	0	N/A	25	248	40	1.28e-07	57	poly(A) RNA polymerase GLD2 isoform X1 [Homo sapiens]	TRUE	TENT2
XP_009066324.1	XP_011541526.1	0	N/A	25	248	40	1.28e-07	57	poly(A) RNA polymerase GLD2 isoform X1 [Homo sapiens]	TRUE	TENT2
XP_009066324.1	XP_011541523.1	0	N/A	25	248	40	1.28e-07	57	poly(A) RNA polymerase GLD2 isoform X1 [Homo sapiens]	TRUE	TENT2
XP_009066324.1	XP_011541522.1	0	N/A	25	248	40	1.28e-07	57	poly(A) RNA polymerase GLD2 isoform X1 [Homo sapiens]	TRUE	TENT2
XP_009066324.1	NP_001375023.1	0	N/A	25	248	40	1.28e-07	57	poly(A) RNA polymerase GLD2 isoform 5 [Homo sapiens]	TRUE	TENT2
XP_009066324.1	NP_001375022.1	0	N/A	25	248	40	1.28e-07	57	poly(A) RNA polymerase GLD2 isoform 5 [Homo sapiens]	TRUE	TENT2
XP_009066325.1	NP_060579.3	0	N/A	30.446	381	45	3.05e-41	162	poly(A) RNA polymerase, mitochondrial precursor [Homo sapiens]	TRUE	mtPAP
XP_009066325.1	NP_001317647.1	0	N/A	30.312	320	34	3.22e-33	140	terminal uridylyltransferase 7 isoform 3 [Homo sapiens]	TRUE	Tut7
XP_009066325.1	XP_016870620.1	0	N/A	30.312	320	34	9.96e-33	139	terminal uridylyltransferase 7 isoform X4 [Homo sapiens]	TRUE	Tut7
XP_009066325.1	XP_016870619.1	0	N/A	30.312	320	34	9.96e-33	139	terminal uridylyltransferase 7 isoform X4 [Homo sapiens]	TRUE	Tut7
XP_009066325.1	NP_078893.2	0	N/A	30.312	320	34	9.96e-33	139	terminal uridylyltransferase 7 isoform 1 [Homo sapiens]	TRUE	Tut7
XP_009066325.1	NP_001171988.1	0	N/A	30.312	320	34	9.96e-33	139	terminal uridylyltransferase 7 isoform 1 [Homo sapiens]	TRUE	Tut7
XP_009066325.1	XP_047279823.1	0	N/A	30.312	320	34	1.04e-32	139	terminal uridylyltransferase 7 isoform X2 [Homo sapiens]	TRUE	Tut7
XP_009066325.1	XP_006717346.1	0	N/A	30.312	320	34	1.04e-32	139	terminal uridylyltransferase 7 isoform X2 [Homo sapiens]	TRUE	Tut7
XP_009066325.1	XP_011517316.1	0	N/A	30.312	320	34	1.12e-32	139	terminal uridylyltransferase 7 isoform X1 [Homo sapiens]	TRUE	Tut7
XP_009066325.1	XP_011517315.1	0	N/A	30.312	320	34	1.12e-32	139	terminal uridylyltransferase 7 isoform X1 [Homo sapiens]	TRUE	Tut7
XP_009066325.1	XP_011517314.1	0	N/A	30.312	320	34	1.12e-32	139	terminal uridylyltransferase 7 isoform X1 [Homo sapiens]	TRUE	Tut7
XP_009066325.1	XP_011517313.1	0	N/A	30.312	320	34	1.12e-32	139	terminal uridylyltransferase 7 isoform X1 [Homo sapiens]	TRUE	Tut7
XP_009066325.1	XP_011517318.1	0	N/A	30.312	320	34	1.12e-32	139	terminal uridylyltransferase 7 isoform X5 [Homo sapiens]	TRUE	Tut7
XP_009066325.1	XP_047279825.1	0	N/A	30.312	320	34	1.14e-32	139	terminal uridylyltransferase 7 isoform X6 [Homo sapiens]	TRUE	Tut7
XP_009066325.1	XP_047279824.1	0	N/A	30.312	320	34	1.14e-32	139	terminal uridylyltransferase 7 isoform X6 [Homo sapiens]	TRUE	Tut7
XP_009066325.1	XP_005252264.1	0	N/A	30.312	320	34	1.14e-32	139	terminal uridylyltransferase 7 isoform X6 [Homo sapiens]	TRUE	Tut7
XP_009066325.1	XP_011517317.1	0	N/A	30.312	320	34	1.17e-32	139	terminal uridylyltransferase 7 isoform X3 [Homo sapiens]	TRUE	Tut7
XP_009066325.1	XP_005252265.1	0	N/A	30.312	320	34	1.42e-32	139	terminal uridylyltransferase 7 isoform X7 [Homo sapiens]	TRUE	Tut7
XP_009066325.1	NP_073741.3	0	N/A	35.426	223	22	7.14e-32	135	speckle targeted PIP5K1A-regulated poly(A) polymerase isoform 1 [Homo sapiens]	TRUE	Tut1
XP_009066325.1	NP_001172003.1	0	N/A	31.907	257	24	1.29e-26	119	terminal uridylyltransferase 7 isoform 2 [Homo sapiens]	TRUE	Tut7
XP_009066325.1	XP_047272288.1	0	N/A	27.966	354	37	5.51e-25	114	terminal uridylyltransferase 4 isoform X10 [Homo sapiens]	TRUE	Tut4
XP_009066325.1	XP_047272285.1	0	N/A	27.966	354	37	5.57e-25	114	terminal uridylyltransferase 4 isoform X7 [Homo sapiens]	TRUE	Tut4
XP_009066325.1	XP_016856292.1	0	N/A	27.966	354	37	5.96e-25	114	terminal uridylyltransferase 4 isoform X9 [Homo sapiens]	TRUE	Tut4
XP_009066325.1	XP_016856293.1	0	N/A	27.966	354	37	6.05e-25	114	terminal uridylyltransferase 4 isoform X16 [Homo sapiens]	TRUE	Tut4
XP_009066325.1	XP_016856297.1	0	N/A	27.966	354	37	6.34e-25	114	terminal uridylyltransferase 4 isoform X36 [Homo sapiens]	TRUE	Tut4
XP_009066325.1	XP_011539401.1	0	N/A	27.966	354	37	6.6e-25	114	terminal uridylyltransferase 4 isoform X29 [Homo sapiens]	TRUE	Tut4
XP_009066325.1	XP_005270739.1	0	N/A	27.966	354	37	6.63e-25	114	terminal uridylyltransferase 4 isoform X33 [Homo sapiens]	TRUE	Tut4
XP_009066325.1	XP_047272280.1	0	N/A	27.966	354	37	6.7e-25	114	terminal uridylyltransferase 4 isoform X3 [Homo sapiens]	TRUE	Tut4
XP_009066325.1	XP_005270736.1	0	N/A	27.966	354	37	6.7e-25	114	terminal uridylyltransferase 4 isoform X3 [Homo sapiens]	TRUE	Tut4
XP_009066325.1	XP_011539399.1	0	N/A	27.966	354	37	6.77e-25	114	terminal uridylyltransferase 4 isoform X1 [Homo sapiens]	TRUE	Tut4
XP_009066325.1	XP_005270733.1	0	N/A	27.966	354	37	6.77e-25	114	terminal uridylyltransferase 4 isoform X1 [Homo sapiens]	TRUE	Tut4
XP_009066325.1	XP_005270735.1	0	N/A	27.966	354	37	6.89e-25	114	terminal uridylyltransferase 4 isoform X2 [Homo sapiens]	TRUE	Tut4
XP_009066325.1	XP_047272283.1	0	N/A	27.966	354	37	6.93e-25	114	terminal uridylyltransferase 4 isoform X6 [Homo sapiens]	TRUE	Tut4
XP_009066325.1	XP_005270737.1	0	N/A	27.966	354	37	6.93e-25	114	terminal uridylyltransferase 4 isoform X6 [Homo sapiens]	TRUE	Tut4
XP_009066325.1	XP_047272282.1	0	N/A	27.966	354	37	6.93e-25	114	terminal uridylyltransferase 4 isoform X5 [Homo sapiens]	TRUE	Tut4
XP_009066325.1	NP_056084.1	0	N/A	27.966	354	37	6.93e-25	114	terminal uridylyltransferase 4 isoform b [Homo sapiens]	TRUE	Tut4
XP_009066325.1	XP_047272281.1	0	N/A	27.966	354	37	6.93e-25	114	terminal uridylyltransferase 4 isoform X4 [Homo sapiens]	TRUE	Tut4
XP_009066325.1	NP_001009881.1	0	N/A	27.966	354	37	6.93e-25	114	terminal uridylyltransferase 4 isoform a [Homo sapiens]	TRUE	Tut4
XP_009066325.1	XP_016856299.1	0	N/A	27.966	354	37	7.14e-25	114	terminal uridylyltransferase 4 isoform X40 [Homo sapiens]	TRUE	Tut4
XP_009066325.1	XP_047272345.1	0	N/A	27.966	354	37	7.43e-25	114	terminal uridylyltransferase 4 isoform X31 [Homo sapiens]	TRUE	Tut4
XP_009066325.1	XP_047272365.1	0	N/A	27.966	354	37	7.99e-25	114	terminal uridylyltransferase 4 isoform X38 [Homo sapiens]	TRUE	Tut4
XP_009066325.1	XP_047272384.1	0	N/A	29.167	360	37	8.11e-25	113	terminal uridylyltransferase 4 isoform X46 [Homo sapiens]	TRUE	Tut4
XP_009066325.1	XP_016856295.1	0	N/A	27.966	354	37	8.23e-25	114	terminal uridylyltransferase 4 isoform X25 [Homo sapiens]	TRUE	Tut4
XP_009066325.1	XP_047272325.1	0	N/A	27.966	354	37	8.24e-25	114	terminal uridylyltransferase 4 isoform X23 [Homo sapiens]	TRUE	Tut4
XP_009066325.1	XP_016856296.1	0	N/A	28.771	358	37	9.18e-25	114	terminal uridylyltransferase 4 isoform X28 [Homo sapiens]	TRUE	Tut4
XP_009066325.1	XP_047272337.1	0	N/A	28.771	358	37	1.06e-24	114	terminal uridylyltransferase 4 isoform X27 [Homo sapiens]	TRUE	Tut4
XP_009066325.1	XP_047272305.1	0	N/A	29.054	296	31	3.2e-24	112	terminal uridylyltransferase 4 isoform X17 [Homo sapiens]	TRUE	Tut4
XP_009066325.1	XP_047272295.1	0	N/A	29.054	296	31	3.46e-24	112	terminal uridylyltransferase 4 isoform X12 [Homo sapiens]	TRUE	Tut4
XP_009066325.1	XP_047272372.1	0	N/A	30	300	31	3.56e-24	112	terminal uridylyltransferase 4 isoform X42 [Homo sapiens]	TRUE	Tut4
XP_009066325.1	XP_047272286.1	0	N/A	30	300	31	3.64e-24	112	terminal uridylyltransferase 4 isoform X8 [Homo sapiens]	TRUE	Tut4
XP_009066325.1	XP_047272296.1	0	N/A	29.054	296	31	3.67e-24	112	terminal uridylyltransferase 4 isoform X13 [Homo sapiens]	TRUE	Tut4
XP_009066325.1	XP_047272290.1	0	N/A	29.054	296	31	3.7e-24	112	terminal uridylyltransferase 4 isoform X11 [Homo sapiens]	TRUE	Tut4
XP_009066325.1	XP_047272350.1	0	N/A	30	300	31	3.92e-24	112	terminal uridylyltransferase 4 isoform X34 [Homo sapiens]	TRUE	Tut4
XP_009066325.1	XP_047272344.1	0	N/A	30	300	31	4.18e-24	112	terminal uridylyltransferase 4 isoform X30 [Homo sapiens]	TRUE	Tut4
XP_009066325.1	NP_001375065.1	0	N/A	28.634	227	28	3.68e-20	95.5	poly(A) RNA polymerase GLD2 isoform 14 [Homo sapiens]	TRUE	TENT2
XP_009066325.1	NP_001375061.1	0	N/A	28.634	227	28	4.29e-20	96.7	poly(A) RNA polymerase GLD2 isoform 12 [Homo sapiens]	TRUE	TENT2
XP_009066325.1	NP_001375059.1	0	N/A	28.634	227	28	7.33e-20	96.3	poly(A) RNA polymerase GLD2 isoform 10 [Homo sapiens]	TRUE	TENT2
XP_009066325.1	XP_047272811.1	0	N/A	28.634	227	28	7.52e-20	96.3	poly(A) RNA polymerase GLD2 isoform X4 [Homo sapiens]	TRUE	TENT2
XP_009066325.1	XP_047272810.1	0	N/A	28.634	227	28	7.52e-20	96.3	poly(A) RNA polymerase GLD2 isoform X4 [Homo sapiens]	TRUE	TENT2
XP_009066325.1	XP_047272809.1	0	N/A	28.634	227	28	7.52e-20	96.3	poly(A) RNA polymerase GLD2 isoform X4 [Homo sapiens]	TRUE	TENT2
XP_009066325.1	NP_001375058.1	0	N/A	28.634	227	28	7.52e-20	96.3	poly(A) RNA polymerase GLD2 isoform 2 [Homo sapiens]	TRUE	TENT2
XP_009066325.1	NP_001375057.1	0	N/A	28.634	227	28	7.52e-20	96.3	poly(A) RNA polymerase GLD2 isoform 2 [Homo sapiens]	TRUE	TENT2
XP_009066325.1	NP_001375056.1	0	N/A	28.634	227	28	7.52e-20	96.3	poly(A) RNA polymerase GLD2 isoform 2 [Homo sapiens]	TRUE	TENT2
XP_009066325.1	NP_001375055.1	0	N/A	28.634	227	28	7.52e-20	96.3	poly(A) RNA polymerase GLD2 isoform 2 [Homo sapiens]	TRUE	TENT2
XP_009066325.1	NP_001375054.1	0	N/A	28.634	227	28	7.52e-20	96.3	poly(A) RNA polymerase GLD2 isoform 2 [Homo sapiens]	TRUE	TENT2
XP_009066325.1	NP_001375053.1	0	N/A	28.634	227	28	7.52e-20	96.3	poly(A) RNA polymerase GLD2 isoform 2 [Homo sapiens]	TRUE	TENT2
XP_009066325.1	NP_001375052.1	0	N/A	28.634	227	28	7.52e-20	96.3	poly(A) RNA polymerase GLD2 isoform 2 [Homo sapiens]	TRUE	TENT2
XP_009066325.1	NP_001375051.1	0	N/A	28.634	227	28	7.52e-20	96.3	poly(A) RNA polymerase GLD2 isoform 2 [Homo sapiens]	TRUE	TENT2
XP_009066325.1	NP_001375050.1	0	N/A	28.634	227	28	7.52e-20	96.3	poly(A) RNA polymerase GLD2 isoform 2 [Homo sapiens]	TRUE	TENT2
XP_009066325.1	NP_001375049.1	0	N/A	28.634	227	28	7.52e-20	96.3	poly(A) RNA polymerase GLD2 isoform 2 [Homo sapiens]	TRUE	TENT2
XP_009066325.1	NP_001375048.1	0	N/A	28.634	227	28	7.52e-20	96.3	poly(A) RNA polymerase GLD2 isoform 2 [Homo sapiens]	TRUE	TENT2
XP_009066325.1	NP_001375047.1	0	N/A	28.634	227	28	7.52e-20	96.3	poly(A) RNA polymerase GLD2 isoform 2 [Homo sapiens]	TRUE	TENT2
XP_009066325.1	NP_001375046.1	0	N/A	28.634	227	28	7.52e-20	96.3	poly(A) RNA polymerase GLD2 isoform 2 [Homo sapiens]	TRUE	TENT2
XP_009066325.1	NP_001375045.1	0	N/A	28.634	227	28	7.52e-20	96.3	poly(A) RNA polymerase GLD2 isoform 2 [Homo sapiens]	TRUE	TENT2
XP_009066325.1	NP_001375044.1	0	N/A	28.634	227	28	7.52e-20	96.3	poly(A) RNA polymerase GLD2 isoform 2 [Homo sapiens]	TRUE	TENT2
XP_009066325.1	NP_001375043.1	0	N/A	28.634	227	28	7.52e-20	96.3	poly(A) RNA polymerase GLD2 isoform 2 [Homo sapiens]	TRUE	TENT2
XP_009066325.1	NP_001336483.1	0	N/A	28.634	227	28	7.52e-20	96.3	poly(A) RNA polymerase GLD2 isoform 2 [Homo sapiens]	TRUE	TENT2
XP_009066325.1	NP_001284673.1	0	N/A	28.634	227	28	7.52e-20	96.3	poly(A) RNA polymerase GLD2 isoform 2 [Homo sapiens]	TRUE	TENT2
XP_009066325.1	XP_047272805.1	0	N/A	27.679	224	28	9.3e-20	96.3	poly(A) RNA polymerase GLD2 isoform X2 [Homo sapiens]	TRUE	TENT2
XP_009066325.1	XP_047272804.1	0	N/A	27.679	224	28	9.3e-20	96.3	poly(A) RNA polymerase GLD2 isoform X2 [Homo sapiens]	TRUE	TENT2
XP_009066325.1	XP_047272803.1	0	N/A	27.679	224	28	9.3e-20	96.3	poly(A) RNA polymerase GLD2 isoform X2 [Homo sapiens]	TRUE	TENT2
XP_009066325.1	XP_047272802.1	0	N/A	27.679	224	28	9.3e-20	96.3	poly(A) RNA polymerase GLD2 isoform X2 [Homo sapiens]	TRUE	TENT2
XP_009066325.1	XP_016864641.1	0	N/A	27.679	224	28	9.3e-20	96.3	poly(A) RNA polymerase GLD2 isoform X2 [Homo sapiens]	TRUE	TENT2
XP_009066325.1	NP_001375026.1	0	N/A	27.679	224	28	9.3e-20	96.3	poly(A) RNA polymerase GLD2 isoform 6 [Homo sapiens]	TRUE	TENT2
XP_009066325.1	NP_001375025.1	0	N/A	27.679	224	28	9.3e-20	96.3	poly(A) RNA polymerase GLD2 isoform 6 [Homo sapiens]	TRUE	TENT2
XP_009066325.1	NP_001375024.1	0	N/A	27.679	224	28	9.3e-20	96.3	poly(A) RNA polymerase GLD2 isoform 6 [Homo sapiens]	TRUE	TENT2
XP_009066325.1	NP_001336480.1	0	N/A	27.679	224	28	9.3e-20	96.3	poly(A) RNA polymerase GLD2 isoform 6 [Homo sapiens]	TRUE	TENT2
XP_009066325.1	NP_001375027.1	0	N/A	27.679	224	28	1.01e-19	95.9	poly(A) RNA polymerase GLD2 isoform 7 [Homo sapiens]	TRUE	TENT2
XP_009066325.1	NP_001375060.1	0	N/A	27.232	224	28	2.39e-19	94.4	poly(A) RNA polymerase GLD2 isoform 11 [Homo sapiens]	TRUE	TENT2
XP_009066325.1	NP_001375042.1	0	N/A	27.232	224	28	4.12e-19	94	poly(A) RNA polymerase GLD2 isoform 16 [Homo sapiens]	TRUE	TENT2
XP_009066325.1	XP_047272808.1	0	N/A	27.232	224	28	4.61e-19	94	poly(A) RNA polymerase GLD2 isoform X3 [Homo sapiens]	TRUE	TENT2
XP_009066325.1	XP_047272807.1	0	N/A	27.232	224	28	4.61e-19	94	poly(A) RNA polymerase GLD2 isoform X3 [Homo sapiens]	TRUE	TENT2
XP_009066325.1	XP_047272806.1	0	N/A	27.232	224	28	4.61e-19	94	poly(A) RNA polymerase GLD2 isoform X3 [Homo sapiens]	TRUE	TENT2
XP_009066325.1	NP_776158.2	0	N/A	27.232	224	28	4.61e-19	94	poly(A) RNA polymerase GLD2 isoform 1 [Homo sapiens]	TRUE	TENT2
XP_009066325.1	NP_001375041.1	0	N/A	27.232	224	28	4.61e-19	94	poly(A) RNA polymerase GLD2 isoform 1 [Homo sapiens]	TRUE	TENT2
XP_009066325.1	NP_001375040.1	0	N/A	27.232	224	28	4.61e-19	94	poly(A) RNA polymerase GLD2 isoform 1 [Homo sapiens]	TRUE	TENT2
XP_009066325.1	NP_001375039.1	0	N/A	27.232	224	28	4.61e-19	94	poly(A) RNA polymerase GLD2 isoform 1 [Homo sapiens]	TRUE	TENT2
XP_009066325.1	NP_001375038.1	0	N/A	27.232	224	28	4.61e-19	94	poly(A) RNA polymerase GLD2 isoform 1 [Homo sapiens]	TRUE	TENT2
XP_009066325.1	NP_001375037.1	0	N/A	27.232	224	28	4.61e-19	94	poly(A) RNA polymerase GLD2 isoform 1 [Homo sapiens]	TRUE	TENT2
XP_009066325.1	NP_001375036.1	0	N/A	27.232	224	28	4.61e-19	94	poly(A) RNA polymerase GLD2 isoform 1 [Homo sapiens]	TRUE	TENT2
XP_009493312.1	XP_047272801.1	0	N/A	23.361	244	30	4.94e-06	52.8	poly(A) RNA polymerase GLD2 isoform X1 [Homo sapiens]	TRUE	TENT2
XP_009493312.1	XP_047272800.1	0	N/A	23.361	244	30	4.94e-06	52.8	poly(A) RNA polymerase GLD2 isoform X1 [Homo sapiens]	TRUE	TENT2
XP_009493312.1	XP_011541527.1	0	N/A	23.361	244	30	4.94e-06	52.8	poly(A) RNA polymerase GLD2 isoform X1 [Homo sapiens]	TRUE	TENT2
XP_009493312.1	XP_011541526.1	0	N/A	23.361	244	30	4.94e-06	52.8	poly(A) RNA polymerase GLD2 isoform X1 [Homo sapiens]	TRUE	TENT2
XP_009493312.1	XP_011541523.1	0	N/A	23.361	244	30	4.94e-06	52.8	poly(A) RNA polymerase GLD2 isoform X1 [Homo sapiens]	TRUE	TENT2
XP_009493312.1	XP_011541522.1	0	N/A	23.361	244	30	4.94e-06	52.8	poly(A) RNA polymerase GLD2 isoform X1 [Homo sapiens]	TRUE	TENT2
XP_009493312.1	NP_001375023.1	0	N/A	23.361	244	30	4.94e-06	52.8	poly(A) RNA polymerase GLD2 isoform 5 [Homo sapiens]	TRUE	TENT2
XP_009493312.1	NP_001375022.1	0	N/A	23.361	244	30	4.94e-06	52.8	poly(A) RNA polymerase GLD2 isoform 5 [Homo sapiens]	TRUE	TENT2
XP_009493312.1	NP_001336479.1	0	N/A	23.361	244	30	4.94e-06	52.8	poly(A) RNA polymerase GLD2 isoform 5 [Homo sapiens]	TRUE	TENT2
XP_009493312.1	NP_001336478.1	0	N/A	23.361	244	30	4.94e-06	52.8	poly(A) RNA polymerase GLD2 isoform 5 [Homo sapiens]	TRUE	TENT2
XP_009493312.1	XP_047272805.1	0	N/A	22.951	244	30	1.18e-05	51.2	poly(A) RNA polymerase GLD2 isoform X2 [Homo sapiens]	TRUE	TENT2
XP_009493312.1	XP_047272804.1	0	N/A	22.951	244	30	1.18e-05	51.2	poly(A) RNA polymerase GLD2 isoform X2 [Homo sapiens]	TRUE	TENT2
XP_009493312.1	XP_047272803.1	0	N/A	22.951	244	30	1.18e-05	51.2	poly(A) RNA polymerase GLD2 isoform X2 [Homo sapiens]	TRUE	TENT2
XP_009493312.1	XP_047272802.1	0	N/A	22.951	244	30	1.18e-05	51.2	poly(A) RNA polymerase GLD2 isoform X2 [Homo sapiens]	TRUE	TENT2
XP_009493312.1	XP_016864641.1	0	N/A	22.951	244	30	1.18e-05	51.2	poly(A) RNA polymerase GLD2 isoform X2 [Homo sapiens]	TRUE	TENT2
XP_009493312.1	NP_001375026.1	0	N/A	22.951	244	30	1.18e-05	51.2	poly(A) RNA polymerase GLD2 isoform 6 [Homo sapiens]	TRUE	TENT2
XP_009493312.1	NP_001375025.1	0	N/A	22.951	244	30	1.18e-05	51.2	poly(A) RNA polymerase GLD2 isoform 6 [Homo sapiens]	TRUE	TENT2
XP_009493312.1	NP_001375024.1	0	N/A	22.951	244	30	1.18e-05	51.2	poly(A) RNA polymerase GLD2 isoform 6 [Homo sapiens]	TRUE	TENT2
XP_009493312.1	NP_001336480.1	0	N/A	22.951	244	30	1.18e-05	51.2	poly(A) RNA polymerase GLD2 isoform 6 [Homo sapiens]	TRUE	TENT2
XP_009493312.1	NP_001375027.1	0	N/A	22.951	244	30	1.2e-05	51.2	poly(A) RNA polymerase GLD2 isoform 7 [Homo sapiens]	TRUE	TENT2
XP_009493312.1	XP_047272816.1	0	N/A	23.729	236	29	1.8e-05	50.4	poly(A) RNA polymerase GLD2 isoform X8 [Homo sapiens]	TRUE	TENT2
XP_009493312.1	NP_001375060.1	0	N/A	23.967	242	30	2.55e-05	50.1	poly(A) RNA polymerase GLD2 isoform 11 [Homo sapiens]	TRUE	TENT2
XP_009493312.1	XP_047272820.1	0	N/A	28.571	84	11	2.64e-05	49.3	poly(A) RNA polymerase GLD2 isoform X11 [Homo sapiens]	TRUE	TENT2
XP_009493312.1	NP_001375061.1	0	N/A	28.571	84	11	2.74e-05	50.1	poly(A) RNA polymerase GLD2 isoform 12 [Homo sapiens]	TRUE	TENT2
XP_009493312.1	XP_047272808.1	0	N/A	23.967	242	30	2.88e-05	50.1	poly(A) RNA polymerase GLD2 isoform X3 [Homo sapiens]	TRUE	TENT2
XP_009493312.1	XP_047272807.1	0	N/A	23.967	242	30	2.88e-05	50.1	poly(A) RNA polymerase GLD2 isoform X3 [Homo sapiens]	TRUE	TENT2
XP_009493312.1	XP_047272806.1	0	N/A	23.967	242	30	2.88e-05	50.1	poly(A) RNA polymerase GLD2 isoform X3 [Homo sapiens]	TRUE	TENT2
XP_009493312.1	NP_776158.2	0	N/A	23.967	242	30	2.88e-05	50.1	poly(A) RNA polymerase GLD2 isoform 1 [Homo sapiens]	TRUE	TENT2
XP_009493312.1	NP_001375041.1	0	N/A	23.967	242	30	2.88e-05	50.1	poly(A) RNA polymerase GLD2 isoform 1 [Homo sapiens]	TRUE	TENT2
XP_009493312.1	NP_001375040.1	0	N/A	23.967	242	30	2.88e-05	50.1	poly(A) RNA polymerase GLD2 isoform 1 [Homo sapiens]	TRUE	TENT2
XP_009493312.1	NP_001375039.1	0	N/A	23.967	242	30	2.88e-05	50.1	poly(A) RNA polymerase GLD2 isoform 1 [Homo sapiens]	TRUE	TENT2
XP_009493312.1	NP_001375038.1	0	N/A	23.967	242	30	2.88e-05	50.1	poly(A) RNA polymerase GLD2 isoform 1 [Homo sapiens]	TRUE	TENT2
XP_009493312.1	NP_001375037.1	0	N/A	23.967	242	30	2.88e-05	50.1	poly(A) RNA polymerase GLD2 isoform 1 [Homo sapiens]	TRUE	TENT2
XP_009493312.1	NP_001375036.1	0	N/A	23.967	242	30	2.88e-05	50.1	poly(A) RNA polymerase GLD2 isoform 1 [Homo sapiens]	TRUE	TENT2
XP_009493312.1	NP_001375035.1	0	N/A	23.967	242	30	2.88e-05	50.1	poly(A) RNA polymerase GLD2 isoform 1 [Homo sapiens]	TRUE	TENT2
XP_009493312.1	NP_001375034.1	0	N/A	23.967	242	30	2.88e-05	50.1	poly(A) RNA polymerase GLD2 isoform 1 [Homo sapiens]	TRUE	TENT2
XP_009493312.1	NP_001375032.1	0	N/A	23.967	242	30	2.88e-05	50.1	poly(A) RNA polymerase GLD2 isoform 1 [Homo sapiens]	TRUE	TENT2
XP_009493312.1	NP_001375031.1	0	N/A	23.967	242	30	2.88e-05	50.1	poly(A) RNA polymerase GLD2 isoform 1 [Homo sapiens]	TRUE	TENT2
XP_009493312.1	NP_001336482.1	0	N/A	23.967	242	30	2.88e-05	50.1	poly(A) RNA polymerase GLD2 isoform 1 [Homo sapiens]	TRUE	TENT2
XP_009493312.1	NP_001336481.1	0	N/A	23.967	242	30	2.88e-05	50.1	poly(A) RNA polymerase GLD2 isoform 1 [Homo sapiens]	TRUE	TENT2
XP_009493312.1	NP_001107866.1	0	N/A	23.967	242	30	2.88e-05	50.1	poly(A) RNA polymerase GLD2 isoform 1 [Homo sapiens]	TRUE	TENT2
XP_009493312.1	NP_001107865.1	0	N/A	23.967	242	30	2.88e-05	50.1	poly(A) RNA polymerase GLD2 isoform 1 [Homo sapiens]	TRUE	TENT2
XP_009493312.1	NP_001375059.1	0	N/A	28.571	84	11	2.93e-05	50.1	poly(A) RNA polymerase GLD2 isoform 10 [Homo sapiens]	TRUE	TENT2
XP_009493312.1	NP_001375042.1	0	N/A	23.967	242	30	2.97e-05	50.1	poly(A) RNA polymerase GLD2 isoform 16 [Homo sapiens]	TRUE	TENT2
XP_009493312.1	XP_047272811.1	0	N/A	28.571	84	11	3.04e-05	50.1	poly(A) RNA polymerase GLD2 isoform X4 [Homo sapiens]	TRUE	TENT2
XP_009493312.1	XP_047272810.1	0	N/A	28.571	84	11	3.04e-05	50.1	poly(A) RNA polymerase GLD2 isoform X4 [Homo sapiens]	TRUE	TENT2
XP_009493312.1	XP_047272809.1	0	N/A	28.571	84	11	3.04e-05	50.1	poly(A) RNA polymerase GLD2 isoform X4 [Homo sapiens]	TRUE	TENT2
XP_009493312.1	NP_001375058.1	0	N/A	28.571	84	11	3.04e-05	50.1	poly(A) RNA polymerase GLD2 isoform 2 [Homo sapiens]	TRUE	TENT2
XP_009493312.1	NP_001375057.1	0	N/A	28.571	84	11	3.04e-05	50.1	poly(A) RNA polymerase GLD2 isoform 2 [Homo sapiens]	TRUE	TENT2
XP_009493312.1	NP_001375056.1	0	N/A	28.571	84	11	3.04e-05	50.1	poly(A) RNA polymerase GLD2 isoform 2 [Homo sapiens]	TRUE	TENT2
XP_009493312.1	NP_001375055.1	0	N/A	28.571	84	11	3.04e-05	50.1	poly(A) RNA polymerase GLD2 isoform 2 [Homo sapiens]	TRUE	TENT2
XP_009493312.1	NP_001375054.1	0	N/A	28.571	84	11	3.04e-05	50.1	poly(A) RNA polymerase GLD2 isoform 2 [Homo sapiens]	TRUE	TENT2
XP_009493312.1	NP_001375053.1	0	N/A	28.571	84	11	3.04e-05	50.1	poly(A) RNA polymerase GLD2 isoform 2 [Homo sapiens]	TRUE	TENT2
XP_009493312.1	NP_001375052.1	0	N/A	28.571	84	11	3.04e-05	50.1	poly(A) RNA polymerase GLD2 isoform 2 [Homo sapiens]	TRUE	TENT2
XP_009493312.1	NP_001375051.1	0	N/A	28.571	84	11	3.04e-05	50.1	poly(A) RNA polymerase GLD2 isoform 2 [Homo sapiens]	TRUE	TENT2
XP_009493312.1	NP_001375050.1	0	N/A	28.571	84	11	3.04e-05	50.1	poly(A) RNA polymerase GLD2 isoform 2 [Homo sapiens]	TRUE	TENT2
XP_009493312.1	NP_001375049.1	0	N/A	28.571	84	11	3.04e-05	50.1	poly(A) RNA polymerase GLD2 isoform 2 [Homo sapiens]	TRUE	TENT2
XP_009493312.1	NP_001375048.1	0	N/A	28.571	84	11	3.04e-05	50.1	poly(A) RNA polymerase GLD2 isoform 2 [Homo sapiens]	TRUE	TENT2
XP_009493312.1	NP_001375047.1	0	N/A	28.571	84	11	3.04e-05	50.1	poly(A) RNA polymerase GLD2 isoform 2 [Homo sapiens]	TRUE	TENT2
XP_009493312.1	NP_001375046.1	0	N/A	28.571	84	11	3.04e-05	50.1	poly(A) RNA polymerase GLD2 isoform 2 [Homo sapiens]	TRUE	TENT2
XP_009493312.1	NP_001375045.1	0	N/A	28.571	84	11	3.04e-05	50.1	poly(A) RNA polymerase GLD2 isoform 2 [Homo sapiens]	TRUE	TENT2
XP_009493312.1	NP_001375044.1	0	N/A	28.571	84	11	3.04e-05	50.1	poly(A) RNA polymerase GLD2 isoform 2 [Homo sapiens]	TRUE	TENT2
XP_009493312.1	NP_001375043.1	0	N/A	28.571	84	11	3.04e-05	50.1	poly(A) RNA polymerase GLD2 isoform 2 [Homo sapiens]	TRUE	TENT2
XP_009493312.1	NP_001336483.1	0	N/A	28.571	84	11	3.04e-05	50.1	poly(A) RNA polymerase GLD2 isoform 2 [Homo sapiens]	TRUE	TENT2
XP_009493312.1	NP_001284673.1	0	N/A	28.571	84	11	3.04e-05	50.1	poly(A) RNA polymerase GLD2 isoform 2 [Homo sapiens]	TRUE	TENT2
XP_009493312.1	NP_001336477.1	0	N/A	28.571	84	11	3.22e-05	48.9	poly(A) RNA polymerase GLD2 isoform 4 [Homo sapiens]	TRUE	TENT2
XP_009493312.1	NP_001375030.1	0	N/A	28.571	84	11	3.3e-05	50.1	poly(A) RNA polymerase GLD2 isoform 9 [Homo sapiens]	TRUE	TENT2
XP_009493312.1	NP_001375065.1	0	N/A	28.571	84	11	3.33e-05	49.7	poly(A) RNA polymerase GLD2 isoform 14 [Homo sapiens]	TRUE	TENT2
XP_009493312.1	NP_001375029.1	0	N/A	28.571	84	11	3.46e-05	49.7	poly(A) RNA polymerase GLD2 isoform 8 [Homo sapiens]	TRUE	TENT2
XP_009493312.1	NP_001375028.1	0	N/A	28.571	84	11	3.46e-05	49.7	poly(A) RNA polymerase GLD2 isoform 8 [Homo sapiens]	TRUE	TENT2
XP_009493312.1	XP_047272817.1	0	N/A	23.305	236	29	4.17e-05	49.3	poly(A) RNA polymerase GLD2 isoform X9 [Homo sapiens]	TRUE	TENT2
XP_009493312.1	NP_001165276.2	0	N/A	24.537	216	27	4.46e-05	49.7	terminal nucleotidyltransferase 4A isoform 2 [Homo sapiens]	TRUE	TENT4A
XP_009493312.1	NP_008930.2	0	N/A	24.537	216	27	4.58e-05	49.7	terminal nucleotidyltransferase 4A isoform 1 [Homo sapiens]	TRUE	TENT4A
XP_009493312.1	XP_047272622.1	0	N/A	24.537	216	27	5.2e-05	49.3	terminal nucleotidyltransferase 4A isoform X1 [Homo sapiens]	TRUE	TENT4A
XP_009493312.1	XP_047272621.1	0	N/A	24.537	216	27	5.2e-05	49.3	terminal nucleotidyltransferase 4A isoform X1 [Homo sapiens]	TRUE	TENT4A
XP_009493312.1	XP_047272620.1	0	N/A	24.537	216	27	5.2e-05	49.3	terminal nucleotidyltransferase 4A isoform X1 [Homo sapiens]	TRUE	TENT4A
XP_009493312.1	XP_047272623.1	0	N/A	24.537	216	27	5.43e-05	49.3	terminal nucleotidyltransferase 4A isoform X2 [Homo sapiens]	TRUE	TENT4A
XP_009493312.1	XP_016864477.1	0	N/A	24.537	216	27	5.43e-05	49.3	terminal nucleotidyltransferase 4A isoform X2 [Homo sapiens]	TRUE	TENT4A
XP_009493312.1	XP_047272624.1	0	N/A	24.537	216	27	5.56e-05	49.3	terminal nucleotidyltransferase 4A isoform X3 [Homo sapiens]	TRUE	TENT4A
XP_009493312.1	XP_047272818.1	0	N/A	30.263	76	10	6.62e-05	48.5	poly(A) RNA polymerase GLD2 isoform X10 [Homo sapiens]	TRUE	TENT2
XP_009493312.1	NP_001375066.1	0	N/A	30.435	69	9	0.001	44.3	poly(A) RNA polymerase GLD2 isoform 15 [Homo sapiens]	TRUE	TENT2
XP_009493312.1	NP_073741.3	0	N/A	31.818	110	14	0.002	44.3	speckle targeted PIP5K1A-regulated poly(A) polymerase isoform 1 [Homo sapiens]	TRUE	Tut1
XP_009493312.1	NP_001317647.1	0	N/A	27.273	77	10	0.003	43.9	terminal uridylyltransferase 7 isoform 3 [Homo sapiens]	TRUE	Tut7
XP_009493312.1	XP_011517317.1	0	N/A	27.273	77	10	0.003	44.3	terminal uridylyltransferase 7 isoform X3 [Homo sapiens]	TRUE	Tut7
XP_009493312.1	XP_011517316.1	0	N/A	27.273	77	10	0.003	43.9	terminal uridylyltransferase 7 isoform X1 [Homo sapiens]	TRUE	Tut7
XP_009493312.1	XP_011517315.1	0	N/A	27.273	77	10	0.003	43.9	terminal uridylyltransferase 7 isoform X1 [Homo sapiens]	TRUE	Tut7
XP_009493312.1	XP_011517314.1	0	N/A	27.273	77	10	0.003	43.9	terminal uridylyltransferase 7 isoform X1 [Homo sapiens]	TRUE	Tut7
XP_009493312.1	XP_011517313.1	0	N/A	27.273	77	10	0.003	43.9	terminal uridylyltransferase 7 isoform X1 [Homo sapiens]	TRUE	Tut7
XP_009493312.1	XP_047279823.1	0	N/A	27.273	77	10	0.003	43.9	terminal uridylyltransferase 7 isoform X2 [Homo sapiens]	TRUE	Tut7
XP_009493312.1	XP_006717346.1	0	N/A	27.273	77	10	0.003	43.9	terminal uridylyltransferase 7 isoform X2 [Homo sapiens]	TRUE	Tut7
XP_009493312.1	XP_005252265.1	0	N/A	27.273	77	10	0.003	43.9	terminal uridylyltransferase 7 isoform X7 [Homo sapiens]	TRUE	Tut7
XP_009493312.1	XP_011517318.1	0	N/A	27.273	77	10	0.003	43.9	terminal uridylyltransferase 7 isoform X5 [Homo sapiens]	TRUE	Tut7
XP_009493312.1	XP_047279825.1	0	N/A	27.273	77	10	0.003	43.9	terminal uridylyltransferase 7 isoform X6 [Homo sapiens]	TRUE	Tut7
XP_009493312.1	XP_047279824.1	0	N/A	27.273	77	10	0.003	43.9	terminal uridylyltransferase 7 isoform X6 [Homo sapiens]	TRUE	Tut7
XP_009493312.1	XP_005252264.1	0	N/A	27.273	77	10	0.003	43.9	terminal uridylyltransferase 7 isoform X6 [Homo sapiens]	TRUE	Tut7
XP_009493312.1	XP_016870620.1	0	N/A	27.273	77	10	0.003	43.9	terminal uridylyltransferase 7 isoform X4 [Homo sapiens]	TRUE	Tut7
XP_009493312.1	XP_016870619.1	0	N/A	27.273	77	10	0.003	43.9	terminal uridylyltransferase 7 isoform X4 [Homo sapiens]	TRUE	Tut7
XP_009493312.1	NP_078893.2	0	N/A	27.273	77	10	0.003	43.9	terminal uridylyltransferase 7 isoform 1 [Homo sapiens]	TRUE	Tut7
XP_009493312.1	NP_001171988.1	0	N/A	27.273	77	10	0.003	43.9	terminal uridylyltransferase 7 isoform 1 [Homo sapiens]	TRUE	Tut7
XP_009493312.1	NP_001172003.1	0	N/A	27.273	77	10	0.004	43.5	terminal uridylyltransferase 7 isoform 2 [Homo sapiens]	TRUE	Tut7
XP_009494820.1	NP_001361604.1	0	N/A	51.471	68	6	1.63e-15	83.2	heat shock factor protein 4 isoform b [Homo sapiens]	FALSE	NA
XP_009494820.1	NP_001035757.1	0	N/A	51.471	68	6	1.63e-15	83.2	heat shock factor protein 4 isoform b [Homo sapiens]	FALSE	NA
XP_009494820.1	NP_001529.2	0	N/A	51.471	68	6	1.74e-15	83.2	heat shock factor protein 4 isoform a [Homo sapiens]	FALSE	NA
XP_009494820.1	NP_001361603.1	0	N/A	51.471	68	6	1.74e-15	83.2	heat shock factor protein 4 isoform a [Homo sapiens]	FALSE	NA
XP_009494820.1	NP_001230023.1	0	N/A	35.644	101	9	1.28e-12	71.2	heat shock factor protein 2 isoform c [Homo sapiens]	FALSE	NA
XP_009494820.1	NP_001129036.1	0	N/A	44.118	68	6	3.73e-12	72.8	heat shock factor protein 2 isoform b [Homo sapiens]	FALSE	NA
XP_009494820.1	NP_004497.1	0	N/A	44.118	68	6	4.53e-12	72.8	heat shock factor protein 2 isoform a [Homo sapiens]	FALSE	NA
XP_009494820.1	XP_054188169.1	0	N/A	45.312	64	6	1.6e-11	70.9	heat shock factor protein 1 isoform X2 [Homo sapiens]	FALSE	NA
XP_009494820.1	XP_005272373.1	0	N/A	45.312	64	6	1.6e-11	70.9	heat shock factor protein 1 isoform X2 [Homo sapiens]	FALSE	NA
XP_009494820.1	XP_054188170.1	0	N/A	45.312	64	6	1.89e-11	70.5	heat shock factor protein 1 isoform X3 [Homo sapiens]	FALSE	NA
XP_009494820.1	XP_016868866.1	0	N/A	45.312	64	6	1.89e-11	70.5	heat shock factor protein 1 isoform X3 [Homo sapiens]	FALSE	NA
XP_009494820.1	XP_054188168.1	0	N/A	45.312	64	6	2.11e-11	70.5	heat shock factor protein 1 isoform X1 [Homo sapiens]	FALSE	NA
XP_009494820.1	XP_005272372.1	0	N/A	45.312	64	6	2.11e-11	70.5	heat shock factor protein 1 isoform X1 [Homo sapiens]	FALSE	NA
XP_009494820.1	XP_054188174.1	0	N/A	42.647	68	6	2.27e-11	68.9	heat shock factor protein 1 isoform X5 [Homo sapiens]	FALSE	NA
XP_009494820.1	XP_054188173.1	0	N/A	42.647	68	6	2.27e-11	68.9	heat shock factor protein 1 isoform X5 [Homo sapiens]	FALSE	NA
XP_009494820.1	XP_047277698.1	0	N/A	42.647	68	6	2.27e-11	68.9	heat shock factor protein 1 isoform X5 [Homo sapiens]	FALSE	NA
XP_009494820.1	XP_005272374.1	0	N/A	42.647	68	6	2.27e-11	68.9	heat shock factor protein 1 isoform X5 [Homo sapiens]	FALSE	NA
XP_009494820.1	NP_005517.1	0	N/A	45.312	64	6	2.41e-11	70.1	heat shock factor protein 1 [Homo sapiens]	FALSE	NA
XP_009494820.1	XP_054188175.1	0	N/A	45.312	64	6	4.24e-11	67.8	heat shock factor protein 1 isoform X6 [Homo sapiens]	FALSE	NA
XP_009494820.1	XP_047277699.1	0	N/A	45.312	64	6	4.24e-11	67.8	heat shock factor protein 1 isoform X6 [Homo sapiens]	FALSE	NA
XP_009494941.1	XP_011521580.1	0	N/A	38.109	349	34	9.83e-64	227	terminal nucleotidyltransferase 4B isoform X5 [Homo sapiens]	TRUE	TENT4B
XP_009494941.1	XP_047290433.1	0	N/A	38.507	335	32	1.1e-63	226	terminal nucleotidyltransferase 4B isoform X6 [Homo sapiens]	TRUE	TENT4B
XP_009494941.1	NP_001165276.2	0	N/A	39.506	324	31	1.29e-63	233	terminal nucleotidyltransferase 4A isoform 2 [Homo sapiens]	TRUE	TENT4A
XP_009494941.1	NP_008930.2	0	N/A	39.506	324	31	1.39e-63	233	terminal nucleotidyltransferase 4A isoform 1 [Homo sapiens]	TRUE	TENT4A
XP_009494941.1	NP_001035374.2	0	N/A	37.815	357	34	1.1e-62	228	terminal nucleotidyltransferase 4B isoform a [Homo sapiens]	TRUE	TENT4B
XP_009494941.1	XP_011521577.1	0	N/A	37.815	357	34	1.12e-62	228	terminal nucleotidyltransferase 4B isoform X1 [Homo sapiens]	TRUE	TENT4B
XP_009494941.1	NP_001035375.2	0	N/A	37.971	345	33	1.25e-62	227	terminal nucleotidyltransferase 4B isoform b [Homo sapiens]	TRUE	TENT4B
XP_009494941.1	XP_011521578.1	0	N/A	37.971	345	33	1.27e-62	227	terminal nucleotidyltransferase 4B isoform X2 [Homo sapiens]	TRUE	TENT4B
XP_009494941.1	NP_001352252.1	0	N/A	37.815	357	34	2.38e-62	228	terminal nucleotidyltransferase 4B isoform c [Homo sapiens]	TRUE	TENT4B
XP_009494941.1	NP_001352253.1	0	N/A	37.815	357	34	3.49e-62	227	terminal nucleotidyltransferase 4B isoform d [Homo sapiens]	TRUE	TENT4B
XP_009494941.1	XP_047290432.1	0	N/A	38.192	343	33	3.65e-62	226	terminal nucleotidyltransferase 4B isoform X4 [Homo sapiens]	TRUE	TENT4B
XP_009494941.1	XP_047290431.1	0	N/A	37.971	345	33	4.55e-62	226	terminal nucleotidyltransferase 4B isoform X3 [Homo sapiens]	TRUE	TENT4B
XP_009494941.1	XP_047272622.1	0	N/A	38.361	305	29	7.16e-58	211	terminal nucleotidyltransferase 4A isoform X1 [Homo sapiens]	TRUE	TENT4A
XP_009494941.1	XP_047272621.1	0	N/A	38.361	305	29	7.16e-58	211	terminal nucleotidyltransferase 4A isoform X1 [Homo sapiens]	TRUE	TENT4A
XP_009494941.1	XP_047272620.1	0	N/A	38.361	305	29	7.16e-58	211	terminal nucleotidyltransferase 4A isoform X1 [Homo sapiens]	TRUE	TENT4A
XP_009494941.1	XP_047272624.1	0	N/A	38.176	296	28	3.36e-55	203	terminal nucleotidyltransferase 4A isoform X3 [Homo sapiens]	TRUE	TENT4A
XP_009494941.1	XP_047272623.1	0	N/A	38.176	296	28	3.49e-55	203	terminal nucleotidyltransferase 4A isoform X2 [Homo sapiens]	TRUE	TENT4A
XP_009494941.1	XP_016864477.1	0	N/A	38.176	296	28	3.49e-55	203	terminal nucleotidyltransferase 4A isoform X2 [Homo sapiens]	TRUE	TENT4A
XP_009494941.1	XP_047272808.1	0	N/A	25.617	324	28	7.7e-15	80.9	poly(A) RNA polymerase GLD2 isoform X3 [Homo sapiens]	TRUE	TENT2
XP_009494941.1	XP_047272807.1	0	N/A	25.617	324	28	7.7e-15	80.9	poly(A) RNA polymerase GLD2 isoform X3 [Homo sapiens]	TRUE	TENT2
XP_009494941.1	XP_047272806.1	0	N/A	25.617	324	28	7.7e-15	80.9	poly(A) RNA polymerase GLD2 isoform X3 [Homo sapiens]	TRUE	TENT2
XP_009494941.1	NP_776158.2	0	N/A	25.617	324	28	7.7e-15	80.9	poly(A) RNA polymerase GLD2 isoform 1 [Homo sapiens]	TRUE	TENT2
XP_009494941.1	NP_001375041.1	0	N/A	25.617	324	28	7.7e-15	80.9	poly(A) RNA polymerase GLD2 isoform 1 [Homo sapiens]	TRUE	TENT2
XP_009494941.1	NP_001375040.1	0	N/A	25.617	324	28	7.7e-15	80.9	poly(A) RNA polymerase GLD2 isoform 1 [Homo sapiens]	TRUE	TENT2
XP_009494941.1	NP_001375039.1	0	N/A	25.617	324	28	7.7e-15	80.9	poly(A) RNA polymerase GLD2 isoform 1 [Homo sapiens]	TRUE	TENT2
XP_009494941.1	NP_001375038.1	0	N/A	25.617	324	28	7.7e-15	80.9	poly(A) RNA polymerase GLD2 isoform 1 [Homo sapiens]	TRUE	TENT2
XP_009494941.1	NP_001375037.1	0	N/A	25.617	324	28	7.7e-15	80.9	poly(A) RNA polymerase GLD2 isoform 1 [Homo sapiens]	TRUE	TENT2
XP_009494941.1	NP_001375036.1	0	N/A	25.617	324	28	7.7e-15	80.9	poly(A) RNA polymerase GLD2 isoform 1 [Homo sapiens]	TRUE	TENT2
XP_009494941.1	NP_001375035.1	0	N/A	25.617	324	28	7.7e-15	80.9	poly(A) RNA polymerase GLD2 isoform 1 [Homo sapiens]	TRUE	TENT2
XP_009494941.1	NP_001375034.1	0	N/A	25.617	324	28	7.7e-15	80.9	poly(A) RNA polymerase GLD2 isoform 1 [Homo sapiens]	TRUE	TENT2
XP_009494941.1	NP_001375032.1	0	N/A	25.617	324	28	7.7e-15	80.9	poly(A) RNA polymerase GLD2 isoform 1 [Homo sapiens]	TRUE	TENT2
XP_009494941.1	NP_001375031.1	0	N/A	25.617	324	28	7.7e-15	80.9	poly(A) RNA polymerase GLD2 isoform 1 [Homo sapiens]	TRUE	TENT2
XP_009494941.1	NP_001336482.1	0	N/A	25.617	324	28	7.7e-15	80.9	poly(A) RNA polymerase GLD2 isoform 1 [Homo sapiens]	TRUE	TENT2
XP_009494941.1	NP_001336481.1	0	N/A	25.617	324	28	7.7e-15	80.9	poly(A) RNA polymerase GLD2 isoform 1 [Homo sapiens]	TRUE	TENT2
XP_009494941.1	NP_001107866.1	0	N/A	25.617	324	28	7.7e-15	80.9	poly(A) RNA polymerase GLD2 isoform 1 [Homo sapiens]	TRUE	TENT2
XP_009494941.1	NP_001107865.1	0	N/A	25.617	324	28	7.7e-15	80.9	poly(A) RNA polymerase GLD2 isoform 1 [Homo sapiens]	TRUE	TENT2
XP_009494941.1	NP_001375042.1	0	N/A	25.617	324	28	8.15e-15	80.9	poly(A) RNA polymerase GLD2 isoform 16 [Homo sapiens]	TRUE	TENT2
XP_009494941.1	NP_001375060.1	0	N/A	25.617	324	28	9.13e-15	80.5	poly(A) RNA polymerase GLD2 isoform 11 [Homo sapiens]	TRUE	TENT2
XP_009494941.1	XP_047272811.1	0	N/A	25.938	320	28	1e-14	80.5	poly(A) RNA polymerase GLD2 isoform X4 [Homo sapiens]	TRUE	TENT2
XP_009494941.1	XP_047272810.1	0	N/A	25.938	320	28	1e-14	80.5	poly(A) RNA polymerase GLD2 isoform X4 [Homo sapiens]	TRUE	TENT2
XP_009494941.1	XP_047272809.1	0	N/A	25.938	320	28	1e-14	80.5	poly(A) RNA polymerase GLD2 isoform X4 [Homo sapiens]	TRUE	TENT2
XP_009494941.1	NP_001375058.1	0	N/A	25.938	320	28	1e-14	80.5	poly(A) RNA polymerase GLD2 isoform 2 [Homo sapiens]	TRUE	TENT2
XP_009494941.1	NP_001375057.1	0	N/A	25.938	320	28	1e-14	80.5	poly(A) RNA polymerase GLD2 isoform 2 [Homo sapiens]	TRUE	TENT2
XP_009494941.1	NP_001375056.1	0	N/A	25.938	320	28	1e-14	80.5	poly(A) RNA polymerase GLD2 isoform 2 [Homo sapiens]	TRUE	TENT2
XP_009494941.1	NP_001375055.1	0	N/A	25.938	320	28	1e-14	80.5	poly(A) RNA polymerase GLD2 isoform 2 [Homo sapiens]	TRUE	TENT2
XP_009494941.1	NP_001375054.1	0	N/A	25.938	320	28	1e-14	80.5	poly(A) RNA polymerase GLD2 isoform 2 [Homo sapiens]	TRUE	TENT2
XP_009494941.1	NP_001375053.1	0	N/A	25.938	320	28	1e-14	80.5	poly(A) RNA polymerase GLD2 isoform 2 [Homo sapiens]	TRUE	TENT2
XP_009494941.1	NP_001375052.1	0	N/A	25.938	320	28	1e-14	80.5	poly(A) RNA polymerase GLD2 isoform 2 [Homo sapiens]	TRUE	TENT2
XP_009494941.1	NP_001375051.1	0	N/A	25.938	320	28	1e-14	80.5	poly(A) RNA polymerase GLD2 isoform 2 [Homo sapiens]	TRUE	TENT2
XP_009494941.1	NP_001375050.1	0	N/A	25.938	320	28	1e-14	80.5	poly(A) RNA polymerase GLD2 isoform 2 [Homo sapiens]	TRUE	TENT2
XP_009494941.1	NP_001375049.1	0	N/A	25.938	320	28	1e-14	80.5	poly(A) RNA polymerase GLD2 isoform 2 [Homo sapiens]	TRUE	TENT2
XP_009494941.1	NP_001375048.1	0	N/A	25.938	320	28	1e-14	80.5	poly(A) RNA polymerase GLD2 isoform 2 [Homo sapiens]	TRUE	TENT2
XP_009494941.1	NP_001375047.1	0	N/A	25.938	320	28	1e-14	80.5	poly(A) RNA polymerase GLD2 isoform 2 [Homo sapiens]	TRUE	TENT2
XP_009494941.1	NP_001375046.1	0	N/A	25.938	320	28	1e-14	80.5	poly(A) RNA polymerase GLD2 isoform 2 [Homo sapiens]	TRUE	TENT2
XP_009494941.1	NP_001375045.1	0	N/A	25.938	320	28	1e-14	80.5	poly(A) RNA polymerase GLD2 isoform 2 [Homo sapiens]	TRUE	TENT2
XP_009494941.1	NP_001375044.1	0	N/A	25.938	320	28	1e-14	80.5	poly(A) RNA polymerase GLD2 isoform 2 [Homo sapiens]	TRUE	TENT2
XP_009494941.1	NP_001375043.1	0	N/A	25.938	320	28	1e-14	80.5	poly(A) RNA polymerase GLD2 isoform 2 [Homo sapiens]	TRUE	TENT2
XP_009494941.1	NP_001336483.1	0	N/A	25.938	320	28	1e-14	80.5	poly(A) RNA polymerase GLD2 isoform 2 [Homo sapiens]	TRUE	TENT2
XP_009494941.1	NP_001284673.1	0	N/A	25.938	320	28	1e-14	80.5	poly(A) RNA polymerase GLD2 isoform 2 [Homo sapiens]	TRUE	TENT2
XP_009494941.1	NP_001375059.1	0	N/A	25.938	320	28	1.07e-14	80.5	poly(A) RNA polymerase GLD2 isoform 10 [Homo sapiens]	TRUE	TENT2
XP_009494941.1	NP_001375061.1	0	N/A	25.938	320	28	1.12e-14	80.1	poly(A) RNA polymerase GLD2 isoform 12 [Homo sapiens]	TRUE	TENT2
XP_009494941.1	NP_001375065.1	0	N/A	25.938	320	28	2.82e-14	78.2	poly(A) RNA polymerase GLD2 isoform 14 [Homo sapiens]	TRUE	TENT2
XP_009494941.1	XP_047272805.1	0	N/A	28.319	226	19	8.75e-14	77.8	poly(A) RNA polymerase GLD2 isoform X2 [Homo sapiens]	TRUE	TENT2
XP_009494941.1	XP_047272804.1	0	N/A	28.319	226	19	8.75e-14	77.8	poly(A) RNA polymerase GLD2 isoform X2 [Homo sapiens]	TRUE	TENT2
XP_009494941.1	XP_047272803.1	0	N/A	28.319	226	19	8.75e-14	77.8	poly(A) RNA polymerase GLD2 isoform X2 [Homo sapiens]	TRUE	TENT2
XP_009494941.1	XP_047272802.1	0	N/A	28.319	226	19	8.75e-14	77.8	poly(A) RNA polymerase GLD2 isoform X2 [Homo sapiens]	TRUE	TENT2
XP_009494941.1	XP_016864641.1	0	N/A	28.319	226	19	8.75e-14	77.8	poly(A) RNA polymerase GLD2 isoform X2 [Homo sapiens]	TRUE	TENT2
XP_009494941.1	NP_001375026.1	0	N/A	28.319	226	19	8.75e-14	77.8	poly(A) RNA polymerase GLD2 isoform 6 [Homo sapiens]	TRUE	TENT2
XP_009494941.1	NP_001375025.1	0	N/A	28.319	226	19	8.75e-14	77.8	poly(A) RNA polymerase GLD2 isoform 6 [Homo sapiens]	TRUE	TENT2
XP_009494941.1	NP_001375024.1	0	N/A	28.319	226	19	8.75e-14	77.8	poly(A) RNA polymerase GLD2 isoform 6 [Homo sapiens]	TRUE	TENT2
XP_009494941.1	NP_001336480.1	0	N/A	28.319	226	19	8.75e-14	77.8	poly(A) RNA polymerase GLD2 isoform 6 [Homo sapiens]	TRUE	TENT2
XP_009494941.1	NP_001375027.1	0	N/A	28.319	226	19	9.27e-14	77.8	poly(A) RNA polymerase GLD2 isoform 7 [Homo sapiens]	TRUE	TENT2
XP_009494941.1	XP_047272801.1	0	N/A	28.319	226	19	1.07e-13	77.4	poly(A) RNA polymerase GLD2 isoform X1 [Homo sapiens]	TRUE	TENT2
XP_009494941.1	XP_047272800.1	0	N/A	28.319	226	19	1.07e-13	77.4	poly(A) RNA polymerase GLD2 isoform X1 [Homo sapiens]	TRUE	TENT2
XP_009494941.1	XP_011541527.1	0	N/A	28.319	226	19	1.07e-13	77.4	poly(A) RNA polymerase GLD2 isoform X1 [Homo sapiens]	TRUE	TENT2
XP_009494941.1	XP_011541526.1	0	N/A	28.319	226	19	1.07e-13	77.4	poly(A) RNA polymerase GLD2 isoform X1 [Homo sapiens]	TRUE	TENT2
XP_009494941.1	XP_011541523.1	0	N/A	28.319	226	19	1.07e-13	77.4	poly(A) RNA polymerase GLD2 isoform X1 [Homo sapiens]	TRUE	TENT2
XP_009494941.1	XP_011541522.1	0	N/A	28.319	226	19	1.07e-13	77.4	poly(A) RNA polymerase GLD2 isoform X1 [Homo sapiens]	TRUE	TENT2
XP_009494941.1	NP_001375023.1	0	N/A	28.319	226	19	1.07e-13	77.4	poly(A) RNA polymerase GLD2 isoform 5 [Homo sapiens]	TRUE	TENT2
XP_009494941.1	NP_001375022.1	0	N/A	28.319	226	19	1.07e-13	77.4	poly(A) RNA polymerase GLD2 isoform 5 [Homo sapiens]	TRUE	TENT2
XP_009494941.1	NP_001336479.1	0	N/A	28.319	226	19	1.07e-13	77.4	poly(A) RNA polymerase GLD2 isoform 5 [Homo sapiens]	TRUE	TENT2
XP_009494941.1	NP_001336478.1	0	N/A	28.319	226	19	1.07e-13	77.4	poly(A) RNA polymerase GLD2 isoform 5 [Homo sapiens]	TRUE	TENT2
XP_009494941.1	XP_047272367.1	0	N/A	23.962	313	29	1.93e-13	77.8	terminal uridylyltransferase 4 isoform X39 [Homo sapiens]	TRUE	Tut4
XP_009494941.1	XP_047272350.1	0	N/A	23.962	313	29	1.94e-13	77.8	terminal uridylyltransferase 4 isoform X34 [Homo sapiens]	TRUE	Tut4
XP_009494941.1	XP_047272354.1	0	N/A	23.962	313	29	2.03e-13	77.8	terminal uridylyltransferase 4 isoform X35 [Homo sapiens]	TRUE	Tut4
XP_009494941.1	XP_047272362.1	0	N/A	23.962	313	29	2.05e-13	77.8	terminal uridylyltransferase 4 isoform X37 [Homo sapiens]	TRUE	Tut4
XP_009494941.1	XP_016856296.1	0	N/A	23.962	313	29	2.44e-13	77.4	terminal uridylyltransferase 4 isoform X28 [Homo sapiens]	TRUE	Tut4
XP_009494941.1	XP_047272337.1	0	N/A	23.962	313	29	2.49e-13	77.4	terminal uridylyltransferase 4 isoform X27 [Homo sapiens]	TRUE	Tut4
XP_009494941.1	NP_001375029.1	0	N/A	25.982	331	28	2.79e-13	76.3	poly(A) RNA polymerase GLD2 isoform 8 [Homo sapiens]	TRUE	TENT2
XP_009494941.1	NP_001375028.1	0	N/A	25.982	331	28	2.79e-13	76.3	poly(A) RNA polymerase GLD2 isoform 8 [Homo sapiens]	TRUE	TENT2
XP_009494941.1	XP_016856295.1	0	N/A	23.962	313	29	2.85e-13	77.4	terminal uridylyltransferase 4 isoform X25 [Homo sapiens]	TRUE	Tut4
XP_009494941.1	XP_047272348.1	0	N/A	23.962	313	29	3.01e-13	77	terminal uridylyltransferase 4 isoform X32 [Homo sapiens]	TRUE	Tut4
XP_009494941.1	XP_047272325.1	0	N/A	23.962	313	29	3.16e-13	77	terminal uridylyltransferase 4 isoform X23 [Homo sapiens]	TRUE	Tut4
XP_009494941.1	XP_047272344.1	0	N/A	23.962	313	29	3.22e-13	77	terminal uridylyltransferase 4 isoform X30 [Homo sapiens]	TRUE	Tut4
XP_009494941.1	NP_001375030.1	0	N/A	26.3	327	28	3.83e-13	75.9	poly(A) RNA polymerase GLD2 isoform 9 [Homo sapiens]	TRUE	TENT2
XP_009494941.1	XP_047272820.1	0	N/A	28.44	218	19	4.52e-13	72.8	poly(A) RNA polymerase GLD2 isoform X11 [Homo sapiens]	TRUE	TENT2
XP_009494941.1	NP_001336477.1	0	N/A	29.231	195	16	5.3e-12	69.7	poly(A) RNA polymerase GLD2 isoform 4 [Homo sapiens]	TRUE	TENT2
XP_009494941.1	XP_047272818.1	0	N/A	26.577	222	21	2.94e-11	68.9	poly(A) RNA polymerase GLD2 isoform X10 [Homo sapiens]	TRUE	TENT2
XP_009494941.1	NP_001317647.1	0	N/A	24.084	191	18	1.12e-10	68.6	terminal uridylyltransferase 7 isoform 3 [Homo sapiens]	TRUE	Tut7
XP_009494941.1	XP_047279825.1	0	N/A	24.084	191	18	1.27e-10	68.6	terminal uridylyltransferase 7 isoform X6 [Homo sapiens]	TRUE	Tut7
XP_009496625.1	NP_001035375.2	0	N/A	26.054	261	14	4.84e-17	89.7	terminal nucleotidyltransferase 4B isoform b [Homo sapiens]	TRUE	TENT4B
XP_009496625.1	XP_011521578.1	0	N/A	26.054	261	14	4.85e-17	89.7	terminal nucleotidyltransferase 4B isoform X2 [Homo sapiens]	TRUE	TENT4B
XP_009496625.1	NP_001035374.2	0	N/A	26.054	261	14	5.1e-17	89.7	terminal nucleotidyltransferase 4B isoform a [Homo sapiens]	TRUE	TENT4B
XP_009496625.1	XP_011521577.1	0	N/A	26.054	261	14	5.11e-17	89.7	terminal nucleotidyltransferase 4B isoform X1 [Homo sapiens]	TRUE	TENT4B
XP_009496625.1	NP_001352253.1	0	N/A	26.054	261	14	6.65e-17	89.7	terminal nucleotidyltransferase 4B isoform d [Homo sapiens]	TRUE	TENT4B
XP_009496625.1	XP_047290431.1	0	N/A	26.054	261	14	6.76e-17	89.4	terminal nucleotidyltransferase 4B isoform X3 [Homo sapiens]	TRUE	TENT4B
XP_009496625.1	NP_001352252.1	0	N/A	26.792	265	14	8.74e-17	89	terminal nucleotidyltransferase 4B isoform c [Homo sapiens]	TRUE	TENT4B
XP_009496625.1	XP_047290432.1	0	N/A	26.054	261	14	8.82e-17	89	terminal nucleotidyltransferase 4B isoform X4 [Homo sapiens]	TRUE	TENT4B
XP_009496625.1	NP_008930.2	0	N/A	25.333	225	13	1.35e-13	79	terminal nucleotidyltransferase 4A isoform 1 [Homo sapiens]	TRUE	TENT4A
XP_009496625.1	NP_001165276.2	0	N/A	25.333	225	13	1.5e-13	79	terminal nucleotidyltransferase 4A isoform 2 [Homo sapiens]	TRUE	TENT4A
XP_009496625.1	XP_047272622.1	0	N/A	26.54	211	12	4.45e-13	76.6	terminal nucleotidyltransferase 4A isoform X1 [Homo sapiens]	TRUE	TENT4A
XP_009496625.1	XP_047272621.1	0	N/A	26.54	211	12	4.45e-13	76.6	terminal nucleotidyltransferase 4A isoform X1 [Homo sapiens]	TRUE	TENT4A
XP_009496625.1	XP_047272620.1	0	N/A	26.54	211	12	4.45e-13	76.6	terminal nucleotidyltransferase 4A isoform X1 [Homo sapiens]	TRUE	TENT4A
XP_009496625.1	XP_047272623.1	0	N/A	35.632	87	5	8.65e-12	72.4	terminal nucleotidyltransferase 4A isoform X2 [Homo sapiens]	TRUE	TENT4A
XP_009496625.1	XP_016864477.1	0	N/A	35.632	87	5	8.65e-12	72.4	terminal nucleotidyltransferase 4A isoform X2 [Homo sapiens]	TRUE	TENT4A
XP_009496625.1	XP_047272624.1	0	N/A	35.632	87	5	8.7e-12	72.4	terminal nucleotidyltransferase 4A isoform X3 [Homo sapiens]	TRUE	TENT4A
XP_009496625.1	XP_011521580.1	0	N/A	36.275	102	5	1.27e-09	65.5	terminal nucleotidyltransferase 4B isoform X5 [Homo sapiens]	TRUE	TENT4B
XP_009496625.1	XP_047290433.1	0	N/A	36.275	102	5	1.98e-09	64.7	terminal nucleotidyltransferase 4B isoform X6 [Homo sapiens]	TRUE	TENT4B
XP_011270604.1	XP_047290433.1	0	N/A	47.436	312	49	1.26e-96	306	terminal nucleotidyltransferase 4B isoform X6 [Homo sapiens]	TRUE	TENT4B
XP_011270604.1	XP_011521580.1	0	N/A	46.364	330	51	2.04e-96	307	terminal nucleotidyltransferase 4B isoform X5 [Homo sapiens]	TRUE	TENT4B
XP_011270604.1	NP_001035375.2	0	N/A	46.626	326	51	5.55e-96	309	terminal nucleotidyltransferase 4B isoform b [Homo sapiens]	TRUE	TENT4B
XP_011270604.1	XP_011521578.1	0	N/A	46.626	326	51	5.69e-96	309	terminal nucleotidyltransferase 4B isoform X2 [Homo sapiens]	TRUE	TENT4B
XP_011270604.1	NP_001035374.2	0	N/A	45.773	343	54	6.42e-96	310	terminal nucleotidyltransferase 4B isoform a [Homo sapiens]	TRUE	TENT4B
XP_011270604.1	XP_011521577.1	0	N/A	45.773	343	54	6.58e-96	310	terminal nucleotidyltransferase 4B isoform X1 [Homo sapiens]	TRUE	TENT4B
XP_011270604.1	XP_047290432.1	0	N/A	46.626	326	51	1.06e-95	308	terminal nucleotidyltransferase 4B isoform X4 [Homo sapiens]	TRUE	TENT4B
XP_011270604.1	NP_001352252.1	0	N/A	45.773	343	54	1.19e-95	310	terminal nucleotidyltransferase 4B isoform c [Homo sapiens]	TRUE	TENT4B
XP_011270604.1	XP_047290431.1	0	N/A	46.626	326	51	1.56e-95	308	terminal nucleotidyltransferase 4B isoform X3 [Homo sapiens]	TRUE	TENT4B
XP_011270604.1	NP_001352253.1	0	N/A	45.773	343	54	2.23e-95	310	terminal nucleotidyltransferase 4B isoform d [Homo sapiens]	TRUE	TENT4B
XP_011270604.1	NP_008930.2	0	N/A	45.763	354	55	2.19e-90	298	terminal nucleotidyltransferase 4A isoform 1 [Homo sapiens]	TRUE	TENT4A
XP_011270604.1	NP_001165276.2	0	N/A	45.763	354	55	2.53e-90	298	terminal nucleotidyltransferase 4A isoform 2 [Homo sapiens]	TRUE	TENT4A
XP_011270604.1	XP_047272622.1	0	N/A	46.557	305	48	1.51e-85	279	terminal nucleotidyltransferase 4A isoform X1 [Homo sapiens]	TRUE	TENT4A
XP_011270604.1	XP_047272621.1	0	N/A	46.557	305	48	1.51e-85	279	terminal nucleotidyltransferase 4A isoform X1 [Homo sapiens]	TRUE	TENT4A
XP_011270604.1	XP_047272620.1	0	N/A	46.557	305	48	1.51e-85	279	terminal nucleotidyltransferase 4A isoform X1 [Homo sapiens]	TRUE	TENT4A
XP_011270604.1	XP_047272624.1	0	N/A	46.959	296	46	6.57e-84	274	terminal nucleotidyltransferase 4A isoform X3 [Homo sapiens]	TRUE	TENT4A
XP_011270604.1	XP_047272623.1	0	N/A	46.959	296	46	6.81e-84	274	terminal nucleotidyltransferase 4A isoform X2 [Homo sapiens]	TRUE	TENT4A
XP_011270604.1	XP_016864477.1	0	N/A	46.959	296	46	6.81e-84	274	terminal nucleotidyltransferase 4A isoform X2 [Homo sapiens]	TRUE	TENT4A
XP_011270604.1	XP_047279823.1	0	N/A	26.455	189	30	5.5e-09	62	terminal uridylyltransferase 7 isoform X2 [Homo sapiens]	TRUE	Tut7
XP_011270604.1	XP_006717346.1	0	N/A	26.455	189	30	5.5e-09	62	terminal uridylyltransferase 7 isoform X2 [Homo sapiens]	TRUE	Tut7
XP_011270604.1	XP_047279825.1	0	N/A	26.455	189	30	6.76e-09	62	terminal uridylyltransferase 7 isoform X6 [Homo sapiens]	TRUE	Tut7
XP_011270604.1	XP_047279824.1	0	N/A	26.455	189	30	6.76e-09	62	terminal uridylyltransferase 7 isoform X6 [Homo sapiens]	TRUE	Tut7
XP_011270604.1	XP_005252264.1	0	N/A	26.455	189	30	6.76e-09	62	terminal uridylyltransferase 7 isoform X6 [Homo sapiens]	TRUE	Tut7
XP_011270604.1	XP_011517317.1	0	N/A	26.455	189	30	7.05e-09	61.6	terminal uridylyltransferase 7 isoform X3 [Homo sapiens]	TRUE	Tut7
XP_011270604.1	XP_016870620.1	0	N/A	26.455	189	30	7.26e-09	61.6	terminal uridylyltransferase 7 isoform X4 [Homo sapiens]	TRUE	Tut7
XP_011270604.1	XP_016870619.1	0	N/A	26.455	189	30	7.26e-09	61.6	terminal uridylyltransferase 7 isoform X4 [Homo sapiens]	TRUE	Tut7
XP_011270604.1	NP_078893.2	0	N/A	26.455	189	30	7.26e-09	61.6	terminal uridylyltransferase 7 isoform 1 [Homo sapiens]	TRUE	Tut7
XP_011270604.1	NP_001171988.1	0	N/A	26.455	189	30	7.26e-09	61.6	terminal uridylyltransferase 7 isoform 1 [Homo sapiens]	TRUE	Tut7
XP_011270604.1	NP_001317647.1	0	N/A	27.746	173	27	7.64e-09	61.2	terminal uridylyltransferase 7 isoform 3 [Homo sapiens]	TRUE	Tut7
XP_011270604.1	XP_011517316.1	0	N/A	26.455	189	30	8.1e-09	61.6	terminal uridylyltransferase 7 isoform X1 [Homo sapiens]	TRUE	Tut7
XP_011270604.1	XP_011517315.1	0	N/A	26.455	189	30	8.1e-09	61.6	terminal uridylyltransferase 7 isoform X1 [Homo sapiens]	TRUE	Tut7
XP_011270604.1	XP_011517314.1	0	N/A	26.455	189	30	8.1e-09	61.6	terminal uridylyltransferase 7 isoform X1 [Homo sapiens]	TRUE	Tut7
XP_011270604.1	XP_011517313.1	0	N/A	26.455	189	30	8.1e-09	61.6	terminal uridylyltransferase 7 isoform X1 [Homo sapiens]	TRUE	Tut7
XP_011270604.1	XP_011517318.1	0	N/A	26.455	189	30	8.32e-09	61.6	terminal uridylyltransferase 7 isoform X5 [Homo sapiens]	TRUE	Tut7
XP_011270604.1	XP_005252265.1	0	N/A	26.455	189	30	9e-09	61.6	terminal uridylyltransferase 7 isoform X7 [Homo sapiens]	TRUE	Tut7
XP_011270604.1	XP_047272384.1	0	N/A	26.86	242	37	8.81e-08	58.2	terminal uridylyltransferase 4 isoform X46 [Homo sapiens]	TRUE	Tut4
XP_011270604.1	XP_047272280.1	0	N/A	26.86	242	37	1.63e-07	57.4	terminal uridylyltransferase 4 isoform X3 [Homo sapiens]	TRUE	Tut4
XP_011270604.1	XP_005270736.1	0	N/A	26.86	242	37	1.63e-07	57.4	terminal uridylyltransferase 4 isoform X3 [Homo sapiens]	TRUE	Tut4
XP_011270604.1	XP_016856293.1	0	N/A	26.86	242	37	1.75e-07	57.4	terminal uridylyltransferase 4 isoform X16 [Homo sapiens]	TRUE	Tut4
XP_011270604.1	XP_011539399.1	0	N/A	26.86	242	37	1.76e-07	57.4	terminal uridylyltransferase 4 isoform X1 [Homo sapiens]	TRUE	Tut4
XP_011270604.1	XP_005270733.1	0	N/A	26.86	242	37	1.76e-07	57.4	terminal uridylyltransferase 4 isoform X1 [Homo sapiens]	TRUE	Tut4
XP_011270604.1	XP_047272365.1	0	N/A	26.86	242	37	1.78e-07	57.4	terminal uridylyltransferase 4 isoform X38 [Homo sapiens]	TRUE	Tut4
XP_011270604.1	XP_047272288.1	0	N/A	26.86	242	37	1.78e-07	57.4	terminal uridylyltransferase 4 isoform X10 [Homo sapiens]	TRUE	Tut4
XP_011270604.1	XP_047272285.1	0	N/A	26.86	242	37	1.85e-07	57.4	terminal uridylyltransferase 4 isoform X7 [Homo sapiens]	TRUE	Tut4
XP_011270604.1	XP_016856297.1	0	N/A	26.86	242	37	1.88e-07	57	terminal uridylyltransferase 4 isoform X36 [Homo sapiens]	TRUE	Tut4
XP_011270604.1	XP_011539401.1	0	N/A	26.86	242	37	1.88e-07	57	terminal uridylyltransferase 4 isoform X29 [Homo sapiens]	TRUE	Tut4
XP_011270604.1	XP_005270735.1	0	N/A	26.86	242	37	1.88e-07	57.4	terminal uridylyltransferase 4 isoform X2 [Homo sapiens]	TRUE	Tut4
XP_011270604.1	XP_016856299.1	0	N/A	26.86	242	37	1.89e-07	57	terminal uridylyltransferase 4 isoform X40 [Homo sapiens]	TRUE	Tut4
XP_011270604.1	XP_047272281.1	0	N/A	26.86	242	37	1.9e-07	57	terminal uridylyltransferase 4 isoform X4 [Homo sapiens]	TRUE	Tut4
XP_011270604.1	NP_001009881.1	0	N/A	26.86	242	37	1.9e-07	57	terminal uridylyltransferase 4 isoform a [Homo sapiens]	TRUE	Tut4
XP_011270604.1	XP_016856292.1	0	N/A	26.86	242	37	1.91e-07	57	terminal uridylyltransferase 4 isoform X9 [Homo sapiens]	TRUE	Tut4
XP_011270604.1	XP_047272283.1	0	N/A	26.86	242	37	1.91e-07	57	terminal uridylyltransferase 4 isoform X6 [Homo sapiens]	TRUE	Tut4
XP_011270604.1	XP_005270737.1	0	N/A	26.86	242	37	1.91e-07	57	terminal uridylyltransferase 4 isoform X6 [Homo sapiens]	TRUE	Tut4
XP_011270604.1	XP_047272345.1	0	N/A	26.86	242	37	1.93e-07	57	terminal uridylyltransferase 4 isoform X31 [Homo sapiens]	TRUE	Tut4
XP_011270604.1	XP_005270739.1	0	N/A	26.86	242	37	1.96e-07	57	terminal uridylyltransferase 4 isoform X33 [Homo sapiens]	TRUE	Tut4
XP_011270604.1	XP_047272282.1	0	N/A	26.86	242	37	1.98e-07	57	terminal uridylyltransferase 4 isoform X5 [Homo sapiens]	TRUE	Tut4
XP_011270604.1	NP_056084.1	0	N/A	26.86	242	37	1.98e-07	57	terminal uridylyltransferase 4 isoform b [Homo sapiens]	TRUE	Tut4
XP_011270604.1	XP_016856296.1	0	N/A	26.86	242	37	2.02e-07	57	terminal uridylyltransferase 4 isoform X28 [Homo sapiens]	TRUE	Tut4
XP_011270604.1	XP_016856295.1	0	N/A	26.86	242	37	2.04e-07	57	terminal uridylyltransferase 4 isoform X25 [Homo sapiens]	TRUE	Tut4
XP_011270604.1	XP_047272325.1	0	N/A	26.86	242	37	2.14e-07	57	terminal uridylyltransferase 4 isoform X23 [Homo sapiens]	TRUE	Tut4
XP_011270604.1	XP_047272337.1	0	N/A	26.86	242	37	2.16e-07	57	terminal uridylyltransferase 4 isoform X27 [Homo sapiens]	TRUE	Tut4
XP_011270604.1	XP_047272820.1	0	N/A	25.309	162	21	2.19e-07	55.1	poly(A) RNA polymerase GLD2 isoform X11 [Homo sapiens]	TRUE	TENT2
XP_011270604.1	NP_001336477.1	0	N/A	25.309	162	21	3.26e-07	54.7	poly(A) RNA polymerase GLD2 isoform 4 [Homo sapiens]	TRUE	TENT2
XP_011270604.1	NP_001375027.1	0	N/A	25.309	162	21	5.56e-07	55.1	poly(A) RNA polymerase GLD2 isoform 7 [Homo sapiens]	TRUE	TENT2
XP_011270604.1	XP_047272805.1	0	N/A	25.309	162	21	5.61e-07	55.1	poly(A) RNA polymerase GLD2 isoform X2 [Homo sapiens]	TRUE	TENT2
XP_011270604.1	XP_047272804.1	0	N/A	25.309	162	21	5.61e-07	55.1	poly(A) RNA polymerase GLD2 isoform X2 [Homo sapiens]	TRUE	TENT2
XP_011270604.1	XP_047272803.1	0	N/A	25.309	162	21	5.61e-07	55.1	poly(A) RNA polymerase GLD2 isoform X2 [Homo sapiens]	TRUE	TENT2
XP_011270604.1	XP_047272802.1	0	N/A	25.309	162	21	5.61e-07	55.1	poly(A) RNA polymerase GLD2 isoform X2 [Homo sapiens]	TRUE	TENT2
XP_011270604.1	XP_016864641.1	0	N/A	25.309	162	21	5.61e-07	55.1	poly(A) RNA polymerase GLD2 isoform X2 [Homo sapiens]	TRUE	TENT2
XP_011270604.1	NP_001375026.1	0	N/A	25.309	162	21	5.61e-07	55.1	poly(A) RNA polymerase GLD2 isoform 6 [Homo sapiens]	TRUE	TENT2
XP_011270604.1	NP_001375025.1	0	N/A	25.309	162	21	5.61e-07	55.1	poly(A) RNA polymerase GLD2 isoform 6 [Homo sapiens]	TRUE	TENT2
XP_011270604.1	NP_001375024.1	0	N/A	25.309	162	21	5.61e-07	55.1	poly(A) RNA polymerase GLD2 isoform 6 [Homo sapiens]	TRUE	TENT2
XP_011270604.1	NP_001336480.1	0	N/A	25.309	162	21	5.61e-07	55.1	poly(A) RNA polymerase GLD2 isoform 6 [Homo sapiens]	TRUE	TENT2
XP_011270604.1	XP_047272305.1	0	N/A	26.609	233	36	5.89e-07	55.5	terminal uridylyltransferase 4 isoform X17 [Homo sapiens]	TRUE	Tut4
XP_011270604.1	XP_047272286.1	0	N/A	27.57	214	33	6.15e-07	55.5	terminal uridylyltransferase 4 isoform X8 [Homo sapiens]	TRUE	Tut4
XP_011270604.1	NP_001375059.1	0	N/A	25.309	162	21	6.2e-07	55.1	poly(A) RNA polymerase GLD2 isoform 10 [Homo sapiens]	TRUE	TENT2
XP_011270604.1	XP_047272801.1	0	N/A	25.309	162	21	6.26e-07	55.1	poly(A) RNA polymerase GLD2 isoform X1 [Homo sapiens]	TRUE	TENT2
XP_011270604.1	XP_047272800.1	0	N/A	25.309	162	21	6.26e-07	55.1	poly(A) RNA polymerase GLD2 isoform X1 [Homo sapiens]	TRUE	TENT2
XP_011270604.1	XP_011541527.1	0	N/A	25.309	162	21	6.26e-07	55.1	poly(A) RNA polymerase GLD2 isoform X1 [Homo sapiens]	TRUE	TENT2
XP_011270604.1	XP_011541526.1	0	N/A	25.309	162	21	6.26e-07	55.1	poly(A) RNA polymerase GLD2 isoform X1 [Homo sapiens]	TRUE	TENT2
XP_011270604.1	XP_011541523.1	0	N/A	25.309	162	21	6.26e-07	55.1	poly(A) RNA polymerase GLD2 isoform X1 [Homo sapiens]	TRUE	TENT2
XP_011270604.1	XP_011541522.1	0	N/A	25.309	162	21	6.26e-07	55.1	poly(A) RNA polymerase GLD2 isoform X1 [Homo sapiens]	TRUE	TENT2
XP_011270604.1	NP_001375023.1	0	N/A	25.309	162	21	6.26e-07	55.1	poly(A) RNA polymerase GLD2 isoform 5 [Homo sapiens]	TRUE	TENT2
XP_011270604.1	NP_001375022.1	0	N/A	25.309	162	21	6.26e-07	55.1	poly(A) RNA polymerase GLD2 isoform 5 [Homo sapiens]	TRUE	TENT2
XP_011270604.1	NP_001336479.1	0	N/A	25.309	162	21	6.26e-07	55.1	poly(A) RNA polymerase GLD2 isoform 5 [Homo sapiens]	TRUE	TENT2
XP_011270604.1	NP_001336478.1	0	N/A	25.309	162	21	6.26e-07	55.1	poly(A) RNA polymerase GLD2 isoform 5 [Homo sapiens]	TRUE	TENT2
XP_011270604.1	XP_047272290.1	0	N/A	27.57	214	33	6.36e-07	55.5	terminal uridylyltransferase 4 isoform X11 [Homo sapiens]	TRUE	Tut4
XP_011270604.1	XP_047272295.1	0	N/A	27.57	214	33	6.47e-07	55.5	terminal uridylyltransferase 4 isoform X12 [Homo sapiens]	TRUE	Tut4
XP_011270604.1	XP_047272372.1	0	N/A	27.57	214	33	6.57e-07	55.5	terminal uridylyltransferase 4 isoform X42 [Homo sapiens]	TRUE	Tut4
XP_011270604.1	XP_047272296.1	0	N/A	27.57	214	33	6.58e-07	55.5	terminal uridylyltransferase 4 isoform X13 [Homo sapiens]	TRUE	Tut4
XP_011270604.1	XP_047272811.1	0	N/A	25.309	162	21	6.6e-07	54.7	poly(A) RNA polymerase GLD2 isoform X4 [Homo sapiens]	TRUE	TENT2
XP_011270604.1	XP_047272810.1	0	N/A	25.309	162	21	6.6e-07	54.7	poly(A) RNA polymerase GLD2 isoform X4 [Homo sapiens]	TRUE	TENT2
XP_011270604.1	XP_047272809.1	0	N/A	25.309	162	21	6.6e-07	54.7	poly(A) RNA polymerase GLD2 isoform X4 [Homo sapiens]	TRUE	TENT2
XP_011270604.1	NP_001375058.1	0	N/A	25.309	162	21	6.6e-07	54.7	poly(A) RNA polymerase GLD2 isoform 2 [Homo sapiens]	TRUE	TENT2
XP_011270604.1	NP_001375057.1	0	N/A	25.309	162	21	6.6e-07	54.7	poly(A) RNA polymerase GLD2 isoform 2 [Homo sapiens]	TRUE	TENT2
XP_011270604.1	NP_001375056.1	0	N/A	25.309	162	21	6.6e-07	54.7	poly(A) RNA polymerase GLD2 isoform 2 [Homo sapiens]	TRUE	TENT2
XP_011270604.1	NP_001375055.1	0	N/A	25.309	162	21	6.6e-07	54.7	poly(A) RNA polymerase GLD2 isoform 2 [Homo sapiens]	TRUE	TENT2
XP_011270604.1	NP_001375054.1	0	N/A	25.309	162	21	6.6e-07	54.7	poly(A) RNA polymerase GLD2 isoform 2 [Homo sapiens]	TRUE	TENT2
XP_011270604.1	NP_001375053.1	0	N/A	25.309	162	21	6.6e-07	54.7	poly(A) RNA polymerase GLD2 isoform 2 [Homo sapiens]	TRUE	TENT2
XP_011270604.1	NP_001375052.1	0	N/A	25.309	162	21	6.6e-07	54.7	poly(A) RNA polymerase GLD2 isoform 2 [Homo sapiens]	TRUE	TENT2
XP_011386925.1	XP_047272288.1	0	N/A	25.478	314	33	9.84e-15	82	terminal uridylyltransferase 4 isoform X10 [Homo sapiens]	TRUE	Tut4
XP_011386925.1	XP_016856293.1	0	N/A	25.478	314	33	1.03e-14	82	terminal uridylyltransferase 4 isoform X16 [Homo sapiens]	TRUE	Tut4
XP_011386925.1	XP_047272283.1	0	N/A	25.478	314	33	1.03e-14	82	terminal uridylyltransferase 4 isoform X6 [Homo sapiens]	TRUE	Tut4
XP_011386925.1	XP_005270737.1	0	N/A	25.478	314	33	1.03e-14	82	terminal uridylyltransferase 4 isoform X6 [Homo sapiens]	TRUE	Tut4
XP_011386925.1	XP_016856292.1	0	N/A	25.478	314	33	1.15e-14	81.6	terminal uridylyltransferase 4 isoform X9 [Homo sapiens]	TRUE	Tut4
XP_011386925.1	XP_047272282.1	0	N/A	25.478	314	33	1.17e-14	81.6	terminal uridylyltransferase 4 isoform X5 [Homo sapiens]	TRUE	Tut4
XP_011386925.1	NP_056084.1	0	N/A	25.478	314	33	1.17e-14	81.6	terminal uridylyltransferase 4 isoform b [Homo sapiens]	TRUE	Tut4
XP_011386925.1	XP_047272281.1	0	N/A	25.478	314	33	1.18e-14	81.6	terminal uridylyltransferase 4 isoform X4 [Homo sapiens]	TRUE	Tut4
XP_011386925.1	NP_001009881.1	0	N/A	25.478	314	33	1.18e-14	81.6	terminal uridylyltransferase 4 isoform a [Homo sapiens]	TRUE	Tut4
XP_011386925.1	XP_047272285.1	0	N/A	25.478	314	33	1.19e-14	81.6	terminal uridylyltransferase 4 isoform X7 [Homo sapiens]	TRUE	Tut4
XP_011386925.1	XP_047272365.1	0	N/A	25.478	314	33	1.32e-14	81.6	terminal uridylyltransferase 4 isoform X38 [Homo sapiens]	TRUE	Tut4
XP_011386925.1	XP_016856299.1	0	N/A	25.478	314	33	1.33e-14	81.6	terminal uridylyltransferase 4 isoform X40 [Homo sapiens]	TRUE	Tut4
XP_011386925.1	XP_005270735.1	0	N/A	25.478	314	33	1.42e-14	81.3	terminal uridylyltransferase 4 isoform X2 [Homo sapiens]	TRUE	Tut4
XP_011386925.1	XP_011539399.1	0	N/A	25.478	314	33	1.44e-14	81.3	terminal uridylyltransferase 4 isoform X1 [Homo sapiens]	TRUE	Tut4
XP_011386925.1	XP_005270733.1	0	N/A	25.478	314	33	1.44e-14	81.3	terminal uridylyltransferase 4 isoform X1 [Homo sapiens]	TRUE	Tut4
XP_011386925.1	XP_016856297.1	0	N/A	25.478	314	33	1.45e-14	81.3	terminal uridylyltransferase 4 isoform X36 [Homo sapiens]	TRUE	Tut4
XP_011386925.1	XP_047272280.1	0	N/A	25.478	314	33	1.45e-14	81.3	terminal uridylyltransferase 4 isoform X3 [Homo sapiens]	TRUE	Tut4
XP_011386925.1	XP_005270736.1	0	N/A	25.478	314	33	1.45e-14	81.3	terminal uridylyltransferase 4 isoform X3 [Homo sapiens]	TRUE	Tut4
XP_011386925.1	XP_047272345.1	0	N/A	25.478	314	33	1.65e-14	81.3	terminal uridylyltransferase 4 isoform X31 [Homo sapiens]	TRUE	Tut4
XP_011386925.1	XP_005270739.1	0	N/A	25.478	314	33	1.67e-14	81.3	terminal uridylyltransferase 4 isoform X33 [Homo sapiens]	TRUE	Tut4
XP_011386925.1	XP_011539401.1	0	N/A	25.478	314	33	1.73e-14	81.3	terminal uridylyltransferase 4 isoform X29 [Homo sapiens]	TRUE	Tut4
XP_011386925.1	XP_047272337.1	0	N/A	25.478	314	33	1.85e-14	80.9	terminal uridylyltransferase 4 isoform X27 [Homo sapiens]	TRUE	Tut4
XP_011386925.1	XP_016856295.1	0	N/A	25.478	314	33	1.86e-14	80.9	terminal uridylyltransferase 4 isoform X25 [Homo sapiens]	TRUE	Tut4
XP_011386925.1	XP_016856296.1	0	N/A	25.478	314	33	1.89e-14	80.9	terminal uridylyltransferase 4 isoform X28 [Homo sapiens]	TRUE	Tut4
XP_011386925.1	XP_047272325.1	0	N/A	25.478	314	33	1.93e-14	80.9	terminal uridylyltransferase 4 isoform X23 [Homo sapiens]	TRUE	Tut4
XP_011386925.1	XP_047272384.1	0	N/A	25.478	314	33	3.08e-14	80.1	terminal uridylyltransferase 4 isoform X46 [Homo sapiens]	TRUE	Tut4
XP_011386925.1	NP_001317647.1	0	N/A	29.353	201	21	1e-13	78.2	terminal uridylyltransferase 7 isoform 3 [Homo sapiens]	TRUE	Tut7
XP_011386925.1	XP_047279823.1	0	N/A	29.353	201	21	1.43e-13	78.2	terminal uridylyltransferase 7 isoform X2 [Homo sapiens]	TRUE	Tut7
XP_011386925.1	XP_006717346.1	0	N/A	29.353	201	21	1.43e-13	78.2	terminal uridylyltransferase 7 isoform X2 [Homo sapiens]	TRUE	Tut7
XP_011386925.1	XP_011517318.1	0	N/A	29.353	201	21	1.69e-13	77.8	terminal uridylyltransferase 7 isoform X5 [Homo sapiens]	TRUE	Tut7
XP_011386925.1	XP_016870620.1	0	N/A	29.353	201	21	1.74e-13	77.8	terminal uridylyltransferase 7 isoform X4 [Homo sapiens]	TRUE	Tut7
XP_011386925.1	XP_016870619.1	0	N/A	29.353	201	21	1.74e-13	77.8	terminal uridylyltransferase 7 isoform X4 [Homo sapiens]	TRUE	Tut7
XP_011386925.1	NP_078893.2	0	N/A	29.353	201	21	1.74e-13	77.8	terminal uridylyltransferase 7 isoform 1 [Homo sapiens]	TRUE	Tut7
XP_011386925.1	NP_001171988.1	0	N/A	29.353	201	21	1.74e-13	77.8	terminal uridylyltransferase 7 isoform 1 [Homo sapiens]	TRUE	Tut7
XP_011386925.1	XP_047279825.1	0	N/A	29.353	201	21	1.81e-13	77.8	terminal uridylyltransferase 7 isoform X6 [Homo sapiens]	TRUE	Tut7
XP_011386925.1	XP_047279824.1	0	N/A	29.353	201	21	1.81e-13	77.8	terminal uridylyltransferase 7 isoform X6 [Homo sapiens]	TRUE	Tut7
XP_011386925.1	XP_005252264.1	0	N/A	29.353	201	21	1.81e-13	77.8	terminal uridylyltransferase 7 isoform X6 [Homo sapiens]	TRUE	Tut7
XP_011386925.1	XP_005252265.1	0	N/A	29.353	201	21	2.03e-13	77.4	terminal uridylyltransferase 7 isoform X7 [Homo sapiens]	TRUE	Tut7
XP_011386925.1	XP_011517317.1	0	N/A	29.353	201	21	2.06e-13	77.4	terminal uridylyltransferase 7 isoform X3 [Homo sapiens]	TRUE	Tut7
XP_011386925.1	XP_011517316.1	0	N/A	29.353	201	21	2.3e-13	77.4	terminal uridylyltransferase 7 isoform X1 [Homo sapiens]	TRUE	Tut7
XP_011386925.1	XP_011517315.1	0	N/A	29.353	201	21	2.3e-13	77.4	terminal uridylyltransferase 7 isoform X1 [Homo sapiens]	TRUE	Tut7
XP_011386925.1	XP_011517314.1	0	N/A	29.353	201	21	2.3e-13	77.4	terminal uridylyltransferase 7 isoform X1 [Homo sapiens]	TRUE	Tut7
XP_011386925.1	XP_011517313.1	0	N/A	29.353	201	21	2.3e-13	77.4	terminal uridylyltransferase 7 isoform X1 [Homo sapiens]	TRUE	Tut7
XP_011386925.1	NP_001375065.1	0	N/A	29.817	218	23	1.27e-12	73.2	poly(A) RNA polymerase GLD2 isoform 14 [Homo sapiens]	TRUE	TENT2
XP_011386925.1	XP_047272801.1	0	N/A	30	230	23	1.41e-12	73.9	poly(A) RNA polymerase GLD2 isoform X1 [Homo sapiens]	TRUE	TENT2
XP_011386925.1	XP_047272800.1	0	N/A	30	230	23	1.41e-12	73.9	poly(A) RNA polymerase GLD2 isoform X1 [Homo sapiens]	TRUE	TENT2
XP_011386925.1	XP_011541527.1	0	N/A	30	230	23	1.41e-12	73.9	poly(A) RNA polymerase GLD2 isoform X1 [Homo sapiens]	TRUE	TENT2
XP_011386925.1	XP_011541526.1	0	N/A	30	230	23	1.41e-12	73.9	poly(A) RNA polymerase GLD2 isoform X1 [Homo sapiens]	TRUE	TENT2
XP_011386925.1	XP_011541523.1	0	N/A	30	230	23	1.41e-12	73.9	poly(A) RNA polymerase GLD2 isoform X1 [Homo sapiens]	TRUE	TENT2
XP_011386925.1	XP_011541522.1	0	N/A	30	230	23	1.41e-12	73.9	poly(A) RNA polymerase GLD2 isoform X1 [Homo sapiens]	TRUE	TENT2
XP_011386925.1	NP_001375023.1	0	N/A	30	230	23	1.41e-12	73.9	poly(A) RNA polymerase GLD2 isoform 5 [Homo sapiens]	TRUE	TENT2
XP_011386925.1	NP_001375022.1	0	N/A	30	230	23	1.41e-12	73.9	poly(A) RNA polymerase GLD2 isoform 5 [Homo sapiens]	TRUE	TENT2
XP_011386925.1	NP_001336479.1	0	N/A	30	230	23	1.41e-12	73.9	poly(A) RNA polymerase GLD2 isoform 5 [Homo sapiens]	TRUE	TENT2
XP_011386925.1	NP_001336478.1	0	N/A	30	230	23	1.41e-12	73.9	poly(A) RNA polymerase GLD2 isoform 5 [Homo sapiens]	TRUE	TENT2
XP_011386925.1	XP_047272808.1	0	N/A	30.137	219	23	1.62e-12	73.6	poly(A) RNA polymerase GLD2 isoform X3 [Homo sapiens]	TRUE	TENT2
XP_011386925.1	XP_047272807.1	0	N/A	30.137	219	23	1.62e-12	73.6	poly(A) RNA polymerase GLD2 isoform X3 [Homo sapiens]	TRUE	TENT2
XP_011386925.1	XP_047272806.1	0	N/A	30.137	219	23	1.62e-12	73.6	poly(A) RNA polymerase GLD2 isoform X3 [Homo sapiens]	TRUE	TENT2
XP_011386925.1	NP_776158.2	0	N/A	30.137	219	23	1.62e-12	73.6	poly(A) RNA polymerase GLD2 isoform 1 [Homo sapiens]	TRUE	TENT2
XP_011386925.1	NP_001375041.1	0	N/A	30.137	219	23	1.62e-12	73.6	poly(A) RNA polymerase GLD2 isoform 1 [Homo sapiens]	TRUE	TENT2
XP_011386925.1	NP_001375040.1	0	N/A	30.137	219	23	1.62e-12	73.6	poly(A) RNA polymerase GLD2 isoform 1 [Homo sapiens]	TRUE	TENT2
XP_011386925.1	NP_001375039.1	0	N/A	30.137	219	23	1.62e-12	73.6	poly(A) RNA polymerase GLD2 isoform 1 [Homo sapiens]	TRUE	TENT2
XP_011386925.1	NP_001375038.1	0	N/A	30.137	219	23	1.62e-12	73.6	poly(A) RNA polymerase GLD2 isoform 1 [Homo sapiens]	TRUE	TENT2
XP_011386925.1	NP_001375037.1	0	N/A	30.137	219	23	1.62e-12	73.6	poly(A) RNA polymerase GLD2 isoform 1 [Homo sapiens]	TRUE	TENT2
XP_011386925.1	NP_001375036.1	0	N/A	30.137	219	23	1.62e-12	73.6	poly(A) RNA polymerase GLD2 isoform 1 [Homo sapiens]	TRUE	TENT2
XP_011386925.1	NP_001375035.1	0	N/A	30.137	219	23	1.62e-12	73.6	poly(A) RNA polymerase GLD2 isoform 1 [Homo sapiens]	TRUE	TENT2
XP_011386925.1	NP_001375034.1	0	N/A	30.137	219	23	1.62e-12	73.6	poly(A) RNA polymerase GLD2 isoform 1 [Homo sapiens]	TRUE	TENT2
XP_011386925.1	NP_001375032.1	0	N/A	30.137	219	23	1.62e-12	73.6	poly(A) RNA polymerase GLD2 isoform 1 [Homo sapiens]	TRUE	TENT2
XP_011386925.1	NP_001375031.1	0	N/A	30.137	219	23	1.62e-12	73.6	poly(A) RNA polymerase GLD2 isoform 1 [Homo sapiens]	TRUE	TENT2
XP_011386925.1	NP_001336482.1	0	N/A	30.137	219	23	1.62e-12	73.6	poly(A) RNA polymerase GLD2 isoform 1 [Homo sapiens]	TRUE	TENT2
XP_011386925.1	NP_001336481.1	0	N/A	30.137	219	23	1.62e-12	73.6	poly(A) RNA polymerase GLD2 isoform 1 [Homo sapiens]	TRUE	TENT2
XP_011386925.1	NP_001107866.1	0	N/A	30.137	219	23	1.62e-12	73.6	poly(A) RNA polymerase GLD2 isoform 1 [Homo sapiens]	TRUE	TENT2
XP_011386925.1	NP_001107865.1	0	N/A	30.137	219	23	1.62e-12	73.6	poly(A) RNA polymerase GLD2 isoform 1 [Homo sapiens]	TRUE	TENT2
XP_011386925.1	NP_001375042.1	0	N/A	30.137	219	23	1.69e-12	73.6	poly(A) RNA polymerase GLD2 isoform 16 [Homo sapiens]	TRUE	TENT2
XP_011386925.1	XP_047272805.1	0	N/A	30.263	228	23	1.7e-12	73.6	poly(A) RNA polymerase GLD2 isoform X2 [Homo sapiens]	TRUE	TENT2
XP_011386925.1	XP_047272804.1	0	N/A	30.263	228	23	1.7e-12	73.6	poly(A) RNA polymerase GLD2 isoform X2 [Homo sapiens]	TRUE	TENT2
XP_011386925.1	XP_047272803.1	0	N/A	30.263	228	23	1.7e-12	73.6	poly(A) RNA polymerase GLD2 isoform X2 [Homo sapiens]	TRUE	TENT2
XP_011386925.1	XP_047272802.1	0	N/A	30.263	228	23	1.7e-12	73.6	poly(A) RNA polymerase GLD2 isoform X2 [Homo sapiens]	TRUE	TENT2
XP_011386925.1	XP_016864641.1	0	N/A	30.263	228	23	1.7e-12	73.6	poly(A) RNA polymerase GLD2 isoform X2 [Homo sapiens]	TRUE	TENT2
XP_011386925.1	NP_001375026.1	0	N/A	30.263	228	23	1.7e-12	73.6	poly(A) RNA polymerase GLD2 isoform 6 [Homo sapiens]	TRUE	TENT2
XP_011386925.1	NP_001375025.1	0	N/A	30.263	228	23	1.7e-12	73.6	poly(A) RNA polymerase GLD2 isoform 6 [Homo sapiens]	TRUE	TENT2
XP_011386925.1	NP_001375024.1	0	N/A	30.263	228	23	1.7e-12	73.6	poly(A) RNA polymerase GLD2 isoform 6 [Homo sapiens]	TRUE	TENT2
XP_011386925.1	NP_001336480.1	0	N/A	30.263	228	23	1.7e-12	73.6	poly(A) RNA polymerase GLD2 isoform 6 [Homo sapiens]	TRUE	TENT2
XP_011386925.1	NP_001375060.1	0	N/A	30.137	219	23	1.77e-12	73.2	poly(A) RNA polymerase GLD2 isoform 11 [Homo sapiens]	TRUE	TENT2
XP_011386925.1	NP_001375027.1	0	N/A	30.263	228	23	2.02e-12	73.2	poly(A) RNA polymerase GLD2 isoform 7 [Homo sapiens]	TRUE	TENT2
XP_011386925.1	XP_047272811.1	0	N/A	29.817	218	23	2.14e-12	73.2	poly(A) RNA polymerase GLD2 isoform X4 [Homo sapiens]	TRUE	TENT2
XP_011386925.1	XP_047272810.1	0	N/A	29.817	218	23	2.14e-12	73.2	poly(A) RNA polymerase GLD2 isoform X4 [Homo sapiens]	TRUE	TENT2
XP_011386925.1	XP_047272809.1	0	N/A	29.817	218	23	2.14e-12	73.2	poly(A) RNA polymerase GLD2 isoform X4 [Homo sapiens]	TRUE	TENT2
XP_011386925.1	NP_001375058.1	0	N/A	29.817	218	23	2.14e-12	73.2	poly(A) RNA polymerase GLD2 isoform 2 [Homo sapiens]	TRUE	TENT2
XP_011386925.1	NP_001375057.1	0	N/A	29.817	218	23	2.14e-12	73.2	poly(A) RNA polymerase GLD2 isoform 2 [Homo sapiens]	TRUE	TENT2
XP_011386925.1	NP_001375056.1	0	N/A	29.817	218	23	2.14e-12	73.2	poly(A) RNA polymerase GLD2 isoform 2 [Homo sapiens]	TRUE	TENT2
XP_011386925.1	NP_001375055.1	0	N/A	29.817	218	23	2.14e-12	73.2	poly(A) RNA polymerase GLD2 isoform 2 [Homo sapiens]	TRUE	TENT2
XP_011386925.1	NP_001375054.1	0	N/A	29.817	218	23	2.14e-12	73.2	poly(A) RNA polymerase GLD2 isoform 2 [Homo sapiens]	TRUE	TENT2
XP_011386925.1	NP_001375053.1	0	N/A	29.817	218	23	2.14e-12	73.2	poly(A) RNA polymerase GLD2 isoform 2 [Homo sapiens]	TRUE	TENT2
XP_011386925.1	NP_001375052.1	0	N/A	29.817	218	23	2.14e-12	73.2	poly(A) RNA polymerase GLD2 isoform 2 [Homo sapiens]	TRUE	TENT2
XP_011386925.1	NP_001375051.1	0	N/A	29.817	218	23	2.14e-12	73.2	poly(A) RNA polymerase GLD2 isoform 2 [Homo sapiens]	TRUE	TENT2
XP_011386925.1	NP_001375050.1	0	N/A	29.817	218	23	2.14e-12	73.2	poly(A) RNA polymerase GLD2 isoform 2 [Homo sapiens]	TRUE	TENT2
XP_011386925.1	NP_001375049.1	0	N/A	29.817	218	23	2.14e-12	73.2	poly(A) RNA polymerase GLD2 isoform 2 [Homo sapiens]	TRUE	TENT2
XP_011386925.1	NP_001375048.1	0	N/A	29.817	218	23	2.14e-12	73.2	poly(A) RNA polymerase GLD2 isoform 2 [Homo sapiens]	TRUE	TENT2
XP_011386925.1	NP_001375047.1	0	N/A	29.817	218	23	2.14e-12	73.2	poly(A) RNA polymerase GLD2 isoform 2 [Homo sapiens]	TRUE	TENT2
XP_011386925.1	NP_001375046.1	0	N/A	29.817	218	23	2.14e-12	73.2	poly(A) RNA polymerase GLD2 isoform 2 [Homo sapiens]	TRUE	TENT2
XP_011387117.1	NP_008930.2	0	N/A	39.535	301	41	6.08e-61	221	terminal nucleotidyltransferase 4A isoform 1 [Homo sapiens]	TRUE	TENT4A
XP_011387117.1	NP_001165276.2	0	N/A	39.535	301	41	6.62e-61	221	terminal nucleotidyltransferase 4A isoform 2 [Homo sapiens]	TRUE	TENT4A
XP_011387117.1	XP_047290433.1	0	N/A	40.493	284	38	2.78e-60	213	terminal nucleotidyltransferase 4B isoform X6 [Homo sapiens]	TRUE	TENT4B
XP_011387117.1	XP_011521580.1	0	N/A	40.493	284	38	5.53e-60	213	terminal nucleotidyltransferase 4B isoform X5 [Homo sapiens]	TRUE	TENT4B
XP_011387117.1	NP_001035375.2	0	N/A	39.535	301	41	6.08e-60	216	terminal nucleotidyltransferase 4B isoform b [Homo sapiens]	TRUE	TENT4B
XP_011387117.1	XP_011521578.1	0	N/A	39.535	301	41	6.19e-60	216	terminal nucleotidyltransferase 4B isoform X2 [Homo sapiens]	TRUE	TENT4B
XP_011387117.1	NP_001035374.2	0	N/A	39.535	301	41	7.8e-60	216	terminal nucleotidyltransferase 4B isoform a [Homo sapiens]	TRUE	TENT4B
XP_011387117.1	XP_011521577.1	0	N/A	39.535	301	41	7.92e-60	216	terminal nucleotidyltransferase 4B isoform X1 [Homo sapiens]	TRUE	TENT4B
XP_011387117.1	XP_047290432.1	0	N/A	39.535	301	41	1.81e-59	214	terminal nucleotidyltransferase 4B isoform X4 [Homo sapiens]	TRUE	TENT4B
XP_011387117.1	NP_001352252.1	0	N/A	39.535	301	41	2.89e-59	215	terminal nucleotidyltransferase 4B isoform c [Homo sapiens]	TRUE	TENT4B
XP_011387117.1	XP_047290431.1	0	N/A	39.535	301	41	3.19e-59	214	terminal nucleotidyltransferase 4B isoform X3 [Homo sapiens]	TRUE	TENT4B
XP_011387117.1	NP_001352253.1	0	N/A	39.535	301	41	6.22e-59	214	terminal nucleotidyltransferase 4B isoform d [Homo sapiens]	TRUE	TENT4B
XP_011387117.1	XP_047272622.1	0	N/A	40.441	272	37	1.82e-57	206	terminal nucleotidyltransferase 4A isoform X1 [Homo sapiens]	TRUE	TENT4A
XP_011387117.1	XP_047272621.1	0	N/A	40.441	272	37	1.82e-57	206	terminal nucleotidyltransferase 4A isoform X1 [Homo sapiens]	TRUE	TENT4A
XP_011387117.1	XP_047272620.1	0	N/A	40.441	272	37	1.82e-57	206	terminal nucleotidyltransferase 4A isoform X1 [Homo sapiens]	TRUE	TENT4A
XP_011387117.1	XP_047272623.1	0	N/A	40.927	259	35	7.53e-56	202	terminal nucleotidyltransferase 4A isoform X2 [Homo sapiens]	TRUE	TENT4A
XP_011387117.1	XP_016864477.1	0	N/A	40.927	259	35	7.53e-56	202	terminal nucleotidyltransferase 4A isoform X2 [Homo sapiens]	TRUE	TENT4A
XP_011387117.1	XP_047272624.1	0	N/A	40.684	263	35	7.83e-56	202	terminal nucleotidyltransferase 4A isoform X3 [Homo sapiens]	TRUE	TENT4A
XP_011387117.1	XP_047279823.1	0	N/A	25.263	285	34	4.63e-16	85.5	terminal uridylyltransferase 7 isoform X2 [Homo sapiens]	TRUE	Tut7
XP_011387117.1	XP_006717346.1	0	N/A	25.263	285	34	4.63e-16	85.5	terminal uridylyltransferase 7 isoform X2 [Homo sapiens]	TRUE	Tut7
XP_011387117.1	XP_016870620.1	0	N/A	25.263	285	34	4.7e-16	85.5	terminal uridylyltransferase 7 isoform X4 [Homo sapiens]	TRUE	Tut7
XP_011387117.1	XP_016870619.1	0	N/A	25.263	285	34	4.7e-16	85.5	terminal uridylyltransferase 7 isoform X4 [Homo sapiens]	TRUE	Tut7
XP_011387117.1	NP_078893.2	0	N/A	25.263	285	34	4.7e-16	85.5	terminal uridylyltransferase 7 isoform 1 [Homo sapiens]	TRUE	Tut7
XP_011387117.1	NP_001171988.1	0	N/A	25.263	285	34	4.7e-16	85.5	terminal uridylyltransferase 7 isoform 1 [Homo sapiens]	TRUE	Tut7
XP_011387117.1	XP_047279825.1	0	N/A	25.263	285	34	5.06e-16	85.5	terminal uridylyltransferase 7 isoform X6 [Homo sapiens]	TRUE	Tut7
XP_011387117.1	XP_047279824.1	0	N/A	25.263	285	34	5.06e-16	85.5	terminal uridylyltransferase 7 isoform X6 [Homo sapiens]	TRUE	Tut7
XP_011387117.1	XP_005252264.1	0	N/A	25.263	285	34	5.06e-16	85.5	terminal uridylyltransferase 7 isoform X6 [Homo sapiens]	TRUE	Tut7
XP_011387117.1	NP_001317647.1	0	N/A	24.561	285	34	5.38e-16	84.7	terminal uridylyltransferase 7 isoform 3 [Homo sapiens]	TRUE	Tut7
XP_011387117.1	XP_011517318.1	0	N/A	25.263	285	34	5.72e-16	85.1	terminal uridylyltransferase 7 isoform X5 [Homo sapiens]	TRUE	Tut7
XP_011387117.1	XP_011517317.1	0	N/A	25.263	285	34	5.87e-16	85.1	terminal uridylyltransferase 7 isoform X3 [Homo sapiens]	TRUE	Tut7
XP_011387117.1	XP_011517316.1	0	N/A	25.263	285	34	7.61e-16	84.7	terminal uridylyltransferase 7 isoform X1 [Homo sapiens]	TRUE	Tut7
XP_011387117.1	XP_011517315.1	0	N/A	25.263	285	34	7.61e-16	84.7	terminal uridylyltransferase 7 isoform X1 [Homo sapiens]	TRUE	Tut7
XP_011387117.1	XP_011517314.1	0	N/A	25.263	285	34	7.61e-16	84.7	terminal uridylyltransferase 7 isoform X1 [Homo sapiens]	TRUE	Tut7
XP_011387117.1	XP_011517313.1	0	N/A	25.263	285	34	7.61e-16	84.7	terminal uridylyltransferase 7 isoform X1 [Homo sapiens]	TRUE	Tut7
XP_011387117.1	XP_005252265.1	0	N/A	25.263	285	34	7.93e-16	84.7	terminal uridylyltransferase 7 isoform X7 [Homo sapiens]	TRUE	Tut7
XP_011387117.1	XP_016856293.1	0	N/A	24.138	290	34	1.51e-11	70.9	terminal uridylyltransferase 4 isoform X16 [Homo sapiens]	TRUE	Tut4
XP_011387117.1	XP_047272288.1	0	N/A	24.138	290	34	1.66e-11	70.9	terminal uridylyltransferase 4 isoform X10 [Homo sapiens]	TRUE	Tut4
XP_011387117.1	XP_016856292.1	0	N/A	24.138	290	34	1.9e-11	70.5	terminal uridylyltransferase 4 isoform X9 [Homo sapiens]	TRUE	Tut4
XP_011387117.1	XP_047272281.1	0	N/A	24.138	290	34	2.11e-11	70.5	terminal uridylyltransferase 4 isoform X4 [Homo sapiens]	TRUE	Tut4
XP_011387117.1	NP_001009881.1	0	N/A	24.138	290	34	2.11e-11	70.5	terminal uridylyltransferase 4 isoform a [Homo sapiens]	TRUE	Tut4
XP_011387117.1	XP_047272285.1	0	N/A	24.138	290	34	2.16e-11	70.5	terminal uridylyltransferase 4 isoform X7 [Homo sapiens]	TRUE	Tut4
XP_011387117.1	XP_047272282.1	0	N/A	24.138	290	34	2.24e-11	70.5	terminal uridylyltransferase 4 isoform X5 [Homo sapiens]	TRUE	Tut4
XP_011387117.1	NP_056084.1	0	N/A	24.138	290	34	2.24e-11	70.5	terminal uridylyltransferase 4 isoform b [Homo sapiens]	TRUE	Tut4
XP_011387117.1	XP_016856299.1	0	N/A	24.138	290	34	2.27e-11	70.5	terminal uridylyltransferase 4 isoform X40 [Homo sapiens]	TRUE	Tut4
XP_011387117.1	XP_047272283.1	0	N/A	24.138	290	34	2.28e-11	70.5	terminal uridylyltransferase 4 isoform X6 [Homo sapiens]	TRUE	Tut4
XP_011387117.1	XP_005270737.1	0	N/A	24.138	290	34	2.28e-11	70.5	terminal uridylyltransferase 4 isoform X6 [Homo sapiens]	TRUE	Tut4
XP_011387117.1	XP_016856297.1	0	N/A	24.138	290	34	2.6e-11	70.1	terminal uridylyltransferase 4 isoform X36 [Homo sapiens]	TRUE	Tut4
XP_011387117.1	XP_047272365.1	0	N/A	24.138	290	34	2.64e-11	70.1	terminal uridylyltransferase 4 isoform X38 [Homo sapiens]	TRUE	Tut4
XP_011387117.1	XP_047272280.1	0	N/A	24.138	290	34	2.73e-11	70.1	terminal uridylyltransferase 4 isoform X3 [Homo sapiens]	TRUE	Tut4
XP_011387117.1	XP_005270736.1	0	N/A	24.138	290	34	2.73e-11	70.1	terminal uridylyltransferase 4 isoform X3 [Homo sapiens]	TRUE	Tut4
XP_011387117.1	XP_047272345.1	0	N/A	24.138	290	34	2.81e-11	70.1	terminal uridylyltransferase 4 isoform X31 [Homo sapiens]	TRUE	Tut4
XP_011387117.1	XP_047272295.1	0	N/A	24.444	270	32	2.84e-11	70.1	terminal uridylyltransferase 4 isoform X12 [Homo sapiens]	TRUE	Tut4
XP_011387117.1	XP_005270735.1	0	N/A	24.138	290	34	2.9e-11	70.1	terminal uridylyltransferase 4 isoform X2 [Homo sapiens]	TRUE	Tut4
XP_011387117.1	XP_011539399.1	0	N/A	24.138	290	34	2.9e-11	70.1	terminal uridylyltransferase 4 isoform X1 [Homo sapiens]	TRUE	Tut4
XP_011387117.1	XP_005270733.1	0	N/A	24.138	290	34	2.9e-11	70.1	terminal uridylyltransferase 4 isoform X1 [Homo sapiens]	TRUE	Tut4
XP_011387117.1	XP_005270739.1	0	N/A	24.138	290	34	2.93e-11	70.1	terminal uridylyltransferase 4 isoform X33 [Homo sapiens]	TRUE	Tut4
XP_011387117.1	XP_047272296.1	0	N/A	24.444	270	32	2.96e-11	70.1	terminal uridylyltransferase 4 isoform X13 [Homo sapiens]	TRUE	Tut4
XP_011387117.1	XP_047272305.1	0	N/A	24.444	270	32	3.14e-11	69.7	terminal uridylyltransferase 4 isoform X17 [Homo sapiens]	TRUE	Tut4
XP_011387117.1	XP_011539401.1	0	N/A	24.138	290	34	3.17e-11	69.7	terminal uridylyltransferase 4 isoform X29 [Homo sapiens]	TRUE	Tut4
XP_011387117.1	XP_016856296.1	0	N/A	24.138	290	34	3.18e-11	69.7	terminal uridylyltransferase 4 isoform X28 [Homo sapiens]	TRUE	Tut4
XP_011387117.1	XP_047272372.1	0	N/A	24.444	270	32	3.37e-11	69.7	terminal uridylyltransferase 4 isoform X42 [Homo sapiens]	TRUE	Tut4
XP_011387117.1	XP_047272337.1	0	N/A	24.138	290	34	3.49e-11	69.7	terminal uridylyltransferase 4 isoform X27 [Homo sapiens]	TRUE	Tut4
XP_011387117.1	XP_047272290.1	0	N/A	24.444	270	32	3.99e-11	69.7	terminal uridylyltransferase 4 isoform X11 [Homo sapiens]	TRUE	Tut4
XP_011387117.1	XP_016856295.1	0	N/A	24.138	290	34	4.59e-11	69.3	terminal uridylyltransferase 4 isoform X25 [Homo sapiens]	TRUE	Tut4
XP_011387117.1	XP_047272286.1	0	N/A	24.444	270	32	4.65e-11	69.3	terminal uridylyltransferase 4 isoform X8 [Homo sapiens]	TRUE	Tut4
XP_011387117.1	XP_047272350.1	0	N/A	24.444	270	32	4.76e-11	69.3	terminal uridylyltransferase 4 isoform X34 [Homo sapiens]	TRUE	Tut4
XP_011387117.1	XP_047272325.1	0	N/A	24.138	290	34	5.04e-11	69.3	terminal uridylyltransferase 4 isoform X23 [Homo sapiens]	TRUE	Tut4
XP_011387117.1	XP_047272344.1	0	N/A	24.444	270	32	6e-11	68.9	terminal uridylyltransferase 4 isoform X30 [Homo sapiens]	TRUE	Tut4
XP_011387117.1	XP_047272384.1	0	N/A	23.427	286	34	6.42e-11	68.6	terminal uridylyltransferase 4 isoform X46 [Homo sapiens]	TRUE	Tut4
XP_011387117.1	NP_001172003.1	0	N/A	24.771	218	25	8.89e-11	68.2	terminal uridylyltransferase 7 isoform 2 [Homo sapiens]	TRUE	Tut7
XP_011387117.1	XP_047272811.1	0	N/A	25.439	228	27	1.29e-10	67	poly(A) RNA polymerase GLD2 isoform X4 [Homo sapiens]	TRUE	TENT2
XP_011387117.1	XP_047272810.1	0	N/A	25.439	228	27	1.29e-10	67	poly(A) RNA polymerase GLD2 isoform X4 [Homo sapiens]	TRUE	TENT2
XP_011387117.1	XP_047272809.1	0	N/A	25.439	228	27	1.29e-10	67	poly(A) RNA polymerase GLD2 isoform X4 [Homo sapiens]	TRUE	TENT2
XP_011387117.1	NP_001375058.1	0	N/A	25.439	228	27	1.29e-10	67	poly(A) RNA polymerase GLD2 isoform 2 [Homo sapiens]	TRUE	TENT2
XP_011387117.1	NP_001375057.1	0	N/A	25.439	228	27	1.29e-10	67	poly(A) RNA polymerase GLD2 isoform 2 [Homo sapiens]	TRUE	TENT2
XP_011387117.1	NP_001375056.1	0	N/A	25.439	228	27	1.29e-10	67	poly(A) RNA polymerase GLD2 isoform 2 [Homo sapiens]	TRUE	TENT2
XP_011387117.1	NP_001375055.1	0	N/A	25.439	228	27	1.29e-10	67	poly(A) RNA polymerase GLD2 isoform 2 [Homo sapiens]	TRUE	TENT2
XP_011387117.1	NP_001375054.1	0	N/A	25.439	228	27	1.29e-10	67	poly(A) RNA polymerase GLD2 isoform 2 [Homo sapiens]	TRUE	TENT2
XP_011387117.1	NP_001375053.1	0	N/A	25.439	228	27	1.29e-10	67	poly(A) RNA polymerase GLD2 isoform 2 [Homo sapiens]	TRUE	TENT2
XP_011387117.1	NP_001375052.1	0	N/A	25.439	228	27	1.29e-10	67	poly(A) RNA polymerase GLD2 isoform 2 [Homo sapiens]	TRUE	TENT2
XP_011387117.1	NP_001375051.1	0	N/A	25.439	228	27	1.29e-10	67	poly(A) RNA polymerase GLD2 isoform 2 [Homo sapiens]	TRUE	TENT2
XP_011387117.1	NP_001375050.1	0	N/A	25.439	228	27	1.29e-10	67	poly(A) RNA polymerase GLD2 isoform 2 [Homo sapiens]	TRUE	TENT2
XP_011387117.1	NP_001375049.1	0	N/A	25.439	228	27	1.29e-10	67	poly(A) RNA polymerase GLD2 isoform 2 [Homo sapiens]	TRUE	TENT2
XP_011387117.1	NP_001375048.1	0	N/A	25.439	228	27	1.29e-10	67	poly(A) RNA polymerase GLD2 isoform 2 [Homo sapiens]	TRUE	TENT2
XP_011387117.1	NP_001375047.1	0	N/A	25.439	228	27	1.29e-10	67	poly(A) RNA polymerase GLD2 isoform 2 [Homo sapiens]	TRUE	TENT2
XP_011387117.1	NP_001375046.1	0	N/A	25.439	228	27	1.29e-10	67	poly(A) RNA polymerase GLD2 isoform 2 [Homo sapiens]	TRUE	TENT2
XP_011387117.1	NP_001375045.1	0	N/A	25.439	228	27	1.29e-10	67	poly(A) RNA polymerase GLD2 isoform 2 [Homo sapiens]	TRUE	TENT2
XP_011387117.1	NP_001375044.1	0	N/A	25.439	228	27	1.29e-10	67	poly(A) RNA polymerase GLD2 isoform 2 [Homo sapiens]	TRUE	TENT2
XP_011387117.1	NP_001375043.1	0	N/A	25.439	228	27	1.29e-10	67	poly(A) RNA polymerase GLD2 isoform 2 [Homo sapiens]	TRUE	TENT2
XP_011387117.1	NP_001336483.1	0	N/A	25.439	228	27	1.29e-10	67	poly(A) RNA polymerase GLD2 isoform 2 [Homo sapiens]	TRUE	TENT2
XP_011387117.1	NP_001284673.1	0	N/A	25.439	228	27	1.29e-10	67	poly(A) RNA polymerase GLD2 isoform 2 [Homo sapiens]	TRUE	TENT2
XP_011387117.1	NP_001375059.1	0	N/A	25.439	228	27	1.39e-10	67	poly(A) RNA polymerase GLD2 isoform 10 [Homo sapiens]	TRUE	TENT2
XP_011387117.1	NP_001375061.1	0	N/A	25.439	228	27	1.52e-10	66.6	poly(A) RNA polymerase GLD2 isoform 12 [Homo sapiens]	TRUE	TENT2
XP_011387117.1	NP_001375030.1	0	N/A	25.439	228	27	1.81e-10	66.6	poly(A) RNA polymerase GLD2 isoform 9 [Homo sapiens]	TRUE	TENT2
XP_011387117.1	NP_001375065.1	0	N/A	25.439	228	27	3.6e-10	65.1	poly(A) RNA polymerase GLD2 isoform 14 [Homo sapiens]	TRUE	TENT2
XP_011387117.1	NP_001336477.1	0	N/A	24.194	186	22	4.44e-10	63.5	poly(A) RNA polymerase GLD2 isoform 4 [Homo sapiens]	TRUE	TENT2
XP_011387117.1	XP_047272805.1	0	N/A	24.194	186	22	4.47e-10	65.5	poly(A) RNA polymerase GLD2 isoform X2 [Homo sapiens]	TRUE	TENT2
XP_011387117.1	XP_047272804.1	0	N/A	24.194	186	22	4.47e-10	65.5	poly(A) RNA polymerase GLD2 isoform X2 [Homo sapiens]	TRUE	TENT2
XP_011387117.1	XP_047272803.1	0	N/A	24.194	186	22	4.47e-10	65.5	poly(A) RNA polymerase GLD2 isoform X2 [Homo sapiens]	TRUE	TENT2
XP_011387117.1	XP_047272802.1	0	N/A	24.194	186	22	4.47e-10	65.5	poly(A) RNA polymerase GLD2 isoform X2 [Homo sapiens]	TRUE	TENT2
XP_011391307.1	XP_047279823.1	0	N/A	33.022	321	27	1.27e-42	173	terminal uridylyltransferase 7 isoform X2 [Homo sapiens]	TRUE	Tut7
XP_011391307.1	XP_006717346.1	0	N/A	33.022	321	27	1.27e-42	173	terminal uridylyltransferase 7 isoform X2 [Homo sapiens]	TRUE	Tut7
XP_011391307.1	NP_001317647.1	0	N/A	33.022	321	27	1.29e-42	170	terminal uridylyltransferase 7 isoform 3 [Homo sapiens]	TRUE	Tut7
XP_011391307.1	XP_011517317.1	0	N/A	33.022	321	27	1.72e-42	172	terminal uridylyltransferase 7 isoform X3 [Homo sapiens]	TRUE	Tut7
XP_011391307.1	XP_016870620.1	0	N/A	33.022	321	27	1.96e-42	172	terminal uridylyltransferase 7 isoform X4 [Homo sapiens]	TRUE	Tut7
XP_011391307.1	XP_016870619.1	0	N/A	33.022	321	27	1.96e-42	172	terminal uridylyltransferase 7 isoform X4 [Homo sapiens]	TRUE	Tut7
XP_011391307.1	NP_078893.2	0	N/A	33.022	321	27	1.96e-42	172	terminal uridylyltransferase 7 isoform 1 [Homo sapiens]	TRUE	Tut7
XP_011391307.1	NP_001171988.1	0	N/A	33.022	321	27	1.96e-42	172	terminal uridylyltransferase 7 isoform 1 [Homo sapiens]	TRUE	Tut7
XP_011391307.1	XP_011517318.1	0	N/A	33.022	321	27	2e-42	172	terminal uridylyltransferase 7 isoform X5 [Homo sapiens]	TRUE	Tut7
XP_011391307.1	XP_047279825.1	0	N/A	33.022	321	27	2.12e-42	172	terminal uridylyltransferase 7 isoform X6 [Homo sapiens]	TRUE	Tut7
XP_011391307.1	XP_047279824.1	0	N/A	33.022	321	27	2.12e-42	172	terminal uridylyltransferase 7 isoform X6 [Homo sapiens]	TRUE	Tut7
XP_011391307.1	XP_005252264.1	0	N/A	33.022	321	27	2.12e-42	172	terminal uridylyltransferase 7 isoform X6 [Homo sapiens]	TRUE	Tut7
XP_011391307.1	XP_005252265.1	0	N/A	33.022	321	27	2.36e-42	172	terminal uridylyltransferase 7 isoform X7 [Homo sapiens]	TRUE	Tut7
XP_011391307.1	XP_011517316.1	0	N/A	33.022	321	27	2.47e-42	172	terminal uridylyltransferase 7 isoform X1 [Homo sapiens]	TRUE	Tut7
XP_011391307.1	XP_011517315.1	0	N/A	33.022	321	27	2.47e-42	172	terminal uridylyltransferase 7 isoform X1 [Homo sapiens]	TRUE	Tut7
XP_011391307.1	XP_011517314.1	0	N/A	33.022	321	27	2.47e-42	172	terminal uridylyltransferase 7 isoform X1 [Homo sapiens]	TRUE	Tut7
XP_011391307.1	XP_011517313.1	0	N/A	33.022	321	27	2.47e-42	172	terminal uridylyltransferase 7 isoform X1 [Homo sapiens]	TRUE	Tut7
XP_011391307.1	XP_047272372.1	0	N/A	33.11	299	25	1.28e-41	169	terminal uridylyltransferase 4 isoform X42 [Homo sapiens]	TRUE	Tut4
XP_011391307.1	XP_047272305.1	0	N/A	33.11	299	25	1.65e-41	169	terminal uridylyltransferase 4 isoform X17 [Homo sapiens]	TRUE	Tut4
XP_011391307.1	XP_047272290.1	0	N/A	33.11	299	25	1.83e-41	169	terminal uridylyltransferase 4 isoform X11 [Homo sapiens]	TRUE	Tut4
XP_011391307.1	XP_047272350.1	0	N/A	33.11	299	25	1.88e-41	169	terminal uridylyltransferase 4 isoform X34 [Homo sapiens]	TRUE	Tut4
XP_011391307.1	XP_047272286.1	0	N/A	33.11	299	25	1.92e-41	169	terminal uridylyltransferase 4 isoform X8 [Homo sapiens]	TRUE	Tut4
XP_011391307.1	XP_047272295.1	0	N/A	33.11	299	25	2.03e-41	169	terminal uridylyltransferase 4 isoform X12 [Homo sapiens]	TRUE	Tut4
XP_011391307.1	XP_047272296.1	0	N/A	33.11	299	25	2.07e-41	169	terminal uridylyltransferase 4 isoform X13 [Homo sapiens]	TRUE	Tut4
XP_011391307.1	XP_047272344.1	0	N/A	33.11	299	25	2.19e-41	169	terminal uridylyltransferase 4 isoform X30 [Homo sapiens]	TRUE	Tut4
XP_011391307.1	XP_047272384.1	0	N/A	32.808	317	27	8.5e-41	166	terminal uridylyltransferase 4 isoform X46 [Homo sapiens]	TRUE	Tut4
XP_011391307.1	XP_005270739.1	0	N/A	32.808	317	27	1.98e-40	166	terminal uridylyltransferase 4 isoform X33 [Homo sapiens]	TRUE	Tut4
XP_011391307.1	XP_047272288.1	0	N/A	32.808	317	27	2.1e-40	166	terminal uridylyltransferase 4 isoform X10 [Homo sapiens]	TRUE	Tut4
XP_011391307.1	XP_016856299.1	0	N/A	32.808	317	27	2.16e-40	166	terminal uridylyltransferase 4 isoform X40 [Homo sapiens]	TRUE	Tut4
XP_011391307.1	XP_016856292.1	0	N/A	32.808	317	27	2.19e-40	166	terminal uridylyltransferase 4 isoform X9 [Homo sapiens]	TRUE	Tut4
XP_011391307.1	XP_047272285.1	0	N/A	32.808	317	27	2.33e-40	166	terminal uridylyltransferase 4 isoform X7 [Homo sapiens]	TRUE	Tut4
XP_011391307.1	XP_016856297.1	0	N/A	32.808	317	27	2.38e-40	166	terminal uridylyltransferase 4 isoform X36 [Homo sapiens]	TRUE	Tut4
XP_011391307.1	XP_047272365.1	0	N/A	32.808	317	27	2.46e-40	166	terminal uridylyltransferase 4 isoform X38 [Homo sapiens]	TRUE	Tut4
XP_011391307.1	XP_016856293.1	0	N/A	32.808	317	27	2.46e-40	166	terminal uridylyltransferase 4 isoform X16 [Homo sapiens]	TRUE	Tut4
XP_011391307.1	XP_011539401.1	0	N/A	32.808	317	27	2.55e-40	165	terminal uridylyltransferase 4 isoform X29 [Homo sapiens]	TRUE	Tut4
XP_011391307.1	XP_047272280.1	0	N/A	32.808	317	27	2.59e-40	166	terminal uridylyltransferase 4 isoform X3 [Homo sapiens]	TRUE	Tut4
XP_011391307.1	XP_005270736.1	0	N/A	32.808	317	27	2.59e-40	166	terminal uridylyltransferase 4 isoform X3 [Homo sapiens]	TRUE	Tut4
XP_011391307.1	XP_047272345.1	0	N/A	32.808	317	27	2.73e-40	165	terminal uridylyltransferase 4 isoform X31 [Homo sapiens]	TRUE	Tut4
XP_011391307.1	XP_047272283.1	0	N/A	32.808	317	27	2.79e-40	165	terminal uridylyltransferase 4 isoform X6 [Homo sapiens]	TRUE	Tut4
XP_011391307.1	XP_005270737.1	0	N/A	32.808	317	27	2.79e-40	165	terminal uridylyltransferase 4 isoform X6 [Homo sapiens]	TRUE	Tut4
XP_011391307.1	XP_047272337.1	0	N/A	32.808	317	27	2.93e-40	165	terminal uridylyltransferase 4 isoform X27 [Homo sapiens]	TRUE	Tut4
XP_011391307.1	XP_047272282.1	0	N/A	32.808	317	27	3.07e-40	165	terminal uridylyltransferase 4 isoform X5 [Homo sapiens]	TRUE	Tut4
XP_011391307.1	NP_056084.1	0	N/A	32.808	317	27	3.07e-40	165	terminal uridylyltransferase 4 isoform b [Homo sapiens]	TRUE	Tut4
XP_011391307.1	XP_016856295.1	0	N/A	32.808	317	27	3.09e-40	165	terminal uridylyltransferase 4 isoform X25 [Homo sapiens]	TRUE	Tut4
XP_011391307.1	XP_047272281.1	0	N/A	32.808	317	27	3.1e-40	165	terminal uridylyltransferase 4 isoform X4 [Homo sapiens]	TRUE	Tut4
XP_011391307.1	NP_001009881.1	0	N/A	32.808	317	27	3.1e-40	165	terminal uridylyltransferase 4 isoform a [Homo sapiens]	TRUE	Tut4
XP_011391307.1	XP_011539399.1	0	N/A	32.808	317	27	3.3e-40	165	terminal uridylyltransferase 4 isoform X1 [Homo sapiens]	TRUE	Tut4
XP_011391307.1	XP_005270733.1	0	N/A	32.808	317	27	3.3e-40	165	terminal uridylyltransferase 4 isoform X1 [Homo sapiens]	TRUE	Tut4
XP_011391307.1	XP_005270735.1	0	N/A	32.808	317	27	3.38e-40	165	terminal uridylyltransferase 4 isoform X2 [Homo sapiens]	TRUE	Tut4
XP_011391307.1	XP_047272325.1	0	N/A	32.808	317	27	3.46e-40	165	terminal uridylyltransferase 4 isoform X23 [Homo sapiens]	TRUE	Tut4
XP_011391307.1	XP_016856296.1	0	N/A	32.808	317	27	3.47e-40	165	terminal uridylyltransferase 4 isoform X28 [Homo sapiens]	TRUE	Tut4
XP_011391307.1	NP_001172003.1	0	N/A	33.884	242	20	9.49e-33	140	terminal uridylyltransferase 7 isoform 2 [Homo sapiens]	TRUE	Tut7
XP_011391307.1	NP_001375065.1	0	N/A	30.195	308	26	2.59e-32	132	poly(A) RNA polymerase GLD2 isoform 14 [Homo sapiens]	TRUE	TENT2
XP_011391307.1	XP_047272811.1	0	N/A	30.392	306	26	1.13e-31	132	poly(A) RNA polymerase GLD2 isoform X4 [Homo sapiens]	TRUE	TENT2
XP_011391307.1	XP_047272810.1	0	N/A	30.392	306	26	1.13e-31	132	poly(A) RNA polymerase GLD2 isoform X4 [Homo sapiens]	TRUE	TENT2
XP_011391307.1	XP_047272809.1	0	N/A	30.392	306	26	1.13e-31	132	poly(A) RNA polymerase GLD2 isoform X4 [Homo sapiens]	TRUE	TENT2
XP_011391307.1	NP_001375058.1	0	N/A	30.392	306	26	1.13e-31	132	poly(A) RNA polymerase GLD2 isoform 2 [Homo sapiens]	TRUE	TENT2
XP_011391307.1	NP_001375057.1	0	N/A	30.392	306	26	1.13e-31	132	poly(A) RNA polymerase GLD2 isoform 2 [Homo sapiens]	TRUE	TENT2
XP_011391307.1	NP_001375056.1	0	N/A	30.392	306	26	1.13e-31	132	poly(A) RNA polymerase GLD2 isoform 2 [Homo sapiens]	TRUE	TENT2
XP_011391307.1	NP_001375055.1	0	N/A	30.392	306	26	1.13e-31	132	poly(A) RNA polymerase GLD2 isoform 2 [Homo sapiens]	TRUE	TENT2
XP_011391307.1	NP_001375054.1	0	N/A	30.392	306	26	1.13e-31	132	poly(A) RNA polymerase GLD2 isoform 2 [Homo sapiens]	TRUE	TENT2
XP_011391307.1	NP_001375053.1	0	N/A	30.392	306	26	1.13e-31	132	poly(A) RNA polymerase GLD2 isoform 2 [Homo sapiens]	TRUE	TENT2
XP_011391307.1	NP_001375052.1	0	N/A	30.392	306	26	1.13e-31	132	poly(A) RNA polymerase GLD2 isoform 2 [Homo sapiens]	TRUE	TENT2
XP_011391307.1	NP_001375051.1	0	N/A	30.392	306	26	1.13e-31	132	poly(A) RNA polymerase GLD2 isoform 2 [Homo sapiens]	TRUE	TENT2
XP_011391307.1	NP_001375050.1	0	N/A	30.392	306	26	1.13e-31	132	poly(A) RNA polymerase GLD2 isoform 2 [Homo sapiens]	TRUE	TENT2
XP_011391307.1	NP_001375049.1	0	N/A	30.392	306	26	1.13e-31	132	poly(A) RNA polymerase GLD2 isoform 2 [Homo sapiens]	TRUE	TENT2
XP_011391307.1	NP_001375048.1	0	N/A	30.392	306	26	1.13e-31	132	poly(A) RNA polymerase GLD2 isoform 2 [Homo sapiens]	TRUE	TENT2
XP_011391307.1	NP_001375047.1	0	N/A	30.392	306	26	1.13e-31	132	poly(A) RNA polymerase GLD2 isoform 2 [Homo sapiens]	TRUE	TENT2
XP_011391307.1	NP_001375046.1	0	N/A	30.392	306	26	1.13e-31	132	poly(A) RNA polymerase GLD2 isoform 2 [Homo sapiens]	TRUE	TENT2
XP_011391307.1	NP_001375045.1	0	N/A	30.392	306	26	1.13e-31	132	poly(A) RNA polymerase GLD2 isoform 2 [Homo sapiens]	TRUE	TENT2
XP_011391307.1	NP_001375044.1	0	N/A	30.392	306	26	1.13e-31	132	poly(A) RNA polymerase GLD2 isoform 2 [Homo sapiens]	TRUE	TENT2
XP_011391307.1	NP_001375043.1	0	N/A	30.392	306	26	1.13e-31	132	poly(A) RNA polymerase GLD2 isoform 2 [Homo sapiens]	TRUE	TENT2
XP_011391307.1	NP_001336483.1	0	N/A	30.392	306	26	1.13e-31	132	poly(A) RNA polymerase GLD2 isoform 2 [Homo sapiens]	TRUE	TENT2
XP_011391307.1	NP_001284673.1	0	N/A	30.392	306	26	1.13e-31	132	poly(A) RNA polymerase GLD2 isoform 2 [Homo sapiens]	TRUE	TENT2
XP_011391307.1	NP_001375059.1	0	N/A	30.392	306	26	1.36e-31	132	poly(A) RNA polymerase GLD2 isoform 10 [Homo sapiens]	TRUE	TENT2
XP_011391307.1	NP_001375061.1	0	N/A	30.392	306	26	1.5e-31	132	poly(A) RNA polymerase GLD2 isoform 12 [Homo sapiens]	TRUE	TENT2
XP_011391307.1	NP_001375042.1	0	N/A	29.87	308	26	7.84e-31	130	poly(A) RNA polymerase GLD2 isoform 16 [Homo sapiens]	TRUE	TENT2
XP_011391307.1	NP_001375027.1	0	N/A	28.875	329	26	8.67e-31	130	poly(A) RNA polymerase GLD2 isoform 7 [Homo sapiens]	TRUE	TENT2
XP_011391307.1	XP_047272808.1	0	N/A	29.87	308	26	9.21e-31	130	poly(A) RNA polymerase GLD2 isoform X3 [Homo sapiens]	TRUE	TENT2
XP_011391307.1	XP_047272807.1	0	N/A	29.87	308	26	9.21e-31	130	poly(A) RNA polymerase GLD2 isoform X3 [Homo sapiens]	TRUE	TENT2
XP_011391307.1	XP_047272806.1	0	N/A	29.87	308	26	9.21e-31	130	poly(A) RNA polymerase GLD2 isoform X3 [Homo sapiens]	TRUE	TENT2
XP_011391307.1	NP_776158.2	0	N/A	29.87	308	26	9.21e-31	130	poly(A) RNA polymerase GLD2 isoform 1 [Homo sapiens]	TRUE	TENT2
XP_011391307.1	NP_001375041.1	0	N/A	29.87	308	26	9.21e-31	130	poly(A) RNA polymerase GLD2 isoform 1 [Homo sapiens]	TRUE	TENT2
XP_011391307.1	NP_001375040.1	0	N/A	29.87	308	26	9.21e-31	130	poly(A) RNA polymerase GLD2 isoform 1 [Homo sapiens]	TRUE	TENT2
XP_011391307.1	NP_001375039.1	0	N/A	29.87	308	26	9.21e-31	130	poly(A) RNA polymerase GLD2 isoform 1 [Homo sapiens]	TRUE	TENT2
XP_011391307.1	NP_001375038.1	0	N/A	29.87	308	26	9.21e-31	130	poly(A) RNA polymerase GLD2 isoform 1 [Homo sapiens]	TRUE	TENT2
XP_011391307.1	NP_001375037.1	0	N/A	29.87	308	26	9.21e-31	130	poly(A) RNA polymerase GLD2 isoform 1 [Homo sapiens]	TRUE	TENT2
XP_011391307.1	NP_001375036.1	0	N/A	29.87	308	26	9.21e-31	130	poly(A) RNA polymerase GLD2 isoform 1 [Homo sapiens]	TRUE	TENT2
XP_011391307.1	NP_001375035.1	0	N/A	29.87	308	26	9.21e-31	130	poly(A) RNA polymerase GLD2 isoform 1 [Homo sapiens]	TRUE	TENT2
XP_011391307.1	NP_001375034.1	0	N/A	29.87	308	26	9.21e-31	130	poly(A) RNA polymerase GLD2 isoform 1 [Homo sapiens]	TRUE	TENT2
XP_011391307.1	NP_001375032.1	0	N/A	29.87	308	26	9.21e-31	130	poly(A) RNA polymerase GLD2 isoform 1 [Homo sapiens]	TRUE	TENT2
XP_011391307.1	NP_001375031.1	0	N/A	29.87	308	26	9.21e-31	130	poly(A) RNA polymerase GLD2 isoform 1 [Homo sapiens]	TRUE	TENT2
XP_011391307.1	NP_001336482.1	0	N/A	29.87	308	26	9.21e-31	130	poly(A) RNA polymerase GLD2 isoform 1 [Homo sapiens]	TRUE	TENT2
XP_011391307.1	NP_001336481.1	0	N/A	29.87	308	26	9.21e-31	130	poly(A) RNA polymerase GLD2 isoform 1 [Homo sapiens]	TRUE	TENT2
XP_011391307.1	NP_001107866.1	0	N/A	29.87	308	26	9.21e-31	130	poly(A) RNA polymerase GLD2 isoform 1 [Homo sapiens]	TRUE	TENT2
XP_011391307.1	NP_001107865.1	0	N/A	29.87	308	26	9.21e-31	130	poly(A) RNA polymerase GLD2 isoform 1 [Homo sapiens]	TRUE	TENT2
XP_011391307.1	XP_047272805.1	0	N/A	28.875	329	26	9.44e-31	130	poly(A) RNA polymerase GLD2 isoform X2 [Homo sapiens]	TRUE	TENT2
XP_011391307.1	XP_047272804.1	0	N/A	28.875	329	26	9.44e-31	130	poly(A) RNA polymerase GLD2 isoform X2 [Homo sapiens]	TRUE	TENT2
XP_011391307.1	XP_047272803.1	0	N/A	28.875	329	26	9.44e-31	130	poly(A) RNA polymerase GLD2 isoform X2 [Homo sapiens]	TRUE	TENT2
XP_011391307.1	XP_047272802.1	0	N/A	28.875	329	26	9.44e-31	130	poly(A) RNA polymerase GLD2 isoform X2 [Homo sapiens]	TRUE	TENT2
XP_011394085.1	XP_047272820.1	0	N/A	30.493	223	18	1.57e-19	92	poly(A) RNA polymerase GLD2 isoform X11 [Homo sapiens]	TRUE	TENT2
XP_011394085.1	NP_001336477.1	0	N/A	31.343	201	17	6.72e-19	90.5	poly(A) RNA polymerase GLD2 isoform 4 [Homo sapiens]	TRUE	TENT2
XP_011394085.1	XP_047272805.1	0	N/A	30.909	220	18	9.71e-19	93.6	poly(A) RNA polymerase GLD2 isoform X2 [Homo sapiens]	TRUE	TENT2
XP_011394085.1	XP_047272804.1	0	N/A	30.909	220	18	9.71e-19	93.6	poly(A) RNA polymerase GLD2 isoform X2 [Homo sapiens]	TRUE	TENT2
XP_011394085.1	XP_047272803.1	0	N/A	30.909	220	18	9.71e-19	93.6	poly(A) RNA polymerase GLD2 isoform X2 [Homo sapiens]	TRUE	TENT2
XP_011394085.1	XP_047272802.1	0	N/A	30.909	220	18	9.71e-19	93.6	poly(A) RNA polymerase GLD2 isoform X2 [Homo sapiens]	TRUE	TENT2
XP_011394085.1	XP_016864641.1	0	N/A	30.909	220	18	9.71e-19	93.6	poly(A) RNA polymerase GLD2 isoform X2 [Homo sapiens]	TRUE	TENT2
XP_011394085.1	NP_001375026.1	0	N/A	30.909	220	18	9.71e-19	93.6	poly(A) RNA polymerase GLD2 isoform 6 [Homo sapiens]	TRUE	TENT2
XP_011394085.1	NP_001375025.1	0	N/A	30.909	220	18	9.71e-19	93.6	poly(A) RNA polymerase GLD2 isoform 6 [Homo sapiens]	TRUE	TENT2
XP_011394085.1	NP_001375024.1	0	N/A	30.909	220	18	9.71e-19	93.6	poly(A) RNA polymerase GLD2 isoform 6 [Homo sapiens]	TRUE	TENT2
XP_011394085.1	NP_001336480.1	0	N/A	30.909	220	18	9.71e-19	93.6	poly(A) RNA polymerase GLD2 isoform 6 [Homo sapiens]	TRUE	TENT2
XP_011394085.1	NP_001375027.1	0	N/A	30.909	220	18	1.01e-18	93.6	poly(A) RNA polymerase GLD2 isoform 7 [Homo sapiens]	TRUE	TENT2
XP_011394085.1	NP_001375065.1	0	N/A	31.343	201	17	1.37e-18	91.7	poly(A) RNA polymerase GLD2 isoform 14 [Homo sapiens]	TRUE	TENT2
XP_011394085.1	XP_047272801.1	0	N/A	30.909	220	18	1.39e-18	93.2	poly(A) RNA polymerase GLD2 isoform X1 [Homo sapiens]	TRUE	TENT2
XP_011394085.1	XP_047272800.1	0	N/A	30.909	220	18	1.39e-18	93.2	poly(A) RNA polymerase GLD2 isoform X1 [Homo sapiens]	TRUE	TENT2
XP_011394085.1	XP_011541527.1	0	N/A	30.909	220	18	1.39e-18	93.2	poly(A) RNA polymerase GLD2 isoform X1 [Homo sapiens]	TRUE	TENT2
XP_011394085.1	XP_011541526.1	0	N/A	30.909	220	18	1.39e-18	93.2	poly(A) RNA polymerase GLD2 isoform X1 [Homo sapiens]	TRUE	TENT2
XP_011394085.1	XP_011541523.1	0	N/A	30.909	220	18	1.39e-18	93.2	poly(A) RNA polymerase GLD2 isoform X1 [Homo sapiens]	TRUE	TENT2
XP_011394085.1	XP_011541522.1	0	N/A	30.909	220	18	1.39e-18	93.2	poly(A) RNA polymerase GLD2 isoform X1 [Homo sapiens]	TRUE	TENT2
XP_011394085.1	NP_001375023.1	0	N/A	30.909	220	18	1.39e-18	93.2	poly(A) RNA polymerase GLD2 isoform 5 [Homo sapiens]	TRUE	TENT2
XP_011394085.1	NP_001375022.1	0	N/A	30.909	220	18	1.39e-18	93.2	poly(A) RNA polymerase GLD2 isoform 5 [Homo sapiens]	TRUE	TENT2
XP_011394085.1	NP_001336479.1	0	N/A	30.909	220	18	1.39e-18	93.2	poly(A) RNA polymerase GLD2 isoform 5 [Homo sapiens]	TRUE	TENT2
XP_011394085.1	NP_001336478.1	0	N/A	30.909	220	18	1.39e-18	93.2	poly(A) RNA polymerase GLD2 isoform 5 [Homo sapiens]	TRUE	TENT2
XP_011394085.1	NP_001317647.1	0	N/A	29.268	246	20	2.1e-18	94	terminal uridylyltransferase 7 isoform 3 [Homo sapiens]	TRUE	Tut7
XP_011394085.1	NP_001375066.1	0	N/A	33.526	173	14	2.23e-18	89.4	poly(A) RNA polymerase GLD2 isoform 15 [Homo sapiens]	TRUE	TENT2
XP_011394085.1	XP_047272811.1	0	N/A	31.343	201	17	2.33e-18	92.4	poly(A) RNA polymerase GLD2 isoform X4 [Homo sapiens]	TRUE	TENT2
XP_011394085.1	XP_047272810.1	0	N/A	31.343	201	17	2.33e-18	92.4	poly(A) RNA polymerase GLD2 isoform X4 [Homo sapiens]	TRUE	TENT2
XP_011394085.1	XP_047272809.1	0	N/A	31.343	201	17	2.33e-18	92.4	poly(A) RNA polymerase GLD2 isoform X4 [Homo sapiens]	TRUE	TENT2
XP_011394085.1	NP_001375058.1	0	N/A	31.343	201	17	2.33e-18	92.4	poly(A) RNA polymerase GLD2 isoform 2 [Homo sapiens]	TRUE	TENT2
XP_011394085.1	NP_001375057.1	0	N/A	31.343	201	17	2.33e-18	92.4	poly(A) RNA polymerase GLD2 isoform 2 [Homo sapiens]	TRUE	TENT2
XP_011394085.1	NP_001375056.1	0	N/A	31.343	201	17	2.33e-18	92.4	poly(A) RNA polymerase GLD2 isoform 2 [Homo sapiens]	TRUE	TENT2
XP_011394085.1	NP_001375055.1	0	N/A	31.343	201	17	2.33e-18	92.4	poly(A) RNA polymerase GLD2 isoform 2 [Homo sapiens]	TRUE	TENT2
XP_011394085.1	NP_001375054.1	0	N/A	31.343	201	17	2.33e-18	92.4	poly(A) RNA polymerase GLD2 isoform 2 [Homo sapiens]	TRUE	TENT2
XP_011394085.1	NP_001375053.1	0	N/A	31.343	201	17	2.33e-18	92.4	poly(A) RNA polymerase GLD2 isoform 2 [Homo sapiens]	TRUE	TENT2
XP_011394085.1	NP_001375052.1	0	N/A	31.343	201	17	2.33e-18	92.4	poly(A) RNA polymerase GLD2 isoform 2 [Homo sapiens]	TRUE	TENT2
XP_011394085.1	NP_001375051.1	0	N/A	31.343	201	17	2.33e-18	92.4	poly(A) RNA polymerase GLD2 isoform 2 [Homo sapiens]	TRUE	TENT2
XP_011394085.1	NP_001375050.1	0	N/A	31.343	201	17	2.33e-18	92.4	poly(A) RNA polymerase GLD2 isoform 2 [Homo sapiens]	TRUE	TENT2
XP_011394085.1	NP_001375049.1	0	N/A	31.343	201	17	2.33e-18	92.4	poly(A) RNA polymerase GLD2 isoform 2 [Homo sapiens]	TRUE	TENT2
XP_011394085.1	NP_001375048.1	0	N/A	31.343	201	17	2.33e-18	92.4	poly(A) RNA polymerase GLD2 isoform 2 [Homo sapiens]	TRUE	TENT2
XP_011394085.1	NP_001375047.1	0	N/A	31.343	201	17	2.33e-18	92.4	poly(A) RNA polymerase GLD2 isoform 2 [Homo sapiens]	TRUE	TENT2
XP_011394085.1	NP_001375046.1	0	N/A	31.343	201	17	2.33e-18	92.4	poly(A) RNA polymerase GLD2 isoform 2 [Homo sapiens]	TRUE	TENT2
XP_011394085.1	NP_001375045.1	0	N/A	31.343	201	17	2.33e-18	92.4	poly(A) RNA polymerase GLD2 isoform 2 [Homo sapiens]	TRUE	TENT2
XP_011394085.1	NP_001375044.1	0	N/A	31.343	201	17	2.33e-18	92.4	poly(A) RNA polymerase GLD2 isoform 2 [Homo sapiens]	TRUE	TENT2
XP_011394085.1	NP_001375043.1	0	N/A	31.343	201	17	2.33e-18	92.4	poly(A) RNA polymerase GLD2 isoform 2 [Homo sapiens]	TRUE	TENT2
XP_011394085.1	NP_001336483.1	0	N/A	31.343	201	17	2.33e-18	92.4	poly(A) RNA polymerase GLD2 isoform 2 [Homo sapiens]	TRUE	TENT2
XP_011394085.1	NP_001284673.1	0	N/A	31.343	201	17	2.33e-18	92.4	poly(A) RNA polymerase GLD2 isoform 2 [Homo sapiens]	TRUE	TENT2
XP_011394085.1	NP_001375061.1	0	N/A	31.343	201	17	2.41e-18	92	poly(A) RNA polymerase GLD2 isoform 12 [Homo sapiens]	TRUE	TENT2
XP_011394085.1	NP_001375059.1	0	N/A	31.343	201	17	2.42e-18	92.4	poly(A) RNA polymerase GLD2 isoform 10 [Homo sapiens]	TRUE	TENT2
XP_011394085.1	XP_016870620.1	0	N/A	29.268	246	20	2.68e-18	94	terminal uridylyltransferase 7 isoform X4 [Homo sapiens]	TRUE	Tut7
XP_011394085.1	XP_016870619.1	0	N/A	29.268	246	20	2.68e-18	94	terminal uridylyltransferase 7 isoform X4 [Homo sapiens]	TRUE	Tut7
XP_011394085.1	NP_078893.2	0	N/A	29.268	246	20	2.68e-18	94	terminal uridylyltransferase 7 isoform 1 [Homo sapiens]	TRUE	Tut7
XP_011394085.1	NP_001171988.1	0	N/A	29.268	246	20	2.68e-18	94	terminal uridylyltransferase 7 isoform 1 [Homo sapiens]	TRUE	Tut7
XP_011394085.1	XP_047279823.1	0	N/A	29.268	246	20	2.92e-18	94	terminal uridylyltransferase 7 isoform X2 [Homo sapiens]	TRUE	Tut7
XP_011394085.1	XP_006717346.1	0	N/A	29.268	246	20	2.92e-18	94	terminal uridylyltransferase 7 isoform X2 [Homo sapiens]	TRUE	Tut7
XP_011394085.1	NP_001172003.1	0	N/A	32.308	195	16	2.96e-18	93.6	terminal uridylyltransferase 7 isoform 2 [Homo sapiens]	TRUE	Tut7
XP_011394085.1	XP_047279825.1	0	N/A	29.268	246	20	3.06e-18	94	terminal uridylyltransferase 7 isoform X6 [Homo sapiens]	TRUE	Tut7
XP_011394085.1	XP_047279824.1	0	N/A	29.268	246	20	3.06e-18	94	terminal uridylyltransferase 7 isoform X6 [Homo sapiens]	TRUE	Tut7
XP_011394085.1	XP_005252264.1	0	N/A	29.268	246	20	3.06e-18	94	terminal uridylyltransferase 7 isoform X6 [Homo sapiens]	TRUE	Tut7
XP_011394085.1	XP_011517318.1	0	N/A	29.268	246	20	3.28e-18	93.6	terminal uridylyltransferase 7 isoform X5 [Homo sapiens]	TRUE	Tut7
XP_011394085.1	XP_011517317.1	0	N/A	29.268	246	20	3.35e-18	93.6	terminal uridylyltransferase 7 isoform X3 [Homo sapiens]	TRUE	Tut7
XP_011394085.1	XP_005252265.1	0	N/A	29.268	246	20	3.35e-18	93.6	terminal uridylyltransferase 7 isoform X7 [Homo sapiens]	TRUE	Tut7
XP_011394085.1	XP_047272808.1	0	N/A	31.343	201	17	3.44e-18	91.7	poly(A) RNA polymerase GLD2 isoform X3 [Homo sapiens]	TRUE	TENT2
XP_011394085.1	XP_047272807.1	0	N/A	31.343	201	17	3.44e-18	91.7	poly(A) RNA polymerase GLD2 isoform X3 [Homo sapiens]	TRUE	TENT2
XP_011394085.1	XP_047272806.1	0	N/A	31.343	201	17	3.44e-18	91.7	poly(A) RNA polymerase GLD2 isoform X3 [Homo sapiens]	TRUE	TENT2
XP_011394085.1	NP_776158.2	0	N/A	31.343	201	17	3.44e-18	91.7	poly(A) RNA polymerase GLD2 isoform 1 [Homo sapiens]	TRUE	TENT2
XP_011394085.1	NP_001375041.1	0	N/A	31.343	201	17	3.44e-18	91.7	poly(A) RNA polymerase GLD2 isoform 1 [Homo sapiens]	TRUE	TENT2
XP_011394085.1	NP_001375040.1	0	N/A	31.343	201	17	3.44e-18	91.7	poly(A) RNA polymerase GLD2 isoform 1 [Homo sapiens]	TRUE	TENT2
XP_011394085.1	NP_001375039.1	0	N/A	31.343	201	17	3.44e-18	91.7	poly(A) RNA polymerase GLD2 isoform 1 [Homo sapiens]	TRUE	TENT2
XP_011394085.1	NP_001375038.1	0	N/A	31.343	201	17	3.44e-18	91.7	poly(A) RNA polymerase GLD2 isoform 1 [Homo sapiens]	TRUE	TENT2
XP_011394085.1	NP_001375037.1	0	N/A	31.343	201	17	3.44e-18	91.7	poly(A) RNA polymerase GLD2 isoform 1 [Homo sapiens]	TRUE	TENT2
XP_011394085.1	NP_001375036.1	0	N/A	31.343	201	17	3.44e-18	91.7	poly(A) RNA polymerase GLD2 isoform 1 [Homo sapiens]	TRUE	TENT2
XP_011394085.1	NP_001375035.1	0	N/A	31.343	201	17	3.44e-18	91.7	poly(A) RNA polymerase GLD2 isoform 1 [Homo sapiens]	TRUE	TENT2
XP_011394085.1	NP_001375034.1	0	N/A	31.343	201	17	3.44e-18	91.7	poly(A) RNA polymerase GLD2 isoform 1 [Homo sapiens]	TRUE	TENT2
XP_011394085.1	NP_001375032.1	0	N/A	31.343	201	17	3.44e-18	91.7	poly(A) RNA polymerase GLD2 isoform 1 [Homo sapiens]	TRUE	TENT2
XP_011394085.1	NP_001375031.1	0	N/A	31.343	201	17	3.44e-18	91.7	poly(A) RNA polymerase GLD2 isoform 1 [Homo sapiens]	TRUE	TENT2
XP_011394085.1	NP_001336482.1	0	N/A	31.343	201	17	3.44e-18	91.7	poly(A) RNA polymerase GLD2 isoform 1 [Homo sapiens]	TRUE	TENT2
XP_011394085.1	NP_001336481.1	0	N/A	31.343	201	17	3.44e-18	91.7	poly(A) RNA polymerase GLD2 isoform 1 [Homo sapiens]	TRUE	TENT2
XP_011394085.1	NP_001107866.1	0	N/A	31.343	201	17	3.44e-18	91.7	poly(A) RNA polymerase GLD2 isoform 1 [Homo sapiens]	TRUE	TENT2
XP_011394085.1	NP_001107865.1	0	N/A	31.343	201	17	3.44e-18	91.7	poly(A) RNA polymerase GLD2 isoform 1 [Homo sapiens]	TRUE	TENT2
XP_011394085.1	NP_001375060.1	0	N/A	31.343	201	17	3.49e-18	91.7	poly(A) RNA polymerase GLD2 isoform 11 [Homo sapiens]	TRUE	TENT2
XP_011394085.1	NP_001375030.1	0	N/A	31.313	198	17	3.54e-18	92	poly(A) RNA polymerase GLD2 isoform 9 [Homo sapiens]	TRUE	TENT2
XP_011394085.1	NP_001375042.1	0	N/A	31.343	201	17	3.6e-18	91.7	poly(A) RNA polymerase GLD2 isoform 16 [Homo sapiens]	TRUE	TENT2
XP_011394085.1	XP_011517316.1	0	N/A	29.268	246	20	3.98e-18	93.6	terminal uridylyltransferase 7 isoform X1 [Homo sapiens]	TRUE	Tut7
XP_011394085.1	XP_011517315.1	0	N/A	29.268	246	20	3.98e-18	93.6	terminal uridylyltransferase 7 isoform X1 [Homo sapiens]	TRUE	Tut7
XP_011394085.1	XP_011517314.1	0	N/A	29.268	246	20	3.98e-18	93.6	terminal uridylyltransferase 7 isoform X1 [Homo sapiens]	TRUE	Tut7
XP_011394085.1	XP_011517313.1	0	N/A	29.268	246	20	3.98e-18	93.6	terminal uridylyltransferase 7 isoform X1 [Homo sapiens]	TRUE	Tut7
XP_011394085.1	NP_001375029.1	0	N/A	31.313	198	17	4.9e-18	91.3	poly(A) RNA polymerase GLD2 isoform 8 [Homo sapiens]	TRUE	TENT2
XP_011394085.1	NP_001375028.1	0	N/A	31.313	198	17	4.9e-18	91.3	poly(A) RNA polymerase GLD2 isoform 8 [Homo sapiens]	TRUE	TENT2
XP_011394085.1	XP_047272288.1	0	N/A	34.01	197	17	4.94e-18	93.2	terminal uridylyltransferase 4 isoform X10 [Homo sapiens]	TRUE	Tut4
XP_011394085.1	XP_016856297.1	0	N/A	34.01	197	17	5.2e-18	93.2	terminal uridylyltransferase 4 isoform X36 [Homo sapiens]	TRUE	Tut4
XP_011394085.1	XP_016856293.1	0	N/A	34.01	197	17	5.56e-18	93.2	terminal uridylyltransferase 4 isoform X16 [Homo sapiens]	TRUE	Tut4
XP_011394085.1	XP_047272280.1	0	N/A	34.01	197	17	5.69e-18	92.8	terminal uridylyltransferase 4 isoform X3 [Homo sapiens]	TRUE	Tut4
XP_011394085.1	XP_005270736.1	0	N/A	34.01	197	17	5.69e-18	92.8	terminal uridylyltransferase 4 isoform X3 [Homo sapiens]	TRUE	Tut4
XP_011394085.1	XP_016856292.1	0	N/A	34.01	197	17	5.71e-18	92.8	terminal uridylyltransferase 4 isoform X9 [Homo sapiens]	TRUE	Tut4
XP_011394085.1	XP_047272285.1	0	N/A	34.01	197	17	5.71e-18	92.8	terminal uridylyltransferase 4 isoform X7 [Homo sapiens]	TRUE	Tut4
XP_011394085.1	XP_047272365.1	0	N/A	34.01	197	17	5.75e-18	92.8	terminal uridylyltransferase 4 isoform X38 [Homo sapiens]	TRUE	Tut4
XP_011394085.1	XP_016856299.1	0	N/A	34.01	197	17	5.89e-18	92.8	terminal uridylyltransferase 4 isoform X40 [Homo sapiens]	TRUE	Tut4
XP_011394085.1	XP_047272305.1	0	N/A	34.01	197	17	5.95e-18	92.8	terminal uridylyltransferase 4 isoform X17 [Homo sapiens]	TRUE	Tut4
XP_011394085.1	XP_047272283.1	0	N/A	34.01	197	17	5.98e-18	92.8	terminal uridylyltransferase 4 isoform X6 [Homo sapiens]	TRUE	Tut4
XP_011394085.1	XP_005270737.1	0	N/A	34.01	197	17	5.98e-18	92.8	terminal uridylyltransferase 4 isoform X6 [Homo sapiens]	TRUE	Tut4
XP_011443992.3	NP_060579.3	0	N/A	25.969	516	54	2.57e-46	178	poly(A) RNA polymerase, mitochondrial precursor [Homo sapiens]	TRUE	mtPAP
XP_011443992.3	NP_073741.3	0	N/A	37.168	226	24	7.44e-40	161	speckle targeted PIP5K1A-regulated poly(A) polymerase isoform 1 [Homo sapiens]	TRUE	Tut1
XP_011443992.3	NP_001317647.1	0	N/A	29.118	340	36	2e-34	144	terminal uridylyltransferase 7 isoform 3 [Homo sapiens]	TRUE	Tut7
XP_011443992.3	XP_016870620.1	0	N/A	29.118	340	36	6.33e-34	144	terminal uridylyltransferase 7 isoform X4 [Homo sapiens]	TRUE	Tut7
XP_011443992.3	XP_016870619.1	0	N/A	29.118	340	36	6.33e-34	144	terminal uridylyltransferase 7 isoform X4 [Homo sapiens]	TRUE	Tut7
XP_011443992.3	NP_078893.2	0	N/A	29.118	340	36	6.33e-34	144	terminal uridylyltransferase 7 isoform 1 [Homo sapiens]	TRUE	Tut7
XP_011443992.3	NP_001171988.1	0	N/A	29.118	340	36	6.33e-34	144	terminal uridylyltransferase 7 isoform 1 [Homo sapiens]	TRUE	Tut7
XP_011443992.3	XP_047279825.1	0	N/A	29.118	340	36	6.91e-34	144	terminal uridylyltransferase 7 isoform X6 [Homo sapiens]	TRUE	Tut7
XP_011443992.3	XP_047279824.1	0	N/A	29.118	340	36	6.91e-34	144	terminal uridylyltransferase 7 isoform X6 [Homo sapiens]	TRUE	Tut7
XP_011443992.3	XP_005252264.1	0	N/A	29.118	340	36	6.91e-34	144	terminal uridylyltransferase 7 isoform X6 [Homo sapiens]	TRUE	Tut7
XP_011443992.3	XP_011517318.1	0	N/A	29.118	340	36	7.19e-34	144	terminal uridylyltransferase 7 isoform X5 [Homo sapiens]	TRUE	Tut7
XP_011443992.3	XP_047279823.1	0	N/A	29.118	340	36	7.41e-34	144	terminal uridylyltransferase 7 isoform X2 [Homo sapiens]	TRUE	Tut7
XP_011443992.3	XP_006717346.1	0	N/A	29.118	340	36	7.41e-34	144	terminal uridylyltransferase 7 isoform X2 [Homo sapiens]	TRUE	Tut7
XP_011443992.3	XP_005252265.1	0	N/A	29.118	340	36	9.68e-34	143	terminal uridylyltransferase 7 isoform X7 [Homo sapiens]	TRUE	Tut7
XP_011443992.3	XP_011517316.1	0	N/A	29.118	340	36	1.01e-33	143	terminal uridylyltransferase 7 isoform X1 [Homo sapiens]	TRUE	Tut7
XP_011443992.3	XP_011517315.1	0	N/A	29.118	340	36	1.01e-33	143	terminal uridylyltransferase 7 isoform X1 [Homo sapiens]	TRUE	Tut7
XP_011443992.3	XP_011517314.1	0	N/A	29.118	340	36	1.01e-33	143	terminal uridylyltransferase 7 isoform X1 [Homo sapiens]	TRUE	Tut7
XP_011443992.3	XP_011517313.1	0	N/A	29.118	340	36	1.01e-33	143	terminal uridylyltransferase 7 isoform X1 [Homo sapiens]	TRUE	Tut7
XP_011443992.3	XP_011517317.1	0	N/A	29.118	340	36	1.03e-33	143	terminal uridylyltransferase 7 isoform X3 [Homo sapiens]	TRUE	Tut7
XP_011443992.3	NP_001172003.1	0	N/A	28.74	254	27	3.92e-26	118	terminal uridylyltransferase 7 isoform 2 [Homo sapiens]	TRUE	Tut7
XP_011443992.3	XP_005270735.1	0	N/A	27.458	295	31	7.92e-25	114	terminal uridylyltransferase 4 isoform X2 [Homo sapiens]	TRUE	Tut4
XP_011443992.3	XP_047272280.1	0	N/A	27.458	295	31	8.05e-25	114	terminal uridylyltransferase 4 isoform X3 [Homo sapiens]	TRUE	Tut4
XP_011443992.3	XP_005270736.1	0	N/A	27.458	295	31	8.05e-25	114	terminal uridylyltransferase 4 isoform X3 [Homo sapiens]	TRUE	Tut4
XP_011443992.3	XP_047272288.1	0	N/A	27.458	295	31	8.06e-25	114	terminal uridylyltransferase 4 isoform X10 [Homo sapiens]	TRUE	Tut4
XP_011443992.3	XP_011539399.1	0	N/A	27.458	295	31	8.2e-25	114	terminal uridylyltransferase 4 isoform X1 [Homo sapiens]	TRUE	Tut4
XP_011443992.3	XP_005270733.1	0	N/A	27.458	295	31	8.2e-25	114	terminal uridylyltransferase 4 isoform X1 [Homo sapiens]	TRUE	Tut4
XP_011443992.3	XP_016856293.1	0	N/A	27.458	295	31	8.33e-25	114	terminal uridylyltransferase 4 isoform X16 [Homo sapiens]	TRUE	Tut4
XP_011443992.3	XP_005270739.1	0	N/A	27.458	295	31	8.73e-25	114	terminal uridylyltransferase 4 isoform X33 [Homo sapiens]	TRUE	Tut4
XP_011443992.3	XP_047272283.1	0	N/A	27.458	295	31	8.75e-25	114	terminal uridylyltransferase 4 isoform X6 [Homo sapiens]	TRUE	Tut4
XP_011443992.3	XP_005270737.1	0	N/A	27.458	295	31	8.75e-25	114	terminal uridylyltransferase 4 isoform X6 [Homo sapiens]	TRUE	Tut4
XP_011443992.3	XP_047272295.1	0	N/A	27.458	295	31	8.92e-25	114	terminal uridylyltransferase 4 isoform X12 [Homo sapiens]	TRUE	Tut4
XP_011443992.3	XP_016856297.1	0	N/A	27.458	295	31	8.95e-25	114	terminal uridylyltransferase 4 isoform X36 [Homo sapiens]	TRUE	Tut4
XP_011443992.3	XP_047272285.1	0	N/A	27.458	295	31	9.02e-25	114	terminal uridylyltransferase 4 isoform X7 [Homo sapiens]	TRUE	Tut4
XP_011443992.3	XP_047272286.1	0	N/A	27.458	295	31	9.17e-25	114	terminal uridylyltransferase 4 isoform X8 [Homo sapiens]	TRUE	Tut4
XP_011443992.3	XP_016856292.1	0	N/A	27.458	295	31	9.24e-25	114	terminal uridylyltransferase 4 isoform X9 [Homo sapiens]	TRUE	Tut4
XP_011443992.3	XP_047272305.1	0	N/A	27.458	295	31	9.3e-25	114	terminal uridylyltransferase 4 isoform X17 [Homo sapiens]	TRUE	Tut4
XP_011443992.3	XP_047272290.1	0	N/A	27.458	295	31	9.4e-25	114	terminal uridylyltransferase 4 isoform X11 [Homo sapiens]	TRUE	Tut4
XP_011443992.3	XP_047272282.1	0	N/A	27.458	295	31	9.54e-25	114	terminal uridylyltransferase 4 isoform X5 [Homo sapiens]	TRUE	Tut4
XP_011443992.3	NP_056084.1	0	N/A	27.458	295	31	9.54e-25	114	terminal uridylyltransferase 4 isoform b [Homo sapiens]	TRUE	Tut4
XP_011443992.3	XP_047272281.1	0	N/A	27.458	295	31	9.71e-25	114	terminal uridylyltransferase 4 isoform X4 [Homo sapiens]	TRUE	Tut4
XP_011443992.3	NP_001009881.1	0	N/A	27.458	295	31	9.71e-25	114	terminal uridylyltransferase 4 isoform a [Homo sapiens]	TRUE	Tut4
XP_011443992.3	XP_047272296.1	0	N/A	27.458	295	31	9.97e-25	114	terminal uridylyltransferase 4 isoform X13 [Homo sapiens]	TRUE	Tut4
XP_011443992.3	XP_016856295.1	0	N/A	27.458	295	31	1.02e-24	114	terminal uridylyltransferase 4 isoform X25 [Homo sapiens]	TRUE	Tut4
XP_011443992.3	XP_016856296.1	0	N/A	27.458	295	31	1.03e-24	114	terminal uridylyltransferase 4 isoform X28 [Homo sapiens]	TRUE	Tut4
XP_011443992.3	XP_047272365.1	0	N/A	27.458	295	31	1.07e-24	114	terminal uridylyltransferase 4 isoform X38 [Homo sapiens]	TRUE	Tut4
XP_011443992.3	XP_047272325.1	0	N/A	27.458	295	31	1.08e-24	114	terminal uridylyltransferase 4 isoform X23 [Homo sapiens]	TRUE	Tut4
XP_011443992.3	XP_011539401.1	0	N/A	27.458	295	31	1.09e-24	114	terminal uridylyltransferase 4 isoform X29 [Homo sapiens]	TRUE	Tut4
XP_011443992.3	XP_016856299.1	0	N/A	27.458	295	31	1.09e-24	114	terminal uridylyltransferase 4 isoform X40 [Homo sapiens]	TRUE	Tut4
XP_011443992.3	XP_047272345.1	0	N/A	27.458	295	31	1.11e-24	114	terminal uridylyltransferase 4 isoform X31 [Homo sapiens]	TRUE	Tut4
XP_011443992.3	XP_047272372.1	0	N/A	27.458	295	31	1.23e-24	114	terminal uridylyltransferase 4 isoform X42 [Homo sapiens]	TRUE	Tut4
XP_011443992.3	XP_047272350.1	0	N/A	27.458	295	31	1.24e-24	114	terminal uridylyltransferase 4 isoform X34 [Homo sapiens]	TRUE	Tut4
XP_011443992.3	XP_047272337.1	0	N/A	27.458	295	31	1.24e-24	114	terminal uridylyltransferase 4 isoform X27 [Homo sapiens]	TRUE	Tut4
XP_011443992.3	XP_047272344.1	0	N/A	27.458	295	31	1.29e-24	114	terminal uridylyltransferase 4 isoform X30 [Homo sapiens]	TRUE	Tut4
XP_011443992.3	XP_047272384.1	0	N/A	27.458	295	31	2.09e-24	112	terminal uridylyltransferase 4 isoform X46 [Homo sapiens]	TRUE	Tut4
XP_011443992.3	NP_001375027.1	0	N/A	23.829	491	49	2.48e-20	98.2	poly(A) RNA polymerase GLD2 isoform 7 [Homo sapiens]	TRUE	TENT2
XP_011443992.3	XP_047272805.1	0	N/A	26.51	298	31	2.56e-20	98.2	poly(A) RNA polymerase GLD2 isoform X2 [Homo sapiens]	TRUE	TENT2
XP_011443992.3	XP_047272804.1	0	N/A	26.51	298	31	2.56e-20	98.2	poly(A) RNA polymerase GLD2 isoform X2 [Homo sapiens]	TRUE	TENT2
XP_011443992.3	XP_047272803.1	0	N/A	26.51	298	31	2.56e-20	98.2	poly(A) RNA polymerase GLD2 isoform X2 [Homo sapiens]	TRUE	TENT2
XP_011443992.3	XP_047272802.1	0	N/A	26.51	298	31	2.56e-20	98.2	poly(A) RNA polymerase GLD2 isoform X2 [Homo sapiens]	TRUE	TENT2
XP_011443992.3	XP_016864641.1	0	N/A	26.51	298	31	2.56e-20	98.2	poly(A) RNA polymerase GLD2 isoform X2 [Homo sapiens]	TRUE	TENT2
XP_011443992.3	NP_001375026.1	0	N/A	26.51	298	31	2.56e-20	98.2	poly(A) RNA polymerase GLD2 isoform 6 [Homo sapiens]	TRUE	TENT2
XP_011443992.3	NP_001375025.1	0	N/A	26.51	298	31	2.56e-20	98.2	poly(A) RNA polymerase GLD2 isoform 6 [Homo sapiens]	TRUE	TENT2
XP_011443992.3	NP_001375024.1	0	N/A	26.51	298	31	2.56e-20	98.2	poly(A) RNA polymerase GLD2 isoform 6 [Homo sapiens]	TRUE	TENT2
XP_011443992.3	NP_001336480.1	0	N/A	26.51	298	31	2.56e-20	98.2	poly(A) RNA polymerase GLD2 isoform 6 [Homo sapiens]	TRUE	TENT2
XP_011443992.3	XP_047272801.1	0	N/A	26.846	298	31	7.37e-20	96.7	poly(A) RNA polymerase GLD2 isoform X1 [Homo sapiens]	TRUE	TENT2
XP_011443992.3	XP_047272800.1	0	N/A	26.846	298	31	7.37e-20	96.7	poly(A) RNA polymerase GLD2 isoform X1 [Homo sapiens]	TRUE	TENT2
XP_011443992.3	XP_011541527.1	0	N/A	26.846	298	31	7.37e-20	96.7	poly(A) RNA polymerase GLD2 isoform X1 [Homo sapiens]	TRUE	TENT2
XP_011443992.3	XP_011541526.1	0	N/A	26.846	298	31	7.37e-20	96.7	poly(A) RNA polymerase GLD2 isoform X1 [Homo sapiens]	TRUE	TENT2
XP_011443992.3	XP_011541523.1	0	N/A	26.846	298	31	7.37e-20	96.7	poly(A) RNA polymerase GLD2 isoform X1 [Homo sapiens]	TRUE	TENT2
XP_011443992.3	XP_011541522.1	0	N/A	26.846	298	31	7.37e-20	96.7	poly(A) RNA polymerase GLD2 isoform X1 [Homo sapiens]	TRUE	TENT2
XP_011443992.3	NP_001375023.1	0	N/A	26.846	298	31	7.37e-20	96.7	poly(A) RNA polymerase GLD2 isoform 5 [Homo sapiens]	TRUE	TENT2
XP_011443992.3	NP_001375022.1	0	N/A	26.846	298	31	7.37e-20	96.7	poly(A) RNA polymerase GLD2 isoform 5 [Homo sapiens]	TRUE	TENT2
XP_011443992.3	NP_001336479.1	0	N/A	26.846	298	31	7.37e-20	96.7	poly(A) RNA polymerase GLD2 isoform 5 [Homo sapiens]	TRUE	TENT2
XP_011443992.3	NP_001336478.1	0	N/A	26.846	298	31	7.37e-20	96.7	poly(A) RNA polymerase GLD2 isoform 5 [Homo sapiens]	TRUE	TENT2
XP_011443992.3	NP_001354835.1	0	N/A	26.515	264	28	1.23e-19	95.9	speckle targeted PIP5K1A-regulated poly(A) polymerase isoform 2 [Homo sapiens]	TRUE	Tut1
XP_011443992.3	NP_001375060.1	0	N/A	25.926	297	31	3.79e-19	94	poly(A) RNA polymerase GLD2 isoform 11 [Homo sapiens]	TRUE	TENT2
XP_011443992.3	XP_047272808.1	0	N/A	25.926	297	31	5.88e-19	93.6	poly(A) RNA polymerase GLD2 isoform X3 [Homo sapiens]	TRUE	TENT2
XP_011443992.3	XP_047272807.1	0	N/A	25.926	297	31	5.88e-19	93.6	poly(A) RNA polymerase GLD2 isoform X3 [Homo sapiens]	TRUE	TENT2
XP_011443992.3	XP_047272806.1	0	N/A	25.926	297	31	5.88e-19	93.6	poly(A) RNA polymerase GLD2 isoform X3 [Homo sapiens]	TRUE	TENT2
XP_011443992.3	NP_776158.2	0	N/A	25.926	297	31	5.88e-19	93.6	poly(A) RNA polymerase GLD2 isoform 1 [Homo sapiens]	TRUE	TENT2
XP_011443992.3	NP_001375041.1	0	N/A	25.926	297	31	5.88e-19	93.6	poly(A) RNA polymerase GLD2 isoform 1 [Homo sapiens]	TRUE	TENT2
XP_011443992.3	NP_001375040.1	0	N/A	25.926	297	31	5.88e-19	93.6	poly(A) RNA polymerase GLD2 isoform 1 [Homo sapiens]	TRUE	TENT2
XP_011443992.3	NP_001375039.1	0	N/A	25.926	297	31	5.88e-19	93.6	poly(A) RNA polymerase GLD2 isoform 1 [Homo sapiens]	TRUE	TENT2
XP_011443992.3	NP_001375038.1	0	N/A	25.926	297	31	5.88e-19	93.6	poly(A) RNA polymerase GLD2 isoform 1 [Homo sapiens]	TRUE	TENT2
XP_011443992.3	NP_001375037.1	0	N/A	25.926	297	31	5.88e-19	93.6	poly(A) RNA polymerase GLD2 isoform 1 [Homo sapiens]	TRUE	TENT2
XP_011443992.3	NP_001375036.1	0	N/A	25.926	297	31	5.88e-19	93.6	poly(A) RNA polymerase GLD2 isoform 1 [Homo sapiens]	TRUE	TENT2
XP_011443992.3	NP_001375035.1	0	N/A	25.926	297	31	5.88e-19	93.6	poly(A) RNA polymerase GLD2 isoform 1 [Homo sapiens]	TRUE	TENT2
XP_011443992.3	NP_001375034.1	0	N/A	25.926	297	31	5.88e-19	93.6	poly(A) RNA polymerase GLD2 isoform 1 [Homo sapiens]	TRUE	TENT2
XP_011443992.3	NP_001375032.1	0	N/A	25.926	297	31	5.88e-19	93.6	poly(A) RNA polymerase GLD2 isoform 1 [Homo sapiens]	TRUE	TENT2
XP_011443992.3	NP_001375031.1	0	N/A	25.926	297	31	5.88e-19	93.6	poly(A) RNA polymerase GLD2 isoform 1 [Homo sapiens]	TRUE	TENT2
XP_011443992.3	NP_001336482.1	0	N/A	25.926	297	31	5.88e-19	93.6	poly(A) RNA polymerase GLD2 isoform 1 [Homo sapiens]	TRUE	TENT2
XP_011443992.3	NP_001336481.1	0	N/A	25.926	297	31	5.88e-19	93.6	poly(A) RNA polymerase GLD2 isoform 1 [Homo sapiens]	TRUE	TENT2
XP_011443992.3	NP_001107866.1	0	N/A	25.926	297	31	5.88e-19	93.6	poly(A) RNA polymerase GLD2 isoform 1 [Homo sapiens]	TRUE	TENT2
XP_011443992.3	NP_001107865.1	0	N/A	25.926	297	31	5.88e-19	93.6	poly(A) RNA polymerase GLD2 isoform 1 [Homo sapiens]	TRUE	TENT2
XP_011443992.3	NP_001375042.1	0	N/A	25.926	297	31	6.68e-19	93.6	poly(A) RNA polymerase GLD2 isoform 16 [Homo sapiens]	TRUE	TENT2
XP_011443992.3	NP_001375065.1	0	N/A	25.839	298	31	7.13e-19	92	poly(A) RNA polymerase GLD2 isoform 14 [Homo sapiens]	TRUE	TENT2
XP_011443992.3	NP_001375061.1	0	N/A	25.839	298	31	1.34e-18	92.4	poly(A) RNA polymerase GLD2 isoform 12 [Homo sapiens]	TRUE	TENT2
XP_011443992.3	NP_001375059.1	0	N/A	25.839	298	31	2.25e-18	92	poly(A) RNA polymerase GLD2 isoform 10 [Homo sapiens]	TRUE	TENT2
XP_011443992.3	XP_047272811.1	0	N/A	25.839	298	31	2.28e-18	92	poly(A) RNA polymerase GLD2 isoform X4 [Homo sapiens]	TRUE	TENT2
XP_011443992.3	XP_047272810.1	0	N/A	25.839	298	31	2.28e-18	92	poly(A) RNA polymerase GLD2 isoform X4 [Homo sapiens]	TRUE	TENT2
XP_011444007.3	XP_016856293.1	0	N/A	28.727	275	40	1.96e-14	79.7	terminal uridylyltransferase 4 isoform X16 [Homo sapiens]	TRUE	Tut4
XP_011444007.3	XP_016856292.1	0	N/A	28.727	275	40	2e-14	79.7	terminal uridylyltransferase 4 isoform X9 [Homo sapiens]	TRUE	Tut4
XP_011444007.3	XP_047272288.1	0	N/A	28.727	275	40	2.05e-14	79.7	terminal uridylyltransferase 4 isoform X10 [Homo sapiens]	TRUE	Tut4
XP_011444007.3	XP_047272283.1	0	N/A	28.727	275	40	2.11e-14	79.7	terminal uridylyltransferase 4 isoform X6 [Homo sapiens]	TRUE	Tut4
XP_011444007.3	XP_005270737.1	0	N/A	28.727	275	40	2.11e-14	79.7	terminal uridylyltransferase 4 isoform X6 [Homo sapiens]	TRUE	Tut4
XP_011444007.3	XP_047272285.1	0	N/A	28.727	275	40	2.25e-14	79.7	terminal uridylyltransferase 4 isoform X7 [Homo sapiens]	TRUE	Tut4
XP_011444007.3	XP_047272282.1	0	N/A	28.727	275	40	2.34e-14	79.7	terminal uridylyltransferase 4 isoform X5 [Homo sapiens]	TRUE	Tut4
XP_011444007.3	NP_056084.1	0	N/A	28.727	275	40	2.34e-14	79.7	terminal uridylyltransferase 4 isoform b [Homo sapiens]	TRUE	Tut4
XP_011444007.3	XP_047272281.1	0	N/A	28.727	275	40	2.4e-14	79.3	terminal uridylyltransferase 4 isoform X4 [Homo sapiens]	TRUE	Tut4
XP_011444007.3	NP_001009881.1	0	N/A	28.727	275	40	2.4e-14	79.3	terminal uridylyltransferase 4 isoform a [Homo sapiens]	TRUE	Tut4
XP_011444007.3	XP_016856299.1	0	N/A	28.727	275	40	2.44e-14	79.3	terminal uridylyltransferase 4 isoform X40 [Homo sapiens]	TRUE	Tut4
XP_011444007.3	XP_047272365.1	0	N/A	28.727	275	40	2.53e-14	79.3	terminal uridylyltransferase 4 isoform X38 [Homo sapiens]	TRUE	Tut4
XP_011444007.3	XP_005270735.1	0	N/A	28.727	275	40	2.71e-14	79.3	terminal uridylyltransferase 4 isoform X2 [Homo sapiens]	TRUE	Tut4
XP_011444007.3	XP_011539399.1	0	N/A	28.727	275	40	2.71e-14	79.3	terminal uridylyltransferase 4 isoform X1 [Homo sapiens]	TRUE	Tut4
XP_011444007.3	XP_005270733.1	0	N/A	28.727	275	40	2.71e-14	79.3	terminal uridylyltransferase 4 isoform X1 [Homo sapiens]	TRUE	Tut4
XP_011444007.3	XP_016856296.1	0	N/A	28.727	275	40	2.82e-14	79.3	terminal uridylyltransferase 4 isoform X28 [Homo sapiens]	TRUE	Tut4
XP_011444007.3	XP_016856297.1	0	N/A	28.727	275	40	2.83e-14	79.3	terminal uridylyltransferase 4 isoform X36 [Homo sapiens]	TRUE	Tut4
XP_011444007.3	XP_047272280.1	0	N/A	28.727	275	40	2.88e-14	79.3	terminal uridylyltransferase 4 isoform X3 [Homo sapiens]	TRUE	Tut4
XP_011444007.3	XP_005270736.1	0	N/A	28.727	275	40	2.88e-14	79.3	terminal uridylyltransferase 4 isoform X3 [Homo sapiens]	TRUE	Tut4
XP_011444007.3	XP_005270739.1	0	N/A	28.727	275	40	2.98e-14	79.3	terminal uridylyltransferase 4 isoform X33 [Homo sapiens]	TRUE	Tut4
XP_011444007.3	XP_047272337.1	0	N/A	28.727	275	40	3.07e-14	79.3	terminal uridylyltransferase 4 isoform X27 [Homo sapiens]	TRUE	Tut4
XP_011444007.3	XP_011539401.1	0	N/A	28.727	275	40	3.2e-14	79	terminal uridylyltransferase 4 isoform X29 [Homo sapiens]	TRUE	Tut4
XP_011444007.3	XP_047272345.1	0	N/A	28.727	275	40	3.22e-14	79	terminal uridylyltransferase 4 isoform X31 [Homo sapiens]	TRUE	Tut4
XP_011444007.3	XP_016856295.1	0	N/A	28.727	275	40	3.29e-14	79	terminal uridylyltransferase 4 isoform X25 [Homo sapiens]	TRUE	Tut4
XP_011444007.3	XP_047272325.1	0	N/A	28.727	275	40	3.38e-14	79	terminal uridylyltransferase 4 isoform X23 [Homo sapiens]	TRUE	Tut4
XP_011444007.3	XP_047272384.1	0	N/A	28.727	275	40	9.28e-14	77.4	terminal uridylyltransferase 4 isoform X46 [Homo sapiens]	TRUE	Tut4
XP_011444007.3	XP_047279823.1	0	N/A	26.415	265	39	1.38e-13	77	terminal uridylyltransferase 7 isoform X2 [Homo sapiens]	TRUE	Tut7
XP_011444007.3	XP_006717346.1	0	N/A	26.415	265	39	1.38e-13	77	terminal uridylyltransferase 7 isoform X2 [Homo sapiens]	TRUE	Tut7
XP_011444007.3	XP_016870620.1	0	N/A	26.415	265	39	1.4e-13	77	terminal uridylyltransferase 7 isoform X4 [Homo sapiens]	TRUE	Tut7
XP_011444007.3	XP_016870619.1	0	N/A	26.415	265	39	1.4e-13	77	terminal uridylyltransferase 7 isoform X4 [Homo sapiens]	TRUE	Tut7
XP_011444007.3	NP_078893.2	0	N/A	26.415	265	39	1.4e-13	77	terminal uridylyltransferase 7 isoform 1 [Homo sapiens]	TRUE	Tut7
XP_011444007.3	NP_001171988.1	0	N/A	26.415	265	39	1.4e-13	77	terminal uridylyltransferase 7 isoform 1 [Homo sapiens]	TRUE	Tut7
XP_011444007.3	XP_047279825.1	0	N/A	26.415	265	39	1.51e-13	77	terminal uridylyltransferase 7 isoform X6 [Homo sapiens]	TRUE	Tut7
XP_011444007.3	XP_047279824.1	0	N/A	26.415	265	39	1.51e-13	77	terminal uridylyltransferase 7 isoform X6 [Homo sapiens]	TRUE	Tut7
XP_011444007.3	XP_005252264.1	0	N/A	26.415	265	39	1.51e-13	77	terminal uridylyltransferase 7 isoform X6 [Homo sapiens]	TRUE	Tut7
XP_011444007.3	XP_011517318.1	0	N/A	26.415	265	39	1.72e-13	76.6	terminal uridylyltransferase 7 isoform X5 [Homo sapiens]	TRUE	Tut7
XP_011444007.3	XP_011517317.1	0	N/A	26.415	265	39	1.79e-13	76.6	terminal uridylyltransferase 7 isoform X3 [Homo sapiens]	TRUE	Tut7
XP_011444007.3	XP_005252265.1	0	N/A	26.415	265	39	1.84e-13	76.6	terminal uridylyltransferase 7 isoform X7 [Homo sapiens]	TRUE	Tut7
XP_011444007.3	XP_011517316.1	0	N/A	26.415	265	39	1.88e-13	76.6	terminal uridylyltransferase 7 isoform X1 [Homo sapiens]	TRUE	Tut7
XP_011444007.3	XP_011517315.1	0	N/A	26.415	265	39	1.88e-13	76.6	terminal uridylyltransferase 7 isoform X1 [Homo sapiens]	TRUE	Tut7
XP_011444007.3	XP_011517314.1	0	N/A	26.415	265	39	1.88e-13	76.6	terminal uridylyltransferase 7 isoform X1 [Homo sapiens]	TRUE	Tut7
XP_011444007.3	XP_011517313.1	0	N/A	26.415	265	39	1.88e-13	76.6	terminal uridylyltransferase 7 isoform X1 [Homo sapiens]	TRUE	Tut7
XP_011444007.3	NP_001317647.1	0	N/A	26.415	265	39	2.11e-13	76.3	terminal uridylyltransferase 7 isoform 3 [Homo sapiens]	TRUE	Tut7
XP_011444007.3	XP_047272305.1	0	N/A	28.98	245	35	6.09e-13	75.1	terminal uridylyltransferase 4 isoform X17 [Homo sapiens]	TRUE	Tut4
XP_011444007.3	XP_047272296.1	0	N/A	28.98	245	35	6.58e-13	74.7	terminal uridylyltransferase 4 isoform X13 [Homo sapiens]	TRUE	Tut4
XP_011444007.3	XP_047272295.1	0	N/A	28.98	245	35	6.59e-13	74.7	terminal uridylyltransferase 4 isoform X12 [Homo sapiens]	TRUE	Tut4
XP_011444007.3	XP_047272372.1	0	N/A	28.98	245	35	7.69e-13	74.7	terminal uridylyltransferase 4 isoform X42 [Homo sapiens]	TRUE	Tut4
XP_011444007.3	XP_047272290.1	0	N/A	28.98	245	35	8.03e-13	74.7	terminal uridylyltransferase 4 isoform X11 [Homo sapiens]	TRUE	Tut4
XP_011444007.3	XP_047272286.1	0	N/A	28.98	245	35	8.03e-13	74.7	terminal uridylyltransferase 4 isoform X8 [Homo sapiens]	TRUE	Tut4
XP_011444007.3	XP_047272350.1	0	N/A	28.98	245	35	8.21e-13	74.7	terminal uridylyltransferase 4 isoform X34 [Homo sapiens]	TRUE	Tut4
XP_011444007.3	XP_047272336.1	0	N/A	27.953	254	40	8.33e-13	74.7	terminal uridylyltransferase 4 isoform X26 [Homo sapiens]	TRUE	Tut4
XP_011444007.3	XP_047272320.1	0	N/A	27.953	254	40	9e-13	74.3	terminal uridylyltransferase 4 isoform X22 [Homo sapiens]	TRUE	Tut4
XP_011444007.3	XP_047272327.1	0	N/A	27.953	254	40	9.08e-13	74.3	terminal uridylyltransferase 4 isoform X24 [Homo sapiens]	TRUE	Tut4
XP_011444007.3	XP_047272344.1	0	N/A	28.98	245	35	9.28e-13	74.3	terminal uridylyltransferase 4 isoform X30 [Homo sapiens]	TRUE	Tut4
XP_011444007.3	XP_047272377.1	0	N/A	27.953	254	40	1.01e-12	74.3	terminal uridylyltransferase 4 isoform X44 [Homo sapiens]	TRUE	Tut4
XP_011444007.3	XP_047272307.1	0	N/A	27.953	254	40	1.07e-12	74.3	terminal uridylyltransferase 4 isoform X19 [Homo sapiens]	TRUE	Tut4
XP_011444007.3	XP_016856294.1	0	N/A	27.953	254	40	1.08e-12	74.3	terminal uridylyltransferase 4 isoform X20 [Homo sapiens]	TRUE	Tut4
XP_011444007.3	XP_047272306.1	0	N/A	27.953	254	40	1.11e-12	74.3	terminal uridylyltransferase 4 isoform X18 [Homo sapiens]	TRUE	Tut4
XP_011444007.3	XP_047272373.1	0	N/A	27.953	254	40	1.11e-12	73.9	terminal uridylyltransferase 4 isoform X43 [Homo sapiens]	TRUE	Tut4
XP_011444007.3	XP_047272311.1	0	N/A	27.953	254	40	1.19e-12	73.9	terminal uridylyltransferase 4 isoform X21 [Homo sapiens]	TRUE	Tut4
XP_011444007.3	XP_047272362.1	0	N/A	27.953	254	40	1.4e-12	73.9	terminal uridylyltransferase 4 isoform X37 [Homo sapiens]	TRUE	Tut4
XP_011444007.3	XP_047272354.1	0	N/A	27.953	254	40	1.4e-12	73.9	terminal uridylyltransferase 4 isoform X35 [Homo sapiens]	TRUE	Tut4
XP_011444007.3	XP_047272303.1	0	N/A	27.953	254	40	1.44e-12	73.9	terminal uridylyltransferase 4 isoform X15 [Homo sapiens]	TRUE	Tut4
XP_011444007.3	XP_047272369.1	0	N/A	27.953	254	40	1.45e-12	73.6	terminal uridylyltransferase 4 isoform X41 [Homo sapiens]	TRUE	Tut4
XP_011444007.3	XP_005270738.1	0	N/A	27.953	254	40	1.46e-12	73.9	terminal uridylyltransferase 4 isoform X14 [Homo sapiens]	TRUE	Tut4
XP_011444007.3	XP_047272367.1	0	N/A	27.953	254	40	1.51e-12	73.6	terminal uridylyltransferase 4 isoform X39 [Homo sapiens]	TRUE	Tut4
XP_011444007.3	XP_047272348.1	0	N/A	27.953	254	40	2.06e-12	73.2	terminal uridylyltransferase 4 isoform X32 [Homo sapiens]	TRUE	Tut4
XP_011444007.3	NP_060579.3	0	N/A	20.048	414	60	1.52e-09	63.5	poly(A) RNA polymerase, mitochondrial precursor [Homo sapiens]	TRUE	mtPAP
XP_011444007.3	NP_001375061.1	0	N/A	23.776	286	40	4.51e-09	61.6	poly(A) RNA polymerase GLD2 isoform 12 [Homo sapiens]	TRUE	TENT2
XP_011444007.3	XP_047272811.1	0	N/A	23.776	286	40	4.62e-09	61.6	poly(A) RNA polymerase GLD2 isoform X4 [Homo sapiens]	TRUE	TENT2
XP_011444007.3	XP_047272810.1	0	N/A	23.776	286	40	4.62e-09	61.6	poly(A) RNA polymerase GLD2 isoform X4 [Homo sapiens]	TRUE	TENT2
XP_011444007.3	XP_047272809.1	0	N/A	23.776	286	40	4.62e-09	61.6	poly(A) RNA polymerase GLD2 isoform X4 [Homo sapiens]	TRUE	TENT2
XP_011444007.3	NP_001375058.1	0	N/A	23.776	286	40	4.62e-09	61.6	poly(A) RNA polymerase GLD2 isoform 2 [Homo sapiens]	TRUE	TENT2
XP_011444007.3	NP_001375057.1	0	N/A	23.776	286	40	4.62e-09	61.6	poly(A) RNA polymerase GLD2 isoform 2 [Homo sapiens]	TRUE	TENT2
XP_011444007.3	NP_001375056.1	0	N/A	23.776	286	40	4.62e-09	61.6	poly(A) RNA polymerase GLD2 isoform 2 [Homo sapiens]	TRUE	TENT2
XP_011444007.3	NP_001375055.1	0	N/A	23.776	286	40	4.62e-09	61.6	poly(A) RNA polymerase GLD2 isoform 2 [Homo sapiens]	TRUE	TENT2
XP_011444007.3	NP_001375054.1	0	N/A	23.776	286	40	4.62e-09	61.6	poly(A) RNA polymerase GLD2 isoform 2 [Homo sapiens]	TRUE	TENT2
XP_011444007.3	NP_001375053.1	0	N/A	23.776	286	40	4.62e-09	61.6	poly(A) RNA polymerase GLD2 isoform 2 [Homo sapiens]	TRUE	TENT2
XP_011444007.3	NP_001375052.1	0	N/A	23.776	286	40	4.62e-09	61.6	poly(A) RNA polymerase GLD2 isoform 2 [Homo sapiens]	TRUE	TENT2
XP_011444007.3	NP_001375051.1	0	N/A	23.776	286	40	4.62e-09	61.6	poly(A) RNA polymerase GLD2 isoform 2 [Homo sapiens]	TRUE	TENT2
XP_011444007.3	NP_001375050.1	0	N/A	23.776	286	40	4.62e-09	61.6	poly(A) RNA polymerase GLD2 isoform 2 [Homo sapiens]	TRUE	TENT2
XP_011444007.3	NP_001375049.1	0	N/A	23.776	286	40	4.62e-09	61.6	poly(A) RNA polymerase GLD2 isoform 2 [Homo sapiens]	TRUE	TENT2
XP_011444007.3	NP_001375048.1	0	N/A	23.776	286	40	4.62e-09	61.6	poly(A) RNA polymerase GLD2 isoform 2 [Homo sapiens]	TRUE	TENT2
XP_011444007.3	NP_001375047.1	0	N/A	23.776	286	40	4.62e-09	61.6	poly(A) RNA polymerase GLD2 isoform 2 [Homo sapiens]	TRUE	TENT2
XP_011444007.3	NP_001375046.1	0	N/A	23.776	286	40	4.62e-09	61.6	poly(A) RNA polymerase GLD2 isoform 2 [Homo sapiens]	TRUE	TENT2
XP_011444007.3	NP_001375045.1	0	N/A	23.776	286	40	4.62e-09	61.6	poly(A) RNA polymerase GLD2 isoform 2 [Homo sapiens]	TRUE	TENT2
XP_011444007.3	NP_001375044.1	0	N/A	23.776	286	40	4.62e-09	61.6	poly(A) RNA polymerase GLD2 isoform 2 [Homo sapiens]	TRUE	TENT2
XP_011444007.3	NP_001375043.1	0	N/A	23.776	286	40	4.62e-09	61.6	poly(A) RNA polymerase GLD2 isoform 2 [Homo sapiens]	TRUE	TENT2
XP_011444007.3	NP_001336483.1	0	N/A	23.776	286	40	4.62e-09	61.6	poly(A) RNA polymerase GLD2 isoform 2 [Homo sapiens]	TRUE	TENT2
XP_011444007.3	NP_001284673.1	0	N/A	23.776	286	40	4.62e-09	61.6	poly(A) RNA polymerase GLD2 isoform 2 [Homo sapiens]	TRUE	TENT2
XP_011444007.3	NP_001375059.1	0	N/A	23.776	286	40	4.99e-09	61.6	poly(A) RNA polymerase GLD2 isoform 10 [Homo sapiens]	TRUE	TENT2
XP_011444007.3	NP_001375065.1	0	N/A	23.776	286	40	5.48e-09	60.8	poly(A) RNA polymerase GLD2 isoform 14 [Homo sapiens]	TRUE	TENT2
XP_011444007.3	NP_001172003.1	0	N/A	26.667	210	30	6.4e-09	62	terminal uridylyltransferase 7 isoform 2 [Homo sapiens]	TRUE	Tut7
XP_011444007.3	NP_001375030.1	0	N/A	24.832	298	44	6.86e-09	61.2	poly(A) RNA polymerase GLD2 isoform 9 [Homo sapiens]	TRUE	TENT2
XP_011444007.3	XP_047272808.1	0	N/A	22.945	292	40	1.38e-07	57	poly(A) RNA polymerase GLD2 isoform X3 [Homo sapiens]	TRUE	TENT2
XP_011444007.3	XP_047272807.1	0	N/A	22.945	292	40	1.38e-07	57	poly(A) RNA polymerase GLD2 isoform X3 [Homo sapiens]	TRUE	TENT2
XP_011444007.3	XP_047272806.1	0	N/A	22.945	292	40	1.38e-07	57	poly(A) RNA polymerase GLD2 isoform X3 [Homo sapiens]	TRUE	TENT2
XP_011444007.3	NP_776158.2	0	N/A	22.945	292	40	1.38e-07	57	poly(A) RNA polymerase GLD2 isoform 1 [Homo sapiens]	TRUE	TENT2
XP_011444007.3	NP_001375041.1	0	N/A	22.945	292	40	1.38e-07	57	poly(A) RNA polymerase GLD2 isoform 1 [Homo sapiens]	TRUE	TENT2
XP_011444007.3	NP_001375040.1	0	N/A	22.945	292	40	1.38e-07	57	poly(A) RNA polymerase GLD2 isoform 1 [Homo sapiens]	TRUE	TENT2
XP_011452105.3	NP_001035375.2	0	N/A	65.323	372	53	7.58e-165	489	terminal nucleotidyltransferase 4B isoform b [Homo sapiens]	TRUE	TENT4B
XP_011452105.3	XP_011521578.1	0	N/A	65.323	372	53	7.82e-165	489	terminal nucleotidyltransferase 4B isoform X2 [Homo sapiens]	TRUE	TENT4B
XP_011452105.3	XP_047290432.1	0	N/A	65.323	372	53	1.05e-164	489	terminal nucleotidyltransferase 4B isoform X4 [Homo sapiens]	TRUE	TENT4B
XP_011452105.3	NP_001035374.2	0	N/A	65.323	372	53	1.18e-164	491	terminal nucleotidyltransferase 4B isoform a [Homo sapiens]	TRUE	TENT4B
XP_011452105.3	NP_001352252.1	0	N/A	65.323	372	53	1.18e-164	491	terminal nucleotidyltransferase 4B isoform c [Homo sapiens]	TRUE	TENT4B
XP_011452105.3	XP_011521577.1	0	N/A	65.323	372	53	1.21e-164	491	terminal nucleotidyltransferase 4B isoform X1 [Homo sapiens]	TRUE	TENT4B
XP_011452105.3	XP_047290431.1	0	N/A	65.323	372	53	2.56e-164	489	terminal nucleotidyltransferase 4B isoform X3 [Homo sapiens]	TRUE	TENT4B
XP_011452105.3	NP_001352253.1	0	N/A	65.323	372	53	3.8e-164	490	terminal nucleotidyltransferase 4B isoform d [Homo sapiens]	TRUE	TENT4B
XP_011452105.3	NP_008930.2	0	N/A	55.963	436	63	1.72e-162	488	terminal nucleotidyltransferase 4A isoform 1 [Homo sapiens]	TRUE	TENT4A
XP_011452105.3	NP_001165276.2	0	N/A	55.963	436	63	1.9e-162	488	terminal nucleotidyltransferase 4A isoform 2 [Homo sapiens]	TRUE	TENT4A
XP_011452105.3	XP_047290433.1	0	N/A	70.607	313	46	3.8e-157	464	terminal nucleotidyltransferase 4B isoform X6 [Homo sapiens]	TRUE	TENT4B
XP_011452105.3	XP_011521580.1	0	N/A	70.607	313	46	5.97e-157	465	terminal nucleotidyltransferase 4B isoform X5 [Homo sapiens]	TRUE	TENT4B
XP_011452105.3	XP_047272622.1	0	N/A	59.053	359	53	1.28e-146	439	terminal nucleotidyltransferase 4A isoform X1 [Homo sapiens]	TRUE	TENT4A
XP_011452105.3	XP_047272621.1	0	N/A	59.053	359	53	1.28e-146	439	terminal nucleotidyltransferase 4A isoform X1 [Homo sapiens]	TRUE	TENT4A
XP_011452105.3	XP_047272620.1	0	N/A	59.053	359	53	1.28e-146	439	terminal nucleotidyltransferase 4A isoform X1 [Homo sapiens]	TRUE	TENT4A
XP_011452105.3	XP_047272623.1	0	N/A	58.857	350	52	1.82e-142	428	terminal nucleotidyltransferase 4A isoform X2 [Homo sapiens]	TRUE	TENT4A
XP_011452105.3	XP_016864477.1	0	N/A	58.857	350	52	1.82e-142	428	terminal nucleotidyltransferase 4A isoform X2 [Homo sapiens]	TRUE	TENT4A
XP_011452105.3	XP_047272624.1	0	N/A	58.857	350	52	2.21e-142	428	terminal nucleotidyltransferase 4A isoform X3 [Homo sapiens]	TRUE	TENT4A
XP_011452105.3	XP_047272811.1	0	N/A	22.15	307	40	8.79e-11	67.4	poly(A) RNA polymerase GLD2 isoform X4 [Homo sapiens]	TRUE	TENT2
XP_011452105.3	XP_047272810.1	0	N/A	22.15	307	40	8.79e-11	67.4	poly(A) RNA polymerase GLD2 isoform X4 [Homo sapiens]	TRUE	TENT2
XP_011452105.3	XP_047272809.1	0	N/A	22.15	307	40	8.79e-11	67.4	poly(A) RNA polymerase GLD2 isoform X4 [Homo sapiens]	TRUE	TENT2
XP_011452105.3	NP_001375058.1	0	N/A	22.15	307	40	8.79e-11	67.4	poly(A) RNA polymerase GLD2 isoform 2 [Homo sapiens]	TRUE	TENT2
XP_011452105.3	NP_001375057.1	0	N/A	22.15	307	40	8.79e-11	67.4	poly(A) RNA polymerase GLD2 isoform 2 [Homo sapiens]	TRUE	TENT2
XP_011452105.3	NP_001375056.1	0	N/A	22.15	307	40	8.79e-11	67.4	poly(A) RNA polymerase GLD2 isoform 2 [Homo sapiens]	TRUE	TENT2
XP_011452105.3	NP_001375055.1	0	N/A	22.15	307	40	8.79e-11	67.4	poly(A) RNA polymerase GLD2 isoform 2 [Homo sapiens]	TRUE	TENT2
XP_011452105.3	NP_001375054.1	0	N/A	22.15	307	40	8.79e-11	67.4	poly(A) RNA polymerase GLD2 isoform 2 [Homo sapiens]	TRUE	TENT2
XP_011452105.3	NP_001375053.1	0	N/A	22.15	307	40	8.79e-11	67.4	poly(A) RNA polymerase GLD2 isoform 2 [Homo sapiens]	TRUE	TENT2
XP_011452105.3	NP_001375052.1	0	N/A	22.15	307	40	8.79e-11	67.4	poly(A) RNA polymerase GLD2 isoform 2 [Homo sapiens]	TRUE	TENT2
XP_011452105.3	NP_001375051.1	0	N/A	22.15	307	40	8.79e-11	67.4	poly(A) RNA polymerase GLD2 isoform 2 [Homo sapiens]	TRUE	TENT2
XP_011452105.3	NP_001375050.1	0	N/A	22.15	307	40	8.79e-11	67.4	poly(A) RNA polymerase GLD2 isoform 2 [Homo sapiens]	TRUE	TENT2
XP_011452105.3	NP_001375049.1	0	N/A	22.15	307	40	8.79e-11	67.4	poly(A) RNA polymerase GLD2 isoform 2 [Homo sapiens]	TRUE	TENT2
XP_011452105.3	NP_001375048.1	0	N/A	22.15	307	40	8.79e-11	67.4	poly(A) RNA polymerase GLD2 isoform 2 [Homo sapiens]	TRUE	TENT2
XP_011452105.3	NP_001375047.1	0	N/A	22.15	307	40	8.79e-11	67.4	poly(A) RNA polymerase GLD2 isoform 2 [Homo sapiens]	TRUE	TENT2
XP_011452105.3	NP_001375046.1	0	N/A	22.15	307	40	8.79e-11	67.4	poly(A) RNA polymerase GLD2 isoform 2 [Homo sapiens]	TRUE	TENT2
XP_011452105.3	NP_001375045.1	0	N/A	22.15	307	40	8.79e-11	67.4	poly(A) RNA polymerase GLD2 isoform 2 [Homo sapiens]	TRUE	TENT2
XP_011452105.3	NP_001375044.1	0	N/A	22.15	307	40	8.79e-11	67.4	poly(A) RNA polymerase GLD2 isoform 2 [Homo sapiens]	TRUE	TENT2
XP_011452105.3	NP_001375043.1	0	N/A	22.15	307	40	8.79e-11	67.4	poly(A) RNA polymerase GLD2 isoform 2 [Homo sapiens]	TRUE	TENT2
XP_011452105.3	NP_001336483.1	0	N/A	22.15	307	40	8.79e-11	67.4	poly(A) RNA polymerase GLD2 isoform 2 [Homo sapiens]	TRUE	TENT2
XP_011452105.3	NP_001284673.1	0	N/A	22.15	307	40	8.79e-11	67.4	poly(A) RNA polymerase GLD2 isoform 2 [Homo sapiens]	TRUE	TENT2
XP_011452105.3	NP_001375059.1	0	N/A	22.15	307	40	9.08e-11	67.4	poly(A) RNA polymerase GLD2 isoform 10 [Homo sapiens]	TRUE	TENT2
XP_011452105.3	NP_001375061.1	0	N/A	22.15	307	40	1.34e-10	66.6	poly(A) RNA polymerase GLD2 isoform 12 [Homo sapiens]	TRUE	TENT2
XP_011452105.3	NP_001317647.1	0	N/A	26.437	174	25	1.55e-10	67	terminal uridylyltransferase 7 isoform 3 [Homo sapiens]	TRUE	Tut7
XP_011452105.3	XP_047279823.1	0	N/A	26.437	174	25	1.62e-10	67.4	terminal uridylyltransferase 7 isoform X2 [Homo sapiens]	TRUE	Tut7
XP_011452105.3	XP_006717346.1	0	N/A	26.437	174	25	1.62e-10	67.4	terminal uridylyltransferase 7 isoform X2 [Homo sapiens]	TRUE	Tut7
XP_011452105.3	XP_047279825.1	0	N/A	26.437	174	25	1.89e-10	67	terminal uridylyltransferase 7 isoform X6 [Homo sapiens]	TRUE	Tut7
XP_011452105.3	XP_047279824.1	0	N/A	26.437	174	25	1.89e-10	67	terminal uridylyltransferase 7 isoform X6 [Homo sapiens]	TRUE	Tut7
XP_011452105.3	XP_005252264.1	0	N/A	26.437	174	25	1.89e-10	67	terminal uridylyltransferase 7 isoform X6 [Homo sapiens]	TRUE	Tut7
XP_011452105.3	XP_011517317.1	0	N/A	26.437	174	25	1.94e-10	67	terminal uridylyltransferase 7 isoform X3 [Homo sapiens]	TRUE	Tut7
XP_011452105.3	XP_011517318.1	0	N/A	26.437	174	25	1.94e-10	67	terminal uridylyltransferase 7 isoform X5 [Homo sapiens]	TRUE	Tut7
XP_011452105.3	XP_016870620.1	0	N/A	26.437	174	25	2e-10	67	terminal uridylyltransferase 7 isoform X4 [Homo sapiens]	TRUE	Tut7
XP_011452105.3	XP_016870619.1	0	N/A	26.437	174	25	2e-10	67	terminal uridylyltransferase 7 isoform X4 [Homo sapiens]	TRUE	Tut7
XP_011452105.3	NP_078893.2	0	N/A	26.437	174	25	2e-10	67	terminal uridylyltransferase 7 isoform 1 [Homo sapiens]	TRUE	Tut7
XP_011452105.3	NP_001171988.1	0	N/A	26.437	174	25	2e-10	67	terminal uridylyltransferase 7 isoform 1 [Homo sapiens]	TRUE	Tut7
XP_011452105.3	XP_011517316.1	0	N/A	26.437	174	25	2.06e-10	67	terminal uridylyltransferase 7 isoform X1 [Homo sapiens]	TRUE	Tut7
XP_011452105.3	XP_011517315.1	0	N/A	26.437	174	25	2.06e-10	67	terminal uridylyltransferase 7 isoform X1 [Homo sapiens]	TRUE	Tut7
XP_011452105.3	XP_011517314.1	0	N/A	26.437	174	25	2.06e-10	67	terminal uridylyltransferase 7 isoform X1 [Homo sapiens]	TRUE	Tut7
XP_011452105.3	XP_011517313.1	0	N/A	26.437	174	25	2.06e-10	67	terminal uridylyltransferase 7 isoform X1 [Homo sapiens]	TRUE	Tut7
XP_011452105.3	XP_005252265.1	0	N/A	26.437	174	25	2.23e-10	67	terminal uridylyltransferase 7 isoform X7 [Homo sapiens]	TRUE	Tut7
XP_011452105.3	XP_047272808.1	0	N/A	21.865	311	40	3.24e-10	65.5	poly(A) RNA polymerase GLD2 isoform X3 [Homo sapiens]	TRUE	TENT2
XP_011452105.3	XP_047272807.1	0	N/A	21.865	311	40	3.24e-10	65.5	poly(A) RNA polymerase GLD2 isoform X3 [Homo sapiens]	TRUE	TENT2
XP_011452105.3	XP_047272806.1	0	N/A	21.865	311	40	3.24e-10	65.5	poly(A) RNA polymerase GLD2 isoform X3 [Homo sapiens]	TRUE	TENT2
XP_011452105.3	NP_776158.2	0	N/A	21.865	311	40	3.24e-10	65.5	poly(A) RNA polymerase GLD2 isoform 1 [Homo sapiens]	TRUE	TENT2
XP_011452105.3	NP_001375041.1	0	N/A	21.865	311	40	3.24e-10	65.5	poly(A) RNA polymerase GLD2 isoform 1 [Homo sapiens]	TRUE	TENT2
XP_011452105.3	NP_001375040.1	0	N/A	21.865	311	40	3.24e-10	65.5	poly(A) RNA polymerase GLD2 isoform 1 [Homo sapiens]	TRUE	TENT2
XP_011452105.3	NP_001375039.1	0	N/A	21.865	311	40	3.24e-10	65.5	poly(A) RNA polymerase GLD2 isoform 1 [Homo sapiens]	TRUE	TENT2
XP_011452105.3	NP_001375038.1	0	N/A	21.865	311	40	3.24e-10	65.5	poly(A) RNA polymerase GLD2 isoform 1 [Homo sapiens]	TRUE	TENT2
XP_011452105.3	NP_001375037.1	0	N/A	21.865	311	40	3.24e-10	65.5	poly(A) RNA polymerase GLD2 isoform 1 [Homo sapiens]	TRUE	TENT2
XP_011452105.3	NP_001375036.1	0	N/A	21.865	311	40	3.24e-10	65.5	poly(A) RNA polymerase GLD2 isoform 1 [Homo sapiens]	TRUE	TENT2
XP_011452105.3	NP_001375035.1	0	N/A	21.865	311	40	3.24e-10	65.5	poly(A) RNA polymerase GLD2 isoform 1 [Homo sapiens]	TRUE	TENT2
XP_011452105.3	NP_001375034.1	0	N/A	21.865	311	40	3.24e-10	65.5	poly(A) RNA polymerase GLD2 isoform 1 [Homo sapiens]	TRUE	TENT2
XP_011452105.3	NP_001375032.1	0	N/A	21.865	311	40	3.24e-10	65.5	poly(A) RNA polymerase GLD2 isoform 1 [Homo sapiens]	TRUE	TENT2
XP_011452105.3	NP_001375031.1	0	N/A	21.865	311	40	3.24e-10	65.5	poly(A) RNA polymerase GLD2 isoform 1 [Homo sapiens]	TRUE	TENT2
XP_011452105.3	NP_001336482.1	0	N/A	21.865	311	40	3.24e-10	65.5	poly(A) RNA polymerase GLD2 isoform 1 [Homo sapiens]	TRUE	TENT2
XP_011452105.3	NP_001336481.1	0	N/A	21.865	311	40	3.24e-10	65.5	poly(A) RNA polymerase GLD2 isoform 1 [Homo sapiens]	TRUE	TENT2
XP_011452105.3	NP_001107866.1	0	N/A	21.865	311	40	3.24e-10	65.5	poly(A) RNA polymerase GLD2 isoform 1 [Homo sapiens]	TRUE	TENT2
XP_011452105.3	NP_001107865.1	0	N/A	21.865	311	40	3.24e-10	65.5	poly(A) RNA polymerase GLD2 isoform 1 [Homo sapiens]	TRUE	TENT2
XP_011452105.3	NP_001375042.1	0	N/A	21.865	311	40	3.4e-10	65.5	poly(A) RNA polymerase GLD2 isoform 16 [Homo sapiens]	TRUE	TENT2
XP_011452105.3	NP_001375065.1	0	N/A	22.15	307	40	3.58e-10	64.7	poly(A) RNA polymerase GLD2 isoform 14 [Homo sapiens]	TRUE	TENT2
XP_011452105.3	NP_001375060.1	0	N/A	21.865	311	40	5.87e-10	64.7	poly(A) RNA polymerase GLD2 isoform 11 [Homo sapiens]	TRUE	TENT2
XP_011452105.3	NP_001375030.1	0	N/A	23.288	292	36	4.26e-09	62	poly(A) RNA polymerase GLD2 isoform 9 [Homo sapiens]	TRUE	TENT2
XP_011452105.3	NP_001336477.1	0	N/A	24.39	205	26	4.96e-09	60.1	poly(A) RNA polymerase GLD2 isoform 4 [Homo sapiens]	TRUE	TENT2
XP_011452105.3	XP_047272820.1	0	N/A	23.894	226	29	1.1e-08	58.9	poly(A) RNA polymerase GLD2 isoform X11 [Homo sapiens]	TRUE	TENT2
XP_011452105.3	NP_001375029.1	0	N/A	22.973	296	36	1.64e-08	60.1	poly(A) RNA polymerase GLD2 isoform 8 [Homo sapiens]	TRUE	TENT2
XP_011452105.3	NP_001375028.1	0	N/A	22.973	296	36	1.64e-08	60.1	poly(A) RNA polymerase GLD2 isoform 8 [Homo sapiens]	TRUE	TENT2
XP_011452105.3	XP_047272805.1	0	N/A	23.894	226	29	3.37e-08	59.3	poly(A) RNA polymerase GLD2 isoform X2 [Homo sapiens]	TRUE	TENT2
XP_011452105.3	XP_047272804.1	0	N/A	23.894	226	29	3.37e-08	59.3	poly(A) RNA polymerase GLD2 isoform X2 [Homo sapiens]	TRUE	TENT2
XP_011452105.3	XP_047272803.1	0	N/A	23.894	226	29	3.37e-08	59.3	poly(A) RNA polymerase GLD2 isoform X2 [Homo sapiens]	TRUE	TENT2
XP_011452105.3	XP_047272802.1	0	N/A	23.894	226	29	3.37e-08	59.3	poly(A) RNA polymerase GLD2 isoform X2 [Homo sapiens]	TRUE	TENT2
XP_011452105.3	XP_016864641.1	0	N/A	23.894	226	29	3.37e-08	59.3	poly(A) RNA polymerase GLD2 isoform X2 [Homo sapiens]	TRUE	TENT2
XP_011452105.3	NP_001375026.1	0	N/A	23.894	226	29	3.37e-08	59.3	poly(A) RNA polymerase GLD2 isoform 6 [Homo sapiens]	TRUE	TENT2
XP_011452105.3	NP_001375025.1	0	N/A	23.894	226	29	3.37e-08	59.3	poly(A) RNA polymerase GLD2 isoform 6 [Homo sapiens]	TRUE	TENT2
XP_011452105.3	NP_001375024.1	0	N/A	23.894	226	29	3.37e-08	59.3	poly(A) RNA polymerase GLD2 isoform 6 [Homo sapiens]	TRUE	TENT2
XP_011452105.3	NP_001336480.1	0	N/A	23.894	226	29	3.37e-08	59.3	poly(A) RNA polymerase GLD2 isoform 6 [Homo sapiens]	TRUE	TENT2
XP_011452105.3	NP_001375027.1	0	N/A	23.894	226	29	3.46e-08	59.3	poly(A) RNA polymerase GLD2 isoform 7 [Homo sapiens]	TRUE	TENT2
XP_011452105.3	XP_047272801.1	0	N/A	23.894	226	29	4.25e-08	58.9	poly(A) RNA polymerase GLD2 isoform X1 [Homo sapiens]	TRUE	TENT2
XP_011452105.3	XP_047272800.1	0	N/A	23.894	226	29	4.25e-08	58.9	poly(A) RNA polymerase GLD2 isoform X1 [Homo sapiens]	TRUE	TENT2
XP_011452105.3	XP_011541527.1	0	N/A	23.894	226	29	4.25e-08	58.9	poly(A) RNA polymerase GLD2 isoform X1 [Homo sapiens]	TRUE	TENT2
XP_011452105.3	XP_011541526.1	0	N/A	23.894	226	29	4.25e-08	58.9	poly(A) RNA polymerase GLD2 isoform X1 [Homo sapiens]	TRUE	TENT2
XP_011452105.3	XP_011541523.1	0	N/A	23.894	226	29	4.25e-08	58.9	poly(A) RNA polymerase GLD2 isoform X1 [Homo sapiens]	TRUE	TENT2
XP_011452105.3	XP_011541522.1	0	N/A	23.894	226	29	4.25e-08	58.9	poly(A) RNA polymerase GLD2 isoform X1 [Homo sapiens]	TRUE	TENT2
XP_011771313.1	NP_001375060.1	0	N/A	23.874	222	53	1.37e-10	65.5	poly(A) RNA polymerase GLD2 isoform 11 [Homo sapiens]	TRUE	TENT2
XP_011771313.1	XP_047272808.1	0	N/A	23.874	222	53	1.68e-10	65.1	poly(A) RNA polymerase GLD2 isoform X3 [Homo sapiens]	TRUE	TENT2
XP_011771313.1	XP_047272807.1	0	N/A	23.874	222	53	1.68e-10	65.1	poly(A) RNA polymerase GLD2 isoform X3 [Homo sapiens]	TRUE	TENT2
XP_011771313.1	XP_047272806.1	0	N/A	23.874	222	53	1.68e-10	65.1	poly(A) RNA polymerase GLD2 isoform X3 [Homo sapiens]	TRUE	TENT2
XP_011771313.1	NP_776158.2	0	N/A	23.874	222	53	1.68e-10	65.1	poly(A) RNA polymerase GLD2 isoform 1 [Homo sapiens]	TRUE	TENT2
XP_011771313.1	NP_001375041.1	0	N/A	23.874	222	53	1.68e-10	65.1	poly(A) RNA polymerase GLD2 isoform 1 [Homo sapiens]	TRUE	TENT2
XP_011771313.1	NP_001375040.1	0	N/A	23.874	222	53	1.68e-10	65.1	poly(A) RNA polymerase GLD2 isoform 1 [Homo sapiens]	TRUE	TENT2
XP_011771313.1	NP_001375039.1	0	N/A	23.874	222	53	1.68e-10	65.1	poly(A) RNA polymerase GLD2 isoform 1 [Homo sapiens]	TRUE	TENT2
XP_011771313.1	NP_001375038.1	0	N/A	23.874	222	53	1.68e-10	65.1	poly(A) RNA polymerase GLD2 isoform 1 [Homo sapiens]	TRUE	TENT2
XP_011771313.1	NP_001375037.1	0	N/A	23.874	222	53	1.68e-10	65.1	poly(A) RNA polymerase GLD2 isoform 1 [Homo sapiens]	TRUE	TENT2
XP_011771313.1	NP_001375036.1	0	N/A	23.874	222	53	1.68e-10	65.1	poly(A) RNA polymerase GLD2 isoform 1 [Homo sapiens]	TRUE	TENT2
XP_011771313.1	NP_001375035.1	0	N/A	23.874	222	53	1.68e-10	65.1	poly(A) RNA polymerase GLD2 isoform 1 [Homo sapiens]	TRUE	TENT2
XP_011771313.1	NP_001375034.1	0	N/A	23.874	222	53	1.68e-10	65.1	poly(A) RNA polymerase GLD2 isoform 1 [Homo sapiens]	TRUE	TENT2
XP_011771313.1	NP_001375032.1	0	N/A	23.874	222	53	1.68e-10	65.1	poly(A) RNA polymerase GLD2 isoform 1 [Homo sapiens]	TRUE	TENT2
XP_011771313.1	NP_001375031.1	0	N/A	23.874	222	53	1.68e-10	65.1	poly(A) RNA polymerase GLD2 isoform 1 [Homo sapiens]	TRUE	TENT2
XP_011771313.1	NP_001336482.1	0	N/A	23.874	222	53	1.68e-10	65.1	poly(A) RNA polymerase GLD2 isoform 1 [Homo sapiens]	TRUE	TENT2
XP_011771313.1	NP_001336481.1	0	N/A	23.874	222	53	1.68e-10	65.1	poly(A) RNA polymerase GLD2 isoform 1 [Homo sapiens]	TRUE	TENT2
XP_011771313.1	NP_001107866.1	0	N/A	23.874	222	53	1.68e-10	65.1	poly(A) RNA polymerase GLD2 isoform 1 [Homo sapiens]	TRUE	TENT2
XP_011771313.1	NP_001107865.1	0	N/A	23.874	222	53	1.68e-10	65.1	poly(A) RNA polymerase GLD2 isoform 1 [Homo sapiens]	TRUE	TENT2
XP_011771313.1	NP_001375042.1	0	N/A	23.874	222	53	1.8e-10	65.1	poly(A) RNA polymerase GLD2 isoform 16 [Homo sapiens]	TRUE	TENT2
XP_011771313.1	NP_001375029.1	0	N/A	24.324	222	53	2.25e-10	64.7	poly(A) RNA polymerase GLD2 isoform 8 [Homo sapiens]	TRUE	TENT2
XP_011771313.1	NP_001375028.1	0	N/A	24.324	222	53	2.25e-10	64.7	poly(A) RNA polymerase GLD2 isoform 8 [Homo sapiens]	TRUE	TENT2
XP_011771313.1	NP_001375061.1	0	N/A	24.336	226	53	6.63e-10	63.2	poly(A) RNA polymerase GLD2 isoform 12 [Homo sapiens]	TRUE	TENT2
XP_011771313.1	NP_001375065.1	0	N/A	24.336	226	53	6.94e-10	62.8	poly(A) RNA polymerase GLD2 isoform 14 [Homo sapiens]	TRUE	TENT2
XP_011771313.1	XP_047272811.1	0	N/A	24.336	226	53	7.49e-10	63.2	poly(A) RNA polymerase GLD2 isoform X4 [Homo sapiens]	TRUE	TENT2
XP_011771313.1	XP_047272810.1	0	N/A	24.336	226	53	7.49e-10	63.2	poly(A) RNA polymerase GLD2 isoform X4 [Homo sapiens]	TRUE	TENT2
XP_011771313.1	XP_047272809.1	0	N/A	24.336	226	53	7.49e-10	63.2	poly(A) RNA polymerase GLD2 isoform X4 [Homo sapiens]	TRUE	TENT2
XP_011771313.1	NP_001375058.1	0	N/A	24.336	226	53	7.49e-10	63.2	poly(A) RNA polymerase GLD2 isoform 2 [Homo sapiens]	TRUE	TENT2
XP_011771313.1	NP_001375057.1	0	N/A	24.336	226	53	7.49e-10	63.2	poly(A) RNA polymerase GLD2 isoform 2 [Homo sapiens]	TRUE	TENT2
XP_011771313.1	NP_001375056.1	0	N/A	24.336	226	53	7.49e-10	63.2	poly(A) RNA polymerase GLD2 isoform 2 [Homo sapiens]	TRUE	TENT2
XP_011771313.1	NP_001375055.1	0	N/A	24.336	226	53	7.49e-10	63.2	poly(A) RNA polymerase GLD2 isoform 2 [Homo sapiens]	TRUE	TENT2
XP_011771313.1	NP_001375054.1	0	N/A	24.336	226	53	7.49e-10	63.2	poly(A) RNA polymerase GLD2 isoform 2 [Homo sapiens]	TRUE	TENT2
XP_011771313.1	NP_001375053.1	0	N/A	24.336	226	53	7.49e-10	63.2	poly(A) RNA polymerase GLD2 isoform 2 [Homo sapiens]	TRUE	TENT2
XP_011771313.1	NP_001375052.1	0	N/A	24.336	226	53	7.49e-10	63.2	poly(A) RNA polymerase GLD2 isoform 2 [Homo sapiens]	TRUE	TENT2
XP_011771313.1	NP_001375051.1	0	N/A	24.336	226	53	7.49e-10	63.2	poly(A) RNA polymerase GLD2 isoform 2 [Homo sapiens]	TRUE	TENT2
XP_011771313.1	NP_001375050.1	0	N/A	24.336	226	53	7.49e-10	63.2	poly(A) RNA polymerase GLD2 isoform 2 [Homo sapiens]	TRUE	TENT2
XP_011771313.1	NP_001375049.1	0	N/A	24.336	226	53	7.49e-10	63.2	poly(A) RNA polymerase GLD2 isoform 2 [Homo sapiens]	TRUE	TENT2
XP_011771313.1	NP_001375048.1	0	N/A	24.336	226	53	7.49e-10	63.2	poly(A) RNA polymerase GLD2 isoform 2 [Homo sapiens]	TRUE	TENT2
XP_011771313.1	NP_001375047.1	0	N/A	24.336	226	53	7.49e-10	63.2	poly(A) RNA polymerase GLD2 isoform 2 [Homo sapiens]	TRUE	TENT2
XP_011771313.1	NP_001375046.1	0	N/A	24.336	226	53	7.49e-10	63.2	poly(A) RNA polymerase GLD2 isoform 2 [Homo sapiens]	TRUE	TENT2
XP_011771313.1	NP_001375045.1	0	N/A	24.336	226	53	7.49e-10	63.2	poly(A) RNA polymerase GLD2 isoform 2 [Homo sapiens]	TRUE	TENT2
XP_011771313.1	NP_001375044.1	0	N/A	24.336	226	53	7.49e-10	63.2	poly(A) RNA polymerase GLD2 isoform 2 [Homo sapiens]	TRUE	TENT2
XP_011771313.1	NP_001375043.1	0	N/A	24.336	226	53	7.49e-10	63.2	poly(A) RNA polymerase GLD2 isoform 2 [Homo sapiens]	TRUE	TENT2
XP_011771313.1	NP_001336483.1	0	N/A	24.336	226	53	7.49e-10	63.2	poly(A) RNA polymerase GLD2 isoform 2 [Homo sapiens]	TRUE	TENT2
XP_011771313.1	NP_001284673.1	0	N/A	24.336	226	53	7.49e-10	63.2	poly(A) RNA polymerase GLD2 isoform 2 [Homo sapiens]	TRUE	TENT2
XP_011771313.1	NP_001375059.1	0	N/A	24.336	226	53	8.24e-10	62.8	poly(A) RNA polymerase GLD2 isoform 10 [Homo sapiens]	TRUE	TENT2
XP_011771313.1	NP_001375030.1	0	N/A	24.336	226	53	9.27e-10	62.8	poly(A) RNA polymerase GLD2 isoform 9 [Homo sapiens]	TRUE	TENT2
XP_011771313.1	XP_047272801.1	0	N/A	22.353	255	56	3.36e-09	61.2	poly(A) RNA polymerase GLD2 isoform X1 [Homo sapiens]	TRUE	TENT2
XP_011771313.1	XP_047272800.1	0	N/A	22.353	255	56	3.36e-09	61.2	poly(A) RNA polymerase GLD2 isoform X1 [Homo sapiens]	TRUE	TENT2
XP_011771313.1	XP_011541527.1	0	N/A	22.353	255	56	3.36e-09	61.2	poly(A) RNA polymerase GLD2 isoform X1 [Homo sapiens]	TRUE	TENT2
XP_011771313.1	XP_011541526.1	0	N/A	22.353	255	56	3.36e-09	61.2	poly(A) RNA polymerase GLD2 isoform X1 [Homo sapiens]	TRUE	TENT2
XP_011771313.1	XP_011541523.1	0	N/A	22.353	255	56	3.36e-09	61.2	poly(A) RNA polymerase GLD2 isoform X1 [Homo sapiens]	TRUE	TENT2
XP_011771313.1	XP_011541522.1	0	N/A	22.353	255	56	3.36e-09	61.2	poly(A) RNA polymerase GLD2 isoform X1 [Homo sapiens]	TRUE	TENT2
XP_011771313.1	NP_001375023.1	0	N/A	22.353	255	56	3.36e-09	61.2	poly(A) RNA polymerase GLD2 isoform 5 [Homo sapiens]	TRUE	TENT2
XP_011771313.1	NP_001375022.1	0	N/A	22.353	255	56	3.36e-09	61.2	poly(A) RNA polymerase GLD2 isoform 5 [Homo sapiens]	TRUE	TENT2
XP_011771313.1	NP_001336479.1	0	N/A	22.353	255	56	3.36e-09	61.2	poly(A) RNA polymerase GLD2 isoform 5 [Homo sapiens]	TRUE	TENT2
XP_011771313.1	NP_001336478.1	0	N/A	22.353	255	56	3.36e-09	61.2	poly(A) RNA polymerase GLD2 isoform 5 [Homo sapiens]	TRUE	TENT2
XP_011771313.1	XP_047272805.1	0	N/A	23.14	242	53	4.89e-09	60.5	poly(A) RNA polymerase GLD2 isoform X2 [Homo sapiens]	TRUE	TENT2
XP_011771313.1	XP_047272804.1	0	N/A	23.14	242	53	4.89e-09	60.5	poly(A) RNA polymerase GLD2 isoform X2 [Homo sapiens]	TRUE	TENT2
XP_011771313.1	XP_047272803.1	0	N/A	23.14	242	53	4.89e-09	60.5	poly(A) RNA polymerase GLD2 isoform X2 [Homo sapiens]	TRUE	TENT2
XP_011771313.1	XP_047272802.1	0	N/A	23.14	242	53	4.89e-09	60.5	poly(A) RNA polymerase GLD2 isoform X2 [Homo sapiens]	TRUE	TENT2
XP_011771313.1	XP_016864641.1	0	N/A	23.14	242	53	4.89e-09	60.5	poly(A) RNA polymerase GLD2 isoform X2 [Homo sapiens]	TRUE	TENT2
XP_011771313.1	NP_001375026.1	0	N/A	23.14	242	53	4.89e-09	60.5	poly(A) RNA polymerase GLD2 isoform 6 [Homo sapiens]	TRUE	TENT2
XP_011771313.1	NP_001375025.1	0	N/A	23.14	242	53	4.89e-09	60.5	poly(A) RNA polymerase GLD2 isoform 6 [Homo sapiens]	TRUE	TENT2
XP_011771313.1	NP_001375024.1	0	N/A	23.14	242	53	4.89e-09	60.5	poly(A) RNA polymerase GLD2 isoform 6 [Homo sapiens]	TRUE	TENT2
XP_011771313.1	NP_001336480.1	0	N/A	23.14	242	53	4.89e-09	60.5	poly(A) RNA polymerase GLD2 isoform 6 [Homo sapiens]	TRUE	TENT2
XP_011771313.1	NP_001375027.1	0	N/A	23.14	242	53	5.43e-09	60.5	poly(A) RNA polymerase GLD2 isoform 7 [Homo sapiens]	TRUE	TENT2
XP_011771313.1	XP_047272818.1	0	N/A	24.204	157	38	6.89e-09	59.7	poly(A) RNA polymerase GLD2 isoform X10 [Homo sapiens]	TRUE	TENT2
XP_011771313.1	XP_047272820.1	0	N/A	25.146	171	41	4.11e-08	56.6	poly(A) RNA polymerase GLD2 isoform X11 [Homo sapiens]	TRUE	TENT2
XP_011771313.1	NP_001336477.1	0	N/A	24.699	166	40	5.87e-08	56.2	poly(A) RNA polymerase GLD2 isoform 4 [Homo sapiens]	TRUE	TENT2
XP_011771313.1	XP_047272816.1	0	N/A	22.652	181	38	1.47e-07	55.5	poly(A) RNA polymerase GLD2 isoform X8 [Homo sapiens]	TRUE	TENT2
XP_011771313.1	XP_047272817.1	0	N/A	23.81	168	36	2.12e-07	55.1	poly(A) RNA polymerase GLD2 isoform X9 [Homo sapiens]	TRUE	TENT2
XP_011771313.1	XP_011517316.1	0	N/A	23.171	328	79	6.11e-07	54.7	terminal uridylyltransferase 7 isoform X1 [Homo sapiens]	TRUE	Tut7
XP_011771313.1	XP_011517315.1	0	N/A	23.171	328	79	6.11e-07	54.7	terminal uridylyltransferase 7 isoform X1 [Homo sapiens]	TRUE	Tut7
XP_011771313.1	XP_011517314.1	0	N/A	23.171	328	79	6.11e-07	54.7	terminal uridylyltransferase 7 isoform X1 [Homo sapiens]	TRUE	Tut7
XP_011771313.1	XP_011517313.1	0	N/A	23.171	328	79	6.11e-07	54.7	terminal uridylyltransferase 7 isoform X1 [Homo sapiens]	TRUE	Tut7
XP_011771313.1	XP_005252265.1	0	N/A	23.171	328	79	6.16e-07	54.3	terminal uridylyltransferase 7 isoform X7 [Homo sapiens]	TRUE	Tut7
XP_011771313.1	XP_011517318.1	0	N/A	23.171	328	79	7.22e-07	54.3	terminal uridylyltransferase 7 isoform X5 [Homo sapiens]	TRUE	Tut7
XP_011771313.1	XP_011517317.1	0	N/A	23.171	328	79	7.85e-07	54.3	terminal uridylyltransferase 7 isoform X3 [Homo sapiens]	TRUE	Tut7
XP_011771313.1	XP_047279825.1	0	N/A	23.171	328	79	8.29e-07	53.9	terminal uridylyltransferase 7 isoform X6 [Homo sapiens]	TRUE	Tut7
XP_011771313.1	XP_047279824.1	0	N/A	23.171	328	79	8.29e-07	53.9	terminal uridylyltransferase 7 isoform X6 [Homo sapiens]	TRUE	Tut7
XP_011771313.1	XP_005252264.1	0	N/A	23.171	328	79	8.29e-07	53.9	terminal uridylyltransferase 7 isoform X6 [Homo sapiens]	TRUE	Tut7
XP_011771313.1	XP_016870620.1	0	N/A	23.171	328	79	8.75e-07	53.9	terminal uridylyltransferase 7 isoform X4 [Homo sapiens]	TRUE	Tut7
XP_011771313.1	XP_016870619.1	0	N/A	23.171	328	79	8.75e-07	53.9	terminal uridylyltransferase 7 isoform X4 [Homo sapiens]	TRUE	Tut7
XP_011771313.1	NP_078893.2	0	N/A	23.171	328	79	8.75e-07	53.9	terminal uridylyltransferase 7 isoform 1 [Homo sapiens]	TRUE	Tut7
XP_011771313.1	NP_001171988.1	0	N/A	23.171	328	79	8.75e-07	53.9	terminal uridylyltransferase 7 isoform 1 [Homo sapiens]	TRUE	Tut7
XP_011771313.1	XP_047279823.1	0	N/A	23.171	328	79	8.86e-07	53.9	terminal uridylyltransferase 7 isoform X2 [Homo sapiens]	TRUE	Tut7
XP_011771313.1	XP_006717346.1	0	N/A	23.171	328	79	8.86e-07	53.9	terminal uridylyltransferase 7 isoform X2 [Homo sapiens]	TRUE	Tut7
XP_011771313.1	NP_001317647.1	0	N/A	23.78	328	79	1.36e-06	53.1	terminal uridylyltransferase 7 isoform 3 [Homo sapiens]	TRUE	Tut7
XP_011771313.1	XP_047272814.1	0	N/A	24.444	135	30	2.19e-06	52	poly(A) RNA polymerase GLD2 isoform X6 [Homo sapiens]	TRUE	TENT2
XP_011771313.1	XP_047272813.1	0	N/A	24.444	135	30	2.19e-06	52	poly(A) RNA polymerase GLD2 isoform X6 [Homo sapiens]	TRUE	TENT2
XP_011771313.1	XP_047272812.1	0	N/A	24.444	135	30	2.19e-06	52	poly(A) RNA polymerase GLD2 isoform X6 [Homo sapiens]	TRUE	TENT2
XP_011771313.1	NP_001375062.1	0	N/A	24.444	135	30	2.19e-06	52	poly(A) RNA polymerase GLD2 isoform 3 [Homo sapiens]	TRUE	TENT2
XP_011771313.1	NP_001284674.1	0	N/A	24.444	135	30	2.19e-06	52	poly(A) RNA polymerase GLD2 isoform 3 [Homo sapiens]	TRUE	TENT2
XP_011771313.1	XP_047272815.1	0	N/A	25.18	139	30	9.47e-06	50.1	poly(A) RNA polymerase GLD2 isoform X7 [Homo sapiens]	TRUE	TENT2
XP_011771313.1	NP_001375064.1	0	N/A	25.18	139	30	9.47e-06	50.1	poly(A) RNA polymerase GLD2 isoform 13 [Homo sapiens]	TRUE	TENT2
XP_011771313.1	NP_001375063.1	0	N/A	25.18	139	30	9.47e-06	50.1	poly(A) RNA polymerase GLD2 isoform 13 [Homo sapiens]	TRUE	TENT2
XP_011771313.1	XP_011541531.1	0	N/A	22.642	159	30	2.91e-05	48.5	poly(A) RNA polymerase GLD2 isoform X5 [Homo sapiens]	TRUE	TENT2
XP_011771313.1	XP_047272345.1	0	N/A	24.706	255	58	3.54e-05	48.9	terminal uridylyltransferase 4 isoform X31 [Homo sapiens]	TRUE	Tut4
XP_011771313.1	XP_005270739.1	0	N/A	24.706	255	58	3.66e-05	48.9	terminal uridylyltransferase 4 isoform X33 [Homo sapiens]	TRUE	Tut4
XP_011774464.1	XP_047272820.1	0	N/A	27.064	218	42	7.57e-12	67.8	poly(A) RNA polymerase GLD2 isoform X11 [Homo sapiens]	TRUE	TENT2
XP_011774464.1	NP_001336477.1	0	N/A	27.064	218	42	9.76e-12	67.8	poly(A) RNA polymerase GLD2 isoform 4 [Homo sapiens]	TRUE	TENT2
XP_011774464.1	NP_001375065.1	0	N/A	27.064	218	42	2.21e-11	67.8	poly(A) RNA polymerase GLD2 isoform 14 [Homo sapiens]	TRUE	TENT2
XP_011774464.1	NP_001375066.1	0	N/A	27.064	218	42	2.42e-11	67	poly(A) RNA polymerase GLD2 isoform 15 [Homo sapiens]	TRUE	TENT2
XP_011774464.1	XP_047272811.1	0	N/A	27.064	218	42	3.88e-11	67.8	poly(A) RNA polymerase GLD2 isoform X4 [Homo sapiens]	TRUE	TENT2
XP_011774464.1	XP_047272810.1	0	N/A	27.064	218	42	3.88e-11	67.8	poly(A) RNA polymerase GLD2 isoform X4 [Homo sapiens]	TRUE	TENT2
XP_011774464.1	XP_047272809.1	0	N/A	27.064	218	42	3.88e-11	67.8	poly(A) RNA polymerase GLD2 isoform X4 [Homo sapiens]	TRUE	TENT2
XP_011774464.1	NP_001375058.1	0	N/A	27.064	218	42	3.88e-11	67.8	poly(A) RNA polymerase GLD2 isoform 2 [Homo sapiens]	TRUE	TENT2
XP_011774464.1	NP_001375057.1	0	N/A	27.064	218	42	3.88e-11	67.8	poly(A) RNA polymerase GLD2 isoform 2 [Homo sapiens]	TRUE	TENT2
XP_011774464.1	NP_001375056.1	0	N/A	27.064	218	42	3.88e-11	67.8	poly(A) RNA polymerase GLD2 isoform 2 [Homo sapiens]	TRUE	TENT2
XP_011774464.1	NP_001375055.1	0	N/A	27.064	218	42	3.88e-11	67.8	poly(A) RNA polymerase GLD2 isoform 2 [Homo sapiens]	TRUE	TENT2
XP_011774464.1	NP_001375054.1	0	N/A	27.064	218	42	3.88e-11	67.8	poly(A) RNA polymerase GLD2 isoform 2 [Homo sapiens]	TRUE	TENT2
XP_011774464.1	NP_001375053.1	0	N/A	27.064	218	42	3.88e-11	67.8	poly(A) RNA polymerase GLD2 isoform 2 [Homo sapiens]	TRUE	TENT2
XP_011774464.1	NP_001375052.1	0	N/A	27.064	218	42	3.88e-11	67.8	poly(A) RNA polymerase GLD2 isoform 2 [Homo sapiens]	TRUE	TENT2
XP_011774464.1	NP_001375051.1	0	N/A	27.064	218	42	3.88e-11	67.8	poly(A) RNA polymerase GLD2 isoform 2 [Homo sapiens]	TRUE	TENT2
XP_011774464.1	NP_001375050.1	0	N/A	27.064	218	42	3.88e-11	67.8	poly(A) RNA polymerase GLD2 isoform 2 [Homo sapiens]	TRUE	TENT2
XP_011774464.1	NP_001375049.1	0	N/A	27.064	218	42	3.88e-11	67.8	poly(A) RNA polymerase GLD2 isoform 2 [Homo sapiens]	TRUE	TENT2
XP_011774464.1	NP_001375048.1	0	N/A	27.064	218	42	3.88e-11	67.8	poly(A) RNA polymerase GLD2 isoform 2 [Homo sapiens]	TRUE	TENT2
XP_011774464.1	NP_001375047.1	0	N/A	27.064	218	42	3.88e-11	67.8	poly(A) RNA polymerase GLD2 isoform 2 [Homo sapiens]	TRUE	TENT2
XP_011774464.1	NP_001375046.1	0	N/A	27.064	218	42	3.88e-11	67.8	poly(A) RNA polymerase GLD2 isoform 2 [Homo sapiens]	TRUE	TENT2
XP_011774464.1	NP_001375045.1	0	N/A	27.064	218	42	3.88e-11	67.8	poly(A) RNA polymerase GLD2 isoform 2 [Homo sapiens]	TRUE	TENT2
XP_011774464.1	NP_001375044.1	0	N/A	27.064	218	42	3.88e-11	67.8	poly(A) RNA polymerase GLD2 isoform 2 [Homo sapiens]	TRUE	TENT2
XP_011774464.1	NP_001375043.1	0	N/A	27.064	218	42	3.88e-11	67.8	poly(A) RNA polymerase GLD2 isoform 2 [Homo sapiens]	TRUE	TENT2
XP_011774464.1	NP_001336483.1	0	N/A	27.064	218	42	3.88e-11	67.8	poly(A) RNA polymerase GLD2 isoform 2 [Homo sapiens]	TRUE	TENT2
XP_011774464.1	NP_001284673.1	0	N/A	27.064	218	42	3.88e-11	67.8	poly(A) RNA polymerase GLD2 isoform 2 [Homo sapiens]	TRUE	TENT2
XP_011774464.1	NP_001375059.1	0	N/A	27.064	218	42	3.9e-11	67.8	poly(A) RNA polymerase GLD2 isoform 10 [Homo sapiens]	TRUE	TENT2
XP_011774464.1	XP_047272805.1	0	N/A	27.083	192	37	3.92e-11	67.8	poly(A) RNA polymerase GLD2 isoform X2 [Homo sapiens]	TRUE	TENT2
XP_011774464.1	XP_047272804.1	0	N/A	27.083	192	37	3.92e-11	67.8	poly(A) RNA polymerase GLD2 isoform X2 [Homo sapiens]	TRUE	TENT2
XP_011774464.1	XP_047272803.1	0	N/A	27.083	192	37	3.92e-11	67.8	poly(A) RNA polymerase GLD2 isoform X2 [Homo sapiens]	TRUE	TENT2
XP_011774464.1	XP_047272802.1	0	N/A	27.083	192	37	3.92e-11	67.8	poly(A) RNA polymerase GLD2 isoform X2 [Homo sapiens]	TRUE	TENT2
XP_011774464.1	XP_016864641.1	0	N/A	27.083	192	37	3.92e-11	67.8	poly(A) RNA polymerase GLD2 isoform X2 [Homo sapiens]	TRUE	TENT2
XP_011774464.1	NP_001375026.1	0	N/A	27.083	192	37	3.92e-11	67.8	poly(A) RNA polymerase GLD2 isoform 6 [Homo sapiens]	TRUE	TENT2
XP_011774464.1	NP_001375025.1	0	N/A	27.083	192	37	3.92e-11	67.8	poly(A) RNA polymerase GLD2 isoform 6 [Homo sapiens]	TRUE	TENT2
XP_011774464.1	NP_001375024.1	0	N/A	27.083	192	37	3.92e-11	67.8	poly(A) RNA polymerase GLD2 isoform 6 [Homo sapiens]	TRUE	TENT2
XP_011774464.1	NP_001336480.1	0	N/A	27.083	192	37	3.92e-11	67.8	poly(A) RNA polymerase GLD2 isoform 6 [Homo sapiens]	TRUE	TENT2
XP_011774464.1	NP_001375027.1	0	N/A	27.083	192	37	4.12e-11	67.8	poly(A) RNA polymerase GLD2 isoform 7 [Homo sapiens]	TRUE	TENT2
XP_011774464.1	XP_047272808.1	0	N/A	27.064	218	42	4.2e-11	67.4	poly(A) RNA polymerase GLD2 isoform X3 [Homo sapiens]	TRUE	TENT2
XP_011774464.1	XP_047272807.1	0	N/A	27.064	218	42	4.2e-11	67.4	poly(A) RNA polymerase GLD2 isoform X3 [Homo sapiens]	TRUE	TENT2
XP_011774464.1	XP_047272806.1	0	N/A	27.064	218	42	4.2e-11	67.4	poly(A) RNA polymerase GLD2 isoform X3 [Homo sapiens]	TRUE	TENT2
XP_011774464.1	NP_776158.2	0	N/A	27.064	218	42	4.2e-11	67.4	poly(A) RNA polymerase GLD2 isoform 1 [Homo sapiens]	TRUE	TENT2
XP_011774464.1	NP_001375041.1	0	N/A	27.064	218	42	4.2e-11	67.4	poly(A) RNA polymerase GLD2 isoform 1 [Homo sapiens]	TRUE	TENT2
XP_011774464.1	NP_001375040.1	0	N/A	27.064	218	42	4.2e-11	67.4	poly(A) RNA polymerase GLD2 isoform 1 [Homo sapiens]	TRUE	TENT2
XP_011774464.1	NP_001375039.1	0	N/A	27.064	218	42	4.2e-11	67.4	poly(A) RNA polymerase GLD2 isoform 1 [Homo sapiens]	TRUE	TENT2
XP_011774464.1	NP_001375038.1	0	N/A	27.064	218	42	4.2e-11	67.4	poly(A) RNA polymerase GLD2 isoform 1 [Homo sapiens]	TRUE	TENT2
XP_011774464.1	NP_001375037.1	0	N/A	27.064	218	42	4.2e-11	67.4	poly(A) RNA polymerase GLD2 isoform 1 [Homo sapiens]	TRUE	TENT2
XP_011774464.1	NP_001375036.1	0	N/A	27.064	218	42	4.2e-11	67.4	poly(A) RNA polymerase GLD2 isoform 1 [Homo sapiens]	TRUE	TENT2
XP_011774464.1	NP_001375035.1	0	N/A	27.064	218	42	4.2e-11	67.4	poly(A) RNA polymerase GLD2 isoform 1 [Homo sapiens]	TRUE	TENT2
XP_011774464.1	NP_001375034.1	0	N/A	27.064	218	42	4.2e-11	67.4	poly(A) RNA polymerase GLD2 isoform 1 [Homo sapiens]	TRUE	TENT2
XP_011774464.1	NP_001375032.1	0	N/A	27.064	218	42	4.2e-11	67.4	poly(A) RNA polymerase GLD2 isoform 1 [Homo sapiens]	TRUE	TENT2
XP_011774464.1	NP_001375031.1	0	N/A	27.064	218	42	4.2e-11	67.4	poly(A) RNA polymerase GLD2 isoform 1 [Homo sapiens]	TRUE	TENT2
XP_011774464.1	NP_001336482.1	0	N/A	27.064	218	42	4.2e-11	67.4	poly(A) RNA polymerase GLD2 isoform 1 [Homo sapiens]	TRUE	TENT2
XP_011774464.1	NP_001336481.1	0	N/A	27.064	218	42	4.2e-11	67.4	poly(A) RNA polymerase GLD2 isoform 1 [Homo sapiens]	TRUE	TENT2
XP_011774464.1	NP_001107866.1	0	N/A	27.064	218	42	4.2e-11	67.4	poly(A) RNA polymerase GLD2 isoform 1 [Homo sapiens]	TRUE	TENT2
XP_011774464.1	NP_001107865.1	0	N/A	27.064	218	42	4.2e-11	67.4	poly(A) RNA polymerase GLD2 isoform 1 [Homo sapiens]	TRUE	TENT2
XP_011774464.1	XP_047272801.1	0	N/A	27.083	192	37	4.31e-11	67.8	poly(A) RNA polymerase GLD2 isoform X1 [Homo sapiens]	TRUE	TENT2
XP_011774464.1	XP_047272800.1	0	N/A	27.083	192	37	4.31e-11	67.8	poly(A) RNA polymerase GLD2 isoform X1 [Homo sapiens]	TRUE	TENT2
XP_011774464.1	XP_011541527.1	0	N/A	27.083	192	37	4.31e-11	67.8	poly(A) RNA polymerase GLD2 isoform X1 [Homo sapiens]	TRUE	TENT2
XP_011774464.1	XP_011541526.1	0	N/A	27.083	192	37	4.31e-11	67.8	poly(A) RNA polymerase GLD2 isoform X1 [Homo sapiens]	TRUE	TENT2
XP_011774464.1	XP_011541523.1	0	N/A	27.083	192	37	4.31e-11	67.8	poly(A) RNA polymerase GLD2 isoform X1 [Homo sapiens]	TRUE	TENT2
XP_011774464.1	XP_011541522.1	0	N/A	27.083	192	37	4.31e-11	67.8	poly(A) RNA polymerase GLD2 isoform X1 [Homo sapiens]	TRUE	TENT2
XP_011774464.1	NP_001375023.1	0	N/A	27.083	192	37	4.31e-11	67.8	poly(A) RNA polymerase GLD2 isoform 5 [Homo sapiens]	TRUE	TENT2
XP_011774464.1	NP_001375022.1	0	N/A	27.083	192	37	4.31e-11	67.8	poly(A) RNA polymerase GLD2 isoform 5 [Homo sapiens]	TRUE	TENT2
XP_011774464.1	NP_001336479.1	0	N/A	27.083	192	37	4.31e-11	67.8	poly(A) RNA polymerase GLD2 isoform 5 [Homo sapiens]	TRUE	TENT2
XP_011774464.1	NP_001336478.1	0	N/A	27.083	192	37	4.31e-11	67.8	poly(A) RNA polymerase GLD2 isoform 5 [Homo sapiens]	TRUE	TENT2
XP_011774464.1	NP_001375042.1	0	N/A	27.064	218	42	4.5e-11	67.4	poly(A) RNA polymerase GLD2 isoform 16 [Homo sapiens]	TRUE	TENT2
XP_011774464.1	NP_001375061.1	0	N/A	27.064	218	42	4.52e-11	67.4	poly(A) RNA polymerase GLD2 isoform 12 [Homo sapiens]	TRUE	TENT2
XP_011774464.1	NP_001375060.1	0	N/A	27.064	218	42	5.26e-11	67	poly(A) RNA polymerase GLD2 isoform 11 [Homo sapiens]	TRUE	TENT2
XP_011774464.1	NP_001375030.1	0	N/A	27.064	218	42	5.5e-11	67.4	poly(A) RNA polymerase GLD2 isoform 9 [Homo sapiens]	TRUE	TENT2
XP_011774464.1	NP_001375029.1	0	N/A	27.083	192	37	6.38e-11	67	poly(A) RNA polymerase GLD2 isoform 8 [Homo sapiens]	TRUE	TENT2
XP_011774464.1	NP_001375028.1	0	N/A	27.083	192	37	6.38e-11	67	poly(A) RNA polymerase GLD2 isoform 8 [Homo sapiens]	TRUE	TENT2
XP_011774464.1	NP_001317647.1	0	N/A	22.872	188	35	7.43e-05	48.1	terminal uridylyltransferase 7 isoform 3 [Homo sapiens]	TRUE	Tut7
XP_011774464.1	XP_016870620.1	0	N/A	22.872	188	35	8.74e-05	48.1	terminal uridylyltransferase 7 isoform X4 [Homo sapiens]	TRUE	Tut7
XP_011774464.1	XP_016870619.1	0	N/A	22.872	188	35	8.74e-05	48.1	terminal uridylyltransferase 7 isoform X4 [Homo sapiens]	TRUE	Tut7
XP_011774464.1	NP_078893.2	0	N/A	22.872	188	35	8.74e-05	48.1	terminal uridylyltransferase 7 isoform 1 [Homo sapiens]	TRUE	Tut7
XP_011774464.1	NP_001171988.1	0	N/A	22.872	188	35	8.74e-05	48.1	terminal uridylyltransferase 7 isoform 1 [Homo sapiens]	TRUE	Tut7
XP_011774464.1	XP_011517316.1	0	N/A	22.872	188	35	8.78e-05	48.1	terminal uridylyltransferase 7 isoform X1 [Homo sapiens]	TRUE	Tut7
XP_011774464.1	XP_011517315.1	0	N/A	22.872	188	35	8.78e-05	48.1	terminal uridylyltransferase 7 isoform X1 [Homo sapiens]	TRUE	Tut7
XP_011774464.1	XP_011517314.1	0	N/A	22.872	188	35	8.78e-05	48.1	terminal uridylyltransferase 7 isoform X1 [Homo sapiens]	TRUE	Tut7
XP_011774464.1	XP_011517313.1	0	N/A	22.872	188	35	8.78e-05	48.1	terminal uridylyltransferase 7 isoform X1 [Homo sapiens]	TRUE	Tut7
XP_011774464.1	XP_005252265.1	0	N/A	22.872	188	35	8.94e-05	48.1	terminal uridylyltransferase 7 isoform X7 [Homo sapiens]	TRUE	Tut7
XP_011774464.1	XP_011517318.1	0	N/A	22.872	188	35	9.11e-05	48.1	terminal uridylyltransferase 7 isoform X5 [Homo sapiens]	TRUE	Tut7
XP_011774464.1	XP_011517317.1	0	N/A	22.872	188	35	9.23e-05	48.1	terminal uridylyltransferase 7 isoform X3 [Homo sapiens]	TRUE	Tut7
XP_011774464.1	XP_047279825.1	0	N/A	22.872	188	35	9.34e-05	47.8	terminal uridylyltransferase 7 isoform X6 [Homo sapiens]	TRUE	Tut7
XP_011774464.1	XP_047279824.1	0	N/A	22.872	188	35	9.34e-05	47.8	terminal uridylyltransferase 7 isoform X6 [Homo sapiens]	TRUE	Tut7
XP_011774464.1	XP_005252264.1	0	N/A	22.872	188	35	9.34e-05	47.8	terminal uridylyltransferase 7 isoform X6 [Homo sapiens]	TRUE	Tut7
XP_011774464.1	XP_047279823.1	0	N/A	22.872	188	35	9.89e-05	47.8	terminal uridylyltransferase 7 isoform X2 [Homo sapiens]	TRUE	Tut7
XP_011774464.1	XP_006717346.1	0	N/A	22.872	188	35	9.89e-05	47.8	terminal uridylyltransferase 7 isoform X2 [Homo sapiens]	TRUE	Tut7
XP_011774464.1	NP_001172003.1	0	N/A	22.872	188	35	0.00012	47.4	terminal uridylyltransferase 7 isoform 2 [Homo sapiens]	TRUE	Tut7
XP_011774464.1	XP_011541531.1	0	N/A	23.445	209	41	0.000768	44.7	poly(A) RNA polymerase GLD2 isoform X5 [Homo sapiens]	TRUE	TENT2
XP_011774464.1	XP_047272815.1	0	N/A	29.703	101	20	0.001	43.9	poly(A) RNA polymerase GLD2 isoform X7 [Homo sapiens]	TRUE	TENT2
XP_011774464.1	NP_001375064.1	0	N/A	29.703	101	20	0.001	43.9	poly(A) RNA polymerase GLD2 isoform 13 [Homo sapiens]	TRUE	TENT2
XP_011774464.1	NP_001375063.1	0	N/A	29.703	101	20	0.001	43.9	poly(A) RNA polymerase GLD2 isoform 13 [Homo sapiens]	TRUE	TENT2
XP_011774464.1	XP_047272814.1	0	N/A	29.703	101	20	0.001	43.9	poly(A) RNA polymerase GLD2 isoform X6 [Homo sapiens]	TRUE	TENT2
XP_011774464.1	XP_047272813.1	0	N/A	29.703	101	20	0.001	43.9	poly(A) RNA polymerase GLD2 isoform X6 [Homo sapiens]	TRUE	TENT2
XP_011774464.1	XP_047272812.1	0	N/A	29.703	101	20	0.001	43.9	poly(A) RNA polymerase GLD2 isoform X6 [Homo sapiens]	TRUE	TENT2
XP_011774464.1	NP_001375062.1	0	N/A	29.703	101	20	0.001	43.9	poly(A) RNA polymerase GLD2 isoform 3 [Homo sapiens]	TRUE	TENT2
XP_011774464.1	NP_001284674.1	0	N/A	29.703	101	20	0.001	43.9	poly(A) RNA polymerase GLD2 isoform 3 [Homo sapiens]	TRUE	TENT2
XP_011774464.1	XP_047272325.1	0	N/A	21.993	291	54	0.012	41.2	terminal uridylyltransferase 4 isoform X23 [Homo sapiens]	TRUE	Tut4
XP_011774464.1	XP_011539401.1	0	N/A	21.993	291	54	0.013	41.2	terminal uridylyltransferase 4 isoform X29 [Homo sapiens]	TRUE	Tut4
XP_011774464.1	XP_005270735.1	0	N/A	21.993	291	54	0.013	41.2	terminal uridylyltransferase 4 isoform X2 [Homo sapiens]	TRUE	Tut4
XP_011774797.1	XP_047272820.1	0	N/A	30.464	151	15	9.23e-11	65.9	poly(A) RNA polymerase GLD2 isoform X11 [Homo sapiens]	TRUE	TENT2
XP_011774797.1	NP_001336477.1	0	N/A	30.464	151	15	1.1e-10	65.9	poly(A) RNA polymerase GLD2 isoform 4 [Homo sapiens]	TRUE	TENT2
XP_011774797.1	NP_001375066.1	0	N/A	31.034	145	14	2.19e-10	65.5	poly(A) RNA polymerase GLD2 isoform 15 [Homo sapiens]	TRUE	TENT2
XP_011774797.1	NP_001375065.1	0	N/A	31.034	145	14	3.53e-10	65.5	poly(A) RNA polymerase GLD2 isoform 14 [Homo sapiens]	TRUE	TENT2
XP_011774797.1	XP_047272805.1	0	N/A	27.749	191	18	4.69e-10	65.9	poly(A) RNA polymerase GLD2 isoform X2 [Homo sapiens]	TRUE	TENT2
XP_011774797.1	XP_047272804.1	0	N/A	27.749	191	18	4.69e-10	65.9	poly(A) RNA polymerase GLD2 isoform X2 [Homo sapiens]	TRUE	TENT2
XP_011774797.1	XP_047272803.1	0	N/A	27.749	191	18	4.69e-10	65.9	poly(A) RNA polymerase GLD2 isoform X2 [Homo sapiens]	TRUE	TENT2
XP_011774797.1	XP_047272802.1	0	N/A	27.749	191	18	4.69e-10	65.9	poly(A) RNA polymerase GLD2 isoform X2 [Homo sapiens]	TRUE	TENT2
XP_011774797.1	XP_016864641.1	0	N/A	27.749	191	18	4.69e-10	65.9	poly(A) RNA polymerase GLD2 isoform X2 [Homo sapiens]	TRUE	TENT2
XP_011774797.1	NP_001375026.1	0	N/A	27.749	191	18	4.69e-10	65.9	poly(A) RNA polymerase GLD2 isoform 6 [Homo sapiens]	TRUE	TENT2
XP_011774797.1	NP_001375025.1	0	N/A	27.749	191	18	4.69e-10	65.9	poly(A) RNA polymerase GLD2 isoform 6 [Homo sapiens]	TRUE	TENT2
XP_011774797.1	NP_001375024.1	0	N/A	27.749	191	18	4.69e-10	65.9	poly(A) RNA polymerase GLD2 isoform 6 [Homo sapiens]	TRUE	TENT2
XP_011774797.1	NP_001336480.1	0	N/A	27.749	191	18	4.69e-10	65.9	poly(A) RNA polymerase GLD2 isoform 6 [Homo sapiens]	TRUE	TENT2
XP_011774797.1	NP_001375027.1	0	N/A	27.749	191	18	5.24e-10	65.9	poly(A) RNA polymerase GLD2 isoform 7 [Homo sapiens]	TRUE	TENT2
XP_011774797.1	XP_047272811.1	0	N/A	29.73	148	14	5.88e-10	65.5	poly(A) RNA polymerase GLD2 isoform X4 [Homo sapiens]	TRUE	TENT2
XP_011774797.1	XP_047272810.1	0	N/A	29.73	148	14	5.88e-10	65.5	poly(A) RNA polymerase GLD2 isoform X4 [Homo sapiens]	TRUE	TENT2
XP_011774797.1	XP_047272809.1	0	N/A	29.73	148	14	5.88e-10	65.5	poly(A) RNA polymerase GLD2 isoform X4 [Homo sapiens]	TRUE	TENT2
XP_011774797.1	NP_001375058.1	0	N/A	29.73	148	14	5.88e-10	65.5	poly(A) RNA polymerase GLD2 isoform 2 [Homo sapiens]	TRUE	TENT2
XP_011774797.1	NP_001375057.1	0	N/A	29.73	148	14	5.88e-10	65.5	poly(A) RNA polymerase GLD2 isoform 2 [Homo sapiens]	TRUE	TENT2
XP_011774797.1	NP_001375056.1	0	N/A	29.73	148	14	5.88e-10	65.5	poly(A) RNA polymerase GLD2 isoform 2 [Homo sapiens]	TRUE	TENT2
XP_011774797.1	NP_001375055.1	0	N/A	29.73	148	14	5.88e-10	65.5	poly(A) RNA polymerase GLD2 isoform 2 [Homo sapiens]	TRUE	TENT2
XP_011774797.1	NP_001375054.1	0	N/A	29.73	148	14	5.88e-10	65.5	poly(A) RNA polymerase GLD2 isoform 2 [Homo sapiens]	TRUE	TENT2
XP_011774797.1	NP_001375053.1	0	N/A	29.73	148	14	5.88e-10	65.5	poly(A) RNA polymerase GLD2 isoform 2 [Homo sapiens]	TRUE	TENT2
XP_011774797.1	NP_001375052.1	0	N/A	29.73	148	14	5.88e-10	65.5	poly(A) RNA polymerase GLD2 isoform 2 [Homo sapiens]	TRUE	TENT2
XP_011774797.1	NP_001375051.1	0	N/A	29.73	148	14	5.88e-10	65.5	poly(A) RNA polymerase GLD2 isoform 2 [Homo sapiens]	TRUE	TENT2
XP_011774797.1	NP_001375050.1	0	N/A	29.73	148	14	5.88e-10	65.5	poly(A) RNA polymerase GLD2 isoform 2 [Homo sapiens]	TRUE	TENT2
XP_011774797.1	NP_001375049.1	0	N/A	29.73	148	14	5.88e-10	65.5	poly(A) RNA polymerase GLD2 isoform 2 [Homo sapiens]	TRUE	TENT2
XP_011774797.1	NP_001375048.1	0	N/A	29.73	148	14	5.88e-10	65.5	poly(A) RNA polymerase GLD2 isoform 2 [Homo sapiens]	TRUE	TENT2
XP_011774797.1	NP_001375047.1	0	N/A	29.73	148	14	5.88e-10	65.5	poly(A) RNA polymerase GLD2 isoform 2 [Homo sapiens]	TRUE	TENT2
XP_011774797.1	NP_001375046.1	0	N/A	29.73	148	14	5.88e-10	65.5	poly(A) RNA polymerase GLD2 isoform 2 [Homo sapiens]	TRUE	TENT2
XP_011774797.1	NP_001375045.1	0	N/A	29.73	148	14	5.88e-10	65.5	poly(A) RNA polymerase GLD2 isoform 2 [Homo sapiens]	TRUE	TENT2
XP_011774797.1	NP_001375044.1	0	N/A	29.73	148	14	5.88e-10	65.5	poly(A) RNA polymerase GLD2 isoform 2 [Homo sapiens]	TRUE	TENT2
XP_011774797.1	NP_001375043.1	0	N/A	29.73	148	14	5.88e-10	65.5	poly(A) RNA polymerase GLD2 isoform 2 [Homo sapiens]	TRUE	TENT2
XP_011774797.1	NP_001336483.1	0	N/A	29.73	148	14	5.88e-10	65.5	poly(A) RNA polymerase GLD2 isoform 2 [Homo sapiens]	TRUE	TENT2
XP_011774797.1	NP_001284673.1	0	N/A	29.73	148	14	5.88e-10	65.5	poly(A) RNA polymerase GLD2 isoform 2 [Homo sapiens]	TRUE	TENT2
XP_011774797.1	NP_001375059.1	0	N/A	29.73	148	14	6.18e-10	65.5	poly(A) RNA polymerase GLD2 isoform 10 [Homo sapiens]	TRUE	TENT2
XP_011774797.1	XP_047272801.1	0	N/A	29.73	148	14	6.46e-10	65.5	poly(A) RNA polymerase GLD2 isoform X1 [Homo sapiens]	TRUE	TENT2
XP_011774797.1	XP_047272800.1	0	N/A	29.73	148	14	6.46e-10	65.5	poly(A) RNA polymerase GLD2 isoform X1 [Homo sapiens]	TRUE	TENT2
XP_011774797.1	XP_011541527.1	0	N/A	29.73	148	14	6.46e-10	65.5	poly(A) RNA polymerase GLD2 isoform X1 [Homo sapiens]	TRUE	TENT2
XP_011774797.1	XP_011541526.1	0	N/A	29.73	148	14	6.46e-10	65.5	poly(A) RNA polymerase GLD2 isoform X1 [Homo sapiens]	TRUE	TENT2
XP_011774797.1	XP_011541523.1	0	N/A	29.73	148	14	6.46e-10	65.5	poly(A) RNA polymerase GLD2 isoform X1 [Homo sapiens]	TRUE	TENT2
XP_011774797.1	XP_011541522.1	0	N/A	29.73	148	14	6.46e-10	65.5	poly(A) RNA polymerase GLD2 isoform X1 [Homo sapiens]	TRUE	TENT2
XP_011774797.1	NP_001375023.1	0	N/A	29.73	148	14	6.46e-10	65.5	poly(A) RNA polymerase GLD2 isoform 5 [Homo sapiens]	TRUE	TENT2
XP_011774797.1	NP_001375022.1	0	N/A	29.73	148	14	6.46e-10	65.5	poly(A) RNA polymerase GLD2 isoform 5 [Homo sapiens]	TRUE	TENT2
XP_011774797.1	NP_001336479.1	0	N/A	29.73	148	14	6.46e-10	65.5	poly(A) RNA polymerase GLD2 isoform 5 [Homo sapiens]	TRUE	TENT2
XP_011774797.1	NP_001336478.1	0	N/A	29.73	148	14	6.46e-10	65.5	poly(A) RNA polymerase GLD2 isoform 5 [Homo sapiens]	TRUE	TENT2
XP_011774797.1	NP_001375061.1	0	N/A	29.73	148	14	7.21e-10	65.1	poly(A) RNA polymerase GLD2 isoform 12 [Homo sapiens]	TRUE	TENT2
XP_011774797.1	XP_047272808.1	0	N/A	29.73	148	14	7.51e-10	65.1	poly(A) RNA polymerase GLD2 isoform X3 [Homo sapiens]	TRUE	TENT2
XP_011774797.1	XP_047272807.1	0	N/A	29.73	148	14	7.51e-10	65.1	poly(A) RNA polymerase GLD2 isoform X3 [Homo sapiens]	TRUE	TENT2
XP_011774797.1	XP_047272806.1	0	N/A	29.73	148	14	7.51e-10	65.1	poly(A) RNA polymerase GLD2 isoform X3 [Homo sapiens]	TRUE	TENT2
XP_011774797.1	NP_776158.2	0	N/A	29.73	148	14	7.51e-10	65.1	poly(A) RNA polymerase GLD2 isoform 1 [Homo sapiens]	TRUE	TENT2
XP_011774797.1	NP_001375041.1	0	N/A	29.73	148	14	7.51e-10	65.1	poly(A) RNA polymerase GLD2 isoform 1 [Homo sapiens]	TRUE	TENT2
XP_011774797.1	NP_001375040.1	0	N/A	29.73	148	14	7.51e-10	65.1	poly(A) RNA polymerase GLD2 isoform 1 [Homo sapiens]	TRUE	TENT2
XP_011774797.1	NP_001375039.1	0	N/A	29.73	148	14	7.51e-10	65.1	poly(A) RNA polymerase GLD2 isoform 1 [Homo sapiens]	TRUE	TENT2
XP_011774797.1	NP_001375038.1	0	N/A	29.73	148	14	7.51e-10	65.1	poly(A) RNA polymerase GLD2 isoform 1 [Homo sapiens]	TRUE	TENT2
XP_011774797.1	NP_001375037.1	0	N/A	29.73	148	14	7.51e-10	65.1	poly(A) RNA polymerase GLD2 isoform 1 [Homo sapiens]	TRUE	TENT2
XP_011774797.1	NP_001375036.1	0	N/A	29.73	148	14	7.51e-10	65.1	poly(A) RNA polymerase GLD2 isoform 1 [Homo sapiens]	TRUE	TENT2
XP_011774797.1	NP_001375035.1	0	N/A	29.73	148	14	7.51e-10	65.1	poly(A) RNA polymerase GLD2 isoform 1 [Homo sapiens]	TRUE	TENT2
XP_011774797.1	NP_001375034.1	0	N/A	29.73	148	14	7.51e-10	65.1	poly(A) RNA polymerase GLD2 isoform 1 [Homo sapiens]	TRUE	TENT2
XP_011774797.1	NP_001375032.1	0	N/A	29.73	148	14	7.51e-10	65.1	poly(A) RNA polymerase GLD2 isoform 1 [Homo sapiens]	TRUE	TENT2
XP_011774797.1	NP_001375031.1	0	N/A	29.73	148	14	7.51e-10	65.1	poly(A) RNA polymerase GLD2 isoform 1 [Homo sapiens]	TRUE	TENT2
XP_011774797.1	NP_001336482.1	0	N/A	29.73	148	14	7.51e-10	65.1	poly(A) RNA polymerase GLD2 isoform 1 [Homo sapiens]	TRUE	TENT2
XP_011774797.1	NP_001336481.1	0	N/A	29.73	148	14	7.51e-10	65.1	poly(A) RNA polymerase GLD2 isoform 1 [Homo sapiens]	TRUE	TENT2
XP_011774797.1	NP_001107866.1	0	N/A	29.73	148	14	7.51e-10	65.1	poly(A) RNA polymerase GLD2 isoform 1 [Homo sapiens]	TRUE	TENT2
XP_011774797.1	NP_001107865.1	0	N/A	29.73	148	14	7.51e-10	65.1	poly(A) RNA polymerase GLD2 isoform 1 [Homo sapiens]	TRUE	TENT2
XP_011774797.1	NP_001375042.1	0	N/A	29.73	148	14	7.76e-10	65.1	poly(A) RNA polymerase GLD2 isoform 16 [Homo sapiens]	TRUE	TENT2
XP_011774797.1	NP_001375030.1	0	N/A	29.73	148	14	8.39e-10	65.1	poly(A) RNA polymerase GLD2 isoform 9 [Homo sapiens]	TRUE	TENT2
XP_011774797.1	NP_001375060.1	0	N/A	29.73	148	14	8.46e-10	64.7	poly(A) RNA polymerase GLD2 isoform 11 [Homo sapiens]	TRUE	TENT2
XP_011774797.1	NP_001375029.1	0	N/A	29.73	148	14	1.08e-09	64.7	poly(A) RNA polymerase GLD2 isoform 8 [Homo sapiens]	TRUE	TENT2
XP_011774797.1	NP_001375028.1	0	N/A	29.73	148	14	1.08e-09	64.7	poly(A) RNA polymerase GLD2 isoform 8 [Homo sapiens]	TRUE	TENT2
XP_011774797.1	XP_047279823.1	0	N/A	24.39	205	20	2.77e-06	54.3	terminal uridylyltransferase 7 isoform X2 [Homo sapiens]	TRUE	Tut7
XP_011774797.1	XP_006717346.1	0	N/A	24.39	205	20	2.77e-06	54.3	terminal uridylyltransferase 7 isoform X2 [Homo sapiens]	TRUE	Tut7
XP_011774797.1	NP_001172003.1	0	N/A	24.39	205	20	2.83e-06	54.3	terminal uridylyltransferase 7 isoform 2 [Homo sapiens]	TRUE	Tut7
XP_011774797.1	XP_011517317.1	0	N/A	26.087	207	20	3.14e-06	54.3	terminal uridylyltransferase 7 isoform X3 [Homo sapiens]	TRUE	Tut7
XP_011774797.1	XP_011517318.1	0	N/A	24.39	205	20	3.21e-06	53.9	terminal uridylyltransferase 7 isoform X5 [Homo sapiens]	TRUE	Tut7
XP_011774797.1	XP_047279825.1	0	N/A	24.39	205	20	3.23e-06	53.9	terminal uridylyltransferase 7 isoform X6 [Homo sapiens]	TRUE	Tut7
XP_011774797.1	XP_047279824.1	0	N/A	24.39	205	20	3.23e-06	53.9	terminal uridylyltransferase 7 isoform X6 [Homo sapiens]	TRUE	Tut7
XP_011774797.1	XP_005252264.1	0	N/A	24.39	205	20	3.23e-06	53.9	terminal uridylyltransferase 7 isoform X6 [Homo sapiens]	TRUE	Tut7
XP_011774797.1	XP_016870620.1	0	N/A	24.39	205	20	3.4e-06	53.9	terminal uridylyltransferase 7 isoform X4 [Homo sapiens]	TRUE	Tut7
XP_011774797.1	XP_016870619.1	0	N/A	24.39	205	20	3.4e-06	53.9	terminal uridylyltransferase 7 isoform X4 [Homo sapiens]	TRUE	Tut7
XP_011774797.1	NP_078893.2	0	N/A	24.39	205	20	3.4e-06	53.9	terminal uridylyltransferase 7 isoform 1 [Homo sapiens]	TRUE	Tut7
XP_011774797.1	NP_001171988.1	0	N/A	24.39	205	20	3.4e-06	53.9	terminal uridylyltransferase 7 isoform 1 [Homo sapiens]	TRUE	Tut7
XP_011774797.1	XP_005252265.1	0	N/A	26.087	207	20	4.05e-06	53.9	terminal uridylyltransferase 7 isoform X7 [Homo sapiens]	TRUE	Tut7
XP_011774797.1	XP_011517316.1	0	N/A	26.087	207	20	4.13e-06	53.9	terminal uridylyltransferase 7 isoform X1 [Homo sapiens]	TRUE	Tut7
XP_011774797.1	XP_011517315.1	0	N/A	26.087	207	20	4.13e-06	53.9	terminal uridylyltransferase 7 isoform X1 [Homo sapiens]	TRUE	Tut7
XP_011774797.1	XP_011517314.1	0	N/A	26.087	207	20	4.13e-06	53.9	terminal uridylyltransferase 7 isoform X1 [Homo sapiens]	TRUE	Tut7
XP_011774797.1	XP_011517313.1	0	N/A	26.087	207	20	4.13e-06	53.9	terminal uridylyltransferase 7 isoform X1 [Homo sapiens]	TRUE	Tut7
XP_011774797.1	NP_001317647.1	0	N/A	24.39	205	20	5.78e-06	53.1	terminal uridylyltransferase 7 isoform 3 [Homo sapiens]	TRUE	Tut7
XP_011774797.1	XP_047272817.1	0	N/A	34.848	66	7	7.53e-05	48.9	poly(A) RNA polymerase GLD2 isoform X9 [Homo sapiens]	TRUE	TENT2
XP_011774797.1	XP_047272818.1	0	N/A	34.848	66	7	8.64e-05	48.5	poly(A) RNA polymerase GLD2 isoform X10 [Homo sapiens]	TRUE	TENT2
XP_011774797.1	XP_047272816.1	0	N/A	34.848	66	7	8.99e-05	48.5	poly(A) RNA polymerase GLD2 isoform X8 [Homo sapiens]	TRUE	TENT2
XP_011774797.1	XP_047272288.1	0	N/A	22.115	208	20	0.000295	47.8	terminal uridylyltransferase 4 isoform X10 [Homo sapiens]	TRUE	Tut4
XP_011774797.1	XP_016856293.1	0	N/A	22.115	208	20	3e-04	47.8	terminal uridylyltransferase 4 isoform X16 [Homo sapiens]	TRUE	Tut4
XP_011774797.1	XP_047272305.1	0	N/A	22.115	208	20	0.00031	47.8	terminal uridylyltransferase 4 isoform X17 [Homo sapiens]	TRUE	Tut4
XP_011774797.1	XP_016856299.1	0	N/A	22.115	208	20	0.000314	47.8	terminal uridylyltransferase 4 isoform X40 [Homo sapiens]	TRUE	Tut4
XP_011774797.1	XP_047272365.1	0	N/A	22.115	208	20	0.000327	47.4	terminal uridylyltransferase 4 isoform X38 [Homo sapiens]	TRUE	Tut4
XP_011774797.1	XP_047272281.1	0	N/A	22.115	208	20	0.000333	47.4	terminal uridylyltransferase 4 isoform X4 [Homo sapiens]	TRUE	Tut4
XP_011774797.1	NP_001009881.1	0	N/A	22.115	208	20	0.000333	47.4	terminal uridylyltransferase 4 isoform a [Homo sapiens]	TRUE	Tut4
XP_011774797.1	XP_047272283.1	0	N/A	22.115	208	20	0.000336	47.4	terminal uridylyltransferase 4 isoform X6 [Homo sapiens]	TRUE	Tut4
XP_011774797.1	XP_005270737.1	0	N/A	22.115	208	20	0.000336	47.4	terminal uridylyltransferase 4 isoform X6 [Homo sapiens]	TRUE	Tut4
XP_011775392.1	NP_008930.2	0	N/A	32.558	344	46	4.57e-40	160	terminal nucleotidyltransferase 4A isoform 1 [Homo sapiens]	TRUE	TENT4A
XP_011775392.1	NP_001165276.2	0	N/A	32.558	344	46	4.81e-40	160	terminal nucleotidyltransferase 4A isoform 2 [Homo sapiens]	TRUE	TENT4A
XP_011775392.1	XP_011521580.1	0	N/A	30.946	349	46	1.19e-38	153	terminal nucleotidyltransferase 4B isoform X5 [Homo sapiens]	TRUE	TENT4B
XP_011775392.1	XP_047290433.1	0	N/A	30.946	349	46	1.3e-38	152	terminal nucleotidyltransferase 4B isoform X6 [Homo sapiens]	TRUE	TENT4B
XP_011775392.1	NP_001035374.2	0	N/A	30.682	352	46	1.39e-38	155	terminal nucleotidyltransferase 4B isoform a [Homo sapiens]	TRUE	TENT4B
XP_011775392.1	XP_011521577.1	0	N/A	30.682	352	46	1.4e-38	155	terminal nucleotidyltransferase 4B isoform X1 [Homo sapiens]	TRUE	TENT4B
XP_011775392.1	NP_001035375.2	0	N/A	30.682	352	46	1.63e-38	154	terminal nucleotidyltransferase 4B isoform b [Homo sapiens]	TRUE	TENT4B
XP_011775392.1	XP_011521578.1	0	N/A	30.682	352	46	1.65e-38	154	terminal nucleotidyltransferase 4B isoform X2 [Homo sapiens]	TRUE	TENT4B
XP_011775392.1	NP_001352252.1	0	N/A	30.682	352	46	2.2e-38	154	terminal nucleotidyltransferase 4B isoform c [Homo sapiens]	TRUE	TENT4B
XP_011775392.1	XP_047290432.1	0	N/A	30.682	352	46	2.45e-38	154	terminal nucleotidyltransferase 4B isoform X4 [Homo sapiens]	TRUE	TENT4B
XP_011775392.1	NP_001352253.1	0	N/A	30.682	352	46	3.32e-38	154	terminal nucleotidyltransferase 4B isoform d [Homo sapiens]	TRUE	TENT4B
XP_011775392.1	XP_047290431.1	0	N/A	30.682	352	46	3.34e-38	154	terminal nucleotidyltransferase 4B isoform X3 [Homo sapiens]	TRUE	TENT4B
XP_011775392.1	XP_047272622.1	0	N/A	31.818	330	44	2.21e-35	144	terminal nucleotidyltransferase 4A isoform X1 [Homo sapiens]	TRUE	TENT4A
XP_011775392.1	XP_047272621.1	0	N/A	31.818	330	44	2.21e-35	144	terminal nucleotidyltransferase 4A isoform X1 [Homo sapiens]	TRUE	TENT4A
XP_011775392.1	XP_047272620.1	0	N/A	31.818	330	44	2.21e-35	144	terminal nucleotidyltransferase 4A isoform X1 [Homo sapiens]	TRUE	TENT4A
XP_011775392.1	XP_047272623.1	0	N/A	31.579	323	43	6.11e-34	139	terminal nucleotidyltransferase 4A isoform X2 [Homo sapiens]	TRUE	TENT4A
XP_011775392.1	XP_016864477.1	0	N/A	31.579	323	43	6.11e-34	139	terminal nucleotidyltransferase 4A isoform X2 [Homo sapiens]	TRUE	TENT4A
XP_011775392.1	XP_047272624.1	0	N/A	31.579	323	43	6.5e-34	139	terminal nucleotidyltransferase 4A isoform X3 [Homo sapiens]	TRUE	TENT4A
XP_011775392.1	XP_047272811.1	0	N/A	24.476	286	33	1.73e-10	66.6	poly(A) RNA polymerase GLD2 isoform X4 [Homo sapiens]	TRUE	TENT2
XP_011775392.1	XP_047272810.1	0	N/A	24.476	286	33	1.73e-10	66.6	poly(A) RNA polymerase GLD2 isoform X4 [Homo sapiens]	TRUE	TENT2
XP_011775392.1	XP_047272809.1	0	N/A	24.476	286	33	1.73e-10	66.6	poly(A) RNA polymerase GLD2 isoform X4 [Homo sapiens]	TRUE	TENT2
XP_011775392.1	NP_001375058.1	0	N/A	24.476	286	33	1.73e-10	66.6	poly(A) RNA polymerase GLD2 isoform 2 [Homo sapiens]	TRUE	TENT2
XP_011775392.1	NP_001375057.1	0	N/A	24.476	286	33	1.73e-10	66.6	poly(A) RNA polymerase GLD2 isoform 2 [Homo sapiens]	TRUE	TENT2
XP_011775392.1	NP_001375056.1	0	N/A	24.476	286	33	1.73e-10	66.6	poly(A) RNA polymerase GLD2 isoform 2 [Homo sapiens]	TRUE	TENT2
XP_011775392.1	NP_001375055.1	0	N/A	24.476	286	33	1.73e-10	66.6	poly(A) RNA polymerase GLD2 isoform 2 [Homo sapiens]	TRUE	TENT2
XP_011775392.1	NP_001375054.1	0	N/A	24.476	286	33	1.73e-10	66.6	poly(A) RNA polymerase GLD2 isoform 2 [Homo sapiens]	TRUE	TENT2
XP_011775392.1	NP_001375053.1	0	N/A	24.476	286	33	1.73e-10	66.6	poly(A) RNA polymerase GLD2 isoform 2 [Homo sapiens]	TRUE	TENT2
XP_011775392.1	NP_001375052.1	0	N/A	24.476	286	33	1.73e-10	66.6	poly(A) RNA polymerase GLD2 isoform 2 [Homo sapiens]	TRUE	TENT2
XP_011775392.1	NP_001375051.1	0	N/A	24.476	286	33	1.73e-10	66.6	poly(A) RNA polymerase GLD2 isoform 2 [Homo sapiens]	TRUE	TENT2
XP_011775392.1	NP_001375050.1	0	N/A	24.476	286	33	1.73e-10	66.6	poly(A) RNA polymerase GLD2 isoform 2 [Homo sapiens]	TRUE	TENT2
XP_011775392.1	NP_001375049.1	0	N/A	24.476	286	33	1.73e-10	66.6	poly(A) RNA polymerase GLD2 isoform 2 [Homo sapiens]	TRUE	TENT2
XP_011775392.1	NP_001375048.1	0	N/A	24.476	286	33	1.73e-10	66.6	poly(A) RNA polymerase GLD2 isoform 2 [Homo sapiens]	TRUE	TENT2
XP_011775392.1	NP_001375047.1	0	N/A	24.476	286	33	1.73e-10	66.6	poly(A) RNA polymerase GLD2 isoform 2 [Homo sapiens]	TRUE	TENT2
XP_011775392.1	NP_001375046.1	0	N/A	24.476	286	33	1.73e-10	66.6	poly(A) RNA polymerase GLD2 isoform 2 [Homo sapiens]	TRUE	TENT2
XP_011775392.1	NP_001375045.1	0	N/A	24.476	286	33	1.73e-10	66.6	poly(A) RNA polymerase GLD2 isoform 2 [Homo sapiens]	TRUE	TENT2
XP_011775392.1	NP_001375044.1	0	N/A	24.476	286	33	1.73e-10	66.6	poly(A) RNA polymerase GLD2 isoform 2 [Homo sapiens]	TRUE	TENT2
XP_011775392.1	NP_001375043.1	0	N/A	24.476	286	33	1.73e-10	66.6	poly(A) RNA polymerase GLD2 isoform 2 [Homo sapiens]	TRUE	TENT2
XP_011775392.1	NP_001336483.1	0	N/A	24.476	286	33	1.73e-10	66.6	poly(A) RNA polymerase GLD2 isoform 2 [Homo sapiens]	TRUE	TENT2
XP_011775392.1	NP_001284673.1	0	N/A	24.476	286	33	1.73e-10	66.6	poly(A) RNA polymerase GLD2 isoform 2 [Homo sapiens]	TRUE	TENT2
XP_011775392.1	NP_001375059.1	0	N/A	24.476	286	33	1.76e-10	66.6	poly(A) RNA polymerase GLD2 isoform 10 [Homo sapiens]	TRUE	TENT2
XP_011775392.1	NP_001375061.1	0	N/A	24.476	286	33	2.44e-10	65.9	poly(A) RNA polymerase GLD2 isoform 12 [Homo sapiens]	TRUE	TENT2
XP_011775392.1	XP_047272820.1	0	N/A	29.545	176	19	3.39e-10	63.9	poly(A) RNA polymerase GLD2 isoform X11 [Homo sapiens]	TRUE	TENT2
XP_011775392.1	NP_001375065.1	0	N/A	25	260	30	4.47e-10	64.7	poly(A) RNA polymerase GLD2 isoform 14 [Homo sapiens]	TRUE	TENT2
XP_011775392.1	XP_047272808.1	0	N/A	24.828	290	33	9.65e-10	64.3	poly(A) RNA polymerase GLD2 isoform X3 [Homo sapiens]	TRUE	TENT2
XP_011775392.1	XP_047272807.1	0	N/A	24.828	290	33	9.65e-10	64.3	poly(A) RNA polymerase GLD2 isoform X3 [Homo sapiens]	TRUE	TENT2
XP_011775392.1	XP_047272806.1	0	N/A	24.828	290	33	9.65e-10	64.3	poly(A) RNA polymerase GLD2 isoform X3 [Homo sapiens]	TRUE	TENT2
XP_011775392.1	NP_776158.2	0	N/A	24.828	290	33	9.65e-10	64.3	poly(A) RNA polymerase GLD2 isoform 1 [Homo sapiens]	TRUE	TENT2
XP_011775392.1	NP_001375041.1	0	N/A	24.828	290	33	9.65e-10	64.3	poly(A) RNA polymerase GLD2 isoform 1 [Homo sapiens]	TRUE	TENT2
XP_011775392.1	NP_001375040.1	0	N/A	24.828	290	33	9.65e-10	64.3	poly(A) RNA polymerase GLD2 isoform 1 [Homo sapiens]	TRUE	TENT2
XP_011775392.1	NP_001375039.1	0	N/A	24.828	290	33	9.65e-10	64.3	poly(A) RNA polymerase GLD2 isoform 1 [Homo sapiens]	TRUE	TENT2
XP_011775392.1	NP_001375038.1	0	N/A	24.828	290	33	9.65e-10	64.3	poly(A) RNA polymerase GLD2 isoform 1 [Homo sapiens]	TRUE	TENT2
XP_011775392.1	NP_001375037.1	0	N/A	24.828	290	33	9.65e-10	64.3	poly(A) RNA polymerase GLD2 isoform 1 [Homo sapiens]	TRUE	TENT2
XP_011775392.1	NP_001375036.1	0	N/A	24.828	290	33	9.65e-10	64.3	poly(A) RNA polymerase GLD2 isoform 1 [Homo sapiens]	TRUE	TENT2
XP_011775392.1	NP_001375035.1	0	N/A	24.828	290	33	9.65e-10	64.3	poly(A) RNA polymerase GLD2 isoform 1 [Homo sapiens]	TRUE	TENT2
XP_011775392.1	NP_001375034.1	0	N/A	24.828	290	33	9.65e-10	64.3	poly(A) RNA polymerase GLD2 isoform 1 [Homo sapiens]	TRUE	TENT2
XP_011775392.1	NP_001375032.1	0	N/A	24.828	290	33	9.65e-10	64.3	poly(A) RNA polymerase GLD2 isoform 1 [Homo sapiens]	TRUE	TENT2
XP_011775392.1	NP_001375031.1	0	N/A	24.828	290	33	9.65e-10	64.3	poly(A) RNA polymerase GLD2 isoform 1 [Homo sapiens]	TRUE	TENT2
XP_011775392.1	NP_001336482.1	0	N/A	24.828	290	33	9.65e-10	64.3	poly(A) RNA polymerase GLD2 isoform 1 [Homo sapiens]	TRUE	TENT2
XP_011775392.1	NP_001336481.1	0	N/A	24.828	290	33	9.65e-10	64.3	poly(A) RNA polymerase GLD2 isoform 1 [Homo sapiens]	TRUE	TENT2
XP_011775392.1	NP_001107866.1	0	N/A	24.828	290	33	9.65e-10	64.3	poly(A) RNA polymerase GLD2 isoform 1 [Homo sapiens]	TRUE	TENT2
XP_011775392.1	NP_001107865.1	0	N/A	24.828	290	33	9.65e-10	64.3	poly(A) RNA polymerase GLD2 isoform 1 [Homo sapiens]	TRUE	TENT2
XP_011775392.1	NP_001375042.1	0	N/A	24.828	290	33	1.12e-09	63.9	poly(A) RNA polymerase GLD2 isoform 16 [Homo sapiens]	TRUE	TENT2
XP_011775392.1	NP_001375060.1	0	N/A	24.828	290	33	1.47e-09	63.5	poly(A) RNA polymerase GLD2 isoform 11 [Homo sapiens]	TRUE	TENT2
XP_011775392.1	XP_047272801.1	0	N/A	27.907	172	19	1.68e-09	63.5	poly(A) RNA polymerase GLD2 isoform X1 [Homo sapiens]	TRUE	TENT2
XP_011775392.1	XP_047272800.1	0	N/A	27.907	172	19	1.68e-09	63.5	poly(A) RNA polymerase GLD2 isoform X1 [Homo sapiens]	TRUE	TENT2
XP_011775392.1	XP_011541527.1	0	N/A	27.907	172	19	1.68e-09	63.5	poly(A) RNA polymerase GLD2 isoform X1 [Homo sapiens]	TRUE	TENT2
XP_011775392.1	XP_011541526.1	0	N/A	27.907	172	19	1.68e-09	63.5	poly(A) RNA polymerase GLD2 isoform X1 [Homo sapiens]	TRUE	TENT2
XP_011775392.1	XP_011541523.1	0	N/A	27.907	172	19	1.68e-09	63.5	poly(A) RNA polymerase GLD2 isoform X1 [Homo sapiens]	TRUE	TENT2
XP_011775392.1	XP_011541522.1	0	N/A	27.907	172	19	1.68e-09	63.5	poly(A) RNA polymerase GLD2 isoform X1 [Homo sapiens]	TRUE	TENT2
XP_011775392.1	NP_001375023.1	0	N/A	27.907	172	19	1.68e-09	63.5	poly(A) RNA polymerase GLD2 isoform 5 [Homo sapiens]	TRUE	TENT2
XP_011775392.1	NP_001375022.1	0	N/A	27.907	172	19	1.68e-09	63.5	poly(A) RNA polymerase GLD2 isoform 5 [Homo sapiens]	TRUE	TENT2
XP_011775392.1	NP_001336479.1	0	N/A	27.907	172	19	1.68e-09	63.5	poly(A) RNA polymerase GLD2 isoform 5 [Homo sapiens]	TRUE	TENT2
XP_011775392.1	NP_001336478.1	0	N/A	27.907	172	19	1.68e-09	63.5	poly(A) RNA polymerase GLD2 isoform 5 [Homo sapiens]	TRUE	TENT2
XP_011775392.1	NP_001336477.1	0	N/A	28.205	156	17	3.12e-09	60.8	poly(A) RNA polymerase GLD2 isoform 4 [Homo sapiens]	TRUE	TENT2
XP_011775392.1	XP_047272805.1	0	N/A	22.33	309	33	5.93e-09	62	poly(A) RNA polymerase GLD2 isoform X2 [Homo sapiens]	TRUE	TENT2
XP_011775392.1	XP_047272804.1	0	N/A	22.33	309	33	5.93e-09	62	poly(A) RNA polymerase GLD2 isoform X2 [Homo sapiens]	TRUE	TENT2
XP_011775392.1	XP_047272803.1	0	N/A	22.33	309	33	5.93e-09	62	poly(A) RNA polymerase GLD2 isoform X2 [Homo sapiens]	TRUE	TENT2
XP_011775392.1	XP_047272802.1	0	N/A	22.33	309	33	5.93e-09	62	poly(A) RNA polymerase GLD2 isoform X2 [Homo sapiens]	TRUE	TENT2
XP_011775392.1	XP_016864641.1	0	N/A	22.33	309	33	5.93e-09	62	poly(A) RNA polymerase GLD2 isoform X2 [Homo sapiens]	TRUE	TENT2
XP_011775392.1	NP_001375026.1	0	N/A	22.33	309	33	5.93e-09	62	poly(A) RNA polymerase GLD2 isoform 6 [Homo sapiens]	TRUE	TENT2
XP_011775392.1	NP_001375025.1	0	N/A	22.33	309	33	5.93e-09	62	poly(A) RNA polymerase GLD2 isoform 6 [Homo sapiens]	TRUE	TENT2
XP_011775392.1	NP_001375024.1	0	N/A	22.33	309	33	5.93e-09	62	poly(A) RNA polymerase GLD2 isoform 6 [Homo sapiens]	TRUE	TENT2
XP_011775392.1	NP_001336480.1	0	N/A	22.33	309	33	5.93e-09	62	poly(A) RNA polymerase GLD2 isoform 6 [Homo sapiens]	TRUE	TENT2
XP_011775392.1	NP_001375027.1	0	N/A	22.33	309	33	6.35e-09	61.6	poly(A) RNA polymerase GLD2 isoform 7 [Homo sapiens]	TRUE	TENT2
XP_011775392.1	NP_001375030.1	0	N/A	23.986	296	33	6.86e-09	61.6	poly(A) RNA polymerase GLD2 isoform 9 [Homo sapiens]	TRUE	TENT2
XP_011775392.1	NP_001375029.1	0	N/A	28.205	156	17	1.78e-08	60.1	poly(A) RNA polymerase GLD2 isoform 8 [Homo sapiens]	TRUE	TENT2
XP_011775392.1	NP_001375028.1	0	N/A	28.205	156	17	1.78e-08	60.1	poly(A) RNA polymerase GLD2 isoform 8 [Homo sapiens]	TRUE	TENT2
XP_011775392.1	XP_016870620.1	0	N/A	26.724	232	29	2.29e-08	60.5	terminal uridylyltransferase 7 isoform X4 [Homo sapiens]	TRUE	Tut7
XP_011775392.1	XP_016870619.1	0	N/A	26.724	232	29	2.29e-08	60.5	terminal uridylyltransferase 7 isoform X4 [Homo sapiens]	TRUE	Tut7
XP_011775392.1	NP_078893.2	0	N/A	26.724	232	29	2.29e-08	60.5	terminal uridylyltransferase 7 isoform 1 [Homo sapiens]	TRUE	Tut7
XP_011775392.1	NP_001171988.1	0	N/A	26.724	232	29	2.29e-08	60.5	terminal uridylyltransferase 7 isoform 1 [Homo sapiens]	TRUE	Tut7
XP_011775392.1	XP_047279823.1	0	N/A	26.724	232	29	2.34e-08	60.5	terminal uridylyltransferase 7 isoform X2 [Homo sapiens]	TRUE	Tut7
XP_011775392.1	XP_006717346.1	0	N/A	26.724	232	29	2.34e-08	60.5	terminal uridylyltransferase 7 isoform X2 [Homo sapiens]	TRUE	Tut7
XP_011775392.1	NP_001317647.1	0	N/A	30.114	176	22	2.45e-08	60.1	terminal uridylyltransferase 7 isoform 3 [Homo sapiens]	TRUE	Tut7
XP_011775392.1	XP_047279825.1	0	N/A	26.724	232	29	2.64e-08	60.5	terminal uridylyltransferase 7 isoform X6 [Homo sapiens]	TRUE	Tut7
XP_011775392.1	XP_047279824.1	0	N/A	26.724	232	29	2.64e-08	60.5	terminal uridylyltransferase 7 isoform X6 [Homo sapiens]	TRUE	Tut7
XP_011775392.1	XP_005252264.1	0	N/A	26.724	232	29	2.64e-08	60.5	terminal uridylyltransferase 7 isoform X6 [Homo sapiens]	TRUE	Tut7
XP_011775392.1	XP_011517317.1	0	N/A	26.724	232	29	2.92e-08	60.1	terminal uridylyltransferase 7 isoform X3 [Homo sapiens]	TRUE	Tut7
XP_011775392.1	XP_011517318.1	0	N/A	26.724	232	29	2.95e-08	60.1	terminal uridylyltransferase 7 isoform X5 [Homo sapiens]	TRUE	Tut7
XP_011775392.1	XP_011517316.1	0	N/A	26.724	232	29	3.78e-08	60.1	terminal uridylyltransferase 7 isoform X1 [Homo sapiens]	TRUE	Tut7
XP_011777192.1	NP_001336477.1	0	N/A	23.596	267	67	1.85e-09	60.5	poly(A) RNA polymerase GLD2 isoform 4 [Homo sapiens]	TRUE	TENT2
XP_011777192.1	NP_001375065.1	0	N/A	21.021	333	86	2.18e-09	60.8	poly(A) RNA polymerase GLD2 isoform 14 [Homo sapiens]	TRUE	TENT2
XP_011777192.1	XP_047272805.1	0	N/A	21.581	329	83	3.02e-09	60.8	poly(A) RNA polymerase GLD2 isoform X2 [Homo sapiens]	TRUE	TENT2
XP_011777192.1	XP_047272804.1	0	N/A	21.581	329	83	3.02e-09	60.8	poly(A) RNA polymerase GLD2 isoform X2 [Homo sapiens]	TRUE	TENT2
XP_011777192.1	XP_047272803.1	0	N/A	21.581	329	83	3.02e-09	60.8	poly(A) RNA polymerase GLD2 isoform X2 [Homo sapiens]	TRUE	TENT2
XP_011777192.1	XP_047272802.1	0	N/A	21.581	329	83	3.02e-09	60.8	poly(A) RNA polymerase GLD2 isoform X2 [Homo sapiens]	TRUE	TENT2
XP_011777192.1	XP_016864641.1	0	N/A	21.581	329	83	3.02e-09	60.8	poly(A) RNA polymerase GLD2 isoform X2 [Homo sapiens]	TRUE	TENT2
XP_011777192.1	NP_001375026.1	0	N/A	21.581	329	83	3.02e-09	60.8	poly(A) RNA polymerase GLD2 isoform 6 [Homo sapiens]	TRUE	TENT2
XP_011777192.1	NP_001375025.1	0	N/A	21.581	329	83	3.02e-09	60.8	poly(A) RNA polymerase GLD2 isoform 6 [Homo sapiens]	TRUE	TENT2
XP_011777192.1	NP_001375024.1	0	N/A	21.581	329	83	3.02e-09	60.8	poly(A) RNA polymerase GLD2 isoform 6 [Homo sapiens]	TRUE	TENT2
XP_011777192.1	NP_001336480.1	0	N/A	21.581	329	83	3.02e-09	60.8	poly(A) RNA polymerase GLD2 isoform 6 [Homo sapiens]	TRUE	TENT2
XP_011777192.1	NP_001375027.1	0	N/A	21.581	329	83	3.32e-09	60.8	poly(A) RNA polymerase GLD2 isoform 7 [Homo sapiens]	TRUE	TENT2
XP_011777192.1	NP_001375061.1	0	N/A	21.021	333	86	4.66e-09	60.5	poly(A) RNA polymerase GLD2 isoform 12 [Homo sapiens]	TRUE	TENT2
XP_011777192.1	XP_047272811.1	0	N/A	20.988	324	83	5e-09	60.1	poly(A) RNA polymerase GLD2 isoform X4 [Homo sapiens]	TRUE	TENT2
XP_011777192.1	XP_047272810.1	0	N/A	20.988	324	83	5e-09	60.1	poly(A) RNA polymerase GLD2 isoform X4 [Homo sapiens]	TRUE	TENT2
XP_011777192.1	XP_047272809.1	0	N/A	20.988	324	83	5e-09	60.1	poly(A) RNA polymerase GLD2 isoform X4 [Homo sapiens]	TRUE	TENT2
XP_011777192.1	NP_001375058.1	0	N/A	20.988	324	83	5e-09	60.1	poly(A) RNA polymerase GLD2 isoform 2 [Homo sapiens]	TRUE	TENT2
XP_011777192.1	NP_001375057.1	0	N/A	20.988	324	83	5e-09	60.1	poly(A) RNA polymerase GLD2 isoform 2 [Homo sapiens]	TRUE	TENT2
XP_011777192.1	NP_001375056.1	0	N/A	20.988	324	83	5e-09	60.1	poly(A) RNA polymerase GLD2 isoform 2 [Homo sapiens]	TRUE	TENT2
XP_011777192.1	NP_001375055.1	0	N/A	20.988	324	83	5e-09	60.1	poly(A) RNA polymerase GLD2 isoform 2 [Homo sapiens]	TRUE	TENT2
XP_011777192.1	NP_001375054.1	0	N/A	20.988	324	83	5e-09	60.1	poly(A) RNA polymerase GLD2 isoform 2 [Homo sapiens]	TRUE	TENT2
XP_011777192.1	NP_001375053.1	0	N/A	20.988	324	83	5e-09	60.1	poly(A) RNA polymerase GLD2 isoform 2 [Homo sapiens]	TRUE	TENT2
XP_011777192.1	NP_001375052.1	0	N/A	20.988	324	83	5e-09	60.1	poly(A) RNA polymerase GLD2 isoform 2 [Homo sapiens]	TRUE	TENT2
XP_011777192.1	NP_001375051.1	0	N/A	20.988	324	83	5e-09	60.1	poly(A) RNA polymerase GLD2 isoform 2 [Homo sapiens]	TRUE	TENT2
XP_011777192.1	NP_001375050.1	0	N/A	20.988	324	83	5e-09	60.1	poly(A) RNA polymerase GLD2 isoform 2 [Homo sapiens]	TRUE	TENT2
XP_011777192.1	NP_001375049.1	0	N/A	20.988	324	83	5e-09	60.1	poly(A) RNA polymerase GLD2 isoform 2 [Homo sapiens]	TRUE	TENT2
XP_011777192.1	NP_001375048.1	0	N/A	20.988	324	83	5e-09	60.1	poly(A) RNA polymerase GLD2 isoform 2 [Homo sapiens]	TRUE	TENT2
XP_011777192.1	NP_001375047.1	0	N/A	20.988	324	83	5e-09	60.1	poly(A) RNA polymerase GLD2 isoform 2 [Homo sapiens]	TRUE	TENT2
XP_011777192.1	NP_001375046.1	0	N/A	20.988	324	83	5e-09	60.1	poly(A) RNA polymerase GLD2 isoform 2 [Homo sapiens]	TRUE	TENT2
XP_011777192.1	NP_001375045.1	0	N/A	20.988	324	83	5e-09	60.1	poly(A) RNA polymerase GLD2 isoform 2 [Homo sapiens]	TRUE	TENT2
XP_011777192.1	NP_001375044.1	0	N/A	20.988	324	83	5e-09	60.1	poly(A) RNA polymerase GLD2 isoform 2 [Homo sapiens]	TRUE	TENT2
XP_011777192.1	NP_001375043.1	0	N/A	20.988	324	83	5e-09	60.1	poly(A) RNA polymerase GLD2 isoform 2 [Homo sapiens]	TRUE	TENT2
XP_011777192.1	NP_001336483.1	0	N/A	20.988	324	83	5e-09	60.1	poly(A) RNA polymerase GLD2 isoform 2 [Homo sapiens]	TRUE	TENT2
XP_011777192.1	NP_001284673.1	0	N/A	20.988	324	83	5e-09	60.1	poly(A) RNA polymerase GLD2 isoform 2 [Homo sapiens]	TRUE	TENT2
XP_011777192.1	NP_001375059.1	0	N/A	20.988	324	83	5.32e-09	60.1	poly(A) RNA polymerase GLD2 isoform 10 [Homo sapiens]	TRUE	TENT2
XP_011777192.1	NP_001375030.1	0	N/A	20.988	324	83	7.06e-09	59.7	poly(A) RNA polymerase GLD2 isoform 9 [Homo sapiens]	TRUE	TENT2
XP_011777192.1	NP_001375042.1	0	N/A	22.581	279	71	8.81e-09	59.7	poly(A) RNA polymerase GLD2 isoform 16 [Homo sapiens]	TRUE	TENT2
XP_011777192.1	XP_047272808.1	0	N/A	22.581	279	71	1.04e-08	59.3	poly(A) RNA polymerase GLD2 isoform X3 [Homo sapiens]	TRUE	TENT2
XP_011777192.1	XP_047272807.1	0	N/A	22.581	279	71	1.04e-08	59.3	poly(A) RNA polymerase GLD2 isoform X3 [Homo sapiens]	TRUE	TENT2
XP_011777192.1	XP_047272806.1	0	N/A	22.581	279	71	1.04e-08	59.3	poly(A) RNA polymerase GLD2 isoform X3 [Homo sapiens]	TRUE	TENT2
XP_011777192.1	NP_776158.2	0	N/A	22.581	279	71	1.04e-08	59.3	poly(A) RNA polymerase GLD2 isoform 1 [Homo sapiens]	TRUE	TENT2
XP_011777192.1	NP_001375041.1	0	N/A	22.581	279	71	1.04e-08	59.3	poly(A) RNA polymerase GLD2 isoform 1 [Homo sapiens]	TRUE	TENT2
XP_011777192.1	NP_001375040.1	0	N/A	22.581	279	71	1.04e-08	59.3	poly(A) RNA polymerase GLD2 isoform 1 [Homo sapiens]	TRUE	TENT2
XP_011777192.1	NP_001375039.1	0	N/A	22.581	279	71	1.04e-08	59.3	poly(A) RNA polymerase GLD2 isoform 1 [Homo sapiens]	TRUE	TENT2
XP_011777192.1	NP_001375038.1	0	N/A	22.581	279	71	1.04e-08	59.3	poly(A) RNA polymerase GLD2 isoform 1 [Homo sapiens]	TRUE	TENT2
XP_011777192.1	NP_001375037.1	0	N/A	22.581	279	71	1.04e-08	59.3	poly(A) RNA polymerase GLD2 isoform 1 [Homo sapiens]	TRUE	TENT2
XP_011777192.1	NP_001375036.1	0	N/A	22.581	279	71	1.04e-08	59.3	poly(A) RNA polymerase GLD2 isoform 1 [Homo sapiens]	TRUE	TENT2
XP_011777192.1	NP_001375035.1	0	N/A	22.581	279	71	1.04e-08	59.3	poly(A) RNA polymerase GLD2 isoform 1 [Homo sapiens]	TRUE	TENT2
XP_011777192.1	NP_001375034.1	0	N/A	22.581	279	71	1.04e-08	59.3	poly(A) RNA polymerase GLD2 isoform 1 [Homo sapiens]	TRUE	TENT2
XP_011777192.1	NP_001375032.1	0	N/A	22.581	279	71	1.04e-08	59.3	poly(A) RNA polymerase GLD2 isoform 1 [Homo sapiens]	TRUE	TENT2
XP_011777192.1	NP_001375031.1	0	N/A	22.581	279	71	1.04e-08	59.3	poly(A) RNA polymerase GLD2 isoform 1 [Homo sapiens]	TRUE	TENT2
XP_011777192.1	NP_001336482.1	0	N/A	22.581	279	71	1.04e-08	59.3	poly(A) RNA polymerase GLD2 isoform 1 [Homo sapiens]	TRUE	TENT2
XP_011777192.1	NP_001336481.1	0	N/A	22.581	279	71	1.04e-08	59.3	poly(A) RNA polymerase GLD2 isoform 1 [Homo sapiens]	TRUE	TENT2
XP_011777192.1	NP_001107866.1	0	N/A	22.581	279	71	1.04e-08	59.3	poly(A) RNA polymerase GLD2 isoform 1 [Homo sapiens]	TRUE	TENT2
XP_011777192.1	NP_001107865.1	0	N/A	22.581	279	71	1.04e-08	59.3	poly(A) RNA polymerase GLD2 isoform 1 [Homo sapiens]	TRUE	TENT2
XP_011777192.1	NP_001375060.1	0	N/A	23.596	267	67	1.1e-08	59.3	poly(A) RNA polymerase GLD2 isoform 11 [Homo sapiens]	TRUE	TENT2
XP_011777192.1	NP_001375029.1	0	N/A	22.581	279	71	1.11e-08	59.3	poly(A) RNA polymerase GLD2 isoform 8 [Homo sapiens]	TRUE	TENT2
XP_011777192.1	NP_001375028.1	0	N/A	22.581	279	71	1.11e-08	59.3	poly(A) RNA polymerase GLD2 isoform 8 [Homo sapiens]	TRUE	TENT2
XP_011777192.1	XP_047272820.1	0	N/A	23.506	251	64	1.44e-08	57.8	poly(A) RNA polymerase GLD2 isoform X11 [Homo sapiens]	TRUE	TENT2
XP_011777192.1	NP_060579.3	0	N/A	27.358	212	55	4.72e-08	57.4	poly(A) RNA polymerase, mitochondrial precursor [Homo sapiens]	TRUE	mtPAP
XP_011777192.1	NP_001375066.1	0	N/A	23.721	215	54	5.64e-08	56.2	poly(A) RNA polymerase GLD2 isoform 15 [Homo sapiens]	TRUE	TENT2
XP_011777192.1	XP_047272801.1	0	N/A	23.79	248	63	6.98e-08	56.6	poly(A) RNA polymerase GLD2 isoform X1 [Homo sapiens]	TRUE	TENT2
XP_011777192.1	XP_047272800.1	0	N/A	23.79	248	63	6.98e-08	56.6	poly(A) RNA polymerase GLD2 isoform X1 [Homo sapiens]	TRUE	TENT2
XP_011777192.1	XP_011541527.1	0	N/A	23.79	248	63	6.98e-08	56.6	poly(A) RNA polymerase GLD2 isoform X1 [Homo sapiens]	TRUE	TENT2
XP_011777192.1	XP_011541526.1	0	N/A	23.79	248	63	6.98e-08	56.6	poly(A) RNA polymerase GLD2 isoform X1 [Homo sapiens]	TRUE	TENT2
XP_011777192.1	XP_011541523.1	0	N/A	23.79	248	63	6.98e-08	56.6	poly(A) RNA polymerase GLD2 isoform X1 [Homo sapiens]	TRUE	TENT2
XP_011777192.1	XP_011541522.1	0	N/A	23.79	248	63	6.98e-08	56.6	poly(A) RNA polymerase GLD2 isoform X1 [Homo sapiens]	TRUE	TENT2
XP_011777192.1	NP_001375023.1	0	N/A	23.79	248	63	6.98e-08	56.6	poly(A) RNA polymerase GLD2 isoform 5 [Homo sapiens]	TRUE	TENT2
XP_011777192.1	NP_001375022.1	0	N/A	23.79	248	63	6.98e-08	56.6	poly(A) RNA polymerase GLD2 isoform 5 [Homo sapiens]	TRUE	TENT2
XP_011777192.1	NP_001336479.1	0	N/A	23.79	248	63	6.98e-08	56.6	poly(A) RNA polymerase GLD2 isoform 5 [Homo sapiens]	TRUE	TENT2
XP_011777192.1	NP_001336478.1	0	N/A	23.79	248	63	6.98e-08	56.6	poly(A) RNA polymerase GLD2 isoform 5 [Homo sapiens]	TRUE	TENT2
XP_011777192.1	XP_047272817.1	0	N/A	26.471	170	44	7.8e-08	56.2	poly(A) RNA polymerase GLD2 isoform X9 [Homo sapiens]	TRUE	TENT2
XP_011777192.1	XP_047272818.1	0	N/A	34.259	108	28	1.63e-07	55.1	poly(A) RNA polymerase GLD2 isoform X10 [Homo sapiens]	TRUE	TENT2
XP_011777192.1	XP_047272816.1	0	N/A	37.079	89	24	1.08e-06	52.8	poly(A) RNA polymerase GLD2 isoform X8 [Homo sapiens]	TRUE	TENT2
XP_011777192.1	XP_005252265.1	0	N/A	26.244	221	55	0.000197	46.2	terminal uridylyltransferase 7 isoform X7 [Homo sapiens]	TRUE	Tut7
XP_011777192.1	XP_047279825.1	0	N/A	26.244	221	55	0.000238	45.8	terminal uridylyltransferase 7 isoform X6 [Homo sapiens]	TRUE	Tut7
XP_011777192.1	XP_047279824.1	0	N/A	26.244	221	55	0.000238	45.8	terminal uridylyltransferase 7 isoform X6 [Homo sapiens]	TRUE	Tut7
XP_011777192.1	XP_005252264.1	0	N/A	26.244	221	55	0.000238	45.8	terminal uridylyltransferase 7 isoform X6 [Homo sapiens]	TRUE	Tut7
XP_011777192.1	XP_011517317.1	0	N/A	26.244	221	55	0.000244	45.8	terminal uridylyltransferase 7 isoform X3 [Homo sapiens]	TRUE	Tut7
XP_011777192.1	XP_047279823.1	0	N/A	26.244	221	55	0.00025	45.8	terminal uridylyltransferase 7 isoform X2 [Homo sapiens]	TRUE	Tut7
XP_011777192.1	XP_006717346.1	0	N/A	26.244	221	55	0.00025	45.8	terminal uridylyltransferase 7 isoform X2 [Homo sapiens]	TRUE	Tut7
XP_011777192.1	XP_016870620.1	0	N/A	26.244	221	55	0.000258	45.8	terminal uridylyltransferase 7 isoform X4 [Homo sapiens]	TRUE	Tut7
XP_011777192.1	XP_016870619.1	0	N/A	26.244	221	55	0.000258	45.8	terminal uridylyltransferase 7 isoform X4 [Homo sapiens]	TRUE	Tut7
XP_011777192.1	NP_078893.2	0	N/A	26.244	221	55	0.000258	45.8	terminal uridylyltransferase 7 isoform 1 [Homo sapiens]	TRUE	Tut7
XP_011777192.1	NP_001171988.1	0	N/A	26.244	221	55	0.000258	45.8	terminal uridylyltransferase 7 isoform 1 [Homo sapiens]	TRUE	Tut7
XP_011777192.1	XP_011517316.1	0	N/A	26.244	221	55	0.000266	45.8	terminal uridylyltransferase 7 isoform X1 [Homo sapiens]	TRUE	Tut7
XP_011777192.1	XP_011517315.1	0	N/A	26.244	221	55	0.000266	45.8	terminal uridylyltransferase 7 isoform X1 [Homo sapiens]	TRUE	Tut7
XP_011777192.1	XP_011517314.1	0	N/A	26.244	221	55	0.000266	45.8	terminal uridylyltransferase 7 isoform X1 [Homo sapiens]	TRUE	Tut7
XP_011777192.1	XP_011517313.1	0	N/A	26.244	221	55	0.000266	45.8	terminal uridylyltransferase 7 isoform X1 [Homo sapiens]	TRUE	Tut7
XP_011777192.1	XP_011517318.1	0	N/A	26.244	221	55	0.000267	45.8	terminal uridylyltransferase 7 isoform X5 [Homo sapiens]	TRUE	Tut7
XP_011777192.1	NP_001172003.1	0	N/A	26.244	221	55	0.000273	45.8	terminal uridylyltransferase 7 isoform 2 [Homo sapiens]	TRUE	Tut7
XP_011777192.1	NP_001317647.1	0	N/A	26.244	221	55	0.000302	45.4	terminal uridylyltransferase 7 isoform 3 [Homo sapiens]	TRUE	Tut7
XP_011777192.1	XP_047272325.1	0	N/A	25.862	232	56	0.003	42.4	terminal uridylyltransferase 4 isoform X23 [Homo sapiens]	TRUE	Tut4
XP_011777192.1	XP_047272344.1	0	N/A	25.862	232	56	0.004	42.4	terminal uridylyltransferase 4 isoform X30 [Homo sapiens]	TRUE	Tut4
XP_011777192.1	XP_016856295.1	0	N/A	25.862	232	56	0.004	42	terminal uridylyltransferase 4 isoform X25 [Homo sapiens]	TRUE	Tut4
XP_011777192.1	XP_005270735.1	0	N/A	25.862	232	56	0.004	42	terminal uridylyltransferase 4 isoform X2 [Homo sapiens]	TRUE	Tut4
XP_011777192.1	XP_011539399.1	0	N/A	25.862	232	56	0.004	42	terminal uridylyltransferase 4 isoform X1 [Homo sapiens]	TRUE	Tut4
XP_011777192.1	XP_005270733.1	0	N/A	25.862	232	56	0.004	42	terminal uridylyltransferase 4 isoform X1 [Homo sapiens]	TRUE	Tut4
XP_011777192.1	XP_016856297.1	0	N/A	25.862	232	56	0.004	42	terminal uridylyltransferase 4 isoform X36 [Homo sapiens]	TRUE	Tut4
XP_011777192.1	XP_005270739.1	0	N/A	25.862	232	56	0.004	42	terminal uridylyltransferase 4 isoform X33 [Homo sapiens]	TRUE	Tut4
XP_011778071.1	NP_001336477.1	0	N/A	26.168	214	26	1.07e-08	59.7	poly(A) RNA polymerase GLD2 isoform 4 [Homo sapiens]	TRUE	TENT2
XP_011778071.1	NP_001375065.1	0	N/A	26.168	214	26	1.61e-08	60.1	poly(A) RNA polymerase GLD2 isoform 14 [Homo sapiens]	TRUE	TENT2
XP_011778071.1	XP_047272820.1	0	N/A	26.168	214	26	2.04e-08	58.5	poly(A) RNA polymerase GLD2 isoform X11 [Homo sapiens]	TRUE	TENT2
XP_011778071.1	NP_001375027.1	0	N/A	26.168	214	26	3.23e-08	59.7	poly(A) RNA polymerase GLD2 isoform 7 [Homo sapiens]	TRUE	TENT2
XP_011778071.1	NP_001375061.1	0	N/A	26.168	214	26	3.41e-08	59.3	poly(A) RNA polymerase GLD2 isoform 12 [Homo sapiens]	TRUE	TENT2
XP_011778071.1	XP_047272805.1	0	N/A	26.168	214	26	3.5e-08	59.7	poly(A) RNA polymerase GLD2 isoform X2 [Homo sapiens]	TRUE	TENT2
XP_011778071.1	XP_047272804.1	0	N/A	26.168	214	26	3.5e-08	59.7	poly(A) RNA polymerase GLD2 isoform X2 [Homo sapiens]	TRUE	TENT2
XP_011778071.1	XP_047272803.1	0	N/A	26.168	214	26	3.5e-08	59.7	poly(A) RNA polymerase GLD2 isoform X2 [Homo sapiens]	TRUE	TENT2
XP_011778071.1	XP_047272802.1	0	N/A	26.168	214	26	3.5e-08	59.7	poly(A) RNA polymerase GLD2 isoform X2 [Homo sapiens]	TRUE	TENT2
XP_011778071.1	XP_016864641.1	0	N/A	26.168	214	26	3.5e-08	59.7	poly(A) RNA polymerase GLD2 isoform X2 [Homo sapiens]	TRUE	TENT2
XP_011778071.1	NP_001375026.1	0	N/A	26.168	214	26	3.5e-08	59.7	poly(A) RNA polymerase GLD2 isoform 6 [Homo sapiens]	TRUE	TENT2
XP_011778071.1	NP_001375025.1	0	N/A	26.168	214	26	3.5e-08	59.7	poly(A) RNA polymerase GLD2 isoform 6 [Homo sapiens]	TRUE	TENT2
XP_011778071.1	NP_001375024.1	0	N/A	26.168	214	26	3.5e-08	59.7	poly(A) RNA polymerase GLD2 isoform 6 [Homo sapiens]	TRUE	TENT2
XP_011778071.1	NP_001336480.1	0	N/A	26.168	214	26	3.5e-08	59.7	poly(A) RNA polymerase GLD2 isoform 6 [Homo sapiens]	TRUE	TENT2
XP_011778071.1	XP_047272801.1	0	N/A	26.168	214	26	3.71e-08	59.3	poly(A) RNA polymerase GLD2 isoform X1 [Homo sapiens]	TRUE	TENT2
XP_011778071.1	XP_047272800.1	0	N/A	26.168	214	26	3.71e-08	59.3	poly(A) RNA polymerase GLD2 isoform X1 [Homo sapiens]	TRUE	TENT2
XP_011778071.1	XP_011541527.1	0	N/A	26.168	214	26	3.71e-08	59.3	poly(A) RNA polymerase GLD2 isoform X1 [Homo sapiens]	TRUE	TENT2
XP_011778071.1	XP_011541526.1	0	N/A	26.168	214	26	3.71e-08	59.3	poly(A) RNA polymerase GLD2 isoform X1 [Homo sapiens]	TRUE	TENT2
XP_011778071.1	XP_011541523.1	0	N/A	26.168	214	26	3.71e-08	59.3	poly(A) RNA polymerase GLD2 isoform X1 [Homo sapiens]	TRUE	TENT2
XP_011778071.1	XP_011541522.1	0	N/A	26.168	214	26	3.71e-08	59.3	poly(A) RNA polymerase GLD2 isoform X1 [Homo sapiens]	TRUE	TENT2
XP_011778071.1	NP_001375023.1	0	N/A	26.168	214	26	3.71e-08	59.3	poly(A) RNA polymerase GLD2 isoform 5 [Homo sapiens]	TRUE	TENT2
XP_011778071.1	NP_001375022.1	0	N/A	26.168	214	26	3.71e-08	59.3	poly(A) RNA polymerase GLD2 isoform 5 [Homo sapiens]	TRUE	TENT2
XP_011778071.1	NP_001336479.1	0	N/A	26.168	214	26	3.71e-08	59.3	poly(A) RNA polymerase GLD2 isoform 5 [Homo sapiens]	TRUE	TENT2
XP_011778071.1	NP_001336478.1	0	N/A	26.168	214	26	3.71e-08	59.3	poly(A) RNA polymerase GLD2 isoform 5 [Homo sapiens]	TRUE	TENT2
XP_011778071.1	NP_001375060.1	0	N/A	26.168	214	26	3.79e-08	59.3	poly(A) RNA polymerase GLD2 isoform 11 [Homo sapiens]	TRUE	TENT2
XP_011778071.1	XP_047272808.1	0	N/A	26.168	214	26	4.11e-08	59.3	poly(A) RNA polymerase GLD2 isoform X3 [Homo sapiens]	TRUE	TENT2
XP_011778071.1	XP_047272807.1	0	N/A	26.168	214	26	4.11e-08	59.3	poly(A) RNA polymerase GLD2 isoform X3 [Homo sapiens]	TRUE	TENT2
XP_011778071.1	XP_047272806.1	0	N/A	26.168	214	26	4.11e-08	59.3	poly(A) RNA polymerase GLD2 isoform X3 [Homo sapiens]	TRUE	TENT2
XP_011778071.1	NP_776158.2	0	N/A	26.168	214	26	4.11e-08	59.3	poly(A) RNA polymerase GLD2 isoform 1 [Homo sapiens]	TRUE	TENT2
XP_011778071.1	NP_001375041.1	0	N/A	26.168	214	26	4.11e-08	59.3	poly(A) RNA polymerase GLD2 isoform 1 [Homo sapiens]	TRUE	TENT2
XP_011778071.1	NP_001375040.1	0	N/A	26.168	214	26	4.11e-08	59.3	poly(A) RNA polymerase GLD2 isoform 1 [Homo sapiens]	TRUE	TENT2
XP_011778071.1	NP_001375039.1	0	N/A	26.168	214	26	4.11e-08	59.3	poly(A) RNA polymerase GLD2 isoform 1 [Homo sapiens]	TRUE	TENT2
XP_011778071.1	NP_001375038.1	0	N/A	26.168	214	26	4.11e-08	59.3	poly(A) RNA polymerase GLD2 isoform 1 [Homo sapiens]	TRUE	TENT2
XP_011778071.1	NP_001375037.1	0	N/A	26.168	214	26	4.11e-08	59.3	poly(A) RNA polymerase GLD2 isoform 1 [Homo sapiens]	TRUE	TENT2
XP_011778071.1	NP_001375036.1	0	N/A	26.168	214	26	4.11e-08	59.3	poly(A) RNA polymerase GLD2 isoform 1 [Homo sapiens]	TRUE	TENT2
XP_011778071.1	NP_001375035.1	0	N/A	26.168	214	26	4.11e-08	59.3	poly(A) RNA polymerase GLD2 isoform 1 [Homo sapiens]	TRUE	TENT2
XP_011778071.1	NP_001375034.1	0	N/A	26.168	214	26	4.11e-08	59.3	poly(A) RNA polymerase GLD2 isoform 1 [Homo sapiens]	TRUE	TENT2
XP_011778071.1	NP_001375032.1	0	N/A	26.168	214	26	4.11e-08	59.3	poly(A) RNA polymerase GLD2 isoform 1 [Homo sapiens]	TRUE	TENT2
XP_011778071.1	NP_001375031.1	0	N/A	26.168	214	26	4.11e-08	59.3	poly(A) RNA polymerase GLD2 isoform 1 [Homo sapiens]	TRUE	TENT2
XP_011778071.1	NP_001336482.1	0	N/A	26.168	214	26	4.11e-08	59.3	poly(A) RNA polymerase GLD2 isoform 1 [Homo sapiens]	TRUE	TENT2
XP_011778071.1	NP_001336481.1	0	N/A	26.168	214	26	4.11e-08	59.3	poly(A) RNA polymerase GLD2 isoform 1 [Homo sapiens]	TRUE	TENT2
XP_011778071.1	NP_001107866.1	0	N/A	26.168	214	26	4.11e-08	59.3	poly(A) RNA polymerase GLD2 isoform 1 [Homo sapiens]	TRUE	TENT2
XP_011778071.1	NP_001107865.1	0	N/A	26.168	214	26	4.11e-08	59.3	poly(A) RNA polymerase GLD2 isoform 1 [Homo sapiens]	TRUE	TENT2
XP_011778071.1	NP_001375042.1	0	N/A	26.168	214	26	4.28e-08	59.3	poly(A) RNA polymerase GLD2 isoform 16 [Homo sapiens]	TRUE	TENT2
XP_011778071.1	XP_047272811.1	0	N/A	26.168	214	26	4.3e-08	59.3	poly(A) RNA polymerase GLD2 isoform X4 [Homo sapiens]	TRUE	TENT2
XP_011778071.1	XP_047272810.1	0	N/A	26.168	214	26	4.3e-08	59.3	poly(A) RNA polymerase GLD2 isoform X4 [Homo sapiens]	TRUE	TENT2
XP_011778071.1	XP_047272809.1	0	N/A	26.168	214	26	4.3e-08	59.3	poly(A) RNA polymerase GLD2 isoform X4 [Homo sapiens]	TRUE	TENT2
XP_011778071.1	NP_001375058.1	0	N/A	26.168	214	26	4.3e-08	59.3	poly(A) RNA polymerase GLD2 isoform 2 [Homo sapiens]	TRUE	TENT2
XP_011778071.1	NP_001375057.1	0	N/A	26.168	214	26	4.3e-08	59.3	poly(A) RNA polymerase GLD2 isoform 2 [Homo sapiens]	TRUE	TENT2
XP_011778071.1	NP_001375056.1	0	N/A	26.168	214	26	4.3e-08	59.3	poly(A) RNA polymerase GLD2 isoform 2 [Homo sapiens]	TRUE	TENT2
XP_011778071.1	NP_001375055.1	0	N/A	26.168	214	26	4.3e-08	59.3	poly(A) RNA polymerase GLD2 isoform 2 [Homo sapiens]	TRUE	TENT2
XP_011778071.1	NP_001375054.1	0	N/A	26.168	214	26	4.3e-08	59.3	poly(A) RNA polymerase GLD2 isoform 2 [Homo sapiens]	TRUE	TENT2
XP_011778071.1	NP_001375053.1	0	N/A	26.168	214	26	4.3e-08	59.3	poly(A) RNA polymerase GLD2 isoform 2 [Homo sapiens]	TRUE	TENT2
XP_011778071.1	NP_001375052.1	0	N/A	26.168	214	26	4.3e-08	59.3	poly(A) RNA polymerase GLD2 isoform 2 [Homo sapiens]	TRUE	TENT2
XP_011778071.1	NP_001375051.1	0	N/A	26.168	214	26	4.3e-08	59.3	poly(A) RNA polymerase GLD2 isoform 2 [Homo sapiens]	TRUE	TENT2
XP_011778071.1	NP_001375050.1	0	N/A	26.168	214	26	4.3e-08	59.3	poly(A) RNA polymerase GLD2 isoform 2 [Homo sapiens]	TRUE	TENT2
XP_011778071.1	NP_001375049.1	0	N/A	26.168	214	26	4.3e-08	59.3	poly(A) RNA polymerase GLD2 isoform 2 [Homo sapiens]	TRUE	TENT2
XP_011778071.1	NP_001375048.1	0	N/A	26.168	214	26	4.3e-08	59.3	poly(A) RNA polymerase GLD2 isoform 2 [Homo sapiens]	TRUE	TENT2
XP_011778071.1	NP_001375047.1	0	N/A	26.168	214	26	4.3e-08	59.3	poly(A) RNA polymerase GLD2 isoform 2 [Homo sapiens]	TRUE	TENT2
XP_011778071.1	NP_001375046.1	0	N/A	26.168	214	26	4.3e-08	59.3	poly(A) RNA polymerase GLD2 isoform 2 [Homo sapiens]	TRUE	TENT2
XP_011778071.1	NP_001375045.1	0	N/A	26.168	214	26	4.3e-08	59.3	poly(A) RNA polymerase GLD2 isoform 2 [Homo sapiens]	TRUE	TENT2
XP_011778071.1	NP_001375044.1	0	N/A	26.168	214	26	4.3e-08	59.3	poly(A) RNA polymerase GLD2 isoform 2 [Homo sapiens]	TRUE	TENT2
XP_011778071.1	NP_001375043.1	0	N/A	26.168	214	26	4.3e-08	59.3	poly(A) RNA polymerase GLD2 isoform 2 [Homo sapiens]	TRUE	TENT2
XP_011778071.1	NP_001336483.1	0	N/A	26.168	214	26	4.3e-08	59.3	poly(A) RNA polymerase GLD2 isoform 2 [Homo sapiens]	TRUE	TENT2
XP_011778071.1	NP_001284673.1	0	N/A	26.168	214	26	4.3e-08	59.3	poly(A) RNA polymerase GLD2 isoform 2 [Homo sapiens]	TRUE	TENT2
XP_011778071.1	NP_001375059.1	0	N/A	26.168	214	26	4.48e-08	59.3	poly(A) RNA polymerase GLD2 isoform 10 [Homo sapiens]	TRUE	TENT2
XP_011778071.1	NP_001375066.1	0	N/A	26.168	214	26	5.39e-08	57.8	poly(A) RNA polymerase GLD2 isoform 15 [Homo sapiens]	TRUE	TENT2
XP_011778071.1	NP_001375030.1	0	N/A	26.168	214	26	5.58e-08	58.9	poly(A) RNA polymerase GLD2 isoform 9 [Homo sapiens]	TRUE	TENT2
XP_011778071.1	NP_001375029.1	0	N/A	26.168	214	26	5.82e-08	58.9	poly(A) RNA polymerase GLD2 isoform 8 [Homo sapiens]	TRUE	TENT2
XP_011778071.1	NP_001375028.1	0	N/A	26.168	214	26	5.82e-08	58.9	poly(A) RNA polymerase GLD2 isoform 8 [Homo sapiens]	TRUE	TENT2
XP_011778071.1	XP_047272817.1	0	N/A	36.364	66	8	2.92e-05	49.7	poly(A) RNA polymerase GLD2 isoform X9 [Homo sapiens]	TRUE	TENT2
XP_011778071.1	XP_047272816.1	0	N/A	36.364	66	8	3.61e-05	49.7	poly(A) RNA polymerase GLD2 isoform X8 [Homo sapiens]	TRUE	TENT2
XP_011778071.1	XP_047272818.1	0	N/A	36.364	66	8	4.51e-05	49.3	poly(A) RNA polymerase GLD2 isoform X10 [Homo sapiens]	TRUE	TENT2
XP_011780052.1	NP_001375066.1	0	N/A	23.415	205	36	1.15e-05	49.7	poly(A) RNA polymerase GLD2 isoform 15 [Homo sapiens]	TRUE	TENT2
XP_011780052.1	NP_001336477.1	0	N/A	25.18	139	24	1.28e-05	49.3	poly(A) RNA polymerase GLD2 isoform 4 [Homo sapiens]	TRUE	TENT2
XP_011780052.1	XP_047272820.1	0	N/A	25.18	139	24	1.98e-05	48.9	poly(A) RNA polymerase GLD2 isoform X11 [Homo sapiens]	TRUE	TENT2
XP_011780052.1	XP_047272811.1	0	N/A	25.18	139	24	2.64e-05	49.3	poly(A) RNA polymerase GLD2 isoform X4 [Homo sapiens]	TRUE	TENT2
XP_011780052.1	XP_047272810.1	0	N/A	25.18	139	24	2.64e-05	49.3	poly(A) RNA polymerase GLD2 isoform X4 [Homo sapiens]	TRUE	TENT2
XP_011780052.1	XP_047272809.1	0	N/A	25.18	139	24	2.64e-05	49.3	poly(A) RNA polymerase GLD2 isoform X4 [Homo sapiens]	TRUE	TENT2
XP_011780052.1	NP_001375058.1	0	N/A	25.18	139	24	2.64e-05	49.3	poly(A) RNA polymerase GLD2 isoform 2 [Homo sapiens]	TRUE	TENT2
XP_011780052.1	NP_001375057.1	0	N/A	25.18	139	24	2.64e-05	49.3	poly(A) RNA polymerase GLD2 isoform 2 [Homo sapiens]	TRUE	TENT2
XP_011780052.1	NP_001375056.1	0	N/A	25.18	139	24	2.64e-05	49.3	poly(A) RNA polymerase GLD2 isoform 2 [Homo sapiens]	TRUE	TENT2
XP_011780052.1	NP_001375055.1	0	N/A	25.18	139	24	2.64e-05	49.3	poly(A) RNA polymerase GLD2 isoform 2 [Homo sapiens]	TRUE	TENT2
XP_011780052.1	NP_001375054.1	0	N/A	25.18	139	24	2.64e-05	49.3	poly(A) RNA polymerase GLD2 isoform 2 [Homo sapiens]	TRUE	TENT2
XP_011780052.1	NP_001375053.1	0	N/A	25.18	139	24	2.64e-05	49.3	poly(A) RNA polymerase GLD2 isoform 2 [Homo sapiens]	TRUE	TENT2
XP_011780052.1	NP_001375052.1	0	N/A	25.18	139	24	2.64e-05	49.3	poly(A) RNA polymerase GLD2 isoform 2 [Homo sapiens]	TRUE	TENT2
XP_011780052.1	NP_001375051.1	0	N/A	25.18	139	24	2.64e-05	49.3	poly(A) RNA polymerase GLD2 isoform 2 [Homo sapiens]	TRUE	TENT2
XP_011780052.1	NP_001375050.1	0	N/A	25.18	139	24	2.64e-05	49.3	poly(A) RNA polymerase GLD2 isoform 2 [Homo sapiens]	TRUE	TENT2
XP_011780052.1	NP_001375049.1	0	N/A	25.18	139	24	2.64e-05	49.3	poly(A) RNA polymerase GLD2 isoform 2 [Homo sapiens]	TRUE	TENT2
XP_011780052.1	NP_001375048.1	0	N/A	25.18	139	24	2.64e-05	49.3	poly(A) RNA polymerase GLD2 isoform 2 [Homo sapiens]	TRUE	TENT2
XP_011780052.1	NP_001375047.1	0	N/A	25.18	139	24	2.64e-05	49.3	poly(A) RNA polymerase GLD2 isoform 2 [Homo sapiens]	TRUE	TENT2
XP_011780052.1	NP_001375046.1	0	N/A	25.18	139	24	2.64e-05	49.3	poly(A) RNA polymerase GLD2 isoform 2 [Homo sapiens]	TRUE	TENT2
XP_011780052.1	NP_001375045.1	0	N/A	25.18	139	24	2.64e-05	49.3	poly(A) RNA polymerase GLD2 isoform 2 [Homo sapiens]	TRUE	TENT2
XP_011780052.1	NP_001375044.1	0	N/A	25.18	139	24	2.64e-05	49.3	poly(A) RNA polymerase GLD2 isoform 2 [Homo sapiens]	TRUE	TENT2
XP_011780052.1	NP_001375043.1	0	N/A	25.18	139	24	2.64e-05	49.3	poly(A) RNA polymerase GLD2 isoform 2 [Homo sapiens]	TRUE	TENT2
XP_011780052.1	NP_001336483.1	0	N/A	25.18	139	24	2.64e-05	49.3	poly(A) RNA polymerase GLD2 isoform 2 [Homo sapiens]	TRUE	TENT2
XP_011780052.1	NP_001284673.1	0	N/A	25.18	139	24	2.64e-05	49.3	poly(A) RNA polymerase GLD2 isoform 2 [Homo sapiens]	TRUE	TENT2
XP_011780052.1	NP_001375061.1	0	N/A	25.18	139	24	2.69e-05	49.3	poly(A) RNA polymerase GLD2 isoform 12 [Homo sapiens]	TRUE	TENT2
XP_011780052.1	NP_001375059.1	0	N/A	25.18	139	24	2.73e-05	49.3	poly(A) RNA polymerase GLD2 isoform 10 [Homo sapiens]	TRUE	TENT2
XP_011780052.1	NP_001375027.1	0	N/A	25.18	139	24	2.86e-05	49.3	poly(A) RNA polymerase GLD2 isoform 7 [Homo sapiens]	TRUE	TENT2
XP_011780052.1	XP_047272805.1	0	N/A	25.18	139	24	2.91e-05	49.3	poly(A) RNA polymerase GLD2 isoform X2 [Homo sapiens]	TRUE	TENT2
XP_011780052.1	XP_047272804.1	0	N/A	25.18	139	24	2.91e-05	49.3	poly(A) RNA polymerase GLD2 isoform X2 [Homo sapiens]	TRUE	TENT2
XP_011780052.1	XP_047272803.1	0	N/A	25.18	139	24	2.91e-05	49.3	poly(A) RNA polymerase GLD2 isoform X2 [Homo sapiens]	TRUE	TENT2
XP_011780052.1	XP_047272802.1	0	N/A	25.18	139	24	2.91e-05	49.3	poly(A) RNA polymerase GLD2 isoform X2 [Homo sapiens]	TRUE	TENT2
XP_011780052.1	XP_016864641.1	0	N/A	25.18	139	24	2.91e-05	49.3	poly(A) RNA polymerase GLD2 isoform X2 [Homo sapiens]	TRUE	TENT2
XP_011780052.1	NP_001375026.1	0	N/A	25.18	139	24	2.91e-05	49.3	poly(A) RNA polymerase GLD2 isoform 6 [Homo sapiens]	TRUE	TENT2
XP_011780052.1	NP_001375025.1	0	N/A	25.18	139	24	2.91e-05	49.3	poly(A) RNA polymerase GLD2 isoform 6 [Homo sapiens]	TRUE	TENT2
XP_011780052.1	NP_001375024.1	0	N/A	25.18	139	24	2.91e-05	49.3	poly(A) RNA polymerase GLD2 isoform 6 [Homo sapiens]	TRUE	TENT2
XP_011780052.1	NP_001336480.1	0	N/A	25.18	139	24	2.91e-05	49.3	poly(A) RNA polymerase GLD2 isoform 6 [Homo sapiens]	TRUE	TENT2
XP_011780052.1	NP_001375060.1	0	N/A	25.581	129	23	3.08e-05	49.3	poly(A) RNA polymerase GLD2 isoform 11 [Homo sapiens]	TRUE	TENT2
XP_011780052.1	NP_001375065.1	0	N/A	25.18	139	24	3.16e-05	48.9	poly(A) RNA polymerase GLD2 isoform 14 [Homo sapiens]	TRUE	TENT2
XP_011780052.1	XP_047272808.1	0	N/A	25.581	129	23	3.18e-05	49.3	poly(A) RNA polymerase GLD2 isoform X3 [Homo sapiens]	TRUE	TENT2
XP_011780052.1	XP_047272807.1	0	N/A	25.581	129	23	3.18e-05	49.3	poly(A) RNA polymerase GLD2 isoform X3 [Homo sapiens]	TRUE	TENT2
XP_011780052.1	XP_047272806.1	0	N/A	25.581	129	23	3.18e-05	49.3	poly(A) RNA polymerase GLD2 isoform X3 [Homo sapiens]	TRUE	TENT2
XP_011780052.1	NP_776158.2	0	N/A	25.581	129	23	3.18e-05	49.3	poly(A) RNA polymerase GLD2 isoform 1 [Homo sapiens]	TRUE	TENT2
XP_011780052.1	NP_001375041.1	0	N/A	25.581	129	23	3.18e-05	49.3	poly(A) RNA polymerase GLD2 isoform 1 [Homo sapiens]	TRUE	TENT2
XP_011780052.1	NP_001375040.1	0	N/A	25.581	129	23	3.18e-05	49.3	poly(A) RNA polymerase GLD2 isoform 1 [Homo sapiens]	TRUE	TENT2
XP_011780052.1	NP_001375039.1	0	N/A	25.581	129	23	3.18e-05	49.3	poly(A) RNA polymerase GLD2 isoform 1 [Homo sapiens]	TRUE	TENT2
XP_011780052.1	NP_001375038.1	0	N/A	25.581	129	23	3.18e-05	49.3	poly(A) RNA polymerase GLD2 isoform 1 [Homo sapiens]	TRUE	TENT2
XP_011780052.1	NP_001375037.1	0	N/A	25.581	129	23	3.18e-05	49.3	poly(A) RNA polymerase GLD2 isoform 1 [Homo sapiens]	TRUE	TENT2
XP_011780052.1	NP_001375036.1	0	N/A	25.581	129	23	3.18e-05	49.3	poly(A) RNA polymerase GLD2 isoform 1 [Homo sapiens]	TRUE	TENT2
XP_011780052.1	NP_001375035.1	0	N/A	25.581	129	23	3.18e-05	49.3	poly(A) RNA polymerase GLD2 isoform 1 [Homo sapiens]	TRUE	TENT2
XP_011780052.1	NP_001375034.1	0	N/A	25.581	129	23	3.18e-05	49.3	poly(A) RNA polymerase GLD2 isoform 1 [Homo sapiens]	TRUE	TENT2
XP_011780052.1	NP_001375032.1	0	N/A	25.581	129	23	3.18e-05	49.3	poly(A) RNA polymerase GLD2 isoform 1 [Homo sapiens]	TRUE	TENT2
XP_011780052.1	NP_001375031.1	0	N/A	25.581	129	23	3.18e-05	49.3	poly(A) RNA polymerase GLD2 isoform 1 [Homo sapiens]	TRUE	TENT2
XP_011780052.1	NP_001336482.1	0	N/A	25.581	129	23	3.18e-05	49.3	poly(A) RNA polymerase GLD2 isoform 1 [Homo sapiens]	TRUE	TENT2
XP_011780052.1	NP_001336481.1	0	N/A	25.581	129	23	3.18e-05	49.3	poly(A) RNA polymerase GLD2 isoform 1 [Homo sapiens]	TRUE	TENT2
XP_011780052.1	NP_001107866.1	0	N/A	25.581	129	23	3.18e-05	49.3	poly(A) RNA polymerase GLD2 isoform 1 [Homo sapiens]	TRUE	TENT2
XP_011780052.1	NP_001107865.1	0	N/A	25.581	129	23	3.18e-05	49.3	poly(A) RNA polymerase GLD2 isoform 1 [Homo sapiens]	TRUE	TENT2
XP_011780052.1	XP_047272801.1	0	N/A	25.581	129	23	3.22e-05	49.3	poly(A) RNA polymerase GLD2 isoform X1 [Homo sapiens]	TRUE	TENT2
XP_011780052.1	XP_047272800.1	0	N/A	25.581	129	23	3.22e-05	49.3	poly(A) RNA polymerase GLD2 isoform X1 [Homo sapiens]	TRUE	TENT2
XP_011780052.1	XP_011541527.1	0	N/A	25.581	129	23	3.22e-05	49.3	poly(A) RNA polymerase GLD2 isoform X1 [Homo sapiens]	TRUE	TENT2
XP_011780052.1	XP_011541526.1	0	N/A	25.581	129	23	3.22e-05	49.3	poly(A) RNA polymerase GLD2 isoform X1 [Homo sapiens]	TRUE	TENT2
XP_011780052.1	XP_011541523.1	0	N/A	25.581	129	23	3.22e-05	49.3	poly(A) RNA polymerase GLD2 isoform X1 [Homo sapiens]	TRUE	TENT2
XP_011780052.1	XP_011541522.1	0	N/A	25.581	129	23	3.22e-05	49.3	poly(A) RNA polymerase GLD2 isoform X1 [Homo sapiens]	TRUE	TENT2
XP_011780052.1	NP_001375023.1	0	N/A	25.581	129	23	3.22e-05	49.3	poly(A) RNA polymerase GLD2 isoform 5 [Homo sapiens]	TRUE	TENT2
XP_011780052.1	NP_001375022.1	0	N/A	25.581	129	23	3.22e-05	49.3	poly(A) RNA polymerase GLD2 isoform 5 [Homo sapiens]	TRUE	TENT2
XP_011780052.1	NP_001336479.1	0	N/A	25.581	129	23	3.22e-05	49.3	poly(A) RNA polymerase GLD2 isoform 5 [Homo sapiens]	TRUE	TENT2
XP_011780052.1	NP_001336478.1	0	N/A	25.581	129	23	3.22e-05	49.3	poly(A) RNA polymerase GLD2 isoform 5 [Homo sapiens]	TRUE	TENT2
XP_011780052.1	NP_001375042.1	0	N/A	25.581	129	23	3.26e-05	49.3	poly(A) RNA polymerase GLD2 isoform 16 [Homo sapiens]	TRUE	TENT2
XP_011780052.1	NP_001375030.1	0	N/A	25.581	129	23	3.56e-05	48.9	poly(A) RNA polymerase GLD2 isoform 9 [Homo sapiens]	TRUE	TENT2
XP_011780052.1	NP_001375029.1	0	N/A	25.581	129	23	3.73e-05	48.9	poly(A) RNA polymerase GLD2 isoform 8 [Homo sapiens]	TRUE	TENT2
XP_011780052.1	NP_001375028.1	0	N/A	25.581	129	23	3.73e-05	48.9	poly(A) RNA polymerase GLD2 isoform 8 [Homo sapiens]	TRUE	TENT2
XP_011780052.1	XP_047272818.1	0	N/A	35.593	59	11	0.003	42.7	poly(A) RNA polymerase GLD2 isoform X10 [Homo sapiens]	TRUE	TENT2
XP_011780052.1	XP_047272817.1	0	N/A	35.593	59	11	0.003	42.7	poly(A) RNA polymerase GLD2 isoform X9 [Homo sapiens]	TRUE	TENT2
XP_011780052.1	XP_047272816.1	0	N/A	35.593	59	11	0.003	42.7	poly(A) RNA polymerase GLD2 isoform X8 [Homo sapiens]	TRUE	TENT2
XP_011780052.1	XP_047272622.1	0	N/A	25.197	127	24	0.015	40.8	terminal nucleotidyltransferase 4A isoform X1 [Homo sapiens]	TRUE	TENT4A
XP_011780052.1	XP_047272621.1	0	N/A	25.197	127	24	0.015	40.8	terminal nucleotidyltransferase 4A isoform X1 [Homo sapiens]	TRUE	TENT4A
XP_011780052.1	XP_047272620.1	0	N/A	25.197	127	24	0.015	40.8	terminal nucleotidyltransferase 4A isoform X1 [Homo sapiens]	TRUE	TENT4A
XP_011780052.1	XP_047272623.1	0	N/A	25.197	127	24	0.016	40.4	terminal nucleotidyltransferase 4A isoform X2 [Homo sapiens]	TRUE	TENT4A
XP_011780052.1	XP_016864477.1	0	N/A	25.197	127	24	0.016	40.4	terminal nucleotidyltransferase 4A isoform X2 [Homo sapiens]	TRUE	TENT4A
XP_011780052.1	XP_047272624.1	0	N/A	25.197	127	24	0.016	40.4	terminal nucleotidyltransferase 4A isoform X3 [Homo sapiens]	TRUE	TENT4A
XP_011780052.1	NP_008930.2	0	N/A	24.806	129	24	0.023	40.4	terminal nucleotidyltransferase 4A isoform 1 [Homo sapiens]	TRUE	TENT4A
XP_011780052.1	NP_001165276.2	0	N/A	24.806	129	24	0.025	40	terminal nucleotidyltransferase 4A isoform 2 [Homo sapiens]	TRUE	TENT4A
XP_011780900.1	XP_005252265.1	0	N/A	26.246	301	84	5.95e-16	81.6	terminal uridylyltransferase 7 isoform X7 [Homo sapiens]	TRUE	Tut7
XP_011780900.1	NP_001317647.1	0	N/A	26.246	301	84	7.23e-16	80.9	terminal uridylyltransferase 7 isoform 3 [Homo sapiens]	TRUE	Tut7
XP_011780900.1	XP_011517316.1	0	N/A	26.246	301	84	7.38e-16	81.3	terminal uridylyltransferase 7 isoform X1 [Homo sapiens]	TRUE	Tut7
XP_011780900.1	XP_011517315.1	0	N/A	26.246	301	84	7.38e-16	81.3	terminal uridylyltransferase 7 isoform X1 [Homo sapiens]	TRUE	Tut7
XP_011780900.1	XP_011517314.1	0	N/A	26.246	301	84	7.38e-16	81.3	terminal uridylyltransferase 7 isoform X1 [Homo sapiens]	TRUE	Tut7
XP_011780900.1	XP_011517313.1	0	N/A	26.246	301	84	7.38e-16	81.3	terminal uridylyltransferase 7 isoform X1 [Homo sapiens]	TRUE	Tut7
XP_011780900.1	XP_011517317.1	0	N/A	26.246	301	84	8e-16	81.3	terminal uridylyltransferase 7 isoform X3 [Homo sapiens]	TRUE	Tut7
XP_011780900.1	XP_047279825.1	0	N/A	26.246	301	84	9.54e-16	80.9	terminal uridylyltransferase 7 isoform X6 [Homo sapiens]	TRUE	Tut7
XP_011780900.1	XP_047279824.1	0	N/A	26.246	301	84	9.54e-16	80.9	terminal uridylyltransferase 7 isoform X6 [Homo sapiens]	TRUE	Tut7
XP_011780900.1	XP_005252264.1	0	N/A	26.246	301	84	9.54e-16	80.9	terminal uridylyltransferase 7 isoform X6 [Homo sapiens]	TRUE	Tut7
XP_011780900.1	XP_011517318.1	0	N/A	26.246	301	84	9.82e-16	80.9	terminal uridylyltransferase 7 isoform X5 [Homo sapiens]	TRUE	Tut7
XP_011780900.1	XP_047279823.1	0	N/A	26.246	301	84	9.97e-16	80.9	terminal uridylyltransferase 7 isoform X2 [Homo sapiens]	TRUE	Tut7
XP_011780900.1	XP_006717346.1	0	N/A	26.246	301	84	9.97e-16	80.9	terminal uridylyltransferase 7 isoform X2 [Homo sapiens]	TRUE	Tut7
XP_011780900.1	XP_016870620.1	0	N/A	26.246	301	84	1.27e-15	80.5	terminal uridylyltransferase 7 isoform X4 [Homo sapiens]	TRUE	Tut7
XP_011780900.1	XP_016870619.1	0	N/A	26.246	301	84	1.27e-15	80.5	terminal uridylyltransferase 7 isoform X4 [Homo sapiens]	TRUE	Tut7
XP_011780900.1	NP_078893.2	0	N/A	26.246	301	84	1.27e-15	80.5	terminal uridylyltransferase 7 isoform 1 [Homo sapiens]	TRUE	Tut7
XP_011780900.1	NP_001171988.1	0	N/A	26.246	301	84	1.27e-15	80.5	terminal uridylyltransferase 7 isoform 1 [Homo sapiens]	TRUE	Tut7
XP_011780900.1	NP_001172003.1	0	N/A	26.032	315	87	1.04e-14	77.8	terminal uridylyltransferase 7 isoform 2 [Homo sapiens]	TRUE	Tut7
XP_011780900.1	NP_001375065.1	0	N/A	25.632	277	80	1.53e-12	70.1	poly(A) RNA polymerase GLD2 isoform 14 [Homo sapiens]	TRUE	TENT2
XP_011780900.1	XP_047272344.1	0	N/A	25	312	88	2.64e-12	70.5	terminal uridylyltransferase 4 isoform X30 [Homo sapiens]	TRUE	Tut4
XP_011780900.1	XP_047272286.1	0	N/A	25	312	88	2.71e-12	70.5	terminal uridylyltransferase 4 isoform X8 [Homo sapiens]	TRUE	Tut4
XP_011780900.1	XP_047272290.1	0	N/A	25	312	88	2.75e-12	70.5	terminal uridylyltransferase 4 isoform X11 [Homo sapiens]	TRUE	Tut4
XP_011780900.1	XP_011539401.1	0	N/A	25	300	85	2.81e-12	70.5	terminal uridylyltransferase 4 isoform X29 [Homo sapiens]	TRUE	Tut4
XP_011780900.1	XP_005270739.1	0	N/A	25	300	85	3.02e-12	70.1	terminal uridylyltransferase 4 isoform X33 [Homo sapiens]	TRUE	Tut4
XP_011780900.1	XP_047272282.1	0	N/A	25	300	85	3.02e-12	70.5	terminal uridylyltransferase 4 isoform X5 [Homo sapiens]	TRUE	Tut4
XP_011780900.1	NP_056084.1	0	N/A	25	300	85	3.02e-12	70.5	terminal uridylyltransferase 4 isoform b [Homo sapiens]	TRUE	Tut4
XP_011780900.1	XP_047272372.1	0	N/A	24.359	312	88	3.04e-12	70.1	terminal uridylyltransferase 4 isoform X42 [Homo sapiens]	TRUE	Tut4
XP_011780900.1	XP_047272337.1	0	N/A	24.333	300	85	3.06e-12	70.1	terminal uridylyltransferase 4 isoform X27 [Homo sapiens]	TRUE	Tut4
XP_011780900.1	XP_047272350.1	0	N/A	24.359	312	88	3.1e-12	70.1	terminal uridylyltransferase 4 isoform X34 [Homo sapiens]	TRUE	Tut4
XP_011780900.1	XP_047272280.1	0	N/A	25	300	85	3.14e-12	70.1	terminal uridylyltransferase 4 isoform X3 [Homo sapiens]	TRUE	Tut4
XP_011780900.1	XP_005270736.1	0	N/A	25	300	85	3.14e-12	70.1	terminal uridylyltransferase 4 isoform X3 [Homo sapiens]	TRUE	Tut4
XP_011780900.1	XP_016856295.1	0	N/A	25	300	85	3.2e-12	70.1	terminal uridylyltransferase 4 isoform X25 [Homo sapiens]	TRUE	Tut4
XP_011780900.1	XP_011539399.1	0	N/A	25	300	85	3.22e-12	70.1	terminal uridylyltransferase 4 isoform X1 [Homo sapiens]	TRUE	Tut4
XP_011780900.1	XP_005270733.1	0	N/A	25	300	85	3.22e-12	70.1	terminal uridylyltransferase 4 isoform X1 [Homo sapiens]	TRUE	Tut4
XP_011780900.1	XP_016856296.1	0	N/A	24.333	300	85	3.23e-12	70.1	terminal uridylyltransferase 4 isoform X28 [Homo sapiens]	TRUE	Tut4
XP_011780900.1	XP_047272283.1	0	N/A	24.333	300	85	3.25e-12	70.1	terminal uridylyltransferase 4 isoform X6 [Homo sapiens]	TRUE	Tut4
XP_011780900.1	XP_005270737.1	0	N/A	24.333	300	85	3.25e-12	70.1	terminal uridylyltransferase 4 isoform X6 [Homo sapiens]	TRUE	Tut4
XP_011780900.1	XP_047272281.1	0	N/A	25	300	85	3.25e-12	70.1	terminal uridylyltransferase 4 isoform X4 [Homo sapiens]	TRUE	Tut4
XP_011780900.1	NP_001009881.1	0	N/A	25	300	85	3.25e-12	70.1	terminal uridylyltransferase 4 isoform a [Homo sapiens]	TRUE	Tut4
XP_011780900.1	XP_047272296.1	0	N/A	25	312	88	3.27e-12	70.1	terminal uridylyltransferase 4 isoform X13 [Homo sapiens]	TRUE	Tut4
XP_011780900.1	XP_016856297.1	0	N/A	24.333	300	85	3.27e-12	70.1	terminal uridylyltransferase 4 isoform X36 [Homo sapiens]	TRUE	Tut4
XP_011780900.1	XP_005270735.1	0	N/A	25	300	85	3.37e-12	70.1	terminal uridylyltransferase 4 isoform X2 [Homo sapiens]	TRUE	Tut4
XP_011780900.1	XP_047272295.1	0	N/A	25	312	88	3.39e-12	70.1	terminal uridylyltransferase 4 isoform X12 [Homo sapiens]	TRUE	Tut4
XP_011780900.1	NP_001375061.1	0	N/A	25.632	277	80	3.46e-12	69.3	poly(A) RNA polymerase GLD2 isoform 12 [Homo sapiens]	TRUE	TENT2
XP_011780900.1	XP_047272305.1	0	N/A	24.359	312	88	3.52e-12	70.1	terminal uridylyltransferase 4 isoform X17 [Homo sapiens]	TRUE	Tut4
XP_011780900.1	XP_047272325.1	0	N/A	25	300	85	3.57e-12	70.1	terminal uridylyltransferase 4 isoform X23 [Homo sapiens]	TRUE	Tut4
XP_011780900.1	XP_047272365.1	0	N/A	24.333	300	85	3.58e-12	70.1	terminal uridylyltransferase 4 isoform X38 [Homo sapiens]	TRUE	Tut4
XP_011780900.1	XP_047272285.1	0	N/A	25	300	85	3.75e-12	70.1	terminal uridylyltransferase 4 isoform X7 [Homo sapiens]	TRUE	Tut4
XP_011780900.1	XP_016856292.1	0	N/A	24.333	300	85	3.78e-12	70.1	terminal uridylyltransferase 4 isoform X9 [Homo sapiens]	TRUE	Tut4
XP_011780900.1	XP_016856299.1	0	N/A	24.333	300	85	3.82e-12	70.1	terminal uridylyltransferase 4 isoform X40 [Homo sapiens]	TRUE	Tut4
XP_011780900.1	NP_001375059.1	0	N/A	25.632	277	80	3.83e-12	69.3	poly(A) RNA polymerase GLD2 isoform 10 [Homo sapiens]	TRUE	TENT2
XP_011780900.1	XP_047272811.1	0	N/A	25.632	277	80	3.84e-12	69.3	poly(A) RNA polymerase GLD2 isoform X4 [Homo sapiens]	TRUE	TENT2
XP_011780900.1	XP_047272810.1	0	N/A	25.632	277	80	3.84e-12	69.3	poly(A) RNA polymerase GLD2 isoform X4 [Homo sapiens]	TRUE	TENT2
XP_011780900.1	XP_047272809.1	0	N/A	25.632	277	80	3.84e-12	69.3	poly(A) RNA polymerase GLD2 isoform X4 [Homo sapiens]	TRUE	TENT2
XP_011780900.1	NP_001375058.1	0	N/A	25.632	277	80	3.84e-12	69.3	poly(A) RNA polymerase GLD2 isoform 2 [Homo sapiens]	TRUE	TENT2
XP_011780900.1	NP_001375057.1	0	N/A	25.632	277	80	3.84e-12	69.3	poly(A) RNA polymerase GLD2 isoform 2 [Homo sapiens]	TRUE	TENT2
XP_011780900.1	NP_001375056.1	0	N/A	25.632	277	80	3.84e-12	69.3	poly(A) RNA polymerase GLD2 isoform 2 [Homo sapiens]	TRUE	TENT2
XP_011780900.1	NP_001375055.1	0	N/A	25.632	277	80	3.84e-12	69.3	poly(A) RNA polymerase GLD2 isoform 2 [Homo sapiens]	TRUE	TENT2
XP_011780900.1	NP_001375054.1	0	N/A	25.632	277	80	3.84e-12	69.3	poly(A) RNA polymerase GLD2 isoform 2 [Homo sapiens]	TRUE	TENT2
XP_011780900.1	NP_001375053.1	0	N/A	25.632	277	80	3.84e-12	69.3	poly(A) RNA polymerase GLD2 isoform 2 [Homo sapiens]	TRUE	TENT2
XP_011780900.1	NP_001375052.1	0	N/A	25.632	277	80	3.84e-12	69.3	poly(A) RNA polymerase GLD2 isoform 2 [Homo sapiens]	TRUE	TENT2
XP_011780900.1	NP_001375051.1	0	N/A	25.632	277	80	3.84e-12	69.3	poly(A) RNA polymerase GLD2 isoform 2 [Homo sapiens]	TRUE	TENT2
XP_011780900.1	NP_001375050.1	0	N/A	25.632	277	80	3.84e-12	69.3	poly(A) RNA polymerase GLD2 isoform 2 [Homo sapiens]	TRUE	TENT2
XP_011780900.1	NP_001375049.1	0	N/A	25.632	277	80	3.84e-12	69.3	poly(A) RNA polymerase GLD2 isoform 2 [Homo sapiens]	TRUE	TENT2
XP_011780900.1	NP_001375048.1	0	N/A	25.632	277	80	3.84e-12	69.3	poly(A) RNA polymerase GLD2 isoform 2 [Homo sapiens]	TRUE	TENT2
XP_011780900.1	NP_001375047.1	0	N/A	25.632	277	80	3.84e-12	69.3	poly(A) RNA polymerase GLD2 isoform 2 [Homo sapiens]	TRUE	TENT2
XP_011780900.1	NP_001375046.1	0	N/A	25.632	277	80	3.84e-12	69.3	poly(A) RNA polymerase GLD2 isoform 2 [Homo sapiens]	TRUE	TENT2
XP_011780900.1	NP_001375045.1	0	N/A	25.632	277	80	3.84e-12	69.3	poly(A) RNA polymerase GLD2 isoform 2 [Homo sapiens]	TRUE	TENT2
XP_011780900.1	NP_001375044.1	0	N/A	25.632	277	80	3.84e-12	69.3	poly(A) RNA polymerase GLD2 isoform 2 [Homo sapiens]	TRUE	TENT2
XP_011780900.1	NP_001375043.1	0	N/A	25.632	277	80	3.84e-12	69.3	poly(A) RNA polymerase GLD2 isoform 2 [Homo sapiens]	TRUE	TENT2
XP_011780900.1	NP_001336483.1	0	N/A	25.632	277	80	3.84e-12	69.3	poly(A) RNA polymerase GLD2 isoform 2 [Homo sapiens]	TRUE	TENT2
XP_011780900.1	NP_001284673.1	0	N/A	25.632	277	80	3.84e-12	69.3	poly(A) RNA polymerase GLD2 isoform 2 [Homo sapiens]	TRUE	TENT2
XP_011780900.1	XP_047272345.1	0	N/A	25	300	85	3.93e-12	70.1	terminal uridylyltransferase 4 isoform X31 [Homo sapiens]	TRUE	Tut4
XP_011780900.1	XP_047272288.1	0	N/A	24.333	300	85	4.61e-12	69.7	terminal uridylyltransferase 4 isoform X10 [Homo sapiens]	TRUE	Tut4
XP_011780900.1	NP_001375066.1	0	N/A	27.103	214	61	4.65e-12	68.2	poly(A) RNA polymerase GLD2 isoform 15 [Homo sapiens]	TRUE	TENT2
XP_011780900.1	XP_016856293.1	0	N/A	24.333	300	85	4.65e-12	69.7	terminal uridylyltransferase 4 isoform X16 [Homo sapiens]	TRUE	Tut4
XP_011780900.1	XP_047272384.1	0	N/A	24.333	300	85	4.84e-12	69.3	terminal uridylyltransferase 4 isoform X46 [Homo sapiens]	TRUE	Tut4
XP_011780900.1	NP_001375060.1	0	N/A	26.165	279	80	6.73e-12	68.6	poly(A) RNA polymerase GLD2 isoform 11 [Homo sapiens]	TRUE	TENT2
XP_011780900.1	NP_001375042.1	0	N/A	26.165	279	80	7.78e-12	68.6	poly(A) RNA polymerase GLD2 isoform 16 [Homo sapiens]	TRUE	TENT2
XP_011780900.1	XP_047272808.1	0	N/A	26.165	279	80	7.93e-12	68.6	poly(A) RNA polymerase GLD2 isoform X3 [Homo sapiens]	TRUE	TENT2
XP_011780900.1	XP_047272807.1	0	N/A	26.165	279	80	7.93e-12	68.6	poly(A) RNA polymerase GLD2 isoform X3 [Homo sapiens]	TRUE	TENT2
XP_011780900.1	XP_047272806.1	0	N/A	26.165	279	80	7.93e-12	68.6	poly(A) RNA polymerase GLD2 isoform X3 [Homo sapiens]	TRUE	TENT2
XP_011780900.1	NP_776158.2	0	N/A	26.165	279	80	7.93e-12	68.6	poly(A) RNA polymerase GLD2 isoform 1 [Homo sapiens]	TRUE	TENT2
XP_011780900.1	NP_001375041.1	0	N/A	26.165	279	80	7.93e-12	68.6	poly(A) RNA polymerase GLD2 isoform 1 [Homo sapiens]	TRUE	TENT2
XP_011780900.1	NP_001375040.1	0	N/A	26.165	279	80	7.93e-12	68.6	poly(A) RNA polymerase GLD2 isoform 1 [Homo sapiens]	TRUE	TENT2
XP_011780900.1	NP_001375039.1	0	N/A	26.165	279	80	7.93e-12	68.6	poly(A) RNA polymerase GLD2 isoform 1 [Homo sapiens]	TRUE	TENT2
XP_011780900.1	NP_001375038.1	0	N/A	26.165	279	80	7.93e-12	68.6	poly(A) RNA polymerase GLD2 isoform 1 [Homo sapiens]	TRUE	TENT2
XP_011780900.1	NP_001375037.1	0	N/A	26.165	279	80	7.93e-12	68.6	poly(A) RNA polymerase GLD2 isoform 1 [Homo sapiens]	TRUE	TENT2
XP_011780900.1	NP_001375036.1	0	N/A	26.165	279	80	7.93e-12	68.6	poly(A) RNA polymerase GLD2 isoform 1 [Homo sapiens]	TRUE	TENT2
XP_011780900.1	NP_001375035.1	0	N/A	26.165	279	80	7.93e-12	68.6	poly(A) RNA polymerase GLD2 isoform 1 [Homo sapiens]	TRUE	TENT2
XP_011780900.1	NP_001375034.1	0	N/A	26.165	279	80	7.93e-12	68.6	poly(A) RNA polymerase GLD2 isoform 1 [Homo sapiens]	TRUE	TENT2
XP_011780900.1	NP_001375032.1	0	N/A	26.165	279	80	7.93e-12	68.6	poly(A) RNA polymerase GLD2 isoform 1 [Homo sapiens]	TRUE	TENT2
XP_011780900.1	NP_001375031.1	0	N/A	26.165	279	80	7.93e-12	68.6	poly(A) RNA polymerase GLD2 isoform 1 [Homo sapiens]	TRUE	TENT2
XP_011780900.1	NP_001336482.1	0	N/A	26.165	279	80	7.93e-12	68.6	poly(A) RNA polymerase GLD2 isoform 1 [Homo sapiens]	TRUE	TENT2
XP_011780900.1	NP_001336481.1	0	N/A	26.165	279	80	7.93e-12	68.6	poly(A) RNA polymerase GLD2 isoform 1 [Homo sapiens]	TRUE	TENT2
XP_011780900.1	NP_001107866.1	0	N/A	26.165	279	80	7.93e-12	68.6	poly(A) RNA polymerase GLD2 isoform 1 [Homo sapiens]	TRUE	TENT2
XP_011780900.1	NP_001107865.1	0	N/A	26.165	279	80	7.93e-12	68.6	poly(A) RNA polymerase GLD2 isoform 1 [Homo sapiens]	TRUE	TENT2
XP_011780900.1	NP_001375030.1	0	N/A	25.547	274	79	8.93e-12	68.2	poly(A) RNA polymerase GLD2 isoform 9 [Homo sapiens]	TRUE	TENT2
XP_011780900.1	NP_001375029.1	0	N/A	26.087	276	79	2.06e-11	67	poly(A) RNA polymerase GLD2 isoform 8 [Homo sapiens]	TRUE	TENT2
XP_011780900.1	NP_001375028.1	0	N/A	26.087	276	79	2.06e-11	67	poly(A) RNA polymerase GLD2 isoform 8 [Homo sapiens]	TRUE	TENT2
XP_013063605.2	XP_047272811.1	0	N/A	40.235	425	85	3.85e-86	274	poly(A) RNA polymerase GLD2 isoform X4 [Homo sapiens]	TRUE	TENT2
XP_013063605.2	XP_047272810.1	0	N/A	40.235	425	85	3.85e-86	274	poly(A) RNA polymerase GLD2 isoform X4 [Homo sapiens]	TRUE	TENT2
XP_013063605.2	XP_047272809.1	0	N/A	40.235	425	85	3.85e-86	274	poly(A) RNA polymerase GLD2 isoform X4 [Homo sapiens]	TRUE	TENT2
XP_013063605.2	NP_001375058.1	0	N/A	40.235	425	85	3.85e-86	274	poly(A) RNA polymerase GLD2 isoform 2 [Homo sapiens]	TRUE	TENT2
XP_013063605.2	NP_001375057.1	0	N/A	40.235	425	85	3.85e-86	274	poly(A) RNA polymerase GLD2 isoform 2 [Homo sapiens]	TRUE	TENT2
XP_013063605.2	NP_001375056.1	0	N/A	40.235	425	85	3.85e-86	274	poly(A) RNA polymerase GLD2 isoform 2 [Homo sapiens]	TRUE	TENT2
XP_013063605.2	NP_001375055.1	0	N/A	40.235	425	85	3.85e-86	274	poly(A) RNA polymerase GLD2 isoform 2 [Homo sapiens]	TRUE	TENT2
XP_013063605.2	NP_001375054.1	0	N/A	40.235	425	85	3.85e-86	274	poly(A) RNA polymerase GLD2 isoform 2 [Homo sapiens]	TRUE	TENT2
XP_013063605.2	NP_001375053.1	0	N/A	40.235	425	85	3.85e-86	274	poly(A) RNA polymerase GLD2 isoform 2 [Homo sapiens]	TRUE	TENT2
XP_013063605.2	NP_001375052.1	0	N/A	40.235	425	85	3.85e-86	274	poly(A) RNA polymerase GLD2 isoform 2 [Homo sapiens]	TRUE	TENT2
XP_013063605.2	NP_001375051.1	0	N/A	40.235	425	85	3.85e-86	274	poly(A) RNA polymerase GLD2 isoform 2 [Homo sapiens]	TRUE	TENT2
XP_013063605.2	NP_001375050.1	0	N/A	40.235	425	85	3.85e-86	274	poly(A) RNA polymerase GLD2 isoform 2 [Homo sapiens]	TRUE	TENT2
XP_013063605.2	NP_001375049.1	0	N/A	40.235	425	85	3.85e-86	274	poly(A) RNA polymerase GLD2 isoform 2 [Homo sapiens]	TRUE	TENT2
XP_013063605.2	NP_001375048.1	0	N/A	40.235	425	85	3.85e-86	274	poly(A) RNA polymerase GLD2 isoform 2 [Homo sapiens]	TRUE	TENT2
XP_013063605.2	NP_001375047.1	0	N/A	40.235	425	85	3.85e-86	274	poly(A) RNA polymerase GLD2 isoform 2 [Homo sapiens]	TRUE	TENT2
XP_013063605.2	NP_001375046.1	0	N/A	40.235	425	85	3.85e-86	274	poly(A) RNA polymerase GLD2 isoform 2 [Homo sapiens]	TRUE	TENT2
XP_013063605.2	NP_001375045.1	0	N/A	40.235	425	85	3.85e-86	274	poly(A) RNA polymerase GLD2 isoform 2 [Homo sapiens]	TRUE	TENT2
XP_013063605.2	NP_001375044.1	0	N/A	40.235	425	85	3.85e-86	274	poly(A) RNA polymerase GLD2 isoform 2 [Homo sapiens]	TRUE	TENT2
XP_013063605.2	NP_001375043.1	0	N/A	40.235	425	85	3.85e-86	274	poly(A) RNA polymerase GLD2 isoform 2 [Homo sapiens]	TRUE	TENT2
XP_013063605.2	NP_001336483.1	0	N/A	40.235	425	85	3.85e-86	274	poly(A) RNA polymerase GLD2 isoform 2 [Homo sapiens]	TRUE	TENT2
XP_013063605.2	NP_001284673.1	0	N/A	40.235	425	85	3.85e-86	274	poly(A) RNA polymerase GLD2 isoform 2 [Homo sapiens]	TRUE	TENT2
XP_013063605.2	NP_001375065.1	0	N/A	45.455	341	73	1.03e-85	269	poly(A) RNA polymerase GLD2 isoform 14 [Homo sapiens]	TRUE	TENT2
XP_013063605.2	NP_001375061.1	0	N/A	45.455	341	73	2.56e-85	271	poly(A) RNA polymerase GLD2 isoform 12 [Homo sapiens]	TRUE	TENT2
XP_013063605.2	NP_001375059.1	0	N/A	45.455	341	73	4.29e-85	271	poly(A) RNA polymerase GLD2 isoform 10 [Homo sapiens]	TRUE	TENT2
XP_013063605.2	XP_047272808.1	0	N/A	39.86	429	85	3e-84	269	poly(A) RNA polymerase GLD2 isoform X3 [Homo sapiens]	TRUE	TENT2
XP_013063605.2	XP_047272807.1	0	N/A	39.86	429	85	3e-84	269	poly(A) RNA polymerase GLD2 isoform X3 [Homo sapiens]	TRUE	TENT2
XP_013063605.2	XP_047272806.1	0	N/A	39.86	429	85	3e-84	269	poly(A) RNA polymerase GLD2 isoform X3 [Homo sapiens]	TRUE	TENT2
XP_013063605.2	NP_776158.2	0	N/A	39.86	429	85	3e-84	269	poly(A) RNA polymerase GLD2 isoform 1 [Homo sapiens]	TRUE	TENT2
XP_013063605.2	NP_001375041.1	0	N/A	39.86	429	85	3e-84	269	poly(A) RNA polymerase GLD2 isoform 1 [Homo sapiens]	TRUE	TENT2
XP_013063605.2	NP_001375040.1	0	N/A	39.86	429	85	3e-84	269	poly(A) RNA polymerase GLD2 isoform 1 [Homo sapiens]	TRUE	TENT2
XP_013063605.2	NP_001375039.1	0	N/A	39.86	429	85	3e-84	269	poly(A) RNA polymerase GLD2 isoform 1 [Homo sapiens]	TRUE	TENT2
XP_013063605.2	NP_001375038.1	0	N/A	39.86	429	85	3e-84	269	poly(A) RNA polymerase GLD2 isoform 1 [Homo sapiens]	TRUE	TENT2
XP_013063605.2	NP_001375037.1	0	N/A	39.86	429	85	3e-84	269	poly(A) RNA polymerase GLD2 isoform 1 [Homo sapiens]	TRUE	TENT2
XP_013063605.2	NP_001375036.1	0	N/A	39.86	429	85	3e-84	269	poly(A) RNA polymerase GLD2 isoform 1 [Homo sapiens]	TRUE	TENT2
XP_013063605.2	NP_001375035.1	0	N/A	39.86	429	85	3e-84	269	poly(A) RNA polymerase GLD2 isoform 1 [Homo sapiens]	TRUE	TENT2
XP_013063605.2	NP_001375034.1	0	N/A	39.86	429	85	3e-84	269	poly(A) RNA polymerase GLD2 isoform 1 [Homo sapiens]	TRUE	TENT2
XP_013063605.2	NP_001375032.1	0	N/A	39.86	429	85	3e-84	269	poly(A) RNA polymerase GLD2 isoform 1 [Homo sapiens]	TRUE	TENT2
XP_013063605.2	NP_001375031.1	0	N/A	39.86	429	85	3e-84	269	poly(A) RNA polymerase GLD2 isoform 1 [Homo sapiens]	TRUE	TENT2
XP_013063605.2	NP_001336482.1	0	N/A	39.86	429	85	3e-84	269	poly(A) RNA polymerase GLD2 isoform 1 [Homo sapiens]	TRUE	TENT2
XP_013063605.2	NP_001336481.1	0	N/A	39.86	429	85	3e-84	269	poly(A) RNA polymerase GLD2 isoform 1 [Homo sapiens]	TRUE	TENT2
XP_013063605.2	NP_001107866.1	0	N/A	39.86	429	85	3e-84	269	poly(A) RNA polymerase GLD2 isoform 1 [Homo sapiens]	TRUE	TENT2
XP_013063605.2	NP_001107865.1	0	N/A	39.86	429	85	3e-84	269	poly(A) RNA polymerase GLD2 isoform 1 [Homo sapiens]	TRUE	TENT2
XP_013063605.2	NP_001375060.1	0	N/A	44.928	345	73	2.24e-83	266	poly(A) RNA polymerase GLD2 isoform 11 [Homo sapiens]	TRUE	TENT2
XP_013063605.2	NP_001375042.1	0	N/A	44.928	345	73	3.88e-83	266	poly(A) RNA polymerase GLD2 isoform 16 [Homo sapiens]	TRUE	TENT2
XP_013063605.2	NP_001375030.1	0	N/A	39.31	435	85	5.5e-83	266	poly(A) RNA polymerase GLD2 isoform 9 [Homo sapiens]	TRUE	TENT2
XP_013063605.2	XP_047272805.1	0	N/A	38.222	450	85	3.14e-82	265	poly(A) RNA polymerase GLD2 isoform X2 [Homo sapiens]	TRUE	TENT2
XP_013063605.2	XP_047272804.1	0	N/A	38.222	450	85	3.14e-82	265	poly(A) RNA polymerase GLD2 isoform X2 [Homo sapiens]	TRUE	TENT2
XP_013063605.2	XP_047272803.1	0	N/A	38.222	450	85	3.14e-82	265	poly(A) RNA polymerase GLD2 isoform X2 [Homo sapiens]	TRUE	TENT2
XP_013063605.2	XP_047272802.1	0	N/A	38.222	450	85	3.14e-82	265	poly(A) RNA polymerase GLD2 isoform X2 [Homo sapiens]	TRUE	TENT2
XP_013063605.2	XP_016864641.1	0	N/A	38.222	450	85	3.14e-82	265	poly(A) RNA polymerase GLD2 isoform X2 [Homo sapiens]	TRUE	TENT2
XP_013063605.2	NP_001375026.1	0	N/A	38.222	450	85	3.14e-82	265	poly(A) RNA polymerase GLD2 isoform 6 [Homo sapiens]	TRUE	TENT2
XP_013063605.2	NP_001375025.1	0	N/A	38.222	450	85	3.14e-82	265	poly(A) RNA polymerase GLD2 isoform 6 [Homo sapiens]	TRUE	TENT2
XP_013063605.2	NP_001375024.1	0	N/A	38.222	450	85	3.14e-82	265	poly(A) RNA polymerase GLD2 isoform 6 [Homo sapiens]	TRUE	TENT2
XP_013063605.2	NP_001336480.1	0	N/A	38.222	450	85	3.14e-82	265	poly(A) RNA polymerase GLD2 isoform 6 [Homo sapiens]	TRUE	TENT2
XP_013063605.2	NP_001375027.1	0	N/A	42.623	366	73	4.85e-81	261	poly(A) RNA polymerase GLD2 isoform 7 [Homo sapiens]	TRUE	TENT2
XP_013063605.2	NP_001375029.1	0	N/A	38.952	439	85	5.9e-81	261	poly(A) RNA polymerase GLD2 isoform 8 [Homo sapiens]	TRUE	TENT2
XP_013063605.2	NP_001375028.1	0	N/A	38.952	439	85	5.9e-81	261	poly(A) RNA polymerase GLD2 isoform 8 [Homo sapiens]	TRUE	TENT2
XP_013063605.2	XP_047272801.1	0	N/A	37.885	454	85	2.53e-80	259	poly(A) RNA polymerase GLD2 isoform X1 [Homo sapiens]	TRUE	TENT2
XP_013063605.2	XP_047272800.1	0	N/A	37.885	454	85	2.53e-80	259	poly(A) RNA polymerase GLD2 isoform X1 [Homo sapiens]	TRUE	TENT2
XP_013063605.2	XP_011541527.1	0	N/A	37.885	454	85	2.53e-80	259	poly(A) RNA polymerase GLD2 isoform X1 [Homo sapiens]	TRUE	TENT2
XP_013063605.2	XP_011541526.1	0	N/A	37.885	454	85	2.53e-80	259	poly(A) RNA polymerase GLD2 isoform X1 [Homo sapiens]	TRUE	TENT2
XP_013063605.2	XP_011541523.1	0	N/A	37.885	454	85	2.53e-80	259	poly(A) RNA polymerase GLD2 isoform X1 [Homo sapiens]	TRUE	TENT2
XP_013063605.2	XP_011541522.1	0	N/A	37.885	454	85	2.53e-80	259	poly(A) RNA polymerase GLD2 isoform X1 [Homo sapiens]	TRUE	TENT2
XP_013063605.2	NP_001375023.1	0	N/A	37.885	454	85	2.53e-80	259	poly(A) RNA polymerase GLD2 isoform 5 [Homo sapiens]	TRUE	TENT2
XP_013063605.2	NP_001375022.1	0	N/A	37.885	454	85	2.53e-80	259	poly(A) RNA polymerase GLD2 isoform 5 [Homo sapiens]	TRUE	TENT2
XP_013063605.2	NP_001336479.1	0	N/A	37.885	454	85	2.53e-80	259	poly(A) RNA polymerase GLD2 isoform 5 [Homo sapiens]	TRUE	TENT2
XP_013063605.2	NP_001336478.1	0	N/A	37.885	454	85	2.53e-80	259	poly(A) RNA polymerase GLD2 isoform 5 [Homo sapiens]	TRUE	TENT2
XP_013063605.2	NP_001336477.1	0	N/A	46.899	258	56	4.33e-65	212	poly(A) RNA polymerase GLD2 isoform 4 [Homo sapiens]	TRUE	TENT2
XP_013063605.2	XP_047272820.1	0	N/A	47.325	243	53	1.22e-62	206	poly(A) RNA polymerase GLD2 isoform X11 [Homo sapiens]	TRUE	TENT2
XP_013063605.2	XP_047272815.1	0	N/A	34.118	425	85	6.07e-58	199	poly(A) RNA polymerase GLD2 isoform X7 [Homo sapiens]	TRUE	TENT2
XP_013063605.2	NP_001375064.1	0	N/A	34.118	425	85	6.07e-58	199	poly(A) RNA polymerase GLD2 isoform 13 [Homo sapiens]	TRUE	TENT2
XP_013063605.2	NP_001375063.1	0	N/A	34.118	425	85	6.07e-58	199	poly(A) RNA polymerase GLD2 isoform 13 [Homo sapiens]	TRUE	TENT2
XP_013063605.2	XP_047272814.1	0	N/A	33.8	429	85	4.96e-56	194	poly(A) RNA polymerase GLD2 isoform X6 [Homo sapiens]	TRUE	TENT2
XP_013063605.2	XP_047272813.1	0	N/A	33.8	429	85	4.96e-56	194	poly(A) RNA polymerase GLD2 isoform X6 [Homo sapiens]	TRUE	TENT2
XP_013063605.2	XP_047272812.1	0	N/A	33.8	429	85	4.96e-56	194	poly(A) RNA polymerase GLD2 isoform X6 [Homo sapiens]	TRUE	TENT2
XP_013063605.2	NP_001375062.1	0	N/A	33.8	429	85	4.96e-56	194	poly(A) RNA polymerase GLD2 isoform 3 [Homo sapiens]	TRUE	TENT2
XP_013063605.2	NP_001284674.1	0	N/A	33.8	429	85	4.96e-56	194	poly(A) RNA polymerase GLD2 isoform 3 [Homo sapiens]	TRUE	TENT2
XP_013063605.2	XP_047272818.1	0	N/A	40.69	290	55	1.67e-55	190	poly(A) RNA polymerase GLD2 isoform X10 [Homo sapiens]	TRUE	TENT2
XP_013063605.2	XP_047272817.1	0	N/A	38.264	311	55	3.33e-53	184	poly(A) RNA polymerase GLD2 isoform X9 [Homo sapiens]	TRUE	TENT2
XP_013063605.2	XP_011541531.1	0	N/A	31.718	454	85	2.7e-52	185	poly(A) RNA polymerase GLD2 isoform X5 [Homo sapiens]	TRUE	TENT2
XP_013063605.2	NP_001375066.1	0	N/A	47.887	213	46	3.15e-52	179	poly(A) RNA polymerase GLD2 isoform 15 [Homo sapiens]	TRUE	TENT2
XP_013063605.2	XP_047272816.1	0	N/A	37.778	315	55	2.04e-51	180	poly(A) RNA polymerase GLD2 isoform X8 [Homo sapiens]	TRUE	TENT2
XP_013063605.2	XP_005252265.1	0	N/A	31.894	301	62	1.79e-37	148	terminal uridylyltransferase 7 isoform X7 [Homo sapiens]	TRUE	Tut7
XP_013063605.2	XP_011517317.1	0	N/A	31.894	301	62	1.84e-37	148	terminal uridylyltransferase 7 isoform X3 [Homo sapiens]	TRUE	Tut7
XP_013063605.2	XP_047279825.1	0	N/A	31.894	301	62	2e-37	148	terminal uridylyltransferase 7 isoform X6 [Homo sapiens]	TRUE	Tut7
XP_013063605.2	XP_047279824.1	0	N/A	31.894	301	62	2e-37	148	terminal uridylyltransferase 7 isoform X6 [Homo sapiens]	TRUE	Tut7
XP_013063605.2	XP_005252264.1	0	N/A	31.894	301	62	2e-37	148	terminal uridylyltransferase 7 isoform X6 [Homo sapiens]	TRUE	Tut7
XP_013063605.2	NP_001317647.1	0	N/A	31.894	301	62	2.01e-37	148	terminal uridylyltransferase 7 isoform 3 [Homo sapiens]	TRUE	Tut7
XP_013063605.2	XP_047279823.1	0	N/A	31.894	301	62	2.12e-37	148	terminal uridylyltransferase 7 isoform X2 [Homo sapiens]	TRUE	Tut7
XP_013063605.2	XP_006717346.1	0	N/A	31.894	301	62	2.12e-37	148	terminal uridylyltransferase 7 isoform X2 [Homo sapiens]	TRUE	Tut7
XP_013063605.2	XP_011517318.1	0	N/A	31.894	301	62	2.28e-37	148	terminal uridylyltransferase 7 isoform X5 [Homo sapiens]	TRUE	Tut7
XP_013063605.2	XP_016870620.1	0	N/A	31.894	301	62	2.35e-37	148	terminal uridylyltransferase 7 isoform X4 [Homo sapiens]	TRUE	Tut7
XP_013063605.2	XP_016870619.1	0	N/A	31.894	301	62	2.35e-37	148	terminal uridylyltransferase 7 isoform X4 [Homo sapiens]	TRUE	Tut7
XP_013063605.2	NP_078893.2	0	N/A	31.894	301	62	2.35e-37	148	terminal uridylyltransferase 7 isoform 1 [Homo sapiens]	TRUE	Tut7
XP_013063605.2	NP_001171988.1	0	N/A	31.894	301	62	2.35e-37	148	terminal uridylyltransferase 7 isoform 1 [Homo sapiens]	TRUE	Tut7
XP_013063605.2	XP_011517316.1	0	N/A	32.226	301	62	2.37e-37	148	terminal uridylyltransferase 7 isoform X1 [Homo sapiens]	TRUE	Tut7
XP_013063605.2	XP_011517315.1	0	N/A	32.226	301	62	2.37e-37	148	terminal uridylyltransferase 7 isoform X1 [Homo sapiens]	TRUE	Tut7
XP_013063605.2	XP_011517314.1	0	N/A	32.226	301	62	2.37e-37	148	terminal uridylyltransferase 7 isoform X1 [Homo sapiens]	TRUE	Tut7
XP_013063605.2	XP_011517313.1	0	N/A	32.226	301	62	2.37e-37	148	terminal uridylyltransferase 7 isoform X1 [Homo sapiens]	TRUE	Tut7
XP_013063605.2	XP_047272372.1	0	N/A	32.09	268	56	3.11e-33	136	terminal uridylyltransferase 4 isoform X42 [Homo sapiens]	TRUE	Tut4
XP_013075831.2	NP_001165276.2	0	N/A	60.154	389	50	7.17e-157	477	terminal nucleotidyltransferase 4A isoform 2 [Homo sapiens]	TRUE	TENT4A
XP_013075831.2	NP_008930.2	0	N/A	60.154	389	50	7.62e-157	477	terminal nucleotidyltransferase 4A isoform 1 [Homo sapiens]	TRUE	TENT4A
XP_013075831.2	NP_001035375.2	0	N/A	61.497	374	48	1.19e-152	461	terminal nucleotidyltransferase 4B isoform b [Homo sapiens]	TRUE	TENT4B
XP_013075831.2	XP_011521578.1	0	N/A	61.497	374	48	1.23e-152	461	terminal nucleotidyltransferase 4B isoform X2 [Homo sapiens]	TRUE	TENT4B
XP_013075831.2	XP_047290432.1	0	N/A	61.497	374	48	1.66e-152	461	terminal nucleotidyltransferase 4B isoform X4 [Homo sapiens]	TRUE	TENT4B
XP_013075831.2	NP_001035374.2	0	N/A	61.497	374	48	2.77e-152	462	terminal nucleotidyltransferase 4B isoform a [Homo sapiens]	TRUE	TENT4B
XP_013075831.2	XP_011521577.1	0	N/A	61.497	374	48	2.85e-152	462	terminal nucleotidyltransferase 4B isoform X1 [Homo sapiens]	TRUE	TENT4B
XP_013075831.2	XP_047290431.1	0	N/A	61.497	374	48	3.31e-152	461	terminal nucleotidyltransferase 4B isoform X3 [Homo sapiens]	TRUE	TENT4B
XP_013075831.2	NP_001352252.1	0	N/A	61.497	374	48	3.36e-152	461	terminal nucleotidyltransferase 4B isoform c [Homo sapiens]	TRUE	TENT4B
XP_013075831.2	NP_001352253.1	0	N/A	61.497	374	48	8.71e-152	461	terminal nucleotidyltransferase 4B isoform d [Homo sapiens]	TRUE	TENT4B
XP_013075831.2	XP_047290433.1	0	N/A	66.246	317	42	1.18e-146	440	terminal nucleotidyltransferase 4B isoform X6 [Homo sapiens]	TRUE	TENT4B
XP_013075831.2	XP_011521580.1	0	N/A	66.246	317	42	4.07e-146	440	terminal nucleotidyltransferase 4B isoform X5 [Homo sapiens]	TRUE	TENT4B
XP_013075831.2	XP_047272622.1	0	N/A	67.32	306	40	5e-146	440	terminal nucleotidyltransferase 4A isoform X1 [Homo sapiens]	TRUE	TENT4A
XP_013075831.2	XP_047272621.1	0	N/A	67.32	306	40	5e-146	440	terminal nucleotidyltransferase 4A isoform X1 [Homo sapiens]	TRUE	TENT4A
XP_013075831.2	XP_047272620.1	0	N/A	67.32	306	40	5e-146	440	terminal nucleotidyltransferase 4A isoform X1 [Homo sapiens]	TRUE	TENT4A
XP_013075831.2	XP_047272624.1	0	N/A	67.003	297	39	5.59e-141	427	terminal nucleotidyltransferase 4A isoform X3 [Homo sapiens]	TRUE	TENT4A
XP_013075831.2	XP_047272623.1	0	N/A	67.003	297	39	7.01e-141	427	terminal nucleotidyltransferase 4A isoform X2 [Homo sapiens]	TRUE	TENT4A
XP_013075831.2	XP_016864477.1	0	N/A	67.003	297	39	7.01e-141	427	terminal nucleotidyltransferase 4A isoform X2 [Homo sapiens]	TRUE	TENT4A
XP_013075831.2	XP_047272811.1	0	N/A	25.43	291	33	4.48e-14	78.2	poly(A) RNA polymerase GLD2 isoform X4 [Homo sapiens]	TRUE	TENT2
XP_013075831.2	XP_047272810.1	0	N/A	25.43	291	33	4.48e-14	78.2	poly(A) RNA polymerase GLD2 isoform X4 [Homo sapiens]	TRUE	TENT2
XP_013075831.2	XP_047272809.1	0	N/A	25.43	291	33	4.48e-14	78.2	poly(A) RNA polymerase GLD2 isoform X4 [Homo sapiens]	TRUE	TENT2
XP_013075831.2	NP_001375058.1	0	N/A	25.43	291	33	4.48e-14	78.2	poly(A) RNA polymerase GLD2 isoform 2 [Homo sapiens]	TRUE	TENT2
XP_013075831.2	NP_001375057.1	0	N/A	25.43	291	33	4.48e-14	78.2	poly(A) RNA polymerase GLD2 isoform 2 [Homo sapiens]	TRUE	TENT2
XP_013075831.2	NP_001375056.1	0	N/A	25.43	291	33	4.48e-14	78.2	poly(A) RNA polymerase GLD2 isoform 2 [Homo sapiens]	TRUE	TENT2
XP_013075831.2	NP_001375055.1	0	N/A	25.43	291	33	4.48e-14	78.2	poly(A) RNA polymerase GLD2 isoform 2 [Homo sapiens]	TRUE	TENT2
XP_013075831.2	NP_001375054.1	0	N/A	25.43	291	33	4.48e-14	78.2	poly(A) RNA polymerase GLD2 isoform 2 [Homo sapiens]	TRUE	TENT2
XP_013075831.2	NP_001375053.1	0	N/A	25.43	291	33	4.48e-14	78.2	poly(A) RNA polymerase GLD2 isoform 2 [Homo sapiens]	TRUE	TENT2
XP_013075831.2	NP_001375052.1	0	N/A	25.43	291	33	4.48e-14	78.2	poly(A) RNA polymerase GLD2 isoform 2 [Homo sapiens]	TRUE	TENT2
XP_013075831.2	NP_001375051.1	0	N/A	25.43	291	33	4.48e-14	78.2	poly(A) RNA polymerase GLD2 isoform 2 [Homo sapiens]	TRUE	TENT2
XP_013075831.2	NP_001375050.1	0	N/A	25.43	291	33	4.48e-14	78.2	poly(A) RNA polymerase GLD2 isoform 2 [Homo sapiens]	TRUE	TENT2
XP_013075831.2	NP_001375049.1	0	N/A	25.43	291	33	4.48e-14	78.2	poly(A) RNA polymerase GLD2 isoform 2 [Homo sapiens]	TRUE	TENT2
XP_013075831.2	NP_001375048.1	0	N/A	25.43	291	33	4.48e-14	78.2	poly(A) RNA polymerase GLD2 isoform 2 [Homo sapiens]	TRUE	TENT2
XP_013075831.2	NP_001375047.1	0	N/A	25.43	291	33	4.48e-14	78.2	poly(A) RNA polymerase GLD2 isoform 2 [Homo sapiens]	TRUE	TENT2
XP_013075831.2	NP_001375046.1	0	N/A	25.43	291	33	4.48e-14	78.2	poly(A) RNA polymerase GLD2 isoform 2 [Homo sapiens]	TRUE	TENT2
XP_013075831.2	NP_001375045.1	0	N/A	25.43	291	33	4.48e-14	78.2	poly(A) RNA polymerase GLD2 isoform 2 [Homo sapiens]	TRUE	TENT2
XP_013075831.2	NP_001375044.1	0	N/A	25.43	291	33	4.48e-14	78.2	poly(A) RNA polymerase GLD2 isoform 2 [Homo sapiens]	TRUE	TENT2
XP_013075831.2	NP_001375043.1	0	N/A	25.43	291	33	4.48e-14	78.2	poly(A) RNA polymerase GLD2 isoform 2 [Homo sapiens]	TRUE	TENT2
XP_013075831.2	NP_001336483.1	0	N/A	25.43	291	33	4.48e-14	78.2	poly(A) RNA polymerase GLD2 isoform 2 [Homo sapiens]	TRUE	TENT2
XP_013075831.2	NP_001284673.1	0	N/A	25.43	291	33	4.48e-14	78.2	poly(A) RNA polymerase GLD2 isoform 2 [Homo sapiens]	TRUE	TENT2
XP_013075831.2	NP_001375059.1	0	N/A	25.43	291	33	4.54e-14	77.8	poly(A) RNA polymerase GLD2 isoform 10 [Homo sapiens]	TRUE	TENT2
XP_013075831.2	NP_001375061.1	0	N/A	25.43	291	33	6.87e-14	77.4	poly(A) RNA polymerase GLD2 isoform 12 [Homo sapiens]	TRUE	TENT2
XP_013075831.2	XP_047272808.1	0	N/A	25.085	295	33	1.45e-13	76.3	poly(A) RNA polymerase GLD2 isoform X3 [Homo sapiens]	TRUE	TENT2
XP_013075831.2	XP_047272807.1	0	N/A	25.085	295	33	1.45e-13	76.3	poly(A) RNA polymerase GLD2 isoform X3 [Homo sapiens]	TRUE	TENT2
XP_013075831.2	XP_047272806.1	0	N/A	25.085	295	33	1.45e-13	76.3	poly(A) RNA polymerase GLD2 isoform X3 [Homo sapiens]	TRUE	TENT2
XP_013075831.2	NP_776158.2	0	N/A	25.085	295	33	1.45e-13	76.3	poly(A) RNA polymerase GLD2 isoform 1 [Homo sapiens]	TRUE	TENT2
XP_013075831.2	NP_001375041.1	0	N/A	25.085	295	33	1.45e-13	76.3	poly(A) RNA polymerase GLD2 isoform 1 [Homo sapiens]	TRUE	TENT2
XP_013075831.2	NP_001375040.1	0	N/A	25.085	295	33	1.45e-13	76.3	poly(A) RNA polymerase GLD2 isoform 1 [Homo sapiens]	TRUE	TENT2
XP_013075831.2	NP_001375039.1	0	N/A	25.085	295	33	1.45e-13	76.3	poly(A) RNA polymerase GLD2 isoform 1 [Homo sapiens]	TRUE	TENT2
XP_013075831.2	NP_001375038.1	0	N/A	25.085	295	33	1.45e-13	76.3	poly(A) RNA polymerase GLD2 isoform 1 [Homo sapiens]	TRUE	TENT2
XP_013075831.2	NP_001375037.1	0	N/A	25.085	295	33	1.45e-13	76.3	poly(A) RNA polymerase GLD2 isoform 1 [Homo sapiens]	TRUE	TENT2
XP_013075831.2	NP_001375036.1	0	N/A	25.085	295	33	1.45e-13	76.3	poly(A) RNA polymerase GLD2 isoform 1 [Homo sapiens]	TRUE	TENT2
XP_013075831.2	NP_001375035.1	0	N/A	25.085	295	33	1.45e-13	76.3	poly(A) RNA polymerase GLD2 isoform 1 [Homo sapiens]	TRUE	TENT2
XP_013075831.2	NP_001375034.1	0	N/A	25.085	295	33	1.45e-13	76.3	poly(A) RNA polymerase GLD2 isoform 1 [Homo sapiens]	TRUE	TENT2
XP_013075831.2	NP_001375032.1	0	N/A	25.085	295	33	1.45e-13	76.3	poly(A) RNA polymerase GLD2 isoform 1 [Homo sapiens]	TRUE	TENT2
XP_013075831.2	NP_001375031.1	0	N/A	25.085	295	33	1.45e-13	76.3	poly(A) RNA polymerase GLD2 isoform 1 [Homo sapiens]	TRUE	TENT2
XP_013075831.2	NP_001336482.1	0	N/A	25.085	295	33	1.45e-13	76.3	poly(A) RNA polymerase GLD2 isoform 1 [Homo sapiens]	TRUE	TENT2
XP_013075831.2	NP_001336481.1	0	N/A	25.085	295	33	1.45e-13	76.3	poly(A) RNA polymerase GLD2 isoform 1 [Homo sapiens]	TRUE	TENT2
XP_013075831.2	NP_001107866.1	0	N/A	25.085	295	33	1.45e-13	76.3	poly(A) RNA polymerase GLD2 isoform 1 [Homo sapiens]	TRUE	TENT2
XP_013075831.2	NP_001107865.1	0	N/A	25.085	295	33	1.45e-13	76.3	poly(A) RNA polymerase GLD2 isoform 1 [Homo sapiens]	TRUE	TENT2
XP_013075831.2	NP_001375042.1	0	N/A	25.085	295	33	1.65e-13	76.3	poly(A) RNA polymerase GLD2 isoform 16 [Homo sapiens]	TRUE	TENT2
XP_013075831.2	NP_001375065.1	0	N/A	25.43	291	33	1.75e-13	75.1	poly(A) RNA polymerase GLD2 isoform 14 [Homo sapiens]	TRUE	TENT2
XP_013075831.2	NP_001375060.1	0	N/A	25.085	295	33	2.19e-13	75.9	poly(A) RNA polymerase GLD2 isoform 11 [Homo sapiens]	TRUE	TENT2
XP_013075831.2	XP_047272805.1	0	N/A	24.684	316	33	1.02e-11	70.5	poly(A) RNA polymerase GLD2 isoform X2 [Homo sapiens]	TRUE	TENT2
XP_013075831.2	XP_047272804.1	0	N/A	24.684	316	33	1.02e-11	70.5	poly(A) RNA polymerase GLD2 isoform X2 [Homo sapiens]	TRUE	TENT2
XP_013075831.2	XP_047272803.1	0	N/A	24.684	316	33	1.02e-11	70.5	poly(A) RNA polymerase GLD2 isoform X2 [Homo sapiens]	TRUE	TENT2
XP_013075831.2	XP_047272802.1	0	N/A	24.684	316	33	1.02e-11	70.5	poly(A) RNA polymerase GLD2 isoform X2 [Homo sapiens]	TRUE	TENT2
XP_013075831.2	XP_016864641.1	0	N/A	24.684	316	33	1.02e-11	70.5	poly(A) RNA polymerase GLD2 isoform X2 [Homo sapiens]	TRUE	TENT2
XP_013075831.2	NP_001375026.1	0	N/A	24.684	316	33	1.02e-11	70.5	poly(A) RNA polymerase GLD2 isoform 6 [Homo sapiens]	TRUE	TENT2
XP_013075831.2	NP_001375025.1	0	N/A	24.684	316	33	1.02e-11	70.5	poly(A) RNA polymerase GLD2 isoform 6 [Homo sapiens]	TRUE	TENT2
XP_013075831.2	NP_001375024.1	0	N/A	24.684	316	33	1.02e-11	70.5	poly(A) RNA polymerase GLD2 isoform 6 [Homo sapiens]	TRUE	TENT2
XP_013075831.2	NP_001336480.1	0	N/A	24.684	316	33	1.02e-11	70.5	poly(A) RNA polymerase GLD2 isoform 6 [Homo sapiens]	TRUE	TENT2
XP_013075831.2	NP_001375027.1	0	N/A	24.684	316	33	1.1e-11	70.5	poly(A) RNA polymerase GLD2 isoform 7 [Homo sapiens]	TRUE	TENT2
XP_013075831.2	NP_001375030.1	0	N/A	24.585	301	33	2.2e-11	69.7	poly(A) RNA polymerase GLD2 isoform 9 [Homo sapiens]	TRUE	TENT2
XP_013075831.2	NP_001336477.1	0	N/A	28.125	192	21	3.19e-11	67	poly(A) RNA polymerase GLD2 isoform 4 [Homo sapiens]	TRUE	TENT2
XP_013075831.2	XP_047272801.1	0	N/A	24.534	322	33	3.24e-11	68.9	poly(A) RNA polymerase GLD2 isoform X1 [Homo sapiens]	TRUE	TENT2
XP_013075831.2	XP_047272800.1	0	N/A	24.534	322	33	3.24e-11	68.9	poly(A) RNA polymerase GLD2 isoform X1 [Homo sapiens]	TRUE	TENT2
XP_013075831.2	XP_011541527.1	0	N/A	24.534	322	33	3.24e-11	68.9	poly(A) RNA polymerase GLD2 isoform X1 [Homo sapiens]	TRUE	TENT2
XP_013075831.2	XP_011541526.1	0	N/A	24.534	322	33	3.24e-11	68.9	poly(A) RNA polymerase GLD2 isoform X1 [Homo sapiens]	TRUE	TENT2
XP_013075831.2	XP_011541523.1	0	N/A	24.534	322	33	3.24e-11	68.9	poly(A) RNA polymerase GLD2 isoform X1 [Homo sapiens]	TRUE	TENT2
XP_013075831.2	XP_011541522.1	0	N/A	24.534	322	33	3.24e-11	68.9	poly(A) RNA polymerase GLD2 isoform X1 [Homo sapiens]	TRUE	TENT2
XP_013075831.2	NP_001375023.1	0	N/A	24.534	322	33	3.24e-11	68.9	poly(A) RNA polymerase GLD2 isoform 5 [Homo sapiens]	TRUE	TENT2
XP_013075831.2	NP_001375022.1	0	N/A	24.534	322	33	3.24e-11	68.9	poly(A) RNA polymerase GLD2 isoform 5 [Homo sapiens]	TRUE	TENT2
XP_013075831.2	NP_001336479.1	0	N/A	24.534	322	33	3.24e-11	68.9	poly(A) RNA polymerase GLD2 isoform 5 [Homo sapiens]	TRUE	TENT2
XP_013075831.2	NP_001336478.1	0	N/A	24.534	322	33	3.24e-11	68.9	poly(A) RNA polymerase GLD2 isoform 5 [Homo sapiens]	TRUE	TENT2
XP_013075831.2	XP_047272820.1	0	N/A	28.125	192	21	4.64e-11	66.2	poly(A) RNA polymerase GLD2 isoform X11 [Homo sapiens]	TRUE	TENT2
XP_013075831.2	NP_001375029.1	0	N/A	24.262	305	33	7.33e-11	67.8	poly(A) RNA polymerase GLD2 isoform 8 [Homo sapiens]	TRUE	TENT2
XP_013075831.2	NP_001375028.1	0	N/A	24.262	305	33	7.33e-11	67.8	poly(A) RNA polymerase GLD2 isoform 8 [Homo sapiens]	TRUE	TENT2
XP_013075831.2	XP_047272818.1	0	N/A	26.702	191	24	2.84e-09	62	poly(A) RNA polymerase GLD2 isoform X10 [Homo sapiens]	TRUE	TENT2
XP_013075831.2	NP_001317647.1	0	N/A	27.528	178	23	6.58e-09	62	terminal uridylyltransferase 7 isoform 3 [Homo sapiens]	TRUE	Tut7
XP_013075831.2	XP_047279823.1	0	N/A	27.528	178	23	7.59e-09	62	terminal uridylyltransferase 7 isoform X2 [Homo sapiens]	TRUE	Tut7
XP_013075831.2	XP_006717346.1	0	N/A	27.528	178	23	7.59e-09	62	terminal uridylyltransferase 7 isoform X2 [Homo sapiens]	TRUE	Tut7
XP_013075831.2	XP_016870620.1	0	N/A	27.528	178	23	8.01e-09	62	terminal uridylyltransferase 7 isoform X4 [Homo sapiens]	TRUE	Tut7
XP_013075831.2	XP_016870619.1	0	N/A	27.528	178	23	8.01e-09	62	terminal uridylyltransferase 7 isoform X4 [Homo sapiens]	TRUE	Tut7
XP_013075831.2	NP_078893.2	0	N/A	27.528	178	23	8.01e-09	62	terminal uridylyltransferase 7 isoform 1 [Homo sapiens]	TRUE	Tut7
XP_013075831.2	NP_001171988.1	0	N/A	27.528	178	23	8.01e-09	62	terminal uridylyltransferase 7 isoform 1 [Homo sapiens]	TRUE	Tut7
XP_013075831.2	XP_047279825.1	0	N/A	27.528	178	23	8.06e-09	62	terminal uridylyltransferase 7 isoform X6 [Homo sapiens]	TRUE	Tut7
XP_013075831.2	XP_047279824.1	0	N/A	27.528	178	23	8.06e-09	62	terminal uridylyltransferase 7 isoform X6 [Homo sapiens]	TRUE	Tut7
XP_013075831.2	XP_005252264.1	0	N/A	27.528	178	23	8.06e-09	62	terminal uridylyltransferase 7 isoform X6 [Homo sapiens]	TRUE	Tut7
XP_013075831.2	XP_011517318.1	0	N/A	27.528	178	23	8.14e-09	62	terminal uridylyltransferase 7 isoform X5 [Homo sapiens]	TRUE	Tut7
XP_013075831.2	XP_005252265.1	0	N/A	27.528	178	23	8.88e-09	62	terminal uridylyltransferase 7 isoform X7 [Homo sapiens]	TRUE	Tut7
XP_013381617.1	XP_047272325.1	0	N/A	43.722	908	76	0	715	terminal uridylyltransferase 4 isoform X23 [Homo sapiens]	TRUE	Tut4
XP_013381617.1	XP_047272337.1	0	N/A	43.722	908	76	0	714	terminal uridylyltransferase 4 isoform X27 [Homo sapiens]	TRUE	Tut4
XP_013381617.1	XP_016856296.1	0	N/A	43.722	908	76	0	714	terminal uridylyltransferase 4 isoform X28 [Homo sapiens]	TRUE	Tut4
XP_013381617.1	XP_016856295.1	0	N/A	43.722	908	76	0	714	terminal uridylyltransferase 4 isoform X25 [Homo sapiens]	TRUE	Tut4
XP_013381617.1	XP_047272282.1	0	N/A	42.243	954	76	0	707	terminal uridylyltransferase 4 isoform X5 [Homo sapiens]	TRUE	Tut4
XP_013381617.1	NP_056084.1	0	N/A	42.243	954	76	0	707	terminal uridylyltransferase 4 isoform b [Homo sapiens]	TRUE	Tut4
XP_013381617.1	XP_005270735.1	0	N/A	42.243	954	76	0	706	terminal uridylyltransferase 4 isoform X2 [Homo sapiens]	TRUE	Tut4
XP_013381617.1	XP_047272296.1	0	N/A	41.133	953	76	0	679	terminal uridylyltransferase 4 isoform X13 [Homo sapiens]	TRUE	Tut4
XP_013381617.1	XP_047272285.1	0	N/A	41.89	931	76	0	662	terminal uridylyltransferase 4 isoform X7 [Homo sapiens]	TRUE	Tut4
XP_013381617.1	XP_047272283.1	0	N/A	38.175	1019	77	0	640	terminal uridylyltransferase 4 isoform X6 [Homo sapiens]	TRUE	Tut4
XP_013381617.1	XP_047272280.1	0	N/A	38.175	1019	77	0	640	terminal uridylyltransferase 4 isoform X3 [Homo sapiens]	TRUE	Tut4
XP_013381617.1	XP_005270737.1	0	N/A	38.175	1019	77	0	640	terminal uridylyltransferase 4 isoform X6 [Homo sapiens]	TRUE	Tut4
XP_013381617.1	XP_005270736.1	0	N/A	38.175	1019	77	0	640	terminal uridylyltransferase 4 isoform X3 [Homo sapiens]	TRUE	Tut4
XP_013381617.1	XP_047272281.1	0	N/A	38.086	1024	77	0	638	terminal uridylyltransferase 4 isoform X4 [Homo sapiens]	TRUE	Tut4
XP_013381617.1	XP_011539399.1	0	N/A	38.086	1024	77	0	638	terminal uridylyltransferase 4 isoform X1 [Homo sapiens]	TRUE	Tut4
XP_013381617.1	XP_005270733.1	0	N/A	38.086	1024	77	0	638	terminal uridylyltransferase 4 isoform X1 [Homo sapiens]	TRUE	Tut4
XP_013381617.1	NP_001009881.1	0	N/A	38.086	1024	77	0	638	terminal uridylyltransferase 4 isoform a [Homo sapiens]	TRUE	Tut4
XP_013381617.1	XP_047272354.1	0	N/A	39.868	908	76	0	624	terminal uridylyltransferase 4 isoform X35 [Homo sapiens]	TRUE	Tut4
XP_013381617.1	XP_047272362.1	0	N/A	39.868	908	76	0	624	terminal uridylyltransferase 4 isoform X37 [Homo sapiens]	TRUE	Tut4
XP_013381617.1	XP_047272348.1	0	N/A	39.868	908	76	0	624	terminal uridylyltransferase 4 isoform X32 [Homo sapiens]	TRUE	Tut4
XP_013381617.1	XP_047272367.1	0	N/A	39.868	908	76	0	624	terminal uridylyltransferase 4 isoform X39 [Homo sapiens]	TRUE	Tut4
XP_013381617.1	XP_047272350.1	0	N/A	38.272	972	77	0	621	terminal uridylyltransferase 4 isoform X34 [Homo sapiens]	TRUE	Tut4
XP_013381617.1	XP_047272344.1	0	N/A	38.178	977	77	0	619	terminal uridylyltransferase 4 isoform X30 [Homo sapiens]	TRUE	Tut4
XP_013381617.1	XP_016856294.1	0	N/A	38.574	954	76	0	615	terminal uridylyltransferase 4 isoform X20 [Homo sapiens]	TRUE	Tut4
XP_013381617.1	XP_005270738.1	0	N/A	38.574	954	76	0	615	terminal uridylyltransferase 4 isoform X14 [Homo sapiens]	TRUE	Tut4
XP_013381617.1	XP_047272307.1	0	N/A	38.574	954	76	0	615	terminal uridylyltransferase 4 isoform X19 [Homo sapiens]	TRUE	Tut4
XP_013381617.1	XP_047272306.1	0	N/A	38.574	954	76	0	615	terminal uridylyltransferase 4 isoform X18 [Homo sapiens]	TRUE	Tut4
XP_013381617.1	XP_047272303.1	0	N/A	38.574	954	76	0	615	terminal uridylyltransferase 4 isoform X15 [Homo sapiens]	TRUE	Tut4
XP_013381617.1	XP_047272305.1	0	N/A	37.132	1018	77	0	613	terminal uridylyltransferase 4 isoform X17 [Homo sapiens]	TRUE	Tut4
XP_013381617.1	XP_047272290.1	0	N/A	37.132	1018	77	0	612	terminal uridylyltransferase 4 isoform X11 [Homo sapiens]	TRUE	Tut4
XP_013381617.1	XP_047272295.1	0	N/A	37.048	1023	77	0	611	terminal uridylyltransferase 4 isoform X12 [Homo sapiens]	TRUE	Tut4
XP_013381617.1	XP_047272286.1	0	N/A	37.048	1023	77	0	610	terminal uridylyltransferase 4 isoform X8 [Homo sapiens]	TRUE	Tut4
XP_013381617.1	XP_047272345.1	0	N/A	37.821	973	77	0	600	terminal uridylyltransferase 4 isoform X31 [Homo sapiens]	TRUE	Tut4
XP_013381617.1	XP_011539401.1	0	N/A	37.73	978	77	0	597	terminal uridylyltransferase 4 isoform X29 [Homo sapiens]	TRUE	Tut4
XP_013381617.1	XP_016856293.1	0	N/A	37.751	996	77	0	596	terminal uridylyltransferase 4 isoform X16 [Homo sapiens]	TRUE	Tut4
XP_013381617.1	XP_016856292.1	0	N/A	37.751	996	77	0	595	terminal uridylyltransferase 4 isoform X9 [Homo sapiens]	TRUE	Tut4
XP_013381617.1	XP_047272288.1	0	N/A	37.662	1001	77	0	593	terminal uridylyltransferase 4 isoform X10 [Homo sapiens]	TRUE	Tut4
XP_013381617.1	XP_047272372.1	0	N/A	44.766	726	60	0	586	terminal uridylyltransferase 4 isoform X42 [Homo sapiens]	TRUE	Tut4
XP_013381617.1	XP_047272369.1	0	N/A	38.216	908	76	0	575	terminal uridylyltransferase 4 isoform X41 [Homo sapiens]	TRUE	Tut4
XP_013381617.1	XP_047272336.1	0	N/A	38.131	931	76	2.09e-179	571	terminal uridylyltransferase 4 isoform X26 [Homo sapiens]	TRUE	Tut4
XP_013381617.1	XP_047272327.1	0	N/A	38.131	931	76	2.14e-179	571	terminal uridylyltransferase 4 isoform X24 [Homo sapiens]	TRUE	Tut4
XP_013381617.1	XP_047272320.1	0	N/A	38.131	931	76	2.47e-179	571	terminal uridylyltransferase 4 isoform X22 [Homo sapiens]	TRUE	Tut4
XP_013381617.1	XP_047272311.1	0	N/A	38.131	931	76	3.56e-179	570	terminal uridylyltransferase 4 isoform X21 [Homo sapiens]	TRUE	Tut4
XP_013381617.1	NP_001317647.1	0	N/A	54.098	488	41	3.77e-174	534	terminal uridylyltransferase 7 isoform 3 [Homo sapiens]	TRUE	Tut7
XP_013381617.1	XP_016856297.1	0	N/A	40.657	792	61	9.78e-171	547	terminal uridylyltransferase 4 isoform X36 [Homo sapiens]	TRUE	Tut4
XP_013381617.1	XP_016856299.1	0	N/A	40.657	792	61	1.11e-170	546	terminal uridylyltransferase 4 isoform X40 [Homo sapiens]	TRUE	Tut4
XP_013381617.1	XP_005270739.1	0	N/A	40.527	797	61	4.57e-170	545	terminal uridylyltransferase 4 isoform X33 [Homo sapiens]	TRUE	Tut4
XP_013381617.1	XP_005252265.1	0	N/A	55.106	470	40	7.62e-167	533	terminal uridylyltransferase 7 isoform X7 [Homo sapiens]	TRUE	Tut7
XP_013381617.1	XP_016870620.1	0	N/A	54.098	488	41	1.26e-166	535	terminal uridylyltransferase 7 isoform X4 [Homo sapiens]	TRUE	Tut7
XP_013381617.1	XP_016870619.1	0	N/A	54.098	488	41	1.26e-166	535	terminal uridylyltransferase 7 isoform X4 [Homo sapiens]	TRUE	Tut7
XP_013381617.1	NP_078893.2	0	N/A	54.098	488	41	1.26e-166	535	terminal uridylyltransferase 7 isoform 1 [Homo sapiens]	TRUE	Tut7
XP_013381617.1	NP_001171988.1	0	N/A	54.098	488	41	1.26e-166	535	terminal uridylyltransferase 7 isoform 1 [Homo sapiens]	TRUE	Tut7
XP_013381617.1	XP_047279825.1	0	N/A	54.098	488	41	1.29e-166	534	terminal uridylyltransferase 7 isoform X6 [Homo sapiens]	TRUE	Tut7
XP_013381617.1	XP_047279824.1	0	N/A	54.098	488	41	1.29e-166	534	terminal uridylyltransferase 7 isoform X6 [Homo sapiens]	TRUE	Tut7
XP_013381617.1	XP_005252264.1	0	N/A	54.098	488	41	1.29e-166	534	terminal uridylyltransferase 7 isoform X6 [Homo sapiens]	TRUE	Tut7
XP_013381617.1	XP_011517318.1	0	N/A	54.098	488	41	1.41e-166	535	terminal uridylyltransferase 7 isoform X5 [Homo sapiens]	TRUE	Tut7
XP_013381617.1	XP_047279823.1	0	N/A	54.098	488	41	2.43e-166	535	terminal uridylyltransferase 7 isoform X2 [Homo sapiens]	TRUE	Tut7
XP_013381617.1	XP_006717346.1	0	N/A	54.098	488	41	2.43e-166	535	terminal uridylyltransferase 7 isoform X2 [Homo sapiens]	TRUE	Tut7
XP_013381617.1	XP_011517317.1	0	N/A	54.098	488	41	3.05e-166	535	terminal uridylyltransferase 7 isoform X3 [Homo sapiens]	TRUE	Tut7
XP_013381617.1	XP_011517316.1	0	N/A	54.098	488	41	5.04e-166	535	terminal uridylyltransferase 7 isoform X1 [Homo sapiens]	TRUE	Tut7
XP_013381617.1	XP_011517315.1	0	N/A	54.098	488	41	5.04e-166	535	terminal uridylyltransferase 7 isoform X1 [Homo sapiens]	TRUE	Tut7
XP_013381617.1	XP_011517314.1	0	N/A	54.098	488	41	5.04e-166	535	terminal uridylyltransferase 7 isoform X1 [Homo sapiens]	TRUE	Tut7
XP_013381617.1	XP_011517313.1	0	N/A	54.098	488	41	5.04e-166	535	terminal uridylyltransferase 7 isoform X1 [Homo sapiens]	TRUE	Tut7
XP_013381617.1	XP_047272377.1	0	N/A	41.403	727	60	6.24e-162	522	terminal uridylyltransferase 4 isoform X44 [Homo sapiens]	TRUE	Tut4
XP_013381617.1	XP_047272373.1	0	N/A	41.403	727	60	6.92e-162	522	terminal uridylyltransferase 4 isoform X43 [Homo sapiens]	TRUE	Tut4
XP_013381617.1	NP_001172003.1	0	N/A	61.043	326	27	8.76e-122	408	terminal uridylyltransferase 7 isoform 2 [Homo sapiens]	TRUE	Tut7
XP_013381617.1	XP_016856307.1	0	N/A	32.644	435	36	1.24e-57	218	terminal uridylyltransferase 4 isoform X45 [Homo sapiens]	TRUE	Tut4
XP_013381617.1	XP_047279826.1	0	N/A	33.003	303	23	1.94e-47	187	terminal uridylyltransferase 7 isoform X8 [Homo sapiens]	TRUE	Tut7
XP_013381617.1	XP_047272384.1	0	N/A	36.594	276	23	8.26e-46	181	terminal uridylyltransferase 4 isoform X46 [Homo sapiens]	TRUE	Tut4
XP_013381617.1	XP_047272365.1	0	N/A	36.594	276	23	3.1e-45	181	terminal uridylyltransferase 4 isoform X38 [Homo sapiens]	TRUE	Tut4
XP_013381617.1	NP_001375065.1	0	N/A	32.797	311	26	6.04e-36	142	poly(A) RNA polymerase GLD2 isoform 14 [Homo sapiens]	TRUE	TENT2
XP_013381617.1	NP_001375061.1	0	N/A	32.797	311	26	9.44e-36	144	poly(A) RNA polymerase GLD2 isoform 12 [Homo sapiens]	TRUE	TENT2
XP_013381617.1	XP_047272811.1	0	N/A	32.797	311	26	1.06e-35	145	poly(A) RNA polymerase GLD2 isoform X4 [Homo sapiens]	TRUE	TENT2
XP_013381617.1	XP_047272810.1	0	N/A	32.797	311	26	1.06e-35	145	poly(A) RNA polymerase GLD2 isoform X4 [Homo sapiens]	TRUE	TENT2
XP_013381617.1	XP_047272809.1	0	N/A	32.797	311	26	1.06e-35	145	poly(A) RNA polymerase GLD2 isoform X4 [Homo sapiens]	TRUE	TENT2
XP_013381617.1	NP_001375058.1	0	N/A	32.797	311	26	1.06e-35	145	poly(A) RNA polymerase GLD2 isoform 2 [Homo sapiens]	TRUE	TENT2
XP_013381617.1	NP_001375057.1	0	N/A	32.797	311	26	1.06e-35	145	poly(A) RNA polymerase GLD2 isoform 2 [Homo sapiens]	TRUE	TENT2
XP_013381617.1	NP_001375056.1	0	N/A	32.797	311	26	1.06e-35	145	poly(A) RNA polymerase GLD2 isoform 2 [Homo sapiens]	TRUE	TENT2
XP_013381617.1	NP_001375055.1	0	N/A	32.797	311	26	1.06e-35	145	poly(A) RNA polymerase GLD2 isoform 2 [Homo sapiens]	TRUE	TENT2
XP_013381617.1	NP_001375054.1	0	N/A	32.797	311	26	1.06e-35	145	poly(A) RNA polymerase GLD2 isoform 2 [Homo sapiens]	TRUE	TENT2
XP_013381617.1	NP_001375053.1	0	N/A	32.797	311	26	1.06e-35	145	poly(A) RNA polymerase GLD2 isoform 2 [Homo sapiens]	TRUE	TENT2
XP_013381617.1	NP_001375052.1	0	N/A	32.797	311	26	1.06e-35	145	poly(A) RNA polymerase GLD2 isoform 2 [Homo sapiens]	TRUE	TENT2
XP_013381617.1	NP_001375051.1	0	N/A	32.797	311	26	1.06e-35	145	poly(A) RNA polymerase GLD2 isoform 2 [Homo sapiens]	TRUE	TENT2
XP_013381617.1	NP_001375050.1	0	N/A	32.797	311	26	1.06e-35	145	poly(A) RNA polymerase GLD2 isoform 2 [Homo sapiens]	TRUE	TENT2
XP_013381617.1	NP_001375049.1	0	N/A	32.797	311	26	1.06e-35	145	poly(A) RNA polymerase GLD2 isoform 2 [Homo sapiens]	TRUE	TENT2
XP_013381617.1	NP_001375048.1	0	N/A	32.797	311	26	1.06e-35	145	poly(A) RNA polymerase GLD2 isoform 2 [Homo sapiens]	TRUE	TENT2
XP_013381617.1	NP_001375047.1	0	N/A	32.797	311	26	1.06e-35	145	poly(A) RNA polymerase GLD2 isoform 2 [Homo sapiens]	TRUE	TENT2
XP_013381617.1	NP_001375046.1	0	N/A	32.797	311	26	1.06e-35	145	poly(A) RNA polymerase GLD2 isoform 2 [Homo sapiens]	TRUE	TENT2
XP_013381617.1	NP_001375045.1	0	N/A	32.797	311	26	1.06e-35	145	poly(A) RNA polymerase GLD2 isoform 2 [Homo sapiens]	TRUE	TENT2
XP_013381617.1	NP_001375044.1	0	N/A	32.797	311	26	1.06e-35	145	poly(A) RNA polymerase GLD2 isoform 2 [Homo sapiens]	TRUE	TENT2
XP_013381617.1	NP_001375043.1	0	N/A	32.797	311	26	1.06e-35	145	poly(A) RNA polymerase GLD2 isoform 2 [Homo sapiens]	TRUE	TENT2
XP_013381617.1	NP_001336483.1	0	N/A	32.797	311	26	1.06e-35	145	poly(A) RNA polymerase GLD2 isoform 2 [Homo sapiens]	TRUE	TENT2
XP_013381617.1	NP_001284673.1	0	N/A	32.797	311	26	1.06e-35	145	poly(A) RNA polymerase GLD2 isoform 2 [Homo sapiens]	TRUE	TENT2
XP_013381617.1	NP_001375059.1	0	N/A	32.797	311	26	1.12e-35	144	poly(A) RNA polymerase GLD2 isoform 10 [Homo sapiens]	TRUE	TENT2
XP_013381617.1	NP_001375060.1	0	N/A	32.051	312	26	1.55e-35	144	poly(A) RNA polymerase GLD2 isoform 11 [Homo sapiens]	TRUE	TENT2
XP_013381617.1	NP_001375042.1	0	N/A	32.051	312	26	1.69e-35	144	poly(A) RNA polymerase GLD2 isoform 16 [Homo sapiens]	TRUE	TENT2
XP_013381617.1	XP_047272808.1	0	N/A	32.051	312	26	1.75e-35	144	poly(A) RNA polymerase GLD2 isoform X3 [Homo sapiens]	TRUE	TENT2
XP_013381617.1	XP_047272807.1	0	N/A	32.051	312	26	1.75e-35	144	poly(A) RNA polymerase GLD2 isoform X3 [Homo sapiens]	TRUE	TENT2
XP_013381617.1	XP_047272806.1	0	N/A	32.051	312	26	1.75e-35	144	poly(A) RNA polymerase GLD2 isoform X3 [Homo sapiens]	TRUE	TENT2
XP_013381617.1	NP_776158.2	0	N/A	32.051	312	26	1.75e-35	144	poly(A) RNA polymerase GLD2 isoform 1 [Homo sapiens]	TRUE	TENT2
XP_013384286.1	NP_060579.3	0	N/A	28.947	494	49	1.6e-55	205	poly(A) RNA polymerase, mitochondrial precursor [Homo sapiens]	TRUE	mtPAP
XP_013384286.1	NP_073741.3	0	N/A	35.379	277	27	2.25e-44	176	speckle targeted PIP5K1A-regulated poly(A) polymerase isoform 1 [Homo sapiens]	TRUE	Tut1
XP_013384286.1	NP_001317647.1	0	N/A	28.06	335	33	2.77e-30	131	terminal uridylyltransferase 7 isoform 3 [Homo sapiens]	TRUE	Tut7
XP_013384286.1	XP_047279823.1	0	N/A	28.06	335	33	3.33e-30	132	terminal uridylyltransferase 7 isoform X2 [Homo sapiens]	TRUE	Tut7
XP_013384286.1	XP_006717346.1	0	N/A	28.06	335	33	3.33e-30	132	terminal uridylyltransferase 7 isoform X2 [Homo sapiens]	TRUE	Tut7
XP_013384286.1	XP_047279825.1	0	N/A	28.06	335	33	4.02e-30	132	terminal uridylyltransferase 7 isoform X6 [Homo sapiens]	TRUE	Tut7
XP_013384286.1	XP_047279824.1	0	N/A	28.06	335	33	4.02e-30	132	terminal uridylyltransferase 7 isoform X6 [Homo sapiens]	TRUE	Tut7
XP_013384286.1	XP_005252264.1	0	N/A	28.06	335	33	4.02e-30	132	terminal uridylyltransferase 7 isoform X6 [Homo sapiens]	TRUE	Tut7
XP_013384286.1	XP_016870620.1	0	N/A	28.06	335	33	4.3e-30	132	terminal uridylyltransferase 7 isoform X4 [Homo sapiens]	TRUE	Tut7
XP_013384286.1	XP_016870619.1	0	N/A	28.06	335	33	4.3e-30	132	terminal uridylyltransferase 7 isoform X4 [Homo sapiens]	TRUE	Tut7
XP_013384286.1	NP_078893.2	0	N/A	28.06	335	33	4.3e-30	132	terminal uridylyltransferase 7 isoform 1 [Homo sapiens]	TRUE	Tut7
XP_013384286.1	NP_001171988.1	0	N/A	28.06	335	33	4.3e-30	132	terminal uridylyltransferase 7 isoform 1 [Homo sapiens]	TRUE	Tut7
XP_013384286.1	XP_011517318.1	0	N/A	28.06	335	33	5.14e-30	131	terminal uridylyltransferase 7 isoform X5 [Homo sapiens]	TRUE	Tut7
XP_013384286.1	XP_005252265.1	0	N/A	28.06	335	33	5.19e-30	131	terminal uridylyltransferase 7 isoform X7 [Homo sapiens]	TRUE	Tut7
XP_013384286.1	XP_011517317.1	0	N/A	28.06	335	33	5.6e-30	131	terminal uridylyltransferase 7 isoform X3 [Homo sapiens]	TRUE	Tut7
XP_013384286.1	XP_011517316.1	0	N/A	28.06	335	33	6.08e-30	131	terminal uridylyltransferase 7 isoform X1 [Homo sapiens]	TRUE	Tut7
XP_013384286.1	XP_011517315.1	0	N/A	28.06	335	33	6.08e-30	131	terminal uridylyltransferase 7 isoform X1 [Homo sapiens]	TRUE	Tut7
XP_013384286.1	XP_011517314.1	0	N/A	28.06	335	33	6.08e-30	131	terminal uridylyltransferase 7 isoform X1 [Homo sapiens]	TRUE	Tut7
XP_013384286.1	XP_011517313.1	0	N/A	28.06	335	33	6.08e-30	131	terminal uridylyltransferase 7 isoform X1 [Homo sapiens]	TRUE	Tut7
XP_013384286.1	XP_016856292.1	0	N/A	28.754	313	31	2.6e-27	122	terminal uridylyltransferase 4 isoform X9 [Homo sapiens]	TRUE	Tut4
XP_013384286.1	XP_047272280.1	0	N/A	28.754	313	31	2.76e-27	122	terminal uridylyltransferase 4 isoform X3 [Homo sapiens]	TRUE	Tut4
XP_013384286.1	XP_005270736.1	0	N/A	28.754	313	31	2.76e-27	122	terminal uridylyltransferase 4 isoform X3 [Homo sapiens]	TRUE	Tut4
XP_013384286.1	XP_047272285.1	0	N/A	28.754	313	31	2.81e-27	122	terminal uridylyltransferase 4 isoform X7 [Homo sapiens]	TRUE	Tut4
XP_013384286.1	XP_011539399.1	0	N/A	28.754	313	31	2.91e-27	122	terminal uridylyltransferase 4 isoform X1 [Homo sapiens]	TRUE	Tut4
XP_013384286.1	XP_005270733.1	0	N/A	28.754	313	31	2.91e-27	122	terminal uridylyltransferase 4 isoform X1 [Homo sapiens]	TRUE	Tut4
XP_013384286.1	XP_047272290.1	0	N/A	28.754	313	31	2.98e-27	122	terminal uridylyltransferase 4 isoform X11 [Homo sapiens]	TRUE	Tut4
XP_013384286.1	XP_005270739.1	0	N/A	28.754	313	31	3.01e-27	122	terminal uridylyltransferase 4 isoform X33 [Homo sapiens]	TRUE	Tut4
XP_013384286.1	XP_005270735.1	0	N/A	28.754	313	31	3.01e-27	122	terminal uridylyltransferase 4 isoform X2 [Homo sapiens]	TRUE	Tut4
XP_013384286.1	XP_047272286.1	0	N/A	28.754	313	31	3.19e-27	122	terminal uridylyltransferase 4 isoform X8 [Homo sapiens]	TRUE	Tut4
XP_013384286.1	XP_016856297.1	0	N/A	28.754	313	31	3.38e-27	122	terminal uridylyltransferase 4 isoform X36 [Homo sapiens]	TRUE	Tut4
XP_013384286.1	XP_047272288.1	0	N/A	28.754	313	31	3.5e-27	122	terminal uridylyltransferase 4 isoform X10 [Homo sapiens]	TRUE	Tut4
XP_013384286.1	XP_011539401.1	0	N/A	28.754	313	31	3.58e-27	122	terminal uridylyltransferase 4 isoform X29 [Homo sapiens]	TRUE	Tut4
XP_013384286.1	XP_047272345.1	0	N/A	28.754	313	31	3.67e-27	122	terminal uridylyltransferase 4 isoform X31 [Homo sapiens]	TRUE	Tut4
XP_013384286.1	XP_047272325.1	0	N/A	28.754	313	31	3.77e-27	122	terminal uridylyltransferase 4 isoform X23 [Homo sapiens]	TRUE	Tut4
XP_013384286.1	XP_016856293.1	0	N/A	28.754	313	31	3.77e-27	122	terminal uridylyltransferase 4 isoform X16 [Homo sapiens]	TRUE	Tut4
XP_013384286.1	XP_047272295.1	0	N/A	28.754	313	31	3.88e-27	122	terminal uridylyltransferase 4 isoform X12 [Homo sapiens]	TRUE	Tut4
XP_013384286.1	XP_016856295.1	0	N/A	28.754	313	31	3.99e-27	122	terminal uridylyltransferase 4 isoform X25 [Homo sapiens]	TRUE	Tut4
XP_013384286.1	XP_047272305.1	0	N/A	28.754	313	31	4.04e-27	122	terminal uridylyltransferase 4 isoform X17 [Homo sapiens]	TRUE	Tut4
XP_013384286.1	XP_047272283.1	0	N/A	28.754	313	31	4.14e-27	122	terminal uridylyltransferase 4 isoform X6 [Homo sapiens]	TRUE	Tut4
XP_013384286.1	XP_005270737.1	0	N/A	28.754	313	31	4.14e-27	122	terminal uridylyltransferase 4 isoform X6 [Homo sapiens]	TRUE	Tut4
XP_013384286.1	XP_047272365.1	0	N/A	28.115	313	31	4.15e-27	122	terminal uridylyltransferase 4 isoform X38 [Homo sapiens]	TRUE	Tut4
XP_013384286.1	XP_016856299.1	0	N/A	28.754	313	31	4.17e-27	122	terminal uridylyltransferase 4 isoform X40 [Homo sapiens]	TRUE	Tut4
XP_013384286.1	XP_047272296.1	0	N/A	28.754	313	31	4.26e-27	122	terminal uridylyltransferase 4 isoform X13 [Homo sapiens]	TRUE	Tut4
XP_013384286.1	XP_047272282.1	0	N/A	28.754	313	31	4.37e-27	122	terminal uridylyltransferase 4 isoform X5 [Homo sapiens]	TRUE	Tut4
XP_013384286.1	NP_056084.1	0	N/A	28.754	313	31	4.37e-27	122	terminal uridylyltransferase 4 isoform b [Homo sapiens]	TRUE	Tut4
XP_013384286.1	XP_047272281.1	0	N/A	28.754	313	31	4.37e-27	122	terminal uridylyltransferase 4 isoform X4 [Homo sapiens]	TRUE	Tut4
XP_013384286.1	NP_001009881.1	0	N/A	28.754	313	31	4.37e-27	122	terminal uridylyltransferase 4 isoform a [Homo sapiens]	TRUE	Tut4
XP_013384286.1	XP_047272344.1	0	N/A	28.754	313	31	4.7e-27	122	terminal uridylyltransferase 4 isoform X30 [Homo sapiens]	TRUE	Tut4
XP_013384286.1	XP_047272372.1	0	N/A	28.754	313	31	4.91e-27	122	terminal uridylyltransferase 4 isoform X42 [Homo sapiens]	TRUE	Tut4
XP_013384286.1	XP_016856296.1	0	N/A	28.754	313	31	5.61e-27	122	terminal uridylyltransferase 4 isoform X28 [Homo sapiens]	TRUE	Tut4
XP_013384286.1	XP_047272337.1	0	N/A	28.754	313	31	5.66e-27	122	terminal uridylyltransferase 4 isoform X27 [Homo sapiens]	TRUE	Tut4
XP_013384286.1	XP_047272350.1	0	N/A	28.754	313	31	6.47e-27	121	terminal uridylyltransferase 4 isoform X34 [Homo sapiens]	TRUE	Tut4
XP_013384286.1	NP_001354835.1	0	N/A	33.99	203	20	1.02e-26	118	speckle targeted PIP5K1A-regulated poly(A) polymerase isoform 2 [Homo sapiens]	TRUE	Tut1
XP_013384286.1	XP_047272384.1	0	N/A	28.115	313	31	1.28e-26	120	terminal uridylyltransferase 4 isoform X46 [Homo sapiens]	TRUE	Tut4
XP_013384286.1	NP_001172003.1	0	N/A	28.216	241	23	1.3e-24	114	terminal uridylyltransferase 7 isoform 2 [Homo sapiens]	TRUE	Tut7
XP_013384286.1	NP_001375065.1	0	N/A	26	350	35	4.1e-23	104	poly(A) RNA polymerase GLD2 isoform 14 [Homo sapiens]	TRUE	TENT2
XP_013384286.1	NP_001375061.1	0	N/A	26	350	35	6.67e-23	105	poly(A) RNA polymerase GLD2 isoform 12 [Homo sapiens]	TRUE	TENT2
XP_013384286.1	XP_047272811.1	0	N/A	26	350	35	9.09e-23	105	poly(A) RNA polymerase GLD2 isoform X4 [Homo sapiens]	TRUE	TENT2
XP_013384286.1	XP_047272810.1	0	N/A	26	350	35	9.09e-23	105	poly(A) RNA polymerase GLD2 isoform X4 [Homo sapiens]	TRUE	TENT2
XP_013384286.1	XP_047272809.1	0	N/A	26	350	35	9.09e-23	105	poly(A) RNA polymerase GLD2 isoform X4 [Homo sapiens]	TRUE	TENT2
XP_013384286.1	NP_001375058.1	0	N/A	26	350	35	9.09e-23	105	poly(A) RNA polymerase GLD2 isoform 2 [Homo sapiens]	TRUE	TENT2
XP_013384286.1	NP_001375057.1	0	N/A	26	350	35	9.09e-23	105	poly(A) RNA polymerase GLD2 isoform 2 [Homo sapiens]	TRUE	TENT2
XP_013384286.1	NP_001375056.1	0	N/A	26	350	35	9.09e-23	105	poly(A) RNA polymerase GLD2 isoform 2 [Homo sapiens]	TRUE	TENT2
XP_013384286.1	NP_001375055.1	0	N/A	26	350	35	9.09e-23	105	poly(A) RNA polymerase GLD2 isoform 2 [Homo sapiens]	TRUE	TENT2
XP_013384286.1	NP_001375054.1	0	N/A	26	350	35	9.09e-23	105	poly(A) RNA polymerase GLD2 isoform 2 [Homo sapiens]	TRUE	TENT2
XP_013384286.1	NP_001375053.1	0	N/A	26	350	35	9.09e-23	105	poly(A) RNA polymerase GLD2 isoform 2 [Homo sapiens]	TRUE	TENT2
XP_013384286.1	NP_001375052.1	0	N/A	26	350	35	9.09e-23	105	poly(A) RNA polymerase GLD2 isoform 2 [Homo sapiens]	TRUE	TENT2
XP_013384286.1	NP_001375051.1	0	N/A	26	350	35	9.09e-23	105	poly(A) RNA polymerase GLD2 isoform 2 [Homo sapiens]	TRUE	TENT2
XP_013384286.1	NP_001375050.1	0	N/A	26	350	35	9.09e-23	105	poly(A) RNA polymerase GLD2 isoform 2 [Homo sapiens]	TRUE	TENT2
XP_013384286.1	NP_001375049.1	0	N/A	26	350	35	9.09e-23	105	poly(A) RNA polymerase GLD2 isoform 2 [Homo sapiens]	TRUE	TENT2
XP_013384286.1	NP_001375048.1	0	N/A	26	350	35	9.09e-23	105	poly(A) RNA polymerase GLD2 isoform 2 [Homo sapiens]	TRUE	TENT2
XP_013384286.1	NP_001375047.1	0	N/A	26	350	35	9.09e-23	105	poly(A) RNA polymerase GLD2 isoform 2 [Homo sapiens]	TRUE	TENT2
XP_013384286.1	NP_001375046.1	0	N/A	26	350	35	9.09e-23	105	poly(A) RNA polymerase GLD2 isoform 2 [Homo sapiens]	TRUE	TENT2
XP_013384286.1	NP_001375045.1	0	N/A	26	350	35	9.09e-23	105	poly(A) RNA polymerase GLD2 isoform 2 [Homo sapiens]	TRUE	TENT2
XP_013384286.1	NP_001375044.1	0	N/A	26	350	35	9.09e-23	105	poly(A) RNA polymerase GLD2 isoform 2 [Homo sapiens]	TRUE	TENT2
XP_013384286.1	NP_001375043.1	0	N/A	26	350	35	9.09e-23	105	poly(A) RNA polymerase GLD2 isoform 2 [Homo sapiens]	TRUE	TENT2
XP_013384286.1	NP_001336483.1	0	N/A	26	350	35	9.09e-23	105	poly(A) RNA polymerase GLD2 isoform 2 [Homo sapiens]	TRUE	TENT2
XP_013384286.1	NP_001284673.1	0	N/A	26	350	35	9.09e-23	105	poly(A) RNA polymerase GLD2 isoform 2 [Homo sapiens]	TRUE	TENT2
XP_013384286.1	NP_001375059.1	0	N/A	26	350	35	9.34e-23	105	poly(A) RNA polymerase GLD2 isoform 10 [Homo sapiens]	TRUE	TENT2
XP_013384286.1	NP_001375027.1	0	N/A	27.195	353	35	3.3e-21	100	poly(A) RNA polymerase GLD2 isoform 7 [Homo sapiens]	TRUE	TENT2
XP_013384286.1	XP_047272805.1	0	N/A	27.195	353	35	3.77e-21	100	poly(A) RNA polymerase GLD2 isoform X2 [Homo sapiens]	TRUE	TENT2
XP_013384286.1	XP_047272804.1	0	N/A	27.195	353	35	3.77e-21	100	poly(A) RNA polymerase GLD2 isoform X2 [Homo sapiens]	TRUE	TENT2
XP_013384286.1	XP_047272803.1	0	N/A	27.195	353	35	3.77e-21	100	poly(A) RNA polymerase GLD2 isoform X2 [Homo sapiens]	TRUE	TENT2
XP_013384286.1	XP_047272802.1	0	N/A	27.195	353	35	3.77e-21	100	poly(A) RNA polymerase GLD2 isoform X2 [Homo sapiens]	TRUE	TENT2
XP_013384286.1	XP_016864641.1	0	N/A	27.195	353	35	3.77e-21	100	poly(A) RNA polymerase GLD2 isoform X2 [Homo sapiens]	TRUE	TENT2
XP_013384286.1	NP_001375026.1	0	N/A	27.195	353	35	3.77e-21	100	poly(A) RNA polymerase GLD2 isoform 6 [Homo sapiens]	TRUE	TENT2
XP_013384286.1	NP_001375025.1	0	N/A	27.195	353	35	3.77e-21	100	poly(A) RNA polymerase GLD2 isoform 6 [Homo sapiens]	TRUE	TENT2
XP_013384286.1	NP_001375024.1	0	N/A	27.195	353	35	3.77e-21	100	poly(A) RNA polymerase GLD2 isoform 6 [Homo sapiens]	TRUE	TENT2
XP_013384286.1	NP_001336480.1	0	N/A	27.195	353	35	3.77e-21	100	poly(A) RNA polymerase GLD2 isoform 6 [Homo sapiens]	TRUE	TENT2
XP_013384286.1	NP_001375060.1	0	N/A	26	350	35	5.13e-21	100	poly(A) RNA polymerase GLD2 isoform 11 [Homo sapiens]	TRUE	TENT2
XP_013384286.1	NP_001375042.1	0	N/A	26	350	35	7.77e-21	99.8	poly(A) RNA polymerase GLD2 isoform 16 [Homo sapiens]	TRUE	TENT2
XP_013384286.1	XP_047272808.1	0	N/A	26	350	35	8.56e-21	99.8	poly(A) RNA polymerase GLD2 isoform X3 [Homo sapiens]	TRUE	TENT2
XP_013384286.1	XP_047272807.1	0	N/A	26	350	35	8.56e-21	99.8	poly(A) RNA polymerase GLD2 isoform X3 [Homo sapiens]	TRUE	TENT2
XP_013384286.1	XP_047272806.1	0	N/A	26	350	35	8.56e-21	99.8	poly(A) RNA polymerase GLD2 isoform X3 [Homo sapiens]	TRUE	TENT2
XP_013384286.1	NP_776158.2	0	N/A	26	350	35	8.56e-21	99.8	poly(A) RNA polymerase GLD2 isoform 1 [Homo sapiens]	TRUE	TENT2
XP_013384286.1	NP_001375041.1	0	N/A	26	350	35	8.56e-21	99.8	poly(A) RNA polymerase GLD2 isoform 1 [Homo sapiens]	TRUE	TENT2
XP_013384286.1	NP_001375040.1	0	N/A	26	350	35	8.56e-21	99.8	poly(A) RNA polymerase GLD2 isoform 1 [Homo sapiens]	TRUE	TENT2
XP_013384286.1	NP_001375039.1	0	N/A	26	350	35	8.56e-21	99.8	poly(A) RNA polymerase GLD2 isoform 1 [Homo sapiens]	TRUE	TENT2
XP_013384286.1	NP_001375038.1	0	N/A	26	350	35	8.56e-21	99.8	poly(A) RNA polymerase GLD2 isoform 1 [Homo sapiens]	TRUE	TENT2
XP_013384286.1	NP_001375037.1	0	N/A	26	350	35	8.56e-21	99.8	poly(A) RNA polymerase GLD2 isoform 1 [Homo sapiens]	TRUE	TENT2
XP_013384287.1	XP_047272815.1	0	N/A	34.783	69	26	0.03	38.1	poly(A) RNA polymerase GLD2 isoform X7 [Homo sapiens]	TRUE	TENT2
XP_013384287.1	NP_001375064.1	0	N/A	34.783	69	26	0.03	38.1	poly(A) RNA polymerase GLD2 isoform 13 [Homo sapiens]	TRUE	TENT2
XP_013384287.1	NP_001375063.1	0	N/A	34.783	69	26	0.03	38.1	poly(A) RNA polymerase GLD2 isoform 13 [Homo sapiens]	TRUE	TENT2
XP_013384287.1	NP_001375065.1	0	N/A	34.783	69	26	0.03	38.1	poly(A) RNA polymerase GLD2 isoform 14 [Homo sapiens]	TRUE	TENT2
XP_013384287.1	NP_001375061.1	0	N/A	34.783	69	26	0.03	38.1	poly(A) RNA polymerase GLD2 isoform 12 [Homo sapiens]	TRUE	TENT2
XP_013384287.1	NP_001375060.1	0	N/A	34.783	69	26	0.031	38.1	poly(A) RNA polymerase GLD2 isoform 11 [Homo sapiens]	TRUE	TENT2
XP_013384287.1	XP_047272811.1	0	N/A	34.783	69	26	0.032	38.1	poly(A) RNA polymerase GLD2 isoform X4 [Homo sapiens]	TRUE	TENT2
XP_013384287.1	XP_047272810.1	0	N/A	34.783	69	26	0.032	38.1	poly(A) RNA polymerase GLD2 isoform X4 [Homo sapiens]	TRUE	TENT2
XP_013384287.1	XP_047272809.1	0	N/A	34.783	69	26	0.032	38.1	poly(A) RNA polymerase GLD2 isoform X4 [Homo sapiens]	TRUE	TENT2
XP_013384287.1	NP_001375058.1	0	N/A	34.783	69	26	0.032	38.1	poly(A) RNA polymerase GLD2 isoform 2 [Homo sapiens]	TRUE	TENT2
XP_013384287.1	NP_001375057.1	0	N/A	34.783	69	26	0.032	38.1	poly(A) RNA polymerase GLD2 isoform 2 [Homo sapiens]	TRUE	TENT2
XP_013384287.1	NP_001375056.1	0	N/A	34.783	69	26	0.032	38.1	poly(A) RNA polymerase GLD2 isoform 2 [Homo sapiens]	TRUE	TENT2
XP_013384287.1	NP_001375055.1	0	N/A	34.783	69	26	0.032	38.1	poly(A) RNA polymerase GLD2 isoform 2 [Homo sapiens]	TRUE	TENT2
XP_013384287.1	NP_001375054.1	0	N/A	34.783	69	26	0.032	38.1	poly(A) RNA polymerase GLD2 isoform 2 [Homo sapiens]	TRUE	TENT2
XP_013384287.1	NP_001375053.1	0	N/A	34.783	69	26	0.032	38.1	poly(A) RNA polymerase GLD2 isoform 2 [Homo sapiens]	TRUE	TENT2
XP_013384287.1	NP_001375052.1	0	N/A	34.783	69	26	0.032	38.1	poly(A) RNA polymerase GLD2 isoform 2 [Homo sapiens]	TRUE	TENT2
XP_013384287.1	NP_001375051.1	0	N/A	34.783	69	26	0.032	38.1	poly(A) RNA polymerase GLD2 isoform 2 [Homo sapiens]	TRUE	TENT2
XP_013384287.1	NP_001375050.1	0	N/A	34.783	69	26	0.032	38.1	poly(A) RNA polymerase GLD2 isoform 2 [Homo sapiens]	TRUE	TENT2
XP_013384287.1	NP_001375049.1	0	N/A	34.783	69	26	0.032	38.1	poly(A) RNA polymerase GLD2 isoform 2 [Homo sapiens]	TRUE	TENT2
XP_013384287.1	NP_001375048.1	0	N/A	34.783	69	26	0.032	38.1	poly(A) RNA polymerase GLD2 isoform 2 [Homo sapiens]	TRUE	TENT2
XP_013384287.1	NP_001375047.1	0	N/A	34.783	69	26	0.032	38.1	poly(A) RNA polymerase GLD2 isoform 2 [Homo sapiens]	TRUE	TENT2
XP_013384287.1	NP_001375046.1	0	N/A	34.783	69	26	0.032	38.1	poly(A) RNA polymerase GLD2 isoform 2 [Homo sapiens]	TRUE	TENT2
XP_013384287.1	NP_001375045.1	0	N/A	34.783	69	26	0.032	38.1	poly(A) RNA polymerase GLD2 isoform 2 [Homo sapiens]	TRUE	TENT2
XP_013384287.1	NP_001375044.1	0	N/A	34.783	69	26	0.032	38.1	poly(A) RNA polymerase GLD2 isoform 2 [Homo sapiens]	TRUE	TENT2
XP_013384287.1	NP_001375043.1	0	N/A	34.783	69	26	0.032	38.1	poly(A) RNA polymerase GLD2 isoform 2 [Homo sapiens]	TRUE	TENT2
XP_013384287.1	NP_001336483.1	0	N/A	34.783	69	26	0.032	38.1	poly(A) RNA polymerase GLD2 isoform 2 [Homo sapiens]	TRUE	TENT2
XP_013384287.1	NP_001284673.1	0	N/A	34.783	69	26	0.032	38.1	poly(A) RNA polymerase GLD2 isoform 2 [Homo sapiens]	TRUE	TENT2
XP_013384287.1	NP_001375059.1	0	N/A	34.783	69	26	0.032	38.1	poly(A) RNA polymerase GLD2 isoform 10 [Homo sapiens]	TRUE	TENT2
XP_013384287.1	XP_047272814.1	0	N/A	34.783	69	26	0.033	38.1	poly(A) RNA polymerase GLD2 isoform X6 [Homo sapiens]	TRUE	TENT2
XP_013384287.1	XP_047272813.1	0	N/A	34.783	69	26	0.033	38.1	poly(A) RNA polymerase GLD2 isoform X6 [Homo sapiens]	TRUE	TENT2
XP_013384287.1	XP_047272812.1	0	N/A	34.783	69	26	0.033	38.1	poly(A) RNA polymerase GLD2 isoform X6 [Homo sapiens]	TRUE	TENT2
XP_013384287.1	NP_001375062.1	0	N/A	34.783	69	26	0.033	38.1	poly(A) RNA polymerase GLD2 isoform 3 [Homo sapiens]	TRUE	TENT2
XP_013384287.1	NP_001284674.1	0	N/A	34.783	69	26	0.033	38.1	poly(A) RNA polymerase GLD2 isoform 3 [Homo sapiens]	TRUE	TENT2
XP_013384287.1	XP_047272808.1	0	N/A	34.783	69	26	0.035	38.1	poly(A) RNA polymerase GLD2 isoform X3 [Homo sapiens]	TRUE	TENT2
XP_013384287.1	XP_047272807.1	0	N/A	34.783	69	26	0.035	38.1	poly(A) RNA polymerase GLD2 isoform X3 [Homo sapiens]	TRUE	TENT2
XP_013384287.1	XP_047272806.1	0	N/A	34.783	69	26	0.035	38.1	poly(A) RNA polymerase GLD2 isoform X3 [Homo sapiens]	TRUE	TENT2
XP_013384287.1	NP_776158.2	0	N/A	34.783	69	26	0.035	38.1	poly(A) RNA polymerase GLD2 isoform 1 [Homo sapiens]	TRUE	TENT2
XP_013384287.1	NP_001375041.1	0	N/A	34.783	69	26	0.035	38.1	poly(A) RNA polymerase GLD2 isoform 1 [Homo sapiens]	TRUE	TENT2
XP_013384287.1	NP_001375040.1	0	N/A	34.783	69	26	0.035	38.1	poly(A) RNA polymerase GLD2 isoform 1 [Homo sapiens]	TRUE	TENT2
XP_013384287.1	NP_001375039.1	0	N/A	34.783	69	26	0.035	38.1	poly(A) RNA polymerase GLD2 isoform 1 [Homo sapiens]	TRUE	TENT2
XP_013384287.1	NP_001375038.1	0	N/A	34.783	69	26	0.035	38.1	poly(A) RNA polymerase GLD2 isoform 1 [Homo sapiens]	TRUE	TENT2
XP_013384287.1	NP_001375037.1	0	N/A	34.783	69	26	0.035	38.1	poly(A) RNA polymerase GLD2 isoform 1 [Homo sapiens]	TRUE	TENT2
XP_013384287.1	NP_001375036.1	0	N/A	34.783	69	26	0.035	38.1	poly(A) RNA polymerase GLD2 isoform 1 [Homo sapiens]	TRUE	TENT2
XP_013384287.1	NP_001375035.1	0	N/A	34.783	69	26	0.035	38.1	poly(A) RNA polymerase GLD2 isoform 1 [Homo sapiens]	TRUE	TENT2
XP_013384287.1	NP_001375034.1	0	N/A	34.783	69	26	0.035	38.1	poly(A) RNA polymerase GLD2 isoform 1 [Homo sapiens]	TRUE	TENT2
XP_013384287.1	NP_001375032.1	0	N/A	34.783	69	26	0.035	38.1	poly(A) RNA polymerase GLD2 isoform 1 [Homo sapiens]	TRUE	TENT2
XP_013384287.1	NP_001375031.1	0	N/A	34.783	69	26	0.035	38.1	poly(A) RNA polymerase GLD2 isoform 1 [Homo sapiens]	TRUE	TENT2
XP_013384287.1	NP_001336482.1	0	N/A	34.783	69	26	0.035	38.1	poly(A) RNA polymerase GLD2 isoform 1 [Homo sapiens]	TRUE	TENT2
XP_013384287.1	NP_001336481.1	0	N/A	34.783	69	26	0.035	38.1	poly(A) RNA polymerase GLD2 isoform 1 [Homo sapiens]	TRUE	TENT2
XP_013384287.1	NP_001107866.1	0	N/A	34.783	69	26	0.035	38.1	poly(A) RNA polymerase GLD2 isoform 1 [Homo sapiens]	TRUE	TENT2
XP_013384287.1	NP_001107865.1	0	N/A	34.783	69	26	0.035	38.1	poly(A) RNA polymerase GLD2 isoform 1 [Homo sapiens]	TRUE	TENT2
XP_013384287.1	NP_001375042.1	0	N/A	34.783	69	26	0.035	38.1	poly(A) RNA polymerase GLD2 isoform 16 [Homo sapiens]	TRUE	TENT2
XP_013384287.1	XP_011541531.1	0	N/A	34.783	69	26	0.036	37.7	poly(A) RNA polymerase GLD2 isoform X5 [Homo sapiens]	TRUE	TENT2
XP_013384287.1	XP_047272805.1	0	N/A	34.783	69	26	0.037	37.7	poly(A) RNA polymerase GLD2 isoform X2 [Homo sapiens]	TRUE	TENT2
XP_013384287.1	XP_047272804.1	0	N/A	34.783	69	26	0.037	37.7	poly(A) RNA polymerase GLD2 isoform X2 [Homo sapiens]	TRUE	TENT2
XP_013384287.1	XP_047272803.1	0	N/A	34.783	69	26	0.037	37.7	poly(A) RNA polymerase GLD2 isoform X2 [Homo sapiens]	TRUE	TENT2
XP_013384287.1	XP_047272802.1	0	N/A	34.783	69	26	0.037	37.7	poly(A) RNA polymerase GLD2 isoform X2 [Homo sapiens]	TRUE	TENT2
XP_013384287.1	XP_016864641.1	0	N/A	34.783	69	26	0.037	37.7	poly(A) RNA polymerase GLD2 isoform X2 [Homo sapiens]	TRUE	TENT2
XP_013384287.1	NP_001375026.1	0	N/A	34.783	69	26	0.037	37.7	poly(A) RNA polymerase GLD2 isoform 6 [Homo sapiens]	TRUE	TENT2
XP_013384287.1	NP_001375025.1	0	N/A	34.783	69	26	0.037	37.7	poly(A) RNA polymerase GLD2 isoform 6 [Homo sapiens]	TRUE	TENT2
XP_013384287.1	NP_001375024.1	0	N/A	34.783	69	26	0.037	37.7	poly(A) RNA polymerase GLD2 isoform 6 [Homo sapiens]	TRUE	TENT2
XP_013384287.1	NP_001336480.1	0	N/A	34.783	69	26	0.037	37.7	poly(A) RNA polymerase GLD2 isoform 6 [Homo sapiens]	TRUE	TENT2
XP_013384287.1	NP_001375027.1	0	N/A	34.783	69	26	0.038	37.7	poly(A) RNA polymerase GLD2 isoform 7 [Homo sapiens]	TRUE	TENT2
XP_013384287.1	XP_047272818.1	0	N/A	34.783	69	26	0.038	37.7	poly(A) RNA polymerase GLD2 isoform X10 [Homo sapiens]	TRUE	TENT2
XP_013384287.1	XP_047272801.1	0	N/A	34.783	69	26	0.039	37.7	poly(A) RNA polymerase GLD2 isoform X1 [Homo sapiens]	TRUE	TENT2
XP_013384287.1	XP_047272800.1	0	N/A	34.783	69	26	0.039	37.7	poly(A) RNA polymerase GLD2 isoform X1 [Homo sapiens]	TRUE	TENT2
XP_013384287.1	XP_011541527.1	0	N/A	34.783	69	26	0.039	37.7	poly(A) RNA polymerase GLD2 isoform X1 [Homo sapiens]	TRUE	TENT2
XP_013384287.1	XP_011541526.1	0	N/A	34.783	69	26	0.039	37.7	poly(A) RNA polymerase GLD2 isoform X1 [Homo sapiens]	TRUE	TENT2
XP_013384287.1	XP_011541523.1	0	N/A	34.783	69	26	0.039	37.7	poly(A) RNA polymerase GLD2 isoform X1 [Homo sapiens]	TRUE	TENT2
XP_013384287.1	XP_011541522.1	0	N/A	34.783	69	26	0.039	37.7	poly(A) RNA polymerase GLD2 isoform X1 [Homo sapiens]	TRUE	TENT2
XP_013384287.1	NP_001375023.1	0	N/A	34.783	69	26	0.039	37.7	poly(A) RNA polymerase GLD2 isoform 5 [Homo sapiens]	TRUE	TENT2
XP_013384287.1	NP_001375022.1	0	N/A	34.783	69	26	0.039	37.7	poly(A) RNA polymerase GLD2 isoform 5 [Homo sapiens]	TRUE	TENT2
XP_013384287.1	NP_001336479.1	0	N/A	34.783	69	26	0.039	37.7	poly(A) RNA polymerase GLD2 isoform 5 [Homo sapiens]	TRUE	TENT2
XP_013384287.1	NP_001336478.1	0	N/A	34.783	69	26	0.039	37.7	poly(A) RNA polymerase GLD2 isoform 5 [Homo sapiens]	TRUE	TENT2
XP_013384287.1	XP_047272817.1	0	N/A	34.783	69	26	0.04	37.7	poly(A) RNA polymerase GLD2 isoform X9 [Homo sapiens]	TRUE	TENT2
XP_013384287.1	XP_047272816.1	0	N/A	34.783	69	26	0.046	37.4	poly(A) RNA polymerase GLD2 isoform X8 [Homo sapiens]	TRUE	TENT2
XP_013391307.1	NP_001375059.1	0	N/A	37.381	420	65	2.77e-75	250	poly(A) RNA polymerase GLD2 isoform 10 [Homo sapiens]	TRUE	TENT2
XP_013391307.1	XP_047272811.1	0	N/A	36.782	435	66	1.68e-74	248	poly(A) RNA polymerase GLD2 isoform X4 [Homo sapiens]	TRUE	TENT2
XP_013391307.1	XP_047272810.1	0	N/A	36.782	435	66	1.68e-74	248	poly(A) RNA polymerase GLD2 isoform X4 [Homo sapiens]	TRUE	TENT2
XP_013391307.1	XP_047272809.1	0	N/A	36.782	435	66	1.68e-74	248	poly(A) RNA polymerase GLD2 isoform X4 [Homo sapiens]	TRUE	TENT2
XP_013391307.1	NP_001375058.1	0	N/A	36.782	435	66	1.68e-74	248	poly(A) RNA polymerase GLD2 isoform 2 [Homo sapiens]	TRUE	TENT2
XP_013391307.1	NP_001375057.1	0	N/A	36.782	435	66	1.68e-74	248	poly(A) RNA polymerase GLD2 isoform 2 [Homo sapiens]	TRUE	TENT2
XP_013391307.1	NP_001375056.1	0	N/A	36.782	435	66	1.68e-74	248	poly(A) RNA polymerase GLD2 isoform 2 [Homo sapiens]	TRUE	TENT2
XP_013391307.1	NP_001375055.1	0	N/A	36.782	435	66	1.68e-74	248	poly(A) RNA polymerase GLD2 isoform 2 [Homo sapiens]	TRUE	TENT2
XP_013391307.1	NP_001375054.1	0	N/A	36.782	435	66	1.68e-74	248	poly(A) RNA polymerase GLD2 isoform 2 [Homo sapiens]	TRUE	TENT2
XP_013391307.1	NP_001375053.1	0	N/A	36.782	435	66	1.68e-74	248	poly(A) RNA polymerase GLD2 isoform 2 [Homo sapiens]	TRUE	TENT2
XP_013391307.1	NP_001375052.1	0	N/A	36.782	435	66	1.68e-74	248	poly(A) RNA polymerase GLD2 isoform 2 [Homo sapiens]	TRUE	TENT2
XP_013391307.1	NP_001375051.1	0	N/A	36.782	435	66	1.68e-74	248	poly(A) RNA polymerase GLD2 isoform 2 [Homo sapiens]	TRUE	TENT2
XP_013391307.1	NP_001375050.1	0	N/A	36.782	435	66	1.68e-74	248	poly(A) RNA polymerase GLD2 isoform 2 [Homo sapiens]	TRUE	TENT2
XP_013391307.1	NP_001375049.1	0	N/A	36.782	435	66	1.68e-74	248	poly(A) RNA polymerase GLD2 isoform 2 [Homo sapiens]	TRUE	TENT2
XP_013391307.1	NP_001375048.1	0	N/A	36.782	435	66	1.68e-74	248	poly(A) RNA polymerase GLD2 isoform 2 [Homo sapiens]	TRUE	TENT2
XP_013391307.1	NP_001375047.1	0	N/A	36.782	435	66	1.68e-74	248	poly(A) RNA polymerase GLD2 isoform 2 [Homo sapiens]	TRUE	TENT2
XP_013391307.1	NP_001375046.1	0	N/A	36.782	435	66	1.68e-74	248	poly(A) RNA polymerase GLD2 isoform 2 [Homo sapiens]	TRUE	TENT2
XP_013391307.1	NP_001375045.1	0	N/A	36.782	435	66	1.68e-74	248	poly(A) RNA polymerase GLD2 isoform 2 [Homo sapiens]	TRUE	TENT2
XP_013391307.1	NP_001375044.1	0	N/A	36.782	435	66	1.68e-74	248	poly(A) RNA polymerase GLD2 isoform 2 [Homo sapiens]	TRUE	TENT2
XP_013391307.1	NP_001375043.1	0	N/A	36.782	435	66	1.68e-74	248	poly(A) RNA polymerase GLD2 isoform 2 [Homo sapiens]	TRUE	TENT2
XP_013391307.1	NP_001336483.1	0	N/A	36.782	435	66	1.68e-74	248	poly(A) RNA polymerase GLD2 isoform 2 [Homo sapiens]	TRUE	TENT2
XP_013391307.1	NP_001284673.1	0	N/A	36.782	435	66	1.68e-74	248	poly(A) RNA polymerase GLD2 isoform 2 [Homo sapiens]	TRUE	TENT2
XP_013391307.1	NP_001375061.1	0	N/A	41.945	329	53	3.57e-74	246	poly(A) RNA polymerase GLD2 isoform 12 [Homo sapiens]	TRUE	TENT2
XP_013391307.1	NP_001375065.1	0	N/A	41.945	329	53	4.13e-74	243	poly(A) RNA polymerase GLD2 isoform 14 [Homo sapiens]	TRUE	TENT2
XP_013391307.1	NP_001375042.1	0	N/A	37.028	424	65	2.28e-73	245	poly(A) RNA polymerase GLD2 isoform 16 [Homo sapiens]	TRUE	TENT2
XP_013391307.1	XP_047272808.1	0	N/A	36.446	439	66	9.95e-73	243	poly(A) RNA polymerase GLD2 isoform X3 [Homo sapiens]	TRUE	TENT2
XP_013391307.1	XP_047272807.1	0	N/A	36.446	439	66	9.95e-73	243	poly(A) RNA polymerase GLD2 isoform X3 [Homo sapiens]	TRUE	TENT2
XP_013391307.1	XP_047272806.1	0	N/A	36.446	439	66	9.95e-73	243	poly(A) RNA polymerase GLD2 isoform X3 [Homo sapiens]	TRUE	TENT2
XP_013391307.1	NP_776158.2	0	N/A	36.446	439	66	9.95e-73	243	poly(A) RNA polymerase GLD2 isoform 1 [Homo sapiens]	TRUE	TENT2
XP_013391307.1	NP_001375041.1	0	N/A	36.446	439	66	9.95e-73	243	poly(A) RNA polymerase GLD2 isoform 1 [Homo sapiens]	TRUE	TENT2
XP_013391307.1	NP_001375040.1	0	N/A	36.446	439	66	9.95e-73	243	poly(A) RNA polymerase GLD2 isoform 1 [Homo sapiens]	TRUE	TENT2
XP_013391307.1	NP_001375039.1	0	N/A	36.446	439	66	9.95e-73	243	poly(A) RNA polymerase GLD2 isoform 1 [Homo sapiens]	TRUE	TENT2
XP_013391307.1	NP_001375038.1	0	N/A	36.446	439	66	9.95e-73	243	poly(A) RNA polymerase GLD2 isoform 1 [Homo sapiens]	TRUE	TENT2
XP_013391307.1	NP_001375037.1	0	N/A	36.446	439	66	9.95e-73	243	poly(A) RNA polymerase GLD2 isoform 1 [Homo sapiens]	TRUE	TENT2
XP_013391307.1	NP_001375036.1	0	N/A	36.446	439	66	9.95e-73	243	poly(A) RNA polymerase GLD2 isoform 1 [Homo sapiens]	TRUE	TENT2
XP_013391307.1	NP_001375035.1	0	N/A	36.446	439	66	9.95e-73	243	poly(A) RNA polymerase GLD2 isoform 1 [Homo sapiens]	TRUE	TENT2
XP_013391307.1	NP_001375034.1	0	N/A	36.446	439	66	9.95e-73	243	poly(A) RNA polymerase GLD2 isoform 1 [Homo sapiens]	TRUE	TENT2
XP_013391307.1	NP_001375032.1	0	N/A	36.446	439	66	9.95e-73	243	poly(A) RNA polymerase GLD2 isoform 1 [Homo sapiens]	TRUE	TENT2
XP_013391307.1	NP_001375031.1	0	N/A	36.446	439	66	9.95e-73	243	poly(A) RNA polymerase GLD2 isoform 1 [Homo sapiens]	TRUE	TENT2
XP_013391307.1	NP_001336482.1	0	N/A	36.446	439	66	9.95e-73	243	poly(A) RNA polymerase GLD2 isoform 1 [Homo sapiens]	TRUE	TENT2
XP_013391307.1	NP_001336481.1	0	N/A	36.446	439	66	9.95e-73	243	poly(A) RNA polymerase GLD2 isoform 1 [Homo sapiens]	TRUE	TENT2
XP_013391307.1	NP_001107866.1	0	N/A	36.446	439	66	9.95e-73	243	poly(A) RNA polymerase GLD2 isoform 1 [Homo sapiens]	TRUE	TENT2
XP_013391307.1	NP_001107865.1	0	N/A	36.446	439	66	9.95e-73	243	poly(A) RNA polymerase GLD2 isoform 1 [Homo sapiens]	TRUE	TENT2
XP_013391307.1	NP_001375027.1	0	N/A	35.73	445	65	2.7e-72	243	poly(A) RNA polymerase GLD2 isoform 7 [Homo sapiens]	TRUE	TENT2
XP_013391307.1	NP_001375060.1	0	N/A	41.441	333	53	4.27e-72	241	poly(A) RNA polymerase GLD2 isoform 11 [Homo sapiens]	TRUE	TENT2
XP_013391307.1	NP_001375030.1	0	N/A	36.18	445	66	1.08e-71	241	poly(A) RNA polymerase GLD2 isoform 9 [Homo sapiens]	TRUE	TENT2
XP_013391307.1	XP_047272805.1	0	N/A	35.217	460	66	1.49e-71	241	poly(A) RNA polymerase GLD2 isoform X2 [Homo sapiens]	TRUE	TENT2
XP_013391307.1	XP_047272804.1	0	N/A	35.217	460	66	1.49e-71	241	poly(A) RNA polymerase GLD2 isoform X2 [Homo sapiens]	TRUE	TENT2
XP_013391307.1	XP_047272803.1	0	N/A	35.217	460	66	1.49e-71	241	poly(A) RNA polymerase GLD2 isoform X2 [Homo sapiens]	TRUE	TENT2
XP_013391307.1	XP_047272802.1	0	N/A	35.217	460	66	1.49e-71	241	poly(A) RNA polymerase GLD2 isoform X2 [Homo sapiens]	TRUE	TENT2
XP_013391307.1	XP_016864641.1	0	N/A	35.217	460	66	1.49e-71	241	poly(A) RNA polymerase GLD2 isoform X2 [Homo sapiens]	TRUE	TENT2
XP_013391307.1	NP_001375026.1	0	N/A	35.217	460	66	1.49e-71	241	poly(A) RNA polymerase GLD2 isoform 6 [Homo sapiens]	TRUE	TENT2
XP_013391307.1	NP_001375025.1	0	N/A	35.217	460	66	1.49e-71	241	poly(A) RNA polymerase GLD2 isoform 6 [Homo sapiens]	TRUE	TENT2
XP_013391307.1	NP_001375024.1	0	N/A	35.217	460	66	1.49e-71	241	poly(A) RNA polymerase GLD2 isoform 6 [Homo sapiens]	TRUE	TENT2
XP_013391307.1	NP_001336480.1	0	N/A	35.217	460	66	1.49e-71	241	poly(A) RNA polymerase GLD2 isoform 6 [Homo sapiens]	TRUE	TENT2
XP_013391307.1	NP_001375029.1	0	N/A	35.857	449	66	8.78e-70	236	poly(A) RNA polymerase GLD2 isoform 8 [Homo sapiens]	TRUE	TENT2
XP_013391307.1	NP_001375028.1	0	N/A	35.857	449	66	8.78e-70	236	poly(A) RNA polymerase GLD2 isoform 8 [Homo sapiens]	TRUE	TENT2
XP_013391307.1	XP_047272801.1	0	N/A	34.914	464	66	1.12e-69	236	poly(A) RNA polymerase GLD2 isoform X1 [Homo sapiens]	TRUE	TENT2
XP_013391307.1	XP_047272800.1	0	N/A	34.914	464	66	1.12e-69	236	poly(A) RNA polymerase GLD2 isoform X1 [Homo sapiens]	TRUE	TENT2
XP_013391307.1	XP_011541527.1	0	N/A	34.914	464	66	1.12e-69	236	poly(A) RNA polymerase GLD2 isoform X1 [Homo sapiens]	TRUE	TENT2
XP_013391307.1	XP_011541526.1	0	N/A	34.914	464	66	1.12e-69	236	poly(A) RNA polymerase GLD2 isoform X1 [Homo sapiens]	TRUE	TENT2
XP_013391307.1	XP_011541523.1	0	N/A	34.914	464	66	1.12e-69	236	poly(A) RNA polymerase GLD2 isoform X1 [Homo sapiens]	TRUE	TENT2
XP_013391307.1	XP_011541522.1	0	N/A	34.914	464	66	1.12e-69	236	poly(A) RNA polymerase GLD2 isoform X1 [Homo sapiens]	TRUE	TENT2
XP_013391307.1	NP_001375023.1	0	N/A	34.914	464	66	1.12e-69	236	poly(A) RNA polymerase GLD2 isoform 5 [Homo sapiens]	TRUE	TENT2
XP_013391307.1	NP_001375022.1	0	N/A	34.914	464	66	1.12e-69	236	poly(A) RNA polymerase GLD2 isoform 5 [Homo sapiens]	TRUE	TENT2
XP_013391307.1	NP_001336479.1	0	N/A	34.914	464	66	1.12e-69	236	poly(A) RNA polymerase GLD2 isoform 5 [Homo sapiens]	TRUE	TENT2
XP_013391307.1	NP_001336478.1	0	N/A	34.914	464	66	1.12e-69	236	poly(A) RNA polymerase GLD2 isoform 5 [Homo sapiens]	TRUE	TENT2
XP_013391307.1	NP_001336477.1	0	N/A	43.798	258	41	2.58e-59	201	poly(A) RNA polymerase GLD2 isoform 4 [Homo sapiens]	TRUE	TENT2
XP_013391307.1	XP_047272820.1	0	N/A	44.223	251	40	3.52e-59	200	poly(A) RNA polymerase GLD2 isoform X11 [Homo sapiens]	TRUE	TENT2
XP_013391307.1	XP_047272818.1	0	N/A	38.305	295	43	9.56e-48	172	poly(A) RNA polymerase GLD2 isoform X10 [Homo sapiens]	TRUE	TENT2
XP_013391307.1	NP_001375066.1	0	N/A	43.602	211	34	8.42e-47	168	poly(A) RNA polymerase GLD2 isoform 15 [Homo sapiens]	TRUE	TENT2
XP_013391307.1	XP_047272817.1	0	N/A	36.392	316	43	2.14e-46	169	poly(A) RNA polymerase GLD2 isoform X9 [Homo sapiens]	TRUE	TENT2
XP_013391307.1	XP_047272815.1	0	N/A	30.345	435	66	8.13e-46	170	poly(A) RNA polymerase GLD2 isoform X7 [Homo sapiens]	TRUE	TENT2
XP_013391307.1	NP_001375064.1	0	N/A	30.345	435	66	8.13e-46	170	poly(A) RNA polymerase GLD2 isoform 13 [Homo sapiens]	TRUE	TENT2
XP_013391307.1	NP_001375063.1	0	N/A	30.345	435	66	8.13e-46	170	poly(A) RNA polymerase GLD2 isoform 13 [Homo sapiens]	TRUE	TENT2
XP_013391307.1	XP_047272816.1	0	N/A	35.938	320	43	9.12e-45	165	poly(A) RNA polymerase GLD2 isoform X8 [Homo sapiens]	TRUE	TENT2
XP_013391307.1	XP_047272814.1	0	N/A	30.068	439	66	4.97e-44	165	poly(A) RNA polymerase GLD2 isoform X6 [Homo sapiens]	TRUE	TENT2
XP_013391307.1	XP_047272813.1	0	N/A	30.068	439	66	4.97e-44	165	poly(A) RNA polymerase GLD2 isoform X6 [Homo sapiens]	TRUE	TENT2
XP_013391307.1	XP_047272812.1	0	N/A	30.068	439	66	4.97e-44	165	poly(A) RNA polymerase GLD2 isoform X6 [Homo sapiens]	TRUE	TENT2
XP_013391307.1	NP_001375062.1	0	N/A	30.068	439	66	4.97e-44	165	poly(A) RNA polymerase GLD2 isoform 3 [Homo sapiens]	TRUE	TENT2
XP_013391307.1	NP_001284674.1	0	N/A	30.068	439	66	4.97e-44	165	poly(A) RNA polymerase GLD2 isoform 3 [Homo sapiens]	TRUE	TENT2
XP_013391307.1	XP_011541531.1	0	N/A	28.879	464	66	1.9e-41	158	poly(A) RNA polymerase GLD2 isoform X5 [Homo sapiens]	TRUE	TENT2
XP_013391307.1	NP_001317647.1	0	N/A	33.654	312	49	3.23e-38	153	terminal uridylyltransferase 7 isoform 3 [Homo sapiens]	TRUE	Tut7
XP_013391307.1	XP_047279823.1	0	N/A	33.013	312	49	6.8e-38	153	terminal uridylyltransferase 7 isoform X2 [Homo sapiens]	TRUE	Tut7
XP_013391307.1	XP_006717346.1	0	N/A	33.013	312	49	6.8e-38	153	terminal uridylyltransferase 7 isoform X2 [Homo sapiens]	TRUE	Tut7
XP_013391307.1	XP_005252265.1	0	N/A	33.654	312	49	7.24e-38	153	terminal uridylyltransferase 7 isoform X7 [Homo sapiens]	TRUE	Tut7
XP_013391307.1	XP_011517318.1	0	N/A	33.654	312	49	8.47e-38	152	terminal uridylyltransferase 7 isoform X5 [Homo sapiens]	TRUE	Tut7
XP_013391307.1	XP_016870620.1	0	N/A	33.654	312	49	8.49e-38	152	terminal uridylyltransferase 7 isoform X4 [Homo sapiens]	TRUE	Tut7
XP_013391307.1	XP_016870619.1	0	N/A	33.654	312	49	8.49e-38	152	terminal uridylyltransferase 7 isoform X4 [Homo sapiens]	TRUE	Tut7
XP_013391307.1	NP_078893.2	0	N/A	33.654	312	49	8.49e-38	152	terminal uridylyltransferase 7 isoform 1 [Homo sapiens]	TRUE	Tut7
XP_013391307.1	NP_001171988.1	0	N/A	33.654	312	49	8.49e-38	152	terminal uridylyltransferase 7 isoform 1 [Homo sapiens]	TRUE	Tut7
XP_013391307.1	XP_047279825.1	0	N/A	33.013	312	49	8.52e-38	152	terminal uridylyltransferase 7 isoform X6 [Homo sapiens]	TRUE	Tut7
XP_013391307.1	XP_047279824.1	0	N/A	33.013	312	49	8.52e-38	152	terminal uridylyltransferase 7 isoform X6 [Homo sapiens]	TRUE	Tut7
XP_013391307.1	XP_005252264.1	0	N/A	33.013	312	49	8.52e-38	152	terminal uridylyltransferase 7 isoform X6 [Homo sapiens]	TRUE	Tut7
XP_013391307.1	XP_011517316.1	0	N/A	33.654	312	49	8.63e-38	152	terminal uridylyltransferase 7 isoform X1 [Homo sapiens]	TRUE	Tut7
XP_013391307.1	XP_011517315.1	0	N/A	33.654	312	49	8.63e-38	152	terminal uridylyltransferase 7 isoform X1 [Homo sapiens]	TRUE	Tut7
XP_013391307.1	XP_011517314.1	0	N/A	33.654	312	49	8.63e-38	152	terminal uridylyltransferase 7 isoform X1 [Homo sapiens]	TRUE	Tut7
XP_013391307.1	XP_011517313.1	0	N/A	33.654	312	49	8.63e-38	152	terminal uridylyltransferase 7 isoform X1 [Homo sapiens]	TRUE	Tut7
XP_013391307.1	XP_011517317.1	0	N/A	33.654	312	49	9.24e-38	152	terminal uridylyltransferase 7 isoform X3 [Homo sapiens]	TRUE	Tut7
XP_013391307.1	XP_047272384.1	0	N/A	30.75	400	61	2.23e-36	148	terminal uridylyltransferase 4 isoform X46 [Homo sapiens]	TRUE	Tut4
XP_013392206.2	NP_073741.3	0	N/A	40.088	227	25	4.07e-45	178	speckle targeted PIP5K1A-regulated poly(A) polymerase isoform 1 [Homo sapiens]	TRUE	Tut1
XP_013392206.2	NP_060579.3	0	N/A	26.518	494	50	1.18e-41	164	poly(A) RNA polymerase, mitochondrial precursor [Homo sapiens]	TRUE	mtPAP
XP_013392206.2	XP_047272285.1	0	N/A	28.754	313	34	5.33e-28	124	terminal uridylyltransferase 4 isoform X7 [Homo sapiens]	TRUE	Tut4
XP_013392206.2	XP_016856292.1	0	N/A	28.754	313	34	5.75e-28	124	terminal uridylyltransferase 4 isoform X9 [Homo sapiens]	TRUE	Tut4
XP_013392206.2	XP_005270739.1	0	N/A	28.754	313	34	6.1e-28	124	terminal uridylyltransferase 4 isoform X33 [Homo sapiens]	TRUE	Tut4
XP_013392206.2	XP_011539399.1	0	N/A	28.754	313	34	6.65e-28	124	terminal uridylyltransferase 4 isoform X1 [Homo sapiens]	TRUE	Tut4
XP_013392206.2	XP_005270733.1	0	N/A	28.754	313	34	6.65e-28	124	terminal uridylyltransferase 4 isoform X1 [Homo sapiens]	TRUE	Tut4
XP_013392206.2	XP_016856297.1	0	N/A	28.754	313	34	6.99e-28	124	terminal uridylyltransferase 4 isoform X36 [Homo sapiens]	TRUE	Tut4
XP_013392206.2	XP_047272288.1	0	N/A	28.754	313	34	6.99e-28	124	terminal uridylyltransferase 4 isoform X10 [Homo sapiens]	TRUE	Tut4
XP_013392206.2	XP_011539401.1	0	N/A	28.754	313	34	7.15e-28	124	terminal uridylyltransferase 4 isoform X29 [Homo sapiens]	TRUE	Tut4
XP_013392206.2	XP_047272345.1	0	N/A	28.754	313	34	7.26e-28	124	terminal uridylyltransferase 4 isoform X31 [Homo sapiens]	TRUE	Tut4
XP_013392206.2	XP_005270735.1	0	N/A	28.754	313	34	7.31e-28	124	terminal uridylyltransferase 4 isoform X2 [Homo sapiens]	TRUE	Tut4
XP_013392206.2	XP_047272290.1	0	N/A	28.754	313	34	7.36e-28	124	terminal uridylyltransferase 4 isoform X11 [Homo sapiens]	TRUE	Tut4
XP_013392206.2	XP_047272286.1	0	N/A	28.754	313	34	7.56e-28	124	terminal uridylyltransferase 4 isoform X8 [Homo sapiens]	TRUE	Tut4
XP_013392206.2	XP_016856293.1	0	N/A	28.754	313	34	7.74e-28	124	terminal uridylyltransferase 4 isoform X16 [Homo sapiens]	TRUE	Tut4
XP_013392206.2	XP_047272281.1	0	N/A	28.754	313	34	7.94e-28	124	terminal uridylyltransferase 4 isoform X4 [Homo sapiens]	TRUE	Tut4
XP_013392206.2	NP_001009881.1	0	N/A	28.754	313	34	7.94e-28	124	terminal uridylyltransferase 4 isoform a [Homo sapiens]	TRUE	Tut4
XP_013392206.2	XP_047272280.1	0	N/A	28.754	313	34	8.02e-28	124	terminal uridylyltransferase 4 isoform X3 [Homo sapiens]	TRUE	Tut4
XP_013392206.2	XP_005270736.1	0	N/A	28.754	313	34	8.02e-28	124	terminal uridylyltransferase 4 isoform X3 [Homo sapiens]	TRUE	Tut4
XP_013392206.2	XP_047272282.1	0	N/A	28.754	313	34	8.15e-28	124	terminal uridylyltransferase 4 isoform X5 [Homo sapiens]	TRUE	Tut4
XP_013392206.2	NP_056084.1	0	N/A	28.754	313	34	8.15e-28	124	terminal uridylyltransferase 4 isoform b [Homo sapiens]	TRUE	Tut4
XP_013392206.2	XP_047272365.1	0	N/A	28.754	313	34	8.65e-28	124	terminal uridylyltransferase 4 isoform X38 [Homo sapiens]	TRUE	Tut4
XP_013392206.2	XP_016856299.1	0	N/A	28.754	313	34	8.79e-28	124	terminal uridylyltransferase 4 isoform X40 [Homo sapiens]	TRUE	Tut4
XP_013392206.2	XP_047272295.1	0	N/A	28.754	313	34	8.96e-28	124	terminal uridylyltransferase 4 isoform X12 [Homo sapiens]	TRUE	Tut4
XP_013392206.2	XP_047272372.1	0	N/A	28.754	313	34	9.41e-28	124	terminal uridylyltransferase 4 isoform X42 [Homo sapiens]	TRUE	Tut4
XP_013392206.2	XP_047272283.1	0	N/A	28.754	313	34	9.66e-28	124	terminal uridylyltransferase 4 isoform X6 [Homo sapiens]	TRUE	Tut4
XP_013392206.2	XP_005270737.1	0	N/A	28.754	313	34	9.66e-28	124	terminal uridylyltransferase 4 isoform X6 [Homo sapiens]	TRUE	Tut4
XP_013392206.2	XP_047272296.1	0	N/A	28.754	313	34	9.76e-28	124	terminal uridylyltransferase 4 isoform X13 [Homo sapiens]	TRUE	Tut4
XP_013392206.2	XP_047272344.1	0	N/A	28.754	313	34	9.9e-28	124	terminal uridylyltransferase 4 isoform X30 [Homo sapiens]	TRUE	Tut4
XP_013392206.2	XP_016856295.1	0	N/A	28.754	313	34	1.02e-27	124	terminal uridylyltransferase 4 isoform X25 [Homo sapiens]	TRUE	Tut4
XP_013392206.2	XP_047272305.1	0	N/A	28.754	313	34	1.03e-27	124	terminal uridylyltransferase 4 isoform X17 [Homo sapiens]	TRUE	Tut4
XP_013392206.2	XP_047272325.1	0	N/A	28.754	313	34	1.1e-27	124	terminal uridylyltransferase 4 isoform X23 [Homo sapiens]	TRUE	Tut4
XP_013392206.2	XP_047272337.1	0	N/A	28.754	313	34	1.2e-27	123	terminal uridylyltransferase 4 isoform X27 [Homo sapiens]	TRUE	Tut4
XP_013392206.2	XP_016856296.1	0	N/A	28.754	313	34	1.35e-27	123	terminal uridylyltransferase 4 isoform X28 [Homo sapiens]	TRUE	Tut4
XP_013392206.2	XP_047272350.1	0	N/A	28.754	313	34	1.46e-27	123	terminal uridylyltransferase 4 isoform X34 [Homo sapiens]	TRUE	Tut4
XP_013392206.2	XP_047272384.1	0	N/A	28.349	321	35	2.32e-27	122	terminal uridylyltransferase 4 isoform X46 [Homo sapiens]	TRUE	Tut4
XP_013392206.2	XP_047279823.1	0	N/A	28.205	312	34	3.16e-27	122	terminal uridylyltransferase 7 isoform X2 [Homo sapiens]	TRUE	Tut7
XP_013392206.2	XP_006717346.1	0	N/A	28.205	312	34	3.16e-27	122	terminal uridylyltransferase 7 isoform X2 [Homo sapiens]	TRUE	Tut7
XP_013392206.2	NP_001317647.1	0	N/A	28.205	312	34	3.26e-27	121	terminal uridylyltransferase 7 isoform 3 [Homo sapiens]	TRUE	Tut7
XP_013392206.2	XP_016870620.1	0	N/A	28.205	312	34	3.48e-27	122	terminal uridylyltransferase 7 isoform X4 [Homo sapiens]	TRUE	Tut7
XP_013392206.2	XP_016870619.1	0	N/A	28.205	312	34	3.48e-27	122	terminal uridylyltransferase 7 isoform X4 [Homo sapiens]	TRUE	Tut7
XP_013392206.2	NP_078893.2	0	N/A	28.205	312	34	3.48e-27	122	terminal uridylyltransferase 7 isoform 1 [Homo sapiens]	TRUE	Tut7
XP_013392206.2	NP_001171988.1	0	N/A	28.205	312	34	3.48e-27	122	terminal uridylyltransferase 7 isoform 1 [Homo sapiens]	TRUE	Tut7
XP_013392206.2	XP_011517318.1	0	N/A	28.205	312	34	4.3e-27	122	terminal uridylyltransferase 7 isoform X5 [Homo sapiens]	TRUE	Tut7
XP_013392206.2	XP_011517317.1	0	N/A	28.205	312	34	4.33e-27	122	terminal uridylyltransferase 7 isoform X3 [Homo sapiens]	TRUE	Tut7
XP_013392206.2	XP_047279825.1	0	N/A	28.205	312	34	4.43e-27	121	terminal uridylyltransferase 7 isoform X6 [Homo sapiens]	TRUE	Tut7
XP_013392206.2	XP_047279824.1	0	N/A	28.205	312	34	4.43e-27	121	terminal uridylyltransferase 7 isoform X6 [Homo sapiens]	TRUE	Tut7
XP_013392206.2	XP_005252264.1	0	N/A	28.205	312	34	4.43e-27	121	terminal uridylyltransferase 7 isoform X6 [Homo sapiens]	TRUE	Tut7
XP_013392206.2	XP_005252265.1	0	N/A	28.205	312	34	4.81e-27	121	terminal uridylyltransferase 7 isoform X7 [Homo sapiens]	TRUE	Tut7
XP_013392206.2	XP_011517316.1	0	N/A	28.205	312	34	6.03e-27	121	terminal uridylyltransferase 7 isoform X1 [Homo sapiens]	TRUE	Tut7
XP_013392206.2	XP_011517315.1	0	N/A	28.205	312	34	6.03e-27	121	terminal uridylyltransferase 7 isoform X1 [Homo sapiens]	TRUE	Tut7
XP_013392206.2	XP_011517314.1	0	N/A	28.205	312	34	6.03e-27	121	terminal uridylyltransferase 7 isoform X1 [Homo sapiens]	TRUE	Tut7
XP_013392206.2	XP_011517313.1	0	N/A	28.205	312	34	6.03e-27	121	terminal uridylyltransferase 7 isoform X1 [Homo sapiens]	TRUE	Tut7
XP_013392206.2	NP_001172003.1	0	N/A	28.631	241	26	1.72e-25	116	terminal uridylyltransferase 7 isoform 2 [Homo sapiens]	TRUE	Tut7
XP_013392206.2	NP_001336477.1	0	N/A	30.189	212	23	7.46e-18	87	poly(A) RNA polymerase GLD2 isoform 4 [Homo sapiens]	TRUE	TENT2
XP_013392206.2	XP_047272820.1	0	N/A	30.189	212	23	1.26e-17	86.3	poly(A) RNA polymerase GLD2 isoform X11 [Homo sapiens]	TRUE	TENT2
XP_013392206.2	NP_001375027.1	0	N/A	27.687	307	33	1.54e-17	89.4	poly(A) RNA polymerase GLD2 isoform 7 [Homo sapiens]	TRUE	TENT2
XP_013392206.2	XP_047272805.1	0	N/A	27.687	307	33	1.7e-17	89.4	poly(A) RNA polymerase GLD2 isoform X2 [Homo sapiens]	TRUE	TENT2
XP_013392206.2	XP_047272804.1	0	N/A	27.687	307	33	1.7e-17	89.4	poly(A) RNA polymerase GLD2 isoform X2 [Homo sapiens]	TRUE	TENT2
XP_013392206.2	XP_047272803.1	0	N/A	27.687	307	33	1.7e-17	89.4	poly(A) RNA polymerase GLD2 isoform X2 [Homo sapiens]	TRUE	TENT2
XP_013392206.2	XP_047272802.1	0	N/A	27.687	307	33	1.7e-17	89.4	poly(A) RNA polymerase GLD2 isoform X2 [Homo sapiens]	TRUE	TENT2
XP_013392206.2	XP_016864641.1	0	N/A	27.687	307	33	1.7e-17	89.4	poly(A) RNA polymerase GLD2 isoform X2 [Homo sapiens]	TRUE	TENT2
XP_013392206.2	NP_001375026.1	0	N/A	27.687	307	33	1.7e-17	89.4	poly(A) RNA polymerase GLD2 isoform 6 [Homo sapiens]	TRUE	TENT2
XP_013392206.2	NP_001375025.1	0	N/A	27.687	307	33	1.7e-17	89.4	poly(A) RNA polymerase GLD2 isoform 6 [Homo sapiens]	TRUE	TENT2
XP_013392206.2	NP_001375024.1	0	N/A	27.687	307	33	1.7e-17	89.4	poly(A) RNA polymerase GLD2 isoform 6 [Homo sapiens]	TRUE	TENT2
XP_013392206.2	NP_001336480.1	0	N/A	27.687	307	33	1.7e-17	89.4	poly(A) RNA polymerase GLD2 isoform 6 [Homo sapiens]	TRUE	TENT2
XP_013392206.2	NP_001375061.1	0	N/A	25.828	302	33	3.13e-17	88.2	poly(A) RNA polymerase GLD2 isoform 12 [Homo sapiens]	TRUE	TENT2
XP_013392206.2	NP_001375059.1	0	N/A	25.828	302	33	3.98e-17	87.8	poly(A) RNA polymerase GLD2 isoform 10 [Homo sapiens]	TRUE	TENT2
XP_013392206.2	XP_047272811.1	0	N/A	25.828	302	33	4.15e-17	87.8	poly(A) RNA polymerase GLD2 isoform X4 [Homo sapiens]	TRUE	TENT2
XP_013392206.2	XP_047272810.1	0	N/A	25.828	302	33	4.15e-17	87.8	poly(A) RNA polymerase GLD2 isoform X4 [Homo sapiens]	TRUE	TENT2
XP_013392206.2	XP_047272809.1	0	N/A	25.828	302	33	4.15e-17	87.8	poly(A) RNA polymerase GLD2 isoform X4 [Homo sapiens]	TRUE	TENT2
XP_013392206.2	NP_001375058.1	0	N/A	25.828	302	33	4.15e-17	87.8	poly(A) RNA polymerase GLD2 isoform 2 [Homo sapiens]	TRUE	TENT2
XP_013392206.2	NP_001375057.1	0	N/A	25.828	302	33	4.15e-17	87.8	poly(A) RNA polymerase GLD2 isoform 2 [Homo sapiens]	TRUE	TENT2
XP_013392206.2	NP_001375056.1	0	N/A	25.828	302	33	4.15e-17	87.8	poly(A) RNA polymerase GLD2 isoform 2 [Homo sapiens]	TRUE	TENT2
XP_013392206.2	NP_001375055.1	0	N/A	25.828	302	33	4.15e-17	87.8	poly(A) RNA polymerase GLD2 isoform 2 [Homo sapiens]	TRUE	TENT2
XP_013392206.2	NP_001375054.1	0	N/A	25.828	302	33	4.15e-17	87.8	poly(A) RNA polymerase GLD2 isoform 2 [Homo sapiens]	TRUE	TENT2
XP_013392206.2	NP_001375053.1	0	N/A	25.828	302	33	4.15e-17	87.8	poly(A) RNA polymerase GLD2 isoform 2 [Homo sapiens]	TRUE	TENT2
XP_013392206.2	NP_001375052.1	0	N/A	25.828	302	33	4.15e-17	87.8	poly(A) RNA polymerase GLD2 isoform 2 [Homo sapiens]	TRUE	TENT2
XP_013392206.2	NP_001375051.1	0	N/A	25.828	302	33	4.15e-17	87.8	poly(A) RNA polymerase GLD2 isoform 2 [Homo sapiens]	TRUE	TENT2
XP_013392206.2	NP_001375050.1	0	N/A	25.828	302	33	4.15e-17	87.8	poly(A) RNA polymerase GLD2 isoform 2 [Homo sapiens]	TRUE	TENT2
XP_013392206.2	NP_001375049.1	0	N/A	25.828	302	33	4.15e-17	87.8	poly(A) RNA polymerase GLD2 isoform 2 [Homo sapiens]	TRUE	TENT2
XP_013392206.2	NP_001375048.1	0	N/A	25.828	302	33	4.15e-17	87.8	poly(A) RNA polymerase GLD2 isoform 2 [Homo sapiens]	TRUE	TENT2
XP_013392206.2	NP_001375047.1	0	N/A	25.828	302	33	4.15e-17	87.8	poly(A) RNA polymerase GLD2 isoform 2 [Homo sapiens]	TRUE	TENT2
XP_013392206.2	NP_001375046.1	0	N/A	25.828	302	33	4.15e-17	87.8	poly(A) RNA polymerase GLD2 isoform 2 [Homo sapiens]	TRUE	TENT2
XP_013392206.2	NP_001375045.1	0	N/A	25.828	302	33	4.15e-17	87.8	poly(A) RNA polymerase GLD2 isoform 2 [Homo sapiens]	TRUE	TENT2
XP_013392206.2	NP_001375044.1	0	N/A	25.828	302	33	4.15e-17	87.8	poly(A) RNA polymerase GLD2 isoform 2 [Homo sapiens]	TRUE	TENT2
XP_013392206.2	NP_001375043.1	0	N/A	25.828	302	33	4.15e-17	87.8	poly(A) RNA polymerase GLD2 isoform 2 [Homo sapiens]	TRUE	TENT2
XP_013392206.2	NP_001336483.1	0	N/A	25.828	302	33	4.15e-17	87.8	poly(A) RNA polymerase GLD2 isoform 2 [Homo sapiens]	TRUE	TENT2
XP_013392206.2	NP_001284673.1	0	N/A	25.828	302	33	4.15e-17	87.8	poly(A) RNA polymerase GLD2 isoform 2 [Homo sapiens]	TRUE	TENT2
XP_013392206.2	NP_001375065.1	0	N/A	25.828	302	33	4.77e-17	86.3	poly(A) RNA polymerase GLD2 isoform 14 [Homo sapiens]	TRUE	TENT2
XP_013392206.2	NP_001375060.1	0	N/A	30.189	212	23	5.89e-17	87	poly(A) RNA polymerase GLD2 isoform 11 [Homo sapiens]	TRUE	TENT2
XP_013392206.2	XP_047272808.1	0	N/A	30.189	212	23	6.21e-17	87.4	poly(A) RNA polymerase GLD2 isoform X3 [Homo sapiens]	TRUE	TENT2
XP_013392206.2	XP_047272807.1	0	N/A	30.189	212	23	6.21e-17	87.4	poly(A) RNA polymerase GLD2 isoform X3 [Homo sapiens]	TRUE	TENT2
XP_013392206.2	XP_047272806.1	0	N/A	30.189	212	23	6.21e-17	87.4	poly(A) RNA polymerase GLD2 isoform X3 [Homo sapiens]	TRUE	TENT2
XP_013392206.2	NP_776158.2	0	N/A	30.189	212	23	6.21e-17	87.4	poly(A) RNA polymerase GLD2 isoform 1 [Homo sapiens]	TRUE	TENT2
XP_013392206.2	NP_001375041.1	0	N/A	30.189	212	23	6.21e-17	87.4	poly(A) RNA polymerase GLD2 isoform 1 [Homo sapiens]	TRUE	TENT2
XP_013392206.2	NP_001375040.1	0	N/A	30.189	212	23	6.21e-17	87.4	poly(A) RNA polymerase GLD2 isoform 1 [Homo sapiens]	TRUE	TENT2
XP_013392206.2	NP_001375039.1	0	N/A	30.189	212	23	6.21e-17	87.4	poly(A) RNA polymerase GLD2 isoform 1 [Homo sapiens]	TRUE	TENT2
XP_013392206.2	NP_001375038.1	0	N/A	30.189	212	23	6.21e-17	87.4	poly(A) RNA polymerase GLD2 isoform 1 [Homo sapiens]	TRUE	TENT2
XP_013392206.2	NP_001375037.1	0	N/A	30.189	212	23	6.21e-17	87.4	poly(A) RNA polymerase GLD2 isoform 1 [Homo sapiens]	TRUE	TENT2
XP_013392207.1	NP_060579.3	0	N/A	24.439	446	97	1.86e-22	102	poly(A) RNA polymerase, mitochondrial precursor [Homo sapiens]	TRUE	mtPAP
XP_013392207.1	NP_001375065.1	0	N/A	26.882	279	63	1.19e-14	77.4	poly(A) RNA polymerase GLD2 isoform 14 [Homo sapiens]	TRUE	TENT2
XP_013392207.1	NP_001375060.1	0	N/A	26.882	279	63	1.54e-14	77.8	poly(A) RNA polymerase GLD2 isoform 11 [Homo sapiens]	TRUE	TENT2
XP_013392207.1	XP_047272805.1	0	N/A	26.246	301	63	1.67e-14	77.8	poly(A) RNA polymerase GLD2 isoform X2 [Homo sapiens]	TRUE	TENT2
XP_013392207.1	XP_047272804.1	0	N/A	26.246	301	63	1.67e-14	77.8	poly(A) RNA polymerase GLD2 isoform X2 [Homo sapiens]	TRUE	TENT2
XP_013392207.1	XP_047272803.1	0	N/A	26.246	301	63	1.67e-14	77.8	poly(A) RNA polymerase GLD2 isoform X2 [Homo sapiens]	TRUE	TENT2
XP_013392207.1	XP_047272802.1	0	N/A	26.246	301	63	1.67e-14	77.8	poly(A) RNA polymerase GLD2 isoform X2 [Homo sapiens]	TRUE	TENT2
XP_013392207.1	XP_016864641.1	0	N/A	26.246	301	63	1.67e-14	77.8	poly(A) RNA polymerase GLD2 isoform X2 [Homo sapiens]	TRUE	TENT2
XP_013392207.1	NP_001375026.1	0	N/A	26.246	301	63	1.67e-14	77.8	poly(A) RNA polymerase GLD2 isoform 6 [Homo sapiens]	TRUE	TENT2
XP_013392207.1	NP_001375025.1	0	N/A	26.246	301	63	1.67e-14	77.8	poly(A) RNA polymerase GLD2 isoform 6 [Homo sapiens]	TRUE	TENT2
XP_013392207.1	NP_001375024.1	0	N/A	26.246	301	63	1.67e-14	77.8	poly(A) RNA polymerase GLD2 isoform 6 [Homo sapiens]	TRUE	TENT2
XP_013392207.1	NP_001336480.1	0	N/A	26.246	301	63	1.67e-14	77.8	poly(A) RNA polymerase GLD2 isoform 6 [Homo sapiens]	TRUE	TENT2
XP_013392207.1	NP_001375061.1	0	N/A	26.882	279	63	1.8e-14	77.4	poly(A) RNA polymerase GLD2 isoform 12 [Homo sapiens]	TRUE	TENT2
XP_013392207.1	NP_001375027.1	0	N/A	26.246	301	63	1.9e-14	77.4	poly(A) RNA polymerase GLD2 isoform 7 [Homo sapiens]	TRUE	TENT2
XP_013392207.1	XP_047272808.1	0	N/A	26.882	279	63	2.33e-14	77	poly(A) RNA polymerase GLD2 isoform X3 [Homo sapiens]	TRUE	TENT2
XP_013392207.1	XP_047272807.1	0	N/A	26.882	279	63	2.33e-14	77	poly(A) RNA polymerase GLD2 isoform X3 [Homo sapiens]	TRUE	TENT2
XP_013392207.1	XP_047272806.1	0	N/A	26.882	279	63	2.33e-14	77	poly(A) RNA polymerase GLD2 isoform X3 [Homo sapiens]	TRUE	TENT2
XP_013392207.1	NP_776158.2	0	N/A	26.882	279	63	2.33e-14	77	poly(A) RNA polymerase GLD2 isoform 1 [Homo sapiens]	TRUE	TENT2
XP_013392207.1	NP_001375041.1	0	N/A	26.882	279	63	2.33e-14	77	poly(A) RNA polymerase GLD2 isoform 1 [Homo sapiens]	TRUE	TENT2
XP_013392207.1	NP_001375040.1	0	N/A	26.882	279	63	2.33e-14	77	poly(A) RNA polymerase GLD2 isoform 1 [Homo sapiens]	TRUE	TENT2
XP_013392207.1	NP_001375039.1	0	N/A	26.882	279	63	2.33e-14	77	poly(A) RNA polymerase GLD2 isoform 1 [Homo sapiens]	TRUE	TENT2
XP_013392207.1	NP_001375038.1	0	N/A	26.882	279	63	2.33e-14	77	poly(A) RNA polymerase GLD2 isoform 1 [Homo sapiens]	TRUE	TENT2
XP_013392207.1	NP_001375037.1	0	N/A	26.882	279	63	2.33e-14	77	poly(A) RNA polymerase GLD2 isoform 1 [Homo sapiens]	TRUE	TENT2
XP_013392207.1	NP_001375036.1	0	N/A	26.882	279	63	2.33e-14	77	poly(A) RNA polymerase GLD2 isoform 1 [Homo sapiens]	TRUE	TENT2
XP_013392207.1	NP_001375035.1	0	N/A	26.882	279	63	2.33e-14	77	poly(A) RNA polymerase GLD2 isoform 1 [Homo sapiens]	TRUE	TENT2
XP_013392207.1	NP_001375034.1	0	N/A	26.882	279	63	2.33e-14	77	poly(A) RNA polymerase GLD2 isoform 1 [Homo sapiens]	TRUE	TENT2
XP_013392207.1	NP_001375032.1	0	N/A	26.882	279	63	2.33e-14	77	poly(A) RNA polymerase GLD2 isoform 1 [Homo sapiens]	TRUE	TENT2
XP_013392207.1	NP_001375031.1	0	N/A	26.882	279	63	2.33e-14	77	poly(A) RNA polymerase GLD2 isoform 1 [Homo sapiens]	TRUE	TENT2
XP_013392207.1	NP_001336482.1	0	N/A	26.882	279	63	2.33e-14	77	poly(A) RNA polymerase GLD2 isoform 1 [Homo sapiens]	TRUE	TENT2
XP_013392207.1	NP_001336481.1	0	N/A	26.882	279	63	2.33e-14	77	poly(A) RNA polymerase GLD2 isoform 1 [Homo sapiens]	TRUE	TENT2
XP_013392207.1	NP_001107866.1	0	N/A	26.882	279	63	2.33e-14	77	poly(A) RNA polymerase GLD2 isoform 1 [Homo sapiens]	TRUE	TENT2
XP_013392207.1	NP_001107865.1	0	N/A	26.882	279	63	2.33e-14	77	poly(A) RNA polymerase GLD2 isoform 1 [Homo sapiens]	TRUE	TENT2
XP_013392207.1	XP_047272811.1	0	N/A	26.882	279	63	2.45e-14	77	poly(A) RNA polymerase GLD2 isoform X4 [Homo sapiens]	TRUE	TENT2
XP_013392207.1	XP_047272810.1	0	N/A	26.882	279	63	2.45e-14	77	poly(A) RNA polymerase GLD2 isoform X4 [Homo sapiens]	TRUE	TENT2
XP_013392207.1	XP_047272809.1	0	N/A	26.882	279	63	2.45e-14	77	poly(A) RNA polymerase GLD2 isoform X4 [Homo sapiens]	TRUE	TENT2
XP_013392207.1	NP_001375058.1	0	N/A	26.882	279	63	2.45e-14	77	poly(A) RNA polymerase GLD2 isoform 2 [Homo sapiens]	TRUE	TENT2
XP_013392207.1	NP_001375057.1	0	N/A	26.882	279	63	2.45e-14	77	poly(A) RNA polymerase GLD2 isoform 2 [Homo sapiens]	TRUE	TENT2
XP_013392207.1	NP_001375056.1	0	N/A	26.882	279	63	2.45e-14	77	poly(A) RNA polymerase GLD2 isoform 2 [Homo sapiens]	TRUE	TENT2
XP_013392207.1	NP_001375055.1	0	N/A	26.882	279	63	2.45e-14	77	poly(A) RNA polymerase GLD2 isoform 2 [Homo sapiens]	TRUE	TENT2
XP_013392207.1	NP_001375054.1	0	N/A	26.882	279	63	2.45e-14	77	poly(A) RNA polymerase GLD2 isoform 2 [Homo sapiens]	TRUE	TENT2
XP_013392207.1	NP_001375053.1	0	N/A	26.882	279	63	2.45e-14	77	poly(A) RNA polymerase GLD2 isoform 2 [Homo sapiens]	TRUE	TENT2
XP_013392207.1	NP_001375052.1	0	N/A	26.882	279	63	2.45e-14	77	poly(A) RNA polymerase GLD2 isoform 2 [Homo sapiens]	TRUE	TENT2
XP_013392207.1	NP_001375051.1	0	N/A	26.882	279	63	2.45e-14	77	poly(A) RNA polymerase GLD2 isoform 2 [Homo sapiens]	TRUE	TENT2
XP_013392207.1	NP_001375050.1	0	N/A	26.882	279	63	2.45e-14	77	poly(A) RNA polymerase GLD2 isoform 2 [Homo sapiens]	TRUE	TENT2
XP_013392207.1	NP_001375049.1	0	N/A	26.882	279	63	2.45e-14	77	poly(A) RNA polymerase GLD2 isoform 2 [Homo sapiens]	TRUE	TENT2
XP_013392207.1	NP_001375048.1	0	N/A	26.882	279	63	2.45e-14	77	poly(A) RNA polymerase GLD2 isoform 2 [Homo sapiens]	TRUE	TENT2
XP_013392207.1	NP_001375047.1	0	N/A	26.882	279	63	2.45e-14	77	poly(A) RNA polymerase GLD2 isoform 2 [Homo sapiens]	TRUE	TENT2
XP_013392207.1	NP_001375046.1	0	N/A	26.882	279	63	2.45e-14	77	poly(A) RNA polymerase GLD2 isoform 2 [Homo sapiens]	TRUE	TENT2
XP_013392207.1	NP_001375045.1	0	N/A	26.882	279	63	2.45e-14	77	poly(A) RNA polymerase GLD2 isoform 2 [Homo sapiens]	TRUE	TENT2
XP_013392207.1	NP_001375044.1	0	N/A	26.882	279	63	2.45e-14	77	poly(A) RNA polymerase GLD2 isoform 2 [Homo sapiens]	TRUE	TENT2
XP_013392207.1	NP_001375043.1	0	N/A	26.882	279	63	2.45e-14	77	poly(A) RNA polymerase GLD2 isoform 2 [Homo sapiens]	TRUE	TENT2
XP_013392207.1	NP_001336483.1	0	N/A	26.882	279	63	2.45e-14	77	poly(A) RNA polymerase GLD2 isoform 2 [Homo sapiens]	TRUE	TENT2
XP_013392207.1	NP_001284673.1	0	N/A	26.882	279	63	2.45e-14	77	poly(A) RNA polymerase GLD2 isoform 2 [Homo sapiens]	TRUE	TENT2
XP_013392207.1	NP_001375059.1	0	N/A	26.882	279	63	2.49e-14	77	poly(A) RNA polymerase GLD2 isoform 10 [Homo sapiens]	TRUE	TENT2
XP_013392207.1	NP_001375042.1	0	N/A	26.882	279	63	2.54e-14	77	poly(A) RNA polymerase GLD2 isoform 16 [Homo sapiens]	TRUE	TENT2
XP_013392207.1	XP_047272801.1	0	N/A	25.902	305	63	4.89e-14	76.3	poly(A) RNA polymerase GLD2 isoform X1 [Homo sapiens]	TRUE	TENT2
XP_013392207.1	XP_047272800.1	0	N/A	25.902	305	63	4.89e-14	76.3	poly(A) RNA polymerase GLD2 isoform X1 [Homo sapiens]	TRUE	TENT2
XP_013392207.1	XP_011541527.1	0	N/A	25.902	305	63	4.89e-14	76.3	poly(A) RNA polymerase GLD2 isoform X1 [Homo sapiens]	TRUE	TENT2
XP_013392207.1	XP_011541526.1	0	N/A	25.902	305	63	4.89e-14	76.3	poly(A) RNA polymerase GLD2 isoform X1 [Homo sapiens]	TRUE	TENT2
XP_013392207.1	XP_011541523.1	0	N/A	25.902	305	63	4.89e-14	76.3	poly(A) RNA polymerase GLD2 isoform X1 [Homo sapiens]	TRUE	TENT2
XP_013392207.1	XP_011541522.1	0	N/A	25.902	305	63	4.89e-14	76.3	poly(A) RNA polymerase GLD2 isoform X1 [Homo sapiens]	TRUE	TENT2
XP_013392207.1	NP_001375023.1	0	N/A	25.902	305	63	4.89e-14	76.3	poly(A) RNA polymerase GLD2 isoform 5 [Homo sapiens]	TRUE	TENT2
XP_013392207.1	NP_001375022.1	0	N/A	25.902	305	63	4.89e-14	76.3	poly(A) RNA polymerase GLD2 isoform 5 [Homo sapiens]	TRUE	TENT2
XP_013392207.1	NP_001336479.1	0	N/A	25.902	305	63	4.89e-14	76.3	poly(A) RNA polymerase GLD2 isoform 5 [Homo sapiens]	TRUE	TENT2
XP_013392207.1	NP_001336478.1	0	N/A	25.902	305	63	4.89e-14	76.3	poly(A) RNA polymerase GLD2 isoform 5 [Homo sapiens]	TRUE	TENT2
XP_013392207.1	NP_001375029.1	0	N/A	26.897	290	63	5.41e-13	73.2	poly(A) RNA polymerase GLD2 isoform 8 [Homo sapiens]	TRUE	TENT2
XP_013392207.1	NP_001375028.1	0	N/A	26.897	290	63	5.41e-13	73.2	poly(A) RNA polymerase GLD2 isoform 8 [Homo sapiens]	TRUE	TENT2
XP_013392207.1	NP_001375030.1	0	N/A	26.897	290	63	6.3e-13	72.8	poly(A) RNA polymerase GLD2 isoform 9 [Homo sapiens]	TRUE	TENT2
XP_013392207.1	XP_047272820.1	0	N/A	29.448	163	36	2.21e-09	60.5	poly(A) RNA polymerase GLD2 isoform X11 [Homo sapiens]	TRUE	TENT2
XP_013392207.1	NP_001336477.1	0	N/A	29.448	163	36	3.19e-09	60.1	poly(A) RNA polymerase GLD2 isoform 4 [Homo sapiens]	TRUE	TENT2
XP_013392207.1	NP_073741.3	0	N/A	28.421	190	41	8.65e-09	60.5	speckle targeted PIP5K1A-regulated poly(A) polymerase isoform 1 [Homo sapiens]	TRUE	Tut1
XP_013392207.1	XP_047272818.1	0	N/A	26.961	204	48	2.01e-08	58.2	poly(A) RNA polymerase GLD2 isoform X10 [Homo sapiens]	TRUE	TENT2
XP_013392207.1	XP_047272817.1	0	N/A	26.106	226	48	3.15e-08	57.8	poly(A) RNA polymerase GLD2 isoform X9 [Homo sapiens]	TRUE	TENT2
XP_013392207.1	XP_047272816.1	0	N/A	25.652	230	48	9.23e-08	56.2	poly(A) RNA polymerase GLD2 isoform X8 [Homo sapiens]	TRUE	TENT2
XP_013392207.1	NP_001375066.1	0	N/A	31.496	127	27	6.53e-07	53.1	poly(A) RNA polymerase GLD2 isoform 15 [Homo sapiens]	TRUE	TENT2
XP_013392207.1	NP_001317647.1	0	N/A	23.81	189	44	6.53e-06	51.2	terminal uridylyltransferase 7 isoform 3 [Homo sapiens]	TRUE	Tut7
XP_013392207.1	XP_011517316.1	0	N/A	23.81	189	44	9.49e-06	50.8	terminal uridylyltransferase 7 isoform X1 [Homo sapiens]	TRUE	Tut7
XP_013392207.1	XP_011517315.1	0	N/A	23.81	189	44	9.49e-06	50.8	terminal uridylyltransferase 7 isoform X1 [Homo sapiens]	TRUE	Tut7
XP_013392207.1	XP_011517314.1	0	N/A	23.81	189	44	9.49e-06	50.8	terminal uridylyltransferase 7 isoform X1 [Homo sapiens]	TRUE	Tut7
XP_013392207.1	XP_011517313.1	0	N/A	23.81	189	44	9.49e-06	50.8	terminal uridylyltransferase 7 isoform X1 [Homo sapiens]	TRUE	Tut7
XP_013392207.1	XP_016870620.1	0	N/A	25.131	191	44	9.69e-06	50.8	terminal uridylyltransferase 7 isoform X4 [Homo sapiens]	TRUE	Tut7
XP_013392207.1	XP_016870619.1	0	N/A	25.131	191	44	9.69e-06	50.8	terminal uridylyltransferase 7 isoform X4 [Homo sapiens]	TRUE	Tut7
XP_013392207.1	NP_078893.2	0	N/A	25.131	191	44	9.69e-06	50.8	terminal uridylyltransferase 7 isoform 1 [Homo sapiens]	TRUE	Tut7
XP_013392207.1	NP_001171988.1	0	N/A	25.131	191	44	9.69e-06	50.8	terminal uridylyltransferase 7 isoform 1 [Homo sapiens]	TRUE	Tut7
XP_013392207.1	XP_005252265.1	0	N/A	25.131	191	44	1.04e-05	50.8	terminal uridylyltransferase 7 isoform X7 [Homo sapiens]	TRUE	Tut7
XP_013392207.1	XP_047279825.1	0	N/A	25.131	191	44	1.05e-05	50.8	terminal uridylyltransferase 7 isoform X6 [Homo sapiens]	TRUE	Tut7
XP_013392207.1	XP_047279824.1	0	N/A	25.131	191	44	1.05e-05	50.8	terminal uridylyltransferase 7 isoform X6 [Homo sapiens]	TRUE	Tut7
XP_013392207.1	XP_005252264.1	0	N/A	25.131	191	44	1.05e-05	50.8	terminal uridylyltransferase 7 isoform X6 [Homo sapiens]	TRUE	Tut7
XP_013392207.1	XP_011517318.1	0	N/A	25.131	191	44	1.05e-05	50.8	terminal uridylyltransferase 7 isoform X5 [Homo sapiens]	TRUE	Tut7
XP_013392207.1	XP_011517317.1	0	N/A	25.131	191	44	1.05e-05	50.8	terminal uridylyltransferase 7 isoform X3 [Homo sapiens]	TRUE	Tut7
XP_013392207.1	XP_047279823.1	0	N/A	25.131	191	44	1.11e-05	50.4	terminal uridylyltransferase 7 isoform X2 [Homo sapiens]	TRUE	Tut7
XP_013392207.1	XP_006717346.1	0	N/A	25.131	191	44	1.11e-05	50.4	terminal uridylyltransferase 7 isoform X2 [Homo sapiens]	TRUE	Tut7
XP_013392207.1	XP_047272814.1	0	N/A	22.388	268	63	4.07e-05	48.1	poly(A) RNA polymerase GLD2 isoform X6 [Homo sapiens]	TRUE	TENT2
XP_013392207.1	XP_047272813.1	0	N/A	22.388	268	63	4.07e-05	48.1	poly(A) RNA polymerase GLD2 isoform X6 [Homo sapiens]	TRUE	TENT2
XP_013392207.1	XP_047272812.1	0	N/A	22.388	268	63	4.07e-05	48.1	poly(A) RNA polymerase GLD2 isoform X6 [Homo sapiens]	TRUE	TENT2
XP_013392207.1	NP_001375062.1	0	N/A	22.388	268	63	4.07e-05	48.1	poly(A) RNA polymerase GLD2 isoform 3 [Homo sapiens]	TRUE	TENT2
XP_013392207.1	NP_001284674.1	0	N/A	22.388	268	63	4.07e-05	48.1	poly(A) RNA polymerase GLD2 isoform 3 [Homo sapiens]	TRUE	TENT2
XP_013392207.1	XP_047272815.1	0	N/A	22.388	268	63	4.91e-05	48.1	poly(A) RNA polymerase GLD2 isoform X7 [Homo sapiens]	TRUE	TENT2
XP_013392207.1	NP_001375064.1	0	N/A	22.388	268	63	4.91e-05	48.1	poly(A) RNA polymerase GLD2 isoform 13 [Homo sapiens]	TRUE	TENT2
XP_013392207.1	NP_001375063.1	0	N/A	22.388	268	63	4.91e-05	48.1	poly(A) RNA polymerase GLD2 isoform 13 [Homo sapiens]	TRUE	TENT2
XP_013392395.1	NP_001035375.2	0	N/A	61.126	373	51	2.55e-154	463	terminal nucleotidyltransferase 4B isoform b [Homo sapiens]	TRUE	TENT4B
XP_013392395.1	XP_011521578.1	0	N/A	61.126	373	51	2.63e-154	463	terminal nucleotidyltransferase 4B isoform X2 [Homo sapiens]	TRUE	TENT4B
XP_013392395.1	NP_001165276.2	0	N/A	60.526	380	53	3.16e-154	468	terminal nucleotidyltransferase 4A isoform 2 [Homo sapiens]	TRUE	TENT4A
XP_013392395.1	NP_008930.2	0	N/A	60.526	380	53	3.59e-154	468	terminal nucleotidyltransferase 4A isoform 1 [Homo sapiens]	TRUE	TENT4A
XP_013392395.1	XP_047290432.1	0	N/A	61.126	373	51	4.65e-154	462	terminal nucleotidyltransferase 4B isoform X4 [Homo sapiens]	TRUE	TENT4B
XP_013392395.1	NP_001035374.2	0	N/A	61.126	373	51	5.91e-154	464	terminal nucleotidyltransferase 4B isoform a [Homo sapiens]	TRUE	TENT4B
XP_013392395.1	XP_011521577.1	0	N/A	61.126	373	51	6.1e-154	464	terminal nucleotidyltransferase 4B isoform X1 [Homo sapiens]	TRUE	TENT4B
XP_013392395.1	NP_001352252.1	0	N/A	61.126	373	51	8.17e-154	464	terminal nucleotidyltransferase 4B isoform c [Homo sapiens]	TRUE	TENT4B
XP_013392395.1	XP_047290431.1	0	N/A	61.126	373	51	1.41e-153	462	terminal nucleotidyltransferase 4B isoform X3 [Homo sapiens]	TRUE	TENT4B
XP_013392395.1	NP_001352253.1	0	N/A	61.126	373	51	3.06e-153	463	terminal nucleotidyltransferase 4B isoform d [Homo sapiens]	TRUE	TENT4B
XP_013392395.1	XP_047290433.1	0	N/A	65.714	315	45	3.66e-145	434	terminal nucleotidyltransferase 4B isoform X6 [Homo sapiens]	TRUE	TENT4B
XP_013392395.1	XP_011521580.1	0	N/A	65.714	315	45	8.64e-145	434	terminal nucleotidyltransferase 4B isoform X5 [Homo sapiens]	TRUE	TENT4B
XP_013392395.1	XP_047272622.1	0	N/A	64.821	307	44	1.44e-138	419	terminal nucleotidyltransferase 4A isoform X1 [Homo sapiens]	TRUE	TENT4A
XP_013392395.1	XP_047272621.1	0	N/A	64.821	307	44	1.44e-138	419	terminal nucleotidyltransferase 4A isoform X1 [Homo sapiens]	TRUE	TENT4A
XP_013392395.1	XP_047272620.1	0	N/A	64.821	307	44	1.44e-138	419	terminal nucleotidyltransferase 4A isoform X1 [Homo sapiens]	TRUE	TENT4A
XP_013392395.1	XP_047272624.1	0	N/A	65.436	298	43	9.23e-137	414	terminal nucleotidyltransferase 4A isoform X3 [Homo sapiens]	TRUE	TENT4A
XP_013392395.1	XP_047272623.1	0	N/A	65.436	298	43	9.95e-137	414	terminal nucleotidyltransferase 4A isoform X2 [Homo sapiens]	TRUE	TENT4A
XP_013392395.1	XP_016864477.1	0	N/A	65.436	298	43	9.95e-137	414	terminal nucleotidyltransferase 4A isoform X2 [Homo sapiens]	TRUE	TENT4A
XP_013392395.1	XP_047272811.1	0	N/A	23.129	294	37	1.12e-12	73.6	poly(A) RNA polymerase GLD2 isoform X4 [Homo sapiens]	TRUE	TENT2
XP_013392395.1	XP_047272810.1	0	N/A	23.129	294	37	1.12e-12	73.6	poly(A) RNA polymerase GLD2 isoform X4 [Homo sapiens]	TRUE	TENT2
XP_013392395.1	XP_047272809.1	0	N/A	23.129	294	37	1.12e-12	73.6	poly(A) RNA polymerase GLD2 isoform X4 [Homo sapiens]	TRUE	TENT2
XP_013392395.1	NP_001375058.1	0	N/A	23.129	294	37	1.12e-12	73.6	poly(A) RNA polymerase GLD2 isoform 2 [Homo sapiens]	TRUE	TENT2
XP_013392395.1	NP_001375057.1	0	N/A	23.129	294	37	1.12e-12	73.6	poly(A) RNA polymerase GLD2 isoform 2 [Homo sapiens]	TRUE	TENT2
XP_013392395.1	NP_001375056.1	0	N/A	23.129	294	37	1.12e-12	73.6	poly(A) RNA polymerase GLD2 isoform 2 [Homo sapiens]	TRUE	TENT2
XP_013392395.1	NP_001375055.1	0	N/A	23.129	294	37	1.12e-12	73.6	poly(A) RNA polymerase GLD2 isoform 2 [Homo sapiens]	TRUE	TENT2
XP_013392395.1	NP_001375054.1	0	N/A	23.129	294	37	1.12e-12	73.6	poly(A) RNA polymerase GLD2 isoform 2 [Homo sapiens]	TRUE	TENT2
XP_013392395.1	NP_001375053.1	0	N/A	23.129	294	37	1.12e-12	73.6	poly(A) RNA polymerase GLD2 isoform 2 [Homo sapiens]	TRUE	TENT2
XP_013392395.1	NP_001375052.1	0	N/A	23.129	294	37	1.12e-12	73.6	poly(A) RNA polymerase GLD2 isoform 2 [Homo sapiens]	TRUE	TENT2
XP_013392395.1	NP_001375051.1	0	N/A	23.129	294	37	1.12e-12	73.6	poly(A) RNA polymerase GLD2 isoform 2 [Homo sapiens]	TRUE	TENT2
XP_013392395.1	NP_001375050.1	0	N/A	23.129	294	37	1.12e-12	73.6	poly(A) RNA polymerase GLD2 isoform 2 [Homo sapiens]	TRUE	TENT2
XP_013392395.1	NP_001375049.1	0	N/A	23.129	294	37	1.12e-12	73.6	poly(A) RNA polymerase GLD2 isoform 2 [Homo sapiens]	TRUE	TENT2
XP_013392395.1	NP_001375048.1	0	N/A	23.129	294	37	1.12e-12	73.6	poly(A) RNA polymerase GLD2 isoform 2 [Homo sapiens]	TRUE	TENT2
XP_013392395.1	NP_001375047.1	0	N/A	23.129	294	37	1.12e-12	73.6	poly(A) RNA polymerase GLD2 isoform 2 [Homo sapiens]	TRUE	TENT2
XP_013392395.1	NP_001375046.1	0	N/A	23.129	294	37	1.12e-12	73.6	poly(A) RNA polymerase GLD2 isoform 2 [Homo sapiens]	TRUE	TENT2
XP_013392395.1	NP_001375045.1	0	N/A	23.129	294	37	1.12e-12	73.6	poly(A) RNA polymerase GLD2 isoform 2 [Homo sapiens]	TRUE	TENT2
XP_013392395.1	NP_001375044.1	0	N/A	23.129	294	37	1.12e-12	73.6	poly(A) RNA polymerase GLD2 isoform 2 [Homo sapiens]	TRUE	TENT2
XP_013392395.1	NP_001375043.1	0	N/A	23.129	294	37	1.12e-12	73.6	poly(A) RNA polymerase GLD2 isoform 2 [Homo sapiens]	TRUE	TENT2
XP_013392395.1	NP_001336483.1	0	N/A	23.129	294	37	1.12e-12	73.6	poly(A) RNA polymerase GLD2 isoform 2 [Homo sapiens]	TRUE	TENT2
XP_013392395.1	NP_001284673.1	0	N/A	23.129	294	37	1.12e-12	73.6	poly(A) RNA polymerase GLD2 isoform 2 [Homo sapiens]	TRUE	TENT2
XP_013392395.1	NP_001375059.1	0	N/A	23.129	294	37	1.3e-12	73.2	poly(A) RNA polymerase GLD2 isoform 10 [Homo sapiens]	TRUE	TENT2
XP_013392395.1	NP_001375061.1	0	N/A	23.129	294	37	2.1e-12	72.4	poly(A) RNA polymerase GLD2 isoform 12 [Homo sapiens]	TRUE	TENT2
XP_013392395.1	XP_047272808.1	0	N/A	22.819	298	37	2.99e-12	72	poly(A) RNA polymerase GLD2 isoform X3 [Homo sapiens]	TRUE	TENT2
XP_013392395.1	XP_047272807.1	0	N/A	22.819	298	37	2.99e-12	72	poly(A) RNA polymerase GLD2 isoform X3 [Homo sapiens]	TRUE	TENT2
XP_013392395.1	XP_047272806.1	0	N/A	22.819	298	37	2.99e-12	72	poly(A) RNA polymerase GLD2 isoform X3 [Homo sapiens]	TRUE	TENT2
XP_013392395.1	NP_776158.2	0	N/A	22.819	298	37	2.99e-12	72	poly(A) RNA polymerase GLD2 isoform 1 [Homo sapiens]	TRUE	TENT2
XP_013392395.1	NP_001375041.1	0	N/A	22.819	298	37	2.99e-12	72	poly(A) RNA polymerase GLD2 isoform 1 [Homo sapiens]	TRUE	TENT2
XP_013392395.1	NP_001375040.1	0	N/A	22.819	298	37	2.99e-12	72	poly(A) RNA polymerase GLD2 isoform 1 [Homo sapiens]	TRUE	TENT2
XP_013392395.1	NP_001375039.1	0	N/A	22.819	298	37	2.99e-12	72	poly(A) RNA polymerase GLD2 isoform 1 [Homo sapiens]	TRUE	TENT2
XP_013392395.1	NP_001375038.1	0	N/A	22.819	298	37	2.99e-12	72	poly(A) RNA polymerase GLD2 isoform 1 [Homo sapiens]	TRUE	TENT2
XP_013392395.1	NP_001375037.1	0	N/A	22.819	298	37	2.99e-12	72	poly(A) RNA polymerase GLD2 isoform 1 [Homo sapiens]	TRUE	TENT2
XP_013392395.1	NP_001375036.1	0	N/A	22.819	298	37	2.99e-12	72	poly(A) RNA polymerase GLD2 isoform 1 [Homo sapiens]	TRUE	TENT2
XP_013392395.1	NP_001375035.1	0	N/A	22.819	298	37	2.99e-12	72	poly(A) RNA polymerase GLD2 isoform 1 [Homo sapiens]	TRUE	TENT2
XP_013392395.1	NP_001375034.1	0	N/A	22.819	298	37	2.99e-12	72	poly(A) RNA polymerase GLD2 isoform 1 [Homo sapiens]	TRUE	TENT2
XP_013392395.1	NP_001375032.1	0	N/A	22.819	298	37	2.99e-12	72	poly(A) RNA polymerase GLD2 isoform 1 [Homo sapiens]	TRUE	TENT2
XP_013392395.1	NP_001375031.1	0	N/A	22.819	298	37	2.99e-12	72	poly(A) RNA polymerase GLD2 isoform 1 [Homo sapiens]	TRUE	TENT2
XP_013392395.1	NP_001336482.1	0	N/A	22.819	298	37	2.99e-12	72	poly(A) RNA polymerase GLD2 isoform 1 [Homo sapiens]	TRUE	TENT2
XP_013392395.1	NP_001336481.1	0	N/A	22.819	298	37	2.99e-12	72	poly(A) RNA polymerase GLD2 isoform 1 [Homo sapiens]	TRUE	TENT2
XP_013392395.1	NP_001107866.1	0	N/A	22.819	298	37	2.99e-12	72	poly(A) RNA polymerase GLD2 isoform 1 [Homo sapiens]	TRUE	TENT2
XP_013392395.1	NP_001107865.1	0	N/A	22.819	298	37	2.99e-12	72	poly(A) RNA polymerase GLD2 isoform 1 [Homo sapiens]	TRUE	TENT2
XP_013392395.1	NP_001375042.1	0	N/A	22.819	298	37	3.06e-12	72	poly(A) RNA polymerase GLD2 isoform 16 [Homo sapiens]	TRUE	TENT2
XP_013392395.1	XP_047279823.1	0	N/A	27.638	199	28	3.43e-12	72.8	terminal uridylyltransferase 7 isoform X2 [Homo sapiens]	TRUE	Tut7
XP_013392395.1	XP_006717346.1	0	N/A	27.638	199	28	3.43e-12	72.8	terminal uridylyltransferase 7 isoform X2 [Homo sapiens]	TRUE	Tut7
XP_013392395.1	XP_016870620.1	0	N/A	27.638	199	28	4.26e-12	72.4	terminal uridylyltransferase 7 isoform X4 [Homo sapiens]	TRUE	Tut7
XP_013392395.1	XP_016870619.1	0	N/A	27.638	199	28	4.26e-12	72.4	terminal uridylyltransferase 7 isoform X4 [Homo sapiens]	TRUE	Tut7
XP_013392395.1	NP_078893.2	0	N/A	27.638	199	28	4.26e-12	72.4	terminal uridylyltransferase 7 isoform 1 [Homo sapiens]	TRUE	Tut7
XP_013392395.1	NP_001171988.1	0	N/A	27.638	199	28	4.26e-12	72.4	terminal uridylyltransferase 7 isoform 1 [Homo sapiens]	TRUE	Tut7
XP_013392395.1	NP_001317647.1	0	N/A	27.638	199	28	4.34e-12	72	terminal uridylyltransferase 7 isoform 3 [Homo sapiens]	TRUE	Tut7
XP_013392395.1	XP_047279825.1	0	N/A	27.638	199	28	4.43e-12	72.4	terminal uridylyltransferase 7 isoform X6 [Homo sapiens]	TRUE	Tut7
XP_013392395.1	XP_047279824.1	0	N/A	27.638	199	28	4.43e-12	72.4	terminal uridylyltransferase 7 isoform X6 [Homo sapiens]	TRUE	Tut7
XP_013392395.1	XP_005252264.1	0	N/A	27.638	199	28	4.43e-12	72.4	terminal uridylyltransferase 7 isoform X6 [Homo sapiens]	TRUE	Tut7
XP_013392395.1	XP_011517318.1	0	N/A	27.638	199	28	4.48e-12	72.4	terminal uridylyltransferase 7 isoform X5 [Homo sapiens]	TRUE	Tut7
XP_013392395.1	XP_011517317.1	0	N/A	27.638	199	28	4.59e-12	72.4	terminal uridylyltransferase 7 isoform X3 [Homo sapiens]	TRUE	Tut7
XP_013392395.1	XP_011517316.1	0	N/A	27.638	199	28	5.05e-12	72.4	terminal uridylyltransferase 7 isoform X1 [Homo sapiens]	TRUE	Tut7
XP_013392395.1	XP_011517315.1	0	N/A	27.638	199	28	5.05e-12	72.4	terminal uridylyltransferase 7 isoform X1 [Homo sapiens]	TRUE	Tut7
XP_013392395.1	XP_011517314.1	0	N/A	27.638	199	28	5.05e-12	72.4	terminal uridylyltransferase 7 isoform X1 [Homo sapiens]	TRUE	Tut7
XP_013392395.1	XP_011517313.1	0	N/A	27.638	199	28	5.05e-12	72.4	terminal uridylyltransferase 7 isoform X1 [Homo sapiens]	TRUE	Tut7
XP_013392395.1	XP_005252265.1	0	N/A	27.638	199	28	5.21e-12	72.4	terminal uridylyltransferase 7 isoform X7 [Homo sapiens]	TRUE	Tut7
XP_013392395.1	NP_001375060.1	0	N/A	22.819	298	37	5.67e-12	71.2	poly(A) RNA polymerase GLD2 isoform 11 [Homo sapiens]	TRUE	TENT2
XP_013392395.1	NP_001375065.1	0	N/A	23.129	294	37	9.61e-12	69.7	poly(A) RNA polymerase GLD2 isoform 14 [Homo sapiens]	TRUE	TENT2
XP_013392395.1	XP_016856293.1	0	N/A	28.571	196	26	5.32e-11	68.9	terminal uridylyltransferase 4 isoform X16 [Homo sapiens]	TRUE	Tut4
XP_013392395.1	XP_047272288.1	0	N/A	28.571	196	26	5.47e-11	68.9	terminal uridylyltransferase 4 isoform X10 [Homo sapiens]	TRUE	Tut4
XP_013392395.1	XP_016856299.1	0	N/A	28.571	196	26	5.78e-11	68.9	terminal uridylyltransferase 4 isoform X40 [Homo sapiens]	TRUE	Tut4
XP_013392395.1	XP_047272384.1	0	N/A	28.718	195	26	6.26e-11	68.6	terminal uridylyltransferase 4 isoform X46 [Homo sapiens]	TRUE	Tut4
XP_013392395.1	XP_047272283.1	0	N/A	28.571	196	26	6.34e-11	68.9	terminal uridylyltransferase 4 isoform X6 [Homo sapiens]	TRUE	Tut4
XP_013392395.1	XP_005270737.1	0	N/A	28.571	196	26	6.34e-11	68.9	terminal uridylyltransferase 4 isoform X6 [Homo sapiens]	TRUE	Tut4
XP_013392395.1	XP_047272281.1	0	N/A	28.571	196	26	6.5e-11	68.9	terminal uridylyltransferase 4 isoform X4 [Homo sapiens]	TRUE	Tut4
XP_013392395.1	NP_001009881.1	0	N/A	28.571	196	26	6.5e-11	68.9	terminal uridylyltransferase 4 isoform a [Homo sapiens]	TRUE	Tut4
XP_013392395.1	XP_047272365.1	0	N/A	28.571	196	26	6.63e-11	68.6	terminal uridylyltransferase 4 isoform X38 [Homo sapiens]	TRUE	Tut4
XP_013392395.1	XP_047272282.1	0	N/A	28.571	196	26	6.96e-11	68.6	terminal uridylyltransferase 4 isoform X5 [Homo sapiens]	TRUE	Tut4
XP_013392395.1	NP_056084.1	0	N/A	28.571	196	26	6.96e-11	68.6	terminal uridylyltransferase 4 isoform b [Homo sapiens]	TRUE	Tut4
XP_013392395.1	XP_047272285.1	0	N/A	28.571	196	26	7.01e-11	68.6	terminal uridylyltransferase 4 isoform X7 [Homo sapiens]	TRUE	Tut4
XP_013392395.1	XP_016856292.1	0	N/A	28.571	196	26	7.18e-11	68.6	terminal uridylyltransferase 4 isoform X9 [Homo sapiens]	TRUE	Tut4
XP_013392395.1	XP_016856297.1	0	N/A	28.571	196	26	7.54e-11	68.6	terminal uridylyltransferase 4 isoform X36 [Homo sapiens]	TRUE	Tut4
XP_013392395.1	XP_005270739.1	0	N/A	28.571	196	26	8.08e-11	68.6	terminal uridylyltransferase 4 isoform X33 [Homo sapiens]	TRUE	Tut4
XP_013392395.1	XP_047272345.1	0	N/A	28.571	196	26	8.16e-11	68.6	terminal uridylyltransferase 4 isoform X31 [Homo sapiens]	TRUE	Tut4
XP_013392395.1	XP_016856296.1	0	N/A	28.571	196	26	8.18e-11	68.6	terminal uridylyltransferase 4 isoform X28 [Homo sapiens]	TRUE	Tut4
XP_013392395.1	XP_011539401.1	0	N/A	28.571	196	26	8.37e-11	68.6	terminal uridylyltransferase 4 isoform X29 [Homo sapiens]	TRUE	Tut4
XP_013392395.1	XP_047272337.1	0	N/A	28.571	196	26	8.91e-11	68.2	terminal uridylyltransferase 4 isoform X27 [Homo sapiens]	TRUE	Tut4
XP_013392395.1	XP_047272280.1	0	N/A	28.571	196	26	8.92e-11	68.2	terminal uridylyltransferase 4 isoform X3 [Homo sapiens]	TRUE	Tut4
XP_013392395.1	XP_005270736.1	0	N/A	28.571	196	26	8.92e-11	68.2	terminal uridylyltransferase 4 isoform X3 [Homo sapiens]	TRUE	Tut4
XP_013407419.1	XP_047272623.1	0	N/A	66.972	218	17	4.68e-93	312	terminal nucleotidyltransferase 4A isoform X2 [Homo sapiens]	TRUE	TENT4A
XP_013407419.1	XP_016864477.1	0	N/A	66.972	218	17	4.68e-93	312	terminal nucleotidyltransferase 4A isoform X2 [Homo sapiens]	TRUE	TENT4A
XP_013407419.1	XP_047272624.1	0	N/A	66.972	218	17	4.69e-93	311	terminal nucleotidyltransferase 4A isoform X3 [Homo sapiens]	TRUE	TENT4A
XP_013407419.1	XP_047272622.1	0	N/A	66.972	218	17	5.23e-93	312	terminal nucleotidyltransferase 4A isoform X1 [Homo sapiens]	TRUE	TENT4A
XP_013407419.1	XP_047272621.1	0	N/A	66.972	218	17	5.23e-93	312	terminal nucleotidyltransferase 4A isoform X1 [Homo sapiens]	TRUE	TENT4A
XP_013407419.1	XP_047272620.1	0	N/A	66.972	218	17	5.23e-93	312	terminal nucleotidyltransferase 4A isoform X1 [Homo sapiens]	TRUE	TENT4A
XP_013407419.1	XP_047290433.1	0	N/A	64.935	231	18	4.75e-91	304	terminal nucleotidyltransferase 4B isoform X6 [Homo sapiens]	TRUE	TENT4B
XP_013407419.1	NP_008930.2	0	N/A	66.972	218	17	1.35e-90	313	terminal nucleotidyltransferase 4A isoform 1 [Homo sapiens]	TRUE	TENT4A
XP_013407419.1	NP_001165276.2	0	N/A	66.972	218	17	1.51e-90	312	terminal nucleotidyltransferase 4A isoform 2 [Homo sapiens]	TRUE	TENT4A
XP_013407419.1	XP_011521580.1	0	N/A	64.935	231	18	1.94e-90	304	terminal nucleotidyltransferase 4B isoform X5 [Homo sapiens]	TRUE	TENT4B
XP_013407419.1	NP_001035375.2	0	N/A	64.935	231	18	2.61e-89	305	terminal nucleotidyltransferase 4B isoform b [Homo sapiens]	TRUE	TENT4B
XP_013407419.1	XP_011521578.1	0	N/A	64.935	231	18	2.68e-89	305	terminal nucleotidyltransferase 4B isoform X2 [Homo sapiens]	TRUE	TENT4B
XP_013407419.1	XP_047290432.1	0	N/A	64.935	231	18	4.07e-89	304	terminal nucleotidyltransferase 4B isoform X4 [Homo sapiens]	TRUE	TENT4B
XP_013407419.1	XP_047290431.1	0	N/A	64.935	231	18	7.25e-89	304	terminal nucleotidyltransferase 4B isoform X3 [Homo sapiens]	TRUE	TENT4B
XP_013407419.1	NP_001035374.2	0	N/A	64.935	231	18	8.99e-89	305	terminal nucleotidyltransferase 4B isoform a [Homo sapiens]	TRUE	TENT4B
XP_013407419.1	XP_011521577.1	0	N/A	64.935	231	18	9.21e-89	305	terminal nucleotidyltransferase 4B isoform X1 [Homo sapiens]	TRUE	TENT4B
XP_013407419.1	NP_001352252.1	0	N/A	64.935	231	18	1.17e-88	305	terminal nucleotidyltransferase 4B isoform c [Homo sapiens]	TRUE	TENT4B
XP_013407419.1	NP_001352253.1	0	N/A	64.935	231	18	1.65e-88	305	terminal nucleotidyltransferase 4B isoform d [Homo sapiens]	TRUE	TENT4B
XP_013407419.1	XP_016868008.1	0	N/A	21.847	444	35	2.94e-26	119	zinc finger protein 862 isoform X3 [Homo sapiens]	FALSE	NA
XP_013407419.1	NP_001092690.1	0	N/A	21.847	444	35	3.33e-26	119	zinc finger protein 862 [Homo sapiens]	FALSE	NA
XP_013407419.1	XP_024302634.1	0	N/A	21.847	444	35	3.61e-26	119	zinc finger protein 862 isoform X4 [Homo sapiens]	FALSE	NA
XP_013407419.1	XP_011514767.1	0	N/A	21.847	444	35	3.98e-26	119	zinc finger protein 862 isoform X5 [Homo sapiens]	FALSE	NA
XP_013407419.1	XP_011514766.1	0	N/A	21.847	444	35	4.14e-26	119	zinc finger protein 862 isoform X2 [Homo sapiens]	FALSE	NA
XP_013407419.1	XP_011514765.1	0	N/A	21.847	444	35	6.06e-26	119	zinc finger protein 862 isoform X1 [Homo sapiens]	FALSE	NA
XP_013407419.1	XP_006716148.1	0	N/A	21.847	444	35	6.06e-26	119	zinc finger protein 862 isoform X1 [Homo sapiens]	FALSE	NA
XP_013407419.1	XP_011514768.1	0	N/A	21.847	444	35	9.85e-26	117	zinc finger protein 862 isoform X6 [Homo sapiens]	FALSE	NA
XP_013407419.1	XP_011518528.1	0	N/A	21.888	466	36	7.86e-25	115	PR domain-containing protein 11 isoform X2 [Homo sapiens]	FALSE	NA
XP_013407419.1	XP_011518527.1	0	N/A	21.888	466	36	9.83e-25	115	PR domain-containing protein 11 isoform X1 [Homo sapiens]	FALSE	NA
XP_013407419.1	XP_011518526.1	0	N/A	21.888	466	36	9.83e-25	115	PR domain-containing protein 11 isoform X1 [Homo sapiens]	FALSE	NA
XP_013407419.1	XP_011518524.1	0	N/A	21.888	466	36	9.83e-25	115	PR domain-containing protein 11 isoform X1 [Homo sapiens]	FALSE	NA
XP_013407419.1	NP_001371577.1	0	N/A	21.888	466	36	9.83e-25	115	PR domain-containing protein 11 isoform 1 [Homo sapiens]	FALSE	NA
XP_013407419.1	NP_001243624.1	0	N/A	21.888	466	36	9.83e-25	115	PR domain-containing protein 11 isoform 1 [Homo sapiens]	FALSE	NA
XP_013407419.1	XP_011518530.1	0	N/A	21.888	466	36	1.61e-24	114	PR domain-containing protein 11 isoform X3 [Homo sapiens]	FALSE	NA
XP_013407419.1	NP_065982.1	0	N/A	25.824	364	28	7.44e-19	95.5	E3 SUMO-protein ligase KIAA1586 isoform a [Homo sapiens]	FALSE	NA
XP_013407419.1	NP_001273203.1	0	N/A	25.824	364	28	9.41e-19	95.1	E3 SUMO-protein ligase KIAA1586 isoform b [Homo sapiens]	FALSE	NA
XP_013407419.1	NP_001273205.1	0	N/A	25.824	364	28	2.03e-18	94	E3 SUMO-protein ligase KIAA1586 isoform c [Homo sapiens]	FALSE	NA
XP_013407419.1	NP_001273204.1	0	N/A	25.824	364	28	2.03e-18	94	E3 SUMO-protein ligase KIAA1586 isoform c [Homo sapiens]	FALSE	NA
XP_013407419.1	XP_054185709.1	0	N/A	24.815	270	21	2.14e-11	71.6	SCAN domain-containing protein 3 isoform X1 [Homo sapiens]	FALSE	NA
XP_013407419.1	XP_054185708.1	0	N/A	24.815	270	21	2.14e-11	71.6	SCAN domain-containing protein 3 isoform X1 [Homo sapiens]	FALSE	NA
XP_013407419.1	XP_054185707.1	0	N/A	24.815	270	21	2.14e-11	71.6	SCAN domain-containing protein 3 isoform X1 [Homo sapiens]	FALSE	NA
XP_013407419.1	XP_054185706.1	0	N/A	24.815	270	21	2.14e-11	71.6	SCAN domain-containing protein 3 isoform X1 [Homo sapiens]	FALSE	NA
XP_013407419.1	XP_047274114.1	0	N/A	24.815	270	21	2.14e-11	71.6	SCAN domain-containing protein 3 isoform X1 [Homo sapiens]	FALSE	NA
XP_013407419.1	XP_047274113.1	0	N/A	24.815	270	21	2.14e-11	71.6	SCAN domain-containing protein 3 isoform X1 [Homo sapiens]	FALSE	NA
XP_013407419.1	XP_047274112.1	0	N/A	24.815	270	21	2.14e-11	71.6	SCAN domain-containing protein 3 isoform X1 [Homo sapiens]	FALSE	NA
XP_013407419.1	NP_443155.1	0	N/A	24.815	270	21	2.14e-11	71.6	SCAN domain-containing protein 3 isoform 1 [Homo sapiens]	FALSE	NA
XP_013407419.1	XP_054185710.1	0	N/A	24.815	270	21	4.43e-11	70.5	SCAN domain-containing protein 3 isoform X2 [Homo sapiens]	FALSE	NA
XP_013407419.1	XP_011512589.1	0	N/A	24.815	270	21	4.43e-11	70.5	SCAN domain-containing protein 3 isoform X2 [Homo sapiens]	FALSE	NA
XP_013407419.1	NP_001316545.1	0	N/A	24.815	270	21	4.43e-11	70.5	SCAN domain-containing protein 3 isoform 2 [Homo sapiens]	FALSE	NA
XP_013407419.1	XP_011512590.1	0	N/A	24.815	270	21	4.71e-11	70.1	SCAN domain-containing protein 3 isoform X3 [Homo sapiens]	FALSE	NA
XP_013407419.1	NP_001336477.1	0	N/A	25.263	190	13	7.48e-09	60.8	poly(A) RNA polymerase GLD2 isoform 4 [Homo sapiens]	TRUE	TENT2
XP_013407419.1	XP_047272820.1	0	N/A	25.263	190	13	1.17e-08	60.1	poly(A) RNA polymerase GLD2 isoform X11 [Homo sapiens]	TRUE	TENT2
XP_013407419.1	NP_001375059.1	0	N/A	25.263	190	13	1.53e-08	61.2	poly(A) RNA polymerase GLD2 isoform 10 [Homo sapiens]	TRUE	TENT2
XP_013407419.1	XP_047272811.1	0	N/A	25.263	190	13	1.53e-08	61.2	poly(A) RNA polymerase GLD2 isoform X4 [Homo sapiens]	TRUE	TENT2
XP_013407419.1	XP_047272810.1	0	N/A	25.263	190	13	1.53e-08	61.2	poly(A) RNA polymerase GLD2 isoform X4 [Homo sapiens]	TRUE	TENT2
XP_013407419.1	XP_047272809.1	0	N/A	25.263	190	13	1.53e-08	61.2	poly(A) RNA polymerase GLD2 isoform X4 [Homo sapiens]	TRUE	TENT2
XP_013407419.1	NP_001375058.1	0	N/A	25.263	190	13	1.53e-08	61.2	poly(A) RNA polymerase GLD2 isoform 2 [Homo sapiens]	TRUE	TENT2
XP_013407419.1	NP_001375057.1	0	N/A	25.263	190	13	1.53e-08	61.2	poly(A) RNA polymerase GLD2 isoform 2 [Homo sapiens]	TRUE	TENT2
XP_013407419.1	NP_001375056.1	0	N/A	25.263	190	13	1.53e-08	61.2	poly(A) RNA polymerase GLD2 isoform 2 [Homo sapiens]	TRUE	TENT2
XP_013407419.1	NP_001375055.1	0	N/A	25.263	190	13	1.53e-08	61.2	poly(A) RNA polymerase GLD2 isoform 2 [Homo sapiens]	TRUE	TENT2
XP_013407419.1	NP_001375054.1	0	N/A	25.263	190	13	1.53e-08	61.2	poly(A) RNA polymerase GLD2 isoform 2 [Homo sapiens]	TRUE	TENT2
XP_013407419.1	NP_001375053.1	0	N/A	25.263	190	13	1.53e-08	61.2	poly(A) RNA polymerase GLD2 isoform 2 [Homo sapiens]	TRUE	TENT2
XP_013407419.1	NP_001375052.1	0	N/A	25.263	190	13	1.53e-08	61.2	poly(A) RNA polymerase GLD2 isoform 2 [Homo sapiens]	TRUE	TENT2
XP_013407419.1	NP_001375051.1	0	N/A	25.263	190	13	1.53e-08	61.2	poly(A) RNA polymerase GLD2 isoform 2 [Homo sapiens]	TRUE	TENT2
XP_013407419.1	NP_001375050.1	0	N/A	25.263	190	13	1.53e-08	61.2	poly(A) RNA polymerase GLD2 isoform 2 [Homo sapiens]	TRUE	TENT2
XP_013407419.1	NP_001375049.1	0	N/A	25.263	190	13	1.53e-08	61.2	poly(A) RNA polymerase GLD2 isoform 2 [Homo sapiens]	TRUE	TENT2
XP_013407419.1	NP_001375048.1	0	N/A	25.263	190	13	1.53e-08	61.2	poly(A) RNA polymerase GLD2 isoform 2 [Homo sapiens]	TRUE	TENT2
XP_013407419.1	NP_001375047.1	0	N/A	25.263	190	13	1.53e-08	61.2	poly(A) RNA polymerase GLD2 isoform 2 [Homo sapiens]	TRUE	TENT2
XP_013407419.1	NP_001375046.1	0	N/A	25.263	190	13	1.53e-08	61.2	poly(A) RNA polymerase GLD2 isoform 2 [Homo sapiens]	TRUE	TENT2
XP_013407419.1	NP_001375045.1	0	N/A	25.263	190	13	1.53e-08	61.2	poly(A) RNA polymerase GLD2 isoform 2 [Homo sapiens]	TRUE	TENT2
XP_013407419.1	NP_001375044.1	0	N/A	25.263	190	13	1.53e-08	61.2	poly(A) RNA polymerase GLD2 isoform 2 [Homo sapiens]	TRUE	TENT2
XP_013407419.1	NP_001375043.1	0	N/A	25.263	190	13	1.53e-08	61.2	poly(A) RNA polymerase GLD2 isoform 2 [Homo sapiens]	TRUE	TENT2
XP_013407419.1	NP_001336483.1	0	N/A	25.263	190	13	1.53e-08	61.2	poly(A) RNA polymerase GLD2 isoform 2 [Homo sapiens]	TRUE	TENT2
XP_013407419.1	NP_001284673.1	0	N/A	25.263	190	13	1.53e-08	61.2	poly(A) RNA polymerase GLD2 isoform 2 [Homo sapiens]	TRUE	TENT2
XP_013407419.1	NP_001375061.1	0	N/A	25.263	190	13	1.63e-08	61.2	poly(A) RNA polymerase GLD2 isoform 12 [Homo sapiens]	TRUE	TENT2
XP_013407419.1	NP_001375060.1	0	N/A	25.263	190	13	1.65e-08	61.2	poly(A) RNA polymerase GLD2 isoform 11 [Homo sapiens]	TRUE	TENT2
XP_013407419.1	XP_047272805.1	0	N/A	25.263	190	13	1.76e-08	61.2	poly(A) RNA polymerase GLD2 isoform X2 [Homo sapiens]	TRUE	TENT2
XP_013407419.1	XP_047272804.1	0	N/A	25.263	190	13	1.76e-08	61.2	poly(A) RNA polymerase GLD2 isoform X2 [Homo sapiens]	TRUE	TENT2
XP_013407419.1	XP_047272803.1	0	N/A	25.263	190	13	1.76e-08	61.2	poly(A) RNA polymerase GLD2 isoform X2 [Homo sapiens]	TRUE	TENT2
XP_013407419.1	XP_047272802.1	0	N/A	25.263	190	13	1.76e-08	61.2	poly(A) RNA polymerase GLD2 isoform X2 [Homo sapiens]	TRUE	TENT2
XP_013407419.1	XP_016864641.1	0	N/A	25.263	190	13	1.76e-08	61.2	poly(A) RNA polymerase GLD2 isoform X2 [Homo sapiens]	TRUE	TENT2
XP_013407419.1	NP_001375026.1	0	N/A	25.263	190	13	1.76e-08	61.2	poly(A) RNA polymerase GLD2 isoform 6 [Homo sapiens]	TRUE	TENT2
XP_013407419.1	NP_001375025.1	0	N/A	25.263	190	13	1.76e-08	61.2	poly(A) RNA polymerase GLD2 isoform 6 [Homo sapiens]	TRUE	TENT2
XP_013407419.1	NP_001375024.1	0	N/A	25.263	190	13	1.76e-08	61.2	poly(A) RNA polymerase GLD2 isoform 6 [Homo sapiens]	TRUE	TENT2
XP_013407419.1	NP_001336480.1	0	N/A	25.263	190	13	1.76e-08	61.2	poly(A) RNA polymerase GLD2 isoform 6 [Homo sapiens]	TRUE	TENT2
XP_013407419.1	XP_047272808.1	0	N/A	25.263	190	13	1.79e-08	61.2	poly(A) RNA polymerase GLD2 isoform X3 [Homo sapiens]	TRUE	TENT2
XP_013407419.1	XP_047272807.1	0	N/A	25.263	190	13	1.79e-08	61.2	poly(A) RNA polymerase GLD2 isoform X3 [Homo sapiens]	TRUE	TENT2
XP_013407419.1	XP_047272806.1	0	N/A	25.263	190	13	1.79e-08	61.2	poly(A) RNA polymerase GLD2 isoform X3 [Homo sapiens]	TRUE	TENT2
XP_013407419.1	NP_776158.2	0	N/A	25.263	190	13	1.79e-08	61.2	poly(A) RNA polymerase GLD2 isoform 1 [Homo sapiens]	TRUE	TENT2
XP_013407419.1	NP_001375041.1	0	N/A	25.263	190	13	1.79e-08	61.2	poly(A) RNA polymerase GLD2 isoform 1 [Homo sapiens]	TRUE	TENT2
XP_013407419.1	NP_001375040.1	0	N/A	25.263	190	13	1.79e-08	61.2	poly(A) RNA polymerase GLD2 isoform 1 [Homo sapiens]	TRUE	TENT2
XP_013407419.1	NP_001375039.1	0	N/A	25.263	190	13	1.79e-08	61.2	poly(A) RNA polymerase GLD2 isoform 1 [Homo sapiens]	TRUE	TENT2
XP_013407419.1	NP_001375038.1	0	N/A	25.263	190	13	1.79e-08	61.2	poly(A) RNA polymerase GLD2 isoform 1 [Homo sapiens]	TRUE	TENT2
XP_013407419.1	NP_001375037.1	0	N/A	25.263	190	13	1.79e-08	61.2	poly(A) RNA polymerase GLD2 isoform 1 [Homo sapiens]	TRUE	TENT2
XP_013407419.1	NP_001375036.1	0	N/A	25.263	190	13	1.79e-08	61.2	poly(A) RNA polymerase GLD2 isoform 1 [Homo sapiens]	TRUE	TENT2
XP_013407419.1	NP_001375035.1	0	N/A	25.263	190	13	1.79e-08	61.2	poly(A) RNA polymerase GLD2 isoform 1 [Homo sapiens]	TRUE	TENT2
XP_013407419.1	NP_001375034.1	0	N/A	25.263	190	13	1.79e-08	61.2	poly(A) RNA polymerase GLD2 isoform 1 [Homo sapiens]	TRUE	TENT2
XP_013407419.1	NP_001375032.1	0	N/A	25.263	190	13	1.79e-08	61.2	poly(A) RNA polymerase GLD2 isoform 1 [Homo sapiens]	TRUE	TENT2
XP_013407419.1	NP_001375031.1	0	N/A	25.263	190	13	1.79e-08	61.2	poly(A) RNA polymerase GLD2 isoform 1 [Homo sapiens]	TRUE	TENT2
XP_013407419.1	NP_001336482.1	0	N/A	25.263	190	13	1.79e-08	61.2	poly(A) RNA polymerase GLD2 isoform 1 [Homo sapiens]	TRUE	TENT2
XP_013407419.1	NP_001336481.1	0	N/A	25.263	190	13	1.79e-08	61.2	poly(A) RNA polymerase GLD2 isoform 1 [Homo sapiens]	TRUE	TENT2
XP_013417089.1	XP_047272337.1	0	N/A	42.955	1022	69	0	793	terminal uridylyltransferase 4 isoform X27 [Homo sapiens]	TRUE	Tut4
XP_013417089.1	XP_016856295.1	0	N/A	42.955	1022	69	0	793	terminal uridylyltransferase 4 isoform X25 [Homo sapiens]	TRUE	Tut4
XP_013417089.1	XP_047272325.1	0	N/A	42.955	1022	69	0	792	terminal uridylyltransferase 4 isoform X23 [Homo sapiens]	TRUE	Tut4
XP_013417089.1	XP_016856296.1	0	N/A	42.955	1022	69	0	792	terminal uridylyltransferase 4 isoform X28 [Homo sapiens]	TRUE	Tut4
XP_013417089.1	XP_047272283.1	0	N/A	41.573	1068	69	0	783	terminal uridylyltransferase 4 isoform X6 [Homo sapiens]	TRUE	Tut4
XP_013417089.1	XP_011539399.1	0	N/A	41.573	1068	69	0	783	terminal uridylyltransferase 4 isoform X1 [Homo sapiens]	TRUE	Tut4
XP_013417089.1	XP_005270737.1	0	N/A	41.573	1068	69	0	783	terminal uridylyltransferase 4 isoform X6 [Homo sapiens]	TRUE	Tut4
XP_013417089.1	XP_005270733.1	0	N/A	41.573	1068	69	0	783	terminal uridylyltransferase 4 isoform X1 [Homo sapiens]	TRUE	Tut4
XP_013417089.1	XP_047272282.1	0	N/A	41.573	1068	69	0	783	terminal uridylyltransferase 4 isoform X5 [Homo sapiens]	TRUE	Tut4
XP_013417089.1	XP_047272280.1	0	N/A	41.573	1068	69	0	783	terminal uridylyltransferase 4 isoform X3 [Homo sapiens]	TRUE	Tut4
XP_013417089.1	XP_005270736.1	0	N/A	41.573	1068	69	0	783	terminal uridylyltransferase 4 isoform X3 [Homo sapiens]	TRUE	Tut4
XP_013417089.1	XP_005270735.1	0	N/A	41.573	1068	69	0	783	terminal uridylyltransferase 4 isoform X2 [Homo sapiens]	TRUE	Tut4
XP_013417089.1	NP_056084.1	0	N/A	41.573	1068	69	0	783	terminal uridylyltransferase 4 isoform b [Homo sapiens]	TRUE	Tut4
XP_013417089.1	XP_047272281.1	0	N/A	41.573	1068	69	0	783	terminal uridylyltransferase 4 isoform X4 [Homo sapiens]	TRUE	Tut4
XP_013417089.1	NP_001009881.1	0	N/A	41.573	1068	69	0	783	terminal uridylyltransferase 4 isoform a [Homo sapiens]	TRUE	Tut4
XP_013417089.1	XP_047272350.1	0	N/A	41.92	1021	69	0	765	terminal uridylyltransferase 4 isoform X34 [Homo sapiens]	TRUE	Tut4
XP_013417089.1	XP_047272344.1	0	N/A	41.92	1021	69	0	765	terminal uridylyltransferase 4 isoform X30 [Homo sapiens]	TRUE	Tut4
XP_013417089.1	XP_047272305.1	0	N/A	40.581	1067	69	0	757	terminal uridylyltransferase 4 isoform X17 [Homo sapiens]	TRUE	Tut4
XP_013417089.1	XP_047272295.1	0	N/A	40.581	1067	69	0	757	terminal uridylyltransferase 4 isoform X12 [Homo sapiens]	TRUE	Tut4
XP_013417089.1	XP_047272296.1	0	N/A	40.581	1067	69	0	756	terminal uridylyltransferase 4 isoform X13 [Homo sapiens]	TRUE	Tut4
XP_013417089.1	XP_047272290.1	0	N/A	40.581	1067	69	0	756	terminal uridylyltransferase 4 isoform X11 [Homo sapiens]	TRUE	Tut4
XP_013417089.1	XP_047272286.1	0	N/A	40.581	1067	69	0	756	terminal uridylyltransferase 4 isoform X8 [Homo sapiens]	TRUE	Tut4
XP_013417089.1	XP_047272345.1	0	N/A	41.487	1022	69	0	745	terminal uridylyltransferase 4 isoform X31 [Homo sapiens]	TRUE	Tut4
XP_013417089.1	XP_011539401.1	0	N/A	41.487	1022	69	0	745	terminal uridylyltransferase 4 isoform X29 [Homo sapiens]	TRUE	Tut4
XP_013417089.1	XP_047272288.1	0	N/A	41.34	1045	69	0	740	terminal uridylyltransferase 4 isoform X10 [Homo sapiens]	TRUE	Tut4
XP_013417089.1	XP_016856292.1	0	N/A	41.34	1045	69	0	740	terminal uridylyltransferase 4 isoform X9 [Homo sapiens]	TRUE	Tut4
XP_013417089.1	XP_016856293.1	0	N/A	41.34	1045	69	0	739	terminal uridylyltransferase 4 isoform X16 [Homo sapiens]	TRUE	Tut4
XP_013417089.1	XP_047272285.1	0	N/A	41.34	1045	69	0	739	terminal uridylyltransferase 4 isoform X7 [Homo sapiens]	TRUE	Tut4
XP_013417089.1	XP_047272348.1	0	N/A	39.53	1022	69	0	702	terminal uridylyltransferase 4 isoform X32 [Homo sapiens]	TRUE	Tut4
XP_013417089.1	XP_047272367.1	0	N/A	39.53	1022	69	0	701	terminal uridylyltransferase 4 isoform X39 [Homo sapiens]	TRUE	Tut4
XP_013417089.1	XP_047272362.1	0	N/A	39.53	1022	69	0	701	terminal uridylyltransferase 4 isoform X37 [Homo sapiens]	TRUE	Tut4
XP_013417089.1	XP_047272354.1	0	N/A	39.53	1022	69	0	701	terminal uridylyltransferase 4 isoform X35 [Homo sapiens]	TRUE	Tut4
XP_013417089.1	XP_047272307.1	0	N/A	38.296	1068	69	0	692	terminal uridylyltransferase 4 isoform X19 [Homo sapiens]	TRUE	Tut4
XP_013417089.1	XP_047272306.1	0	N/A	38.296	1068	69	0	692	terminal uridylyltransferase 4 isoform X18 [Homo sapiens]	TRUE	Tut4
XP_013417089.1	XP_016856294.1	0	N/A	38.296	1068	69	0	692	terminal uridylyltransferase 4 isoform X20 [Homo sapiens]	TRUE	Tut4
XP_013417089.1	XP_047272303.1	0	N/A	38.296	1068	69	0	692	terminal uridylyltransferase 4 isoform X15 [Homo sapiens]	TRUE	Tut4
XP_013417089.1	XP_005270738.1	0	N/A	38.296	1068	69	0	692	terminal uridylyltransferase 4 isoform X14 [Homo sapiens]	TRUE	Tut4
XP_013417089.1	XP_047272369.1	0	N/A	38.063	1022	69	0	653	terminal uridylyltransferase 4 isoform X41 [Homo sapiens]	TRUE	Tut4
XP_013417089.1	XP_047272327.1	0	N/A	37.99	1045	69	0	648	terminal uridylyltransferase 4 isoform X24 [Homo sapiens]	TRUE	Tut4
XP_013417089.1	XP_047272320.1	0	N/A	37.99	1045	69	0	648	terminal uridylyltransferase 4 isoform X22 [Homo sapiens]	TRUE	Tut4
XP_013417089.1	XP_047272336.1	0	N/A	37.99	1045	69	0	648	terminal uridylyltransferase 4 isoform X26 [Homo sapiens]	TRUE	Tut4
XP_013417089.1	XP_047272311.1	0	N/A	37.99	1045	69	0	648	terminal uridylyltransferase 4 isoform X21 [Homo sapiens]	TRUE	Tut4
XP_013417089.1	XP_047272365.1	0	N/A	46.63	727	48	0	616	terminal uridylyltransferase 4 isoform X38 [Homo sapiens]	TRUE	Tut4
XP_013417089.1	XP_016856299.1	0	N/A	46.63	727	48	0	616	terminal uridylyltransferase 4 isoform X40 [Homo sapiens]	TRUE	Tut4
XP_013417089.1	XP_016856297.1	0	N/A	46.63	727	48	0	616	terminal uridylyltransferase 4 isoform X36 [Homo sapiens]	TRUE	Tut4
XP_013417089.1	XP_005270739.1	0	N/A	46.63	727	48	0	616	terminal uridylyltransferase 4 isoform X33 [Homo sapiens]	TRUE	Tut4
XP_013417089.1	XP_047272372.1	0	N/A	45.179	726	48	0	589	terminal uridylyltransferase 4 isoform X42 [Homo sapiens]	TRUE	Tut4
XP_013417089.1	NP_001317647.1	0	N/A	56.41	468	31	1.17e-172	538	terminal uridylyltransferase 7 isoform 3 [Homo sapiens]	TRUE	Tut7
XP_013417089.1	XP_005252265.1	0	N/A	57.556	450	31	1.46e-165	537	terminal uridylyltransferase 7 isoform X7 [Homo sapiens]	TRUE	Tut7
XP_013417089.1	XP_047279825.1	0	N/A	56.41	468	31	3.81e-165	538	terminal uridylyltransferase 7 isoform X6 [Homo sapiens]	TRUE	Tut7
XP_013417089.1	XP_047279824.1	0	N/A	56.41	468	31	3.81e-165	538	terminal uridylyltransferase 7 isoform X6 [Homo sapiens]	TRUE	Tut7
XP_013417089.1	XP_005252264.1	0	N/A	56.41	468	31	3.81e-165	538	terminal uridylyltransferase 7 isoform X6 [Homo sapiens]	TRUE	Tut7
XP_013417089.1	XP_016870620.1	0	N/A	56.41	468	31	6.85e-165	538	terminal uridylyltransferase 7 isoform X4 [Homo sapiens]	TRUE	Tut7
XP_013417089.1	XP_016870619.1	0	N/A	56.41	468	31	6.85e-165	538	terminal uridylyltransferase 7 isoform X4 [Homo sapiens]	TRUE	Tut7
XP_013417089.1	NP_078893.2	0	N/A	56.41	468	31	6.85e-165	538	terminal uridylyltransferase 7 isoform 1 [Homo sapiens]	TRUE	Tut7
XP_013417089.1	NP_001171988.1	0	N/A	56.41	468	31	6.85e-165	538	terminal uridylyltransferase 7 isoform 1 [Homo sapiens]	TRUE	Tut7
XP_013417089.1	XP_011517318.1	0	N/A	56.41	468	31	7.71e-165	538	terminal uridylyltransferase 7 isoform X5 [Homo sapiens]	TRUE	Tut7
XP_013417089.1	XP_047279823.1	0	N/A	56.41	468	31	8.71e-165	539	terminal uridylyltransferase 7 isoform X2 [Homo sapiens]	TRUE	Tut7
XP_013417089.1	XP_006717346.1	0	N/A	56.41	468	31	8.71e-165	539	terminal uridylyltransferase 7 isoform X2 [Homo sapiens]	TRUE	Tut7
XP_013417089.1	XP_011517317.1	0	N/A	56.41	468	31	1.49e-164	538	terminal uridylyltransferase 7 isoform X3 [Homo sapiens]	TRUE	Tut7
XP_013417089.1	XP_011517316.1	0	N/A	56.41	468	31	2.44e-164	538	terminal uridylyltransferase 7 isoform X1 [Homo sapiens]	TRUE	Tut7
XP_013417089.1	XP_011517315.1	0	N/A	56.41	468	31	2.44e-164	538	terminal uridylyltransferase 7 isoform X1 [Homo sapiens]	TRUE	Tut7
XP_013417089.1	XP_011517314.1	0	N/A	56.41	468	31	2.44e-164	538	terminal uridylyltransferase 7 isoform X1 [Homo sapiens]	TRUE	Tut7
XP_013417089.1	XP_011517313.1	0	N/A	56.41	468	31	2.44e-164	538	terminal uridylyltransferase 7 isoform X1 [Homo sapiens]	TRUE	Tut7
XP_013417089.1	XP_047272384.1	0	N/A	59.674	429	29	9.89e-161	511	terminal uridylyltransferase 4 isoform X46 [Homo sapiens]	TRUE	Tut4
XP_013417089.1	XP_047272377.1	0	N/A	41.816	727	48	3.76e-160	525	terminal uridylyltransferase 4 isoform X44 [Homo sapiens]	TRUE	Tut4
XP_013417089.1	XP_047272373.1	0	N/A	41.816	727	48	6.07e-160	525	terminal uridylyltransferase 4 isoform X43 [Homo sapiens]	TRUE	Tut4
XP_013417089.1	NP_001172003.1	0	N/A	61.043	326	22	2.62e-120	410	terminal uridylyltransferase 7 isoform 2 [Homo sapiens]	TRUE	Tut7
XP_013417089.1	XP_047279826.1	0	N/A	32.388	423	27	2.9e-64	241	terminal uridylyltransferase 7 isoform X8 [Homo sapiens]	TRUE	Tut7
XP_013417089.1	XP_016856307.1	0	N/A	33.333	435	28	4.3e-58	221	terminal uridylyltransferase 4 isoform X45 [Homo sapiens]	TRUE	Tut4
XP_013417089.1	NP_001375065.1	0	N/A	32.797	311	21	4.82e-36	143	poly(A) RNA polymerase GLD2 isoform 14 [Homo sapiens]	TRUE	TENT2
XP_013417089.1	NP_001375061.1	0	N/A	32.797	311	21	8.92e-36	145	poly(A) RNA polymerase GLD2 isoform 12 [Homo sapiens]	TRUE	TENT2
XP_013417089.1	NP_001375059.1	0	N/A	32.797	311	21	1.09e-35	145	poly(A) RNA polymerase GLD2 isoform 10 [Homo sapiens]	TRUE	TENT2
XP_013417089.1	XP_047272811.1	0	N/A	32.797	311	21	1.15e-35	145	poly(A) RNA polymerase GLD2 isoform X4 [Homo sapiens]	TRUE	TENT2
XP_013417089.1	XP_047272810.1	0	N/A	32.797	311	21	1.15e-35	145	poly(A) RNA polymerase GLD2 isoform X4 [Homo sapiens]	TRUE	TENT2
XP_013417089.1	XP_047272809.1	0	N/A	32.797	311	21	1.15e-35	145	poly(A) RNA polymerase GLD2 isoform X4 [Homo sapiens]	TRUE	TENT2
XP_013417089.1	NP_001375058.1	0	N/A	32.797	311	21	1.15e-35	145	poly(A) RNA polymerase GLD2 isoform 2 [Homo sapiens]	TRUE	TENT2
XP_013417089.1	NP_001375057.1	0	N/A	32.797	311	21	1.15e-35	145	poly(A) RNA polymerase GLD2 isoform 2 [Homo sapiens]	TRUE	TENT2
XP_013417089.1	NP_001375056.1	0	N/A	32.797	311	21	1.15e-35	145	poly(A) RNA polymerase GLD2 isoform 2 [Homo sapiens]	TRUE	TENT2
XP_013417089.1	NP_001375055.1	0	N/A	32.797	311	21	1.15e-35	145	poly(A) RNA polymerase GLD2 isoform 2 [Homo sapiens]	TRUE	TENT2
XP_013417089.1	NP_001375054.1	0	N/A	32.797	311	21	1.15e-35	145	poly(A) RNA polymerase GLD2 isoform 2 [Homo sapiens]	TRUE	TENT2
XP_013417089.1	NP_001375053.1	0	N/A	32.797	311	21	1.15e-35	145	poly(A) RNA polymerase GLD2 isoform 2 [Homo sapiens]	TRUE	TENT2
XP_013417089.1	NP_001375052.1	0	N/A	32.797	311	21	1.15e-35	145	poly(A) RNA polymerase GLD2 isoform 2 [Homo sapiens]	TRUE	TENT2
XP_013417089.1	NP_001375051.1	0	N/A	32.797	311	21	1.15e-35	145	poly(A) RNA polymerase GLD2 isoform 2 [Homo sapiens]	TRUE	TENT2
XP_013417089.1	NP_001375050.1	0	N/A	32.797	311	21	1.15e-35	145	poly(A) RNA polymerase GLD2 isoform 2 [Homo sapiens]	TRUE	TENT2
XP_013417089.1	NP_001375049.1	0	N/A	32.797	311	21	1.15e-35	145	poly(A) RNA polymerase GLD2 isoform 2 [Homo sapiens]	TRUE	TENT2
XP_013417089.1	NP_001375048.1	0	N/A	32.797	311	21	1.15e-35	145	poly(A) RNA polymerase GLD2 isoform 2 [Homo sapiens]	TRUE	TENT2
XP_013417089.1	NP_001375047.1	0	N/A	32.797	311	21	1.15e-35	145	poly(A) RNA polymerase GLD2 isoform 2 [Homo sapiens]	TRUE	TENT2
XP_013417089.1	NP_001375046.1	0	N/A	32.797	311	21	1.15e-35	145	poly(A) RNA polymerase GLD2 isoform 2 [Homo sapiens]	TRUE	TENT2
XP_013417089.1	NP_001375045.1	0	N/A	32.797	311	21	1.15e-35	145	poly(A) RNA polymerase GLD2 isoform 2 [Homo sapiens]	TRUE	TENT2
XP_013417089.1	NP_001375044.1	0	N/A	32.797	311	21	1.15e-35	145	poly(A) RNA polymerase GLD2 isoform 2 [Homo sapiens]	TRUE	TENT2
XP_013417089.1	NP_001375043.1	0	N/A	32.797	311	21	1.15e-35	145	poly(A) RNA polymerase GLD2 isoform 2 [Homo sapiens]	TRUE	TENT2
XP_013417089.1	NP_001336483.1	0	N/A	32.797	311	21	1.15e-35	145	poly(A) RNA polymerase GLD2 isoform 2 [Homo sapiens]	TRUE	TENT2
XP_013417089.1	NP_001284673.1	0	N/A	32.797	311	21	1.15e-35	145	poly(A) RNA polymerase GLD2 isoform 2 [Homo sapiens]	TRUE	TENT2
XP_013417089.1	NP_001375060.1	0	N/A	32.051	312	21	1.69e-35	144	poly(A) RNA polymerase GLD2 isoform 11 [Homo sapiens]	TRUE	TENT2
XP_013417089.1	XP_047272808.1	0	N/A	32.051	312	21	2.09e-35	144	poly(A) RNA polymerase GLD2 isoform X3 [Homo sapiens]	TRUE	TENT2
XP_013417089.1	XP_047272807.1	0	N/A	32.051	312	21	2.09e-35	144	poly(A) RNA polymerase GLD2 isoform X3 [Homo sapiens]	TRUE	TENT2
XP_013417089.1	XP_047272806.1	0	N/A	32.051	312	21	2.09e-35	144	poly(A) RNA polymerase GLD2 isoform X3 [Homo sapiens]	TRUE	TENT2
XP_013417089.1	NP_776158.2	0	N/A	32.051	312	21	2.09e-35	144	poly(A) RNA polymerase GLD2 isoform 1 [Homo sapiens]	TRUE	TENT2
XP_013417089.1	NP_001375041.1	0	N/A	32.051	312	21	2.09e-35	144	poly(A) RNA polymerase GLD2 isoform 1 [Homo sapiens]	TRUE	TENT2
XP_013754263.1	NP_001317647.1	0	N/A	29.674	337	52	1.72e-28	123	terminal uridylyltransferase 7 isoform 3 [Homo sapiens]	TRUE	Tut7
XP_013754263.1	XP_016870620.1	0	N/A	29.762	336	52	2.41e-28	124	terminal uridylyltransferase 7 isoform X4 [Homo sapiens]	TRUE	Tut7
XP_013754263.1	XP_016870619.1	0	N/A	29.762	336	52	2.41e-28	124	terminal uridylyltransferase 7 isoform X4 [Homo sapiens]	TRUE	Tut7
XP_013754263.1	NP_078893.2	0	N/A	29.762	336	52	2.41e-28	124	terminal uridylyltransferase 7 isoform 1 [Homo sapiens]	TRUE	Tut7
XP_013754263.1	NP_001171988.1	0	N/A	29.762	336	52	2.41e-28	124	terminal uridylyltransferase 7 isoform 1 [Homo sapiens]	TRUE	Tut7
XP_013754263.1	XP_047279823.1	0	N/A	29.762	336	52	2.42e-28	124	terminal uridylyltransferase 7 isoform X2 [Homo sapiens]	TRUE	Tut7
XP_013754263.1	XP_006717346.1	0	N/A	29.762	336	52	2.42e-28	124	terminal uridylyltransferase 7 isoform X2 [Homo sapiens]	TRUE	Tut7
XP_013754263.1	XP_047279825.1	0	N/A	29.762	336	52	2.46e-28	124	terminal uridylyltransferase 7 isoform X6 [Homo sapiens]	TRUE	Tut7
XP_013754263.1	XP_047279824.1	0	N/A	29.762	336	52	2.46e-28	124	terminal uridylyltransferase 7 isoform X6 [Homo sapiens]	TRUE	Tut7
XP_013754263.1	XP_005252264.1	0	N/A	29.762	336	52	2.46e-28	124	terminal uridylyltransferase 7 isoform X6 [Homo sapiens]	TRUE	Tut7
XP_013754263.1	XP_011517318.1	0	N/A	29.762	336	52	2.82e-28	123	terminal uridylyltransferase 7 isoform X5 [Homo sapiens]	TRUE	Tut7
XP_013754263.1	XP_011517317.1	0	N/A	29.762	336	52	2.83e-28	123	terminal uridylyltransferase 7 isoform X3 [Homo sapiens]	TRUE	Tut7
XP_013754263.1	XP_005252265.1	0	N/A	29.762	336	52	3.28e-28	123	terminal uridylyltransferase 7 isoform X7 [Homo sapiens]	TRUE	Tut7
XP_013754263.1	XP_011517316.1	0	N/A	29.762	336	52	3.95e-28	123	terminal uridylyltransferase 7 isoform X1 [Homo sapiens]	TRUE	Tut7
XP_013754263.1	XP_011517315.1	0	N/A	29.762	336	52	3.95e-28	123	terminal uridylyltransferase 7 isoform X1 [Homo sapiens]	TRUE	Tut7
XP_013754263.1	XP_011517314.1	0	N/A	29.762	336	52	3.95e-28	123	terminal uridylyltransferase 7 isoform X1 [Homo sapiens]	TRUE	Tut7
XP_013754263.1	XP_011517313.1	0	N/A	29.762	336	52	3.95e-28	123	terminal uridylyltransferase 7 isoform X1 [Homo sapiens]	TRUE	Tut7
XP_013754263.1	XP_016856293.1	0	N/A	29.26	311	49	6.36e-28	122	terminal uridylyltransferase 4 isoform X16 [Homo sapiens]	TRUE	Tut4
XP_013754263.1	XP_047272288.1	0	N/A	29.26	311	49	6.89e-28	122	terminal uridylyltransferase 4 isoform X10 [Homo sapiens]	TRUE	Tut4
XP_013754263.1	XP_047272305.1	0	N/A	29.26	311	49	7.07e-28	122	terminal uridylyltransferase 4 isoform X17 [Homo sapiens]	TRUE	Tut4
XP_013754263.1	XP_047272295.1	0	N/A	29.26	311	49	8.99e-28	122	terminal uridylyltransferase 4 isoform X12 [Homo sapiens]	TRUE	Tut4
XP_013754263.1	XP_047272283.1	0	N/A	29.26	311	49	9.04e-28	122	terminal uridylyltransferase 4 isoform X6 [Homo sapiens]	TRUE	Tut4
XP_013754263.1	XP_005270737.1	0	N/A	29.26	311	49	9.04e-28	122	terminal uridylyltransferase 4 isoform X6 [Homo sapiens]	TRUE	Tut4
XP_013754263.1	XP_047272296.1	0	N/A	29.26	311	49	9.15e-28	122	terminal uridylyltransferase 4 isoform X13 [Homo sapiens]	TRUE	Tut4
XP_013754263.1	XP_047272285.1	0	N/A	29.26	311	49	9.33e-28	122	terminal uridylyltransferase 4 isoform X7 [Homo sapiens]	TRUE	Tut4
XP_013754263.1	XP_047272372.1	0	N/A	29.26	311	49	9.72e-28	122	terminal uridylyltransferase 4 isoform X42 [Homo sapiens]	TRUE	Tut4
XP_013754263.1	XP_047272281.1	0	N/A	29.26	311	49	1.01e-27	122	terminal uridylyltransferase 4 isoform X4 [Homo sapiens]	TRUE	Tut4
XP_013754263.1	NP_001009881.1	0	N/A	29.26	311	49	1.01e-27	122	terminal uridylyltransferase 4 isoform a [Homo sapiens]	TRUE	Tut4
XP_013754263.1	XP_016856292.1	0	N/A	29.26	311	49	1.01e-27	122	terminal uridylyltransferase 4 isoform X9 [Homo sapiens]	TRUE	Tut4
XP_013754263.1	XP_047272282.1	0	N/A	29.26	311	49	1.02e-27	122	terminal uridylyltransferase 4 isoform X5 [Homo sapiens]	TRUE	Tut4
XP_013754263.1	NP_056084.1	0	N/A	29.26	311	49	1.02e-27	122	terminal uridylyltransferase 4 isoform b [Homo sapiens]	TRUE	Tut4
XP_013754263.1	XP_047272290.1	0	N/A	29.26	311	49	1.07e-27	122	terminal uridylyltransferase 4 isoform X11 [Homo sapiens]	TRUE	Tut4
XP_013754263.1	XP_047272365.1	0	N/A	29.26	311	49	1.09e-27	121	terminal uridylyltransferase 4 isoform X38 [Homo sapiens]	TRUE	Tut4
XP_013754263.1	XP_016856299.1	0	N/A	29.26	311	49	1.14e-27	121	terminal uridylyltransferase 4 isoform X40 [Homo sapiens]	TRUE	Tut4
XP_013754263.1	XP_047272280.1	0	N/A	29.26	311	49	1.15e-27	121	terminal uridylyltransferase 4 isoform X3 [Homo sapiens]	TRUE	Tut4
XP_013754263.1	XP_005270736.1	0	N/A	29.26	311	49	1.15e-27	121	terminal uridylyltransferase 4 isoform X3 [Homo sapiens]	TRUE	Tut4
XP_013754263.1	XP_047272286.1	0	N/A	29.26	311	49	1.19e-27	121	terminal uridylyltransferase 4 isoform X8 [Homo sapiens]	TRUE	Tut4
XP_013754263.1	XP_047272350.1	0	N/A	29.26	311	49	1.2e-27	121	terminal uridylyltransferase 4 isoform X34 [Homo sapiens]	TRUE	Tut4
XP_013754263.1	XP_011539399.1	0	N/A	29.26	311	49	1.21e-27	121	terminal uridylyltransferase 4 isoform X1 [Homo sapiens]	TRUE	Tut4
XP_013754263.1	XP_005270733.1	0	N/A	29.26	311	49	1.21e-27	121	terminal uridylyltransferase 4 isoform X1 [Homo sapiens]	TRUE	Tut4
XP_013754263.1	XP_005270735.1	0	N/A	29.26	311	49	1.27e-27	121	terminal uridylyltransferase 4 isoform X2 [Homo sapiens]	TRUE	Tut4
XP_013754263.1	XP_016856297.1	0	N/A	29.26	311	49	1.29e-27	121	terminal uridylyltransferase 4 isoform X36 [Homo sapiens]	TRUE	Tut4
XP_013754263.1	XP_047272345.1	0	N/A	29.26	311	49	1.4e-27	121	terminal uridylyltransferase 4 isoform X31 [Homo sapiens]	TRUE	Tut4
XP_013754263.1	XP_016856296.1	0	N/A	29.26	311	49	1.46e-27	121	terminal uridylyltransferase 4 isoform X28 [Homo sapiens]	TRUE	Tut4
XP_013754263.1	XP_047272337.1	0	N/A	29.26	311	49	1.46e-27	121	terminal uridylyltransferase 4 isoform X27 [Homo sapiens]	TRUE	Tut4
XP_013754263.1	XP_011539401.1	0	N/A	29.26	311	49	1.59e-27	121	terminal uridylyltransferase 4 isoform X29 [Homo sapiens]	TRUE	Tut4
XP_013754263.1	XP_005270739.1	0	N/A	29.26	311	49	1.67e-27	121	terminal uridylyltransferase 4 isoform X33 [Homo sapiens]	TRUE	Tut4
XP_013754263.1	XP_016856295.1	0	N/A	29.26	311	49	1.84e-27	121	terminal uridylyltransferase 4 isoform X25 [Homo sapiens]	TRUE	Tut4
XP_013754263.1	XP_047272344.1	0	N/A	29.26	311	49	1.97e-27	120	terminal uridylyltransferase 4 isoform X30 [Homo sapiens]	TRUE	Tut4
XP_013754263.1	XP_047272325.1	0	N/A	29.26	311	49	2.2e-27	120	terminal uridylyltransferase 4 isoform X23 [Homo sapiens]	TRUE	Tut4
XP_013754263.1	XP_047272384.1	0	N/A	29.26	311	49	4.43e-27	119	terminal uridylyltransferase 4 isoform X46 [Homo sapiens]	TRUE	Tut4
XP_013754263.1	NP_001172003.1	0	N/A	31.818	242	38	4.95e-22	103	terminal uridylyltransferase 7 isoform 2 [Homo sapiens]	TRUE	Tut7
XP_013754263.1	XP_047272811.1	0	N/A	28.025	314	51	3.55e-19	93.2	poly(A) RNA polymerase GLD2 isoform X4 [Homo sapiens]	TRUE	TENT2
XP_013754263.1	XP_047272810.1	0	N/A	28.025	314	51	3.55e-19	93.2	poly(A) RNA polymerase GLD2 isoform X4 [Homo sapiens]	TRUE	TENT2
XP_013754263.1	XP_047272809.1	0	N/A	28.025	314	51	3.55e-19	93.2	poly(A) RNA polymerase GLD2 isoform X4 [Homo sapiens]	TRUE	TENT2
XP_013754263.1	NP_001375058.1	0	N/A	28.025	314	51	3.55e-19	93.2	poly(A) RNA polymerase GLD2 isoform 2 [Homo sapiens]	TRUE	TENT2
XP_013754263.1	NP_001375057.1	0	N/A	28.025	314	51	3.55e-19	93.2	poly(A) RNA polymerase GLD2 isoform 2 [Homo sapiens]	TRUE	TENT2
XP_013754263.1	NP_001375056.1	0	N/A	28.025	314	51	3.55e-19	93.2	poly(A) RNA polymerase GLD2 isoform 2 [Homo sapiens]	TRUE	TENT2
XP_013754263.1	NP_001375055.1	0	N/A	28.025	314	51	3.55e-19	93.2	poly(A) RNA polymerase GLD2 isoform 2 [Homo sapiens]	TRUE	TENT2
XP_013754263.1	NP_001375054.1	0	N/A	28.025	314	51	3.55e-19	93.2	poly(A) RNA polymerase GLD2 isoform 2 [Homo sapiens]	TRUE	TENT2
XP_013754263.1	NP_001375053.1	0	N/A	28.025	314	51	3.55e-19	93.2	poly(A) RNA polymerase GLD2 isoform 2 [Homo sapiens]	TRUE	TENT2
XP_013754263.1	NP_001375052.1	0	N/A	28.025	314	51	3.55e-19	93.2	poly(A) RNA polymerase GLD2 isoform 2 [Homo sapiens]	TRUE	TENT2
XP_013754263.1	NP_001375051.1	0	N/A	28.025	314	51	3.55e-19	93.2	poly(A) RNA polymerase GLD2 isoform 2 [Homo sapiens]	TRUE	TENT2
XP_013754263.1	NP_001375050.1	0	N/A	28.025	314	51	3.55e-19	93.2	poly(A) RNA polymerase GLD2 isoform 2 [Homo sapiens]	TRUE	TENT2
XP_013754263.1	NP_001375049.1	0	N/A	28.025	314	51	3.55e-19	93.2	poly(A) RNA polymerase GLD2 isoform 2 [Homo sapiens]	TRUE	TENT2
XP_013754263.1	NP_001375048.1	0	N/A	28.025	314	51	3.55e-19	93.2	poly(A) RNA polymerase GLD2 isoform 2 [Homo sapiens]	TRUE	TENT2
XP_013754263.1	NP_001375047.1	0	N/A	28.025	314	51	3.55e-19	93.2	poly(A) RNA polymerase GLD2 isoform 2 [Homo sapiens]	TRUE	TENT2
XP_013754263.1	NP_001375046.1	0	N/A	28.025	314	51	3.55e-19	93.2	poly(A) RNA polymerase GLD2 isoform 2 [Homo sapiens]	TRUE	TENT2
XP_013754263.1	NP_001375045.1	0	N/A	28.025	314	51	3.55e-19	93.2	poly(A) RNA polymerase GLD2 isoform 2 [Homo sapiens]	TRUE	TENT2
XP_013754263.1	NP_001375044.1	0	N/A	28.025	314	51	3.55e-19	93.2	poly(A) RNA polymerase GLD2 isoform 2 [Homo sapiens]	TRUE	TENT2
XP_013754263.1	NP_001375043.1	0	N/A	28.025	314	51	3.55e-19	93.2	poly(A) RNA polymerase GLD2 isoform 2 [Homo sapiens]	TRUE	TENT2
XP_013754263.1	NP_001336483.1	0	N/A	28.025	314	51	3.55e-19	93.2	poly(A) RNA polymerase GLD2 isoform 2 [Homo sapiens]	TRUE	TENT2
XP_013754263.1	NP_001284673.1	0	N/A	28.025	314	51	3.55e-19	93.2	poly(A) RNA polymerase GLD2 isoform 2 [Homo sapiens]	TRUE	TENT2
XP_013754263.1	NP_001375061.1	0	N/A	28.025	314	51	4.09e-19	92.8	poly(A) RNA polymerase GLD2 isoform 12 [Homo sapiens]	TRUE	TENT2
XP_013754263.1	NP_001375065.1	0	N/A	28.025	314	51	4.69e-19	91.7	poly(A) RNA polymerase GLD2 isoform 14 [Homo sapiens]	TRUE	TENT2
XP_013754263.1	NP_001375059.1	0	N/A	28.025	314	51	4.7e-19	92.8	poly(A) RNA polymerase GLD2 isoform 10 [Homo sapiens]	TRUE	TENT2
XP_013754263.1	NP_001375030.1	0	N/A	27.974	311	50	8.47e-19	92.4	poly(A) RNA polymerase GLD2 isoform 9 [Homo sapiens]	TRUE	TENT2
XP_013754263.1	XP_047272808.1	0	N/A	27.673	318	51	1.99e-17	87.8	poly(A) RNA polymerase GLD2 isoform X3 [Homo sapiens]	TRUE	TENT2
XP_013754263.1	XP_047272807.1	0	N/A	27.673	318	51	1.99e-17	87.8	poly(A) RNA polymerase GLD2 isoform X3 [Homo sapiens]	TRUE	TENT2
XP_013754263.1	XP_047272806.1	0	N/A	27.673	318	51	1.99e-17	87.8	poly(A) RNA polymerase GLD2 isoform X3 [Homo sapiens]	TRUE	TENT2
XP_013754263.1	NP_776158.2	0	N/A	27.673	318	51	1.99e-17	87.8	poly(A) RNA polymerase GLD2 isoform 1 [Homo sapiens]	TRUE	TENT2
XP_013754263.1	NP_001375041.1	0	N/A	27.673	318	51	1.99e-17	87.8	poly(A) RNA polymerase GLD2 isoform 1 [Homo sapiens]	TRUE	TENT2
XP_013754263.1	NP_001375040.1	0	N/A	27.673	318	51	1.99e-17	87.8	poly(A) RNA polymerase GLD2 isoform 1 [Homo sapiens]	TRUE	TENT2
XP_013754263.1	NP_001375039.1	0	N/A	27.673	318	51	1.99e-17	87.8	poly(A) RNA polymerase GLD2 isoform 1 [Homo sapiens]	TRUE	TENT2
XP_013754263.1	NP_001375038.1	0	N/A	27.673	318	51	1.99e-17	87.8	poly(A) RNA polymerase GLD2 isoform 1 [Homo sapiens]	TRUE	TENT2
XP_013754263.1	NP_001375037.1	0	N/A	27.673	318	51	1.99e-17	87.8	poly(A) RNA polymerase GLD2 isoform 1 [Homo sapiens]	TRUE	TENT2
XP_013754263.1	NP_001375036.1	0	N/A	27.673	318	51	1.99e-17	87.8	poly(A) RNA polymerase GLD2 isoform 1 [Homo sapiens]	TRUE	TENT2
XP_013754263.1	NP_001375035.1	0	N/A	27.673	318	51	1.99e-17	87.8	poly(A) RNA polymerase GLD2 isoform 1 [Homo sapiens]	TRUE	TENT2
XP_013754263.1	NP_001375034.1	0	N/A	27.673	318	51	1.99e-17	87.8	poly(A) RNA polymerase GLD2 isoform 1 [Homo sapiens]	TRUE	TENT2
XP_013754263.1	NP_001375032.1	0	N/A	27.673	318	51	1.99e-17	87.8	poly(A) RNA polymerase GLD2 isoform 1 [Homo sapiens]	TRUE	TENT2
XP_013754263.1	NP_001375031.1	0	N/A	27.673	318	51	1.99e-17	87.8	poly(A) RNA polymerase GLD2 isoform 1 [Homo sapiens]	TRUE	TENT2
XP_013754263.1	NP_001336482.1	0	N/A	27.673	318	51	1.99e-17	87.8	poly(A) RNA polymerase GLD2 isoform 1 [Homo sapiens]	TRUE	TENT2
XP_013754263.1	NP_001336481.1	0	N/A	27.673	318	51	1.99e-17	87.8	poly(A) RNA polymerase GLD2 isoform 1 [Homo sapiens]	TRUE	TENT2
XP_013754263.1	NP_001107866.1	0	N/A	27.673	318	51	1.99e-17	87.8	poly(A) RNA polymerase GLD2 isoform 1 [Homo sapiens]	TRUE	TENT2
XP_013754263.1	NP_001107865.1	0	N/A	27.673	318	51	1.99e-17	87.8	poly(A) RNA polymerase GLD2 isoform 1 [Homo sapiens]	TRUE	TENT2
XP_013754263.1	NP_001375042.1	0	N/A	27.673	318	51	2e-17	87.8	poly(A) RNA polymerase GLD2 isoform 16 [Homo sapiens]	TRUE	TENT2
XP_013754263.1	NP_001375060.1	0	N/A	27.673	318	51	2.51e-17	87.4	poly(A) RNA polymerase GLD2 isoform 11 [Homo sapiens]	TRUE	TENT2
XP_013754263.1	NP_001375029.1	0	N/A	27.619	315	50	4.69e-17	87	poly(A) RNA polymerase GLD2 isoform 8 [Homo sapiens]	TRUE	TENT2
XP_013754263.1	NP_001375028.1	0	N/A	27.619	315	50	4.69e-17	87	poly(A) RNA polymerase GLD2 isoform 8 [Homo sapiens]	TRUE	TENT2
XP_013754263.1	NP_001336477.1	0	N/A	26.619	278	45	1.6e-15	79.3	poly(A) RNA polymerase GLD2 isoform 4 [Homo sapiens]	TRUE	TENT2
XP_013754380.1	NP_036357.1	0	N/A	54.545	231	23	2.76e-84	275	cytosolic Fe-S cluster assembly factor NUBP2 isoform 1 [Homo sapiens]	FALSE	NA
XP_013754380.1	NP_002475.2	0	N/A	49.793	241	24	1.11e-79	265	cytosolic Fe-S cluster assembly factor NUBP1 isoform 1 [Homo sapiens]	FALSE	NA
XP_013754380.1	NP_001310526.1	0	N/A	51.982	227	22	1.51e-75	250	cytosolic Fe-S cluster assembly factor NUBP1 isoform 6 [Homo sapiens]	FALSE	NA
XP_013754380.1	NP_001310524.1	0	N/A	50.847	236	23	1.82e-75	252	cytosolic Fe-S cluster assembly factor NUBP1 isoform 4 [Homo sapiens]	FALSE	NA
XP_013754380.1	NP_001310525.1	0	N/A	55.5	200	20	8.49e-74	246	cytosolic Fe-S cluster assembly factor NUBP1 isoform 5 [Homo sapiens]	FALSE	NA
XP_013754380.1	XP_047290126.1	0	N/A	48.305	236	23	1.04e-68	233	cytosolic Fe-S cluster assembly factor NUBP1 isoform X1 [Homo sapiens]	FALSE	NA
XP_013754380.1	NP_001265435.1	0	N/A	47.718	241	24	1.63e-68	233	cytosolic Fe-S cluster assembly factor NUBP1 isoform 2 [Homo sapiens]	FALSE	NA
XP_013754380.1	NP_001310523.1	0	N/A	46.383	235	23	5.18e-68	231	cytosolic Fe-S cluster assembly factor NUBP1 isoform 3 [Homo sapiens]	FALSE	NA
XP_013754380.1	XP_005255084.1	0	N/A	53.073	179	18	3.63e-61	209	cytosolic Fe-S cluster assembly factor NUBP2 isoform X2 [Homo sapiens]	FALSE	NA
XP_013754380.1	NP_001271430.1	0	N/A	53.073	179	18	3.63e-61	209	cytosolic Fe-S cluster assembly factor NUBP2 isoform 2 [Homo sapiens]	FALSE	NA
XP_013754380.1	XP_016878321.1	0	N/A	56.489	131	13	8.19e-46	166	cytosolic Fe-S cluster assembly factor NUBP2 isoform X3 [Homo sapiens]	FALSE	NA
XP_013754380.1	XP_011520640.1	0	N/A	56.489	131	13	1.63e-45	165	cytosolic Fe-S cluster assembly factor NUBP2 isoform X1 [Homo sapiens]	FALSE	NA
XP_013754380.1	NP_001165276.2	0	N/A	35.897	273	27	2.24e-43	172	terminal nucleotidyltransferase 4A isoform 2 [Homo sapiens]	TRUE	TENT4A
XP_013754380.1	NP_008930.2	0	N/A	35.897	273	27	2.36e-43	172	terminal nucleotidyltransferase 4A isoform 1 [Homo sapiens]	TRUE	TENT4A
XP_013754380.1	NP_079428.2	0	N/A	41.176	221	22	2.21e-41	157	iron-sulfur cluster transfer protein NUBPL isoform 1 precursor [Homo sapiens]	FALSE	NA
XP_013754380.1	NP_001035375.2	0	N/A	33.7	273	27	6.73e-40	160	terminal nucleotidyltransferase 4B isoform b [Homo sapiens]	TRUE	TENT4B
XP_013754380.1	NP_001035374.2	0	N/A	33.955	268	27	6.75e-40	160	terminal nucleotidyltransferase 4B isoform a [Homo sapiens]	TRUE	TENT4B
XP_013754380.1	XP_011521578.1	0	N/A	33.7	273	27	6.8e-40	160	terminal nucleotidyltransferase 4B isoform X2 [Homo sapiens]	TRUE	TENT4B
XP_013754380.1	XP_011521577.1	0	N/A	33.955	268	27	6.81e-40	160	terminal nucleotidyltransferase 4B isoform X1 [Homo sapiens]	TRUE	TENT4B
XP_013754380.1	XP_047290433.1	0	N/A	34.902	255	25	7.49e-40	157	terminal nucleotidyltransferase 4B isoform X6 [Homo sapiens]	TRUE	TENT4B
XP_013754380.1	XP_011521580.1	0	N/A	35.2	250	25	1.04e-39	157	terminal nucleotidyltransferase 4B isoform X5 [Homo sapiens]	TRUE	TENT4B
XP_013754380.1	XP_047290432.1	0	N/A	33.955	268	27	1.38e-39	159	terminal nucleotidyltransferase 4B isoform X4 [Homo sapiens]	TRUE	TENT4B
XP_013754380.1	NP_001352252.1	0	N/A	33.955	268	27	1.52e-39	159	terminal nucleotidyltransferase 4B isoform c [Homo sapiens]	TRUE	TENT4B
XP_013754380.1	XP_047290431.1	0	N/A	33.955	268	27	1.61e-39	159	terminal nucleotidyltransferase 4B isoform X3 [Homo sapiens]	TRUE	TENT4B
XP_013754380.1	NP_001352253.1	0	N/A	33.955	268	27	1.69e-39	159	terminal nucleotidyltransferase 4B isoform d [Homo sapiens]	TRUE	TENT4B
XP_013754380.1	XP_047272622.1	0	N/A	35.802	243	24	3.83e-38	153	terminal nucleotidyltransferase 4A isoform X1 [Homo sapiens]	TRUE	TENT4A
XP_013754380.1	XP_047272621.1	0	N/A	35.802	243	24	3.83e-38	153	terminal nucleotidyltransferase 4A isoform X1 [Homo sapiens]	TRUE	TENT4A
XP_013754380.1	XP_047272620.1	0	N/A	35.802	243	24	3.83e-38	153	terminal nucleotidyltransferase 4A isoform X1 [Homo sapiens]	TRUE	TENT4A
XP_013754380.1	NP_001188502.1	0	N/A	38.144	194	19	3.38e-36	139	iron-sulfur cluster transfer protein NUBPL isoform 2 [Homo sapiens]	FALSE	NA
XP_013754380.1	XP_047272623.1	0	N/A	35.043	234	23	2.46e-35	144	terminal nucleotidyltransferase 4A isoform X2 [Homo sapiens]	TRUE	TENT4A
XP_013754380.1	XP_016864477.1	0	N/A	35.043	234	23	2.46e-35	144	terminal nucleotidyltransferase 4A isoform X2 [Homo sapiens]	TRUE	TENT4A
XP_013754380.1	XP_047272624.1	0	N/A	35.043	234	23	2.47e-35	144	terminal nucleotidyltransferase 4A isoform X3 [Homo sapiens]	TRUE	TENT4A
XP_013754380.1	XP_047287743.1	0	N/A	41.333	150	15	3.83e-32	125	iron-sulfur cluster transfer protein NUBPL isoform X7 [Homo sapiens]	FALSE	NA
XP_013754380.1	XP_047287742.1	0	N/A	41.333	150	15	8.11e-32	125	iron-sulfur cluster transfer protein NUBPL isoform X3 [Homo sapiens]	FALSE	NA
XP_013754380.1	XP_011535483.1	0	N/A	41.333	150	15	1.2e-31	125	iron-sulfur cluster transfer protein NUBPL isoform X1 [Homo sapiens]	FALSE	NA
XP_013754380.1	XP_011535486.1	0	N/A	39.623	106	11	6.49e-18	83.6	iron-sulfur cluster transfer protein NUBPL isoform X10 [Homo sapiens]	FALSE	NA
XP_013754380.1	NP_001188503.1	0	N/A	39.623	106	11	6.49e-18	83.6	iron-sulfur cluster transfer protein NUBPL isoform 3 [Homo sapiens]	FALSE	NA
XP_013754380.1	NP_001271431.1	0	N/A	55.932	59	6	1.16e-13	73.9	cytosolic Fe-S cluster assembly factor NUBP2 isoform 3 [Homo sapiens]	FALSE	NA
XP_013754380.1	XP_047272820.1	0	N/A	26.201	229	20	1.14e-11	68.6	poly(A) RNA polymerase GLD2 isoform X11 [Homo sapiens]	TRUE	TENT2
XP_013754380.1	NP_001336477.1	0	N/A	25.664	226	19	4.08e-11	67	poly(A) RNA polymerase GLD2 isoform 4 [Homo sapiens]	TRUE	TENT2
XP_013754380.1	XP_047272805.1	0	N/A	26.84	231	20	5.46e-11	68.9	poly(A) RNA polymerase GLD2 isoform X2 [Homo sapiens]	TRUE	TENT2
XP_013754380.1	XP_047272804.1	0	N/A	26.84	231	20	5.46e-11	68.9	poly(A) RNA polymerase GLD2 isoform X2 [Homo sapiens]	TRUE	TENT2
XP_013754380.1	XP_047272803.1	0	N/A	26.84	231	20	5.46e-11	68.9	poly(A) RNA polymerase GLD2 isoform X2 [Homo sapiens]	TRUE	TENT2
XP_013754380.1	XP_047272802.1	0	N/A	26.84	231	20	5.46e-11	68.9	poly(A) RNA polymerase GLD2 isoform X2 [Homo sapiens]	TRUE	TENT2
XP_013754380.1	XP_016864641.1	0	N/A	26.84	231	20	5.46e-11	68.9	poly(A) RNA polymerase GLD2 isoform X2 [Homo sapiens]	TRUE	TENT2
XP_013754380.1	NP_001375026.1	0	N/A	26.84	231	20	5.46e-11	68.9	poly(A) RNA polymerase GLD2 isoform 6 [Homo sapiens]	TRUE	TENT2
XP_013754380.1	NP_001375025.1	0	N/A	26.84	231	20	5.46e-11	68.9	poly(A) RNA polymerase GLD2 isoform 6 [Homo sapiens]	TRUE	TENT2
XP_013754380.1	NP_001375024.1	0	N/A	26.84	231	20	5.46e-11	68.9	poly(A) RNA polymerase GLD2 isoform 6 [Homo sapiens]	TRUE	TENT2
XP_013754380.1	NP_001336480.1	0	N/A	26.84	231	20	5.46e-11	68.9	poly(A) RNA polymerase GLD2 isoform 6 [Homo sapiens]	TRUE	TENT2
XP_013754380.1	NP_001375027.1	0	N/A	26.84	231	20	5.64e-11	68.9	poly(A) RNA polymerase GLD2 isoform 7 [Homo sapiens]	TRUE	TENT2
XP_013754380.1	XP_047272801.1	0	N/A	26.84	231	20	7.87e-11	68.6	poly(A) RNA polymerase GLD2 isoform X1 [Homo sapiens]	TRUE	TENT2
XP_013754380.1	XP_047272800.1	0	N/A	26.84	231	20	7.87e-11	68.6	poly(A) RNA polymerase GLD2 isoform X1 [Homo sapiens]	TRUE	TENT2
XP_013754380.1	XP_011541527.1	0	N/A	26.84	231	20	7.87e-11	68.6	poly(A) RNA polymerase GLD2 isoform X1 [Homo sapiens]	TRUE	TENT2
XP_013754380.1	XP_011541526.1	0	N/A	26.84	231	20	7.87e-11	68.6	poly(A) RNA polymerase GLD2 isoform X1 [Homo sapiens]	TRUE	TENT2
XP_013754380.1	XP_011541523.1	0	N/A	26.84	231	20	7.87e-11	68.6	poly(A) RNA polymerase GLD2 isoform X1 [Homo sapiens]	TRUE	TENT2
XP_013754380.1	XP_011541522.1	0	N/A	26.84	231	20	7.87e-11	68.6	poly(A) RNA polymerase GLD2 isoform X1 [Homo sapiens]	TRUE	TENT2
XP_013754380.1	NP_001375023.1	0	N/A	26.84	231	20	7.87e-11	68.6	poly(A) RNA polymerase GLD2 isoform 5 [Homo sapiens]	TRUE	TENT2
XP_013754380.1	NP_001375022.1	0	N/A	26.84	231	20	7.87e-11	68.6	poly(A) RNA polymerase GLD2 isoform 5 [Homo sapiens]	TRUE	TENT2
XP_013754380.1	NP_001336479.1	0	N/A	26.84	231	20	7.87e-11	68.6	poly(A) RNA polymerase GLD2 isoform 5 [Homo sapiens]	TRUE	TENT2
XP_013754380.1	NP_001336478.1	0	N/A	26.84	231	20	7.87e-11	68.6	poly(A) RNA polymerase GLD2 isoform 5 [Homo sapiens]	TRUE	TENT2
XP_013754380.1	NP_001375059.1	0	N/A	23.49	298	25	2.64e-10	66.6	poly(A) RNA polymerase GLD2 isoform 10 [Homo sapiens]	TRUE	TENT2
XP_013754380.1	XP_047272811.1	0	N/A	23.49	298	25	2.79e-10	66.6	poly(A) RNA polymerase GLD2 isoform X4 [Homo sapiens]	TRUE	TENT2
XP_013754380.1	XP_047272810.1	0	N/A	23.49	298	25	2.79e-10	66.6	poly(A) RNA polymerase GLD2 isoform X4 [Homo sapiens]	TRUE	TENT2
XP_013754380.1	XP_047272809.1	0	N/A	23.49	298	25	2.79e-10	66.6	poly(A) RNA polymerase GLD2 isoform X4 [Homo sapiens]	TRUE	TENT2
XP_013754380.1	NP_001375058.1	0	N/A	23.49	298	25	2.79e-10	66.6	poly(A) RNA polymerase GLD2 isoform 2 [Homo sapiens]	TRUE	TENT2
XP_013754380.1	NP_001375057.1	0	N/A	23.49	298	25	2.79e-10	66.6	poly(A) RNA polymerase GLD2 isoform 2 [Homo sapiens]	TRUE	TENT2
XP_013754380.1	NP_001375056.1	0	N/A	23.49	298	25	2.79e-10	66.6	poly(A) RNA polymerase GLD2 isoform 2 [Homo sapiens]	TRUE	TENT2
XP_013754380.1	NP_001375055.1	0	N/A	23.49	298	25	2.79e-10	66.6	poly(A) RNA polymerase GLD2 isoform 2 [Homo sapiens]	TRUE	TENT2
XP_013754380.1	NP_001375054.1	0	N/A	23.49	298	25	2.79e-10	66.6	poly(A) RNA polymerase GLD2 isoform 2 [Homo sapiens]	TRUE	TENT2
XP_013754380.1	NP_001375053.1	0	N/A	23.49	298	25	2.79e-10	66.6	poly(A) RNA polymerase GLD2 isoform 2 [Homo sapiens]	TRUE	TENT2
XP_013754380.1	NP_001375052.1	0	N/A	23.49	298	25	2.79e-10	66.6	poly(A) RNA polymerase GLD2 isoform 2 [Homo sapiens]	TRUE	TENT2
XP_013754380.1	NP_001375051.1	0	N/A	23.49	298	25	2.79e-10	66.6	poly(A) RNA polymerase GLD2 isoform 2 [Homo sapiens]	TRUE	TENT2
XP_013754380.1	NP_001375050.1	0	N/A	23.49	298	25	2.79e-10	66.6	poly(A) RNA polymerase GLD2 isoform 2 [Homo sapiens]	TRUE	TENT2
XP_013754380.1	NP_001375049.1	0	N/A	23.49	298	25	2.79e-10	66.6	poly(A) RNA polymerase GLD2 isoform 2 [Homo sapiens]	TRUE	TENT2
XP_013754380.1	NP_001375048.1	0	N/A	23.49	298	25	2.79e-10	66.6	poly(A) RNA polymerase GLD2 isoform 2 [Homo sapiens]	TRUE	TENT2
XP_013754380.1	NP_001375047.1	0	N/A	23.49	298	25	2.79e-10	66.6	poly(A) RNA polymerase GLD2 isoform 2 [Homo sapiens]	TRUE	TENT2
XP_013754380.1	NP_001375046.1	0	N/A	23.49	298	25	2.79e-10	66.6	poly(A) RNA polymerase GLD2 isoform 2 [Homo sapiens]	TRUE	TENT2
XP_013754380.1	NP_001375045.1	0	N/A	23.49	298	25	2.79e-10	66.6	poly(A) RNA polymerase GLD2 isoform 2 [Homo sapiens]	TRUE	TENT2
XP_013754380.1	NP_001375044.1	0	N/A	23.49	298	25	2.79e-10	66.6	poly(A) RNA polymerase GLD2 isoform 2 [Homo sapiens]	TRUE	TENT2
XP_013754380.1	NP_001375043.1	0	N/A	23.49	298	25	2.79e-10	66.6	poly(A) RNA polymerase GLD2 isoform 2 [Homo sapiens]	TRUE	TENT2
XP_013754380.1	NP_001336483.1	0	N/A	23.49	298	25	2.79e-10	66.6	poly(A) RNA polymerase GLD2 isoform 2 [Homo sapiens]	TRUE	TENT2
XP_013754380.1	NP_001284673.1	0	N/A	23.49	298	25	2.79e-10	66.6	poly(A) RNA polymerase GLD2 isoform 2 [Homo sapiens]	TRUE	TENT2
XP_013754380.1	NP_001375030.1	0	N/A	26.316	228	19	3.91e-10	66.2	poly(A) RNA polymerase GLD2 isoform 9 [Homo sapiens]	TRUE	TENT2
XP_013754380.1	XP_047272808.1	0	N/A	26.316	228	19	4.13e-10	65.9	poly(A) RNA polymerase GLD2 isoform X3 [Homo sapiens]	TRUE	TENT2
XP_013754380.1	XP_047272807.1	0	N/A	26.316	228	19	4.13e-10	65.9	poly(A) RNA polymerase GLD2 isoform X3 [Homo sapiens]	TRUE	TENT2
XP_013754380.1	XP_047272806.1	0	N/A	26.316	228	19	4.13e-10	65.9	poly(A) RNA polymerase GLD2 isoform X3 [Homo sapiens]	TRUE	TENT2
XP_013754380.1	NP_776158.2	0	N/A	26.316	228	19	4.13e-10	65.9	poly(A) RNA polymerase GLD2 isoform 1 [Homo sapiens]	TRUE	TENT2
XP_013754380.1	NP_001375041.1	0	N/A	26.316	228	19	4.13e-10	65.9	poly(A) RNA polymerase GLD2 isoform 1 [Homo sapiens]	TRUE	TENT2
XP_013754380.1	NP_001375040.1	0	N/A	26.316	228	19	4.13e-10	65.9	poly(A) RNA polymerase GLD2 isoform 1 [Homo sapiens]	TRUE	TENT2
XP_013754380.1	NP_001375039.1	0	N/A	26.316	228	19	4.13e-10	65.9	poly(A) RNA polymerase GLD2 isoform 1 [Homo sapiens]	TRUE	TENT2
XP_013754380.1	NP_001375038.1	0	N/A	26.316	228	19	4.13e-10	65.9	poly(A) RNA polymerase GLD2 isoform 1 [Homo sapiens]	TRUE	TENT2
XP_013754380.1	NP_001375037.1	0	N/A	26.316	228	19	4.13e-10	65.9	poly(A) RNA polymerase GLD2 isoform 1 [Homo sapiens]	TRUE	TENT2
XP_013754380.1	NP_001375036.1	0	N/A	26.316	228	19	4.13e-10	65.9	poly(A) RNA polymerase GLD2 isoform 1 [Homo sapiens]	TRUE	TENT2
XP_013754380.1	NP_001375035.1	0	N/A	26.316	228	19	4.13e-10	65.9	poly(A) RNA polymerase GLD2 isoform 1 [Homo sapiens]	TRUE	TENT2
XP_013754380.1	NP_001375034.1	0	N/A	26.316	228	19	4.13e-10	65.9	poly(A) RNA polymerase GLD2 isoform 1 [Homo sapiens]	TRUE	TENT2
XP_013754380.1	NP_001375032.1	0	N/A	26.316	228	19	4.13e-10	65.9	poly(A) RNA polymerase GLD2 isoform 1 [Homo sapiens]	TRUE	TENT2
XP_013754380.1	NP_001375031.1	0	N/A	26.316	228	19	4.13e-10	65.9	poly(A) RNA polymerase GLD2 isoform 1 [Homo sapiens]	TRUE	TENT2
XP_013754380.1	NP_001336482.1	0	N/A	26.316	228	19	4.13e-10	65.9	poly(A) RNA polymerase GLD2 isoform 1 [Homo sapiens]	TRUE	TENT2
XP_013754380.1	NP_001336481.1	0	N/A	26.316	228	19	4.13e-10	65.9	poly(A) RNA polymerase GLD2 isoform 1 [Homo sapiens]	TRUE	TENT2
XP_013754380.1	NP_001107866.1	0	N/A	26.316	228	19	4.13e-10	65.9	poly(A) RNA polymerase GLD2 isoform 1 [Homo sapiens]	TRUE	TENT2
XP_013759083.1	XP_047290433.1	0	N/A	36.255	251	46	4.01e-39	151	terminal nucleotidyltransferase 4B isoform X6 [Homo sapiens]	TRUE	TENT4B
XP_013759083.1	XP_011521580.1	0	N/A	36.255	251	46	8.6e-39	151	terminal nucleotidyltransferase 4B isoform X5 [Homo sapiens]	TRUE	TENT4B
XP_013759083.1	NP_001035375.2	0	N/A	36.255	251	46	1.51e-38	152	terminal nucleotidyltransferase 4B isoform b [Homo sapiens]	TRUE	TENT4B
XP_013759083.1	XP_011521578.1	0	N/A	36.255	251	46	1.52e-38	152	terminal nucleotidyltransferase 4B isoform X2 [Homo sapiens]	TRUE	TENT4B
XP_013759083.1	NP_001035374.2	0	N/A	36.255	251	46	2.79e-38	151	terminal nucleotidyltransferase 4B isoform a [Homo sapiens]	TRUE	TENT4B
XP_013759083.1	XP_011521577.1	0	N/A	36.255	251	46	2.81e-38	151	terminal nucleotidyltransferase 4B isoform X1 [Homo sapiens]	TRUE	TENT4B
XP_013759083.1	XP_047290432.1	0	N/A	36.255	251	46	2.98e-38	151	terminal nucleotidyltransferase 4B isoform X4 [Homo sapiens]	TRUE	TENT4B
XP_013759083.1	XP_047290431.1	0	N/A	36.255	251	46	3.15e-38	151	terminal nucleotidyltransferase 4B isoform X3 [Homo sapiens]	TRUE	TENT4B
XP_013759083.1	NP_001352252.1	0	N/A	36.255	251	46	4.27e-38	151	terminal nucleotidyltransferase 4B isoform c [Homo sapiens]	TRUE	TENT4B
XP_013759083.1	NP_001352253.1	0	N/A	36.255	251	46	5.03e-38	151	terminal nucleotidyltransferase 4B isoform d [Homo sapiens]	TRUE	TENT4B
XP_013759083.1	XP_047272623.1	0	N/A	36.255	251	46	1.71e-36	144	terminal nucleotidyltransferase 4A isoform X2 [Homo sapiens]	TRUE	TENT4A
XP_013759083.1	XP_016864477.1	0	N/A	36.255	251	46	1.71e-36	144	terminal nucleotidyltransferase 4A isoform X2 [Homo sapiens]	TRUE	TENT4A
XP_013759083.1	XP_047272624.1	0	N/A	36.255	251	46	1.88e-36	144	terminal nucleotidyltransferase 4A isoform X3 [Homo sapiens]	TRUE	TENT4A
XP_013759083.1	XP_047272622.1	0	N/A	36.255	251	46	1.94e-36	144	terminal nucleotidyltransferase 4A isoform X1 [Homo sapiens]	TRUE	TENT4A
XP_013759083.1	XP_047272621.1	0	N/A	36.255	251	46	1.94e-36	144	terminal nucleotidyltransferase 4A isoform X1 [Homo sapiens]	TRUE	TENT4A
XP_013759083.1	XP_047272620.1	0	N/A	36.255	251	46	1.94e-36	144	terminal nucleotidyltransferase 4A isoform X1 [Homo sapiens]	TRUE	TENT4A
XP_013759083.1	NP_001165276.2	0	N/A	36.255	251	46	1.94e-36	146	terminal nucleotidyltransferase 4A isoform 2 [Homo sapiens]	TRUE	TENT4A
XP_013759083.1	NP_008930.2	0	N/A	36.255	251	46	2.02e-36	146	terminal nucleotidyltransferase 4A isoform 1 [Homo sapiens]	TRUE	TENT4A
XP_013759083.1	XP_047272811.1	0	N/A	22.101	276	44	4.23e-07	55.1	poly(A) RNA polymerase GLD2 isoform X4 [Homo sapiens]	TRUE	TENT2
XP_013759083.1	XP_047272810.1	0	N/A	22.101	276	44	4.23e-07	55.1	poly(A) RNA polymerase GLD2 isoform X4 [Homo sapiens]	TRUE	TENT2
XP_013759083.1	XP_047272809.1	0	N/A	22.101	276	44	4.23e-07	55.1	poly(A) RNA polymerase GLD2 isoform X4 [Homo sapiens]	TRUE	TENT2
XP_013759083.1	NP_001375058.1	0	N/A	22.101	276	44	4.23e-07	55.1	poly(A) RNA polymerase GLD2 isoform 2 [Homo sapiens]	TRUE	TENT2
XP_013759083.1	NP_001375057.1	0	N/A	22.101	276	44	4.23e-07	55.1	poly(A) RNA polymerase GLD2 isoform 2 [Homo sapiens]	TRUE	TENT2
XP_013759083.1	NP_001375056.1	0	N/A	22.101	276	44	4.23e-07	55.1	poly(A) RNA polymerase GLD2 isoform 2 [Homo sapiens]	TRUE	TENT2
XP_013759083.1	NP_001375055.1	0	N/A	22.101	276	44	4.23e-07	55.1	poly(A) RNA polymerase GLD2 isoform 2 [Homo sapiens]	TRUE	TENT2
XP_013759083.1	NP_001375054.1	0	N/A	22.101	276	44	4.23e-07	55.1	poly(A) RNA polymerase GLD2 isoform 2 [Homo sapiens]	TRUE	TENT2
XP_013759083.1	NP_001375053.1	0	N/A	22.101	276	44	4.23e-07	55.1	poly(A) RNA polymerase GLD2 isoform 2 [Homo sapiens]	TRUE	TENT2
XP_013759083.1	NP_001375052.1	0	N/A	22.101	276	44	4.23e-07	55.1	poly(A) RNA polymerase GLD2 isoform 2 [Homo sapiens]	TRUE	TENT2
XP_013759083.1	NP_001375051.1	0	N/A	22.101	276	44	4.23e-07	55.1	poly(A) RNA polymerase GLD2 isoform 2 [Homo sapiens]	TRUE	TENT2
XP_013759083.1	NP_001375050.1	0	N/A	22.101	276	44	4.23e-07	55.1	poly(A) RNA polymerase GLD2 isoform 2 [Homo sapiens]	TRUE	TENT2
XP_013759083.1	NP_001375049.1	0	N/A	22.101	276	44	4.23e-07	55.1	poly(A) RNA polymerase GLD2 isoform 2 [Homo sapiens]	TRUE	TENT2
XP_013759083.1	NP_001375048.1	0	N/A	22.101	276	44	4.23e-07	55.1	poly(A) RNA polymerase GLD2 isoform 2 [Homo sapiens]	TRUE	TENT2
XP_013759083.1	NP_001375047.1	0	N/A	22.101	276	44	4.23e-07	55.1	poly(A) RNA polymerase GLD2 isoform 2 [Homo sapiens]	TRUE	TENT2
XP_013759083.1	NP_001375046.1	0	N/A	22.101	276	44	4.23e-07	55.1	poly(A) RNA polymerase GLD2 isoform 2 [Homo sapiens]	TRUE	TENT2
XP_013759083.1	NP_001375045.1	0	N/A	22.101	276	44	4.23e-07	55.1	poly(A) RNA polymerase GLD2 isoform 2 [Homo sapiens]	TRUE	TENT2
XP_013759083.1	NP_001375044.1	0	N/A	22.101	276	44	4.23e-07	55.1	poly(A) RNA polymerase GLD2 isoform 2 [Homo sapiens]	TRUE	TENT2
XP_013759083.1	NP_001375043.1	0	N/A	22.101	276	44	4.23e-07	55.1	poly(A) RNA polymerase GLD2 isoform 2 [Homo sapiens]	TRUE	TENT2
XP_013759083.1	NP_001336483.1	0	N/A	22.101	276	44	4.23e-07	55.1	poly(A) RNA polymerase GLD2 isoform 2 [Homo sapiens]	TRUE	TENT2
XP_013759083.1	NP_001284673.1	0	N/A	22.101	276	44	4.23e-07	55.1	poly(A) RNA polymerase GLD2 isoform 2 [Homo sapiens]	TRUE	TENT2
XP_013759083.1	NP_001375059.1	0	N/A	22.101	276	44	4.34e-07	55.1	poly(A) RNA polymerase GLD2 isoform 10 [Homo sapiens]	TRUE	TENT2
XP_013759083.1	NP_001375061.1	0	N/A	22.101	276	44	4.7e-07	55.1	poly(A) RNA polymerase GLD2 isoform 12 [Homo sapiens]	TRUE	TENT2
XP_013759083.1	NP_001375065.1	0	N/A	22.744	277	44	1.21e-06	53.5	poly(A) RNA polymerase GLD2 isoform 14 [Homo sapiens]	TRUE	TENT2
XP_013759083.1	XP_047272808.1	0	N/A	21.908	283	44	2.35e-06	52.8	poly(A) RNA polymerase GLD2 isoform X3 [Homo sapiens]	TRUE	TENT2
XP_013759083.1	XP_047272807.1	0	N/A	21.908	283	44	2.35e-06	52.8	poly(A) RNA polymerase GLD2 isoform X3 [Homo sapiens]	TRUE	TENT2
XP_013759083.1	XP_047272806.1	0	N/A	21.908	283	44	2.35e-06	52.8	poly(A) RNA polymerase GLD2 isoform X3 [Homo sapiens]	TRUE	TENT2
XP_013759083.1	NP_776158.2	0	N/A	21.908	283	44	2.35e-06	52.8	poly(A) RNA polymerase GLD2 isoform 1 [Homo sapiens]	TRUE	TENT2
XP_013759083.1	NP_001375041.1	0	N/A	21.908	283	44	2.35e-06	52.8	poly(A) RNA polymerase GLD2 isoform 1 [Homo sapiens]	TRUE	TENT2
XP_013759083.1	NP_001375040.1	0	N/A	21.908	283	44	2.35e-06	52.8	poly(A) RNA polymerase GLD2 isoform 1 [Homo sapiens]	TRUE	TENT2
XP_013759083.1	NP_001375039.1	0	N/A	21.908	283	44	2.35e-06	52.8	poly(A) RNA polymerase GLD2 isoform 1 [Homo sapiens]	TRUE	TENT2
XP_013759083.1	NP_001375038.1	0	N/A	21.908	283	44	2.35e-06	52.8	poly(A) RNA polymerase GLD2 isoform 1 [Homo sapiens]	TRUE	TENT2
XP_013759083.1	NP_001375037.1	0	N/A	21.908	283	44	2.35e-06	52.8	poly(A) RNA polymerase GLD2 isoform 1 [Homo sapiens]	TRUE	TENT2
XP_013759083.1	NP_001375036.1	0	N/A	21.908	283	44	2.35e-06	52.8	poly(A) RNA polymerase GLD2 isoform 1 [Homo sapiens]	TRUE	TENT2
XP_013759083.1	NP_001375035.1	0	N/A	21.908	283	44	2.35e-06	52.8	poly(A) RNA polymerase GLD2 isoform 1 [Homo sapiens]	TRUE	TENT2
XP_013759083.1	NP_001375034.1	0	N/A	21.908	283	44	2.35e-06	52.8	poly(A) RNA polymerase GLD2 isoform 1 [Homo sapiens]	TRUE	TENT2
XP_013759083.1	NP_001375032.1	0	N/A	21.908	283	44	2.35e-06	52.8	poly(A) RNA polymerase GLD2 isoform 1 [Homo sapiens]	TRUE	TENT2
XP_013759083.1	NP_001375031.1	0	N/A	21.908	283	44	2.35e-06	52.8	poly(A) RNA polymerase GLD2 isoform 1 [Homo sapiens]	TRUE	TENT2
XP_013759083.1	NP_001336482.1	0	N/A	21.908	283	44	2.35e-06	52.8	poly(A) RNA polymerase GLD2 isoform 1 [Homo sapiens]	TRUE	TENT2
XP_013759083.1	NP_001336481.1	0	N/A	21.908	283	44	2.35e-06	52.8	poly(A) RNA polymerase GLD2 isoform 1 [Homo sapiens]	TRUE	TENT2
XP_013759083.1	NP_001107866.1	0	N/A	21.908	283	44	2.35e-06	52.8	poly(A) RNA polymerase GLD2 isoform 1 [Homo sapiens]	TRUE	TENT2
XP_013759083.1	NP_001107865.1	0	N/A	21.908	283	44	2.35e-06	52.8	poly(A) RNA polymerase GLD2 isoform 1 [Homo sapiens]	TRUE	TENT2
XP_013759083.1	NP_001375060.1	0	N/A	21.908	283	44	2.67e-06	52.8	poly(A) RNA polymerase GLD2 isoform 11 [Homo sapiens]	TRUE	TENT2
XP_013759083.1	NP_001375042.1	0	N/A	21.908	283	44	2.82e-06	52.4	poly(A) RNA polymerase GLD2 isoform 16 [Homo sapiens]	TRUE	TENT2
XP_013759083.1	NP_001375030.1	0	N/A	21.978	273	44	4.36e-06	52	poly(A) RNA polymerase GLD2 isoform 9 [Homo sapiens]	TRUE	TENT2
XP_013759083.1	XP_047272820.1	0	N/A	22.115	208	33	4.52e-06	50.8	poly(A) RNA polymerase GLD2 isoform X11 [Homo sapiens]	TRUE	TENT2
XP_013759083.1	NP_001336477.1	0	N/A	22.967	209	33	4.87e-06	50.8	poly(A) RNA polymerase GLD2 isoform 4 [Homo sapiens]	TRUE	TENT2
XP_013759083.1	XP_047272805.1	0	N/A	22.925	253	41	8.67e-06	51.2	poly(A) RNA polymerase GLD2 isoform X2 [Homo sapiens]	TRUE	TENT2
XP_013759083.1	XP_047272804.1	0	N/A	22.925	253	41	8.67e-06	51.2	poly(A) RNA polymerase GLD2 isoform X2 [Homo sapiens]	TRUE	TENT2
XP_013759083.1	XP_047272803.1	0	N/A	22.925	253	41	8.67e-06	51.2	poly(A) RNA polymerase GLD2 isoform X2 [Homo sapiens]	TRUE	TENT2
XP_013759083.1	XP_047272802.1	0	N/A	22.925	253	41	8.67e-06	51.2	poly(A) RNA polymerase GLD2 isoform X2 [Homo sapiens]	TRUE	TENT2
XP_013759083.1	XP_016864641.1	0	N/A	22.925	253	41	8.67e-06	51.2	poly(A) RNA polymerase GLD2 isoform X2 [Homo sapiens]	TRUE	TENT2
XP_013759083.1	NP_001375026.1	0	N/A	22.925	253	41	8.67e-06	51.2	poly(A) RNA polymerase GLD2 isoform 6 [Homo sapiens]	TRUE	TENT2
XP_013759083.1	NP_001375025.1	0	N/A	22.925	253	41	8.67e-06	51.2	poly(A) RNA polymerase GLD2 isoform 6 [Homo sapiens]	TRUE	TENT2
XP_013759083.1	NP_001375024.1	0	N/A	22.925	253	41	8.67e-06	51.2	poly(A) RNA polymerase GLD2 isoform 6 [Homo sapiens]	TRUE	TENT2
XP_013759083.1	NP_001336480.1	0	N/A	22.925	253	41	8.67e-06	51.2	poly(A) RNA polymerase GLD2 isoform 6 [Homo sapiens]	TRUE	TENT2
XP_013759083.1	NP_001375027.1	0	N/A	22.925	253	41	8.81e-06	50.8	poly(A) RNA polymerase GLD2 isoform 7 [Homo sapiens]	TRUE	TENT2
XP_013759083.1	XP_047272801.1	0	N/A	22.925	253	41	9.34e-06	50.8	poly(A) RNA polymerase GLD2 isoform X1 [Homo sapiens]	TRUE	TENT2
XP_013759083.1	XP_047272800.1	0	N/A	22.925	253	41	9.34e-06	50.8	poly(A) RNA polymerase GLD2 isoform X1 [Homo sapiens]	TRUE	TENT2
XP_013759083.1	XP_011541527.1	0	N/A	22.925	253	41	9.34e-06	50.8	poly(A) RNA polymerase GLD2 isoform X1 [Homo sapiens]	TRUE	TENT2
XP_013759083.1	XP_011541526.1	0	N/A	22.925	253	41	9.34e-06	50.8	poly(A) RNA polymerase GLD2 isoform X1 [Homo sapiens]	TRUE	TENT2
XP_013759083.1	XP_011541523.1	0	N/A	22.925	253	41	9.34e-06	50.8	poly(A) RNA polymerase GLD2 isoform X1 [Homo sapiens]	TRUE	TENT2
XP_013759083.1	XP_011541522.1	0	N/A	22.925	253	41	9.34e-06	50.8	poly(A) RNA polymerase GLD2 isoform X1 [Homo sapiens]	TRUE	TENT2
XP_013759083.1	NP_001375023.1	0	N/A	22.925	253	41	9.34e-06	50.8	poly(A) RNA polymerase GLD2 isoform 5 [Homo sapiens]	TRUE	TENT2
XP_013759083.1	NP_001375022.1	0	N/A	22.925	253	41	9.34e-06	50.8	poly(A) RNA polymerase GLD2 isoform 5 [Homo sapiens]	TRUE	TENT2
XP_013759083.1	NP_001336479.1	0	N/A	22.925	253	41	9.34e-06	50.8	poly(A) RNA polymerase GLD2 isoform 5 [Homo sapiens]	TRUE	TENT2
XP_013759083.1	NP_001336478.1	0	N/A	22.925	253	41	9.34e-06	50.8	poly(A) RNA polymerase GLD2 isoform 5 [Homo sapiens]	TRUE	TENT2
XP_013759083.1	NP_001375029.1	0	N/A	22.115	208	33	1.2e-05	50.4	poly(A) RNA polymerase GLD2 isoform 8 [Homo sapiens]	TRUE	TENT2
XP_013759083.1	NP_001375028.1	0	N/A	22.115	208	33	1.2e-05	50.4	poly(A) RNA polymerase GLD2 isoform 8 [Homo sapiens]	TRUE	TENT2
XP_013759083.1	XP_047272384.1	0	N/A	22.222	252	39	0.000139	47.4	terminal uridylyltransferase 4 isoform X46 [Homo sapiens]	TRUE	Tut4
XP_013759083.1	XP_047272305.1	0	N/A	21.97	264	40	0.000178	47.4	terminal uridylyltransferase 4 isoform X17 [Homo sapiens]	TRUE	Tut4
XP_013759083.1	XP_047272350.1	0	N/A	21.97	264	40	0.00018	47.4	terminal uridylyltransferase 4 isoform X34 [Homo sapiens]	TRUE	Tut4
XP_013759083.1	XP_047272372.1	0	N/A	21.97	264	40	0.000187	47.4	terminal uridylyltransferase 4 isoform X42 [Homo sapiens]	TRUE	Tut4
XP_013759083.1	XP_047272295.1	0	N/A	21.97	264	40	0.000191	47.4	terminal uridylyltransferase 4 isoform X12 [Homo sapiens]	TRUE	Tut4
XP_013759083.1	XP_047272296.1	0	N/A	21.97	264	40	0.000192	47	terminal uridylyltransferase 4 isoform X13 [Homo sapiens]	TRUE	Tut4
XP_013759083.1	XP_047272286.1	0	N/A	21.97	264	40	0.000213	47	terminal uridylyltransferase 4 isoform X8 [Homo sapiens]	TRUE	Tut4
XP_013759083.1	XP_047272290.1	0	N/A	21.97	264	40	0.000224	47	terminal uridylyltransferase 4 isoform X11 [Homo sapiens]	TRUE	Tut4
XP_013759083.1	XP_047272288.1	0	N/A	22.179	257	39	0.000244	47	terminal uridylyltransferase 4 isoform X10 [Homo sapiens]	TRUE	Tut4
XP_013759083.1	XP_016856293.1	0	N/A	22.179	257	39	0.000249	47	terminal uridylyltransferase 4 isoform X16 [Homo sapiens]	TRUE	Tut4
XP_013759083.1	XP_016856296.1	0	N/A	22.179	257	39	0.000261	46.6	terminal uridylyltransferase 4 isoform X28 [Homo sapiens]	TRUE	Tut4
XP_013759083.1	XP_047272283.1	0	N/A	22.179	257	39	0.000267	46.6	terminal uridylyltransferase 4 isoform X6 [Homo sapiens]	TRUE	Tut4
XP_013759083.1	XP_005270737.1	0	N/A	22.179	257	39	0.000267	46.6	terminal uridylyltransferase 4 isoform X6 [Homo sapiens]	TRUE	Tut4
XP_013760484.1	NP_001317647.1	0	N/A	35	220	37	9.49e-30	127	terminal uridylyltransferase 7 isoform 3 [Homo sapiens]	TRUE	Tut7
XP_013760484.1	XP_047272384.1	0	N/A	36.19	210	35	2.16e-29	126	terminal uridylyltransferase 4 isoform X46 [Homo sapiens]	TRUE	Tut4
XP_013760484.1	XP_047279823.1	0	N/A	35	220	37	2.37e-29	126	terminal uridylyltransferase 7 isoform X2 [Homo sapiens]	TRUE	Tut7
XP_013760484.1	XP_006717346.1	0	N/A	35	220	37	2.37e-29	126	terminal uridylyltransferase 7 isoform X2 [Homo sapiens]	TRUE	Tut7
XP_013760484.1	XP_011517317.1	0	N/A	35	220	37	2.64e-29	126	terminal uridylyltransferase 7 isoform X3 [Homo sapiens]	TRUE	Tut7
XP_013760484.1	XP_011517316.1	0	N/A	35	220	37	2.67e-29	126	terminal uridylyltransferase 7 isoform X1 [Homo sapiens]	TRUE	Tut7
XP_013760484.1	XP_011517315.1	0	N/A	35	220	37	2.67e-29	126	terminal uridylyltransferase 7 isoform X1 [Homo sapiens]	TRUE	Tut7
XP_013760484.1	XP_011517314.1	0	N/A	35	220	37	2.67e-29	126	terminal uridylyltransferase 7 isoform X1 [Homo sapiens]	TRUE	Tut7
XP_013760484.1	XP_011517313.1	0	N/A	35	220	37	2.67e-29	126	terminal uridylyltransferase 7 isoform X1 [Homo sapiens]	TRUE	Tut7
XP_013760484.1	XP_047279825.1	0	N/A	35	220	37	2.69e-29	126	terminal uridylyltransferase 7 isoform X6 [Homo sapiens]	TRUE	Tut7
XP_013760484.1	XP_047279824.1	0	N/A	35	220	37	2.69e-29	126	terminal uridylyltransferase 7 isoform X6 [Homo sapiens]	TRUE	Tut7
XP_013760484.1	XP_005252264.1	0	N/A	35	220	37	2.69e-29	126	terminal uridylyltransferase 7 isoform X6 [Homo sapiens]	TRUE	Tut7
XP_013760484.1	XP_011517318.1	0	N/A	35	220	37	2.7e-29	126	terminal uridylyltransferase 7 isoform X5 [Homo sapiens]	TRUE	Tut7
XP_013760484.1	XP_016870620.1	0	N/A	35	220	37	2.9e-29	126	terminal uridylyltransferase 7 isoform X4 [Homo sapiens]	TRUE	Tut7
XP_013760484.1	XP_016870619.1	0	N/A	35	220	37	2.9e-29	126	terminal uridylyltransferase 7 isoform X4 [Homo sapiens]	TRUE	Tut7
XP_013760484.1	NP_078893.2	0	N/A	35	220	37	2.9e-29	126	terminal uridylyltransferase 7 isoform 1 [Homo sapiens]	TRUE	Tut7
XP_013760484.1	NP_001171988.1	0	N/A	35	220	37	2.9e-29	126	terminal uridylyltransferase 7 isoform 1 [Homo sapiens]	TRUE	Tut7
XP_013760484.1	XP_005252265.1	0	N/A	35	220	37	3.04e-29	126	terminal uridylyltransferase 7 isoform X7 [Homo sapiens]	TRUE	Tut7
XP_013760484.1	XP_016856293.1	0	N/A	36.19	210	35	3.61e-29	126	terminal uridylyltransferase 4 isoform X16 [Homo sapiens]	TRUE	Tut4
XP_013760484.1	XP_047272288.1	0	N/A	36.19	210	35	3.65e-29	126	terminal uridylyltransferase 4 isoform X10 [Homo sapiens]	TRUE	Tut4
XP_013760484.1	XP_047272365.1	0	N/A	36.19	210	35	3.94e-29	126	terminal uridylyltransferase 4 isoform X38 [Homo sapiens]	TRUE	Tut4
XP_013760484.1	XP_016856299.1	0	N/A	36.19	210	35	4.19e-29	125	terminal uridylyltransferase 4 isoform X40 [Homo sapiens]	TRUE	Tut4
XP_013760484.1	XP_047272283.1	0	N/A	36.19	210	35	4.19e-29	126	terminal uridylyltransferase 4 isoform X6 [Homo sapiens]	TRUE	Tut4
XP_013760484.1	XP_005270737.1	0	N/A	36.19	210	35	4.19e-29	126	terminal uridylyltransferase 4 isoform X6 [Homo sapiens]	TRUE	Tut4
XP_013760484.1	XP_047272281.1	0	N/A	36.19	210	35	4.35e-29	125	terminal uridylyltransferase 4 isoform X4 [Homo sapiens]	TRUE	Tut4
XP_013760484.1	NP_001009881.1	0	N/A	36.19	210	35	4.35e-29	125	terminal uridylyltransferase 4 isoform a [Homo sapiens]	TRUE	Tut4
XP_013760484.1	XP_047272280.1	0	N/A	36.19	210	35	4.43e-29	125	terminal uridylyltransferase 4 isoform X3 [Homo sapiens]	TRUE	Tut4
XP_013760484.1	XP_005270736.1	0	N/A	36.19	210	35	4.43e-29	125	terminal uridylyltransferase 4 isoform X3 [Homo sapiens]	TRUE	Tut4
XP_013760484.1	XP_047272282.1	0	N/A	36.19	210	35	4.47e-29	125	terminal uridylyltransferase 4 isoform X5 [Homo sapiens]	TRUE	Tut4
XP_013760484.1	NP_056084.1	0	N/A	36.19	210	35	4.47e-29	125	terminal uridylyltransferase 4 isoform b [Homo sapiens]	TRUE	Tut4
XP_013760484.1	XP_047272337.1	0	N/A	36.19	210	35	4.51e-29	125	terminal uridylyltransferase 4 isoform X27 [Homo sapiens]	TRUE	Tut4
XP_013760484.1	XP_016856297.1	0	N/A	36.19	210	35	4.59e-29	125	terminal uridylyltransferase 4 isoform X36 [Homo sapiens]	TRUE	Tut4
XP_013760484.1	XP_005270735.1	0	N/A	36.19	210	35	4.59e-29	125	terminal uridylyltransferase 4 isoform X2 [Homo sapiens]	TRUE	Tut4
XP_013760484.1	XP_016856296.1	0	N/A	36.19	210	35	4.67e-29	125	terminal uridylyltransferase 4 isoform X28 [Homo sapiens]	TRUE	Tut4
XP_013760484.1	XP_011539399.1	0	N/A	36.19	210	35	4.68e-29	125	terminal uridylyltransferase 4 isoform X1 [Homo sapiens]	TRUE	Tut4
XP_013760484.1	XP_005270733.1	0	N/A	36.19	210	35	4.68e-29	125	terminal uridylyltransferase 4 isoform X1 [Homo sapiens]	TRUE	Tut4
XP_013760484.1	XP_047272285.1	0	N/A	36.19	210	35	4.69e-29	125	terminal uridylyltransferase 4 isoform X7 [Homo sapiens]	TRUE	Tut4
XP_013760484.1	XP_016856292.1	0	N/A	36.19	210	35	4.86e-29	125	terminal uridylyltransferase 4 isoform X9 [Homo sapiens]	TRUE	Tut4
XP_013760484.1	XP_047272345.1	0	N/A	36.19	210	35	4.86e-29	125	terminal uridylyltransferase 4 isoform X31 [Homo sapiens]	TRUE	Tut4
XP_013760484.1	XP_011539401.1	0	N/A	36.19	210	35	5.09e-29	125	terminal uridylyltransferase 4 isoform X29 [Homo sapiens]	TRUE	Tut4
XP_013760484.1	XP_005270739.1	0	N/A	36.19	210	35	5.16e-29	125	terminal uridylyltransferase 4 isoform X33 [Homo sapiens]	TRUE	Tut4
XP_013760484.1	XP_016856295.1	0	N/A	36.19	210	35	5.3e-29	125	terminal uridylyltransferase 4 isoform X25 [Homo sapiens]	TRUE	Tut4
XP_013760484.1	XP_047272325.1	0	N/A	36.19	210	35	5.7e-29	125	terminal uridylyltransferase 4 isoform X23 [Homo sapiens]	TRUE	Tut4
XP_013760484.1	XP_047272372.1	0	N/A	42.857	161	27	2.21e-27	120	terminal uridylyltransferase 4 isoform X42 [Homo sapiens]	TRUE	Tut4
XP_013760484.1	XP_047272305.1	0	N/A	42.857	161	27	2.48e-27	120	terminal uridylyltransferase 4 isoform X17 [Homo sapiens]	TRUE	Tut4
XP_013760484.1	XP_047272290.1	0	N/A	42.857	161	27	2.59e-27	120	terminal uridylyltransferase 4 isoform X11 [Homo sapiens]	TRUE	Tut4
XP_013760484.1	XP_047272286.1	0	N/A	42.857	161	27	2.67e-27	120	terminal uridylyltransferase 4 isoform X8 [Homo sapiens]	TRUE	Tut4
XP_013760484.1	XP_047272296.1	0	N/A	42.857	161	27	2.68e-27	120	terminal uridylyltransferase 4 isoform X13 [Homo sapiens]	TRUE	Tut4
XP_013760484.1	XP_047272295.1	0	N/A	42.857	161	27	2.76e-27	120	terminal uridylyltransferase 4 isoform X12 [Homo sapiens]	TRUE	Tut4
XP_013760484.1	XP_047272350.1	0	N/A	42.857	161	27	2.99e-27	120	terminal uridylyltransferase 4 isoform X34 [Homo sapiens]	TRUE	Tut4
XP_013760484.1	XP_047272344.1	0	N/A	42.857	161	27	3.19e-27	120	terminal uridylyltransferase 4 isoform X30 [Homo sapiens]	TRUE	Tut4
XP_013760484.1	NP_001375065.1	0	N/A	32.093	215	36	1.33e-23	105	poly(A) RNA polymerase GLD2 isoform 14 [Homo sapiens]	TRUE	TENT2
XP_013760484.1	NP_001375061.1	0	N/A	32.093	215	36	2.7e-23	105	poly(A) RNA polymerase GLD2 isoform 12 [Homo sapiens]	TRUE	TENT2
XP_013760484.1	NP_001375059.1	0	N/A	32.093	215	36	3.48e-23	105	poly(A) RNA polymerase GLD2 isoform 10 [Homo sapiens]	TRUE	TENT2
XP_013760484.1	NP_001375030.1	0	N/A	31.797	217	36	3.78e-23	105	poly(A) RNA polymerase GLD2 isoform 9 [Homo sapiens]	TRUE	TENT2
XP_013760484.1	XP_047272811.1	0	N/A	32.093	215	36	3.88e-23	105	poly(A) RNA polymerase GLD2 isoform X4 [Homo sapiens]	TRUE	TENT2
XP_013760484.1	XP_047272810.1	0	N/A	32.093	215	36	3.88e-23	105	poly(A) RNA polymerase GLD2 isoform X4 [Homo sapiens]	TRUE	TENT2
XP_013760484.1	XP_047272809.1	0	N/A	32.093	215	36	3.88e-23	105	poly(A) RNA polymerase GLD2 isoform X4 [Homo sapiens]	TRUE	TENT2
XP_013760484.1	NP_001375058.1	0	N/A	32.093	215	36	3.88e-23	105	poly(A) RNA polymerase GLD2 isoform 2 [Homo sapiens]	TRUE	TENT2
XP_013760484.1	NP_001375057.1	0	N/A	32.093	215	36	3.88e-23	105	poly(A) RNA polymerase GLD2 isoform 2 [Homo sapiens]	TRUE	TENT2
XP_013760484.1	NP_001375056.1	0	N/A	32.093	215	36	3.88e-23	105	poly(A) RNA polymerase GLD2 isoform 2 [Homo sapiens]	TRUE	TENT2
XP_013760484.1	NP_001375055.1	0	N/A	32.093	215	36	3.88e-23	105	poly(A) RNA polymerase GLD2 isoform 2 [Homo sapiens]	TRUE	TENT2
XP_013760484.1	NP_001375054.1	0	N/A	32.093	215	36	3.88e-23	105	poly(A) RNA polymerase GLD2 isoform 2 [Homo sapiens]	TRUE	TENT2
XP_013760484.1	NP_001375053.1	0	N/A	32.093	215	36	3.88e-23	105	poly(A) RNA polymerase GLD2 isoform 2 [Homo sapiens]	TRUE	TENT2
XP_013760484.1	NP_001375052.1	0	N/A	32.093	215	36	3.88e-23	105	poly(A) RNA polymerase GLD2 isoform 2 [Homo sapiens]	TRUE	TENT2
XP_013760484.1	NP_001375051.1	0	N/A	32.093	215	36	3.88e-23	105	poly(A) RNA polymerase GLD2 isoform 2 [Homo sapiens]	TRUE	TENT2
XP_013760484.1	NP_001375050.1	0	N/A	32.093	215	36	3.88e-23	105	poly(A) RNA polymerase GLD2 isoform 2 [Homo sapiens]	TRUE	TENT2
XP_013760484.1	NP_001375049.1	0	N/A	32.093	215	36	3.88e-23	105	poly(A) RNA polymerase GLD2 isoform 2 [Homo sapiens]	TRUE	TENT2
XP_013760484.1	NP_001375048.1	0	N/A	32.093	215	36	3.88e-23	105	poly(A) RNA polymerase GLD2 isoform 2 [Homo sapiens]	TRUE	TENT2
XP_013760484.1	NP_001375047.1	0	N/A	32.093	215	36	3.88e-23	105	poly(A) RNA polymerase GLD2 isoform 2 [Homo sapiens]	TRUE	TENT2
XP_013760484.1	NP_001375046.1	0	N/A	32.093	215	36	3.88e-23	105	poly(A) RNA polymerase GLD2 isoform 2 [Homo sapiens]	TRUE	TENT2
XP_013760484.1	NP_001375045.1	0	N/A	32.093	215	36	3.88e-23	105	poly(A) RNA polymerase GLD2 isoform 2 [Homo sapiens]	TRUE	TENT2
XP_013760484.1	NP_001375044.1	0	N/A	32.093	215	36	3.88e-23	105	poly(A) RNA polymerase GLD2 isoform 2 [Homo sapiens]	TRUE	TENT2
XP_013760484.1	NP_001375043.1	0	N/A	32.093	215	36	3.88e-23	105	poly(A) RNA polymerase GLD2 isoform 2 [Homo sapiens]	TRUE	TENT2
XP_013760484.1	NP_001336483.1	0	N/A	32.093	215	36	3.88e-23	105	poly(A) RNA polymerase GLD2 isoform 2 [Homo sapiens]	TRUE	TENT2
XP_013760484.1	NP_001284673.1	0	N/A	32.093	215	36	3.88e-23	105	poly(A) RNA polymerase GLD2 isoform 2 [Homo sapiens]	TRUE	TENT2
XP_013760484.1	NP_001375060.1	0	N/A	30.594	219	36	1.67e-22	103	poly(A) RNA polymerase GLD2 isoform 11 [Homo sapiens]	TRUE	TENT2
XP_013760484.1	NP_001375029.1	0	N/A	30.317	221	36	2.22e-22	103	poly(A) RNA polymerase GLD2 isoform 8 [Homo sapiens]	TRUE	TENT2
XP_013760484.1	NP_001375028.1	0	N/A	30.317	221	36	2.22e-22	103	poly(A) RNA polymerase GLD2 isoform 8 [Homo sapiens]	TRUE	TENT2
XP_013760484.1	NP_001375042.1	0	N/A	30.594	219	36	2.36e-22	103	poly(A) RNA polymerase GLD2 isoform 16 [Homo sapiens]	TRUE	TENT2
XP_013760484.1	XP_047272808.1	0	N/A	30.594	219	36	2.55e-22	102	poly(A) RNA polymerase GLD2 isoform X3 [Homo sapiens]	TRUE	TENT2
XP_013760484.1	XP_047272807.1	0	N/A	30.594	219	36	2.55e-22	102	poly(A) RNA polymerase GLD2 isoform X3 [Homo sapiens]	TRUE	TENT2
XP_013760484.1	XP_047272806.1	0	N/A	30.594	219	36	2.55e-22	102	poly(A) RNA polymerase GLD2 isoform X3 [Homo sapiens]	TRUE	TENT2
XP_013760484.1	NP_776158.2	0	N/A	30.594	219	36	2.55e-22	102	poly(A) RNA polymerase GLD2 isoform 1 [Homo sapiens]	TRUE	TENT2
XP_013760484.1	NP_001375041.1	0	N/A	30.594	219	36	2.55e-22	102	poly(A) RNA polymerase GLD2 isoform 1 [Homo sapiens]	TRUE	TENT2
XP_013760484.1	NP_001375040.1	0	N/A	30.594	219	36	2.55e-22	102	poly(A) RNA polymerase GLD2 isoform 1 [Homo sapiens]	TRUE	TENT2
XP_013760484.1	NP_001375039.1	0	N/A	30.594	219	36	2.55e-22	102	poly(A) RNA polymerase GLD2 isoform 1 [Homo sapiens]	TRUE	TENT2
XP_013760484.1	NP_001375038.1	0	N/A	30.594	219	36	2.55e-22	102	poly(A) RNA polymerase GLD2 isoform 1 [Homo sapiens]	TRUE	TENT2
XP_013760484.1	NP_001375037.1	0	N/A	30.594	219	36	2.55e-22	102	poly(A) RNA polymerase GLD2 isoform 1 [Homo sapiens]	TRUE	TENT2
XP_013760484.1	NP_001375036.1	0	N/A	30.594	219	36	2.55e-22	102	poly(A) RNA polymerase GLD2 isoform 1 [Homo sapiens]	TRUE	TENT2
XP_013760484.1	NP_001375035.1	0	N/A	30.594	219	36	2.55e-22	102	poly(A) RNA polymerase GLD2 isoform 1 [Homo sapiens]	TRUE	TENT2
XP_013760484.1	NP_001375034.1	0	N/A	30.594	219	36	2.55e-22	102	poly(A) RNA polymerase GLD2 isoform 1 [Homo sapiens]	TRUE	TENT2
XP_013760484.1	NP_001375032.1	0	N/A	30.594	219	36	2.55e-22	102	poly(A) RNA polymerase GLD2 isoform 1 [Homo sapiens]	TRUE	TENT2
XP_013760484.1	NP_001375031.1	0	N/A	30.594	219	36	2.55e-22	102	poly(A) RNA polymerase GLD2 isoform 1 [Homo sapiens]	TRUE	TENT2
XP_013760484.1	NP_001336482.1	0	N/A	30.594	219	36	2.55e-22	102	poly(A) RNA polymerase GLD2 isoform 1 [Homo sapiens]	TRUE	TENT2
XP_013760484.1	NP_001336481.1	0	N/A	30.594	219	36	2.55e-22	102	poly(A) RNA polymerase GLD2 isoform 1 [Homo sapiens]	TRUE	TENT2
XP_013760484.1	NP_001107866.1	0	N/A	30.594	219	36	2.55e-22	102	poly(A) RNA polymerase GLD2 isoform 1 [Homo sapiens]	TRUE	TENT2
XP_013760484.1	NP_001107865.1	0	N/A	30.594	219	36	2.55e-22	102	poly(A) RNA polymerase GLD2 isoform 1 [Homo sapiens]	TRUE	TENT2
XP_013760484.1	NP_001172003.1	0	N/A	43.066	137	21	5.99e-22	103	terminal uridylyltransferase 7 isoform 2 [Homo sapiens]	TRUE	Tut7
XP_013760484.1	XP_047272805.1	0	N/A	30.508	236	36	4.75e-21	99.4	poly(A) RNA polymerase GLD2 isoform X2 [Homo sapiens]	TRUE	TENT2
XP_013761651.1	NP_001035374.2	0	N/A	30.088	339	57	1.29e-32	135	terminal nucleotidyltransferase 4B isoform a [Homo sapiens]	TRUE	TENT4B
XP_013761651.1	XP_011521577.1	0	N/A	30.088	339	57	1.3e-32	135	terminal nucleotidyltransferase 4B isoform X1 [Homo sapiens]	TRUE	TENT4B
XP_013761651.1	NP_001035375.2	0	N/A	30.088	339	57	1.38e-32	135	terminal nucleotidyltransferase 4B isoform b [Homo sapiens]	TRUE	TENT4B
XP_013761651.1	XP_011521578.1	0	N/A	30.088	339	57	1.39e-32	135	terminal nucleotidyltransferase 4B isoform X2 [Homo sapiens]	TRUE	TENT4B
XP_013761651.1	XP_047290432.1	0	N/A	30.088	339	57	2.01e-32	134	terminal nucleotidyltransferase 4B isoform X4 [Homo sapiens]	TRUE	TENT4B
XP_013761651.1	NP_001352253.1	0	N/A	30.088	339	57	2.32e-32	134	terminal nucleotidyltransferase 4B isoform d [Homo sapiens]	TRUE	TENT4B
XP_013761651.1	NP_001352252.1	0	N/A	30.088	339	57	2.34e-32	134	terminal nucleotidyltransferase 4B isoform c [Homo sapiens]	TRUE	TENT4B
XP_013761651.1	XP_047290431.1	0	N/A	30.088	339	57	2.85e-32	134	terminal nucleotidyltransferase 4B isoform X3 [Homo sapiens]	TRUE	TENT4B
XP_013761651.1	XP_047290433.1	0	N/A	29.882	338	57	3e-32	132	terminal nucleotidyltransferase 4B isoform X6 [Homo sapiens]	TRUE	TENT4B
XP_013761651.1	XP_011521580.1	0	N/A	29.882	338	57	4.22e-32	132	terminal nucleotidyltransferase 4B isoform X5 [Homo sapiens]	TRUE	TENT4B
XP_013761651.1	NP_008930.2	0	N/A	27.515	338	58	2.91e-31	131	terminal nucleotidyltransferase 4A isoform 1 [Homo sapiens]	TRUE	TENT4A
XP_013761651.1	NP_001165276.2	0	N/A	27.515	338	58	3.04e-31	131	terminal nucleotidyltransferase 4A isoform 2 [Homo sapiens]	TRUE	TENT4A
XP_013761651.1	XP_047272622.1	0	N/A	27.469	324	55	1.59e-29	125	terminal nucleotidyltransferase 4A isoform X1 [Homo sapiens]	TRUE	TENT4A
XP_013761651.1	XP_047272621.1	0	N/A	27.469	324	55	1.59e-29	125	terminal nucleotidyltransferase 4A isoform X1 [Homo sapiens]	TRUE	TENT4A
XP_013761651.1	XP_047272620.1	0	N/A	27.469	324	55	1.59e-29	125	terminal nucleotidyltransferase 4A isoform X1 [Homo sapiens]	TRUE	TENT4A
XP_013761651.1	XP_047272624.1	0	N/A	27.302	315	54	3.14e-27	118	terminal nucleotidyltransferase 4A isoform X3 [Homo sapiens]	TRUE	TENT4A
XP_013761651.1	XP_047272623.1	0	N/A	27.302	315	54	3.25e-27	118	terminal nucleotidyltransferase 4A isoform X2 [Homo sapiens]	TRUE	TENT4A
XP_013761651.1	XP_016864477.1	0	N/A	27.302	315	54	3.25e-27	118	terminal nucleotidyltransferase 4A isoform X2 [Homo sapiens]	TRUE	TENT4A
XP_013761651.1	XP_047272811.1	0	N/A	23.824	340	55	6.66e-09	60.8	poly(A) RNA polymerase GLD2 isoform X4 [Homo sapiens]	TRUE	TENT2
XP_013761651.1	XP_047272810.1	0	N/A	23.824	340	55	6.66e-09	60.8	poly(A) RNA polymerase GLD2 isoform X4 [Homo sapiens]	TRUE	TENT2
XP_013761651.1	XP_047272809.1	0	N/A	23.824	340	55	6.66e-09	60.8	poly(A) RNA polymerase GLD2 isoform X4 [Homo sapiens]	TRUE	TENT2
XP_013761651.1	NP_001375058.1	0	N/A	23.824	340	55	6.66e-09	60.8	poly(A) RNA polymerase GLD2 isoform 2 [Homo sapiens]	TRUE	TENT2
XP_013761651.1	NP_001375057.1	0	N/A	23.824	340	55	6.66e-09	60.8	poly(A) RNA polymerase GLD2 isoform 2 [Homo sapiens]	TRUE	TENT2
XP_013761651.1	NP_001375056.1	0	N/A	23.824	340	55	6.66e-09	60.8	poly(A) RNA polymerase GLD2 isoform 2 [Homo sapiens]	TRUE	TENT2
XP_013761651.1	NP_001375055.1	0	N/A	23.824	340	55	6.66e-09	60.8	poly(A) RNA polymerase GLD2 isoform 2 [Homo sapiens]	TRUE	TENT2
XP_013761651.1	NP_001375054.1	0	N/A	23.824	340	55	6.66e-09	60.8	poly(A) RNA polymerase GLD2 isoform 2 [Homo sapiens]	TRUE	TENT2
XP_013761651.1	NP_001375053.1	0	N/A	23.824	340	55	6.66e-09	60.8	poly(A) RNA polymerase GLD2 isoform 2 [Homo sapiens]	TRUE	TENT2
XP_013761651.1	NP_001375052.1	0	N/A	23.824	340	55	6.66e-09	60.8	poly(A) RNA polymerase GLD2 isoform 2 [Homo sapiens]	TRUE	TENT2
XP_013761651.1	NP_001375051.1	0	N/A	23.824	340	55	6.66e-09	60.8	poly(A) RNA polymerase GLD2 isoform 2 [Homo sapiens]	TRUE	TENT2
XP_013761651.1	NP_001375050.1	0	N/A	23.824	340	55	6.66e-09	60.8	poly(A) RNA polymerase GLD2 isoform 2 [Homo sapiens]	TRUE	TENT2
XP_013761651.1	NP_001375049.1	0	N/A	23.824	340	55	6.66e-09	60.8	poly(A) RNA polymerase GLD2 isoform 2 [Homo sapiens]	TRUE	TENT2
XP_013761651.1	NP_001375048.1	0	N/A	23.824	340	55	6.66e-09	60.8	poly(A) RNA polymerase GLD2 isoform 2 [Homo sapiens]	TRUE	TENT2
XP_013761651.1	NP_001375047.1	0	N/A	23.824	340	55	6.66e-09	60.8	poly(A) RNA polymerase GLD2 isoform 2 [Homo sapiens]	TRUE	TENT2
XP_013761651.1	NP_001375046.1	0	N/A	23.824	340	55	6.66e-09	60.8	poly(A) RNA polymerase GLD2 isoform 2 [Homo sapiens]	TRUE	TENT2
XP_013761651.1	NP_001375045.1	0	N/A	23.824	340	55	6.66e-09	60.8	poly(A) RNA polymerase GLD2 isoform 2 [Homo sapiens]	TRUE	TENT2
XP_013761651.1	NP_001375044.1	0	N/A	23.824	340	55	6.66e-09	60.8	poly(A) RNA polymerase GLD2 isoform 2 [Homo sapiens]	TRUE	TENT2
XP_013761651.1	NP_001375043.1	0	N/A	23.824	340	55	6.66e-09	60.8	poly(A) RNA polymerase GLD2 isoform 2 [Homo sapiens]	TRUE	TENT2
XP_013761651.1	NP_001336483.1	0	N/A	23.824	340	55	6.66e-09	60.8	poly(A) RNA polymerase GLD2 isoform 2 [Homo sapiens]	TRUE	TENT2
XP_013761651.1	NP_001284673.1	0	N/A	23.824	340	55	6.66e-09	60.8	poly(A) RNA polymerase GLD2 isoform 2 [Homo sapiens]	TRUE	TENT2
XP_013761651.1	NP_001375059.1	0	N/A	23.824	340	55	7.57e-09	60.8	poly(A) RNA polymerase GLD2 isoform 10 [Homo sapiens]	TRUE	TENT2
XP_013761651.1	NP_001375061.1	0	N/A	23.824	340	55	7.69e-09	60.8	poly(A) RNA polymerase GLD2 isoform 12 [Homo sapiens]	TRUE	TENT2
XP_013761651.1	XP_047272808.1	0	N/A	23.032	343	55	1.2e-08	60.1	poly(A) RNA polymerase GLD2 isoform X3 [Homo sapiens]	TRUE	TENT2
XP_013761651.1	XP_047272807.1	0	N/A	23.032	343	55	1.2e-08	60.1	poly(A) RNA polymerase GLD2 isoform X3 [Homo sapiens]	TRUE	TENT2
XP_013761651.1	XP_047272806.1	0	N/A	23.032	343	55	1.2e-08	60.1	poly(A) RNA polymerase GLD2 isoform X3 [Homo sapiens]	TRUE	TENT2
XP_013761651.1	NP_776158.2	0	N/A	23.032	343	55	1.2e-08	60.1	poly(A) RNA polymerase GLD2 isoform 1 [Homo sapiens]	TRUE	TENT2
XP_013761651.1	NP_001375041.1	0	N/A	23.032	343	55	1.2e-08	60.1	poly(A) RNA polymerase GLD2 isoform 1 [Homo sapiens]	TRUE	TENT2
XP_013761651.1	NP_001375040.1	0	N/A	23.032	343	55	1.2e-08	60.1	poly(A) RNA polymerase GLD2 isoform 1 [Homo sapiens]	TRUE	TENT2
XP_013761651.1	NP_001375039.1	0	N/A	23.032	343	55	1.2e-08	60.1	poly(A) RNA polymerase GLD2 isoform 1 [Homo sapiens]	TRUE	TENT2
XP_013761651.1	NP_001375038.1	0	N/A	23.032	343	55	1.2e-08	60.1	poly(A) RNA polymerase GLD2 isoform 1 [Homo sapiens]	TRUE	TENT2
XP_013761651.1	NP_001375037.1	0	N/A	23.032	343	55	1.2e-08	60.1	poly(A) RNA polymerase GLD2 isoform 1 [Homo sapiens]	TRUE	TENT2
XP_013761651.1	NP_001375036.1	0	N/A	23.032	343	55	1.2e-08	60.1	poly(A) RNA polymerase GLD2 isoform 1 [Homo sapiens]	TRUE	TENT2
XP_013761651.1	NP_001375035.1	0	N/A	23.032	343	55	1.2e-08	60.1	poly(A) RNA polymerase GLD2 isoform 1 [Homo sapiens]	TRUE	TENT2
XP_013761651.1	NP_001375034.1	0	N/A	23.032	343	55	1.2e-08	60.1	poly(A) RNA polymerase GLD2 isoform 1 [Homo sapiens]	TRUE	TENT2
XP_013761651.1	NP_001375032.1	0	N/A	23.032	343	55	1.2e-08	60.1	poly(A) RNA polymerase GLD2 isoform 1 [Homo sapiens]	TRUE	TENT2
XP_013761651.1	NP_001375031.1	0	N/A	23.032	343	55	1.2e-08	60.1	poly(A) RNA polymerase GLD2 isoform 1 [Homo sapiens]	TRUE	TENT2
XP_013761651.1	NP_001336482.1	0	N/A	23.032	343	55	1.2e-08	60.1	poly(A) RNA polymerase GLD2 isoform 1 [Homo sapiens]	TRUE	TENT2
XP_013761651.1	NP_001336481.1	0	N/A	23.032	343	55	1.2e-08	60.1	poly(A) RNA polymerase GLD2 isoform 1 [Homo sapiens]	TRUE	TENT2
XP_013761651.1	NP_001107866.1	0	N/A	23.032	343	55	1.2e-08	60.1	poly(A) RNA polymerase GLD2 isoform 1 [Homo sapiens]	TRUE	TENT2
XP_013761651.1	NP_001107865.1	0	N/A	23.032	343	55	1.2e-08	60.1	poly(A) RNA polymerase GLD2 isoform 1 [Homo sapiens]	TRUE	TENT2
XP_013761651.1	NP_001375042.1	0	N/A	23.032	343	55	1.52e-08	59.7	poly(A) RNA polymerase GLD2 isoform 16 [Homo sapiens]	TRUE	TENT2
XP_013761651.1	NP_001375060.1	0	N/A	23.032	343	55	1.55e-08	59.7	poly(A) RNA polymerase GLD2 isoform 11 [Homo sapiens]	TRUE	TENT2
XP_013761651.1	NP_001375065.1	0	N/A	23.824	340	55	1.9e-08	58.9	poly(A) RNA polymerase GLD2 isoform 14 [Homo sapiens]	TRUE	TENT2
XP_013761651.1	XP_016870620.1	0	N/A	21.79	257	42	6.92e-08	58.5	terminal uridylyltransferase 7 isoform X4 [Homo sapiens]	TRUE	Tut7
XP_013761651.1	XP_016870619.1	0	N/A	21.79	257	42	6.92e-08	58.5	terminal uridylyltransferase 7 isoform X4 [Homo sapiens]	TRUE	Tut7
XP_013761651.1	NP_078893.2	0	N/A	21.79	257	42	6.92e-08	58.5	terminal uridylyltransferase 7 isoform 1 [Homo sapiens]	TRUE	Tut7
XP_013761651.1	NP_001171988.1	0	N/A	21.79	257	42	6.92e-08	58.5	terminal uridylyltransferase 7 isoform 1 [Homo sapiens]	TRUE	Tut7
XP_013761651.1	XP_047279825.1	0	N/A	21.79	257	42	7.14e-08	58.5	terminal uridylyltransferase 7 isoform X6 [Homo sapiens]	TRUE	Tut7
XP_013761651.1	XP_047279824.1	0	N/A	21.79	257	42	7.14e-08	58.5	terminal uridylyltransferase 7 isoform X6 [Homo sapiens]	TRUE	Tut7
XP_013761651.1	XP_005252264.1	0	N/A	21.79	257	42	7.14e-08	58.5	terminal uridylyltransferase 7 isoform X6 [Homo sapiens]	TRUE	Tut7
XP_013761651.1	XP_047279823.1	0	N/A	21.79	257	42	7.38e-08	58.2	terminal uridylyltransferase 7 isoform X2 [Homo sapiens]	TRUE	Tut7
XP_013761651.1	XP_006717346.1	0	N/A	21.79	257	42	7.38e-08	58.2	terminal uridylyltransferase 7 isoform X2 [Homo sapiens]	TRUE	Tut7
XP_013761651.1	XP_011517318.1	0	N/A	21.79	257	42	7.93e-08	58.2	terminal uridylyltransferase 7 isoform X5 [Homo sapiens]	TRUE	Tut7
XP_013761651.1	XP_011517317.1	0	N/A	21.79	257	42	8.61e-08	58.2	terminal uridylyltransferase 7 isoform X3 [Homo sapiens]	TRUE	Tut7
XP_013761651.1	XP_005252265.1	0	N/A	21.79	257	42	9.61e-08	57.8	terminal uridylyltransferase 7 isoform X7 [Homo sapiens]	TRUE	Tut7
XP_013761651.1	XP_011517316.1	0	N/A	21.79	257	42	9.89e-08	57.8	terminal uridylyltransferase 7 isoform X1 [Homo sapiens]	TRUE	Tut7
XP_013761651.1	XP_011517315.1	0	N/A	21.79	257	42	9.89e-08	57.8	terminal uridylyltransferase 7 isoform X1 [Homo sapiens]	TRUE	Tut7
XP_013761651.1	XP_011517314.1	0	N/A	21.79	257	42	9.89e-08	57.8	terminal uridylyltransferase 7 isoform X1 [Homo sapiens]	TRUE	Tut7
XP_013761651.1	XP_011517313.1	0	N/A	21.79	257	42	9.89e-08	57.8	terminal uridylyltransferase 7 isoform X1 [Homo sapiens]	TRUE	Tut7
XP_013761651.1	NP_001317647.1	0	N/A	21.79	257	42	1e-07	57.8	terminal uridylyltransferase 7 isoform 3 [Homo sapiens]	TRUE	Tut7
XP_013761651.1	NP_001375030.1	0	N/A	23.684	342	55	1.26e-07	57	poly(A) RNA polymerase GLD2 isoform 9 [Homo sapiens]	TRUE	TENT2
XP_013761651.1	NP_001375029.1	0	N/A	22.899	345	55	3.17e-07	55.8	poly(A) RNA polymerase GLD2 isoform 8 [Homo sapiens]	TRUE	TENT2
XP_013761651.1	NP_001375028.1	0	N/A	22.899	345	55	3.17e-07	55.8	poly(A) RNA polymerase GLD2 isoform 8 [Homo sapiens]	TRUE	TENT2
XP_013761651.1	XP_047272350.1	0	N/A	23.344	317	53	4.77e-07	55.8	terminal uridylyltransferase 4 isoform X34 [Homo sapiens]	TRUE	Tut4
XP_013761651.1	XP_047272354.1	0	N/A	23.344	317	53	4.85e-07	55.8	terminal uridylyltransferase 4 isoform X35 [Homo sapiens]	TRUE	Tut4
XP_013761651.1	XP_047272362.1	0	N/A	23.344	317	53	4.94e-07	55.8	terminal uridylyltransferase 4 isoform X37 [Homo sapiens]	TRUE	Tut4
XP_013761651.1	XP_047272337.1	0	N/A	23.344	317	53	5e-07	55.5	terminal uridylyltransferase 4 isoform X27 [Homo sapiens]	TRUE	Tut4
XP_013761651.1	XP_047272367.1	0	N/A	23.344	317	53	5.38e-07	55.5	terminal uridylyltransferase 4 isoform X39 [Homo sapiens]	TRUE	Tut4
XP_013761651.1	XP_016856296.1	0	N/A	23.344	317	53	5.54e-07	55.5	terminal uridylyltransferase 4 isoform X28 [Homo sapiens]	TRUE	Tut4
XP_013761651.1	XP_047272344.1	0	N/A	23.344	317	53	6.5e-07	55.5	terminal uridylyltransferase 4 isoform X30 [Homo sapiens]	TRUE	Tut4
XP_013761651.1	XP_047272348.1	0	N/A	23.344	317	53	6.61e-07	55.1	terminal uridylyltransferase 4 isoform X32 [Homo sapiens]	TRUE	Tut4
XP_013761651.1	XP_047272325.1	0	N/A	23.344	317	53	6.69e-07	55.1	terminal uridylyltransferase 4 isoform X23 [Homo sapiens]	TRUE	Tut4
XP_013761651.1	XP_016856295.1	0	N/A	23.344	317	53	6.8e-07	55.1	terminal uridylyltransferase 4 isoform X25 [Homo sapiens]	TRUE	Tut4
XP_013761651.1	NP_001336477.1	0	N/A	25.101	247	40	1.56e-06	52.4	poly(A) RNA polymerase GLD2 isoform 4 [Homo sapiens]	TRUE	TENT2
XP_013761651.1	XP_047272820.1	0	N/A	25.101	247	40	1.88e-06	52	poly(A) RNA polymerase GLD2 isoform X11 [Homo sapiens]	TRUE	TENT2
XP_013761651.1	XP_047272805.1	0	N/A	25.101	247	40	3.86e-06	52.4	poly(A) RNA polymerase GLD2 isoform X2 [Homo sapiens]	TRUE	TENT2
XP_013761651.1	XP_047272804.1	0	N/A	25.101	247	40	3.86e-06	52.4	poly(A) RNA polymerase GLD2 isoform X2 [Homo sapiens]	TRUE	TENT2
XP_013761651.1	XP_047272803.1	0	N/A	25.101	247	40	3.86e-06	52.4	poly(A) RNA polymerase GLD2 isoform X2 [Homo sapiens]	TRUE	TENT2
XP_013761651.1	XP_047272802.1	0	N/A	25.101	247	40	3.86e-06	52.4	poly(A) RNA polymerase GLD2 isoform X2 [Homo sapiens]	TRUE	TENT2
XP_013761651.1	XP_016864641.1	0	N/A	25.101	247	40	3.86e-06	52.4	poly(A) RNA polymerase GLD2 isoform X2 [Homo sapiens]	TRUE	TENT2
XP_013761651.1	NP_001375026.1	0	N/A	25.101	247	40	3.86e-06	52.4	poly(A) RNA polymerase GLD2 isoform 6 [Homo sapiens]	TRUE	TENT2
XP_013762078.1	NP_001035375.2	0	N/A	40	340	40	3.05e-58	213	terminal nucleotidyltransferase 4B isoform b [Homo sapiens]	TRUE	TENT4B
XP_013762078.1	XP_011521578.1	0	N/A	40	340	40	3.1e-58	213	terminal nucleotidyltransferase 4B isoform X2 [Homo sapiens]	TRUE	TENT4B
XP_013762078.1	NP_001035374.2	0	N/A	40	340	40	5.06e-58	213	terminal nucleotidyltransferase 4B isoform a [Homo sapiens]	TRUE	TENT4B
XP_013762078.1	XP_011521577.1	0	N/A	40	340	40	5.14e-58	213	terminal nucleotidyltransferase 4B isoform X1 [Homo sapiens]	TRUE	TENT4B
XP_013762078.1	XP_047290433.1	0	N/A	40.373	322	38	5.16e-58	208	terminal nucleotidyltransferase 4B isoform X6 [Homo sapiens]	TRUE	TENT4B
XP_013762078.1	XP_047290432.1	0	N/A	40	340	40	7.05e-58	211	terminal nucleotidyltransferase 4B isoform X4 [Homo sapiens]	TRUE	TENT4B
XP_013762078.1	NP_001352252.1	0	N/A	40	340	40	8.75e-58	212	terminal nucleotidyltransferase 4B isoform c [Homo sapiens]	TRUE	TENT4B
XP_013762078.1	XP_047290431.1	0	N/A	40	340	40	9.16e-58	212	terminal nucleotidyltransferase 4B isoform X3 [Homo sapiens]	TRUE	TENT4B
XP_013762078.1	XP_011521580.1	0	N/A	40.373	322	38	1.1e-57	208	terminal nucleotidyltransferase 4B isoform X5 [Homo sapiens]	TRUE	TENT4B
XP_013762078.1	NP_001352253.1	0	N/A	40	340	40	1.62e-57	212	terminal nucleotidyltransferase 4B isoform d [Homo sapiens]	TRUE	TENT4B
XP_013762078.1	NP_001165276.2	0	N/A	36.389	360	41	7.57e-52	196	terminal nucleotidyltransferase 4A isoform 2 [Homo sapiens]	TRUE	TENT4A
XP_013762078.1	NP_008930.2	0	N/A	36.389	360	41	7.86e-52	196	terminal nucleotidyltransferase 4A isoform 1 [Homo sapiens]	TRUE	TENT4A
XP_013762078.1	XP_047272622.1	0	N/A	35.53	349	39	1.62e-47	180	terminal nucleotidyltransferase 4A isoform X1 [Homo sapiens]	TRUE	TENT4A
XP_013762078.1	XP_047272621.1	0	N/A	35.53	349	39	1.62e-47	180	terminal nucleotidyltransferase 4A isoform X1 [Homo sapiens]	TRUE	TENT4A
XP_013762078.1	XP_047272620.1	0	N/A	35.53	349	39	1.62e-47	180	terminal nucleotidyltransferase 4A isoform X1 [Homo sapiens]	TRUE	TENT4A
XP_013762078.1	XP_047272623.1	0	N/A	35.294	340	38	1.91e-45	174	terminal nucleotidyltransferase 4A isoform X2 [Homo sapiens]	TRUE	TENT4A
XP_013762078.1	XP_016864477.1	0	N/A	35.294	340	38	1.91e-45	174	terminal nucleotidyltransferase 4A isoform X2 [Homo sapiens]	TRUE	TENT4A
XP_013762078.1	XP_047272624.1	0	N/A	35.294	340	38	2.15e-45	173	terminal nucleotidyltransferase 4A isoform X3 [Homo sapiens]	TRUE	TENT4A
XP_013762078.1	XP_047279823.1	0	N/A	26.23	183	21	8.19e-07	55.8	terminal uridylyltransferase 7 isoform X2 [Homo sapiens]	TRUE	Tut7
XP_013762078.1	XP_006717346.1	0	N/A	26.23	183	21	8.19e-07	55.8	terminal uridylyltransferase 7 isoform X2 [Homo sapiens]	TRUE	Tut7
XP_013762078.1	XP_016870620.1	0	N/A	26.23	183	21	1.07e-06	55.5	terminal uridylyltransferase 7 isoform X4 [Homo sapiens]	TRUE	Tut7
XP_013762078.1	XP_016870619.1	0	N/A	26.23	183	21	1.07e-06	55.5	terminal uridylyltransferase 7 isoform X4 [Homo sapiens]	TRUE	Tut7
XP_013762078.1	NP_078893.2	0	N/A	26.23	183	21	1.07e-06	55.5	terminal uridylyltransferase 7 isoform 1 [Homo sapiens]	TRUE	Tut7
XP_013762078.1	NP_001171988.1	0	N/A	26.23	183	21	1.07e-06	55.5	terminal uridylyltransferase 7 isoform 1 [Homo sapiens]	TRUE	Tut7
XP_013762078.1	XP_047279825.1	0	N/A	26.23	183	21	1.11e-06	55.5	terminal uridylyltransferase 7 isoform X6 [Homo sapiens]	TRUE	Tut7
XP_013762078.1	XP_047279824.1	0	N/A	26.23	183	21	1.11e-06	55.5	terminal uridylyltransferase 7 isoform X6 [Homo sapiens]	TRUE	Tut7
XP_013762078.1	XP_005252264.1	0	N/A	26.23	183	21	1.11e-06	55.5	terminal uridylyltransferase 7 isoform X6 [Homo sapiens]	TRUE	Tut7
XP_013762078.1	XP_011517318.1	0	N/A	26.23	183	21	1.23e-06	55.1	terminal uridylyltransferase 7 isoform X5 [Homo sapiens]	TRUE	Tut7
XP_013762078.1	XP_011517317.1	0	N/A	26.23	183	21	1.27e-06	55.1	terminal uridylyltransferase 7 isoform X3 [Homo sapiens]	TRUE	Tut7
XP_013762078.1	XP_005252265.1	0	N/A	26.23	183	21	1.4e-06	55.1	terminal uridylyltransferase 7 isoform X7 [Homo sapiens]	TRUE	Tut7
XP_013762078.1	XP_011517316.1	0	N/A	26.23	183	21	1.44e-06	55.1	terminal uridylyltransferase 7 isoform X1 [Homo sapiens]	TRUE	Tut7
XP_013762078.1	XP_011517315.1	0	N/A	26.23	183	21	1.44e-06	55.1	terminal uridylyltransferase 7 isoform X1 [Homo sapiens]	TRUE	Tut7
XP_013762078.1	XP_011517314.1	0	N/A	26.23	183	21	1.44e-06	55.1	terminal uridylyltransferase 7 isoform X1 [Homo sapiens]	TRUE	Tut7
XP_013762078.1	XP_011517313.1	0	N/A	26.23	183	21	1.44e-06	55.1	terminal uridylyltransferase 7 isoform X1 [Homo sapiens]	TRUE	Tut7
XP_013762078.1	NP_001317647.1	0	N/A	26.23	183	21	1.58e-06	54.7	terminal uridylyltransferase 7 isoform 3 [Homo sapiens]	TRUE	Tut7
XP_013762078.1	XP_016856293.1	0	N/A	26.531	196	22	4.82e-06	53.1	terminal uridylyltransferase 4 isoform X16 [Homo sapiens]	TRUE	Tut4
XP_013762078.1	XP_047272288.1	0	N/A	26.531	196	22	4.94e-06	53.1	terminal uridylyltransferase 4 isoform X10 [Homo sapiens]	TRUE	Tut4
XP_013762078.1	XP_016856292.1	0	N/A	26.531	196	22	5.76e-06	53.1	terminal uridylyltransferase 4 isoform X9 [Homo sapiens]	TRUE	Tut4
XP_013762078.1	XP_016856299.1	0	N/A	26.531	196	22	5.91e-06	52.8	terminal uridylyltransferase 4 isoform X40 [Homo sapiens]	TRUE	Tut4
XP_013762078.1	XP_047272365.1	0	N/A	26.531	196	22	6.17e-06	52.8	terminal uridylyltransferase 4 isoform X38 [Homo sapiens]	TRUE	Tut4
XP_013762078.1	XP_047272283.1	0	N/A	26.531	196	22	6.18e-06	52.8	terminal uridylyltransferase 4 isoform X6 [Homo sapiens]	TRUE	Tut4
XP_013762078.1	XP_005270737.1	0	N/A	26.531	196	22	6.18e-06	52.8	terminal uridylyltransferase 4 isoform X6 [Homo sapiens]	TRUE	Tut4
XP_013762078.1	XP_047272285.1	0	N/A	26.531	196	22	6.38e-06	52.8	terminal uridylyltransferase 4 isoform X7 [Homo sapiens]	TRUE	Tut4
XP_013762078.1	XP_047272281.1	0	N/A	26.531	196	22	6.45e-06	52.8	terminal uridylyltransferase 4 isoform X4 [Homo sapiens]	TRUE	Tut4
XP_013762078.1	NP_001009881.1	0	N/A	26.531	196	22	6.45e-06	52.8	terminal uridylyltransferase 4 isoform a [Homo sapiens]	TRUE	Tut4
XP_013762078.1	XP_047272280.1	0	N/A	26.531	196	22	6.5e-06	52.8	terminal uridylyltransferase 4 isoform X3 [Homo sapiens]	TRUE	Tut4
XP_013762078.1	XP_005270736.1	0	N/A	26.531	196	22	6.5e-06	52.8	terminal uridylyltransferase 4 isoform X3 [Homo sapiens]	TRUE	Tut4
XP_013762078.1	XP_047272282.1	0	N/A	26.531	196	22	6.56e-06	52.8	terminal uridylyltransferase 4 isoform X5 [Homo sapiens]	TRUE	Tut4
XP_013762078.1	NP_056084.1	0	N/A	26.531	196	22	6.56e-06	52.8	terminal uridylyltransferase 4 isoform b [Homo sapiens]	TRUE	Tut4
XP_013762078.1	XP_011539399.1	0	N/A	26.531	196	22	6.73e-06	52.8	terminal uridylyltransferase 4 isoform X1 [Homo sapiens]	TRUE	Tut4
XP_013762078.1	XP_005270733.1	0	N/A	26.531	196	22	6.73e-06	52.8	terminal uridylyltransferase 4 isoform X1 [Homo sapiens]	TRUE	Tut4
XP_013762078.1	XP_016856297.1	0	N/A	26.531	196	22	6.77e-06	52.8	terminal uridylyltransferase 4 isoform X36 [Homo sapiens]	TRUE	Tut4
XP_013762078.1	XP_047272345.1	0	N/A	26.531	196	22	6.9e-06	52.8	terminal uridylyltransferase 4 isoform X31 [Homo sapiens]	TRUE	Tut4
XP_013762078.1	XP_005270735.1	0	N/A	26.531	196	22	6.96e-06	52.8	terminal uridylyltransferase 4 isoform X2 [Homo sapiens]	TRUE	Tut4
XP_013762078.1	XP_005270739.1	0	N/A	26.531	196	22	7.07e-06	52.8	terminal uridylyltransferase 4 isoform X33 [Homo sapiens]	TRUE	Tut4
XP_013762078.1	XP_011539401.1	0	N/A	26.531	196	22	7.45e-06	52.8	terminal uridylyltransferase 4 isoform X29 [Homo sapiens]	TRUE	Tut4
XP_013762078.1	XP_016856296.1	0	N/A	26.531	196	22	7.91e-06	52.4	terminal uridylyltransferase 4 isoform X28 [Homo sapiens]	TRUE	Tut4
XP_013762078.1	XP_047272337.1	0	N/A	26.531	196	22	8.26e-06	52.4	terminal uridylyltransferase 4 isoform X27 [Homo sapiens]	TRUE	Tut4
XP_013762078.1	XP_016856295.1	0	N/A	26.531	196	22	8.33e-06	52.4	terminal uridylyltransferase 4 isoform X25 [Homo sapiens]	TRUE	Tut4
XP_013762078.1	XP_047272325.1	0	N/A	26.531	196	22	9.55e-06	52.4	terminal uridylyltransferase 4 isoform X23 [Homo sapiens]	TRUE	Tut4
XP_013762078.1	XP_047272384.1	0	N/A	26	200	23	1.26e-05	51.6	terminal uridylyltransferase 4 isoform X46 [Homo sapiens]	TRUE	Tut4
XP_013762078.1	NP_001172003.1	0	N/A	31.111	90	11	3.23e-05	50.4	terminal uridylyltransferase 7 isoform 2 [Homo sapiens]	TRUE	Tut7
XP_013762078.1	XP_047272305.1	0	N/A	26.59	173	19	3.75e-05	50.4	terminal uridylyltransferase 4 isoform X17 [Homo sapiens]	TRUE	Tut4
XP_013762078.1	XP_047272296.1	0	N/A	26.59	173	19	4.05e-05	50.1	terminal uridylyltransferase 4 isoform X13 [Homo sapiens]	TRUE	Tut4
XP_013762078.1	XP_047272372.1	0	N/A	26.59	173	19	4.15e-05	50.1	terminal uridylyltransferase 4 isoform X42 [Homo sapiens]	TRUE	Tut4
XP_013762078.1	XP_047272290.1	0	N/A	26.59	173	19	4.22e-05	50.1	terminal uridylyltransferase 4 isoform X11 [Homo sapiens]	TRUE	Tut4
XP_013762078.1	XP_047272295.1	0	N/A	26.59	173	19	4.26e-05	50.1	terminal uridylyltransferase 4 isoform X12 [Homo sapiens]	TRUE	Tut4
XP_013762078.1	XP_047272286.1	0	N/A	26.59	173	19	4.76e-05	50.1	terminal uridylyltransferase 4 isoform X8 [Homo sapiens]	TRUE	Tut4
XP_013762078.1	XP_047272350.1	0	N/A	26.59	173	19	4.76e-05	50.1	terminal uridylyltransferase 4 isoform X34 [Homo sapiens]	TRUE	Tut4
XP_013762078.1	XP_047272344.1	0	N/A	26.59	173	19	5.85e-05	49.7	terminal uridylyltransferase 4 isoform X30 [Homo sapiens]	TRUE	Tut4
XP_013762078.1	NP_001375042.1	0	N/A	22.222	288	30	0.002	43.9	poly(A) RNA polymerase GLD2 isoform 16 [Homo sapiens]	TRUE	TENT2
XP_013762078.1	NP_001375059.1	0	N/A	22.569	288	30	0.003	43.5	poly(A) RNA polymerase GLD2 isoform 10 [Homo sapiens]	TRUE	TENT2
XP_013762078.1	XP_047272820.1	0	N/A	30.337	89	11	0.004	42.4	poly(A) RNA polymerase GLD2 isoform X11 [Homo sapiens]	TRUE	TENT2
XP_013762078.1	NP_001336477.1	0	N/A	30.337	89	11	0.004	42.4	poly(A) RNA polymerase GLD2 isoform 4 [Homo sapiens]	TRUE	TENT2
XP_013762078.1	XP_047272805.1	0	N/A	30.337	89	11	0.005	43.1	poly(A) RNA polymerase GLD2 isoform X2 [Homo sapiens]	TRUE	TENT2
XP_013762078.1	XP_047272804.1	0	N/A	30.337	89	11	0.005	43.1	poly(A) RNA polymerase GLD2 isoform X2 [Homo sapiens]	TRUE	TENT2
XP_013762078.1	XP_047272803.1	0	N/A	30.337	89	11	0.005	43.1	poly(A) RNA polymerase GLD2 isoform X2 [Homo sapiens]	TRUE	TENT2
XP_013762078.1	XP_047272802.1	0	N/A	30.337	89	11	0.005	43.1	poly(A) RNA polymerase GLD2 isoform X2 [Homo sapiens]	TRUE	TENT2
XP_013762078.1	XP_016864641.1	0	N/A	30.337	89	11	0.005	43.1	poly(A) RNA polymerase GLD2 isoform X2 [Homo sapiens]	TRUE	TENT2
XP_013762078.1	NP_001375026.1	0	N/A	30.337	89	11	0.005	43.1	poly(A) RNA polymerase GLD2 isoform 6 [Homo sapiens]	TRUE	TENT2
XP_013762078.1	NP_001375025.1	0	N/A	30.337	89	11	0.005	43.1	poly(A) RNA polymerase GLD2 isoform 6 [Homo sapiens]	TRUE	TENT2
XP_013762078.1	NP_001375024.1	0	N/A	30.337	89	11	0.005	43.1	poly(A) RNA polymerase GLD2 isoform 6 [Homo sapiens]	TRUE	TENT2
XP_013762078.1	NP_001336480.1	0	N/A	30.337	89	11	0.005	43.1	poly(A) RNA polymerase GLD2 isoform 6 [Homo sapiens]	TRUE	TENT2
XP_013762078.1	XP_047272811.1	0	N/A	30.337	89	11	0.005	43.1	poly(A) RNA polymerase GLD2 isoform X4 [Homo sapiens]	TRUE	TENT2
XP_013762078.1	XP_047272810.1	0	N/A	30.337	89	11	0.005	43.1	poly(A) RNA polymerase GLD2 isoform X4 [Homo sapiens]	TRUE	TENT2
XP_013762078.1	XP_047272809.1	0	N/A	30.337	89	11	0.005	43.1	poly(A) RNA polymerase GLD2 isoform X4 [Homo sapiens]	TRUE	TENT2
XP_013762078.1	NP_001375058.1	0	N/A	30.337	89	11	0.005	43.1	poly(A) RNA polymerase GLD2 isoform 2 [Homo sapiens]	TRUE	TENT2
XP_013762078.1	NP_001375057.1	0	N/A	30.337	89	11	0.005	43.1	poly(A) RNA polymerase GLD2 isoform 2 [Homo sapiens]	TRUE	TENT2
XP_013762078.1	NP_001375056.1	0	N/A	30.337	89	11	0.005	43.1	poly(A) RNA polymerase GLD2 isoform 2 [Homo sapiens]	TRUE	TENT2
XP_013762078.1	NP_001375055.1	0	N/A	30.337	89	11	0.005	43.1	poly(A) RNA polymerase GLD2 isoform 2 [Homo sapiens]	TRUE	TENT2
XP_013762078.1	NP_001375054.1	0	N/A	30.337	89	11	0.005	43.1	poly(A) RNA polymerase GLD2 isoform 2 [Homo sapiens]	TRUE	TENT2
XP_013762078.1	NP_001375053.1	0	N/A	30.337	89	11	0.005	43.1	poly(A) RNA polymerase GLD2 isoform 2 [Homo sapiens]	TRUE	TENT2
XP_013762078.1	NP_001375052.1	0	N/A	30.337	89	11	0.005	43.1	poly(A) RNA polymerase GLD2 isoform 2 [Homo sapiens]	TRUE	TENT2
XP_013762078.1	NP_001375051.1	0	N/A	30.337	89	11	0.005	43.1	poly(A) RNA polymerase GLD2 isoform 2 [Homo sapiens]	TRUE	TENT2
XP_013762078.1	NP_001375050.1	0	N/A	30.337	89	11	0.005	43.1	poly(A) RNA polymerase GLD2 isoform 2 [Homo sapiens]	TRUE	TENT2
XP_013762078.1	NP_001375049.1	0	N/A	30.337	89	11	0.005	43.1	poly(A) RNA polymerase GLD2 isoform 2 [Homo sapiens]	TRUE	TENT2
XP_013762078.1	NP_001375048.1	0	N/A	30.337	89	11	0.005	43.1	poly(A) RNA polymerase GLD2 isoform 2 [Homo sapiens]	TRUE	TENT2
XP_013762078.1	NP_001375047.1	0	N/A	30.337	89	11	0.005	43.1	poly(A) RNA polymerase GLD2 isoform 2 [Homo sapiens]	TRUE	TENT2
XP_013762078.1	NP_001375046.1	0	N/A	30.337	89	11	0.005	43.1	poly(A) RNA polymerase GLD2 isoform 2 [Homo sapiens]	TRUE	TENT2
XP_013762078.1	NP_001375045.1	0	N/A	30.337	89	11	0.005	43.1	poly(A) RNA polymerase GLD2 isoform 2 [Homo sapiens]	TRUE	TENT2
XP_013763083.1	NP_060579.3	0	N/A	27.753	227	56	4.29e-18	88.6	poly(A) RNA polymerase, mitochondrial precursor [Homo sapiens]	TRUE	mtPAP
XP_013763083.1	NP_001375065.1	0	N/A	23.308	266	64	2.11e-16	82.4	poly(A) RNA polymerase GLD2 isoform 14 [Homo sapiens]	TRUE	TENT2
XP_013763083.1	NP_001375061.1	0	N/A	22.963	270	64	2.81e-16	82.8	poly(A) RNA polymerase GLD2 isoform 12 [Homo sapiens]	TRUE	TENT2
XP_013763083.1	XP_047272811.1	0	N/A	22.963	270	64	3.45e-16	82.4	poly(A) RNA polymerase GLD2 isoform X4 [Homo sapiens]	TRUE	TENT2
XP_013763083.1	XP_047272810.1	0	N/A	22.963	270	64	3.45e-16	82.4	poly(A) RNA polymerase GLD2 isoform X4 [Homo sapiens]	TRUE	TENT2
XP_013763083.1	XP_047272809.1	0	N/A	22.963	270	64	3.45e-16	82.4	poly(A) RNA polymerase GLD2 isoform X4 [Homo sapiens]	TRUE	TENT2
XP_013763083.1	NP_001375058.1	0	N/A	22.963	270	64	3.45e-16	82.4	poly(A) RNA polymerase GLD2 isoform 2 [Homo sapiens]	TRUE	TENT2
XP_013763083.1	NP_001375057.1	0	N/A	22.963	270	64	3.45e-16	82.4	poly(A) RNA polymerase GLD2 isoform 2 [Homo sapiens]	TRUE	TENT2
XP_013763083.1	NP_001375056.1	0	N/A	22.963	270	64	3.45e-16	82.4	poly(A) RNA polymerase GLD2 isoform 2 [Homo sapiens]	TRUE	TENT2
XP_013763083.1	NP_001375055.1	0	N/A	22.963	270	64	3.45e-16	82.4	poly(A) RNA polymerase GLD2 isoform 2 [Homo sapiens]	TRUE	TENT2
XP_013763083.1	NP_001375054.1	0	N/A	22.963	270	64	3.45e-16	82.4	poly(A) RNA polymerase GLD2 isoform 2 [Homo sapiens]	TRUE	TENT2
XP_013763083.1	NP_001375053.1	0	N/A	22.963	270	64	3.45e-16	82.4	poly(A) RNA polymerase GLD2 isoform 2 [Homo sapiens]	TRUE	TENT2
XP_013763083.1	NP_001375052.1	0	N/A	22.963	270	64	3.45e-16	82.4	poly(A) RNA polymerase GLD2 isoform 2 [Homo sapiens]	TRUE	TENT2
XP_013763083.1	NP_001375051.1	0	N/A	22.963	270	64	3.45e-16	82.4	poly(A) RNA polymerase GLD2 isoform 2 [Homo sapiens]	TRUE	TENT2
XP_013763083.1	NP_001375050.1	0	N/A	22.963	270	64	3.45e-16	82.4	poly(A) RNA polymerase GLD2 isoform 2 [Homo sapiens]	TRUE	TENT2
XP_013763083.1	NP_001375049.1	0	N/A	22.963	270	64	3.45e-16	82.4	poly(A) RNA polymerase GLD2 isoform 2 [Homo sapiens]	TRUE	TENT2
XP_013763083.1	NP_001375048.1	0	N/A	22.963	270	64	3.45e-16	82.4	poly(A) RNA polymerase GLD2 isoform 2 [Homo sapiens]	TRUE	TENT2
XP_013763083.1	NP_001375047.1	0	N/A	22.963	270	64	3.45e-16	82.4	poly(A) RNA polymerase GLD2 isoform 2 [Homo sapiens]	TRUE	TENT2
XP_013763083.1	NP_001375046.1	0	N/A	22.963	270	64	3.45e-16	82.4	poly(A) RNA polymerase GLD2 isoform 2 [Homo sapiens]	TRUE	TENT2
XP_013763083.1	NP_001375045.1	0	N/A	22.963	270	64	3.45e-16	82.4	poly(A) RNA polymerase GLD2 isoform 2 [Homo sapiens]	TRUE	TENT2
XP_013763083.1	NP_001375044.1	0	N/A	22.963	270	64	3.45e-16	82.4	poly(A) RNA polymerase GLD2 isoform 2 [Homo sapiens]	TRUE	TENT2
XP_013763083.1	NP_001375043.1	0	N/A	22.963	270	64	3.45e-16	82.4	poly(A) RNA polymerase GLD2 isoform 2 [Homo sapiens]	TRUE	TENT2
XP_013763083.1	NP_001336483.1	0	N/A	22.963	270	64	3.45e-16	82.4	poly(A) RNA polymerase GLD2 isoform 2 [Homo sapiens]	TRUE	TENT2
XP_013763083.1	NP_001284673.1	0	N/A	22.963	270	64	3.45e-16	82.4	poly(A) RNA polymerase GLD2 isoform 2 [Homo sapiens]	TRUE	TENT2
XP_013763083.1	XP_047272808.1	0	N/A	22.101	276	64	3.56e-16	82.4	poly(A) RNA polymerase GLD2 isoform X3 [Homo sapiens]	TRUE	TENT2
XP_013763083.1	XP_047272807.1	0	N/A	22.101	276	64	3.56e-16	82.4	poly(A) RNA polymerase GLD2 isoform X3 [Homo sapiens]	TRUE	TENT2
XP_013763083.1	XP_047272806.1	0	N/A	22.101	276	64	3.56e-16	82.4	poly(A) RNA polymerase GLD2 isoform X3 [Homo sapiens]	TRUE	TENT2
XP_013763083.1	NP_776158.2	0	N/A	22.101	276	64	3.56e-16	82.4	poly(A) RNA polymerase GLD2 isoform 1 [Homo sapiens]	TRUE	TENT2
XP_013763083.1	NP_001375041.1	0	N/A	22.101	276	64	3.56e-16	82.4	poly(A) RNA polymerase GLD2 isoform 1 [Homo sapiens]	TRUE	TENT2
XP_013763083.1	NP_001375040.1	0	N/A	22.101	276	64	3.56e-16	82.4	poly(A) RNA polymerase GLD2 isoform 1 [Homo sapiens]	TRUE	TENT2
XP_013763083.1	NP_001375039.1	0	N/A	22.101	276	64	3.56e-16	82.4	poly(A) RNA polymerase GLD2 isoform 1 [Homo sapiens]	TRUE	TENT2
XP_013763083.1	NP_001375038.1	0	N/A	22.101	276	64	3.56e-16	82.4	poly(A) RNA polymerase GLD2 isoform 1 [Homo sapiens]	TRUE	TENT2
XP_013763083.1	NP_001375037.1	0	N/A	22.101	276	64	3.56e-16	82.4	poly(A) RNA polymerase GLD2 isoform 1 [Homo sapiens]	TRUE	TENT2
XP_013763083.1	NP_001375036.1	0	N/A	22.101	276	64	3.56e-16	82.4	poly(A) RNA polymerase GLD2 isoform 1 [Homo sapiens]	TRUE	TENT2
XP_013763083.1	NP_001375035.1	0	N/A	22.101	276	64	3.56e-16	82.4	poly(A) RNA polymerase GLD2 isoform 1 [Homo sapiens]	TRUE	TENT2
XP_013763083.1	NP_001375034.1	0	N/A	22.101	276	64	3.56e-16	82.4	poly(A) RNA polymerase GLD2 isoform 1 [Homo sapiens]	TRUE	TENT2
XP_013763083.1	NP_001375032.1	0	N/A	22.101	276	64	3.56e-16	82.4	poly(A) RNA polymerase GLD2 isoform 1 [Homo sapiens]	TRUE	TENT2
XP_013763083.1	NP_001375031.1	0	N/A	22.101	276	64	3.56e-16	82.4	poly(A) RNA polymerase GLD2 isoform 1 [Homo sapiens]	TRUE	TENT2
XP_013763083.1	NP_001336482.1	0	N/A	22.101	276	64	3.56e-16	82.4	poly(A) RNA polymerase GLD2 isoform 1 [Homo sapiens]	TRUE	TENT2
XP_013763083.1	NP_001336481.1	0	N/A	22.101	276	64	3.56e-16	82.4	poly(A) RNA polymerase GLD2 isoform 1 [Homo sapiens]	TRUE	TENT2
XP_013763083.1	NP_001107866.1	0	N/A	22.101	276	64	3.56e-16	82.4	poly(A) RNA polymerase GLD2 isoform 1 [Homo sapiens]	TRUE	TENT2
XP_013763083.1	NP_001107865.1	0	N/A	22.101	276	64	3.56e-16	82.4	poly(A) RNA polymerase GLD2 isoform 1 [Homo sapiens]	TRUE	TENT2
XP_013763083.1	NP_001375059.1	0	N/A	22.963	270	64	3.73e-16	82.4	poly(A) RNA polymerase GLD2 isoform 10 [Homo sapiens]	TRUE	TENT2
XP_013763083.1	NP_001375042.1	0	N/A	22.101	276	64	4.07e-16	82.4	poly(A) RNA polymerase GLD2 isoform 16 [Homo sapiens]	TRUE	TENT2
XP_013763083.1	NP_001375060.1	0	N/A	22.101	276	64	4.26e-16	82	poly(A) RNA polymerase GLD2 isoform 11 [Homo sapiens]	TRUE	TENT2
XP_013763083.1	XP_047272801.1	0	N/A	21.262	301	64	7.94e-14	75.5	poly(A) RNA polymerase GLD2 isoform X1 [Homo sapiens]	TRUE	TENT2
XP_013763083.1	XP_047272800.1	0	N/A	21.262	301	64	7.94e-14	75.5	poly(A) RNA polymerase GLD2 isoform X1 [Homo sapiens]	TRUE	TENT2
XP_013763083.1	XP_011541527.1	0	N/A	21.262	301	64	7.94e-14	75.5	poly(A) RNA polymerase GLD2 isoform X1 [Homo sapiens]	TRUE	TENT2
XP_013763083.1	XP_011541526.1	0	N/A	21.262	301	64	7.94e-14	75.5	poly(A) RNA polymerase GLD2 isoform X1 [Homo sapiens]	TRUE	TENT2
XP_013763083.1	XP_011541523.1	0	N/A	21.262	301	64	7.94e-14	75.5	poly(A) RNA polymerase GLD2 isoform X1 [Homo sapiens]	TRUE	TENT2
XP_013763083.1	XP_011541522.1	0	N/A	21.262	301	64	7.94e-14	75.5	poly(A) RNA polymerase GLD2 isoform X1 [Homo sapiens]	TRUE	TENT2
XP_013763083.1	NP_001375023.1	0	N/A	21.262	301	64	7.94e-14	75.5	poly(A) RNA polymerase GLD2 isoform 5 [Homo sapiens]	TRUE	TENT2
XP_013763083.1	NP_001375022.1	0	N/A	21.262	301	64	7.94e-14	75.5	poly(A) RNA polymerase GLD2 isoform 5 [Homo sapiens]	TRUE	TENT2
XP_013763083.1	NP_001336479.1	0	N/A	21.262	301	64	7.94e-14	75.5	poly(A) RNA polymerase GLD2 isoform 5 [Homo sapiens]	TRUE	TENT2
XP_013763083.1	NP_001336478.1	0	N/A	21.262	301	64	7.94e-14	75.5	poly(A) RNA polymerase GLD2 isoform 5 [Homo sapiens]	TRUE	TENT2
XP_013763083.1	XP_047272805.1	0	N/A	21.017	295	64	8.16e-14	75.5	poly(A) RNA polymerase GLD2 isoform X2 [Homo sapiens]	TRUE	TENT2
XP_013763083.1	XP_047272804.1	0	N/A	21.017	295	64	8.16e-14	75.5	poly(A) RNA polymerase GLD2 isoform X2 [Homo sapiens]	TRUE	TENT2
XP_013763083.1	XP_047272803.1	0	N/A	21.017	295	64	8.16e-14	75.5	poly(A) RNA polymerase GLD2 isoform X2 [Homo sapiens]	TRUE	TENT2
XP_013763083.1	XP_047272802.1	0	N/A	21.017	295	64	8.16e-14	75.5	poly(A) RNA polymerase GLD2 isoform X2 [Homo sapiens]	TRUE	TENT2
XP_013763083.1	XP_016864641.1	0	N/A	21.017	295	64	8.16e-14	75.5	poly(A) RNA polymerase GLD2 isoform X2 [Homo sapiens]	TRUE	TENT2
XP_013763083.1	NP_001375026.1	0	N/A	21.017	295	64	8.16e-14	75.5	poly(A) RNA polymerase GLD2 isoform 6 [Homo sapiens]	TRUE	TENT2
XP_013763083.1	NP_001375025.1	0	N/A	21.017	295	64	8.16e-14	75.5	poly(A) RNA polymerase GLD2 isoform 6 [Homo sapiens]	TRUE	TENT2
XP_013763083.1	NP_001375024.1	0	N/A	21.017	295	64	8.16e-14	75.5	poly(A) RNA polymerase GLD2 isoform 6 [Homo sapiens]	TRUE	TENT2
XP_013763083.1	NP_001336480.1	0	N/A	21.017	295	64	8.16e-14	75.5	poly(A) RNA polymerase GLD2 isoform 6 [Homo sapiens]	TRUE	TENT2
XP_013763083.1	NP_001375027.1	0	N/A	21.017	295	64	8.91e-14	75.1	poly(A) RNA polymerase GLD2 isoform 7 [Homo sapiens]	TRUE	TENT2
XP_013763083.1	NP_001375030.1	0	N/A	21.986	282	64	1.09e-13	75.1	poly(A) RNA polymerase GLD2 isoform 9 [Homo sapiens]	TRUE	TENT2
XP_013763083.1	NP_001375029.1	0	N/A	21.181	288	64	1.32e-13	74.7	poly(A) RNA polymerase GLD2 isoform 8 [Homo sapiens]	TRUE	TENT2
XP_013763083.1	NP_001375028.1	0	N/A	21.181	288	64	1.32e-13	74.7	poly(A) RNA polymerase GLD2 isoform 8 [Homo sapiens]	TRUE	TENT2
XP_013763083.1	NP_001336477.1	0	N/A	25	164	40	7.6e-13	70.5	poly(A) RNA polymerase GLD2 isoform 4 [Homo sapiens]	TRUE	TENT2
XP_013763083.1	XP_047272820.1	0	N/A	25.625	160	40	1.17e-12	70.1	poly(A) RNA polymerase GLD2 isoform X11 [Homo sapiens]	TRUE	TENT2
XP_013763083.1	XP_047272818.1	0	N/A	23.077	195	45	2.57e-12	70.1	poly(A) RNA polymerase GLD2 isoform X10 [Homo sapiens]	TRUE	TENT2
XP_013763083.1	NP_001035375.2	0	N/A	22.184	293	71	1.19e-11	68.9	terminal nucleotidyltransferase 4B isoform b [Homo sapiens]	TRUE	TENT4B
XP_013763083.1	XP_011521578.1	0	N/A	22.184	293	71	1.19e-11	68.9	terminal nucleotidyltransferase 4B isoform X2 [Homo sapiens]	TRUE	TENT4B
XP_013763083.1	XP_047290432.1	0	N/A	22.184	293	71	1.64e-11	68.6	terminal nucleotidyltransferase 4B isoform X4 [Homo sapiens]	TRUE	TENT4B
XP_013763083.1	NP_001035374.2	0	N/A	22.184	293	71	1.66e-11	68.6	terminal nucleotidyltransferase 4B isoform a [Homo sapiens]	TRUE	TENT4B
XP_013763083.1	XP_011521577.1	0	N/A	22.184	293	71	1.66e-11	68.6	terminal nucleotidyltransferase 4B isoform X1 [Homo sapiens]	TRUE	TENT4B
XP_013763083.1	NP_001352252.1	0	N/A	22.184	293	71	1.87e-11	68.6	terminal nucleotidyltransferase 4B isoform c [Homo sapiens]	TRUE	TENT4B
XP_013763083.1	XP_047290431.1	0	N/A	22.184	293	71	1.96e-11	68.2	terminal nucleotidyltransferase 4B isoform X3 [Homo sapiens]	TRUE	TENT4B
XP_013763083.1	NP_001352253.1	0	N/A	22.184	293	71	2.26e-11	68.2	terminal nucleotidyltransferase 4B isoform d [Homo sapiens]	TRUE	TENT4B
XP_013763083.1	XP_047272623.1	0	N/A	24.454	229	56	2.99e-11	67.4	terminal nucleotidyltransferase 4A isoform X2 [Homo sapiens]	TRUE	TENT4A
XP_013763083.1	XP_016864477.1	0	N/A	24.454	229	56	2.99e-11	67.4	terminal nucleotidyltransferase 4A isoform X2 [Homo sapiens]	TRUE	TENT4A
XP_013763083.1	XP_047272622.1	0	N/A	24.454	229	56	3e-11	67.4	terminal nucleotidyltransferase 4A isoform X1 [Homo sapiens]	TRUE	TENT4A
XP_013763083.1	XP_047272621.1	0	N/A	24.454	229	56	3e-11	67.4	terminal nucleotidyltransferase 4A isoform X1 [Homo sapiens]	TRUE	TENT4A
XP_013763083.1	XP_047272620.1	0	N/A	24.454	229	56	3e-11	67.4	terminal nucleotidyltransferase 4A isoform X1 [Homo sapiens]	TRUE	TENT4A
XP_013763083.1	XP_047272624.1	0	N/A	24.454	229	56	3.01e-11	67.4	terminal nucleotidyltransferase 4A isoform X3 [Homo sapiens]	TRUE	TENT4A
XP_013763083.1	NP_001165276.2	0	N/A	22.789	294	71	3.87e-11	67.4	terminal nucleotidyltransferase 4A isoform 2 [Homo sapiens]	TRUE	TENT4A
XP_013763083.1	NP_008930.2	0	N/A	22.789	294	71	4.08e-11	67.4	terminal nucleotidyltransferase 4A isoform 1 [Homo sapiens]	TRUE	TENT4A
XP_013763083.1	XP_011521580.1	0	N/A	21.918	292	71	6.55e-11	66.6	terminal nucleotidyltransferase 4B isoform X5 [Homo sapiens]	TRUE	TENT4B
XP_013763083.1	XP_047290433.1	0	N/A	21.918	292	71	7.35e-11	66.2	terminal nucleotidyltransferase 4B isoform X6 [Homo sapiens]	TRUE	TENT4B
XP_013763083.1	NP_001317647.1	0	N/A	23.111	225	54	3.8e-10	64.3	terminal uridylyltransferase 7 isoform 3 [Homo sapiens]	TRUE	Tut7
XP_013763083.1	XP_047272816.1	0	N/A	21.818	220	45	6.09e-10	62.8	poly(A) RNA polymerase GLD2 isoform X8 [Homo sapiens]	TRUE	TENT2
XP_013763083.1	XP_047272817.1	0	N/A	21.495	214	45	6.8e-10	62.8	poly(A) RNA polymerase GLD2 isoform X9 [Homo sapiens]	TRUE	TENT2
XP_013763083.1	XP_005252265.1	0	N/A	25.786	159	38	1.48e-09	62.8	terminal uridylyltransferase 7 isoform X7 [Homo sapiens]	TRUE	Tut7
XP_013763083.1	XP_047279825.1	0	N/A	25.786	159	38	1.49e-09	62.8	terminal uridylyltransferase 7 isoform X6 [Homo sapiens]	TRUE	Tut7
XP_013763083.1	XP_047279824.1	0	N/A	25.786	159	38	1.49e-09	62.8	terminal uridylyltransferase 7 isoform X6 [Homo sapiens]	TRUE	Tut7
XP_013763083.1	XP_005252264.1	0	N/A	25.786	159	38	1.49e-09	62.8	terminal uridylyltransferase 7 isoform X6 [Homo sapiens]	TRUE	Tut7
XP_013763083.1	XP_011517318.1	0	N/A	25.786	159	38	1.5e-09	62.8	terminal uridylyltransferase 7 isoform X5 [Homo sapiens]	TRUE	Tut7
XP_013763083.1	XP_016870620.1	0	N/A	25.786	159	38	1.5e-09	62.8	terminal uridylyltransferase 7 isoform X4 [Homo sapiens]	TRUE	Tut7
XP_013763083.1	XP_016870619.1	0	N/A	25.786	159	38	1.5e-09	62.8	terminal uridylyltransferase 7 isoform X4 [Homo sapiens]	TRUE	Tut7
XP_013763083.1	NP_078893.2	0	N/A	25.786	159	38	1.5e-09	62.8	terminal uridylyltransferase 7 isoform 1 [Homo sapiens]	TRUE	Tut7
XP_014149212.1	NP_001035375.2	0	N/A	39.881	336	47	3.62e-73	251	terminal nucleotidyltransferase 4B isoform b [Homo sapiens]	TRUE	TENT4B
XP_014149212.1	XP_011521578.1	0	N/A	39.881	336	47	3.69e-73	251	terminal nucleotidyltransferase 4B isoform X2 [Homo sapiens]	TRUE	TENT4B
XP_014149212.1	XP_047290432.1	0	N/A	39.881	336	47	8.13e-73	250	terminal nucleotidyltransferase 4B isoform X4 [Homo sapiens]	TRUE	TENT4B
XP_014149212.1	NP_001035374.2	0	N/A	39.881	336	47	9.02e-73	251	terminal nucleotidyltransferase 4B isoform a [Homo sapiens]	TRUE	TENT4B
XP_014149212.1	XP_011521577.1	0	N/A	39.881	336	47	9.2e-73	251	terminal nucleotidyltransferase 4B isoform X1 [Homo sapiens]	TRUE	TENT4B
XP_014149212.1	XP_047290431.1	0	N/A	39.881	336	47	1.58e-72	250	terminal nucleotidyltransferase 4B isoform X3 [Homo sapiens]	TRUE	TENT4B
XP_014149212.1	NP_001352252.1	0	N/A	39.881	336	47	2.35e-72	250	terminal nucleotidyltransferase 4B isoform c [Homo sapiens]	TRUE	TENT4B
XP_014149212.1	NP_001352253.1	0	N/A	39.881	336	47	3.87e-72	250	terminal nucleotidyltransferase 4B isoform d [Homo sapiens]	TRUE	TENT4B
XP_014149212.1	XP_047290433.1	0	N/A	39.441	322	45	7.29e-70	238	terminal nucleotidyltransferase 4B isoform X6 [Homo sapiens]	TRUE	TENT4B
XP_014149212.1	XP_011521580.1	0	N/A	39.441	322	45	2.53e-69	238	terminal nucleotidyltransferase 4B isoform X5 [Homo sapiens]	TRUE	TENT4B
XP_014149212.1	NP_001165276.2	0	N/A	39.073	302	43	2.18e-65	233	terminal nucleotidyltransferase 4A isoform 2 [Homo sapiens]	TRUE	TENT4A
XP_014149212.1	NP_008930.2	0	N/A	39.073	302	43	2.42e-65	233	terminal nucleotidyltransferase 4A isoform 1 [Homo sapiens]	TRUE	TENT4A
XP_014149212.1	XP_047272622.1	0	N/A	39.051	274	39	1.6e-59	212	terminal nucleotidyltransferase 4A isoform X1 [Homo sapiens]	TRUE	TENT4A
XP_014149212.1	XP_047272621.1	0	N/A	39.051	274	39	1.6e-59	212	terminal nucleotidyltransferase 4A isoform X1 [Homo sapiens]	TRUE	TENT4A
XP_014149212.1	XP_047272620.1	0	N/A	39.051	274	39	1.6e-59	212	terminal nucleotidyltransferase 4A isoform X1 [Homo sapiens]	TRUE	TENT4A
XP_014149212.1	XP_047272624.1	0	N/A	39.098	266	38	7.36e-59	209	terminal nucleotidyltransferase 4A isoform X3 [Homo sapiens]	TRUE	TENT4A
XP_014149212.1	XP_047272623.1	0	N/A	39.098	266	38	7.59e-59	209	terminal nucleotidyltransferase 4A isoform X2 [Homo sapiens]	TRUE	TENT4A
XP_014149212.1	XP_016864477.1	0	N/A	39.098	266	38	7.59e-59	209	terminal nucleotidyltransferase 4A isoform X2 [Homo sapiens]	TRUE	TENT4A
XP_014149212.1	XP_047272811.1	0	N/A	28.016	257	32	1.83e-20	97.8	poly(A) RNA polymerase GLD2 isoform X4 [Homo sapiens]	TRUE	TENT2
XP_014149212.1	XP_047272810.1	0	N/A	28.016	257	32	1.83e-20	97.8	poly(A) RNA polymerase GLD2 isoform X4 [Homo sapiens]	TRUE	TENT2
XP_014149212.1	XP_047272809.1	0	N/A	28.016	257	32	1.83e-20	97.8	poly(A) RNA polymerase GLD2 isoform X4 [Homo sapiens]	TRUE	TENT2
XP_014149212.1	NP_001375058.1	0	N/A	28.016	257	32	1.83e-20	97.8	poly(A) RNA polymerase GLD2 isoform 2 [Homo sapiens]	TRUE	TENT2
XP_014149212.1	NP_001375057.1	0	N/A	28.016	257	32	1.83e-20	97.8	poly(A) RNA polymerase GLD2 isoform 2 [Homo sapiens]	TRUE	TENT2
XP_014149212.1	NP_001375056.1	0	N/A	28.016	257	32	1.83e-20	97.8	poly(A) RNA polymerase GLD2 isoform 2 [Homo sapiens]	TRUE	TENT2
XP_014149212.1	NP_001375055.1	0	N/A	28.016	257	32	1.83e-20	97.8	poly(A) RNA polymerase GLD2 isoform 2 [Homo sapiens]	TRUE	TENT2
XP_014149212.1	NP_001375054.1	0	N/A	28.016	257	32	1.83e-20	97.8	poly(A) RNA polymerase GLD2 isoform 2 [Homo sapiens]	TRUE	TENT2
XP_014149212.1	NP_001375053.1	0	N/A	28.016	257	32	1.83e-20	97.8	poly(A) RNA polymerase GLD2 isoform 2 [Homo sapiens]	TRUE	TENT2
XP_014149212.1	NP_001375052.1	0	N/A	28.016	257	32	1.83e-20	97.8	poly(A) RNA polymerase GLD2 isoform 2 [Homo sapiens]	TRUE	TENT2
XP_014149212.1	NP_001375051.1	0	N/A	28.016	257	32	1.83e-20	97.8	poly(A) RNA polymerase GLD2 isoform 2 [Homo sapiens]	TRUE	TENT2
XP_014149212.1	NP_001375050.1	0	N/A	28.016	257	32	1.83e-20	97.8	poly(A) RNA polymerase GLD2 isoform 2 [Homo sapiens]	TRUE	TENT2
XP_014149212.1	NP_001375049.1	0	N/A	28.016	257	32	1.83e-20	97.8	poly(A) RNA polymerase GLD2 isoform 2 [Homo sapiens]	TRUE	TENT2
XP_014149212.1	NP_001375048.1	0	N/A	28.016	257	32	1.83e-20	97.8	poly(A) RNA polymerase GLD2 isoform 2 [Homo sapiens]	TRUE	TENT2
XP_014149212.1	NP_001375047.1	0	N/A	28.016	257	32	1.83e-20	97.8	poly(A) RNA polymerase GLD2 isoform 2 [Homo sapiens]	TRUE	TENT2
XP_014149212.1	NP_001375046.1	0	N/A	28.016	257	32	1.83e-20	97.8	poly(A) RNA polymerase GLD2 isoform 2 [Homo sapiens]	TRUE	TENT2
XP_014149212.1	NP_001375045.1	0	N/A	28.016	257	32	1.83e-20	97.8	poly(A) RNA polymerase GLD2 isoform 2 [Homo sapiens]	TRUE	TENT2
XP_014149212.1	NP_001375044.1	0	N/A	28.016	257	32	1.83e-20	97.8	poly(A) RNA polymerase GLD2 isoform 2 [Homo sapiens]	TRUE	TENT2
XP_014149212.1	NP_001375043.1	0	N/A	28.016	257	32	1.83e-20	97.8	poly(A) RNA polymerase GLD2 isoform 2 [Homo sapiens]	TRUE	TENT2
XP_014149212.1	NP_001336483.1	0	N/A	28.016	257	32	1.83e-20	97.8	poly(A) RNA polymerase GLD2 isoform 2 [Homo sapiens]	TRUE	TENT2
XP_014149212.1	NP_001284673.1	0	N/A	28.016	257	32	1.83e-20	97.8	poly(A) RNA polymerase GLD2 isoform 2 [Homo sapiens]	TRUE	TENT2
XP_014149212.1	NP_001375059.1	0	N/A	28.016	257	32	1.99e-20	97.4	poly(A) RNA polymerase GLD2 isoform 10 [Homo sapiens]	TRUE	TENT2
XP_014149212.1	NP_001375061.1	0	N/A	28.016	257	32	2.02e-20	97.4	poly(A) RNA polymerase GLD2 isoform 12 [Homo sapiens]	TRUE	TENT2
XP_014149212.1	NP_001375065.1	0	N/A	28.016	257	32	2.64e-20	95.9	poly(A) RNA polymerase GLD2 isoform 14 [Homo sapiens]	TRUE	TENT2
XP_014149212.1	XP_047272808.1	0	N/A	27.586	261	32	3.77e-19	93.6	poly(A) RNA polymerase GLD2 isoform X3 [Homo sapiens]	TRUE	TENT2
XP_014149212.1	XP_047272807.1	0	N/A	27.586	261	32	3.77e-19	93.6	poly(A) RNA polymerase GLD2 isoform X3 [Homo sapiens]	TRUE	TENT2
XP_014149212.1	XP_047272806.1	0	N/A	27.586	261	32	3.77e-19	93.6	poly(A) RNA polymerase GLD2 isoform X3 [Homo sapiens]	TRUE	TENT2
XP_014149212.1	NP_776158.2	0	N/A	27.586	261	32	3.77e-19	93.6	poly(A) RNA polymerase GLD2 isoform 1 [Homo sapiens]	TRUE	TENT2
XP_014149212.1	NP_001375041.1	0	N/A	27.586	261	32	3.77e-19	93.6	poly(A) RNA polymerase GLD2 isoform 1 [Homo sapiens]	TRUE	TENT2
XP_014149212.1	NP_001375040.1	0	N/A	27.586	261	32	3.77e-19	93.6	poly(A) RNA polymerase GLD2 isoform 1 [Homo sapiens]	TRUE	TENT2
XP_014149212.1	NP_001375039.1	0	N/A	27.586	261	32	3.77e-19	93.6	poly(A) RNA polymerase GLD2 isoform 1 [Homo sapiens]	TRUE	TENT2
XP_014149212.1	NP_001375038.1	0	N/A	27.586	261	32	3.77e-19	93.6	poly(A) RNA polymerase GLD2 isoform 1 [Homo sapiens]	TRUE	TENT2
XP_014149212.1	NP_001375037.1	0	N/A	27.586	261	32	3.77e-19	93.6	poly(A) RNA polymerase GLD2 isoform 1 [Homo sapiens]	TRUE	TENT2
XP_014149212.1	NP_001375036.1	0	N/A	27.586	261	32	3.77e-19	93.6	poly(A) RNA polymerase GLD2 isoform 1 [Homo sapiens]	TRUE	TENT2
XP_014149212.1	NP_001375035.1	0	N/A	27.586	261	32	3.77e-19	93.6	poly(A) RNA polymerase GLD2 isoform 1 [Homo sapiens]	TRUE	TENT2
XP_014149212.1	NP_001375034.1	0	N/A	27.586	261	32	3.77e-19	93.6	poly(A) RNA polymerase GLD2 isoform 1 [Homo sapiens]	TRUE	TENT2
XP_014149212.1	NP_001375032.1	0	N/A	27.586	261	32	3.77e-19	93.6	poly(A) RNA polymerase GLD2 isoform 1 [Homo sapiens]	TRUE	TENT2
XP_014149212.1	NP_001375031.1	0	N/A	27.586	261	32	3.77e-19	93.6	poly(A) RNA polymerase GLD2 isoform 1 [Homo sapiens]	TRUE	TENT2
XP_014149212.1	NP_001336482.1	0	N/A	27.586	261	32	3.77e-19	93.6	poly(A) RNA polymerase GLD2 isoform 1 [Homo sapiens]	TRUE	TENT2
XP_014149212.1	NP_001336481.1	0	N/A	27.586	261	32	3.77e-19	93.6	poly(A) RNA polymerase GLD2 isoform 1 [Homo sapiens]	TRUE	TENT2
XP_014149212.1	NP_001107866.1	0	N/A	27.586	261	32	3.77e-19	93.6	poly(A) RNA polymerase GLD2 isoform 1 [Homo sapiens]	TRUE	TENT2
XP_014149212.1	NP_001107865.1	0	N/A	27.586	261	32	3.77e-19	93.6	poly(A) RNA polymerase GLD2 isoform 1 [Homo sapiens]	TRUE	TENT2
XP_014149212.1	NP_001375042.1	0	N/A	27.586	261	32	3.82e-19	93.6	poly(A) RNA polymerase GLD2 isoform 16 [Homo sapiens]	TRUE	TENT2
XP_014149212.1	NP_001375060.1	0	N/A	27.586	261	32	4.63e-19	93.2	poly(A) RNA polymerase GLD2 isoform 11 [Homo sapiens]	TRUE	TENT2
XP_014149212.1	XP_047272805.1	0	N/A	26.241	282	32	6.1e-18	90.1	poly(A) RNA polymerase GLD2 isoform X2 [Homo sapiens]	TRUE	TENT2
XP_014149212.1	XP_047272804.1	0	N/A	26.241	282	32	6.1e-18	90.1	poly(A) RNA polymerase GLD2 isoform X2 [Homo sapiens]	TRUE	TENT2
XP_014149212.1	XP_047272803.1	0	N/A	26.241	282	32	6.1e-18	90.1	poly(A) RNA polymerase GLD2 isoform X2 [Homo sapiens]	TRUE	TENT2
XP_014149212.1	XP_047272802.1	0	N/A	26.241	282	32	6.1e-18	90.1	poly(A) RNA polymerase GLD2 isoform X2 [Homo sapiens]	TRUE	TENT2
XP_014149212.1	XP_016864641.1	0	N/A	26.241	282	32	6.1e-18	90.1	poly(A) RNA polymerase GLD2 isoform X2 [Homo sapiens]	TRUE	TENT2
XP_014149212.1	NP_001375026.1	0	N/A	26.241	282	32	6.1e-18	90.1	poly(A) RNA polymerase GLD2 isoform 6 [Homo sapiens]	TRUE	TENT2
XP_014149212.1	NP_001375025.1	0	N/A	26.241	282	32	6.1e-18	90.1	poly(A) RNA polymerase GLD2 isoform 6 [Homo sapiens]	TRUE	TENT2
XP_014149212.1	NP_001375024.1	0	N/A	26.241	282	32	6.1e-18	90.1	poly(A) RNA polymerase GLD2 isoform 6 [Homo sapiens]	TRUE	TENT2
XP_014149212.1	NP_001336480.1	0	N/A	26.241	282	32	6.1e-18	90.1	poly(A) RNA polymerase GLD2 isoform 6 [Homo sapiens]	TRUE	TENT2
XP_014149212.1	NP_001375027.1	0	N/A	26.241	282	32	6.23e-18	90.1	poly(A) RNA polymerase GLD2 isoform 7 [Homo sapiens]	TRUE	TENT2
XP_014149212.1	NP_001375030.1	0	N/A	26.966	267	32	6.94e-18	89.7	poly(A) RNA polymerase GLD2 isoform 9 [Homo sapiens]	TRUE	TENT2
XP_014149212.1	XP_047272801.1	0	N/A	25.874	286	32	1.24e-16	85.9	poly(A) RNA polymerase GLD2 isoform X1 [Homo sapiens]	TRUE	TENT2
XP_014149212.1	XP_047272800.1	0	N/A	25.874	286	32	1.24e-16	85.9	poly(A) RNA polymerase GLD2 isoform X1 [Homo sapiens]	TRUE	TENT2
XP_014149212.1	XP_011541527.1	0	N/A	25.874	286	32	1.24e-16	85.9	poly(A) RNA polymerase GLD2 isoform X1 [Homo sapiens]	TRUE	TENT2
XP_014149212.1	XP_011541526.1	0	N/A	25.874	286	32	1.24e-16	85.9	poly(A) RNA polymerase GLD2 isoform X1 [Homo sapiens]	TRUE	TENT2
XP_014149212.1	XP_011541523.1	0	N/A	25.874	286	32	1.24e-16	85.9	poly(A) RNA polymerase GLD2 isoform X1 [Homo sapiens]	TRUE	TENT2
XP_014149212.1	XP_011541522.1	0	N/A	25.874	286	32	1.24e-16	85.9	poly(A) RNA polymerase GLD2 isoform X1 [Homo sapiens]	TRUE	TENT2
XP_014149212.1	NP_001375023.1	0	N/A	25.874	286	32	1.24e-16	85.9	poly(A) RNA polymerase GLD2 isoform 5 [Homo sapiens]	TRUE	TENT2
XP_014149212.1	NP_001375022.1	0	N/A	25.874	286	32	1.24e-16	85.9	poly(A) RNA polymerase GLD2 isoform 5 [Homo sapiens]	TRUE	TENT2
XP_014149212.1	NP_001336479.1	0	N/A	25.874	286	32	1.24e-16	85.9	poly(A) RNA polymerase GLD2 isoform 5 [Homo sapiens]	TRUE	TENT2
XP_014149212.1	NP_001336478.1	0	N/A	25.874	286	32	1.24e-16	85.9	poly(A) RNA polymerase GLD2 isoform 5 [Homo sapiens]	TRUE	TENT2
XP_014149212.1	NP_001375029.1	0	N/A	26.568	271	32	1.29e-16	85.9	poly(A) RNA polymerase GLD2 isoform 8 [Homo sapiens]	TRUE	TENT2
XP_014149212.1	NP_001375028.1	0	N/A	26.568	271	32	1.29e-16	85.9	poly(A) RNA polymerase GLD2 isoform 8 [Homo sapiens]	TRUE	TENT2
XP_014149212.1	XP_047272365.1	0	N/A	27.129	317	39	1.44e-16	87	terminal uridylyltransferase 4 isoform X38 [Homo sapiens]	TRUE	Tut4
XP_014149212.1	XP_016856299.1	0	N/A	27.129	317	39	1.47e-16	87	terminal uridylyltransferase 4 isoform X40 [Homo sapiens]	TRUE	Tut4
XP_014149212.1	XP_047272281.1	0	N/A	27.129	317	39	1.48e-16	87	terminal uridylyltransferase 4 isoform X4 [Homo sapiens]	TRUE	Tut4
XP_014149212.1	NP_001009881.1	0	N/A	27.129	317	39	1.48e-16	87	terminal uridylyltransferase 4 isoform a [Homo sapiens]	TRUE	Tut4
XP_014149212.1	XP_047272282.1	0	N/A	27.129	317	39	1.54e-16	87	terminal uridylyltransferase 4 isoform X5 [Homo sapiens]	TRUE	Tut4
XP_014149212.1	NP_056084.1	0	N/A	27.129	317	39	1.54e-16	87	terminal uridylyltransferase 4 isoform b [Homo sapiens]	TRUE	Tut4
XP_014149212.1	XP_016856293.1	0	N/A	27.129	317	39	1.56e-16	87	terminal uridylyltransferase 4 isoform X16 [Homo sapiens]	TRUE	Tut4
XP_014149212.1	XP_047272288.1	0	N/A	27.129	317	39	1.56e-16	87	terminal uridylyltransferase 4 isoform X10 [Homo sapiens]	TRUE	Tut4
XP_014149212.1	XP_005270739.1	0	N/A	27.129	317	39	1.58e-16	87	terminal uridylyltransferase 4 isoform X33 [Homo sapiens]	TRUE	Tut4
XP_014149212.1	XP_016856297.1	0	N/A	27.129	317	39	1.59e-16	87	terminal uridylyltransferase 4 isoform X36 [Homo sapiens]	TRUE	Tut4
XP_014149212.1	XP_047272345.1	0	N/A	27.129	317	39	1.62e-16	87	terminal uridylyltransferase 4 isoform X31 [Homo sapiens]	TRUE	Tut4
XP_014149212.1	XP_016856292.1	0	N/A	27.129	317	39	1.63e-16	87	terminal uridylyltransferase 4 isoform X9 [Homo sapiens]	TRUE	Tut4
XP_014149212.1	XP_047272337.1	0	N/A	27.129	317	39	1.63e-16	87	terminal uridylyltransferase 4 isoform X27 [Homo sapiens]	TRUE	Tut4
XP_014149212.1	XP_047272283.1	0	N/A	27.129	317	39	1.64e-16	87	terminal uridylyltransferase 4 isoform X6 [Homo sapiens]	TRUE	Tut4
XP_014149212.1	XP_005270737.1	0	N/A	27.129	317	39	1.64e-16	87	terminal uridylyltransferase 4 isoform X6 [Homo sapiens]	TRUE	Tut4
XP_014151004.1	XP_047272384.1	0	N/A	34.562	217	14	2.38e-30	133	terminal uridylyltransferase 4 isoform X46 [Homo sapiens]	TRUE	Tut4
XP_014151004.1	XP_047272288.1	0	N/A	34.562	217	14	2.77e-30	133	terminal uridylyltransferase 4 isoform X10 [Homo sapiens]	TRUE	Tut4
XP_014151004.1	XP_016856293.1	0	N/A	34.562	217	14	2.91e-30	133	terminal uridylyltransferase 4 isoform X16 [Homo sapiens]	TRUE	Tut4
XP_014151004.1	XP_016856292.1	0	N/A	34.562	217	14	3.17e-30	133	terminal uridylyltransferase 4 isoform X9 [Homo sapiens]	TRUE	Tut4
XP_014151004.1	XP_016856299.1	0	N/A	34.562	217	14	3.2e-30	133	terminal uridylyltransferase 4 isoform X40 [Homo sapiens]	TRUE	Tut4
XP_014151004.1	XP_047272365.1	0	N/A	34.562	217	14	3.23e-30	133	terminal uridylyltransferase 4 isoform X38 [Homo sapiens]	TRUE	Tut4
XP_014151004.1	XP_047272283.1	0	N/A	34.562	217	14	3.45e-30	133	terminal uridylyltransferase 4 isoform X6 [Homo sapiens]	TRUE	Tut4
XP_014151004.1	XP_005270737.1	0	N/A	34.562	217	14	3.45e-30	133	terminal uridylyltransferase 4 isoform X6 [Homo sapiens]	TRUE	Tut4
XP_014151004.1	XP_047272285.1	0	N/A	34.562	217	14	3.49e-30	133	terminal uridylyltransferase 4 isoform X7 [Homo sapiens]	TRUE	Tut4
XP_014151004.1	XP_016856297.1	0	N/A	34.562	217	14	3.73e-30	133	terminal uridylyltransferase 4 isoform X36 [Homo sapiens]	TRUE	Tut4
XP_014151004.1	XP_005270739.1	0	N/A	34.562	217	14	3.74e-30	133	terminal uridylyltransferase 4 isoform X33 [Homo sapiens]	TRUE	Tut4
XP_014151004.1	XP_047272280.1	0	N/A	34.562	217	14	3.86e-30	133	terminal uridylyltransferase 4 isoform X3 [Homo sapiens]	TRUE	Tut4
XP_014151004.1	XP_005270736.1	0	N/A	34.562	217	14	3.86e-30	133	terminal uridylyltransferase 4 isoform X3 [Homo sapiens]	TRUE	Tut4
XP_014151004.1	XP_047272281.1	0	N/A	34.562	217	14	4.06e-30	133	terminal uridylyltransferase 4 isoform X4 [Homo sapiens]	TRUE	Tut4
XP_014151004.1	NP_001009881.1	0	N/A	34.562	217	14	4.06e-30	133	terminal uridylyltransferase 4 isoform a [Homo sapiens]	TRUE	Tut4
XP_014151004.1	XP_047272282.1	0	N/A	34.562	217	14	4.12e-30	133	terminal uridylyltransferase 4 isoform X5 [Homo sapiens]	TRUE	Tut4
XP_014151004.1	NP_056084.1	0	N/A	34.562	217	14	4.12e-30	133	terminal uridylyltransferase 4 isoform b [Homo sapiens]	TRUE	Tut4
XP_014151004.1	XP_047272345.1	0	N/A	34.562	217	14	4.6e-30	132	terminal uridylyltransferase 4 isoform X31 [Homo sapiens]	TRUE	Tut4
XP_014151004.1	XP_011539399.1	0	N/A	34.562	217	14	4.66e-30	133	terminal uridylyltransferase 4 isoform X1 [Homo sapiens]	TRUE	Tut4
XP_014151004.1	XP_005270733.1	0	N/A	34.562	217	14	4.66e-30	133	terminal uridylyltransferase 4 isoform X1 [Homo sapiens]	TRUE	Tut4
XP_014151004.1	XP_005270735.1	0	N/A	34.562	217	14	4.86e-30	132	terminal uridylyltransferase 4 isoform X2 [Homo sapiens]	TRUE	Tut4
XP_014151004.1	XP_016856296.1	0	N/A	34.562	217	14	5.63e-30	132	terminal uridylyltransferase 4 isoform X28 [Homo sapiens]	TRUE	Tut4
XP_014151004.1	XP_047272337.1	0	N/A	34.562	217	14	5.74e-30	132	terminal uridylyltransferase 4 isoform X27 [Homo sapiens]	TRUE	Tut4
XP_014151004.1	XP_011539401.1	0	N/A	34.562	217	14	5.94e-30	132	terminal uridylyltransferase 4 isoform X29 [Homo sapiens]	TRUE	Tut4
XP_014151004.1	XP_016856295.1	0	N/A	34.562	217	14	6.52e-30	132	terminal uridylyltransferase 4 isoform X25 [Homo sapiens]	TRUE	Tut4
XP_014151004.1	XP_047272325.1	0	N/A	34.562	217	14	6.7e-30	132	terminal uridylyltransferase 4 isoform X23 [Homo sapiens]	TRUE	Tut4
XP_014151004.1	XP_047272305.1	0	N/A	37.968	187	12	1.96e-26	121	terminal uridylyltransferase 4 isoform X17 [Homo sapiens]	TRUE	Tut4
XP_014151004.1	XP_047272372.1	0	N/A	37.968	187	12	2.03e-26	120	terminal uridylyltransferase 4 isoform X42 [Homo sapiens]	TRUE	Tut4
XP_014151004.1	XP_047272295.1	0	N/A	37.968	187	12	2.14e-26	120	terminal uridylyltransferase 4 isoform X12 [Homo sapiens]	TRUE	Tut4
XP_014151004.1	XP_047272290.1	0	N/A	37.968	187	12	2.16e-26	120	terminal uridylyltransferase 4 isoform X11 [Homo sapiens]	TRUE	Tut4
XP_014151004.1	XP_047272296.1	0	N/A	37.968	187	12	2.27e-26	120	terminal uridylyltransferase 4 isoform X13 [Homo sapiens]	TRUE	Tut4
XP_014151004.1	XP_047272286.1	0	N/A	37.968	187	12	2.67e-26	120	terminal uridylyltransferase 4 isoform X8 [Homo sapiens]	TRUE	Tut4
XP_014151004.1	XP_047272350.1	0	N/A	37.968	187	12	3.22e-26	120	terminal uridylyltransferase 4 isoform X34 [Homo sapiens]	TRUE	Tut4
XP_014151004.1	XP_047272344.1	0	N/A	37.968	187	12	3.48e-26	120	terminal uridylyltransferase 4 isoform X30 [Homo sapiens]	TRUE	Tut4
XP_014151004.1	NP_001317647.1	0	N/A	31.944	216	14	4.42e-26	119	terminal uridylyltransferase 7 isoform 3 [Homo sapiens]	TRUE	Tut7
XP_014151004.1	XP_047279823.1	0	N/A	31.944	216	14	6.77e-26	119	terminal uridylyltransferase 7 isoform X2 [Homo sapiens]	TRUE	Tut7
XP_014151004.1	XP_006717346.1	0	N/A	31.944	216	14	6.77e-26	119	terminal uridylyltransferase 7 isoform X2 [Homo sapiens]	TRUE	Tut7
XP_014151004.1	XP_011517317.1	0	N/A	31.944	216	14	7.55e-26	119	terminal uridylyltransferase 7 isoform X3 [Homo sapiens]	TRUE	Tut7
XP_014151004.1	XP_016870620.1	0	N/A	31.944	216	14	7.7e-26	119	terminal uridylyltransferase 7 isoform X4 [Homo sapiens]	TRUE	Tut7
XP_014151004.1	XP_016870619.1	0	N/A	31.944	216	14	7.7e-26	119	terminal uridylyltransferase 7 isoform X4 [Homo sapiens]	TRUE	Tut7
XP_014151004.1	NP_078893.2	0	N/A	31.944	216	14	7.7e-26	119	terminal uridylyltransferase 7 isoform 1 [Homo sapiens]	TRUE	Tut7
XP_014151004.1	NP_001171988.1	0	N/A	31.944	216	14	7.7e-26	119	terminal uridylyltransferase 7 isoform 1 [Homo sapiens]	TRUE	Tut7
XP_014151004.1	XP_047279825.1	0	N/A	31.944	216	14	7.91e-26	119	terminal uridylyltransferase 7 isoform X6 [Homo sapiens]	TRUE	Tut7
XP_014151004.1	XP_047279824.1	0	N/A	31.944	216	14	7.91e-26	119	terminal uridylyltransferase 7 isoform X6 [Homo sapiens]	TRUE	Tut7
XP_014151004.1	XP_005252264.1	0	N/A	31.944	216	14	7.91e-26	119	terminal uridylyltransferase 7 isoform X6 [Homo sapiens]	TRUE	Tut7
XP_014151004.1	XP_011517318.1	0	N/A	31.944	216	14	8.29e-26	119	terminal uridylyltransferase 7 isoform X5 [Homo sapiens]	TRUE	Tut7
XP_014151004.1	XP_005252265.1	0	N/A	31.944	216	14	1.12e-25	118	terminal uridylyltransferase 7 isoform X7 [Homo sapiens]	TRUE	Tut7
XP_014151004.1	XP_011517316.1	0	N/A	31.944	216	14	1.14e-25	118	terminal uridylyltransferase 7 isoform X1 [Homo sapiens]	TRUE	Tut7
XP_014151004.1	XP_011517315.1	0	N/A	31.944	216	14	1.14e-25	118	terminal uridylyltransferase 7 isoform X1 [Homo sapiens]	TRUE	Tut7
XP_014151004.1	XP_011517314.1	0	N/A	31.944	216	14	1.14e-25	118	terminal uridylyltransferase 7 isoform X1 [Homo sapiens]	TRUE	Tut7
XP_014151004.1	XP_011517313.1	0	N/A	31.944	216	14	1.14e-25	118	terminal uridylyltransferase 7 isoform X1 [Homo sapiens]	TRUE	Tut7
XP_014151004.1	NP_001375065.1	0	N/A	32.911	237	14	2.6e-22	103	poly(A) RNA polymerase GLD2 isoform 14 [Homo sapiens]	TRUE	TENT2
XP_014151004.1	XP_047272811.1	0	N/A	30.104	289	17	2.81e-20	98.6	poly(A) RNA polymerase GLD2 isoform X4 [Homo sapiens]	TRUE	TENT2
XP_014151004.1	XP_047272810.1	0	N/A	30.104	289	17	2.81e-20	98.6	poly(A) RNA polymerase GLD2 isoform X4 [Homo sapiens]	TRUE	TENT2
XP_014151004.1	XP_047272809.1	0	N/A	30.104	289	17	2.81e-20	98.6	poly(A) RNA polymerase GLD2 isoform X4 [Homo sapiens]	TRUE	TENT2
XP_014151004.1	NP_001375058.1	0	N/A	30.104	289	17	2.81e-20	98.6	poly(A) RNA polymerase GLD2 isoform 2 [Homo sapiens]	TRUE	TENT2
XP_014151004.1	NP_001375057.1	0	N/A	30.104	289	17	2.81e-20	98.6	poly(A) RNA polymerase GLD2 isoform 2 [Homo sapiens]	TRUE	TENT2
XP_014151004.1	NP_001375056.1	0	N/A	30.104	289	17	2.81e-20	98.6	poly(A) RNA polymerase GLD2 isoform 2 [Homo sapiens]	TRUE	TENT2
XP_014151004.1	NP_001375055.1	0	N/A	30.104	289	17	2.81e-20	98.6	poly(A) RNA polymerase GLD2 isoform 2 [Homo sapiens]	TRUE	TENT2
XP_014151004.1	NP_001375054.1	0	N/A	30.104	289	17	2.81e-20	98.6	poly(A) RNA polymerase GLD2 isoform 2 [Homo sapiens]	TRUE	TENT2
XP_014151004.1	NP_001375053.1	0	N/A	30.104	289	17	2.81e-20	98.6	poly(A) RNA polymerase GLD2 isoform 2 [Homo sapiens]	TRUE	TENT2
XP_014151004.1	NP_001375052.1	0	N/A	30.104	289	17	2.81e-20	98.6	poly(A) RNA polymerase GLD2 isoform 2 [Homo sapiens]	TRUE	TENT2
XP_014151004.1	NP_001375051.1	0	N/A	30.104	289	17	2.81e-20	98.6	poly(A) RNA polymerase GLD2 isoform 2 [Homo sapiens]	TRUE	TENT2
XP_014151004.1	NP_001375050.1	0	N/A	30.104	289	17	2.81e-20	98.6	poly(A) RNA polymerase GLD2 isoform 2 [Homo sapiens]	TRUE	TENT2
XP_014151004.1	NP_001375049.1	0	N/A	30.104	289	17	2.81e-20	98.6	poly(A) RNA polymerase GLD2 isoform 2 [Homo sapiens]	TRUE	TENT2
XP_014151004.1	NP_001375048.1	0	N/A	30.104	289	17	2.81e-20	98.6	poly(A) RNA polymerase GLD2 isoform 2 [Homo sapiens]	TRUE	TENT2
XP_014151004.1	NP_001375047.1	0	N/A	30.104	289	17	2.81e-20	98.6	poly(A) RNA polymerase GLD2 isoform 2 [Homo sapiens]	TRUE	TENT2
XP_014151004.1	NP_001375046.1	0	N/A	30.104	289	17	2.81e-20	98.6	poly(A) RNA polymerase GLD2 isoform 2 [Homo sapiens]	TRUE	TENT2
XP_014151004.1	NP_001375045.1	0	N/A	30.104	289	17	2.81e-20	98.6	poly(A) RNA polymerase GLD2 isoform 2 [Homo sapiens]	TRUE	TENT2
XP_014151004.1	NP_001375044.1	0	N/A	30.104	289	17	2.81e-20	98.6	poly(A) RNA polymerase GLD2 isoform 2 [Homo sapiens]	TRUE	TENT2
XP_014151004.1	NP_001375043.1	0	N/A	30.104	289	17	2.81e-20	98.6	poly(A) RNA polymerase GLD2 isoform 2 [Homo sapiens]	TRUE	TENT2
XP_014151004.1	NP_001336483.1	0	N/A	30.104	289	17	2.81e-20	98.6	poly(A) RNA polymerase GLD2 isoform 2 [Homo sapiens]	TRUE	TENT2
XP_014151004.1	NP_001284673.1	0	N/A	30.104	289	17	2.81e-20	98.6	poly(A) RNA polymerase GLD2 isoform 2 [Homo sapiens]	TRUE	TENT2
XP_014151004.1	NP_001375061.1	0	N/A	32.911	237	14	2.87e-20	98.2	poly(A) RNA polymerase GLD2 isoform 12 [Homo sapiens]	TRUE	TENT2
XP_014151004.1	NP_001375059.1	0	N/A	32.911	237	14	6.41e-20	97.4	poly(A) RNA polymerase GLD2 isoform 10 [Homo sapiens]	TRUE	TENT2
XP_014151004.1	NP_001375060.1	0	N/A	30.962	239	14	2.06e-19	95.9	poly(A) RNA polymerase GLD2 isoform 11 [Homo sapiens]	TRUE	TENT2
XP_014151004.1	XP_047272808.1	0	N/A	28.522	291	17	2.32e-19	95.9	poly(A) RNA polymerase GLD2 isoform X3 [Homo sapiens]	TRUE	TENT2
XP_014151004.1	XP_047272807.1	0	N/A	28.522	291	17	2.32e-19	95.9	poly(A) RNA polymerase GLD2 isoform X3 [Homo sapiens]	TRUE	TENT2
XP_014151004.1	XP_047272806.1	0	N/A	28.522	291	17	2.32e-19	95.9	poly(A) RNA polymerase GLD2 isoform X3 [Homo sapiens]	TRUE	TENT2
XP_014151004.1	NP_776158.2	0	N/A	28.522	291	17	2.32e-19	95.9	poly(A) RNA polymerase GLD2 isoform 1 [Homo sapiens]	TRUE	TENT2
XP_014151004.1	NP_001375041.1	0	N/A	28.522	291	17	2.32e-19	95.9	poly(A) RNA polymerase GLD2 isoform 1 [Homo sapiens]	TRUE	TENT2
XP_014151004.1	NP_001375040.1	0	N/A	28.522	291	17	2.32e-19	95.9	poly(A) RNA polymerase GLD2 isoform 1 [Homo sapiens]	TRUE	TENT2
XP_014151004.1	NP_001375039.1	0	N/A	28.522	291	17	2.32e-19	95.9	poly(A) RNA polymerase GLD2 isoform 1 [Homo sapiens]	TRUE	TENT2
XP_014151004.1	NP_001375038.1	0	N/A	28.522	291	17	2.32e-19	95.9	poly(A) RNA polymerase GLD2 isoform 1 [Homo sapiens]	TRUE	TENT2
XP_014151004.1	NP_001375037.1	0	N/A	28.522	291	17	2.32e-19	95.9	poly(A) RNA polymerase GLD2 isoform 1 [Homo sapiens]	TRUE	TENT2
XP_014151004.1	NP_001375036.1	0	N/A	28.522	291	17	2.32e-19	95.9	poly(A) RNA polymerase GLD2 isoform 1 [Homo sapiens]	TRUE	TENT2
XP_014151004.1	NP_001375035.1	0	N/A	28.522	291	17	2.32e-19	95.9	poly(A) RNA polymerase GLD2 isoform 1 [Homo sapiens]	TRUE	TENT2
XP_014151004.1	NP_001375034.1	0	N/A	28.522	291	17	2.32e-19	95.9	poly(A) RNA polymerase GLD2 isoform 1 [Homo sapiens]	TRUE	TENT2
XP_014151004.1	NP_001375032.1	0	N/A	28.522	291	17	2.32e-19	95.9	poly(A) RNA polymerase GLD2 isoform 1 [Homo sapiens]	TRUE	TENT2
XP_014151004.1	NP_001375031.1	0	N/A	28.522	291	17	2.32e-19	95.9	poly(A) RNA polymerase GLD2 isoform 1 [Homo sapiens]	TRUE	TENT2
XP_014151004.1	NP_001336482.1	0	N/A	28.522	291	17	2.32e-19	95.9	poly(A) RNA polymerase GLD2 isoform 1 [Homo sapiens]	TRUE	TENT2
XP_014151004.1	NP_001336481.1	0	N/A	28.522	291	17	2.32e-19	95.9	poly(A) RNA polymerase GLD2 isoform 1 [Homo sapiens]	TRUE	TENT2
XP_014151004.1	NP_001107866.1	0	N/A	28.522	291	17	2.32e-19	95.9	poly(A) RNA polymerase GLD2 isoform 1 [Homo sapiens]	TRUE	TENT2
XP_014151004.1	NP_001107865.1	0	N/A	28.522	291	17	2.32e-19	95.9	poly(A) RNA polymerase GLD2 isoform 1 [Homo sapiens]	TRUE	TENT2
XP_014151004.1	NP_001375030.1	0	N/A	29.097	299	17	3.49e-19	95.5	poly(A) RNA polymerase GLD2 isoform 9 [Homo sapiens]	TRUE	TENT2
XP_014151004.1	NP_001375042.1	0	N/A	30.962	239	14	4.58e-19	95.1	poly(A) RNA polymerase GLD2 isoform 16 [Homo sapiens]	TRUE	TENT2
XP_014151004.1	XP_047272805.1	0	N/A	30.153	262	14	1.09e-18	94	poly(A) RNA polymerase GLD2 isoform X2 [Homo sapiens]	TRUE	TENT2
XP_014151004.1	XP_047272804.1	0	N/A	30.153	262	14	1.09e-18	94	poly(A) RNA polymerase GLD2 isoform X2 [Homo sapiens]	TRUE	TENT2
XP_014151004.1	XP_047272803.1	0	N/A	30.153	262	14	1.09e-18	94	poly(A) RNA polymerase GLD2 isoform X2 [Homo sapiens]	TRUE	TENT2
XP_014151004.1	XP_047272802.1	0	N/A	30.153	262	14	1.09e-18	94	poly(A) RNA polymerase GLD2 isoform X2 [Homo sapiens]	TRUE	TENT2
XP_014155214.1	XP_047279823.1	0	N/A	25.155	322	40	3.13e-18	92.4	terminal uridylyltransferase 7 isoform X2 [Homo sapiens]	TRUE	Tut7
XP_014155214.1	XP_006717346.1	0	N/A	25.155	322	40	3.13e-18	92.4	terminal uridylyltransferase 7 isoform X2 [Homo sapiens]	TRUE	Tut7
XP_014155214.1	XP_047279825.1	0	N/A	25.155	322	40	3.42e-18	92.4	terminal uridylyltransferase 7 isoform X6 [Homo sapiens]	TRUE	Tut7
XP_014155214.1	XP_047279824.1	0	N/A	25.155	322	40	3.42e-18	92.4	terminal uridylyltransferase 7 isoform X6 [Homo sapiens]	TRUE	Tut7
XP_014155214.1	XP_005252264.1	0	N/A	25.155	322	40	3.42e-18	92.4	terminal uridylyltransferase 7 isoform X6 [Homo sapiens]	TRUE	Tut7
XP_014155214.1	XP_016870620.1	0	N/A	25.155	322	40	3.43e-18	92.4	terminal uridylyltransferase 7 isoform X4 [Homo sapiens]	TRUE	Tut7
XP_014155214.1	XP_016870619.1	0	N/A	25.155	322	40	3.43e-18	92.4	terminal uridylyltransferase 7 isoform X4 [Homo sapiens]	TRUE	Tut7
XP_014155214.1	NP_078893.2	0	N/A	25.155	322	40	3.43e-18	92.4	terminal uridylyltransferase 7 isoform 1 [Homo sapiens]	TRUE	Tut7
XP_014155214.1	NP_001171988.1	0	N/A	25.155	322	40	3.43e-18	92.4	terminal uridylyltransferase 7 isoform 1 [Homo sapiens]	TRUE	Tut7
XP_014155214.1	XP_005252265.1	0	N/A	25.155	322	40	3.48e-18	92.4	terminal uridylyltransferase 7 isoform X7 [Homo sapiens]	TRUE	Tut7
XP_014155214.1	XP_011517316.1	0	N/A	25.155	322	40	3.66e-18	92.4	terminal uridylyltransferase 7 isoform X1 [Homo sapiens]	TRUE	Tut7
XP_014155214.1	XP_011517315.1	0	N/A	25.155	322	40	3.66e-18	92.4	terminal uridylyltransferase 7 isoform X1 [Homo sapiens]	TRUE	Tut7
XP_014155214.1	XP_011517314.1	0	N/A	25.155	322	40	3.66e-18	92.4	terminal uridylyltransferase 7 isoform X1 [Homo sapiens]	TRUE	Tut7
XP_014155214.1	XP_011517313.1	0	N/A	25.155	322	40	3.66e-18	92.4	terminal uridylyltransferase 7 isoform X1 [Homo sapiens]	TRUE	Tut7
XP_014155214.1	XP_011517317.1	0	N/A	25.155	322	40	4.72e-18	92	terminal uridylyltransferase 7 isoform X3 [Homo sapiens]	TRUE	Tut7
XP_014155214.1	XP_011517318.1	0	N/A	25.155	322	40	4.87e-18	92	terminal uridylyltransferase 7 isoform X5 [Homo sapiens]	TRUE	Tut7
XP_014155214.1	NP_001317647.1	0	N/A	25.155	322	40	5.08e-18	91.3	terminal uridylyltransferase 7 isoform 3 [Homo sapiens]	TRUE	Tut7
XP_014155214.1	NP_060579.3	0	N/A	23.563	348	41	4.58e-17	87.8	poly(A) RNA polymerase, mitochondrial precursor [Homo sapiens]	TRUE	mtPAP
XP_014155214.1	NP_073741.3	0	N/A	28.632	234	29	2.57e-16	85.9	speckle targeted PIP5K1A-regulated poly(A) polymerase isoform 1 [Homo sapiens]	TRUE	Tut1
XP_014155214.1	XP_047272285.1	0	N/A	26.95	282	35	7.55e-15	81.6	terminal uridylyltransferase 4 isoform X7 [Homo sapiens]	TRUE	Tut4
XP_014155214.1	XP_016856292.1	0	N/A	26.95	282	35	7.61e-15	81.6	terminal uridylyltransferase 4 isoform X9 [Homo sapiens]	TRUE	Tut4
XP_014155214.1	XP_005270735.1	0	N/A	26.95	282	35	8.92e-15	81.3	terminal uridylyltransferase 4 isoform X2 [Homo sapiens]	TRUE	Tut4
XP_014155214.1	XP_047272288.1	0	N/A	26.95	282	35	9.03e-15	81.3	terminal uridylyltransferase 4 isoform X10 [Homo sapiens]	TRUE	Tut4
XP_014155214.1	XP_047272345.1	0	N/A	26.95	282	35	9.15e-15	81.3	terminal uridylyltransferase 4 isoform X31 [Homo sapiens]	TRUE	Tut4
XP_014155214.1	XP_011539399.1	0	N/A	26.95	282	35	9.39e-15	81.3	terminal uridylyltransferase 4 isoform X1 [Homo sapiens]	TRUE	Tut4
XP_014155214.1	XP_005270733.1	0	N/A	26.95	282	35	9.39e-15	81.3	terminal uridylyltransferase 4 isoform X1 [Homo sapiens]	TRUE	Tut4
XP_014155214.1	XP_016856293.1	0	N/A	26.95	282	35	9.74e-15	81.3	terminal uridylyltransferase 4 isoform X16 [Homo sapiens]	TRUE	Tut4
XP_014155214.1	XP_016856297.1	0	N/A	26.95	282	35	9.95e-15	81.3	terminal uridylyltransferase 4 isoform X36 [Homo sapiens]	TRUE	Tut4
XP_014155214.1	XP_011539401.1	0	N/A	26.95	282	35	9.98e-15	81.3	terminal uridylyltransferase 4 isoform X29 [Homo sapiens]	TRUE	Tut4
XP_014155214.1	XP_005270739.1	0	N/A	26.95	282	35	1e-14	81.3	terminal uridylyltransferase 4 isoform X33 [Homo sapiens]	TRUE	Tut4
XP_014155214.1	XP_047272280.1	0	N/A	26.95	282	35	1.01e-14	81.3	terminal uridylyltransferase 4 isoform X3 [Homo sapiens]	TRUE	Tut4
XP_014155214.1	XP_005270736.1	0	N/A	26.95	282	35	1.01e-14	81.3	terminal uridylyltransferase 4 isoform X3 [Homo sapiens]	TRUE	Tut4
XP_014155214.1	XP_047272286.1	0	N/A	26.95	282	35	1.02e-14	81.3	terminal uridylyltransferase 4 isoform X8 [Homo sapiens]	TRUE	Tut4
XP_014155214.1	XP_047272282.1	0	N/A	26.95	282	35	1.02e-14	81.3	terminal uridylyltransferase 4 isoform X5 [Homo sapiens]	TRUE	Tut4
XP_014155214.1	NP_056084.1	0	N/A	26.95	282	35	1.02e-14	81.3	terminal uridylyltransferase 4 isoform b [Homo sapiens]	TRUE	Tut4
XP_014155214.1	XP_047272290.1	0	N/A	26.95	282	35	1.03e-14	81.3	terminal uridylyltransferase 4 isoform X11 [Homo sapiens]	TRUE	Tut4
XP_014155214.1	XP_047272281.1	0	N/A	26.95	282	35	1.04e-14	81.3	terminal uridylyltransferase 4 isoform X4 [Homo sapiens]	TRUE	Tut4
XP_014155214.1	NP_001009881.1	0	N/A	26.95	282	35	1.04e-14	81.3	terminal uridylyltransferase 4 isoform a [Homo sapiens]	TRUE	Tut4
XP_014155214.1	XP_016856295.1	0	N/A	26.95	282	35	1.05e-14	81.3	terminal uridylyltransferase 4 isoform X25 [Homo sapiens]	TRUE	Tut4
XP_014155214.1	XP_047272325.1	0	N/A	26.95	282	35	1.08e-14	81.3	terminal uridylyltransferase 4 isoform X23 [Homo sapiens]	TRUE	Tut4
XP_014155214.1	XP_047272344.1	0	N/A	26.95	282	35	1.09e-14	81.3	terminal uridylyltransferase 4 isoform X30 [Homo sapiens]	TRUE	Tut4
XP_014155214.1	XP_047272296.1	0	N/A	26.95	282	35	1.1e-14	81.3	terminal uridylyltransferase 4 isoform X13 [Homo sapiens]	TRUE	Tut4
XP_014155214.1	XP_047272295.1	0	N/A	26.95	282	35	1.13e-14	81.3	terminal uridylyltransferase 4 isoform X12 [Homo sapiens]	TRUE	Tut4
XP_014155214.1	XP_047272283.1	0	N/A	26.95	282	35	1.14e-14	81.3	terminal uridylyltransferase 4 isoform X6 [Homo sapiens]	TRUE	Tut4
XP_014155214.1	XP_005270737.1	0	N/A	26.95	282	35	1.14e-14	81.3	terminal uridylyltransferase 4 isoform X6 [Homo sapiens]	TRUE	Tut4
XP_014155214.1	XP_047272305.1	0	N/A	26.95	282	35	1.16e-14	81.3	terminal uridylyltransferase 4 isoform X17 [Homo sapiens]	TRUE	Tut4
XP_014155214.1	XP_047272337.1	0	N/A	26.95	282	35	1.2e-14	80.9	terminal uridylyltransferase 4 isoform X27 [Homo sapiens]	TRUE	Tut4
XP_014155214.1	XP_016856299.1	0	N/A	26.95	282	35	1.21e-14	80.9	terminal uridylyltransferase 4 isoform X40 [Homo sapiens]	TRUE	Tut4
XP_014155214.1	XP_047272372.1	0	N/A	26.95	282	35	1.22e-14	80.9	terminal uridylyltransferase 4 isoform X42 [Homo sapiens]	TRUE	Tut4
XP_014155214.1	XP_016856296.1	0	N/A	26.95	282	35	1.25e-14	80.9	terminal uridylyltransferase 4 isoform X28 [Homo sapiens]	TRUE	Tut4
XP_014155214.1	XP_047272365.1	0	N/A	26.95	282	35	1.27e-14	80.9	terminal uridylyltransferase 4 isoform X38 [Homo sapiens]	TRUE	Tut4
XP_014155214.1	XP_047272350.1	0	N/A	26.95	282	35	1.32e-14	80.9	terminal uridylyltransferase 4 isoform X34 [Homo sapiens]	TRUE	Tut4
XP_014155214.1	XP_047272384.1	0	N/A	26.95	282	35	1.75e-14	80.1	terminal uridylyltransferase 4 isoform X46 [Homo sapiens]	TRUE	Tut4
XP_014155214.1	NP_001354835.1	0	N/A	28.054	221	30	1.83e-12	73.2	speckle targeted PIP5K1A-regulated poly(A) polymerase isoform 2 [Homo sapiens]	TRUE	Tut1
XP_014155214.1	NP_001375061.1	0	N/A	21.453	289	37	2.48e-11	69.3	poly(A) RNA polymerase GLD2 isoform 12 [Homo sapiens]	TRUE	TENT2
XP_014155214.1	NP_001375060.1	0	N/A	21.306	291	37	2.75e-11	68.9	poly(A) RNA polymerase GLD2 isoform 11 [Homo sapiens]	TRUE	TENT2
XP_014155214.1	NP_001375059.1	0	N/A	21.453	289	37	2.82e-11	68.9	poly(A) RNA polymerase GLD2 isoform 10 [Homo sapiens]	TRUE	TENT2
XP_014155214.1	XP_047272811.1	0	N/A	21.453	289	37	2.85e-11	68.9	poly(A) RNA polymerase GLD2 isoform X4 [Homo sapiens]	TRUE	TENT2
XP_014155214.1	XP_047272810.1	0	N/A	21.453	289	37	2.85e-11	68.9	poly(A) RNA polymerase GLD2 isoform X4 [Homo sapiens]	TRUE	TENT2
XP_014155214.1	XP_047272809.1	0	N/A	21.453	289	37	2.85e-11	68.9	poly(A) RNA polymerase GLD2 isoform X4 [Homo sapiens]	TRUE	TENT2
XP_014155214.1	NP_001375058.1	0	N/A	21.453	289	37	2.85e-11	68.9	poly(A) RNA polymerase GLD2 isoform 2 [Homo sapiens]	TRUE	TENT2
XP_014155214.1	NP_001375057.1	0	N/A	21.453	289	37	2.85e-11	68.9	poly(A) RNA polymerase GLD2 isoform 2 [Homo sapiens]	TRUE	TENT2
XP_014155214.1	NP_001375056.1	0	N/A	21.453	289	37	2.85e-11	68.9	poly(A) RNA polymerase GLD2 isoform 2 [Homo sapiens]	TRUE	TENT2
XP_014155214.1	NP_001375055.1	0	N/A	21.453	289	37	2.85e-11	68.9	poly(A) RNA polymerase GLD2 isoform 2 [Homo sapiens]	TRUE	TENT2
XP_014155214.1	NP_001375054.1	0	N/A	21.453	289	37	2.85e-11	68.9	poly(A) RNA polymerase GLD2 isoform 2 [Homo sapiens]	TRUE	TENT2
XP_014155214.1	NP_001375053.1	0	N/A	21.453	289	37	2.85e-11	68.9	poly(A) RNA polymerase GLD2 isoform 2 [Homo sapiens]	TRUE	TENT2
XP_014155214.1	NP_001375052.1	0	N/A	21.453	289	37	2.85e-11	68.9	poly(A) RNA polymerase GLD2 isoform 2 [Homo sapiens]	TRUE	TENT2
XP_014155214.1	NP_001375051.1	0	N/A	21.453	289	37	2.85e-11	68.9	poly(A) RNA polymerase GLD2 isoform 2 [Homo sapiens]	TRUE	TENT2
XP_014155214.1	NP_001375050.1	0	N/A	21.453	289	37	2.85e-11	68.9	poly(A) RNA polymerase GLD2 isoform 2 [Homo sapiens]	TRUE	TENT2
XP_014155214.1	NP_001375049.1	0	N/A	21.453	289	37	2.85e-11	68.9	poly(A) RNA polymerase GLD2 isoform 2 [Homo sapiens]	TRUE	TENT2
XP_014155214.1	NP_001375048.1	0	N/A	21.453	289	37	2.85e-11	68.9	poly(A) RNA polymerase GLD2 isoform 2 [Homo sapiens]	TRUE	TENT2
XP_014155214.1	NP_001375047.1	0	N/A	21.453	289	37	2.85e-11	68.9	poly(A) RNA polymerase GLD2 isoform 2 [Homo sapiens]	TRUE	TENT2
XP_014155214.1	NP_001375046.1	0	N/A	21.453	289	37	2.85e-11	68.9	poly(A) RNA polymerase GLD2 isoform 2 [Homo sapiens]	TRUE	TENT2
XP_014155214.1	NP_001375045.1	0	N/A	21.453	289	37	2.85e-11	68.9	poly(A) RNA polymerase GLD2 isoform 2 [Homo sapiens]	TRUE	TENT2
XP_014155214.1	NP_001375044.1	0	N/A	21.453	289	37	2.85e-11	68.9	poly(A) RNA polymerase GLD2 isoform 2 [Homo sapiens]	TRUE	TENT2
XP_014155214.1	NP_001375043.1	0	N/A	21.453	289	37	2.85e-11	68.9	poly(A) RNA polymerase GLD2 isoform 2 [Homo sapiens]	TRUE	TENT2
XP_014155214.1	NP_001336483.1	0	N/A	21.453	289	37	2.85e-11	68.9	poly(A) RNA polymerase GLD2 isoform 2 [Homo sapiens]	TRUE	TENT2
XP_014155214.1	NP_001284673.1	0	N/A	21.453	289	37	2.85e-11	68.9	poly(A) RNA polymerase GLD2 isoform 2 [Homo sapiens]	TRUE	TENT2
XP_014155214.1	NP_001375065.1	0	N/A	21.453	289	37	2.94e-11	68.6	poly(A) RNA polymerase GLD2 isoform 14 [Homo sapiens]	TRUE	TENT2
XP_014155214.1	NP_001375042.1	0	N/A	21.306	291	37	3.19e-11	68.9	poly(A) RNA polymerase GLD2 isoform 16 [Homo sapiens]	TRUE	TENT2
XP_014155214.1	XP_047272808.1	0	N/A	21.306	291	37	3.38e-11	68.9	poly(A) RNA polymerase GLD2 isoform X3 [Homo sapiens]	TRUE	TENT2
XP_014155214.1	XP_047272807.1	0	N/A	21.306	291	37	3.38e-11	68.9	poly(A) RNA polymerase GLD2 isoform X3 [Homo sapiens]	TRUE	TENT2
XP_014155214.1	XP_047272806.1	0	N/A	21.306	291	37	3.38e-11	68.9	poly(A) RNA polymerase GLD2 isoform X3 [Homo sapiens]	TRUE	TENT2
XP_014155214.1	NP_776158.2	0	N/A	21.306	291	37	3.38e-11	68.9	poly(A) RNA polymerase GLD2 isoform 1 [Homo sapiens]	TRUE	TENT2
XP_014155214.1	NP_001375041.1	0	N/A	21.306	291	37	3.38e-11	68.9	poly(A) RNA polymerase GLD2 isoform 1 [Homo sapiens]	TRUE	TENT2
XP_014155214.1	NP_001375040.1	0	N/A	21.306	291	37	3.38e-11	68.9	poly(A) RNA polymerase GLD2 isoform 1 [Homo sapiens]	TRUE	TENT2
XP_014155214.1	NP_001375039.1	0	N/A	21.306	291	37	3.38e-11	68.9	poly(A) RNA polymerase GLD2 isoform 1 [Homo sapiens]	TRUE	TENT2
XP_014155214.1	NP_001375038.1	0	N/A	21.306	291	37	3.38e-11	68.9	poly(A) RNA polymerase GLD2 isoform 1 [Homo sapiens]	TRUE	TENT2
XP_014155214.1	NP_001375037.1	0	N/A	21.306	291	37	3.38e-11	68.9	poly(A) RNA polymerase GLD2 isoform 1 [Homo sapiens]	TRUE	TENT2
XP_014155214.1	NP_001375036.1	0	N/A	21.306	291	37	3.38e-11	68.9	poly(A) RNA polymerase GLD2 isoform 1 [Homo sapiens]	TRUE	TENT2
XP_014155214.1	NP_001375035.1	0	N/A	21.306	291	37	3.38e-11	68.9	poly(A) RNA polymerase GLD2 isoform 1 [Homo sapiens]	TRUE	TENT2
XP_014155214.1	NP_001375034.1	0	N/A	21.306	291	37	3.38e-11	68.9	poly(A) RNA polymerase GLD2 isoform 1 [Homo sapiens]	TRUE	TENT2
XP_014155214.1	NP_001375032.1	0	N/A	21.306	291	37	3.38e-11	68.9	poly(A) RNA polymerase GLD2 isoform 1 [Homo sapiens]	TRUE	TENT2
XP_014155214.1	NP_001375031.1	0	N/A	21.306	291	37	3.38e-11	68.9	poly(A) RNA polymerase GLD2 isoform 1 [Homo sapiens]	TRUE	TENT2
XP_014155214.1	NP_001336482.1	0	N/A	21.306	291	37	3.38e-11	68.9	poly(A) RNA polymerase GLD2 isoform 1 [Homo sapiens]	TRUE	TENT2
XP_014155214.1	NP_001336481.1	0	N/A	21.306	291	37	3.38e-11	68.9	poly(A) RNA polymerase GLD2 isoform 1 [Homo sapiens]	TRUE	TENT2
XP_014155214.1	NP_001107866.1	0	N/A	21.306	291	37	3.38e-11	68.9	poly(A) RNA polymerase GLD2 isoform 1 [Homo sapiens]	TRUE	TENT2
XP_014155214.1	NP_001107865.1	0	N/A	21.306	291	37	3.38e-11	68.9	poly(A) RNA polymerase GLD2 isoform 1 [Homo sapiens]	TRUE	TENT2
XP_014155214.1	NP_001172003.1	0	N/A	25.991	227	28	5.59e-11	68.9	terminal uridylyltransferase 7 isoform 2 [Homo sapiens]	TRUE	Tut7
XP_014155214.1	NP_001375029.1	0	N/A	21.678	286	35	1.35e-10	67	poly(A) RNA polymerase GLD2 isoform 8 [Homo sapiens]	TRUE	TENT2
XP_014160402.1	XP_016856292.1	0	N/A	29.855	345	28	1.45e-30	133	terminal uridylyltransferase 4 isoform X9 [Homo sapiens]	TRUE	Tut4
XP_014160402.1	XP_047272285.1	0	N/A	29.513	349	28	1.62e-30	133	terminal uridylyltransferase 4 isoform X7 [Homo sapiens]	TRUE	Tut4
XP_014160402.1	XP_016856297.1	0	N/A	29.855	345	28	1.81e-30	133	terminal uridylyltransferase 4 isoform X36 [Homo sapiens]	TRUE	Tut4
XP_014160402.1	XP_047272290.1	0	N/A	29.855	345	28	1.85e-30	133	terminal uridylyltransferase 4 isoform X11 [Homo sapiens]	TRUE	Tut4
XP_014160402.1	XP_005270739.1	0	N/A	29.462	353	28	1.93e-30	133	terminal uridylyltransferase 4 isoform X33 [Homo sapiens]	TRUE	Tut4
XP_014160402.1	XP_047272280.1	0	N/A	29.855	345	28	1.95e-30	133	terminal uridylyltransferase 4 isoform X3 [Homo sapiens]	TRUE	Tut4
XP_014160402.1	XP_005270736.1	0	N/A	29.855	345	28	1.95e-30	133	terminal uridylyltransferase 4 isoform X3 [Homo sapiens]	TRUE	Tut4
XP_014160402.1	XP_047272286.1	0	N/A	29.462	353	28	2.09e-30	133	terminal uridylyltransferase 4 isoform X8 [Homo sapiens]	TRUE	Tut4
XP_014160402.1	XP_016856293.1	0	N/A	29.855	345	28	2.12e-30	133	terminal uridylyltransferase 4 isoform X16 [Homo sapiens]	TRUE	Tut4
XP_014160402.1	XP_047272288.1	0	N/A	32.203	295	27	2.12e-30	133	terminal uridylyltransferase 4 isoform X10 [Homo sapiens]	TRUE	Tut4
XP_014160402.1	XP_011539401.1	0	N/A	29.462	353	28	2.15e-30	133	terminal uridylyltransferase 4 isoform X29 [Homo sapiens]	TRUE	Tut4
XP_014160402.1	XP_005270735.1	0	N/A	29.513	349	28	2.16e-30	133	terminal uridylyltransferase 4 isoform X2 [Homo sapiens]	TRUE	Tut4
XP_014160402.1	XP_047272345.1	0	N/A	29.855	345	28	2.2e-30	133	terminal uridylyltransferase 4 isoform X31 [Homo sapiens]	TRUE	Tut4
XP_014160402.1	XP_011539399.1	0	N/A	29.462	353	28	2.26e-30	133	terminal uridylyltransferase 4 isoform X1 [Homo sapiens]	TRUE	Tut4
XP_014160402.1	XP_005270733.1	0	N/A	29.462	353	28	2.26e-30	133	terminal uridylyltransferase 4 isoform X1 [Homo sapiens]	TRUE	Tut4
XP_014160402.1	XP_047272295.1	0	N/A	32.203	295	27	2.56e-30	132	terminal uridylyltransferase 4 isoform X12 [Homo sapiens]	TRUE	Tut4
XP_014160402.1	XP_047272344.1	0	N/A	32.203	295	27	2.61e-30	132	terminal uridylyltransferase 4 isoform X30 [Homo sapiens]	TRUE	Tut4
XP_014160402.1	XP_047272296.1	0	N/A	29.513	349	28	2.65e-30	132	terminal uridylyltransferase 4 isoform X13 [Homo sapiens]	TRUE	Tut4
XP_014160402.1	XP_047272365.1	0	N/A	29.513	349	28	2.68e-30	132	terminal uridylyltransferase 4 isoform X38 [Homo sapiens]	TRUE	Tut4
XP_014160402.1	XP_047272282.1	0	N/A	29.513	349	28	2.72e-30	132	terminal uridylyltransferase 4 isoform X5 [Homo sapiens]	TRUE	Tut4
XP_014160402.1	NP_056084.1	0	N/A	29.513	349	28	2.72e-30	132	terminal uridylyltransferase 4 isoform b [Homo sapiens]	TRUE	Tut4
XP_014160402.1	XP_047272283.1	0	N/A	29.855	345	28	2.74e-30	132	terminal uridylyltransferase 4 isoform X6 [Homo sapiens]	TRUE	Tut4
XP_014160402.1	XP_005270737.1	0	N/A	29.855	345	28	2.74e-30	132	terminal uridylyltransferase 4 isoform X6 [Homo sapiens]	TRUE	Tut4
XP_014160402.1	XP_047272372.1	0	N/A	29.513	349	28	2.74e-30	132	terminal uridylyltransferase 4 isoform X42 [Homo sapiens]	TRUE	Tut4
XP_014160402.1	XP_047272305.1	0	N/A	29.855	345	28	2.76e-30	132	terminal uridylyltransferase 4 isoform X17 [Homo sapiens]	TRUE	Tut4
XP_014160402.1	XP_047272325.1	0	N/A	29.513	349	28	2.8e-30	132	terminal uridylyltransferase 4 isoform X23 [Homo sapiens]	TRUE	Tut4
XP_014160402.1	XP_016856299.1	0	N/A	29.855	345	28	2.91e-30	132	terminal uridylyltransferase 4 isoform X40 [Homo sapiens]	TRUE	Tut4
XP_014160402.1	XP_047272281.1	0	N/A	32.203	295	27	2.96e-30	132	terminal uridylyltransferase 4 isoform X4 [Homo sapiens]	TRUE	Tut4
XP_014160402.1	NP_001009881.1	0	N/A	32.203	295	27	2.96e-30	132	terminal uridylyltransferase 4 isoform a [Homo sapiens]	TRUE	Tut4
XP_014160402.1	XP_016856295.1	0	N/A	29.855	345	28	3.15e-30	132	terminal uridylyltransferase 4 isoform X25 [Homo sapiens]	TRUE	Tut4
XP_014160402.1	XP_047272337.1	0	N/A	29.513	349	28	4.38e-30	132	terminal uridylyltransferase 4 isoform X27 [Homo sapiens]	TRUE	Tut4
XP_014160402.1	XP_016856296.1	0	N/A	29.855	345	28	4.57e-30	132	terminal uridylyltransferase 4 isoform X28 [Homo sapiens]	TRUE	Tut4
XP_014160402.1	XP_047272350.1	0	N/A	29.855	345	28	4.68e-30	132	terminal uridylyltransferase 4 isoform X34 [Homo sapiens]	TRUE	Tut4
XP_014160402.1	XP_047272384.1	0	N/A	32.203	295	27	4.73e-30	131	terminal uridylyltransferase 4 isoform X46 [Homo sapiens]	TRUE	Tut4
XP_014160402.1	NP_001172003.1	0	N/A	28.308	325	30	5.55e-29	128	terminal uridylyltransferase 7 isoform 2 [Homo sapiens]	TRUE	Tut7
XP_014160402.1	XP_047279823.1	0	N/A	30.175	285	26	2.3e-28	126	terminal uridylyltransferase 7 isoform X2 [Homo sapiens]	TRUE	Tut7
XP_014160402.1	XP_006717346.1	0	N/A	30.175	285	26	2.3e-28	126	terminal uridylyltransferase 7 isoform X2 [Homo sapiens]	TRUE	Tut7
XP_014160402.1	NP_001317647.1	0	N/A	30.175	285	26	2.72e-28	125	terminal uridylyltransferase 7 isoform 3 [Homo sapiens]	TRUE	Tut7
XP_014160402.1	XP_047279825.1	0	N/A	30.175	285	26	2.92e-28	126	terminal uridylyltransferase 7 isoform X6 [Homo sapiens]	TRUE	Tut7
XP_014160402.1	XP_047279824.1	0	N/A	30.175	285	26	2.92e-28	126	terminal uridylyltransferase 7 isoform X6 [Homo sapiens]	TRUE	Tut7
XP_014160402.1	XP_005252264.1	0	N/A	30.175	285	26	2.92e-28	126	terminal uridylyltransferase 7 isoform X6 [Homo sapiens]	TRUE	Tut7
XP_014160402.1	XP_016870620.1	0	N/A	29.043	303	27	2.99e-28	126	terminal uridylyltransferase 7 isoform X4 [Homo sapiens]	TRUE	Tut7
XP_014160402.1	XP_016870619.1	0	N/A	29.043	303	27	2.99e-28	126	terminal uridylyltransferase 7 isoform X4 [Homo sapiens]	TRUE	Tut7
XP_014160402.1	NP_078893.2	0	N/A	29.043	303	27	2.99e-28	126	terminal uridylyltransferase 7 isoform 1 [Homo sapiens]	TRUE	Tut7
XP_014160402.1	NP_001171988.1	0	N/A	29.043	303	27	2.99e-28	126	terminal uridylyltransferase 7 isoform 1 [Homo sapiens]	TRUE	Tut7
XP_014160402.1	XP_011517317.1	0	N/A	30.175	285	26	3.07e-28	126	terminal uridylyltransferase 7 isoform X3 [Homo sapiens]	TRUE	Tut7
XP_014160402.1	XP_011517318.1	0	N/A	28.618	304	27	3.64e-28	125	terminal uridylyltransferase 7 isoform X5 [Homo sapiens]	TRUE	Tut7
XP_014160402.1	XP_005252265.1	0	N/A	30.769	286	26	3.65e-28	125	terminal uridylyltransferase 7 isoform X7 [Homo sapiens]	TRUE	Tut7
XP_014160402.1	XP_011517316.1	0	N/A	30.769	286	26	4.15e-28	125	terminal uridylyltransferase 7 isoform X1 [Homo sapiens]	TRUE	Tut7
XP_014160402.1	XP_011517315.1	0	N/A	30.769	286	26	4.15e-28	125	terminal uridylyltransferase 7 isoform X1 [Homo sapiens]	TRUE	Tut7
XP_014160402.1	XP_011517314.1	0	N/A	30.769	286	26	4.15e-28	125	terminal uridylyltransferase 7 isoform X1 [Homo sapiens]	TRUE	Tut7
XP_014160402.1	XP_011517313.1	0	N/A	30.769	286	26	4.15e-28	125	terminal uridylyltransferase 7 isoform X1 [Homo sapiens]	TRUE	Tut7
XP_014160402.1	NP_001375027.1	0	N/A	27.174	368	34	1.88e-24	111	poly(A) RNA polymerase GLD2 isoform 7 [Homo sapiens]	TRUE	TENT2
XP_014160402.1	XP_047272801.1	0	N/A	27.717	368	34	1.91e-24	111	poly(A) RNA polymerase GLD2 isoform X1 [Homo sapiens]	TRUE	TENT2
XP_014160402.1	XP_047272800.1	0	N/A	27.717	368	34	1.91e-24	111	poly(A) RNA polymerase GLD2 isoform X1 [Homo sapiens]	TRUE	TENT2
XP_014160402.1	XP_011541527.1	0	N/A	27.717	368	34	1.91e-24	111	poly(A) RNA polymerase GLD2 isoform X1 [Homo sapiens]	TRUE	TENT2
XP_014160402.1	XP_011541526.1	0	N/A	27.717	368	34	1.91e-24	111	poly(A) RNA polymerase GLD2 isoform X1 [Homo sapiens]	TRUE	TENT2
XP_014160402.1	XP_011541523.1	0	N/A	27.717	368	34	1.91e-24	111	poly(A) RNA polymerase GLD2 isoform X1 [Homo sapiens]	TRUE	TENT2
XP_014160402.1	XP_011541522.1	0	N/A	27.717	368	34	1.91e-24	111	poly(A) RNA polymerase GLD2 isoform X1 [Homo sapiens]	TRUE	TENT2
XP_014160402.1	NP_001375023.1	0	N/A	27.717	368	34	1.91e-24	111	poly(A) RNA polymerase GLD2 isoform 5 [Homo sapiens]	TRUE	TENT2
XP_014160402.1	NP_001375022.1	0	N/A	27.717	368	34	1.91e-24	111	poly(A) RNA polymerase GLD2 isoform 5 [Homo sapiens]	TRUE	TENT2
XP_014160402.1	NP_001336479.1	0	N/A	27.717	368	34	1.91e-24	111	poly(A) RNA polymerase GLD2 isoform 5 [Homo sapiens]	TRUE	TENT2
XP_014160402.1	NP_001336478.1	0	N/A	27.717	368	34	1.91e-24	111	poly(A) RNA polymerase GLD2 isoform 5 [Homo sapiens]	TRUE	TENT2
XP_014160402.1	XP_047272805.1	0	N/A	27.174	368	34	1.99e-24	111	poly(A) RNA polymerase GLD2 isoform X2 [Homo sapiens]	TRUE	TENT2
XP_014160402.1	XP_047272804.1	0	N/A	27.174	368	34	1.99e-24	111	poly(A) RNA polymerase GLD2 isoform X2 [Homo sapiens]	TRUE	TENT2
XP_014160402.1	XP_047272803.1	0	N/A	27.174	368	34	1.99e-24	111	poly(A) RNA polymerase GLD2 isoform X2 [Homo sapiens]	TRUE	TENT2
XP_014160402.1	XP_047272802.1	0	N/A	27.174	368	34	1.99e-24	111	poly(A) RNA polymerase GLD2 isoform X2 [Homo sapiens]	TRUE	TENT2
XP_014160402.1	XP_016864641.1	0	N/A	27.174	368	34	1.99e-24	111	poly(A) RNA polymerase GLD2 isoform X2 [Homo sapiens]	TRUE	TENT2
XP_014160402.1	NP_001375026.1	0	N/A	27.174	368	34	1.99e-24	111	poly(A) RNA polymerase GLD2 isoform 6 [Homo sapiens]	TRUE	TENT2
XP_014160402.1	NP_001375025.1	0	N/A	27.174	368	34	1.99e-24	111	poly(A) RNA polymerase GLD2 isoform 6 [Homo sapiens]	TRUE	TENT2
XP_014160402.1	NP_001375024.1	0	N/A	27.174	368	34	1.99e-24	111	poly(A) RNA polymerase GLD2 isoform 6 [Homo sapiens]	TRUE	TENT2
XP_014160402.1	NP_001336480.1	0	N/A	27.174	368	34	1.99e-24	111	poly(A) RNA polymerase GLD2 isoform 6 [Homo sapiens]	TRUE	TENT2
XP_014160402.1	XP_047272820.1	0	N/A	34.737	190	17	1.46e-23	103	poly(A) RNA polymerase GLD2 isoform X11 [Homo sapiens]	TRUE	TENT2
XP_014160402.1	NP_001336477.1	0	N/A	34.737	190	17	2.15e-23	103	poly(A) RNA polymerase GLD2 isoform 4 [Homo sapiens]	TRUE	TENT2
XP_014160402.1	NP_001375065.1	0	N/A	34.737	190	17	7.26e-23	104	poly(A) RNA polymerase GLD2 isoform 14 [Homo sapiens]	TRUE	TENT2
XP_014160402.1	NP_001375061.1	0	N/A	34.737	190	17	9.38e-23	105	poly(A) RNA polymerase GLD2 isoform 12 [Homo sapiens]	TRUE	TENT2
XP_014160402.1	NP_001375059.1	0	N/A	34.737	190	17	1.13e-22	105	poly(A) RNA polymerase GLD2 isoform 10 [Homo sapiens]	TRUE	TENT2
XP_014160402.1	XP_047272811.1	0	N/A	34.737	190	17	1.18e-22	105	poly(A) RNA polymerase GLD2 isoform X4 [Homo sapiens]	TRUE	TENT2
XP_014160402.1	XP_047272810.1	0	N/A	34.737	190	17	1.18e-22	105	poly(A) RNA polymerase GLD2 isoform X4 [Homo sapiens]	TRUE	TENT2
XP_014160402.1	XP_047272809.1	0	N/A	34.737	190	17	1.18e-22	105	poly(A) RNA polymerase GLD2 isoform X4 [Homo sapiens]	TRUE	TENT2
XP_014160402.1	NP_001375058.1	0	N/A	34.737	190	17	1.18e-22	105	poly(A) RNA polymerase GLD2 isoform 2 [Homo sapiens]	TRUE	TENT2
XP_014160402.1	NP_001375057.1	0	N/A	34.737	190	17	1.18e-22	105	poly(A) RNA polymerase GLD2 isoform 2 [Homo sapiens]	TRUE	TENT2
XP_014160402.1	NP_001375056.1	0	N/A	34.737	190	17	1.18e-22	105	poly(A) RNA polymerase GLD2 isoform 2 [Homo sapiens]	TRUE	TENT2
XP_014160402.1	NP_001375055.1	0	N/A	34.737	190	17	1.18e-22	105	poly(A) RNA polymerase GLD2 isoform 2 [Homo sapiens]	TRUE	TENT2
XP_014160402.1	NP_001375054.1	0	N/A	34.737	190	17	1.18e-22	105	poly(A) RNA polymerase GLD2 isoform 2 [Homo sapiens]	TRUE	TENT2
XP_014160402.1	NP_001375053.1	0	N/A	34.737	190	17	1.18e-22	105	poly(A) RNA polymerase GLD2 isoform 2 [Homo sapiens]	TRUE	TENT2
XP_014160402.1	NP_001375052.1	0	N/A	34.737	190	17	1.18e-22	105	poly(A) RNA polymerase GLD2 isoform 2 [Homo sapiens]	TRUE	TENT2
XP_014160402.1	NP_001375051.1	0	N/A	34.737	190	17	1.18e-22	105	poly(A) RNA polymerase GLD2 isoform 2 [Homo sapiens]	TRUE	TENT2
XP_014160402.1	NP_001375050.1	0	N/A	34.737	190	17	1.18e-22	105	poly(A) RNA polymerase GLD2 isoform 2 [Homo sapiens]	TRUE	TENT2
XP_014160402.1	NP_001375049.1	0	N/A	34.737	190	17	1.18e-22	105	poly(A) RNA polymerase GLD2 isoform 2 [Homo sapiens]	TRUE	TENT2
XP_014160402.1	NP_001375048.1	0	N/A	34.737	190	17	1.18e-22	105	poly(A) RNA polymerase GLD2 isoform 2 [Homo sapiens]	TRUE	TENT2
XP_014160402.1	NP_001375047.1	0	N/A	34.737	190	17	1.18e-22	105	poly(A) RNA polymerase GLD2 isoform 2 [Homo sapiens]	TRUE	TENT2
XP_014160402.1	NP_001375046.1	0	N/A	34.737	190	17	1.18e-22	105	poly(A) RNA polymerase GLD2 isoform 2 [Homo sapiens]	TRUE	TENT2
XP_014160402.1	NP_001375045.1	0	N/A	34.737	190	17	1.18e-22	105	poly(A) RNA polymerase GLD2 isoform 2 [Homo sapiens]	TRUE	TENT2
XP_014160402.1	NP_001375044.1	0	N/A	34.737	190	17	1.18e-22	105	poly(A) RNA polymerase GLD2 isoform 2 [Homo sapiens]	TRUE	TENT2
XP_014160402.1	NP_001375043.1	0	N/A	34.737	190	17	1.18e-22	105	poly(A) RNA polymerase GLD2 isoform 2 [Homo sapiens]	TRUE	TENT2
XP_014160402.1	NP_001336483.1	0	N/A	34.737	190	17	1.18e-22	105	poly(A) RNA polymerase GLD2 isoform 2 [Homo sapiens]	TRUE	TENT2
XP_014160402.1	NP_001284673.1	0	N/A	34.737	190	17	1.18e-22	105	poly(A) RNA polymerase GLD2 isoform 2 [Homo sapiens]	TRUE	TENT2
XP_014160402.1	NP_001375060.1	0	N/A	34.737	190	17	1.43e-22	104	poly(A) RNA polymerase GLD2 isoform 11 [Homo sapiens]	TRUE	TENT2
XP_014160402.1	NP_001375042.1	0	N/A	34.737	190	17	1.66e-22	105	poly(A) RNA polymerase GLD2 isoform 16 [Homo sapiens]	TRUE	TENT2
XP_014346366.1	NP_073741.3	0	N/A	36.494	559	74	5.32e-96	318	speckle targeted PIP5K1A-regulated poly(A) polymerase isoform 1 [Homo sapiens]	TRUE	Tut1
XP_014346366.1	NP_060579.3	0	N/A	31.557	469	66	4.75e-74	252	poly(A) RNA polymerase, mitochondrial precursor [Homo sapiens]	TRUE	mtPAP
XP_014346366.1	NP_001354835.1	0	N/A	50.758	132	19	4.01e-35	142	speckle targeted PIP5K1A-regulated poly(A) polymerase isoform 2 [Homo sapiens]	TRUE	Tut1
XP_014346366.1	NP_001317647.1	0	N/A	29.118	340	48	5.16e-32	135	terminal uridylyltransferase 7 isoform 3 [Homo sapiens]	TRUE	Tut7
XP_014346366.1	XP_016856292.1	0	N/A	29.846	325	45	6.62e-32	135	terminal uridylyltransferase 4 isoform X9 [Homo sapiens]	TRUE	Tut4
XP_014346366.1	XP_016870620.1	0	N/A	30.029	343	48	7.14e-32	135	terminal uridylyltransferase 7 isoform X4 [Homo sapiens]	TRUE	Tut7
XP_014346366.1	XP_016870619.1	0	N/A	30.029	343	48	7.14e-32	135	terminal uridylyltransferase 7 isoform X4 [Homo sapiens]	TRUE	Tut7
XP_014346366.1	NP_078893.2	0	N/A	30.029	343	48	7.14e-32	135	terminal uridylyltransferase 7 isoform 1 [Homo sapiens]	TRUE	Tut7
XP_014346366.1	NP_001171988.1	0	N/A	30.029	343	48	7.14e-32	135	terminal uridylyltransferase 7 isoform 1 [Homo sapiens]	TRUE	Tut7
XP_014346366.1	XP_047279823.1	0	N/A	30.029	343	48	7.19e-32	135	terminal uridylyltransferase 7 isoform X2 [Homo sapiens]	TRUE	Tut7
XP_014346366.1	XP_006717346.1	0	N/A	30.029	343	48	7.19e-32	135	terminal uridylyltransferase 7 isoform X2 [Homo sapiens]	TRUE	Tut7
XP_014346366.1	XP_047279825.1	0	N/A	30.029	343	48	7.62e-32	135	terminal uridylyltransferase 7 isoform X6 [Homo sapiens]	TRUE	Tut7
XP_014346366.1	XP_047279824.1	0	N/A	30.029	343	48	7.62e-32	135	terminal uridylyltransferase 7 isoform X6 [Homo sapiens]	TRUE	Tut7
XP_014346366.1	XP_005252264.1	0	N/A	30.029	343	48	7.62e-32	135	terminal uridylyltransferase 7 isoform X6 [Homo sapiens]	TRUE	Tut7
XP_014346366.1	XP_011539399.1	0	N/A	29.846	325	45	7.76e-32	135	terminal uridylyltransferase 4 isoform X1 [Homo sapiens]	TRUE	Tut4
XP_014346366.1	XP_005270733.1	0	N/A	29.846	325	45	7.76e-32	135	terminal uridylyltransferase 4 isoform X1 [Homo sapiens]	TRUE	Tut4
XP_014346366.1	XP_047272285.1	0	N/A	29.846	325	45	7.77e-32	135	terminal uridylyltransferase 4 isoform X7 [Homo sapiens]	TRUE	Tut4
XP_014346366.1	XP_011517316.1	0	N/A	29.118	340	48	7.81e-32	135	terminal uridylyltransferase 7 isoform X1 [Homo sapiens]	TRUE	Tut7
XP_014346366.1	XP_011517315.1	0	N/A	29.118	340	48	7.81e-32	135	terminal uridylyltransferase 7 isoform X1 [Homo sapiens]	TRUE	Tut7
XP_014346366.1	XP_011517314.1	0	N/A	29.118	340	48	7.81e-32	135	terminal uridylyltransferase 7 isoform X1 [Homo sapiens]	TRUE	Tut7
XP_014346366.1	XP_011517313.1	0	N/A	29.118	340	48	7.81e-32	135	terminal uridylyltransferase 7 isoform X1 [Homo sapiens]	TRUE	Tut7
XP_014346366.1	XP_047272282.1	0	N/A	29.846	325	45	7.81e-32	135	terminal uridylyltransferase 4 isoform X5 [Homo sapiens]	TRUE	Tut4
XP_014346366.1	NP_056084.1	0	N/A	29.846	325	45	7.81e-32	135	terminal uridylyltransferase 4 isoform b [Homo sapiens]	TRUE	Tut4
XP_014346366.1	XP_047272280.1	0	N/A	29.846	325	45	7.89e-32	135	terminal uridylyltransferase 4 isoform X3 [Homo sapiens]	TRUE	Tut4
XP_014346366.1	XP_005270736.1	0	N/A	29.846	325	45	7.89e-32	135	terminal uridylyltransferase 4 isoform X3 [Homo sapiens]	TRUE	Tut4
XP_014346366.1	XP_047272283.1	0	N/A	29.846	325	45	7.94e-32	135	terminal uridylyltransferase 4 isoform X6 [Homo sapiens]	TRUE	Tut4
XP_014346366.1	XP_005270737.1	0	N/A	29.846	325	45	7.94e-32	135	terminal uridylyltransferase 4 isoform X6 [Homo sapiens]	TRUE	Tut4
XP_014346366.1	XP_047272288.1	0	N/A	29.846	325	45	7.96e-32	135	terminal uridylyltransferase 4 isoform X10 [Homo sapiens]	TRUE	Tut4
XP_014346366.1	XP_016856293.1	0	N/A	29.846	325	45	8.02e-32	135	terminal uridylyltransferase 4 isoform X16 [Homo sapiens]	TRUE	Tut4
XP_014346366.1	XP_047272281.1	0	N/A	29.846	325	45	8.17e-32	135	terminal uridylyltransferase 4 isoform X4 [Homo sapiens]	TRUE	Tut4
XP_014346366.1	NP_001009881.1	0	N/A	29.846	325	45	8.17e-32	135	terminal uridylyltransferase 4 isoform a [Homo sapiens]	TRUE	Tut4
XP_014346366.1	XP_011517318.1	0	N/A	30.029	343	48	8.5e-32	135	terminal uridylyltransferase 7 isoform X5 [Homo sapiens]	TRUE	Tut7
XP_014346366.1	XP_005270735.1	0	N/A	29.846	325	45	8.55e-32	135	terminal uridylyltransferase 4 isoform X2 [Homo sapiens]	TRUE	Tut4
XP_014346366.1	XP_011517317.1	0	N/A	29.118	340	48	9.18e-32	135	terminal uridylyltransferase 7 isoform X3 [Homo sapiens]	TRUE	Tut7
XP_014346366.1	XP_005252265.1	0	N/A	29.118	340	48	9.55e-32	135	terminal uridylyltransferase 7 isoform X7 [Homo sapiens]	TRUE	Tut7
XP_014346366.1	XP_005270739.1	0	N/A	29.846	325	45	1.01e-31	135	terminal uridylyltransferase 4 isoform X33 [Homo sapiens]	TRUE	Tut4
XP_014346366.1	XP_016856297.1	0	N/A	29.846	325	45	1.05e-31	135	terminal uridylyltransferase 4 isoform X36 [Homo sapiens]	TRUE	Tut4
XP_014346366.1	XP_047272345.1	0	N/A	29.846	325	45	1.05e-31	135	terminal uridylyltransferase 4 isoform X31 [Homo sapiens]	TRUE	Tut4
XP_014346366.1	XP_016856295.1	0	N/A	29.846	325	45	1.13e-31	135	terminal uridylyltransferase 4 isoform X25 [Homo sapiens]	TRUE	Tut4
XP_014346366.1	XP_016856299.1	0	N/A	29.846	325	45	1.19e-31	135	terminal uridylyltransferase 4 isoform X40 [Homo sapiens]	TRUE	Tut4
XP_014346366.1	XP_011539401.1	0	N/A	29.846	325	45	1.24e-31	135	terminal uridylyltransferase 4 isoform X29 [Homo sapiens]	TRUE	Tut4
XP_014346366.1	XP_047272337.1	0	N/A	29.846	325	45	1.29e-31	135	terminal uridylyltransferase 4 isoform X27 [Homo sapiens]	TRUE	Tut4
XP_014346366.1	XP_047272325.1	0	N/A	29.846	325	45	1.3e-31	135	terminal uridylyltransferase 4 isoform X23 [Homo sapiens]	TRUE	Tut4
XP_014346366.1	XP_016856296.1	0	N/A	29.846	325	45	1.37e-31	135	terminal uridylyltransferase 4 isoform X28 [Homo sapiens]	TRUE	Tut4
XP_014346366.1	XP_047272365.1	0	N/A	29.846	325	45	1.44e-31	134	terminal uridylyltransferase 4 isoform X38 [Homo sapiens]	TRUE	Tut4
XP_014346366.1	XP_047272295.1	0	N/A	28.916	332	46	3.62e-31	133	terminal uridylyltransferase 4 isoform X12 [Homo sapiens]	TRUE	Tut4
XP_014346366.1	XP_047272296.1	0	N/A	28.916	332	46	3.68e-31	133	terminal uridylyltransferase 4 isoform X13 [Homo sapiens]	TRUE	Tut4
XP_014346366.1	XP_047272384.1	0	N/A	29.846	325	45	3.77e-31	133	terminal uridylyltransferase 4 isoform X46 [Homo sapiens]	TRUE	Tut4
XP_014346366.1	XP_047272305.1	0	N/A	28.916	332	46	3.81e-31	133	terminal uridylyltransferase 4 isoform X17 [Homo sapiens]	TRUE	Tut4
XP_014346366.1	XP_047272286.1	0	N/A	28.916	332	46	3.86e-31	133	terminal uridylyltransferase 4 isoform X8 [Homo sapiens]	TRUE	Tut4
XP_014346366.1	XP_047272290.1	0	N/A	28.916	332	46	4.1e-31	133	terminal uridylyltransferase 4 isoform X11 [Homo sapiens]	TRUE	Tut4
XP_014346366.1	XP_047272350.1	0	N/A	28.916	332	46	4.49e-31	133	terminal uridylyltransferase 4 isoform X34 [Homo sapiens]	TRUE	Tut4
XP_014346366.1	XP_047272372.1	0	N/A	28.916	332	46	5.24e-31	133	terminal uridylyltransferase 4 isoform X42 [Homo sapiens]	TRUE	Tut4
XP_014346366.1	XP_047272344.1	0	N/A	28.916	332	46	5.37e-31	133	terminal uridylyltransferase 4 isoform X30 [Homo sapiens]	TRUE	Tut4
XP_014346366.1	NP_001172003.1	0	N/A	32.9	231	32	1.39e-27	122	terminal uridylyltransferase 7 isoform 2 [Homo sapiens]	TRUE	Tut7
XP_014346366.1	XP_047272801.1	0	N/A	29.155	343	48	1.44e-27	119	poly(A) RNA polymerase GLD2 isoform X1 [Homo sapiens]	TRUE	TENT2
XP_014346366.1	XP_047272800.1	0	N/A	29.155	343	48	1.44e-27	119	poly(A) RNA polymerase GLD2 isoform X1 [Homo sapiens]	TRUE	TENT2
XP_014346366.1	XP_011541527.1	0	N/A	29.155	343	48	1.44e-27	119	poly(A) RNA polymerase GLD2 isoform X1 [Homo sapiens]	TRUE	TENT2
XP_014346366.1	XP_011541526.1	0	N/A	29.155	343	48	1.44e-27	119	poly(A) RNA polymerase GLD2 isoform X1 [Homo sapiens]	TRUE	TENT2
XP_014346366.1	XP_011541523.1	0	N/A	29.155	343	48	1.44e-27	119	poly(A) RNA polymerase GLD2 isoform X1 [Homo sapiens]	TRUE	TENT2
XP_014346366.1	XP_011541522.1	0	N/A	29.155	343	48	1.44e-27	119	poly(A) RNA polymerase GLD2 isoform X1 [Homo sapiens]	TRUE	TENT2
XP_014346366.1	NP_001375023.1	0	N/A	29.155	343	48	1.44e-27	119	poly(A) RNA polymerase GLD2 isoform 5 [Homo sapiens]	TRUE	TENT2
XP_014346366.1	NP_001375022.1	0	N/A	29.155	343	48	1.44e-27	119	poly(A) RNA polymerase GLD2 isoform 5 [Homo sapiens]	TRUE	TENT2
XP_014346366.1	NP_001336479.1	0	N/A	29.155	343	48	1.44e-27	119	poly(A) RNA polymerase GLD2 isoform 5 [Homo sapiens]	TRUE	TENT2
XP_014346366.1	NP_001336478.1	0	N/A	29.155	343	48	1.44e-27	119	poly(A) RNA polymerase GLD2 isoform 5 [Homo sapiens]	TRUE	TENT2
XP_014346366.1	XP_047272805.1	0	N/A	28.655	342	48	3.17e-26	115	poly(A) RNA polymerase GLD2 isoform X2 [Homo sapiens]	TRUE	TENT2
XP_014346366.1	XP_047272804.1	0	N/A	28.655	342	48	3.17e-26	115	poly(A) RNA polymerase GLD2 isoform X2 [Homo sapiens]	TRUE	TENT2
XP_014346366.1	XP_047272803.1	0	N/A	28.655	342	48	3.17e-26	115	poly(A) RNA polymerase GLD2 isoform X2 [Homo sapiens]	TRUE	TENT2
XP_014346366.1	XP_047272802.1	0	N/A	28.655	342	48	3.17e-26	115	poly(A) RNA polymerase GLD2 isoform X2 [Homo sapiens]	TRUE	TENT2
XP_014346366.1	XP_016864641.1	0	N/A	28.655	342	48	3.17e-26	115	poly(A) RNA polymerase GLD2 isoform X2 [Homo sapiens]	TRUE	TENT2
XP_014346366.1	NP_001375026.1	0	N/A	28.655	342	48	3.17e-26	115	poly(A) RNA polymerase GLD2 isoform 6 [Homo sapiens]	TRUE	TENT2
XP_014346366.1	NP_001375025.1	0	N/A	28.655	342	48	3.17e-26	115	poly(A) RNA polymerase GLD2 isoform 6 [Homo sapiens]	TRUE	TENT2
XP_014346366.1	NP_001375024.1	0	N/A	28.655	342	48	3.17e-26	115	poly(A) RNA polymerase GLD2 isoform 6 [Homo sapiens]	TRUE	TENT2
XP_014346366.1	NP_001336480.1	0	N/A	28.655	342	48	3.17e-26	115	poly(A) RNA polymerase GLD2 isoform 6 [Homo sapiens]	TRUE	TENT2
XP_014346366.1	NP_001375065.1	0	N/A	28.947	342	48	3.2e-26	113	poly(A) RNA polymerase GLD2 isoform 14 [Homo sapiens]	TRUE	TENT2
XP_014346366.1	NP_001375027.1	0	N/A	28.655	342	48	3.23e-26	115	poly(A) RNA polymerase GLD2 isoform 7 [Homo sapiens]	TRUE	TENT2
XP_014346366.1	NP_001375060.1	0	N/A	28.863	343	48	3.45e-26	114	poly(A) RNA polymerase GLD2 isoform 11 [Homo sapiens]	TRUE	TENT2
XP_014346366.1	XP_047272808.1	0	N/A	28.863	343	48	4.9e-26	114	poly(A) RNA polymerase GLD2 isoform X3 [Homo sapiens]	TRUE	TENT2
XP_014346366.1	XP_047272807.1	0	N/A	28.863	343	48	4.9e-26	114	poly(A) RNA polymerase GLD2 isoform X3 [Homo sapiens]	TRUE	TENT2
XP_014346366.1	XP_047272806.1	0	N/A	28.863	343	48	4.9e-26	114	poly(A) RNA polymerase GLD2 isoform X3 [Homo sapiens]	TRUE	TENT2
XP_014346366.1	NP_776158.2	0	N/A	28.863	343	48	4.9e-26	114	poly(A) RNA polymerase GLD2 isoform 1 [Homo sapiens]	TRUE	TENT2
XP_014346366.1	NP_001375041.1	0	N/A	28.863	343	48	4.9e-26	114	poly(A) RNA polymerase GLD2 isoform 1 [Homo sapiens]	TRUE	TENT2
XP_014346366.1	NP_001375040.1	0	N/A	28.863	343	48	4.9e-26	114	poly(A) RNA polymerase GLD2 isoform 1 [Homo sapiens]	TRUE	TENT2
XP_014346366.1	NP_001375039.1	0	N/A	28.863	343	48	4.9e-26	114	poly(A) RNA polymerase GLD2 isoform 1 [Homo sapiens]	TRUE	TENT2
XP_014346366.1	NP_001375038.1	0	N/A	28.863	343	48	4.9e-26	114	poly(A) RNA polymerase GLD2 isoform 1 [Homo sapiens]	TRUE	TENT2
XP_014346366.1	NP_001375037.1	0	N/A	28.863	343	48	4.9e-26	114	poly(A) RNA polymerase GLD2 isoform 1 [Homo sapiens]	TRUE	TENT2
XP_014346366.1	NP_001375036.1	0	N/A	28.863	343	48	4.9e-26	114	poly(A) RNA polymerase GLD2 isoform 1 [Homo sapiens]	TRUE	TENT2
XP_014346366.1	NP_001375035.1	0	N/A	28.863	343	48	4.9e-26	114	poly(A) RNA polymerase GLD2 isoform 1 [Homo sapiens]	TRUE	TENT2
XP_014346366.1	NP_001375034.1	0	N/A	28.863	343	48	4.9e-26	114	poly(A) RNA polymerase GLD2 isoform 1 [Homo sapiens]	TRUE	TENT2
XP_014346366.1	NP_001375032.1	0	N/A	28.863	343	48	4.9e-26	114	poly(A) RNA polymerase GLD2 isoform 1 [Homo sapiens]	TRUE	TENT2
XP_014346366.1	NP_001375031.1	0	N/A	28.863	343	48	4.9e-26	114	poly(A) RNA polymerase GLD2 isoform 1 [Homo sapiens]	TRUE	TENT2
XP_014346366.1	NP_001336482.1	0	N/A	28.863	343	48	4.9e-26	114	poly(A) RNA polymerase GLD2 isoform 1 [Homo sapiens]	TRUE	TENT2
XP_014346366.1	NP_001336481.1	0	N/A	28.863	343	48	4.9e-26	114	poly(A) RNA polymerase GLD2 isoform 1 [Homo sapiens]	TRUE	TENT2
XP_014346366.1	NP_001107866.1	0	N/A	28.863	343	48	4.9e-26	114	poly(A) RNA polymerase GLD2 isoform 1 [Homo sapiens]	TRUE	TENT2
XP_014346366.1	NP_001107865.1	0	N/A	28.863	343	48	4.9e-26	114	poly(A) RNA polymerase GLD2 isoform 1 [Homo sapiens]	TRUE	TENT2
XP_014346366.1	NP_001375042.1	0	N/A	28.863	343	48	4.98e-26	114	poly(A) RNA polymerase GLD2 isoform 16 [Homo sapiens]	TRUE	TENT2
XP_014346366.1	NP_001375061.1	0	N/A	28.947	342	48	1.15e-25	113	poly(A) RNA polymerase GLD2 isoform 12 [Homo sapiens]	TRUE	TENT2
XP_014346366.1	NP_001375059.1	0	N/A	28.947	342	48	1.67e-25	113	poly(A) RNA polymerase GLD2 isoform 10 [Homo sapiens]	TRUE	TENT2
XP_014346366.1	XP_047272811.1	0	N/A	28.947	342	48	1.96e-25	112	poly(A) RNA polymerase GLD2 isoform X4 [Homo sapiens]	TRUE	TENT2
XP_014346366.1	XP_047272810.1	0	N/A	28.947	342	48	1.96e-25	112	poly(A) RNA polymerase GLD2 isoform X4 [Homo sapiens]	TRUE	TENT2
XP_014664767.1	XP_047272377.1	0	N/A	50.855	234	20	2.8e-60	229	terminal uridylyltransferase 4 isoform X44 [Homo sapiens]	TRUE	Tut4
XP_014664767.1	XP_047272336.1	0	N/A	50.855	234	20	3.13e-60	229	terminal uridylyltransferase 4 isoform X26 [Homo sapiens]	TRUE	Tut4
XP_014664767.1	XP_047272373.1	0	N/A	50.855	234	20	3.18e-60	229	terminal uridylyltransferase 4 isoform X43 [Homo sapiens]	TRUE	Tut4
XP_014664767.1	XP_047272367.1	0	N/A	50.855	234	20	3.48e-60	229	terminal uridylyltransferase 4 isoform X39 [Homo sapiens]	TRUE	Tut4
XP_014664767.1	XP_047272327.1	0	N/A	50.855	234	20	3.61e-60	229	terminal uridylyltransferase 4 isoform X24 [Homo sapiens]	TRUE	Tut4
XP_014664767.1	XP_047272320.1	0	N/A	50.855	234	20	3.71e-60	229	terminal uridylyltransferase 4 isoform X22 [Homo sapiens]	TRUE	Tut4
XP_014664767.1	XP_047272369.1	0	N/A	50.855	234	20	3.74e-60	229	terminal uridylyltransferase 4 isoform X41 [Homo sapiens]	TRUE	Tut4
XP_014664767.1	XP_047272311.1	0	N/A	50.855	234	20	3.77e-60	229	terminal uridylyltransferase 4 isoform X21 [Homo sapiens]	TRUE	Tut4
XP_014664767.1	XP_047272354.1	0	N/A	50.855	234	20	3.92e-60	229	terminal uridylyltransferase 4 isoform X35 [Homo sapiens]	TRUE	Tut4
XP_014664767.1	XP_016856294.1	0	N/A	50.855	234	20	4.16e-60	229	terminal uridylyltransferase 4 isoform X20 [Homo sapiens]	TRUE	Tut4
XP_014664767.1	XP_047272362.1	0	N/A	50.855	234	20	4.2e-60	229	terminal uridylyltransferase 4 isoform X37 [Homo sapiens]	TRUE	Tut4
XP_014664767.1	XP_047272348.1	0	N/A	50.855	234	20	4.62e-60	229	terminal uridylyltransferase 4 isoform X32 [Homo sapiens]	TRUE	Tut4
XP_014664767.1	XP_047272307.1	0	N/A	50.855	234	20	4.64e-60	229	terminal uridylyltransferase 4 isoform X19 [Homo sapiens]	TRUE	Tut4
XP_014664767.1	XP_047272303.1	0	N/A	50.855	234	20	4.71e-60	229	terminal uridylyltransferase 4 isoform X15 [Homo sapiens]	TRUE	Tut4
XP_014664767.1	XP_005270738.1	0	N/A	50.855	234	20	4.75e-60	229	terminal uridylyltransferase 4 isoform X14 [Homo sapiens]	TRUE	Tut4
XP_014664767.1	XP_047272306.1	0	N/A	50.855	234	20	4.78e-60	229	terminal uridylyltransferase 4 isoform X18 [Homo sapiens]	TRUE	Tut4
XP_014664767.1	XP_047272384.1	0	N/A	52.294	218	18	6.09e-60	225	terminal uridylyltransferase 4 isoform X46 [Homo sapiens]	TRUE	Tut4
XP_014664767.1	XP_047272365.1	0	N/A	52.294	218	18	1.18e-59	227	terminal uridylyltransferase 4 isoform X38 [Homo sapiens]	TRUE	Tut4
XP_014664767.1	XP_016856293.1	0	N/A	52.294	218	18	1.31e-59	227	terminal uridylyltransferase 4 isoform X16 [Homo sapiens]	TRUE	Tut4
XP_014664767.1	XP_016856299.1	0	N/A	52.294	218	18	1.32e-59	227	terminal uridylyltransferase 4 isoform X40 [Homo sapiens]	TRUE	Tut4
XP_014664767.1	XP_011539401.1	0	N/A	52.294	218	18	1.37e-59	227	terminal uridylyltransferase 4 isoform X29 [Homo sapiens]	TRUE	Tut4
XP_014664767.1	XP_047272345.1	0	N/A	52.294	218	18	1.37e-59	227	terminal uridylyltransferase 4 isoform X31 [Homo sapiens]	TRUE	Tut4
XP_014664767.1	XP_047272285.1	0	N/A	52.294	218	18	1.42e-59	227	terminal uridylyltransferase 4 isoform X7 [Homo sapiens]	TRUE	Tut4
XP_014664767.1	XP_016856297.1	0	N/A	52.294	218	18	1.44e-59	227	terminal uridylyltransferase 4 isoform X36 [Homo sapiens]	TRUE	Tut4
XP_014664767.1	XP_016856292.1	0	N/A	52.294	218	18	1.46e-59	227	terminal uridylyltransferase 4 isoform X9 [Homo sapiens]	TRUE	Tut4
XP_014664767.1	XP_005270739.1	0	N/A	52.294	218	18	1.47e-59	227	terminal uridylyltransferase 4 isoform X33 [Homo sapiens]	TRUE	Tut4
XP_014664767.1	XP_047272288.1	0	N/A	52.294	218	18	1.49e-59	227	terminal uridylyltransferase 4 isoform X10 [Homo sapiens]	TRUE	Tut4
XP_014664767.1	XP_047272280.1	0	N/A	52.294	218	18	1.53e-59	227	terminal uridylyltransferase 4 isoform X3 [Homo sapiens]	TRUE	Tut4
XP_014664767.1	XP_005270736.1	0	N/A	52.294	218	18	1.53e-59	227	terminal uridylyltransferase 4 isoform X3 [Homo sapiens]	TRUE	Tut4
XP_014664767.1	XP_047272283.1	0	N/A	52.294	218	18	1.57e-59	227	terminal uridylyltransferase 4 isoform X6 [Homo sapiens]	TRUE	Tut4
XP_014664767.1	XP_005270737.1	0	N/A	52.294	218	18	1.57e-59	227	terminal uridylyltransferase 4 isoform X6 [Homo sapiens]	TRUE	Tut4
XP_014664767.1	XP_016856295.1	0	N/A	52.294	218	18	1.58e-59	227	terminal uridylyltransferase 4 isoform X25 [Homo sapiens]	TRUE	Tut4
XP_014664767.1	XP_047272281.1	0	N/A	52.294	218	18	1.59e-59	227	terminal uridylyltransferase 4 isoform X4 [Homo sapiens]	TRUE	Tut4
XP_014664767.1	NP_001009881.1	0	N/A	52.294	218	18	1.59e-59	227	terminal uridylyltransferase 4 isoform a [Homo sapiens]	TRUE	Tut4
XP_014664767.1	XP_047272337.1	0	N/A	52.294	218	18	1.6e-59	227	terminal uridylyltransferase 4 isoform X27 [Homo sapiens]	TRUE	Tut4
XP_014664767.1	XP_011539399.1	0	N/A	52.294	218	18	1.62e-59	227	terminal uridylyltransferase 4 isoform X1 [Homo sapiens]	TRUE	Tut4
XP_014664767.1	XP_005270733.1	0	N/A	52.294	218	18	1.62e-59	227	terminal uridylyltransferase 4 isoform X1 [Homo sapiens]	TRUE	Tut4
XP_014664767.1	XP_016856296.1	0	N/A	52.294	218	18	1.62e-59	227	terminal uridylyltransferase 4 isoform X28 [Homo sapiens]	TRUE	Tut4
XP_014664767.1	XP_047272282.1	0	N/A	52.294	218	18	1.71e-59	227	terminal uridylyltransferase 4 isoform X5 [Homo sapiens]	TRUE	Tut4
XP_014664767.1	NP_056084.1	0	N/A	52.294	218	18	1.71e-59	227	terminal uridylyltransferase 4 isoform b [Homo sapiens]	TRUE	Tut4
XP_014664767.1	XP_005270735.1	0	N/A	52.294	218	18	2.03e-59	227	terminal uridylyltransferase 4 isoform X2 [Homo sapiens]	TRUE	Tut4
XP_014664767.1	XP_047272325.1	0	N/A	52.294	218	18	2.11e-59	226	terminal uridylyltransferase 4 isoform X23 [Homo sapiens]	TRUE	Tut4
XP_014664767.1	XP_047272372.1	0	N/A	49.77	217	18	3.82e-52	203	terminal uridylyltransferase 4 isoform X42 [Homo sapiens]	TRUE	Tut4
XP_014664767.1	XP_047272286.1	0	N/A	49.77	217	18	5.03e-52	203	terminal uridylyltransferase 4 isoform X8 [Homo sapiens]	TRUE	Tut4
XP_014664767.1	XP_047272295.1	0	N/A	49.77	217	18	5.18e-52	203	terminal uridylyltransferase 4 isoform X12 [Homo sapiens]	TRUE	Tut4
XP_014664767.1	XP_047272305.1	0	N/A	49.77	217	18	5.26e-52	203	terminal uridylyltransferase 4 isoform X17 [Homo sapiens]	TRUE	Tut4
XP_014664767.1	XP_047272296.1	0	N/A	49.77	217	18	5.32e-52	203	terminal uridylyltransferase 4 isoform X13 [Homo sapiens]	TRUE	Tut4
XP_014664767.1	XP_047272290.1	0	N/A	49.77	217	18	5.33e-52	203	terminal uridylyltransferase 4 isoform X11 [Homo sapiens]	TRUE	Tut4
XP_014664767.1	XP_047272344.1	0	N/A	49.77	217	18	5.82e-52	203	terminal uridylyltransferase 4 isoform X30 [Homo sapiens]	TRUE	Tut4
XP_014664767.1	XP_047272350.1	0	N/A	49.77	217	18	5.87e-52	203	terminal uridylyltransferase 4 isoform X34 [Homo sapiens]	TRUE	Tut4
XP_014664767.1	NP_001317647.1	0	N/A	46.296	216	18	9.11e-52	198	terminal uridylyltransferase 7 isoform 3 [Homo sapiens]	TRUE	Tut7
XP_014664767.1	XP_047279823.1	0	N/A	46.296	216	18	4.29e-51	200	terminal uridylyltransferase 7 isoform X2 [Homo sapiens]	TRUE	Tut7
XP_014664767.1	XP_006717346.1	0	N/A	46.296	216	18	4.29e-51	200	terminal uridylyltransferase 7 isoform X2 [Homo sapiens]	TRUE	Tut7
XP_014664767.1	XP_016870620.1	0	N/A	46.296	216	18	4.46e-51	200	terminal uridylyltransferase 7 isoform X4 [Homo sapiens]	TRUE	Tut7
XP_014664767.1	XP_016870619.1	0	N/A	46.296	216	18	4.46e-51	200	terminal uridylyltransferase 7 isoform X4 [Homo sapiens]	TRUE	Tut7
XP_014664767.1	NP_078893.2	0	N/A	46.296	216	18	4.46e-51	200	terminal uridylyltransferase 7 isoform 1 [Homo sapiens]	TRUE	Tut7
XP_014664767.1	NP_001171988.1	0	N/A	46.296	216	18	4.46e-51	200	terminal uridylyltransferase 7 isoform 1 [Homo sapiens]	TRUE	Tut7
XP_014664767.1	XP_005252265.1	0	N/A	46.296	216	18	5.06e-51	199	terminal uridylyltransferase 7 isoform X7 [Homo sapiens]	TRUE	Tut7
XP_014664767.1	XP_047279825.1	0	N/A	46.296	216	18	5.18e-51	200	terminal uridylyltransferase 7 isoform X6 [Homo sapiens]	TRUE	Tut7
XP_014664767.1	XP_047279824.1	0	N/A	46.296	216	18	5.18e-51	200	terminal uridylyltransferase 7 isoform X6 [Homo sapiens]	TRUE	Tut7
XP_014664767.1	XP_005252264.1	0	N/A	46.296	216	18	5.18e-51	200	terminal uridylyltransferase 7 isoform X6 [Homo sapiens]	TRUE	Tut7
XP_014664767.1	XP_011517317.1	0	N/A	46.296	216	18	5.26e-51	200	terminal uridylyltransferase 7 isoform X3 [Homo sapiens]	TRUE	Tut7
XP_014664767.1	XP_011517318.1	0	N/A	46.296	216	18	5.56e-51	199	terminal uridylyltransferase 7 isoform X5 [Homo sapiens]	TRUE	Tut7
XP_014664767.1	XP_011517316.1	0	N/A	46.296	216	18	5.85e-51	199	terminal uridylyltransferase 7 isoform X1 [Homo sapiens]	TRUE	Tut7
XP_014664767.1	XP_011517315.1	0	N/A	46.296	216	18	5.85e-51	199	terminal uridylyltransferase 7 isoform X1 [Homo sapiens]	TRUE	Tut7
XP_014664767.1	XP_011517314.1	0	N/A	46.296	216	18	5.85e-51	199	terminal uridylyltransferase 7 isoform X1 [Homo sapiens]	TRUE	Tut7
XP_014664767.1	XP_011517313.1	0	N/A	46.296	216	18	5.85e-51	199	terminal uridylyltransferase 7 isoform X1 [Homo sapiens]	TRUE	Tut7
XP_014664767.1	NP_001172003.1	0	N/A	50.725	138	12	4.44e-38	158	terminal uridylyltransferase 7 isoform 2 [Homo sapiens]	TRUE	Tut7
XP_014664767.1	XP_016856307.1	0	N/A	42.969	128	11	1.6e-26	120	terminal uridylyltransferase 4 isoform X45 [Homo sapiens]	TRUE	Tut4
XP_014664767.1	NP_001375065.1	0	N/A	34.395	157	13	4.26e-15	80.9	poly(A) RNA polymerase GLD2 isoform 14 [Homo sapiens]	TRUE	TENT2
XP_014664767.1	XP_047272811.1	0	N/A	34.591	159	13	7.4e-15	81.3	poly(A) RNA polymerase GLD2 isoform X4 [Homo sapiens]	TRUE	TENT2
XP_014664767.1	XP_047272810.1	0	N/A	34.591	159	13	7.4e-15	81.3	poly(A) RNA polymerase GLD2 isoform X4 [Homo sapiens]	TRUE	TENT2
XP_014664767.1	XP_047272809.1	0	N/A	34.591	159	13	7.4e-15	81.3	poly(A) RNA polymerase GLD2 isoform X4 [Homo sapiens]	TRUE	TENT2
XP_014664767.1	NP_001375058.1	0	N/A	34.591	159	13	7.4e-15	81.3	poly(A) RNA polymerase GLD2 isoform 2 [Homo sapiens]	TRUE	TENT2
XP_014664767.1	NP_001375057.1	0	N/A	34.591	159	13	7.4e-15	81.3	poly(A) RNA polymerase GLD2 isoform 2 [Homo sapiens]	TRUE	TENT2
XP_014664767.1	NP_001375056.1	0	N/A	34.591	159	13	7.4e-15	81.3	poly(A) RNA polymerase GLD2 isoform 2 [Homo sapiens]	TRUE	TENT2
XP_014664767.1	NP_001375055.1	0	N/A	34.591	159	13	7.4e-15	81.3	poly(A) RNA polymerase GLD2 isoform 2 [Homo sapiens]	TRUE	TENT2
XP_014664767.1	NP_001375054.1	0	N/A	34.591	159	13	7.4e-15	81.3	poly(A) RNA polymerase GLD2 isoform 2 [Homo sapiens]	TRUE	TENT2
XP_014664767.1	NP_001375053.1	0	N/A	34.591	159	13	7.4e-15	81.3	poly(A) RNA polymerase GLD2 isoform 2 [Homo sapiens]	TRUE	TENT2
XP_014664767.1	NP_001375052.1	0	N/A	34.591	159	13	7.4e-15	81.3	poly(A) RNA polymerase GLD2 isoform 2 [Homo sapiens]	TRUE	TENT2
XP_014664767.1	NP_001375051.1	0	N/A	34.591	159	13	7.4e-15	81.3	poly(A) RNA polymerase GLD2 isoform 2 [Homo sapiens]	TRUE	TENT2
XP_014664767.1	NP_001375050.1	0	N/A	34.591	159	13	7.4e-15	81.3	poly(A) RNA polymerase GLD2 isoform 2 [Homo sapiens]	TRUE	TENT2
XP_014664767.1	NP_001375049.1	0	N/A	34.591	159	13	7.4e-15	81.3	poly(A) RNA polymerase GLD2 isoform 2 [Homo sapiens]	TRUE	TENT2
XP_014664767.1	NP_001375048.1	0	N/A	34.591	159	13	7.4e-15	81.3	poly(A) RNA polymerase GLD2 isoform 2 [Homo sapiens]	TRUE	TENT2
XP_014664767.1	NP_001375047.1	0	N/A	34.591	159	13	7.4e-15	81.3	poly(A) RNA polymerase GLD2 isoform 2 [Homo sapiens]	TRUE	TENT2
XP_014664767.1	NP_001375046.1	0	N/A	34.591	159	13	7.4e-15	81.3	poly(A) RNA polymerase GLD2 isoform 2 [Homo sapiens]	TRUE	TENT2
XP_014664767.1	NP_001375045.1	0	N/A	34.591	159	13	7.4e-15	81.3	poly(A) RNA polymerase GLD2 isoform 2 [Homo sapiens]	TRUE	TENT2
XP_014664767.1	NP_001375044.1	0	N/A	34.591	159	13	7.4e-15	81.3	poly(A) RNA polymerase GLD2 isoform 2 [Homo sapiens]	TRUE	TENT2
XP_014664767.1	NP_001375043.1	0	N/A	34.591	159	13	7.4e-15	81.3	poly(A) RNA polymerase GLD2 isoform 2 [Homo sapiens]	TRUE	TENT2
XP_014664767.1	NP_001336483.1	0	N/A	34.591	159	13	7.4e-15	81.3	poly(A) RNA polymerase GLD2 isoform 2 [Homo sapiens]	TRUE	TENT2
XP_014664767.1	NP_001284673.1	0	N/A	34.591	159	13	7.4e-15	81.3	poly(A) RNA polymerase GLD2 isoform 2 [Homo sapiens]	TRUE	TENT2
XP_014664767.1	NP_001375059.1	0	N/A	34.591	159	13	7.9e-15	81.3	poly(A) RNA polymerase GLD2 isoform 10 [Homo sapiens]	TRUE	TENT2
XP_014664767.1	NP_001375061.1	0	N/A	34.395	157	13	8.34e-15	80.9	poly(A) RNA polymerase GLD2 isoform 12 [Homo sapiens]	TRUE	TENT2
XP_014664767.1	XP_047279826.1	0	N/A	33.01	103	9	3.8e-14	80.1	terminal uridylyltransferase 7 isoform X8 [Homo sapiens]	TRUE	Tut7
XP_014664767.1	XP_047272818.1	0	N/A	37.302	126	10	4.48e-14	77.4	poly(A) RNA polymerase GLD2 isoform X10 [Homo sapiens]	TRUE	TENT2
XP_014664767.1	NP_001375030.1	0	N/A	36.301	146	12	5.97e-14	78.6	poly(A) RNA polymerase GLD2 isoform 9 [Homo sapiens]	TRUE	TENT2
XP_014664767.1	XP_047272808.1	0	N/A	33.562	146	12	6.94e-14	78.2	poly(A) RNA polymerase GLD2 isoform X3 [Homo sapiens]	TRUE	TENT2
XP_014664767.1	XP_047272807.1	0	N/A	33.562	146	12	6.94e-14	78.2	poly(A) RNA polymerase GLD2 isoform X3 [Homo sapiens]	TRUE	TENT2
XP_014664767.1	XP_047272806.1	0	N/A	33.562	146	12	6.94e-14	78.2	poly(A) RNA polymerase GLD2 isoform X3 [Homo sapiens]	TRUE	TENT2
XP_014664767.1	NP_776158.2	0	N/A	33.562	146	12	6.94e-14	78.2	poly(A) RNA polymerase GLD2 isoform 1 [Homo sapiens]	TRUE	TENT2
XP_014664775.1	XP_016856296.1	0	N/A	34.332	367	57	6.84e-66	237	terminal uridylyltransferase 4 isoform X28 [Homo sapiens]	TRUE	Tut4
XP_014664775.1	XP_047272344.1	0	N/A	34.332	367	57	7e-66	237	terminal uridylyltransferase 4 isoform X30 [Homo sapiens]	TRUE	Tut4
XP_014664775.1	XP_016856295.1	0	N/A	34.332	367	57	7.68e-66	237	terminal uridylyltransferase 4 isoform X25 [Homo sapiens]	TRUE	Tut4
XP_014664775.1	XP_047272367.1	0	N/A	34.332	367	57	7.69e-66	237	terminal uridylyltransferase 4 isoform X39 [Homo sapiens]	TRUE	Tut4
XP_014664775.1	XP_047272325.1	0	N/A	34.332	367	57	7.84e-66	237	terminal uridylyltransferase 4 isoform X23 [Homo sapiens]	TRUE	Tut4
XP_014664775.1	XP_047272337.1	0	N/A	34.332	367	57	7.89e-66	237	terminal uridylyltransferase 4 isoform X27 [Homo sapiens]	TRUE	Tut4
XP_014664775.1	XP_047272362.1	0	N/A	34.332	367	57	8.15e-66	237	terminal uridylyltransferase 4 isoform X37 [Homo sapiens]	TRUE	Tut4
XP_014664775.1	XP_047272354.1	0	N/A	34.332	367	57	8.15e-66	237	terminal uridylyltransferase 4 isoform X35 [Homo sapiens]	TRUE	Tut4
XP_014664775.1	XP_047272350.1	0	N/A	34.332	367	57	8.89e-66	237	terminal uridylyltransferase 4 isoform X34 [Homo sapiens]	TRUE	Tut4
XP_014664775.1	XP_047272348.1	0	N/A	34.332	367	57	9.07e-66	237	terminal uridylyltransferase 4 isoform X32 [Homo sapiens]	TRUE	Tut4
XP_014664775.1	XP_047272369.1	0	N/A	31.608	367	57	1.45e-51	195	terminal uridylyltransferase 4 isoform X41 [Homo sapiens]	TRUE	Tut4
XP_014664775.1	XP_047272345.1	0	N/A	31.608	367	57	1.49e-51	195	terminal uridylyltransferase 4 isoform X31 [Homo sapiens]	TRUE	Tut4
XP_014664775.1	XP_011539401.1	0	N/A	31.608	367	57	1.65e-51	194	terminal uridylyltransferase 4 isoform X29 [Homo sapiens]	TRUE	Tut4
XP_014664775.1	XP_047279826.1	0	N/A	29.723	397	56	3.07e-50	190	terminal uridylyltransferase 7 isoform X8 [Homo sapiens]	TRUE	Tut7
XP_014664775.1	XP_047279823.1	0	N/A	29.723	397	56	7.14e-50	190	terminal uridylyltransferase 7 isoform X2 [Homo sapiens]	TRUE	Tut7
XP_014664775.1	XP_006717346.1	0	N/A	29.723	397	56	7.14e-50	190	terminal uridylyltransferase 7 isoform X2 [Homo sapiens]	TRUE	Tut7
XP_014664775.1	XP_016870620.1	0	N/A	29.723	397	56	1.1e-49	189	terminal uridylyltransferase 7 isoform X4 [Homo sapiens]	TRUE	Tut7
XP_014664775.1	XP_016870619.1	0	N/A	29.723	397	56	1.1e-49	189	terminal uridylyltransferase 7 isoform X4 [Homo sapiens]	TRUE	Tut7
XP_014664775.1	NP_078893.2	0	N/A	29.723	397	56	1.1e-49	189	terminal uridylyltransferase 7 isoform 1 [Homo sapiens]	TRUE	Tut7
XP_014664775.1	NP_001171988.1	0	N/A	29.723	397	56	1.1e-49	189	terminal uridylyltransferase 7 isoform 1 [Homo sapiens]	TRUE	Tut7
XP_014664775.1	XP_047279825.1	0	N/A	29.723	397	56	1.16e-49	189	terminal uridylyltransferase 7 isoform X6 [Homo sapiens]	TRUE	Tut7
XP_014664775.1	XP_047279824.1	0	N/A	29.723	397	56	1.16e-49	189	terminal uridylyltransferase 7 isoform X6 [Homo sapiens]	TRUE	Tut7
XP_014664775.1	XP_005252264.1	0	N/A	29.723	397	56	1.16e-49	189	terminal uridylyltransferase 7 isoform X6 [Homo sapiens]	TRUE	Tut7
XP_014664775.1	XP_011517318.1	0	N/A	29.723	397	56	1.2e-49	189	terminal uridylyltransferase 7 isoform X5 [Homo sapiens]	TRUE	Tut7
XP_014664775.1	XP_011517317.1	0	N/A	29.723	397	56	1.26e-49	189	terminal uridylyltransferase 7 isoform X3 [Homo sapiens]	TRUE	Tut7
XP_014664775.1	XP_005252265.1	0	N/A	29.723	397	56	1.74e-49	188	terminal uridylyltransferase 7 isoform X7 [Homo sapiens]	TRUE	Tut7
XP_014664775.1	XP_011517316.1	0	N/A	29.723	397	56	1.77e-49	189	terminal uridylyltransferase 7 isoform X1 [Homo sapiens]	TRUE	Tut7
XP_014664775.1	XP_011517315.1	0	N/A	29.723	397	56	1.77e-49	189	terminal uridylyltransferase 7 isoform X1 [Homo sapiens]	TRUE	Tut7
XP_014664775.1	XP_011517314.1	0	N/A	29.723	397	56	1.77e-49	189	terminal uridylyltransferase 7 isoform X1 [Homo sapiens]	TRUE	Tut7
XP_014664775.1	XP_011517313.1	0	N/A	29.723	397	56	1.77e-49	189	terminal uridylyltransferase 7 isoform X1 [Homo sapiens]	TRUE	Tut7
XP_014664775.1	XP_047272286.1	0	N/A	33.803	284	44	6.26e-47	181	terminal uridylyltransferase 4 isoform X8 [Homo sapiens]	TRUE	Tut4
XP_014664775.1	XP_047272296.1	0	N/A	33.803	284	44	6.48e-47	181	terminal uridylyltransferase 4 isoform X13 [Homo sapiens]	TRUE	Tut4
XP_014664775.1	XP_047272295.1	0	N/A	33.803	284	44	6.54e-47	181	terminal uridylyltransferase 4 isoform X12 [Homo sapiens]	TRUE	Tut4
XP_014664775.1	XP_047272306.1	0	N/A	33.803	284	44	6.9e-47	181	terminal uridylyltransferase 4 isoform X18 [Homo sapiens]	TRUE	Tut4
XP_014664775.1	XP_047272290.1	0	N/A	33.803	284	44	6.92e-47	181	terminal uridylyltransferase 4 isoform X11 [Homo sapiens]	TRUE	Tut4
XP_014664775.1	XP_047272281.1	0	N/A	33.803	284	44	7.3e-47	181	terminal uridylyltransferase 4 isoform X4 [Homo sapiens]	TRUE	Tut4
XP_014664775.1	NP_001009881.1	0	N/A	33.803	284	44	7.3e-47	181	terminal uridylyltransferase 4 isoform a [Homo sapiens]	TRUE	Tut4
XP_014664775.1	XP_011539399.1	0	N/A	33.803	284	44	7.31e-47	181	terminal uridylyltransferase 4 isoform X1 [Homo sapiens]	TRUE	Tut4
XP_014664775.1	XP_005270733.1	0	N/A	33.803	284	44	7.31e-47	181	terminal uridylyltransferase 4 isoform X1 [Homo sapiens]	TRUE	Tut4
XP_014664775.1	XP_016856294.1	0	N/A	33.803	284	44	7.34e-47	181	terminal uridylyltransferase 4 isoform X20 [Homo sapiens]	TRUE	Tut4
XP_014664775.1	XP_047272307.1	0	N/A	33.803	284	44	7.42e-47	181	terminal uridylyltransferase 4 isoform X19 [Homo sapiens]	TRUE	Tut4
XP_014664775.1	XP_047272303.1	0	N/A	33.803	284	44	7.43e-47	181	terminal uridylyltransferase 4 isoform X15 [Homo sapiens]	TRUE	Tut4
XP_014664775.1	XP_005270738.1	0	N/A	33.803	284	44	7.44e-47	181	terminal uridylyltransferase 4 isoform X14 [Homo sapiens]	TRUE	Tut4
XP_014664775.1	XP_005270735.1	0	N/A	33.803	284	44	7.52e-47	181	terminal uridylyltransferase 4 isoform X2 [Homo sapiens]	TRUE	Tut4
XP_014664775.1	XP_047272280.1	0	N/A	33.803	284	44	7.58e-47	181	terminal uridylyltransferase 4 isoform X3 [Homo sapiens]	TRUE	Tut4
XP_014664775.1	XP_005270736.1	0	N/A	33.803	284	44	7.58e-47	181	terminal uridylyltransferase 4 isoform X3 [Homo sapiens]	TRUE	Tut4
XP_014664775.1	XP_047272282.1	0	N/A	33.803	284	44	7.71e-47	181	terminal uridylyltransferase 4 isoform X5 [Homo sapiens]	TRUE	Tut4
XP_014664775.1	NP_056084.1	0	N/A	33.803	284	44	7.71e-47	181	terminal uridylyltransferase 4 isoform b [Homo sapiens]	TRUE	Tut4
XP_014664775.1	XP_047272283.1	0	N/A	33.803	284	44	7.99e-47	181	terminal uridylyltransferase 4 isoform X6 [Homo sapiens]	TRUE	Tut4
XP_014664775.1	XP_005270737.1	0	N/A	33.803	284	44	7.99e-47	181	terminal uridylyltransferase 4 isoform X6 [Homo sapiens]	TRUE	Tut4
XP_014664775.1	XP_047272305.1	0	N/A	33.803	284	44	8e-47	181	terminal uridylyltransferase 4 isoform X17 [Homo sapiens]	TRUE	Tut4
XP_014664775.1	XP_016856307.1	0	N/A	29.428	367	57	4.42e-46	177	terminal uridylyltransferase 4 isoform X45 [Homo sapiens]	TRUE	Tut4
XP_014664775.1	XP_016856299.1	0	N/A	29.428	367	57	1.15e-45	177	terminal uridylyltransferase 4 isoform X40 [Homo sapiens]	TRUE	Tut4
XP_014664775.1	XP_047272377.1	0	N/A	29.428	367	57	1.26e-45	177	terminal uridylyltransferase 4 isoform X44 [Homo sapiens]	TRUE	Tut4
XP_014664775.1	XP_047272373.1	0	N/A	29.428	367	57	1.3e-45	177	terminal uridylyltransferase 4 isoform X43 [Homo sapiens]	TRUE	Tut4
XP_014664775.1	XP_047272372.1	0	N/A	29.428	367	57	1.63e-45	177	terminal uridylyltransferase 4 isoform X42 [Homo sapiens]	TRUE	Tut4
XP_014664775.1	XP_016856297.1	0	N/A	29.7	367	57	1.34e-44	174	terminal uridylyltransferase 4 isoform X36 [Homo sapiens]	TRUE	Tut4
XP_014664775.1	XP_047272365.1	0	N/A	29.7	367	57	1.35e-44	174	terminal uridylyltransferase 4 isoform X38 [Homo sapiens]	TRUE	Tut4
XP_014664775.1	XP_005270739.1	0	N/A	29.7	367	57	1.46e-44	174	terminal uridylyltransferase 4 isoform X33 [Homo sapiens]	TRUE	Tut4
XP_014664775.1	XP_047272336.1	0	N/A	32.661	248	38	4.65e-34	142	terminal uridylyltransferase 4 isoform X26 [Homo sapiens]	TRUE	Tut4
XP_014664775.1	XP_047272311.1	0	N/A	32.661	248	38	4.79e-34	142	terminal uridylyltransferase 4 isoform X21 [Homo sapiens]	TRUE	Tut4
XP_014664775.1	XP_047272320.1	0	N/A	32.661	248	38	4.92e-34	142	terminal uridylyltransferase 4 isoform X22 [Homo sapiens]	TRUE	Tut4
XP_014664775.1	XP_016856292.1	0	N/A	32.661	248	38	5.01e-34	142	terminal uridylyltransferase 4 isoform X9 [Homo sapiens]	TRUE	Tut4
XP_014664775.1	XP_047272285.1	0	N/A	32.661	248	38	5.11e-34	141	terminal uridylyltransferase 4 isoform X7 [Homo sapiens]	TRUE	Tut4
XP_014664775.1	XP_047272288.1	0	N/A	32.661	248	38	5.38e-34	141	terminal uridylyltransferase 4 isoform X10 [Homo sapiens]	TRUE	Tut4
XP_014664775.1	XP_047272327.1	0	N/A	32.661	248	38	5.47e-34	141	terminal uridylyltransferase 4 isoform X24 [Homo sapiens]	TRUE	Tut4
XP_014664775.1	XP_016856293.1	0	N/A	32.661	248	38	5.57e-34	141	terminal uridylyltransferase 4 isoform X16 [Homo sapiens]	TRUE	Tut4
XP_014664775.1	NP_001317647.1	0	N/A	29.392	296	45	4e-33	138	terminal uridylyltransferase 7 isoform 3 [Homo sapiens]	TRUE	Tut7
XP_014664775.1	XP_047272384.1	0	N/A	28.846	312	46	4.04e-31	132	terminal uridylyltransferase 4 isoform X46 [Homo sapiens]	TRUE	Tut4
XP_014664775.1	NP_001172003.1	0	N/A	34.518	197	30	8.48e-28	122	terminal uridylyltransferase 7 isoform 2 [Homo sapiens]	TRUE	Tut7
XP_014664775.1	XP_047272808.1	0	N/A	23.81	252	36	1.36e-13	76.3	poly(A) RNA polymerase GLD2 isoform X3 [Homo sapiens]	TRUE	TENT2
XP_014664775.1	XP_047272807.1	0	N/A	23.81	252	36	1.36e-13	76.3	poly(A) RNA polymerase GLD2 isoform X3 [Homo sapiens]	TRUE	TENT2
XP_014664775.1	XP_047272806.1	0	N/A	23.81	252	36	1.36e-13	76.3	poly(A) RNA polymerase GLD2 isoform X3 [Homo sapiens]	TRUE	TENT2
XP_014664775.1	NP_776158.2	0	N/A	23.81	252	36	1.36e-13	76.3	poly(A) RNA polymerase GLD2 isoform 1 [Homo sapiens]	TRUE	TENT2
XP_014664775.1	NP_001375041.1	0	N/A	23.81	252	36	1.36e-13	76.3	poly(A) RNA polymerase GLD2 isoform 1 [Homo sapiens]	TRUE	TENT2
XP_014664775.1	NP_001375040.1	0	N/A	23.81	252	36	1.36e-13	76.3	poly(A) RNA polymerase GLD2 isoform 1 [Homo sapiens]	TRUE	TENT2
XP_014664775.1	NP_001375039.1	0	N/A	23.81	252	36	1.36e-13	76.3	poly(A) RNA polymerase GLD2 isoform 1 [Homo sapiens]	TRUE	TENT2
XP_014664775.1	NP_001375038.1	0	N/A	23.81	252	36	1.36e-13	76.3	poly(A) RNA polymerase GLD2 isoform 1 [Homo sapiens]	TRUE	TENT2
XP_014664775.1	NP_001375037.1	0	N/A	23.81	252	36	1.36e-13	76.3	poly(A) RNA polymerase GLD2 isoform 1 [Homo sapiens]	TRUE	TENT2
XP_014664775.1	NP_001375036.1	0	N/A	23.81	252	36	1.36e-13	76.3	poly(A) RNA polymerase GLD2 isoform 1 [Homo sapiens]	TRUE	TENT2
XP_014664775.1	NP_001375035.1	0	N/A	23.81	252	36	1.36e-13	76.3	poly(A) RNA polymerase GLD2 isoform 1 [Homo sapiens]	TRUE	TENT2
XP_014664775.1	NP_001375034.1	0	N/A	23.81	252	36	1.36e-13	76.3	poly(A) RNA polymerase GLD2 isoform 1 [Homo sapiens]	TRUE	TENT2
XP_014664775.1	NP_001375032.1	0	N/A	23.81	252	36	1.36e-13	76.3	poly(A) RNA polymerase GLD2 isoform 1 [Homo sapiens]	TRUE	TENT2
XP_014664775.1	NP_001375031.1	0	N/A	23.81	252	36	1.36e-13	76.3	poly(A) RNA polymerase GLD2 isoform 1 [Homo sapiens]	TRUE	TENT2
XP_014664775.1	NP_001336482.1	0	N/A	23.81	252	36	1.36e-13	76.3	poly(A) RNA polymerase GLD2 isoform 1 [Homo sapiens]	TRUE	TENT2
XP_014664775.1	NP_001336481.1	0	N/A	23.81	252	36	1.36e-13	76.3	poly(A) RNA polymerase GLD2 isoform 1 [Homo sapiens]	TRUE	TENT2
XP_014664775.1	NP_001107866.1	0	N/A	23.81	252	36	1.36e-13	76.3	poly(A) RNA polymerase GLD2 isoform 1 [Homo sapiens]	TRUE	TENT2
XP_014664775.1	NP_001107865.1	0	N/A	23.81	252	36	1.36e-13	76.3	poly(A) RNA polymerase GLD2 isoform 1 [Homo sapiens]	TRUE	TENT2
XP_014664775.1	NP_001375042.1	0	N/A	23.81	252	36	1.59e-13	75.9	poly(A) RNA polymerase GLD2 isoform 16 [Homo sapiens]	TRUE	TENT2
XP_014664775.1	NP_001375060.1	0	N/A	23.81	252	36	1.63e-13	75.9	poly(A) RNA polymerase GLD2 isoform 11 [Homo sapiens]	TRUE	TENT2
XP_014664775.1	NP_001375029.1	0	N/A	23.81	252	36	2.16e-13	75.5	poly(A) RNA polymerase GLD2 isoform 8 [Homo sapiens]	TRUE	TENT2
XP_014664775.1	NP_001375028.1	0	N/A	23.81	252	36	2.16e-13	75.5	poly(A) RNA polymerase GLD2 isoform 8 [Homo sapiens]	TRUE	TENT2
XP_014664775.1	XP_047272811.1	0	N/A	24.314	255	36	2.32e-12	72	poly(A) RNA polymerase GLD2 isoform X4 [Homo sapiens]	TRUE	TENT2
XP_014664775.1	XP_047272810.1	0	N/A	24.314	255	36	2.32e-12	72	poly(A) RNA polymerase GLD2 isoform X4 [Homo sapiens]	TRUE	TENT2
XP_014664775.1	XP_047272809.1	0	N/A	24.314	255	36	2.32e-12	72	poly(A) RNA polymerase GLD2 isoform X4 [Homo sapiens]	TRUE	TENT2
XP_014664775.1	NP_001375058.1	0	N/A	24.314	255	36	2.32e-12	72	poly(A) RNA polymerase GLD2 isoform 2 [Homo sapiens]	TRUE	TENT2
XP_014664775.1	NP_001375057.1	0	N/A	24.314	255	36	2.32e-12	72	poly(A) RNA polymerase GLD2 isoform 2 [Homo sapiens]	TRUE	TENT2
XP_014664775.1	NP_001375056.1	0	N/A	24.314	255	36	2.32e-12	72	poly(A) RNA polymerase GLD2 isoform 2 [Homo sapiens]	TRUE	TENT2
XP_014664775.1	NP_001375055.1	0	N/A	24.314	255	36	2.32e-12	72	poly(A) RNA polymerase GLD2 isoform 2 [Homo sapiens]	TRUE	TENT2
XP_014664775.1	NP_001375054.1	0	N/A	24.314	255	36	2.32e-12	72	poly(A) RNA polymerase GLD2 isoform 2 [Homo sapiens]	TRUE	TENT2
XP_014666353.1	NP_060579.3	0	N/A	35.167	418	76	4.11e-75	250	poly(A) RNA polymerase, mitochondrial precursor [Homo sapiens]	TRUE	mtPAP
XP_014666353.1	NP_073741.3	0	N/A	27.53	247	42	4.5e-21	99.8	speckle targeted PIP5K1A-regulated poly(A) polymerase isoform 1 [Homo sapiens]	TRUE	Tut1
XP_014666353.1	NP_001375060.1	0	N/A	25.704	284	52	2.31e-17	87	poly(A) RNA polymerase GLD2 isoform 11 [Homo sapiens]	TRUE	TENT2
XP_014666353.1	NP_001375042.1	0	N/A	25.704	284	52	2.61e-17	87	poly(A) RNA polymerase GLD2 isoform 16 [Homo sapiens]	TRUE	TENT2
XP_014666353.1	XP_047272808.1	0	N/A	25.704	284	52	2.67e-17	87	poly(A) RNA polymerase GLD2 isoform X3 [Homo sapiens]	TRUE	TENT2
XP_014666353.1	XP_047272807.1	0	N/A	25.704	284	52	2.67e-17	87	poly(A) RNA polymerase GLD2 isoform X3 [Homo sapiens]	TRUE	TENT2
XP_014666353.1	XP_047272806.1	0	N/A	25.704	284	52	2.67e-17	87	poly(A) RNA polymerase GLD2 isoform X3 [Homo sapiens]	TRUE	TENT2
XP_014666353.1	NP_776158.2	0	N/A	25.704	284	52	2.67e-17	87	poly(A) RNA polymerase GLD2 isoform 1 [Homo sapiens]	TRUE	TENT2
XP_014666353.1	NP_001375041.1	0	N/A	25.704	284	52	2.67e-17	87	poly(A) RNA polymerase GLD2 isoform 1 [Homo sapiens]	TRUE	TENT2
XP_014666353.1	NP_001375040.1	0	N/A	25.704	284	52	2.67e-17	87	poly(A) RNA polymerase GLD2 isoform 1 [Homo sapiens]	TRUE	TENT2
XP_014666353.1	NP_001375039.1	0	N/A	25.704	284	52	2.67e-17	87	poly(A) RNA polymerase GLD2 isoform 1 [Homo sapiens]	TRUE	TENT2
XP_014666353.1	NP_001375038.1	0	N/A	25.704	284	52	2.67e-17	87	poly(A) RNA polymerase GLD2 isoform 1 [Homo sapiens]	TRUE	TENT2
XP_014666353.1	NP_001375037.1	0	N/A	25.704	284	52	2.67e-17	87	poly(A) RNA polymerase GLD2 isoform 1 [Homo sapiens]	TRUE	TENT2
XP_014666353.1	NP_001375036.1	0	N/A	25.704	284	52	2.67e-17	87	poly(A) RNA polymerase GLD2 isoform 1 [Homo sapiens]	TRUE	TENT2
XP_014666353.1	NP_001375035.1	0	N/A	25.704	284	52	2.67e-17	87	poly(A) RNA polymerase GLD2 isoform 1 [Homo sapiens]	TRUE	TENT2
XP_014666353.1	NP_001375034.1	0	N/A	25.704	284	52	2.67e-17	87	poly(A) RNA polymerase GLD2 isoform 1 [Homo sapiens]	TRUE	TENT2
XP_014666353.1	NP_001375032.1	0	N/A	25.704	284	52	2.67e-17	87	poly(A) RNA polymerase GLD2 isoform 1 [Homo sapiens]	TRUE	TENT2
XP_014666353.1	NP_001375031.1	0	N/A	25.704	284	52	2.67e-17	87	poly(A) RNA polymerase GLD2 isoform 1 [Homo sapiens]	TRUE	TENT2
XP_014666353.1	NP_001336482.1	0	N/A	25.704	284	52	2.67e-17	87	poly(A) RNA polymerase GLD2 isoform 1 [Homo sapiens]	TRUE	TENT2
XP_014666353.1	NP_001336481.1	0	N/A	25.704	284	52	2.67e-17	87	poly(A) RNA polymerase GLD2 isoform 1 [Homo sapiens]	TRUE	TENT2
XP_014666353.1	NP_001107866.1	0	N/A	25.704	284	52	2.67e-17	87	poly(A) RNA polymerase GLD2 isoform 1 [Homo sapiens]	TRUE	TENT2
XP_014666353.1	NP_001107865.1	0	N/A	25.704	284	52	2.67e-17	87	poly(A) RNA polymerase GLD2 isoform 1 [Homo sapiens]	TRUE	TENT2
XP_014666353.1	NP_001375065.1	0	N/A	25.352	284	52	4.74e-17	85.5	poly(A) RNA polymerase GLD2 isoform 14 [Homo sapiens]	TRUE	TENT2
XP_014666353.1	NP_001317647.1	0	N/A	31.034	203	39	1.1e-16	85.9	terminal uridylyltransferase 7 isoform 3 [Homo sapiens]	TRUE	Tut7
XP_014666353.1	NP_001375061.1	0	N/A	25.352	284	52	1.19e-16	84.7	poly(A) RNA polymerase GLD2 isoform 12 [Homo sapiens]	TRUE	TENT2
XP_014666353.1	NP_001375059.1	0	N/A	25.352	284	52	1.28e-16	85.1	poly(A) RNA polymerase GLD2 isoform 10 [Homo sapiens]	TRUE	TENT2
XP_014666353.1	XP_016870620.1	0	N/A	31.034	203	39	1.38e-16	86.3	terminal uridylyltransferase 7 isoform X4 [Homo sapiens]	TRUE	Tut7
XP_014666353.1	XP_016870619.1	0	N/A	31.034	203	39	1.38e-16	86.3	terminal uridylyltransferase 7 isoform X4 [Homo sapiens]	TRUE	Tut7
XP_014666353.1	NP_078893.2	0	N/A	31.034	203	39	1.38e-16	86.3	terminal uridylyltransferase 7 isoform 1 [Homo sapiens]	TRUE	Tut7
XP_014666353.1	NP_001171988.1	0	N/A	31.034	203	39	1.38e-16	86.3	terminal uridylyltransferase 7 isoform 1 [Homo sapiens]	TRUE	Tut7
XP_014666353.1	XP_047272811.1	0	N/A	25.352	284	52	1.39e-16	84.7	poly(A) RNA polymerase GLD2 isoform X4 [Homo sapiens]	TRUE	TENT2
XP_014666353.1	XP_047272810.1	0	N/A	25.352	284	52	1.39e-16	84.7	poly(A) RNA polymerase GLD2 isoform X4 [Homo sapiens]	TRUE	TENT2
XP_014666353.1	XP_047272809.1	0	N/A	25.352	284	52	1.39e-16	84.7	poly(A) RNA polymerase GLD2 isoform X4 [Homo sapiens]	TRUE	TENT2
XP_014666353.1	NP_001375058.1	0	N/A	25.352	284	52	1.39e-16	84.7	poly(A) RNA polymerase GLD2 isoform 2 [Homo sapiens]	TRUE	TENT2
XP_014666353.1	NP_001375057.1	0	N/A	25.352	284	52	1.39e-16	84.7	poly(A) RNA polymerase GLD2 isoform 2 [Homo sapiens]	TRUE	TENT2
XP_014666353.1	NP_001375056.1	0	N/A	25.352	284	52	1.39e-16	84.7	poly(A) RNA polymerase GLD2 isoform 2 [Homo sapiens]	TRUE	TENT2
XP_014666353.1	NP_001375055.1	0	N/A	25.352	284	52	1.39e-16	84.7	poly(A) RNA polymerase GLD2 isoform 2 [Homo sapiens]	TRUE	TENT2
XP_014666353.1	NP_001375054.1	0	N/A	25.352	284	52	1.39e-16	84.7	poly(A) RNA polymerase GLD2 isoform 2 [Homo sapiens]	TRUE	TENT2
XP_014666353.1	NP_001375053.1	0	N/A	25.352	284	52	1.39e-16	84.7	poly(A) RNA polymerase GLD2 isoform 2 [Homo sapiens]	TRUE	TENT2
XP_014666353.1	NP_001375052.1	0	N/A	25.352	284	52	1.39e-16	84.7	poly(A) RNA polymerase GLD2 isoform 2 [Homo sapiens]	TRUE	TENT2
XP_014666353.1	NP_001375051.1	0	N/A	25.352	284	52	1.39e-16	84.7	poly(A) RNA polymerase GLD2 isoform 2 [Homo sapiens]	TRUE	TENT2
XP_014666353.1	NP_001375050.1	0	N/A	25.352	284	52	1.39e-16	84.7	poly(A) RNA polymerase GLD2 isoform 2 [Homo sapiens]	TRUE	TENT2
XP_014666353.1	NP_001375049.1	0	N/A	25.352	284	52	1.39e-16	84.7	poly(A) RNA polymerase GLD2 isoform 2 [Homo sapiens]	TRUE	TENT2
XP_014666353.1	NP_001375048.1	0	N/A	25.352	284	52	1.39e-16	84.7	poly(A) RNA polymerase GLD2 isoform 2 [Homo sapiens]	TRUE	TENT2
XP_014666353.1	NP_001375047.1	0	N/A	25.352	284	52	1.39e-16	84.7	poly(A) RNA polymerase GLD2 isoform 2 [Homo sapiens]	TRUE	TENT2
XP_014666353.1	NP_001375046.1	0	N/A	25.352	284	52	1.39e-16	84.7	poly(A) RNA polymerase GLD2 isoform 2 [Homo sapiens]	TRUE	TENT2
XP_014666353.1	NP_001375045.1	0	N/A	25.352	284	52	1.39e-16	84.7	poly(A) RNA polymerase GLD2 isoform 2 [Homo sapiens]	TRUE	TENT2
XP_014666353.1	NP_001375044.1	0	N/A	25.352	284	52	1.39e-16	84.7	poly(A) RNA polymerase GLD2 isoform 2 [Homo sapiens]	TRUE	TENT2
XP_014666353.1	NP_001375043.1	0	N/A	25.352	284	52	1.39e-16	84.7	poly(A) RNA polymerase GLD2 isoform 2 [Homo sapiens]	TRUE	TENT2
XP_014666353.1	NP_001336483.1	0	N/A	25.352	284	52	1.39e-16	84.7	poly(A) RNA polymerase GLD2 isoform 2 [Homo sapiens]	TRUE	TENT2
XP_014666353.1	NP_001284673.1	0	N/A	25.352	284	52	1.39e-16	84.7	poly(A) RNA polymerase GLD2 isoform 2 [Homo sapiens]	TRUE	TENT2
XP_014666353.1	XP_047279823.1	0	N/A	31.034	203	39	1.39e-16	86.3	terminal uridylyltransferase 7 isoform X2 [Homo sapiens]	TRUE	Tut7
XP_014666353.1	XP_006717346.1	0	N/A	31.034	203	39	1.39e-16	86.3	terminal uridylyltransferase 7 isoform X2 [Homo sapiens]	TRUE	Tut7
XP_014666353.1	XP_011517316.1	0	N/A	30.093	216	41	1.48e-16	85.9	terminal uridylyltransferase 7 isoform X1 [Homo sapiens]	TRUE	Tut7
XP_014666353.1	XP_011517315.1	0	N/A	30.093	216	41	1.48e-16	85.9	terminal uridylyltransferase 7 isoform X1 [Homo sapiens]	TRUE	Tut7
XP_014666353.1	XP_011517314.1	0	N/A	30.093	216	41	1.48e-16	85.9	terminal uridylyltransferase 7 isoform X1 [Homo sapiens]	TRUE	Tut7
XP_014666353.1	XP_011517313.1	0	N/A	30.093	216	41	1.48e-16	85.9	terminal uridylyltransferase 7 isoform X1 [Homo sapiens]	TRUE	Tut7
XP_014666353.1	XP_005252265.1	0	N/A	31.034	203	39	1.5e-16	85.9	terminal uridylyltransferase 7 isoform X7 [Homo sapiens]	TRUE	Tut7
XP_014666353.1	XP_047279825.1	0	N/A	31.034	203	39	1.5e-16	85.9	terminal uridylyltransferase 7 isoform X6 [Homo sapiens]	TRUE	Tut7
XP_014666353.1	XP_047279824.1	0	N/A	31.034	203	39	1.5e-16	85.9	terminal uridylyltransferase 7 isoform X6 [Homo sapiens]	TRUE	Tut7
XP_014666353.1	XP_005252264.1	0	N/A	31.034	203	39	1.5e-16	85.9	terminal uridylyltransferase 7 isoform X6 [Homo sapiens]	TRUE	Tut7
XP_014666353.1	XP_011517318.1	0	N/A	31.034	203	39	1.51e-16	85.9	terminal uridylyltransferase 7 isoform X5 [Homo sapiens]	TRUE	Tut7
XP_014666353.1	XP_011517317.1	0	N/A	30.093	216	41	1.56e-16	85.9	terminal uridylyltransferase 7 isoform X3 [Homo sapiens]	TRUE	Tut7
XP_014666353.1	XP_047272805.1	0	N/A	26.027	292	52	3.08e-16	84	poly(A) RNA polymerase GLD2 isoform X2 [Homo sapiens]	TRUE	TENT2
XP_014666353.1	XP_047272804.1	0	N/A	26.027	292	52	3.08e-16	84	poly(A) RNA polymerase GLD2 isoform X2 [Homo sapiens]	TRUE	TENT2
XP_014666353.1	XP_047272803.1	0	N/A	26.027	292	52	3.08e-16	84	poly(A) RNA polymerase GLD2 isoform X2 [Homo sapiens]	TRUE	TENT2
XP_014666353.1	XP_047272802.1	0	N/A	26.027	292	52	3.08e-16	84	poly(A) RNA polymerase GLD2 isoform X2 [Homo sapiens]	TRUE	TENT2
XP_014666353.1	XP_016864641.1	0	N/A	26.027	292	52	3.08e-16	84	poly(A) RNA polymerase GLD2 isoform X2 [Homo sapiens]	TRUE	TENT2
XP_014666353.1	NP_001375026.1	0	N/A	26.027	292	52	3.08e-16	84	poly(A) RNA polymerase GLD2 isoform 6 [Homo sapiens]	TRUE	TENT2
XP_014666353.1	NP_001375025.1	0	N/A	26.027	292	52	3.08e-16	84	poly(A) RNA polymerase GLD2 isoform 6 [Homo sapiens]	TRUE	TENT2
XP_014666353.1	NP_001375024.1	0	N/A	26.027	292	52	3.08e-16	84	poly(A) RNA polymerase GLD2 isoform 6 [Homo sapiens]	TRUE	TENT2
XP_014666353.1	NP_001336480.1	0	N/A	26.027	292	52	3.08e-16	84	poly(A) RNA polymerase GLD2 isoform 6 [Homo sapiens]	TRUE	TENT2
XP_014666353.1	NP_001375027.1	0	N/A	26.027	292	52	3.21e-16	84	poly(A) RNA polymerase GLD2 isoform 7 [Homo sapiens]	TRUE	TENT2
XP_014666353.1	NP_001375029.1	0	N/A	26.752	314	57	6.04e-16	82.8	poly(A) RNA polymerase GLD2 isoform 8 [Homo sapiens]	TRUE	TENT2
XP_014666353.1	NP_001375028.1	0	N/A	26.752	314	57	6.04e-16	82.8	poly(A) RNA polymerase GLD2 isoform 8 [Homo sapiens]	TRUE	TENT2
XP_014666353.1	XP_047272801.1	0	N/A	25.338	296	52	1.77e-15	81.6	poly(A) RNA polymerase GLD2 isoform X1 [Homo sapiens]	TRUE	TENT2
XP_014666353.1	XP_047272800.1	0	N/A	25.338	296	52	1.77e-15	81.6	poly(A) RNA polymerase GLD2 isoform X1 [Homo sapiens]	TRUE	TENT2
XP_014666353.1	XP_011541527.1	0	N/A	25.338	296	52	1.77e-15	81.6	poly(A) RNA polymerase GLD2 isoform X1 [Homo sapiens]	TRUE	TENT2
XP_014666353.1	XP_011541526.1	0	N/A	25.338	296	52	1.77e-15	81.6	poly(A) RNA polymerase GLD2 isoform X1 [Homo sapiens]	TRUE	TENT2
XP_014666353.1	XP_011541523.1	0	N/A	25.338	296	52	1.77e-15	81.6	poly(A) RNA polymerase GLD2 isoform X1 [Homo sapiens]	TRUE	TENT2
XP_014666353.1	XP_011541522.1	0	N/A	25.338	296	52	1.77e-15	81.6	poly(A) RNA polymerase GLD2 isoform X1 [Homo sapiens]	TRUE	TENT2
XP_014666353.1	NP_001375023.1	0	N/A	25.338	296	52	1.77e-15	81.6	poly(A) RNA polymerase GLD2 isoform 5 [Homo sapiens]	TRUE	TENT2
XP_014666353.1	NP_001375022.1	0	N/A	25.338	296	52	1.77e-15	81.6	poly(A) RNA polymerase GLD2 isoform 5 [Homo sapiens]	TRUE	TENT2
XP_014666353.1	NP_001336479.1	0	N/A	25.338	296	52	1.77e-15	81.6	poly(A) RNA polymerase GLD2 isoform 5 [Homo sapiens]	TRUE	TENT2
XP_014666353.1	NP_001336478.1	0	N/A	25.338	296	52	1.77e-15	81.6	poly(A) RNA polymerase GLD2 isoform 5 [Homo sapiens]	TRUE	TENT2
XP_014666353.1	NP_001375030.1	0	N/A	26.433	314	57	3.5e-15	80.5	poly(A) RNA polymerase GLD2 isoform 9 [Homo sapiens]	TRUE	TENT2
XP_014666353.1	XP_047272285.1	0	N/A	31.429	175	33	4.13e-14	78.2	terminal uridylyltransferase 4 isoform X7 [Homo sapiens]	TRUE	Tut4
XP_014666353.1	XP_047272288.1	0	N/A	31.429	175	33	4.16e-14	78.2	terminal uridylyltransferase 4 isoform X10 [Homo sapiens]	TRUE	Tut4
XP_014666353.1	XP_016856299.1	0	N/A	31.429	175	33	4.29e-14	78.2	terminal uridylyltransferase 4 isoform X40 [Homo sapiens]	TRUE	Tut4
XP_014666353.1	XP_005270739.1	0	N/A	31.429	175	33	4.3e-14	78.2	terminal uridylyltransferase 4 isoform X33 [Homo sapiens]	TRUE	Tut4
XP_014666353.1	XP_016856293.1	0	N/A	31.429	175	33	4.31e-14	78.2	terminal uridylyltransferase 4 isoform X16 [Homo sapiens]	TRUE	Tut4
XP_014666353.1	XP_047272295.1	0	N/A	31.429	175	33	4.38e-14	78.2	terminal uridylyltransferase 4 isoform X12 [Homo sapiens]	TRUE	Tut4
XP_014666353.1	XP_016856292.1	0	N/A	31.429	175	33	4.39e-14	78.2	terminal uridylyltransferase 4 isoform X9 [Homo sapiens]	TRUE	Tut4
XP_014666353.1	XP_047272283.1	0	N/A	31.429	175	33	4.4e-14	78.2	terminal uridylyltransferase 4 isoform X6 [Homo sapiens]	TRUE	Tut4
XP_014666353.1	XP_005270737.1	0	N/A	31.429	175	33	4.4e-14	78.2	terminal uridylyltransferase 4 isoform X6 [Homo sapiens]	TRUE	Tut4
XP_014666353.1	XP_047272282.1	0	N/A	31.429	175	33	4.4e-14	78.2	terminal uridylyltransferase 4 isoform X5 [Homo sapiens]	TRUE	Tut4
XP_014666353.1	NP_056084.1	0	N/A	31.429	175	33	4.4e-14	78.2	terminal uridylyltransferase 4 isoform b [Homo sapiens]	TRUE	Tut4
XP_014666353.1	XP_047272345.1	0	N/A	31.429	175	33	4.42e-14	78.2	terminal uridylyltransferase 4 isoform X31 [Homo sapiens]	TRUE	Tut4
XP_014666353.1	XP_047272290.1	0	N/A	31.429	175	33	4.42e-14	78.2	terminal uridylyltransferase 4 isoform X11 [Homo sapiens]	TRUE	Tut4
XP_014666353.1	XP_047272281.1	0	N/A	31.429	175	33	4.44e-14	78.2	terminal uridylyltransferase 4 isoform X4 [Homo sapiens]	TRUE	Tut4
XP_014671434.1	NP_001035374.2	0	N/A	61.353	414	79	6.59e-174	508	terminal nucleotidyltransferase 4B isoform a [Homo sapiens]	TRUE	TENT4B
XP_014671434.1	NP_001352252.1	0	N/A	61.353	414	79	6.78e-174	508	terminal nucleotidyltransferase 4B isoform c [Homo sapiens]	TRUE	TENT4B
XP_014671434.1	XP_011521577.1	0	N/A	61.353	414	79	6.8e-174	508	terminal nucleotidyltransferase 4B isoform X1 [Homo sapiens]	TRUE	TENT4B
XP_014671434.1	NP_001035375.2	0	N/A	66.848	368	70	1.52e-173	506	terminal nucleotidyltransferase 4B isoform b [Homo sapiens]	TRUE	TENT4B
XP_014671434.1	XP_011521578.1	0	N/A	66.848	368	70	1.57e-173	506	terminal nucleotidyltransferase 4B isoform X2 [Homo sapiens]	TRUE	TENT4B
XP_014671434.1	NP_001352253.1	0	N/A	61.353	414	79	2.37e-173	507	terminal nucleotidyltransferase 4B isoform d [Homo sapiens]	TRUE	TENT4B
XP_014671434.1	XP_047290432.1	0	N/A	67.027	370	70	2.44e-173	505	terminal nucleotidyltransferase 4B isoform X4 [Homo sapiens]	TRUE	TENT4B
XP_014671434.1	XP_047290431.1	0	N/A	67.027	370	70	6.82e-173	504	terminal nucleotidyltransferase 4B isoform X3 [Homo sapiens]	TRUE	TENT4B
XP_014671434.1	NP_008930.2	0	N/A	61.619	383	72	1.76e-166	492	terminal nucleotidyltransferase 4A isoform 1 [Homo sapiens]	TRUE	TENT4A
XP_014671434.1	NP_001165276.2	0	N/A	61.619	383	72	2.05e-166	492	terminal nucleotidyltransferase 4A isoform 2 [Homo sapiens]	TRUE	TENT4A
XP_014671434.1	XP_011521580.1	0	N/A	64.624	359	71	7.45e-166	481	terminal nucleotidyltransferase 4B isoform X5 [Homo sapiens]	TRUE	TENT4B
XP_014671434.1	XP_047290433.1	0	N/A	71.565	313	62	3.8e-165	478	terminal nucleotidyltransferase 4B isoform X6 [Homo sapiens]	TRUE	TENT4B
XP_014671434.1	XP_047272622.1	0	N/A	65.287	314	62	1.47e-150	443	terminal nucleotidyltransferase 4A isoform X1 [Homo sapiens]	TRUE	TENT4A
XP_014671434.1	XP_047272621.1	0	N/A	65.287	314	62	1.47e-150	443	terminal nucleotidyltransferase 4A isoform X1 [Homo sapiens]	TRUE	TENT4A
XP_014671434.1	XP_047272620.1	0	N/A	65.287	314	62	1.47e-150	443	terminal nucleotidyltransferase 4A isoform X1 [Homo sapiens]	TRUE	TENT4A
XP_014671434.1	XP_047272624.1	0	N/A	65.246	305	60	4.38e-146	431	terminal nucleotidyltransferase 4A isoform X3 [Homo sapiens]	TRUE	TENT4A
XP_014671434.1	XP_047272623.1	0	N/A	65.246	305	60	4.93e-146	431	terminal nucleotidyltransferase 4A isoform X2 [Homo sapiens]	TRUE	TENT4A
XP_014671434.1	XP_016864477.1	0	N/A	65.246	305	60	4.93e-146	431	terminal nucleotidyltransferase 4A isoform X2 [Homo sapiens]	TRUE	TENT4A
XP_014671434.1	NP_001375042.1	0	N/A	23.097	381	61	8.53e-15	79.3	poly(A) RNA polymerase GLD2 isoform 16 [Homo sapiens]	TRUE	TENT2
XP_014671434.1	NP_001375060.1	0	N/A	23.097	381	61	8.6e-15	79	poly(A) RNA polymerase GLD2 isoform 11 [Homo sapiens]	TRUE	TENT2
XP_014671434.1	XP_047272808.1	0	N/A	23.097	381	61	8.95e-15	79.3	poly(A) RNA polymerase GLD2 isoform X3 [Homo sapiens]	TRUE	TENT2
XP_014671434.1	XP_047272807.1	0	N/A	23.097	381	61	8.95e-15	79.3	poly(A) RNA polymerase GLD2 isoform X3 [Homo sapiens]	TRUE	TENT2
XP_014671434.1	XP_047272806.1	0	N/A	23.097	381	61	8.95e-15	79.3	poly(A) RNA polymerase GLD2 isoform X3 [Homo sapiens]	TRUE	TENT2
XP_014671434.1	NP_776158.2	0	N/A	23.097	381	61	8.95e-15	79.3	poly(A) RNA polymerase GLD2 isoform 1 [Homo sapiens]	TRUE	TENT2
XP_014671434.1	NP_001375041.1	0	N/A	23.097	381	61	8.95e-15	79.3	poly(A) RNA polymerase GLD2 isoform 1 [Homo sapiens]	TRUE	TENT2
XP_014671434.1	NP_001375040.1	0	N/A	23.097	381	61	8.95e-15	79.3	poly(A) RNA polymerase GLD2 isoform 1 [Homo sapiens]	TRUE	TENT2
XP_014671434.1	NP_001375039.1	0	N/A	23.097	381	61	8.95e-15	79.3	poly(A) RNA polymerase GLD2 isoform 1 [Homo sapiens]	TRUE	TENT2
XP_014671434.1	NP_001375038.1	0	N/A	23.097	381	61	8.95e-15	79.3	poly(A) RNA polymerase GLD2 isoform 1 [Homo sapiens]	TRUE	TENT2
XP_014671434.1	NP_001375037.1	0	N/A	23.097	381	61	8.95e-15	79.3	poly(A) RNA polymerase GLD2 isoform 1 [Homo sapiens]	TRUE	TENT2
XP_014671434.1	NP_001375036.1	0	N/A	23.097	381	61	8.95e-15	79.3	poly(A) RNA polymerase GLD2 isoform 1 [Homo sapiens]	TRUE	TENT2
XP_014671434.1	NP_001375035.1	0	N/A	23.097	381	61	8.95e-15	79.3	poly(A) RNA polymerase GLD2 isoform 1 [Homo sapiens]	TRUE	TENT2
XP_014671434.1	NP_001375034.1	0	N/A	23.097	381	61	8.95e-15	79.3	poly(A) RNA polymerase GLD2 isoform 1 [Homo sapiens]	TRUE	TENT2
XP_014671434.1	NP_001375032.1	0	N/A	23.097	381	61	8.95e-15	79.3	poly(A) RNA polymerase GLD2 isoform 1 [Homo sapiens]	TRUE	TENT2
XP_014671434.1	NP_001375031.1	0	N/A	23.097	381	61	8.95e-15	79.3	poly(A) RNA polymerase GLD2 isoform 1 [Homo sapiens]	TRUE	TENT2
XP_014671434.1	NP_001336482.1	0	N/A	23.097	381	61	8.95e-15	79.3	poly(A) RNA polymerase GLD2 isoform 1 [Homo sapiens]	TRUE	TENT2
XP_014671434.1	NP_001336481.1	0	N/A	23.097	381	61	8.95e-15	79.3	poly(A) RNA polymerase GLD2 isoform 1 [Homo sapiens]	TRUE	TENT2
XP_014671434.1	NP_001107866.1	0	N/A	23.097	381	61	8.95e-15	79.3	poly(A) RNA polymerase GLD2 isoform 1 [Homo sapiens]	TRUE	TENT2
XP_014671434.1	NP_001107865.1	0	N/A	23.097	381	61	8.95e-15	79.3	poly(A) RNA polymerase GLD2 isoform 1 [Homo sapiens]	TRUE	TENT2
XP_014671434.1	NP_001375059.1	0	N/A	23.861	373	61	1.19e-14	79	poly(A) RNA polymerase GLD2 isoform 10 [Homo sapiens]	TRUE	TENT2
XP_014671434.1	NP_001375061.1	0	N/A	23.861	373	61	1.31e-14	78.6	poly(A) RNA polymerase GLD2 isoform 12 [Homo sapiens]	TRUE	TENT2
XP_014671434.1	XP_047272811.1	0	N/A	23.861	373	61	1.35e-14	78.6	poly(A) RNA polymerase GLD2 isoform X4 [Homo sapiens]	TRUE	TENT2
XP_014671434.1	XP_047272810.1	0	N/A	23.861	373	61	1.35e-14	78.6	poly(A) RNA polymerase GLD2 isoform X4 [Homo sapiens]	TRUE	TENT2
XP_014671434.1	XP_047272809.1	0	N/A	23.861	373	61	1.35e-14	78.6	poly(A) RNA polymerase GLD2 isoform X4 [Homo sapiens]	TRUE	TENT2
XP_014671434.1	NP_001375058.1	0	N/A	23.861	373	61	1.35e-14	78.6	poly(A) RNA polymerase GLD2 isoform 2 [Homo sapiens]	TRUE	TENT2
XP_014671434.1	NP_001375057.1	0	N/A	23.861	373	61	1.35e-14	78.6	poly(A) RNA polymerase GLD2 isoform 2 [Homo sapiens]	TRUE	TENT2
XP_014671434.1	NP_001375056.1	0	N/A	23.861	373	61	1.35e-14	78.6	poly(A) RNA polymerase GLD2 isoform 2 [Homo sapiens]	TRUE	TENT2
XP_014671434.1	NP_001375055.1	0	N/A	23.861	373	61	1.35e-14	78.6	poly(A) RNA polymerase GLD2 isoform 2 [Homo sapiens]	TRUE	TENT2
XP_014671434.1	NP_001375054.1	0	N/A	23.861	373	61	1.35e-14	78.6	poly(A) RNA polymerase GLD2 isoform 2 [Homo sapiens]	TRUE	TENT2
XP_014671434.1	NP_001375053.1	0	N/A	23.861	373	61	1.35e-14	78.6	poly(A) RNA polymerase GLD2 isoform 2 [Homo sapiens]	TRUE	TENT2
XP_014671434.1	NP_001375052.1	0	N/A	23.861	373	61	1.35e-14	78.6	poly(A) RNA polymerase GLD2 isoform 2 [Homo sapiens]	TRUE	TENT2
XP_014671434.1	NP_001375051.1	0	N/A	23.861	373	61	1.35e-14	78.6	poly(A) RNA polymerase GLD2 isoform 2 [Homo sapiens]	TRUE	TENT2
XP_014671434.1	NP_001375050.1	0	N/A	23.861	373	61	1.35e-14	78.6	poly(A) RNA polymerase GLD2 isoform 2 [Homo sapiens]	TRUE	TENT2
XP_014671434.1	NP_001375049.1	0	N/A	23.861	373	61	1.35e-14	78.6	poly(A) RNA polymerase GLD2 isoform 2 [Homo sapiens]	TRUE	TENT2
XP_014671434.1	NP_001375048.1	0	N/A	23.861	373	61	1.35e-14	78.6	poly(A) RNA polymerase GLD2 isoform 2 [Homo sapiens]	TRUE	TENT2
XP_014671434.1	NP_001375047.1	0	N/A	23.861	373	61	1.35e-14	78.6	poly(A) RNA polymerase GLD2 isoform 2 [Homo sapiens]	TRUE	TENT2
XP_014671434.1	NP_001375046.1	0	N/A	23.861	373	61	1.35e-14	78.6	poly(A) RNA polymerase GLD2 isoform 2 [Homo sapiens]	TRUE	TENT2
XP_014671434.1	NP_001375045.1	0	N/A	23.861	373	61	1.35e-14	78.6	poly(A) RNA polymerase GLD2 isoform 2 [Homo sapiens]	TRUE	TENT2
XP_014671434.1	NP_001375044.1	0	N/A	23.861	373	61	1.35e-14	78.6	poly(A) RNA polymerase GLD2 isoform 2 [Homo sapiens]	TRUE	TENT2
XP_014671434.1	NP_001375043.1	0	N/A	23.861	373	61	1.35e-14	78.6	poly(A) RNA polymerase GLD2 isoform 2 [Homo sapiens]	TRUE	TENT2
XP_014671434.1	NP_001336483.1	0	N/A	23.861	373	61	1.35e-14	78.6	poly(A) RNA polymerase GLD2 isoform 2 [Homo sapiens]	TRUE	TENT2
XP_014671434.1	NP_001284673.1	0	N/A	23.861	373	61	1.35e-14	78.6	poly(A) RNA polymerase GLD2 isoform 2 [Homo sapiens]	TRUE	TENT2
XP_014671434.1	NP_001375065.1	0	N/A	23.355	304	52	1.46e-13	74.7	poly(A) RNA polymerase GLD2 isoform 14 [Homo sapiens]	TRUE	TENT2
XP_014671434.1	NP_001336477.1	0	N/A	25.854	205	34	1.01e-12	70.9	poly(A) RNA polymerase GLD2 isoform 4 [Homo sapiens]	TRUE	TENT2
XP_014671434.1	XP_047272820.1	0	N/A	25.854	205	34	1.39e-12	70.1	poly(A) RNA polymerase GLD2 isoform X11 [Homo sapiens]	TRUE	TENT2
XP_014671434.1	NP_001375027.1	0	N/A	22.864	398	61	1.72e-12	72	poly(A) RNA polymerase GLD2 isoform 7 [Homo sapiens]	TRUE	TENT2
XP_014671434.1	XP_005252265.1	0	N/A	25.097	259	49	1.79e-12	72.8	terminal uridylyltransferase 7 isoform X7 [Homo sapiens]	TRUE	Tut7
XP_014671434.1	NP_001317647.1	0	N/A	25.564	266	49	1.9e-12	72.4	terminal uridylyltransferase 7 isoform 3 [Homo sapiens]	TRUE	Tut7
XP_014671434.1	XP_047272805.1	0	N/A	22.864	398	61	1.92e-12	72	poly(A) RNA polymerase GLD2 isoform X2 [Homo sapiens]	TRUE	TENT2
XP_014671434.1	XP_047272804.1	0	N/A	22.864	398	61	1.92e-12	72	poly(A) RNA polymerase GLD2 isoform X2 [Homo sapiens]	TRUE	TENT2
XP_014671434.1	XP_047272803.1	0	N/A	22.864	398	61	1.92e-12	72	poly(A) RNA polymerase GLD2 isoform X2 [Homo sapiens]	TRUE	TENT2
XP_014671434.1	XP_047272802.1	0	N/A	22.864	398	61	1.92e-12	72	poly(A) RNA polymerase GLD2 isoform X2 [Homo sapiens]	TRUE	TENT2
XP_014671434.1	XP_016864641.1	0	N/A	22.864	398	61	1.92e-12	72	poly(A) RNA polymerase GLD2 isoform X2 [Homo sapiens]	TRUE	TENT2
XP_014671434.1	NP_001375026.1	0	N/A	22.864	398	61	1.92e-12	72	poly(A) RNA polymerase GLD2 isoform 6 [Homo sapiens]	TRUE	TENT2
XP_014671434.1	NP_001375025.1	0	N/A	22.864	398	61	1.92e-12	72	poly(A) RNA polymerase GLD2 isoform 6 [Homo sapiens]	TRUE	TENT2
XP_014671434.1	NP_001375024.1	0	N/A	22.864	398	61	1.92e-12	72	poly(A) RNA polymerase GLD2 isoform 6 [Homo sapiens]	TRUE	TENT2
XP_014671434.1	NP_001336480.1	0	N/A	22.864	398	61	1.92e-12	72	poly(A) RNA polymerase GLD2 isoform 6 [Homo sapiens]	TRUE	TENT2
XP_014671434.1	XP_011517316.1	0	N/A	25.097	259	49	2.06e-12	72.8	terminal uridylyltransferase 7 isoform X1 [Homo sapiens]	TRUE	Tut7
XP_014671434.1	XP_011517315.1	0	N/A	25.097	259	49	2.06e-12	72.8	terminal uridylyltransferase 7 isoform X1 [Homo sapiens]	TRUE	Tut7
XP_014671434.1	XP_011517314.1	0	N/A	25.097	259	49	2.06e-12	72.8	terminal uridylyltransferase 7 isoform X1 [Homo sapiens]	TRUE	Tut7
XP_014671434.1	XP_011517313.1	0	N/A	25.097	259	49	2.06e-12	72.8	terminal uridylyltransferase 7 isoform X1 [Homo sapiens]	TRUE	Tut7
XP_014671434.1	XP_047279825.1	0	N/A	25.097	259	49	2.34e-12	72.4	terminal uridylyltransferase 7 isoform X6 [Homo sapiens]	TRUE	Tut7
XP_014671434.1	XP_047279824.1	0	N/A	25.097	259	49	2.34e-12	72.4	terminal uridylyltransferase 7 isoform X6 [Homo sapiens]	TRUE	Tut7
XP_014671434.1	XP_005252264.1	0	N/A	25.097	259	49	2.34e-12	72.4	terminal uridylyltransferase 7 isoform X6 [Homo sapiens]	TRUE	Tut7
XP_014671434.1	XP_016870620.1	0	N/A	25.097	259	49	2.47e-12	72.4	terminal uridylyltransferase 7 isoform X4 [Homo sapiens]	TRUE	Tut7
XP_014671434.1	XP_016870619.1	0	N/A	25.097	259	49	2.47e-12	72.4	terminal uridylyltransferase 7 isoform X4 [Homo sapiens]	TRUE	Tut7
XP_014671434.1	NP_078893.2	0	N/A	25.097	259	49	2.47e-12	72.4	terminal uridylyltransferase 7 isoform 1 [Homo sapiens]	TRUE	Tut7
XP_014671434.1	NP_001171988.1	0	N/A	25.097	259	49	2.47e-12	72.4	terminal uridylyltransferase 7 isoform 1 [Homo sapiens]	TRUE	Tut7
XP_014671434.1	XP_011517318.1	0	N/A	25.097	259	49	2.49e-12	72.4	terminal uridylyltransferase 7 isoform X5 [Homo sapiens]	TRUE	Tut7
XP_014671434.1	XP_047279823.1	0	N/A	25.097	259	49	2.51e-12	72.4	terminal uridylyltransferase 7 isoform X2 [Homo sapiens]	TRUE	Tut7
XP_014671434.1	XP_006717346.1	0	N/A	25.097	259	49	2.51e-12	72.4	terminal uridylyltransferase 7 isoform X2 [Homo sapiens]	TRUE	Tut7
XP_014671434.1	XP_011517317.1	0	N/A	25.097	259	49	2.66e-12	72.4	terminal uridylyltransferase 7 isoform X3 [Homo sapiens]	TRUE	Tut7
XP_014671434.1	XP_047272801.1	0	N/A	22.139	402	61	2.98e-12	71.2	poly(A) RNA polymerase GLD2 isoform X1 [Homo sapiens]	TRUE	TENT2
XP_014671434.1	XP_047272800.1	0	N/A	22.139	402	61	2.98e-12	71.2	poly(A) RNA polymerase GLD2 isoform X1 [Homo sapiens]	TRUE	TENT2
XP_014671434.1	XP_011541527.1	0	N/A	22.139	402	61	2.98e-12	71.2	poly(A) RNA polymerase GLD2 isoform X1 [Homo sapiens]	TRUE	TENT2
XP_014671434.1	XP_011541526.1	0	N/A	22.139	402	61	2.98e-12	71.2	poly(A) RNA polymerase GLD2 isoform X1 [Homo sapiens]	TRUE	TENT2
XP_014671434.1	XP_011541523.1	0	N/A	22.139	402	61	2.98e-12	71.2	poly(A) RNA polymerase GLD2 isoform X1 [Homo sapiens]	TRUE	TENT2
XP_014671434.1	XP_011541522.1	0	N/A	22.139	402	61	2.98e-12	71.2	poly(A) RNA polymerase GLD2 isoform X1 [Homo sapiens]	TRUE	TENT2
XP_014671434.1	NP_001375023.1	0	N/A	22.139	402	61	2.98e-12	71.2	poly(A) RNA polymerase GLD2 isoform 5 [Homo sapiens]	TRUE	TENT2
XP_014671434.1	NP_001375022.1	0	N/A	22.139	402	61	2.98e-12	71.2	poly(A) RNA polymerase GLD2 isoform 5 [Homo sapiens]	TRUE	TENT2
XP_014671434.1	NP_001336479.1	0	N/A	22.139	402	61	2.98e-12	71.2	poly(A) RNA polymerase GLD2 isoform 5 [Homo sapiens]	TRUE	TENT2
XP_014681272.1	NP_060579.3	0	N/A	28.431	510	49	2.51e-50	190	poly(A) RNA polymerase, mitochondrial precursor [Homo sapiens]	TRUE	mtPAP
XP_014681272.1	NP_073741.3	0	N/A	36.471	255	25	9.72e-38	155	speckle targeted PIP5K1A-regulated poly(A) polymerase isoform 1 [Homo sapiens]	TRUE	Tut1
XP_014681272.1	XP_016870620.1	0	N/A	28.743	334	32	3.35e-29	129	terminal uridylyltransferase 7 isoform X4 [Homo sapiens]	TRUE	Tut7
XP_014681272.1	XP_016870619.1	0	N/A	28.743	334	32	3.35e-29	129	terminal uridylyltransferase 7 isoform X4 [Homo sapiens]	TRUE	Tut7
XP_014681272.1	NP_078893.2	0	N/A	28.743	334	32	3.35e-29	129	terminal uridylyltransferase 7 isoform 1 [Homo sapiens]	TRUE	Tut7
XP_014681272.1	NP_001171988.1	0	N/A	28.743	334	32	3.35e-29	129	terminal uridylyltransferase 7 isoform 1 [Homo sapiens]	TRUE	Tut7
XP_014681272.1	XP_047279823.1	0	N/A	28.743	334	32	3.38e-29	129	terminal uridylyltransferase 7 isoform X2 [Homo sapiens]	TRUE	Tut7
XP_014681272.1	XP_006717346.1	0	N/A	28.743	334	32	3.38e-29	129	terminal uridylyltransferase 7 isoform X2 [Homo sapiens]	TRUE	Tut7
XP_014681272.1	NP_001317647.1	0	N/A	27.324	355	34	3.79e-29	127	terminal uridylyltransferase 7 isoform 3 [Homo sapiens]	TRUE	Tut7
XP_014681272.1	XP_047279825.1	0	N/A	28.255	361	35	3.88e-29	129	terminal uridylyltransferase 7 isoform X6 [Homo sapiens]	TRUE	Tut7
XP_014681272.1	XP_047279824.1	0	N/A	28.255	361	35	3.88e-29	129	terminal uridylyltransferase 7 isoform X6 [Homo sapiens]	TRUE	Tut7
XP_014681272.1	XP_005252264.1	0	N/A	28.255	361	35	3.88e-29	129	terminal uridylyltransferase 7 isoform X6 [Homo sapiens]	TRUE	Tut7
XP_014681272.1	XP_011517318.1	0	N/A	28.255	361	35	4.1e-29	129	terminal uridylyltransferase 7 isoform X5 [Homo sapiens]	TRUE	Tut7
XP_014681272.1	XP_005252265.1	0	N/A	28.255	361	35	4.72e-29	128	terminal uridylyltransferase 7 isoform X7 [Homo sapiens]	TRUE	Tut7
XP_014681272.1	XP_011517317.1	0	N/A	28.255	361	35	4.95e-29	128	terminal uridylyltransferase 7 isoform X3 [Homo sapiens]	TRUE	Tut7
XP_014681272.1	XP_011517316.1	0	N/A	28.255	361	35	6.17e-29	128	terminal uridylyltransferase 7 isoform X1 [Homo sapiens]	TRUE	Tut7
XP_014681272.1	XP_011517315.1	0	N/A	28.255	361	35	6.17e-29	128	terminal uridylyltransferase 7 isoform X1 [Homo sapiens]	TRUE	Tut7
XP_014681272.1	XP_011517314.1	0	N/A	28.255	361	35	6.17e-29	128	terminal uridylyltransferase 7 isoform X1 [Homo sapiens]	TRUE	Tut7
XP_014681272.1	XP_011517313.1	0	N/A	28.255	361	35	6.17e-29	128	terminal uridylyltransferase 7 isoform X1 [Homo sapiens]	TRUE	Tut7
XP_014681272.1	XP_047272290.1	0	N/A	27.928	333	32	1.39e-26	120	terminal uridylyltransferase 4 isoform X11 [Homo sapiens]	TRUE	Tut4
XP_014681272.1	XP_047272286.1	0	N/A	27.928	333	32	1.5e-26	120	terminal uridylyltransferase 4 isoform X8 [Homo sapiens]	TRUE	Tut4
XP_014681272.1	XP_047272305.1	0	N/A	27.928	333	32	1.79e-26	120	terminal uridylyltransferase 4 isoform X17 [Homo sapiens]	TRUE	Tut4
XP_014681272.1	XP_047272295.1	0	N/A	27.928	333	32	1.89e-26	120	terminal uridylyltransferase 4 isoform X12 [Homo sapiens]	TRUE	Tut4
XP_014681272.1	XP_047272296.1	0	N/A	27.928	333	32	1.95e-26	120	terminal uridylyltransferase 4 isoform X13 [Homo sapiens]	TRUE	Tut4
XP_014681272.1	XP_047272372.1	0	N/A	27.928	333	32	2.02e-26	120	terminal uridylyltransferase 4 isoform X42 [Homo sapiens]	TRUE	Tut4
XP_014681272.1	XP_047272285.1	0	N/A	28.391	317	30	2.08e-26	120	terminal uridylyltransferase 4 isoform X7 [Homo sapiens]	TRUE	Tut4
XP_014681272.1	XP_047272344.1	0	N/A	27.928	333	32	2.21e-26	120	terminal uridylyltransferase 4 isoform X30 [Homo sapiens]	TRUE	Tut4
XP_014681272.1	XP_016856292.1	0	N/A	28.391	317	30	2.48e-26	119	terminal uridylyltransferase 4 isoform X9 [Homo sapiens]	TRUE	Tut4
XP_014681272.1	XP_016856297.1	0	N/A	28.391	317	30	2.52e-26	119	terminal uridylyltransferase 4 isoform X36 [Homo sapiens]	TRUE	Tut4
XP_014681272.1	XP_047272288.1	0	N/A	28.391	317	30	2.56e-26	119	terminal uridylyltransferase 4 isoform X10 [Homo sapiens]	TRUE	Tut4
XP_014681272.1	XP_047272350.1	0	N/A	27.928	333	32	2.61e-26	119	terminal uridylyltransferase 4 isoform X34 [Homo sapiens]	TRUE	Tut4
XP_014681272.1	XP_047272280.1	0	N/A	28.391	317	30	2.77e-26	119	terminal uridylyltransferase 4 isoform X3 [Homo sapiens]	TRUE	Tut4
XP_014681272.1	XP_005270736.1	0	N/A	28.391	317	30	2.77e-26	119	terminal uridylyltransferase 4 isoform X3 [Homo sapiens]	TRUE	Tut4
XP_014681272.1	XP_047272345.1	0	N/A	28.391	317	30	2.83e-26	119	terminal uridylyltransferase 4 isoform X31 [Homo sapiens]	TRUE	Tut4
XP_014681272.1	XP_016856293.1	0	N/A	28.391	317	30	2.96e-26	119	terminal uridylyltransferase 4 isoform X16 [Homo sapiens]	TRUE	Tut4
XP_014681272.1	XP_005270735.1	0	N/A	28.391	317	30	2.99e-26	119	terminal uridylyltransferase 4 isoform X2 [Homo sapiens]	TRUE	Tut4
XP_014681272.1	XP_011539399.1	0	N/A	28.391	317	30	2.99e-26	119	terminal uridylyltransferase 4 isoform X1 [Homo sapiens]	TRUE	Tut4
XP_014681272.1	XP_005270733.1	0	N/A	28.391	317	30	2.99e-26	119	terminal uridylyltransferase 4 isoform X1 [Homo sapiens]	TRUE	Tut4
XP_014681272.1	XP_005270739.1	0	N/A	28.391	317	30	2.99e-26	119	terminal uridylyltransferase 4 isoform X33 [Homo sapiens]	TRUE	Tut4
XP_014681272.1	XP_011539401.1	0	N/A	28.391	317	30	3.16e-26	119	terminal uridylyltransferase 4 isoform X29 [Homo sapiens]	TRUE	Tut4
XP_014681272.1	XP_047272281.1	0	N/A	28.391	317	30	3.42e-26	119	terminal uridylyltransferase 4 isoform X4 [Homo sapiens]	TRUE	Tut4
XP_014681272.1	NP_001009881.1	0	N/A	28.391	317	30	3.42e-26	119	terminal uridylyltransferase 4 isoform a [Homo sapiens]	TRUE	Tut4
XP_014681272.1	XP_047272282.1	0	N/A	28.391	317	30	3.54e-26	119	terminal uridylyltransferase 4 isoform X5 [Homo sapiens]	TRUE	Tut4
XP_014681272.1	NP_056084.1	0	N/A	28.391	317	30	3.54e-26	119	terminal uridylyltransferase 4 isoform b [Homo sapiens]	TRUE	Tut4
XP_014681272.1	XP_047272325.1	0	N/A	28.391	317	30	3.59e-26	119	terminal uridylyltransferase 4 isoform X23 [Homo sapiens]	TRUE	Tut4
XP_014681272.1	XP_016856299.1	0	N/A	28.391	317	30	3.66e-26	119	terminal uridylyltransferase 4 isoform X40 [Homo sapiens]	TRUE	Tut4
XP_014681272.1	XP_047272283.1	0	N/A	28.391	317	30	3.69e-26	119	terminal uridylyltransferase 4 isoform X6 [Homo sapiens]	TRUE	Tut4
XP_014681272.1	XP_005270737.1	0	N/A	28.391	317	30	3.69e-26	119	terminal uridylyltransferase 4 isoform X6 [Homo sapiens]	TRUE	Tut4
XP_014681272.1	XP_047272365.1	0	N/A	28.391	317	30	3.82e-26	119	terminal uridylyltransferase 4 isoform X38 [Homo sapiens]	TRUE	Tut4
XP_014681272.1	XP_016856295.1	0	N/A	28.391	317	30	3.94e-26	119	terminal uridylyltransferase 4 isoform X25 [Homo sapiens]	TRUE	Tut4
XP_014681272.1	XP_047272337.1	0	N/A	28.391	317	30	4.59e-26	119	terminal uridylyltransferase 4 isoform X27 [Homo sapiens]	TRUE	Tut4
XP_014681272.1	XP_016856296.1	0	N/A	28.391	317	30	4.83e-26	119	terminal uridylyltransferase 4 isoform X28 [Homo sapiens]	TRUE	Tut4
XP_014681272.1	XP_047272384.1	0	N/A	28.391	317	30	9.6e-26	117	terminal uridylyltransferase 4 isoform X46 [Homo sapiens]	TRUE	Tut4
XP_014681272.1	NP_001172003.1	0	N/A	29.839	248	24	4.19e-25	115	terminal uridylyltransferase 7 isoform 2 [Homo sapiens]	TRUE	Tut7
XP_014681272.1	NP_001354835.1	0	N/A	31.188	202	20	1.38e-23	108	speckle targeted PIP5K1A-regulated poly(A) polymerase isoform 2 [Homo sapiens]	TRUE	Tut1
XP_014681272.1	XP_047272805.1	0	N/A	28.024	339	33	1.58e-22	105	poly(A) RNA polymerase GLD2 isoform X2 [Homo sapiens]	TRUE	TENT2
XP_014681272.1	XP_047272804.1	0	N/A	28.024	339	33	1.58e-22	105	poly(A) RNA polymerase GLD2 isoform X2 [Homo sapiens]	TRUE	TENT2
XP_014681272.1	XP_047272803.1	0	N/A	28.024	339	33	1.58e-22	105	poly(A) RNA polymerase GLD2 isoform X2 [Homo sapiens]	TRUE	TENT2
XP_014681272.1	XP_047272802.1	0	N/A	28.024	339	33	1.58e-22	105	poly(A) RNA polymerase GLD2 isoform X2 [Homo sapiens]	TRUE	TENT2
XP_014681272.1	XP_016864641.1	0	N/A	28.024	339	33	1.58e-22	105	poly(A) RNA polymerase GLD2 isoform X2 [Homo sapiens]	TRUE	TENT2
XP_014681272.1	NP_001375026.1	0	N/A	28.024	339	33	1.58e-22	105	poly(A) RNA polymerase GLD2 isoform 6 [Homo sapiens]	TRUE	TENT2
XP_014681272.1	NP_001375025.1	0	N/A	28.024	339	33	1.58e-22	105	poly(A) RNA polymerase GLD2 isoform 6 [Homo sapiens]	TRUE	TENT2
XP_014681272.1	NP_001375024.1	0	N/A	28.024	339	33	1.58e-22	105	poly(A) RNA polymerase GLD2 isoform 6 [Homo sapiens]	TRUE	TENT2
XP_014681272.1	NP_001336480.1	0	N/A	28.024	339	33	1.58e-22	105	poly(A) RNA polymerase GLD2 isoform 6 [Homo sapiens]	TRUE	TENT2
XP_014681272.1	NP_001375027.1	0	N/A	28.024	339	33	1.77e-22	105	poly(A) RNA polymerase GLD2 isoform 7 [Homo sapiens]	TRUE	TENT2
XP_014681272.1	XP_047272811.1	0	N/A	27.139	339	33	3.22e-22	103	poly(A) RNA polymerase GLD2 isoform X4 [Homo sapiens]	TRUE	TENT2
XP_014681272.1	XP_047272810.1	0	N/A	27.139	339	33	3.22e-22	103	poly(A) RNA polymerase GLD2 isoform X4 [Homo sapiens]	TRUE	TENT2
XP_014681272.1	XP_047272809.1	0	N/A	27.139	339	33	3.22e-22	103	poly(A) RNA polymerase GLD2 isoform X4 [Homo sapiens]	TRUE	TENT2
XP_014681272.1	NP_001375058.1	0	N/A	27.139	339	33	3.22e-22	103	poly(A) RNA polymerase GLD2 isoform 2 [Homo sapiens]	TRUE	TENT2
XP_014681272.1	NP_001375057.1	0	N/A	27.139	339	33	3.22e-22	103	poly(A) RNA polymerase GLD2 isoform 2 [Homo sapiens]	TRUE	TENT2
XP_014681272.1	NP_001375056.1	0	N/A	27.139	339	33	3.22e-22	103	poly(A) RNA polymerase GLD2 isoform 2 [Homo sapiens]	TRUE	TENT2
XP_014681272.1	NP_001375055.1	0	N/A	27.139	339	33	3.22e-22	103	poly(A) RNA polymerase GLD2 isoform 2 [Homo sapiens]	TRUE	TENT2
XP_014681272.1	NP_001375054.1	0	N/A	27.139	339	33	3.22e-22	103	poly(A) RNA polymerase GLD2 isoform 2 [Homo sapiens]	TRUE	TENT2
XP_014681272.1	NP_001375053.1	0	N/A	27.139	339	33	3.22e-22	103	poly(A) RNA polymerase GLD2 isoform 2 [Homo sapiens]	TRUE	TENT2
XP_014681272.1	NP_001375052.1	0	N/A	27.139	339	33	3.22e-22	103	poly(A) RNA polymerase GLD2 isoform 2 [Homo sapiens]	TRUE	TENT2
XP_014681272.1	NP_001375051.1	0	N/A	27.139	339	33	3.22e-22	103	poly(A) RNA polymerase GLD2 isoform 2 [Homo sapiens]	TRUE	TENT2
XP_014681272.1	NP_001375050.1	0	N/A	27.139	339	33	3.22e-22	103	poly(A) RNA polymerase GLD2 isoform 2 [Homo sapiens]	TRUE	TENT2
XP_014681272.1	NP_001375049.1	0	N/A	27.139	339	33	3.22e-22	103	poly(A) RNA polymerase GLD2 isoform 2 [Homo sapiens]	TRUE	TENT2
XP_014681272.1	NP_001375048.1	0	N/A	27.139	339	33	3.22e-22	103	poly(A) RNA polymerase GLD2 isoform 2 [Homo sapiens]	TRUE	TENT2
XP_014681272.1	NP_001375047.1	0	N/A	27.139	339	33	3.22e-22	103	poly(A) RNA polymerase GLD2 isoform 2 [Homo sapiens]	TRUE	TENT2
XP_014681272.1	NP_001375046.1	0	N/A	27.139	339	33	3.22e-22	103	poly(A) RNA polymerase GLD2 isoform 2 [Homo sapiens]	TRUE	TENT2
XP_014681272.1	NP_001375045.1	0	N/A	27.139	339	33	3.22e-22	103	poly(A) RNA polymerase GLD2 isoform 2 [Homo sapiens]	TRUE	TENT2
XP_014681272.1	NP_001375044.1	0	N/A	27.139	339	33	3.22e-22	103	poly(A) RNA polymerase GLD2 isoform 2 [Homo sapiens]	TRUE	TENT2
XP_014681272.1	NP_001375043.1	0	N/A	27.139	339	33	3.22e-22	103	poly(A) RNA polymerase GLD2 isoform 2 [Homo sapiens]	TRUE	TENT2
XP_014681272.1	NP_001336483.1	0	N/A	27.139	339	33	3.22e-22	103	poly(A) RNA polymerase GLD2 isoform 2 [Homo sapiens]	TRUE	TENT2
XP_014681272.1	NP_001284673.1	0	N/A	27.139	339	33	3.22e-22	103	poly(A) RNA polymerase GLD2 isoform 2 [Homo sapiens]	TRUE	TENT2
XP_014681272.1	NP_001375059.1	0	N/A	27.139	339	33	3.31e-22	103	poly(A) RNA polymerase GLD2 isoform 10 [Homo sapiens]	TRUE	TENT2
XP_014681272.1	NP_001375061.1	0	N/A	27.139	339	33	3.83e-22	103	poly(A) RNA polymerase GLD2 isoform 12 [Homo sapiens]	TRUE	TENT2
XP_014681272.1	NP_001375065.1	0	N/A	27.139	339	33	3.98e-22	102	poly(A) RNA polymerase GLD2 isoform 14 [Homo sapiens]	TRUE	TENT2
XP_014681272.1	XP_047272801.1	0	N/A	27.729	339	33	2.43e-21	101	poly(A) RNA polymerase GLD2 isoform X1 [Homo sapiens]	TRUE	TENT2
XP_014681272.1	XP_047272800.1	0	N/A	27.729	339	33	2.43e-21	101	poly(A) RNA polymerase GLD2 isoform X1 [Homo sapiens]	TRUE	TENT2
XP_014681272.1	XP_011541527.1	0	N/A	27.729	339	33	2.43e-21	101	poly(A) RNA polymerase GLD2 isoform X1 [Homo sapiens]	TRUE	TENT2
XP_014681272.1	XP_011541526.1	0	N/A	27.729	339	33	2.43e-21	101	poly(A) RNA polymerase GLD2 isoform X1 [Homo sapiens]	TRUE	TENT2
XP_014681272.1	XP_011541523.1	0	N/A	27.729	339	33	2.43e-21	101	poly(A) RNA polymerase GLD2 isoform X1 [Homo sapiens]	TRUE	TENT2
XP_014681272.1	XP_011541522.1	0	N/A	27.729	339	33	2.43e-21	101	poly(A) RNA polymerase GLD2 isoform X1 [Homo sapiens]	TRUE	TENT2
XP_014681272.1	NP_001375023.1	0	N/A	27.729	339	33	2.43e-21	101	poly(A) RNA polymerase GLD2 isoform 5 [Homo sapiens]	TRUE	TENT2
XP_014681272.1	NP_001375022.1	0	N/A	27.729	339	33	2.43e-21	101	poly(A) RNA polymerase GLD2 isoform 5 [Homo sapiens]	TRUE	TENT2
XP_014681272.1	NP_001336479.1	0	N/A	27.729	339	33	2.43e-21	101	poly(A) RNA polymerase GLD2 isoform 5 [Homo sapiens]	TRUE	TENT2
XP_014681272.1	NP_001336478.1	0	N/A	27.729	339	33	2.43e-21	101	poly(A) RNA polymerase GLD2 isoform 5 [Homo sapiens]	TRUE	TENT2
XP_014681272.1	XP_047272808.1	0	N/A	26.844	339	33	8.83e-21	99.8	poly(A) RNA polymerase GLD2 isoform X3 [Homo sapiens]	TRUE	TENT2
XP_014681435.1	XP_047272811.1	0	N/A	36.364	484	84	2.45e-81	264	poly(A) RNA polymerase GLD2 isoform X4 [Homo sapiens]	TRUE	TENT2
XP_014681435.1	XP_047272810.1	0	N/A	36.364	484	84	2.45e-81	264	poly(A) RNA polymerase GLD2 isoform X4 [Homo sapiens]	TRUE	TENT2
XP_014681435.1	XP_047272809.1	0	N/A	36.364	484	84	2.45e-81	264	poly(A) RNA polymerase GLD2 isoform X4 [Homo sapiens]	TRUE	TENT2
XP_014681435.1	NP_001375058.1	0	N/A	36.364	484	84	2.45e-81	264	poly(A) RNA polymerase GLD2 isoform 2 [Homo sapiens]	TRUE	TENT2
XP_014681435.1	NP_001375057.1	0	N/A	36.364	484	84	2.45e-81	264	poly(A) RNA polymerase GLD2 isoform 2 [Homo sapiens]	TRUE	TENT2
XP_014681435.1	NP_001375056.1	0	N/A	36.364	484	84	2.45e-81	264	poly(A) RNA polymerase GLD2 isoform 2 [Homo sapiens]	TRUE	TENT2
XP_014681435.1	NP_001375055.1	0	N/A	36.364	484	84	2.45e-81	264	poly(A) RNA polymerase GLD2 isoform 2 [Homo sapiens]	TRUE	TENT2
XP_014681435.1	NP_001375054.1	0	N/A	36.364	484	84	2.45e-81	264	poly(A) RNA polymerase GLD2 isoform 2 [Homo sapiens]	TRUE	TENT2
XP_014681435.1	NP_001375053.1	0	N/A	36.364	484	84	2.45e-81	264	poly(A) RNA polymerase GLD2 isoform 2 [Homo sapiens]	TRUE	TENT2
XP_014681435.1	NP_001375052.1	0	N/A	36.364	484	84	2.45e-81	264	poly(A) RNA polymerase GLD2 isoform 2 [Homo sapiens]	TRUE	TENT2
XP_014681435.1	NP_001375051.1	0	N/A	36.364	484	84	2.45e-81	264	poly(A) RNA polymerase GLD2 isoform 2 [Homo sapiens]	TRUE	TENT2
XP_014681435.1	NP_001375050.1	0	N/A	36.364	484	84	2.45e-81	264	poly(A) RNA polymerase GLD2 isoform 2 [Homo sapiens]	TRUE	TENT2
XP_014681435.1	NP_001375049.1	0	N/A	36.364	484	84	2.45e-81	264	poly(A) RNA polymerase GLD2 isoform 2 [Homo sapiens]	TRUE	TENT2
XP_014681435.1	NP_001375048.1	0	N/A	36.364	484	84	2.45e-81	264	poly(A) RNA polymerase GLD2 isoform 2 [Homo sapiens]	TRUE	TENT2
XP_014681435.1	NP_001375047.1	0	N/A	36.364	484	84	2.45e-81	264	poly(A) RNA polymerase GLD2 isoform 2 [Homo sapiens]	TRUE	TENT2
XP_014681435.1	NP_001375046.1	0	N/A	36.364	484	84	2.45e-81	264	poly(A) RNA polymerase GLD2 isoform 2 [Homo sapiens]	TRUE	TENT2
XP_014681435.1	NP_001375045.1	0	N/A	36.364	484	84	2.45e-81	264	poly(A) RNA polymerase GLD2 isoform 2 [Homo sapiens]	TRUE	TENT2
XP_014681435.1	NP_001375044.1	0	N/A	36.364	484	84	2.45e-81	264	poly(A) RNA polymerase GLD2 isoform 2 [Homo sapiens]	TRUE	TENT2
XP_014681435.1	NP_001375043.1	0	N/A	36.364	484	84	2.45e-81	264	poly(A) RNA polymerase GLD2 isoform 2 [Homo sapiens]	TRUE	TENT2
XP_014681435.1	NP_001336483.1	0	N/A	36.364	484	84	2.45e-81	264	poly(A) RNA polymerase GLD2 isoform 2 [Homo sapiens]	TRUE	TENT2
XP_014681435.1	NP_001284673.1	0	N/A	36.364	484	84	2.45e-81	264	poly(A) RNA polymerase GLD2 isoform 2 [Homo sapiens]	TRUE	TENT2
XP_014681435.1	NP_001375065.1	0	N/A	42.202	327	60	1.39e-79	255	poly(A) RNA polymerase GLD2 isoform 14 [Homo sapiens]	TRUE	TENT2
XP_014681435.1	NP_001375059.1	0	N/A	35.818	483	84	1.69e-79	259	poly(A) RNA polymerase GLD2 isoform 10 [Homo sapiens]	TRUE	TENT2
XP_014681435.1	XP_047272808.1	0	N/A	36.066	488	84	1.81e-79	259	poly(A) RNA polymerase GLD2 isoform X3 [Homo sapiens]	TRUE	TENT2
XP_014681435.1	XP_047272807.1	0	N/A	36.066	488	84	1.81e-79	259	poly(A) RNA polymerase GLD2 isoform X3 [Homo sapiens]	TRUE	TENT2
XP_014681435.1	XP_047272806.1	0	N/A	36.066	488	84	1.81e-79	259	poly(A) RNA polymerase GLD2 isoform X3 [Homo sapiens]	TRUE	TENT2
XP_014681435.1	NP_776158.2	0	N/A	36.066	488	84	1.81e-79	259	poly(A) RNA polymerase GLD2 isoform 1 [Homo sapiens]	TRUE	TENT2
XP_014681435.1	NP_001375041.1	0	N/A	36.066	488	84	1.81e-79	259	poly(A) RNA polymerase GLD2 isoform 1 [Homo sapiens]	TRUE	TENT2
XP_014681435.1	NP_001375040.1	0	N/A	36.066	488	84	1.81e-79	259	poly(A) RNA polymerase GLD2 isoform 1 [Homo sapiens]	TRUE	TENT2
XP_014681435.1	NP_001375039.1	0	N/A	36.066	488	84	1.81e-79	259	poly(A) RNA polymerase GLD2 isoform 1 [Homo sapiens]	TRUE	TENT2
XP_014681435.1	NP_001375038.1	0	N/A	36.066	488	84	1.81e-79	259	poly(A) RNA polymerase GLD2 isoform 1 [Homo sapiens]	TRUE	TENT2
XP_014681435.1	NP_001375037.1	0	N/A	36.066	488	84	1.81e-79	259	poly(A) RNA polymerase GLD2 isoform 1 [Homo sapiens]	TRUE	TENT2
XP_014681435.1	NP_001375036.1	0	N/A	36.066	488	84	1.81e-79	259	poly(A) RNA polymerase GLD2 isoform 1 [Homo sapiens]	TRUE	TENT2
XP_014681435.1	NP_001375035.1	0	N/A	36.066	488	84	1.81e-79	259	poly(A) RNA polymerase GLD2 isoform 1 [Homo sapiens]	TRUE	TENT2
XP_014681435.1	NP_001375034.1	0	N/A	36.066	488	84	1.81e-79	259	poly(A) RNA polymerase GLD2 isoform 1 [Homo sapiens]	TRUE	TENT2
XP_014681435.1	NP_001375032.1	0	N/A	36.066	488	84	1.81e-79	259	poly(A) RNA polymerase GLD2 isoform 1 [Homo sapiens]	TRUE	TENT2
XP_014681435.1	NP_001375031.1	0	N/A	36.066	488	84	1.81e-79	259	poly(A) RNA polymerase GLD2 isoform 1 [Homo sapiens]	TRUE	TENT2
XP_014681435.1	NP_001336482.1	0	N/A	36.066	488	84	1.81e-79	259	poly(A) RNA polymerase GLD2 isoform 1 [Homo sapiens]	TRUE	TENT2
XP_014681435.1	NP_001336481.1	0	N/A	36.066	488	84	1.81e-79	259	poly(A) RNA polymerase GLD2 isoform 1 [Homo sapiens]	TRUE	TENT2
XP_014681435.1	NP_001107866.1	0	N/A	36.066	488	84	1.81e-79	259	poly(A) RNA polymerase GLD2 isoform 1 [Homo sapiens]	TRUE	TENT2
XP_014681435.1	NP_001107865.1	0	N/A	36.066	488	84	1.81e-79	259	poly(A) RNA polymerase GLD2 isoform 1 [Homo sapiens]	TRUE	TENT2
XP_014681435.1	NP_001375061.1	0	N/A	42.202	327	60	4.68e-79	257	poly(A) RNA polymerase GLD2 isoform 12 [Homo sapiens]	TRUE	TENT2
XP_014681435.1	NP_001375030.1	0	N/A	35.83	494	84	1.39e-78	257	poly(A) RNA polymerase GLD2 isoform 9 [Homo sapiens]	TRUE	TENT2
XP_014681435.1	XP_047272805.1	0	N/A	34.578	509	84	4.78e-78	256	poly(A) RNA polymerase GLD2 isoform X2 [Homo sapiens]	TRUE	TENT2
XP_014681435.1	XP_047272804.1	0	N/A	34.578	509	84	4.78e-78	256	poly(A) RNA polymerase GLD2 isoform X2 [Homo sapiens]	TRUE	TENT2
XP_014681435.1	XP_047272803.1	0	N/A	34.578	509	84	4.78e-78	256	poly(A) RNA polymerase GLD2 isoform X2 [Homo sapiens]	TRUE	TENT2
XP_014681435.1	XP_047272802.1	0	N/A	34.578	509	84	4.78e-78	256	poly(A) RNA polymerase GLD2 isoform X2 [Homo sapiens]	TRUE	TENT2
XP_014681435.1	XP_016864641.1	0	N/A	34.578	509	84	4.78e-78	256	poly(A) RNA polymerase GLD2 isoform X2 [Homo sapiens]	TRUE	TENT2
XP_014681435.1	NP_001375026.1	0	N/A	34.578	509	84	4.78e-78	256	poly(A) RNA polymerase GLD2 isoform 6 [Homo sapiens]	TRUE	TENT2
XP_014681435.1	NP_001375025.1	0	N/A	34.578	509	84	4.78e-78	256	poly(A) RNA polymerase GLD2 isoform 6 [Homo sapiens]	TRUE	TENT2
XP_014681435.1	NP_001375024.1	0	N/A	34.578	509	84	4.78e-78	256	poly(A) RNA polymerase GLD2 isoform 6 [Homo sapiens]	TRUE	TENT2
XP_014681435.1	NP_001336480.1	0	N/A	34.578	509	84	4.78e-78	256	poly(A) RNA polymerase GLD2 isoform 6 [Homo sapiens]	TRUE	TENT2
XP_014681435.1	NP_001375042.1	0	N/A	35.524	487	84	1.33e-77	254	poly(A) RNA polymerase GLD2 isoform 16 [Homo sapiens]	TRUE	TENT2
XP_014681435.1	NP_001375060.1	0	N/A	41.692	331	60	4.29e-77	252	poly(A) RNA polymerase GLD2 isoform 11 [Homo sapiens]	TRUE	TENT2
XP_014681435.1	NP_001375029.1	0	N/A	35.542	498	84	1.18e-76	252	poly(A) RNA polymerase GLD2 isoform 8 [Homo sapiens]	TRUE	TENT2
XP_014681435.1	NP_001375028.1	0	N/A	35.542	498	84	1.18e-76	252	poly(A) RNA polymerase GLD2 isoform 8 [Homo sapiens]	TRUE	TENT2
XP_014681435.1	XP_047272801.1	0	N/A	34.308	513	84	2.17e-76	252	poly(A) RNA polymerase GLD2 isoform X1 [Homo sapiens]	TRUE	TENT2
XP_014681435.1	XP_047272800.1	0	N/A	34.308	513	84	2.17e-76	252	poly(A) RNA polymerase GLD2 isoform X1 [Homo sapiens]	TRUE	TENT2
XP_014681435.1	XP_011541527.1	0	N/A	34.308	513	84	2.17e-76	252	poly(A) RNA polymerase GLD2 isoform X1 [Homo sapiens]	TRUE	TENT2
XP_014681435.1	XP_011541526.1	0	N/A	34.308	513	84	2.17e-76	252	poly(A) RNA polymerase GLD2 isoform X1 [Homo sapiens]	TRUE	TENT2
XP_014681435.1	XP_011541523.1	0	N/A	34.308	513	84	2.17e-76	252	poly(A) RNA polymerase GLD2 isoform X1 [Homo sapiens]	TRUE	TENT2
XP_014681435.1	XP_011541522.1	0	N/A	34.308	513	84	2.17e-76	252	poly(A) RNA polymerase GLD2 isoform X1 [Homo sapiens]	TRUE	TENT2
XP_014681435.1	NP_001375023.1	0	N/A	34.308	513	84	2.17e-76	252	poly(A) RNA polymerase GLD2 isoform 5 [Homo sapiens]	TRUE	TENT2
XP_014681435.1	NP_001375022.1	0	N/A	34.308	513	84	2.17e-76	252	poly(A) RNA polymerase GLD2 isoform 5 [Homo sapiens]	TRUE	TENT2
XP_014681435.1	NP_001336479.1	0	N/A	34.308	513	84	2.17e-76	252	poly(A) RNA polymerase GLD2 isoform 5 [Homo sapiens]	TRUE	TENT2
XP_014681435.1	NP_001336478.1	0	N/A	34.308	513	84	2.17e-76	252	poly(A) RNA polymerase GLD2 isoform 5 [Homo sapiens]	TRUE	TENT2
XP_014681435.1	NP_001375027.1	0	N/A	34.055	508	84	2.41e-76	251	poly(A) RNA polymerase GLD2 isoform 7 [Homo sapiens]	TRUE	TENT2
XP_014681435.1	NP_001336477.1	0	N/A	44.867	263	48	1.93e-65	215	poly(A) RNA polymerase GLD2 isoform 4 [Homo sapiens]	TRUE	TENT2
XP_014681435.1	XP_047272820.1	0	N/A	45.935	246	45	2.94e-64	212	poly(A) RNA polymerase GLD2 isoform X11 [Homo sapiens]	TRUE	TENT2
XP_014681435.1	XP_047272815.1	0	N/A	30.849	483	84	3.3e-54	191	poly(A) RNA polymerase GLD2 isoform X7 [Homo sapiens]	TRUE	TENT2
XP_014681435.1	NP_001375064.1	0	N/A	30.849	483	84	3.3e-54	191	poly(A) RNA polymerase GLD2 isoform 13 [Homo sapiens]	TRUE	TENT2
XP_014681435.1	NP_001375063.1	0	N/A	30.849	483	84	3.3e-54	191	poly(A) RNA polymerase GLD2 isoform 13 [Homo sapiens]	TRUE	TENT2
XP_014681435.1	NP_001375066.1	0	N/A	46.445	211	39	5.6e-53	183	poly(A) RNA polymerase GLD2 isoform 15 [Homo sapiens]	TRUE	TENT2
XP_014681435.1	XP_047272814.1	0	N/A	30.595	487	84	1.76e-52	186	poly(A) RNA polymerase GLD2 isoform X6 [Homo sapiens]	TRUE	TENT2
XP_014681435.1	XP_047272813.1	0	N/A	30.595	487	84	1.76e-52	186	poly(A) RNA polymerase GLD2 isoform X6 [Homo sapiens]	TRUE	TENT2
XP_014681435.1	XP_047272812.1	0	N/A	30.595	487	84	1.76e-52	186	poly(A) RNA polymerase GLD2 isoform X6 [Homo sapiens]	TRUE	TENT2
XP_014681435.1	NP_001375062.1	0	N/A	30.595	487	84	1.76e-52	186	poly(A) RNA polymerase GLD2 isoform 3 [Homo sapiens]	TRUE	TENT2
XP_014681435.1	NP_001284674.1	0	N/A	30.595	487	84	1.76e-52	186	poly(A) RNA polymerase GLD2 isoform 3 [Homo sapiens]	TRUE	TENT2
XP_014681435.1	XP_011541531.1	0	N/A	29.102	512	84	1.39e-49	179	poly(A) RNA polymerase GLD2 isoform X5 [Homo sapiens]	TRUE	TENT2
XP_014681435.1	XP_047272818.1	0	N/A	35.465	344	57	5.26e-48	172	poly(A) RNA polymerase GLD2 isoform X10 [Homo sapiens]	TRUE	TENT2
XP_014681435.1	XP_047272817.1	0	N/A	33.425	365	57	1.22e-46	169	poly(A) RNA polymerase GLD2 isoform X9 [Homo sapiens]	TRUE	TENT2
XP_014681435.1	XP_047272816.1	0	N/A	33.062	369	57	6.02e-45	164	poly(A) RNA polymerase GLD2 isoform X8 [Homo sapiens]	TRUE	TENT2
XP_014681435.1	NP_001317647.1	0	N/A	31.786	280	50	9.72e-35	141	terminal uridylyltransferase 7 isoform 3 [Homo sapiens]	TRUE	Tut7
XP_014681435.1	XP_047279823.1	0	N/A	32.143	280	50	9.82e-35	142	terminal uridylyltransferase 7 isoform X2 [Homo sapiens]	TRUE	Tut7
XP_014681435.1	XP_006717346.1	0	N/A	32.143	280	50	9.82e-35	142	terminal uridylyltransferase 7 isoform X2 [Homo sapiens]	TRUE	Tut7
XP_014681435.1	XP_005252265.1	0	N/A	31.786	280	50	1.05e-34	142	terminal uridylyltransferase 7 isoform X7 [Homo sapiens]	TRUE	Tut7
XP_014681435.1	XP_016870620.1	0	N/A	32.143	280	50	1.15e-34	142	terminal uridylyltransferase 7 isoform X4 [Homo sapiens]	TRUE	Tut7
XP_014681435.1	XP_016870619.1	0	N/A	32.143	280	50	1.15e-34	142	terminal uridylyltransferase 7 isoform X4 [Homo sapiens]	TRUE	Tut7
XP_014681435.1	NP_078893.2	0	N/A	32.143	280	50	1.15e-34	142	terminal uridylyltransferase 7 isoform 1 [Homo sapiens]	TRUE	Tut7
XP_014681435.1	NP_001171988.1	0	N/A	32.143	280	50	1.15e-34	142	terminal uridylyltransferase 7 isoform 1 [Homo sapiens]	TRUE	Tut7
XP_014681435.1	XP_011517318.1	0	N/A	32.143	280	50	1.2e-34	142	terminal uridylyltransferase 7 isoform X5 [Homo sapiens]	TRUE	Tut7
XP_014681435.1	XP_047279825.1	0	N/A	32.143	280	50	1.31e-34	142	terminal uridylyltransferase 7 isoform X6 [Homo sapiens]	TRUE	Tut7
XP_014681435.1	XP_047279824.1	0	N/A	32.143	280	50	1.31e-34	142	terminal uridylyltransferase 7 isoform X6 [Homo sapiens]	TRUE	Tut7
XP_014681435.1	XP_005252264.1	0	N/A	32.143	280	50	1.31e-34	142	terminal uridylyltransferase 7 isoform X6 [Homo sapiens]	TRUE	Tut7
XP_014681435.1	XP_011517317.1	0	N/A	32.143	280	50	1.36e-34	142	terminal uridylyltransferase 7 isoform X3 [Homo sapiens]	TRUE	Tut7
XP_014681435.1	XP_011517316.1	0	N/A	32.143	280	50	1.42e-34	141	terminal uridylyltransferase 7 isoform X1 [Homo sapiens]	TRUE	Tut7
XP_014681435.1	XP_011517315.1	0	N/A	32.143	280	50	1.42e-34	141	terminal uridylyltransferase 7 isoform X1 [Homo sapiens]	TRUE	Tut7
XP_014681435.1	XP_011517314.1	0	N/A	32.143	280	50	1.42e-34	141	terminal uridylyltransferase 7 isoform X1 [Homo sapiens]	TRUE	Tut7
XP_014681435.1	XP_011517313.1	0	N/A	32.143	280	50	1.42e-34	141	terminal uridylyltransferase 7 isoform X1 [Homo sapiens]	TRUE	Tut7
XP_014681435.1	XP_047272286.1	0	N/A	32.13	277	49	2.92e-33	137	terminal uridylyltransferase 4 isoform X8 [Homo sapiens]	TRUE	Tut4
XP_014775237.1	NP_060579.3	0	N/A	33.191	470	88	6.98e-79	259	poly(A) RNA polymerase, mitochondrial precursor [Homo sapiens]	TRUE	mtPAP
XP_014775237.1	NP_001375065.1	0	N/A	26.888	331	62	4.07e-23	103	poly(A) RNA polymerase GLD2 isoform 14 [Homo sapiens]	TRUE	TENT2
XP_014775237.1	XP_047272811.1	0	N/A	26.888	331	62	8.97e-23	103	poly(A) RNA polymerase GLD2 isoform X4 [Homo sapiens]	TRUE	TENT2
XP_014775237.1	XP_047272810.1	0	N/A	26.888	331	62	8.97e-23	103	poly(A) RNA polymerase GLD2 isoform X4 [Homo sapiens]	TRUE	TENT2
XP_014775237.1	XP_047272809.1	0	N/A	26.888	331	62	8.97e-23	103	poly(A) RNA polymerase GLD2 isoform X4 [Homo sapiens]	TRUE	TENT2
XP_014775237.1	NP_001375058.1	0	N/A	26.888	331	62	8.97e-23	103	poly(A) RNA polymerase GLD2 isoform 2 [Homo sapiens]	TRUE	TENT2
XP_014775237.1	NP_001375057.1	0	N/A	26.888	331	62	8.97e-23	103	poly(A) RNA polymerase GLD2 isoform 2 [Homo sapiens]	TRUE	TENT2
XP_014775237.1	NP_001375056.1	0	N/A	26.888	331	62	8.97e-23	103	poly(A) RNA polymerase GLD2 isoform 2 [Homo sapiens]	TRUE	TENT2
XP_014775237.1	NP_001375055.1	0	N/A	26.888	331	62	8.97e-23	103	poly(A) RNA polymerase GLD2 isoform 2 [Homo sapiens]	TRUE	TENT2
XP_014775237.1	NP_001375054.1	0	N/A	26.888	331	62	8.97e-23	103	poly(A) RNA polymerase GLD2 isoform 2 [Homo sapiens]	TRUE	TENT2
XP_014775237.1	NP_001375053.1	0	N/A	26.888	331	62	8.97e-23	103	poly(A) RNA polymerase GLD2 isoform 2 [Homo sapiens]	TRUE	TENT2
XP_014775237.1	NP_001375052.1	0	N/A	26.888	331	62	8.97e-23	103	poly(A) RNA polymerase GLD2 isoform 2 [Homo sapiens]	TRUE	TENT2
XP_014775237.1	NP_001375051.1	0	N/A	26.888	331	62	8.97e-23	103	poly(A) RNA polymerase GLD2 isoform 2 [Homo sapiens]	TRUE	TENT2
XP_014775237.1	NP_001375050.1	0	N/A	26.888	331	62	8.97e-23	103	poly(A) RNA polymerase GLD2 isoform 2 [Homo sapiens]	TRUE	TENT2
XP_014775237.1	NP_001375049.1	0	N/A	26.888	331	62	8.97e-23	103	poly(A) RNA polymerase GLD2 isoform 2 [Homo sapiens]	TRUE	TENT2
XP_014775237.1	NP_001375048.1	0	N/A	26.888	331	62	8.97e-23	103	poly(A) RNA polymerase GLD2 isoform 2 [Homo sapiens]	TRUE	TENT2
XP_014775237.1	NP_001375047.1	0	N/A	26.888	331	62	8.97e-23	103	poly(A) RNA polymerase GLD2 isoform 2 [Homo sapiens]	TRUE	TENT2
XP_014775237.1	NP_001375046.1	0	N/A	26.888	331	62	8.97e-23	103	poly(A) RNA polymerase GLD2 isoform 2 [Homo sapiens]	TRUE	TENT2
XP_014775237.1	NP_001375045.1	0	N/A	26.888	331	62	8.97e-23	103	poly(A) RNA polymerase GLD2 isoform 2 [Homo sapiens]	TRUE	TENT2
XP_014775237.1	NP_001375044.1	0	N/A	26.888	331	62	8.97e-23	103	poly(A) RNA polymerase GLD2 isoform 2 [Homo sapiens]	TRUE	TENT2
XP_014775237.1	NP_001375043.1	0	N/A	26.888	331	62	8.97e-23	103	poly(A) RNA polymerase GLD2 isoform 2 [Homo sapiens]	TRUE	TENT2
XP_014775237.1	NP_001336483.1	0	N/A	26.888	331	62	8.97e-23	103	poly(A) RNA polymerase GLD2 isoform 2 [Homo sapiens]	TRUE	TENT2
XP_014775237.1	NP_001284673.1	0	N/A	26.888	331	62	8.97e-23	103	poly(A) RNA polymerase GLD2 isoform 2 [Homo sapiens]	TRUE	TENT2
XP_014775237.1	NP_001375059.1	0	N/A	26.888	331	62	9.07e-23	103	poly(A) RNA polymerase GLD2 isoform 10 [Homo sapiens]	TRUE	TENT2
XP_014775237.1	NP_001375061.1	0	N/A	26.888	331	62	9.35e-23	103	poly(A) RNA polymerase GLD2 isoform 12 [Homo sapiens]	TRUE	TENT2
XP_014775237.1	NP_073741.3	0	N/A	29.289	239	42	3.49e-22	103	speckle targeted PIP5K1A-regulated poly(A) polymerase isoform 1 [Homo sapiens]	TRUE	Tut1
XP_014775237.1	NP_001375060.1	0	N/A	26.727	333	62	4.46e-22	101	poly(A) RNA polymerase GLD2 isoform 11 [Homo sapiens]	TRUE	TENT2
XP_014775237.1	XP_047272808.1	0	N/A	26.727	333	62	4.66e-22	101	poly(A) RNA polymerase GLD2 isoform X3 [Homo sapiens]	TRUE	TENT2
XP_014775237.1	XP_047272807.1	0	N/A	26.727	333	62	4.66e-22	101	poly(A) RNA polymerase GLD2 isoform X3 [Homo sapiens]	TRUE	TENT2
XP_014775237.1	XP_047272806.1	0	N/A	26.727	333	62	4.66e-22	101	poly(A) RNA polymerase GLD2 isoform X3 [Homo sapiens]	TRUE	TENT2
XP_014775237.1	NP_776158.2	0	N/A	26.727	333	62	4.66e-22	101	poly(A) RNA polymerase GLD2 isoform 1 [Homo sapiens]	TRUE	TENT2
XP_014775237.1	NP_001375041.1	0	N/A	26.727	333	62	4.66e-22	101	poly(A) RNA polymerase GLD2 isoform 1 [Homo sapiens]	TRUE	TENT2
XP_014775237.1	NP_001375040.1	0	N/A	26.727	333	62	4.66e-22	101	poly(A) RNA polymerase GLD2 isoform 1 [Homo sapiens]	TRUE	TENT2
XP_014775237.1	NP_001375039.1	0	N/A	26.727	333	62	4.66e-22	101	poly(A) RNA polymerase GLD2 isoform 1 [Homo sapiens]	TRUE	TENT2
XP_014775237.1	NP_001375038.1	0	N/A	26.727	333	62	4.66e-22	101	poly(A) RNA polymerase GLD2 isoform 1 [Homo sapiens]	TRUE	TENT2
XP_014775237.1	NP_001375037.1	0	N/A	26.727	333	62	4.66e-22	101	poly(A) RNA polymerase GLD2 isoform 1 [Homo sapiens]	TRUE	TENT2
XP_014775237.1	NP_001375036.1	0	N/A	26.727	333	62	4.66e-22	101	poly(A) RNA polymerase GLD2 isoform 1 [Homo sapiens]	TRUE	TENT2
XP_014775237.1	NP_001375035.1	0	N/A	26.727	333	62	4.66e-22	101	poly(A) RNA polymerase GLD2 isoform 1 [Homo sapiens]	TRUE	TENT2
XP_014775237.1	NP_001375034.1	0	N/A	26.727	333	62	4.66e-22	101	poly(A) RNA polymerase GLD2 isoform 1 [Homo sapiens]	TRUE	TENT2
XP_014775237.1	NP_001375032.1	0	N/A	26.727	333	62	4.66e-22	101	poly(A) RNA polymerase GLD2 isoform 1 [Homo sapiens]	TRUE	TENT2
XP_014775237.1	NP_001375031.1	0	N/A	26.727	333	62	4.66e-22	101	poly(A) RNA polymerase GLD2 isoform 1 [Homo sapiens]	TRUE	TENT2
XP_014775237.1	NP_001336482.1	0	N/A	26.727	333	62	4.66e-22	101	poly(A) RNA polymerase GLD2 isoform 1 [Homo sapiens]	TRUE	TENT2
XP_014775237.1	NP_001336481.1	0	N/A	26.727	333	62	4.66e-22	101	poly(A) RNA polymerase GLD2 isoform 1 [Homo sapiens]	TRUE	TENT2
XP_014775237.1	NP_001107866.1	0	N/A	26.727	333	62	4.66e-22	101	poly(A) RNA polymerase GLD2 isoform 1 [Homo sapiens]	TRUE	TENT2
XP_014775237.1	NP_001107865.1	0	N/A	26.727	333	62	4.66e-22	101	poly(A) RNA polymerase GLD2 isoform 1 [Homo sapiens]	TRUE	TENT2
XP_014775237.1	NP_001375042.1	0	N/A	26.727	333	62	5.03e-22	101	poly(A) RNA polymerase GLD2 isoform 16 [Homo sapiens]	TRUE	TENT2
XP_014775237.1	NP_001375027.1	0	N/A	25.74	338	62	2.97e-21	99.4	poly(A) RNA polymerase GLD2 isoform 7 [Homo sapiens]	TRUE	TENT2
XP_014775237.1	XP_047272805.1	0	N/A	25.74	338	62	3.27e-21	99	poly(A) RNA polymerase GLD2 isoform X2 [Homo sapiens]	TRUE	TENT2
XP_014775237.1	XP_047272804.1	0	N/A	25.74	338	62	3.27e-21	99	poly(A) RNA polymerase GLD2 isoform X2 [Homo sapiens]	TRUE	TENT2
XP_014775237.1	XP_047272803.1	0	N/A	25.74	338	62	3.27e-21	99	poly(A) RNA polymerase GLD2 isoform X2 [Homo sapiens]	TRUE	TENT2
XP_014775237.1	XP_047272802.1	0	N/A	25.74	338	62	3.27e-21	99	poly(A) RNA polymerase GLD2 isoform X2 [Homo sapiens]	TRUE	TENT2
XP_014775237.1	XP_016864641.1	0	N/A	25.74	338	62	3.27e-21	99	poly(A) RNA polymerase GLD2 isoform X2 [Homo sapiens]	TRUE	TENT2
XP_014775237.1	NP_001375026.1	0	N/A	25.74	338	62	3.27e-21	99	poly(A) RNA polymerase GLD2 isoform 6 [Homo sapiens]	TRUE	TENT2
XP_014775237.1	NP_001375025.1	0	N/A	25.74	338	62	3.27e-21	99	poly(A) RNA polymerase GLD2 isoform 6 [Homo sapiens]	TRUE	TENT2
XP_014775237.1	NP_001375024.1	0	N/A	25.74	338	62	3.27e-21	99	poly(A) RNA polymerase GLD2 isoform 6 [Homo sapiens]	TRUE	TENT2
XP_014775237.1	NP_001336480.1	0	N/A	25.74	338	62	3.27e-21	99	poly(A) RNA polymerase GLD2 isoform 6 [Homo sapiens]	TRUE	TENT2
XP_014775237.1	XP_047272801.1	0	N/A	25.731	342	62	1.68e-20	97.1	poly(A) RNA polymerase GLD2 isoform X1 [Homo sapiens]	TRUE	TENT2
XP_014775237.1	XP_047272800.1	0	N/A	25.731	342	62	1.68e-20	97.1	poly(A) RNA polymerase GLD2 isoform X1 [Homo sapiens]	TRUE	TENT2
XP_014775237.1	XP_011541527.1	0	N/A	25.731	342	62	1.68e-20	97.1	poly(A) RNA polymerase GLD2 isoform X1 [Homo sapiens]	TRUE	TENT2
XP_014775237.1	XP_011541526.1	0	N/A	25.731	342	62	1.68e-20	97.1	poly(A) RNA polymerase GLD2 isoform X1 [Homo sapiens]	TRUE	TENT2
XP_014775237.1	XP_011541523.1	0	N/A	25.731	342	62	1.68e-20	97.1	poly(A) RNA polymerase GLD2 isoform X1 [Homo sapiens]	TRUE	TENT2
XP_014775237.1	XP_011541522.1	0	N/A	25.731	342	62	1.68e-20	97.1	poly(A) RNA polymerase GLD2 isoform X1 [Homo sapiens]	TRUE	TENT2
XP_014775237.1	NP_001375023.1	0	N/A	25.731	342	62	1.68e-20	97.1	poly(A) RNA polymerase GLD2 isoform 5 [Homo sapiens]	TRUE	TENT2
XP_014775237.1	NP_001375022.1	0	N/A	25.731	342	62	1.68e-20	97.1	poly(A) RNA polymerase GLD2 isoform 5 [Homo sapiens]	TRUE	TENT2
XP_014775237.1	NP_001336479.1	0	N/A	25.731	342	62	1.68e-20	97.1	poly(A) RNA polymerase GLD2 isoform 5 [Homo sapiens]	TRUE	TENT2
XP_014775237.1	NP_001336478.1	0	N/A	25.731	342	62	1.68e-20	97.1	poly(A) RNA polymerase GLD2 isoform 5 [Homo sapiens]	TRUE	TENT2
XP_014775237.1	NP_001375030.1	0	N/A	26.239	343	62	4.59e-20	95.5	poly(A) RNA polymerase GLD2 isoform 9 [Homo sapiens]	TRUE	TENT2
XP_014775237.1	XP_005252265.1	0	N/A	26.537	309	56	1.71e-19	95.1	terminal uridylyltransferase 7 isoform X7 [Homo sapiens]	TRUE	Tut7
XP_014775237.1	XP_047279823.1	0	N/A	26.537	309	56	1.75e-19	95.1	terminal uridylyltransferase 7 isoform X2 [Homo sapiens]	TRUE	Tut7
XP_014775237.1	XP_006717346.1	0	N/A	26.537	309	56	1.75e-19	95.1	terminal uridylyltransferase 7 isoform X2 [Homo sapiens]	TRUE	Tut7
XP_014775237.1	XP_016870620.1	0	N/A	26.537	309	56	1.8e-19	95.1	terminal uridylyltransferase 7 isoform X4 [Homo sapiens]	TRUE	Tut7
XP_014775237.1	XP_016870619.1	0	N/A	26.537	309	56	1.8e-19	95.1	terminal uridylyltransferase 7 isoform X4 [Homo sapiens]	TRUE	Tut7
XP_014775237.1	NP_078893.2	0	N/A	26.537	309	56	1.8e-19	95.1	terminal uridylyltransferase 7 isoform 1 [Homo sapiens]	TRUE	Tut7
XP_014775237.1	NP_001171988.1	0	N/A	26.537	309	56	1.8e-19	95.1	terminal uridylyltransferase 7 isoform 1 [Homo sapiens]	TRUE	Tut7
XP_014775237.1	NP_001375029.1	0	N/A	26.087	345	62	1.96e-19	93.6	poly(A) RNA polymerase GLD2 isoform 8 [Homo sapiens]	TRUE	TENT2
XP_014775237.1	NP_001375028.1	0	N/A	26.087	345	62	1.96e-19	93.6	poly(A) RNA polymerase GLD2 isoform 8 [Homo sapiens]	TRUE	TENT2
XP_014775237.1	XP_011517316.1	0	N/A	26.537	309	56	2.09e-19	94.7	terminal uridylyltransferase 7 isoform X1 [Homo sapiens]	TRUE	Tut7
XP_014775237.1	XP_011517315.1	0	N/A	26.537	309	56	2.09e-19	94.7	terminal uridylyltransferase 7 isoform X1 [Homo sapiens]	TRUE	Tut7
XP_014775237.1	XP_011517314.1	0	N/A	26.537	309	56	2.09e-19	94.7	terminal uridylyltransferase 7 isoform X1 [Homo sapiens]	TRUE	Tut7
XP_014775237.1	XP_011517313.1	0	N/A	26.537	309	56	2.09e-19	94.7	terminal uridylyltransferase 7 isoform X1 [Homo sapiens]	TRUE	Tut7
XP_014775237.1	XP_047279825.1	0	N/A	26.537	309	56	2.14e-19	94.7	terminal uridylyltransferase 7 isoform X6 [Homo sapiens]	TRUE	Tut7
XP_014775237.1	XP_047279824.1	0	N/A	26.537	309	56	2.14e-19	94.7	terminal uridylyltransferase 7 isoform X6 [Homo sapiens]	TRUE	Tut7
XP_014775237.1	XP_005252264.1	0	N/A	26.537	309	56	2.14e-19	94.7	terminal uridylyltransferase 7 isoform X6 [Homo sapiens]	TRUE	Tut7
XP_014775237.1	XP_011517318.1	0	N/A	26.537	309	56	2.28e-19	94.7	terminal uridylyltransferase 7 isoform X5 [Homo sapiens]	TRUE	Tut7
XP_014775237.1	NP_001317647.1	0	N/A	26.537	309	56	2.31e-19	94.4	terminal uridylyltransferase 7 isoform 3 [Homo sapiens]	TRUE	Tut7
XP_014775237.1	XP_011517317.1	0	N/A	26.537	309	56	2.39e-19	94.7	terminal uridylyltransferase 7 isoform X3 [Homo sapiens]	TRUE	Tut7
XP_014775237.1	XP_047272286.1	0	N/A	28.669	293	52	3.44e-16	84.7	terminal uridylyltransferase 4 isoform X8 [Homo sapiens]	TRUE	Tut4
XP_014775237.1	XP_047272280.1	0	N/A	29.242	277	49	3.45e-16	84.7	terminal uridylyltransferase 4 isoform X3 [Homo sapiens]	TRUE	Tut4
XP_014775237.1	XP_005270736.1	0	N/A	29.242	277	49	3.45e-16	84.7	terminal uridylyltransferase 4 isoform X3 [Homo sapiens]	TRUE	Tut4
XP_014775237.1	XP_016856292.1	0	N/A	28.881	277	49	3.5e-16	84.7	terminal uridylyltransferase 4 isoform X9 [Homo sapiens]	TRUE	Tut4
XP_014775237.1	XP_011539399.1	0	N/A	29.242	277	49	3.55e-16	84.7	terminal uridylyltransferase 4 isoform X1 [Homo sapiens]	TRUE	Tut4
XP_014775237.1	XP_005270733.1	0	N/A	29.242	277	49	3.55e-16	84.7	terminal uridylyltransferase 4 isoform X1 [Homo sapiens]	TRUE	Tut4
XP_014775237.1	XP_016856297.1	0	N/A	29.242	277	49	3.58e-16	84.7	terminal uridylyltransferase 4 isoform X36 [Homo sapiens]	TRUE	Tut4
XP_014775237.1	XP_005270739.1	0	N/A	29.242	277	49	3.71e-16	84.7	terminal uridylyltransferase 4 isoform X33 [Homo sapiens]	TRUE	Tut4
XP_014775237.1	XP_005270735.1	0	N/A	29.242	277	49	3.74e-16	84.7	terminal uridylyltransferase 4 isoform X2 [Homo sapiens]	TRUE	Tut4
XP_014775237.1	XP_011539401.1	0	N/A	29.242	277	49	3.75e-16	84.3	terminal uridylyltransferase 4 isoform X29 [Homo sapiens]	TRUE	Tut4
XP_014775237.1	XP_047272290.1	0	N/A	28.669	293	52	3.75e-16	84.7	terminal uridylyltransferase 4 isoform X11 [Homo sapiens]	TRUE	Tut4
XP_014775237.1	XP_047272345.1	0	N/A	28.881	277	49	3.95e-16	84.3	terminal uridylyltransferase 4 isoform X31 [Homo sapiens]	TRUE	Tut4
XP_014775237.1	XP_047272285.1	0	N/A	29.242	277	49	3.96e-16	84.3	terminal uridylyltransferase 4 isoform X7 [Homo sapiens]	TRUE	Tut4
XP_014775237.1	XP_047272344.1	0	N/A	28.669	293	52	4.06e-16	84.3	terminal uridylyltransferase 4 isoform X30 [Homo sapiens]	TRUE	Tut4
XP_014780906.1	NP_001375065.1	0	N/A	42.936	361	73	6.17e-79	252	poly(A) RNA polymerase GLD2 isoform 14 [Homo sapiens]	TRUE	TENT2
XP_014780906.1	NP_001375061.1	0	N/A	42.936	361	73	2.96e-78	253	poly(A) RNA polymerase GLD2 isoform 12 [Homo sapiens]	TRUE	TENT2
XP_014780906.1	NP_001375059.1	0	N/A	42.936	361	73	3.63e-78	254	poly(A) RNA polymerase GLD2 isoform 10 [Homo sapiens]	TRUE	TENT2
XP_014780906.1	XP_047272811.1	0	N/A	42.936	361	73	3.76e-78	254	poly(A) RNA polymerase GLD2 isoform X4 [Homo sapiens]	TRUE	TENT2
XP_014780906.1	XP_047272810.1	0	N/A	42.936	361	73	3.76e-78	254	poly(A) RNA polymerase GLD2 isoform X4 [Homo sapiens]	TRUE	TENT2
XP_014780906.1	XP_047272809.1	0	N/A	42.936	361	73	3.76e-78	254	poly(A) RNA polymerase GLD2 isoform X4 [Homo sapiens]	TRUE	TENT2
XP_014780906.1	NP_001375058.1	0	N/A	42.936	361	73	3.76e-78	254	poly(A) RNA polymerase GLD2 isoform 2 [Homo sapiens]	TRUE	TENT2
XP_014780906.1	NP_001375057.1	0	N/A	42.936	361	73	3.76e-78	254	poly(A) RNA polymerase GLD2 isoform 2 [Homo sapiens]	TRUE	TENT2
XP_014780906.1	NP_001375056.1	0	N/A	42.936	361	73	3.76e-78	254	poly(A) RNA polymerase GLD2 isoform 2 [Homo sapiens]	TRUE	TENT2
XP_014780906.1	NP_001375055.1	0	N/A	42.936	361	73	3.76e-78	254	poly(A) RNA polymerase GLD2 isoform 2 [Homo sapiens]	TRUE	TENT2
XP_014780906.1	NP_001375054.1	0	N/A	42.936	361	73	3.76e-78	254	poly(A) RNA polymerase GLD2 isoform 2 [Homo sapiens]	TRUE	TENT2
XP_014780906.1	NP_001375053.1	0	N/A	42.936	361	73	3.76e-78	254	poly(A) RNA polymerase GLD2 isoform 2 [Homo sapiens]	TRUE	TENT2
XP_014780906.1	NP_001375052.1	0	N/A	42.936	361	73	3.76e-78	254	poly(A) RNA polymerase GLD2 isoform 2 [Homo sapiens]	TRUE	TENT2
XP_014780906.1	NP_001375051.1	0	N/A	42.936	361	73	3.76e-78	254	poly(A) RNA polymerase GLD2 isoform 2 [Homo sapiens]	TRUE	TENT2
XP_014780906.1	NP_001375050.1	0	N/A	42.936	361	73	3.76e-78	254	poly(A) RNA polymerase GLD2 isoform 2 [Homo sapiens]	TRUE	TENT2
XP_014780906.1	NP_001375049.1	0	N/A	42.936	361	73	3.76e-78	254	poly(A) RNA polymerase GLD2 isoform 2 [Homo sapiens]	TRUE	TENT2
XP_014780906.1	NP_001375048.1	0	N/A	42.936	361	73	3.76e-78	254	poly(A) RNA polymerase GLD2 isoform 2 [Homo sapiens]	TRUE	TENT2
XP_014780906.1	NP_001375047.1	0	N/A	42.936	361	73	3.76e-78	254	poly(A) RNA polymerase GLD2 isoform 2 [Homo sapiens]	TRUE	TENT2
XP_014780906.1	NP_001375046.1	0	N/A	42.936	361	73	3.76e-78	254	poly(A) RNA polymerase GLD2 isoform 2 [Homo sapiens]	TRUE	TENT2
XP_014780906.1	NP_001375045.1	0	N/A	42.936	361	73	3.76e-78	254	poly(A) RNA polymerase GLD2 isoform 2 [Homo sapiens]	TRUE	TENT2
XP_014780906.1	NP_001375044.1	0	N/A	42.936	361	73	3.76e-78	254	poly(A) RNA polymerase GLD2 isoform 2 [Homo sapiens]	TRUE	TENT2
XP_014780906.1	NP_001375043.1	0	N/A	42.936	361	73	3.76e-78	254	poly(A) RNA polymerase GLD2 isoform 2 [Homo sapiens]	TRUE	TENT2
XP_014780906.1	NP_001336483.1	0	N/A	42.936	361	73	3.76e-78	254	poly(A) RNA polymerase GLD2 isoform 2 [Homo sapiens]	TRUE	TENT2
XP_014780906.1	NP_001284673.1	0	N/A	42.936	361	73	3.76e-78	254	poly(A) RNA polymerase GLD2 isoform 2 [Homo sapiens]	TRUE	TENT2
XP_014780906.1	NP_001375060.1	0	N/A	42.74	365	73	9.07e-77	249	poly(A) RNA polymerase GLD2 isoform 11 [Homo sapiens]	TRUE	TENT2
XP_014780906.1	NP_001375042.1	0	N/A	42.74	365	73	1.05e-76	250	poly(A) RNA polymerase GLD2 isoform 16 [Homo sapiens]	TRUE	TENT2
XP_014780906.1	XP_047272808.1	0	N/A	42.74	365	73	1.18e-76	250	poly(A) RNA polymerase GLD2 isoform X3 [Homo sapiens]	TRUE	TENT2
XP_014780906.1	XP_047272807.1	0	N/A	42.74	365	73	1.18e-76	250	poly(A) RNA polymerase GLD2 isoform X3 [Homo sapiens]	TRUE	TENT2
XP_014780906.1	XP_047272806.1	0	N/A	42.74	365	73	1.18e-76	250	poly(A) RNA polymerase GLD2 isoform X3 [Homo sapiens]	TRUE	TENT2
XP_014780906.1	NP_776158.2	0	N/A	42.74	365	73	1.18e-76	250	poly(A) RNA polymerase GLD2 isoform 1 [Homo sapiens]	TRUE	TENT2
XP_014780906.1	NP_001375041.1	0	N/A	42.74	365	73	1.18e-76	250	poly(A) RNA polymerase GLD2 isoform 1 [Homo sapiens]	TRUE	TENT2
XP_014780906.1	NP_001375040.1	0	N/A	42.74	365	73	1.18e-76	250	poly(A) RNA polymerase GLD2 isoform 1 [Homo sapiens]	TRUE	TENT2
XP_014780906.1	NP_001375039.1	0	N/A	42.74	365	73	1.18e-76	250	poly(A) RNA polymerase GLD2 isoform 1 [Homo sapiens]	TRUE	TENT2
XP_014780906.1	NP_001375038.1	0	N/A	42.74	365	73	1.18e-76	250	poly(A) RNA polymerase GLD2 isoform 1 [Homo sapiens]	TRUE	TENT2
XP_014780906.1	NP_001375037.1	0	N/A	42.74	365	73	1.18e-76	250	poly(A) RNA polymerase GLD2 isoform 1 [Homo sapiens]	TRUE	TENT2
XP_014780906.1	NP_001375036.1	0	N/A	42.74	365	73	1.18e-76	250	poly(A) RNA polymerase GLD2 isoform 1 [Homo sapiens]	TRUE	TENT2
XP_014780906.1	NP_001375035.1	0	N/A	42.74	365	73	1.18e-76	250	poly(A) RNA polymerase GLD2 isoform 1 [Homo sapiens]	TRUE	TENT2
XP_014780906.1	NP_001375034.1	0	N/A	42.74	365	73	1.18e-76	250	poly(A) RNA polymerase GLD2 isoform 1 [Homo sapiens]	TRUE	TENT2
XP_014780906.1	NP_001375032.1	0	N/A	42.74	365	73	1.18e-76	250	poly(A) RNA polymerase GLD2 isoform 1 [Homo sapiens]	TRUE	TENT2
XP_014780906.1	NP_001375031.1	0	N/A	42.74	365	73	1.18e-76	250	poly(A) RNA polymerase GLD2 isoform 1 [Homo sapiens]	TRUE	TENT2
XP_014780906.1	NP_001336482.1	0	N/A	42.74	365	73	1.18e-76	250	poly(A) RNA polymerase GLD2 isoform 1 [Homo sapiens]	TRUE	TENT2
XP_014780906.1	NP_001336481.1	0	N/A	42.74	365	73	1.18e-76	250	poly(A) RNA polymerase GLD2 isoform 1 [Homo sapiens]	TRUE	TENT2
XP_014780906.1	NP_001107866.1	0	N/A	42.74	365	73	1.18e-76	250	poly(A) RNA polymerase GLD2 isoform 1 [Homo sapiens]	TRUE	TENT2
XP_014780906.1	NP_001107865.1	0	N/A	42.74	365	73	1.18e-76	250	poly(A) RNA polymerase GLD2 isoform 1 [Homo sapiens]	TRUE	TENT2
XP_014780906.1	NP_001375030.1	0	N/A	42.049	371	73	9.93e-75	245	poly(A) RNA polymerase GLD2 isoform 9 [Homo sapiens]	TRUE	TENT2
XP_014780906.1	NP_001375027.1	0	N/A	40.415	386	73	3.48e-74	244	poly(A) RNA polymerase GLD2 isoform 7 [Homo sapiens]	TRUE	TENT2
XP_014780906.1	XP_047272805.1	0	N/A	40.415	386	73	3.53e-74	244	poly(A) RNA polymerase GLD2 isoform X2 [Homo sapiens]	TRUE	TENT2
XP_014780906.1	XP_047272804.1	0	N/A	40.415	386	73	3.53e-74	244	poly(A) RNA polymerase GLD2 isoform X2 [Homo sapiens]	TRUE	TENT2
XP_014780906.1	XP_047272803.1	0	N/A	40.415	386	73	3.53e-74	244	poly(A) RNA polymerase GLD2 isoform X2 [Homo sapiens]	TRUE	TENT2
XP_014780906.1	XP_047272802.1	0	N/A	40.415	386	73	3.53e-74	244	poly(A) RNA polymerase GLD2 isoform X2 [Homo sapiens]	TRUE	TENT2
XP_014780906.1	XP_016864641.1	0	N/A	40.415	386	73	3.53e-74	244	poly(A) RNA polymerase GLD2 isoform X2 [Homo sapiens]	TRUE	TENT2
XP_014780906.1	NP_001375026.1	0	N/A	40.415	386	73	3.53e-74	244	poly(A) RNA polymerase GLD2 isoform 6 [Homo sapiens]	TRUE	TENT2
XP_014780906.1	NP_001375025.1	0	N/A	40.415	386	73	3.53e-74	244	poly(A) RNA polymerase GLD2 isoform 6 [Homo sapiens]	TRUE	TENT2
XP_014780906.1	NP_001375024.1	0	N/A	40.415	386	73	3.53e-74	244	poly(A) RNA polymerase GLD2 isoform 6 [Homo sapiens]	TRUE	TENT2
XP_014780906.1	NP_001336480.1	0	N/A	40.415	386	73	3.53e-74	244	poly(A) RNA polymerase GLD2 isoform 6 [Homo sapiens]	TRUE	TENT2
XP_014780906.1	NP_001375029.1	0	N/A	41.867	375	73	2.21e-73	242	poly(A) RNA polymerase GLD2 isoform 8 [Homo sapiens]	TRUE	TENT2
XP_014780906.1	NP_001375028.1	0	N/A	41.867	375	73	2.21e-73	242	poly(A) RNA polymerase GLD2 isoform 8 [Homo sapiens]	TRUE	TENT2
XP_014780906.1	XP_047272801.1	0	N/A	40.256	390	73	8.57e-73	241	poly(A) RNA polymerase GLD2 isoform X1 [Homo sapiens]	TRUE	TENT2
XP_014780906.1	XP_047272800.1	0	N/A	40.256	390	73	8.57e-73	241	poly(A) RNA polymerase GLD2 isoform X1 [Homo sapiens]	TRUE	TENT2
XP_014780906.1	XP_011541527.1	0	N/A	40.256	390	73	8.57e-73	241	poly(A) RNA polymerase GLD2 isoform X1 [Homo sapiens]	TRUE	TENT2
XP_014780906.1	XP_011541526.1	0	N/A	40.256	390	73	8.57e-73	241	poly(A) RNA polymerase GLD2 isoform X1 [Homo sapiens]	TRUE	TENT2
XP_014780906.1	XP_011541523.1	0	N/A	40.256	390	73	8.57e-73	241	poly(A) RNA polymerase GLD2 isoform X1 [Homo sapiens]	TRUE	TENT2
XP_014780906.1	XP_011541522.1	0	N/A	40.256	390	73	8.57e-73	241	poly(A) RNA polymerase GLD2 isoform X1 [Homo sapiens]	TRUE	TENT2
XP_014780906.1	NP_001375023.1	0	N/A	40.256	390	73	8.57e-73	241	poly(A) RNA polymerase GLD2 isoform 5 [Homo sapiens]	TRUE	TENT2
XP_014780906.1	NP_001375022.1	0	N/A	40.256	390	73	8.57e-73	241	poly(A) RNA polymerase GLD2 isoform 5 [Homo sapiens]	TRUE	TENT2
XP_014780906.1	NP_001336479.1	0	N/A	40.256	390	73	8.57e-73	241	poly(A) RNA polymerase GLD2 isoform 5 [Homo sapiens]	TRUE	TENT2
XP_014780906.1	NP_001336478.1	0	N/A	40.256	390	73	8.57e-73	241	poly(A) RNA polymerase GLD2 isoform 5 [Homo sapiens]	TRUE	TENT2
XP_014780906.1	NP_001336477.1	0	N/A	44.043	277	56	3.37e-60	200	poly(A) RNA polymerase GLD2 isoform 4 [Homo sapiens]	TRUE	TENT2
XP_014780906.1	XP_047272815.1	0	N/A	36.389	360	73	3.74e-55	192	poly(A) RNA polymerase GLD2 isoform X7 [Homo sapiens]	TRUE	TENT2
XP_014780906.1	NP_001375064.1	0	N/A	36.389	360	73	3.74e-55	192	poly(A) RNA polymerase GLD2 isoform 13 [Homo sapiens]	TRUE	TENT2
XP_014780906.1	NP_001375063.1	0	N/A	36.389	360	73	3.74e-55	192	poly(A) RNA polymerase GLD2 isoform 13 [Homo sapiens]	TRUE	TENT2
XP_014780906.1	XP_047272814.1	0	N/A	36.264	364	73	9.24e-54	189	poly(A) RNA polymerase GLD2 isoform X6 [Homo sapiens]	TRUE	TENT2
XP_014780906.1	XP_047272813.1	0	N/A	36.264	364	73	9.24e-54	189	poly(A) RNA polymerase GLD2 isoform X6 [Homo sapiens]	TRUE	TENT2
XP_014780906.1	XP_047272812.1	0	N/A	36.264	364	73	9.24e-54	189	poly(A) RNA polymerase GLD2 isoform X6 [Homo sapiens]	TRUE	TENT2
XP_014780906.1	NP_001375062.1	0	N/A	36.264	364	73	9.24e-54	189	poly(A) RNA polymerase GLD2 isoform 3 [Homo sapiens]	TRUE	TENT2
XP_014780906.1	NP_001284674.1	0	N/A	36.264	364	73	9.24e-54	189	poly(A) RNA polymerase GLD2 isoform 3 [Homo sapiens]	TRUE	TENT2
XP_014780906.1	XP_047272820.1	0	N/A	43.307	254	52	2.42e-53	182	poly(A) RNA polymerase GLD2 isoform X11 [Homo sapiens]	TRUE	TENT2
XP_014780906.1	NP_001375066.1	0	N/A	43.556	225	46	1.57e-44	160	poly(A) RNA polymerase GLD2 isoform 15 [Homo sapiens]	TRUE	TENT2
XP_014780906.1	XP_011541531.1	0	N/A	33.242	364	73	1.74e-44	164	poly(A) RNA polymerase GLD2 isoform X5 [Homo sapiens]	TRUE	TENT2
XP_014780906.1	XP_047272818.1	0	N/A	43.75	224	45	8.84e-44	159	poly(A) RNA polymerase GLD2 isoform X10 [Homo sapiens]	TRUE	TENT2
XP_014780906.1	XP_047272817.1	0	N/A	40	245	45	3.51e-41	153	poly(A) RNA polymerase GLD2 isoform X9 [Homo sapiens]	TRUE	TENT2
XP_014780906.1	XP_047272816.1	0	N/A	39.759	249	45	7e-40	149	poly(A) RNA polymerase GLD2 isoform X8 [Homo sapiens]	TRUE	TENT2
XP_014780906.1	XP_047279823.1	0	N/A	31.329	316	63	9.08e-34	138	terminal uridylyltransferase 7 isoform X2 [Homo sapiens]	TRUE	Tut7
XP_014780906.1	XP_006717346.1	0	N/A	31.329	316	63	9.08e-34	138	terminal uridylyltransferase 7 isoform X2 [Homo sapiens]	TRUE	Tut7
XP_014780906.1	XP_011517318.1	0	N/A	31.329	316	63	9.85e-34	138	terminal uridylyltransferase 7 isoform X5 [Homo sapiens]	TRUE	Tut7
XP_014780906.1	XP_005252265.1	0	N/A	31.329	316	63	1.01e-33	138	terminal uridylyltransferase 7 isoform X7 [Homo sapiens]	TRUE	Tut7
XP_014780906.1	XP_047279825.1	0	N/A	31.329	316	63	1.03e-33	138	terminal uridylyltransferase 7 isoform X6 [Homo sapiens]	TRUE	Tut7
XP_014780906.1	XP_047279824.1	0	N/A	31.329	316	63	1.03e-33	138	terminal uridylyltransferase 7 isoform X6 [Homo sapiens]	TRUE	Tut7
XP_014780906.1	XP_005252264.1	0	N/A	31.329	316	63	1.03e-33	138	terminal uridylyltransferase 7 isoform X6 [Homo sapiens]	TRUE	Tut7
XP_014780906.1	XP_016870620.1	0	N/A	31.329	316	63	1.04e-33	138	terminal uridylyltransferase 7 isoform X4 [Homo sapiens]	TRUE	Tut7
XP_014780906.1	XP_016870619.1	0	N/A	31.329	316	63	1.04e-33	138	terminal uridylyltransferase 7 isoform X4 [Homo sapiens]	TRUE	Tut7
XP_014780906.1	NP_078893.2	0	N/A	31.329	316	63	1.04e-33	138	terminal uridylyltransferase 7 isoform 1 [Homo sapiens]	TRUE	Tut7
XP_014780906.1	NP_001171988.1	0	N/A	31.329	316	63	1.04e-33	138	terminal uridylyltransferase 7 isoform 1 [Homo sapiens]	TRUE	Tut7
XP_014780906.1	XP_011517317.1	0	N/A	31.329	316	63	1.08e-33	138	terminal uridylyltransferase 7 isoform X3 [Homo sapiens]	TRUE	Tut7
XP_014780906.1	XP_011517316.1	0	N/A	31.329	316	63	1.12e-33	138	terminal uridylyltransferase 7 isoform X1 [Homo sapiens]	TRUE	Tut7
XP_014780906.1	XP_011517315.1	0	N/A	31.329	316	63	1.12e-33	138	terminal uridylyltransferase 7 isoform X1 [Homo sapiens]	TRUE	Tut7
XP_014780906.1	XP_011517314.1	0	N/A	31.329	316	63	1.12e-33	138	terminal uridylyltransferase 7 isoform X1 [Homo sapiens]	TRUE	Tut7
XP_014780906.1	XP_011517313.1	0	N/A	31.329	316	63	1.12e-33	138	terminal uridylyltransferase 7 isoform X1 [Homo sapiens]	TRUE	Tut7
XP_014780906.1	NP_001317647.1	0	N/A	31.329	316	63	1.56e-33	137	terminal uridylyltransferase 7 isoform 3 [Homo sapiens]	TRUE	Tut7
XP_014780906.1	XP_047272290.1	0	N/A	29.618	314	62	2.09e-27	119	terminal uridylyltransferase 4 isoform X11 [Homo sapiens]	TRUE	Tut4
XP_014790674.1	NP_060579.3	0	N/A	29.351	385	53	5.77e-37	149	poly(A) RNA polymerase, mitochondrial precursor [Homo sapiens]	TRUE	mtPAP
XP_014790674.1	NP_073741.3	0	N/A	35.644	202	29	4.09e-28	123	speckle targeted PIP5K1A-regulated poly(A) polymerase isoform 1 [Homo sapiens]	TRUE	Tut1
XP_014790674.1	NP_001375060.1	0	N/A	28.963	328	45	3.64e-27	117	poly(A) RNA polymerase GLD2 isoform 11 [Homo sapiens]	TRUE	TENT2
XP_014790674.1	XP_047272808.1	0	N/A	28.963	328	45	4.93e-27	117	poly(A) RNA polymerase GLD2 isoform X3 [Homo sapiens]	TRUE	TENT2
XP_014790674.1	XP_047272807.1	0	N/A	28.963	328	45	4.93e-27	117	poly(A) RNA polymerase GLD2 isoform X3 [Homo sapiens]	TRUE	TENT2
XP_014790674.1	XP_047272806.1	0	N/A	28.963	328	45	4.93e-27	117	poly(A) RNA polymerase GLD2 isoform X3 [Homo sapiens]	TRUE	TENT2
XP_014790674.1	NP_776158.2	0	N/A	28.963	328	45	4.93e-27	117	poly(A) RNA polymerase GLD2 isoform 1 [Homo sapiens]	TRUE	TENT2
XP_014790674.1	NP_001375041.1	0	N/A	28.963	328	45	4.93e-27	117	poly(A) RNA polymerase GLD2 isoform 1 [Homo sapiens]	TRUE	TENT2
XP_014790674.1	NP_001375040.1	0	N/A	28.963	328	45	4.93e-27	117	poly(A) RNA polymerase GLD2 isoform 1 [Homo sapiens]	TRUE	TENT2
XP_014790674.1	NP_001375039.1	0	N/A	28.963	328	45	4.93e-27	117	poly(A) RNA polymerase GLD2 isoform 1 [Homo sapiens]	TRUE	TENT2
XP_014790674.1	NP_001375038.1	0	N/A	28.963	328	45	4.93e-27	117	poly(A) RNA polymerase GLD2 isoform 1 [Homo sapiens]	TRUE	TENT2
XP_014790674.1	NP_001375037.1	0	N/A	28.963	328	45	4.93e-27	117	poly(A) RNA polymerase GLD2 isoform 1 [Homo sapiens]	TRUE	TENT2
XP_014790674.1	NP_001375036.1	0	N/A	28.963	328	45	4.93e-27	117	poly(A) RNA polymerase GLD2 isoform 1 [Homo sapiens]	TRUE	TENT2
XP_014790674.1	NP_001375035.1	0	N/A	28.963	328	45	4.93e-27	117	poly(A) RNA polymerase GLD2 isoform 1 [Homo sapiens]	TRUE	TENT2
XP_014790674.1	NP_001375034.1	0	N/A	28.963	328	45	4.93e-27	117	poly(A) RNA polymerase GLD2 isoform 1 [Homo sapiens]	TRUE	TENT2
XP_014790674.1	NP_001375032.1	0	N/A	28.963	328	45	4.93e-27	117	poly(A) RNA polymerase GLD2 isoform 1 [Homo sapiens]	TRUE	TENT2
XP_014790674.1	NP_001375031.1	0	N/A	28.963	328	45	4.93e-27	117	poly(A) RNA polymerase GLD2 isoform 1 [Homo sapiens]	TRUE	TENT2
XP_014790674.1	NP_001336482.1	0	N/A	28.963	328	45	4.93e-27	117	poly(A) RNA polymerase GLD2 isoform 1 [Homo sapiens]	TRUE	TENT2
XP_014790674.1	NP_001336481.1	0	N/A	28.963	328	45	4.93e-27	117	poly(A) RNA polymerase GLD2 isoform 1 [Homo sapiens]	TRUE	TENT2
XP_014790674.1	NP_001107866.1	0	N/A	28.963	328	45	4.93e-27	117	poly(A) RNA polymerase GLD2 isoform 1 [Homo sapiens]	TRUE	TENT2
XP_014790674.1	NP_001107865.1	0	N/A	28.963	328	45	4.93e-27	117	poly(A) RNA polymerase GLD2 isoform 1 [Homo sapiens]	TRUE	TENT2
XP_014790674.1	NP_001375042.1	0	N/A	28.963	328	45	5.01e-27	117	poly(A) RNA polymerase GLD2 isoform 16 [Homo sapiens]	TRUE	TENT2
XP_014790674.1	NP_001375065.1	0	N/A	29.483	329	45	2.54e-26	113	poly(A) RNA polymerase GLD2 isoform 14 [Homo sapiens]	TRUE	TENT2
XP_014790674.1	NP_001375029.1	0	N/A	29.499	339	45	5.04e-26	114	poly(A) RNA polymerase GLD2 isoform 8 [Homo sapiens]	TRUE	TENT2
XP_014790674.1	NP_001375028.1	0	N/A	29.499	339	45	5.04e-26	114	poly(A) RNA polymerase GLD2 isoform 8 [Homo sapiens]	TRUE	TENT2
XP_014790674.1	NP_001375061.1	0	N/A	28.659	328	45	5.66e-26	114	poly(A) RNA polymerase GLD2 isoform 12 [Homo sapiens]	TRUE	TENT2
XP_014790674.1	XP_047272811.1	0	N/A	28.659	328	45	7.62e-26	114	poly(A) RNA polymerase GLD2 isoform X4 [Homo sapiens]	TRUE	TENT2
XP_014790674.1	XP_047272810.1	0	N/A	28.659	328	45	7.62e-26	114	poly(A) RNA polymerase GLD2 isoform X4 [Homo sapiens]	TRUE	TENT2
XP_014790674.1	XP_047272809.1	0	N/A	28.659	328	45	7.62e-26	114	poly(A) RNA polymerase GLD2 isoform X4 [Homo sapiens]	TRUE	TENT2
XP_014790674.1	NP_001375058.1	0	N/A	28.659	328	45	7.62e-26	114	poly(A) RNA polymerase GLD2 isoform 2 [Homo sapiens]	TRUE	TENT2
XP_014790674.1	NP_001375057.1	0	N/A	28.659	328	45	7.62e-26	114	poly(A) RNA polymerase GLD2 isoform 2 [Homo sapiens]	TRUE	TENT2
XP_014790674.1	NP_001375056.1	0	N/A	28.659	328	45	7.62e-26	114	poly(A) RNA polymerase GLD2 isoform 2 [Homo sapiens]	TRUE	TENT2
XP_014790674.1	NP_001375055.1	0	N/A	28.659	328	45	7.62e-26	114	poly(A) RNA polymerase GLD2 isoform 2 [Homo sapiens]	TRUE	TENT2
XP_014790674.1	NP_001375054.1	0	N/A	28.659	328	45	7.62e-26	114	poly(A) RNA polymerase GLD2 isoform 2 [Homo sapiens]	TRUE	TENT2
XP_014790674.1	NP_001375053.1	0	N/A	28.659	328	45	7.62e-26	114	poly(A) RNA polymerase GLD2 isoform 2 [Homo sapiens]	TRUE	TENT2
XP_014790674.1	NP_001375052.1	0	N/A	28.659	328	45	7.62e-26	114	poly(A) RNA polymerase GLD2 isoform 2 [Homo sapiens]	TRUE	TENT2
XP_014790674.1	NP_001375051.1	0	N/A	28.659	328	45	7.62e-26	114	poly(A) RNA polymerase GLD2 isoform 2 [Homo sapiens]	TRUE	TENT2
XP_014790674.1	NP_001375050.1	0	N/A	28.659	328	45	7.62e-26	114	poly(A) RNA polymerase GLD2 isoform 2 [Homo sapiens]	TRUE	TENT2
XP_014790674.1	NP_001375049.1	0	N/A	28.659	328	45	7.62e-26	114	poly(A) RNA polymerase GLD2 isoform 2 [Homo sapiens]	TRUE	TENT2
XP_014790674.1	NP_001375048.1	0	N/A	28.659	328	45	7.62e-26	114	poly(A) RNA polymerase GLD2 isoform 2 [Homo sapiens]	TRUE	TENT2
XP_014790674.1	NP_001375047.1	0	N/A	28.659	328	45	7.62e-26	114	poly(A) RNA polymerase GLD2 isoform 2 [Homo sapiens]	TRUE	TENT2
XP_014790674.1	NP_001375046.1	0	N/A	28.659	328	45	7.62e-26	114	poly(A) RNA polymerase GLD2 isoform 2 [Homo sapiens]	TRUE	TENT2
XP_014790674.1	NP_001375045.1	0	N/A	28.659	328	45	7.62e-26	114	poly(A) RNA polymerase GLD2 isoform 2 [Homo sapiens]	TRUE	TENT2
XP_014790674.1	NP_001375044.1	0	N/A	28.659	328	45	7.62e-26	114	poly(A) RNA polymerase GLD2 isoform 2 [Homo sapiens]	TRUE	TENT2
XP_014790674.1	NP_001375043.1	0	N/A	28.659	328	45	7.62e-26	114	poly(A) RNA polymerase GLD2 isoform 2 [Homo sapiens]	TRUE	TENT2
XP_014790674.1	NP_001336483.1	0	N/A	28.659	328	45	7.62e-26	114	poly(A) RNA polymerase GLD2 isoform 2 [Homo sapiens]	TRUE	TENT2
XP_014790674.1	NP_001284673.1	0	N/A	28.659	328	45	7.62e-26	114	poly(A) RNA polymerase GLD2 isoform 2 [Homo sapiens]	TRUE	TENT2
XP_014790674.1	NP_001375059.1	0	N/A	28.659	328	45	8.5e-26	114	poly(A) RNA polymerase GLD2 isoform 10 [Homo sapiens]	TRUE	TENT2
XP_014790674.1	NP_001317647.1	0	N/A	26.42	352	50	5.91e-25	113	terminal uridylyltransferase 7 isoform 3 [Homo sapiens]	TRUE	Tut7
XP_014790674.1	XP_047279825.1	0	N/A	26.316	342	48	7.04e-25	113	terminal uridylyltransferase 7 isoform X6 [Homo sapiens]	TRUE	Tut7
XP_014790674.1	XP_047279824.1	0	N/A	26.316	342	48	7.04e-25	113	terminal uridylyltransferase 7 isoform X6 [Homo sapiens]	TRUE	Tut7
XP_014790674.1	XP_005252264.1	0	N/A	26.316	342	48	7.04e-25	113	terminal uridylyltransferase 7 isoform X6 [Homo sapiens]	TRUE	Tut7
XP_014790674.1	XP_047279823.1	0	N/A	26.42	352	50	7.62e-25	113	terminal uridylyltransferase 7 isoform X2 [Homo sapiens]	TRUE	Tut7
XP_014790674.1	XP_006717346.1	0	N/A	26.42	352	50	7.62e-25	113	terminal uridylyltransferase 7 isoform X2 [Homo sapiens]	TRUE	Tut7
XP_014790674.1	XP_011517317.1	0	N/A	26.42	352	50	7.68e-25	113	terminal uridylyltransferase 7 isoform X3 [Homo sapiens]	TRUE	Tut7
XP_014790674.1	XP_005252265.1	0	N/A	26.316	342	48	7.77e-25	113	terminal uridylyltransferase 7 isoform X7 [Homo sapiens]	TRUE	Tut7
XP_014790674.1	XP_011517316.1	0	N/A	26.316	342	48	7.84e-25	113	terminal uridylyltransferase 7 isoform X1 [Homo sapiens]	TRUE	Tut7
XP_014790674.1	XP_011517315.1	0	N/A	26.316	342	48	7.84e-25	113	terminal uridylyltransferase 7 isoform X1 [Homo sapiens]	TRUE	Tut7
XP_014790674.1	XP_011517314.1	0	N/A	26.316	342	48	7.84e-25	113	terminal uridylyltransferase 7 isoform X1 [Homo sapiens]	TRUE	Tut7
XP_014790674.1	XP_011517313.1	0	N/A	26.316	342	48	7.84e-25	113	terminal uridylyltransferase 7 isoform X1 [Homo sapiens]	TRUE	Tut7
XP_014790674.1	XP_011517318.1	0	N/A	26.316	342	48	8.12e-25	113	terminal uridylyltransferase 7 isoform X5 [Homo sapiens]	TRUE	Tut7
XP_014790674.1	XP_016870620.1	0	N/A	26.316	342	48	8.2e-25	113	terminal uridylyltransferase 7 isoform X4 [Homo sapiens]	TRUE	Tut7
XP_014790674.1	XP_016870619.1	0	N/A	26.316	342	48	8.2e-25	113	terminal uridylyltransferase 7 isoform X4 [Homo sapiens]	TRUE	Tut7
XP_014790674.1	NP_078893.2	0	N/A	26.316	342	48	8.2e-25	113	terminal uridylyltransferase 7 isoform 1 [Homo sapiens]	TRUE	Tut7
XP_014790674.1	NP_001171988.1	0	N/A	26.316	342	48	8.2e-25	113	terminal uridylyltransferase 7 isoform 1 [Homo sapiens]	TRUE	Tut7
XP_014790674.1	NP_001375027.1	0	N/A	29.305	331	45	9.08e-25	111	poly(A) RNA polymerase GLD2 isoform 7 [Homo sapiens]	TRUE	TENT2
XP_014790674.1	NP_001375030.1	0	N/A	29.204	339	45	9.08e-25	110	poly(A) RNA polymerase GLD2 isoform 9 [Homo sapiens]	TRUE	TENT2
XP_014790674.1	XP_047272805.1	0	N/A	29.305	331	45	9.15e-25	111	poly(A) RNA polymerase GLD2 isoform X2 [Homo sapiens]	TRUE	TENT2
XP_014790674.1	XP_047272804.1	0	N/A	29.305	331	45	9.15e-25	111	poly(A) RNA polymerase GLD2 isoform X2 [Homo sapiens]	TRUE	TENT2
XP_014790674.1	XP_047272803.1	0	N/A	29.305	331	45	9.15e-25	111	poly(A) RNA polymerase GLD2 isoform X2 [Homo sapiens]	TRUE	TENT2
XP_014790674.1	XP_047272802.1	0	N/A	29.305	331	45	9.15e-25	111	poly(A) RNA polymerase GLD2 isoform X2 [Homo sapiens]	TRUE	TENT2
XP_014790674.1	XP_016864641.1	0	N/A	29.305	331	45	9.15e-25	111	poly(A) RNA polymerase GLD2 isoform X2 [Homo sapiens]	TRUE	TENT2
XP_014790674.1	NP_001375026.1	0	N/A	29.305	331	45	9.15e-25	111	poly(A) RNA polymerase GLD2 isoform 6 [Homo sapiens]	TRUE	TENT2
XP_014790674.1	NP_001375025.1	0	N/A	29.305	331	45	9.15e-25	111	poly(A) RNA polymerase GLD2 isoform 6 [Homo sapiens]	TRUE	TENT2
XP_014790674.1	NP_001375024.1	0	N/A	29.305	331	45	9.15e-25	111	poly(A) RNA polymerase GLD2 isoform 6 [Homo sapiens]	TRUE	TENT2
XP_014790674.1	NP_001336480.1	0	N/A	29.305	331	45	9.15e-25	111	poly(A) RNA polymerase GLD2 isoform 6 [Homo sapiens]	TRUE	TENT2
XP_014790674.1	XP_047272801.1	0	N/A	29.003	331	45	6.88e-24	108	poly(A) RNA polymerase GLD2 isoform X1 [Homo sapiens]	TRUE	TENT2
XP_014790674.1	XP_047272800.1	0	N/A	29.003	331	45	6.88e-24	108	poly(A) RNA polymerase GLD2 isoform X1 [Homo sapiens]	TRUE	TENT2
XP_014790674.1	XP_011541527.1	0	N/A	29.003	331	45	6.88e-24	108	poly(A) RNA polymerase GLD2 isoform X1 [Homo sapiens]	TRUE	TENT2
XP_014790674.1	XP_011541526.1	0	N/A	29.003	331	45	6.88e-24	108	poly(A) RNA polymerase GLD2 isoform X1 [Homo sapiens]	TRUE	TENT2
XP_014790674.1	XP_011541523.1	0	N/A	29.003	331	45	6.88e-24	108	poly(A) RNA polymerase GLD2 isoform X1 [Homo sapiens]	TRUE	TENT2
XP_014790674.1	XP_011541522.1	0	N/A	29.003	331	45	6.88e-24	108	poly(A) RNA polymerase GLD2 isoform X1 [Homo sapiens]	TRUE	TENT2
XP_014790674.1	NP_001375023.1	0	N/A	29.003	331	45	6.88e-24	108	poly(A) RNA polymerase GLD2 isoform 5 [Homo sapiens]	TRUE	TENT2
XP_014790674.1	NP_001375022.1	0	N/A	29.003	331	45	6.88e-24	108	poly(A) RNA polymerase GLD2 isoform 5 [Homo sapiens]	TRUE	TENT2
XP_014790674.1	NP_001336479.1	0	N/A	29.003	331	45	6.88e-24	108	poly(A) RNA polymerase GLD2 isoform 5 [Homo sapiens]	TRUE	TENT2
XP_014790674.1	NP_001336478.1	0	N/A	29.003	331	45	6.88e-24	108	poly(A) RNA polymerase GLD2 isoform 5 [Homo sapiens]	TRUE	TENT2
XP_014790674.1	XP_047272295.1	0	N/A	28.44	327	45	2.29e-23	108	terminal uridylyltransferase 4 isoform X12 [Homo sapiens]	TRUE	Tut4
XP_014790674.1	XP_047272296.1	0	N/A	28.44	327	45	2.31e-23	108	terminal uridylyltransferase 4 isoform X13 [Homo sapiens]	TRUE	Tut4
XP_014790674.1	NP_001336477.1	0	N/A	30.864	243	33	2.37e-23	102	poly(A) RNA polymerase GLD2 isoform 4 [Homo sapiens]	TRUE	TENT2
XP_014790674.1	XP_047272305.1	0	N/A	28.44	327	45	2.5e-23	108	terminal uridylyltransferase 4 isoform X17 [Homo sapiens]	TRUE	Tut4
XP_014790674.1	XP_047272290.1	0	N/A	28.44	327	45	2.73e-23	108	terminal uridylyltransferase 4 isoform X11 [Homo sapiens]	TRUE	Tut4
XP_014790674.1	XP_047272372.1	0	N/A	28.44	327	45	2.87e-23	108	terminal uridylyltransferase 4 isoform X42 [Homo sapiens]	TRUE	Tut4
XP_014790674.1	XP_047272286.1	0	N/A	28.44	327	45	3.06e-23	108	terminal uridylyltransferase 4 isoform X8 [Homo sapiens]	TRUE	Tut4
XP_014790674.1	XP_047272350.1	0	N/A	28.44	327	45	3.24e-23	108	terminal uridylyltransferase 4 isoform X34 [Homo sapiens]	TRUE	Tut4
XP_014790674.1	XP_047272344.1	0	N/A	28.221	326	45	3.8e-23	108	terminal uridylyltransferase 4 isoform X30 [Homo sapiens]	TRUE	Tut4
XP_014790674.1	XP_016856293.1	0	N/A	28.125	320	45	6.42e-23	107	terminal uridylyltransferase 4 isoform X16 [Homo sapiens]	TRUE	Tut4
XP_014790674.1	XP_047272288.1	0	N/A	28.125	320	45	6.76e-23	107	terminal uridylyltransferase 4 isoform X10 [Homo sapiens]	TRUE	Tut4
XP_014790674.1	XP_047272285.1	0	N/A	28.571	308	43	7.01e-23	107	terminal uridylyltransferase 4 isoform X7 [Homo sapiens]	TRUE	Tut4
XP_014790674.1	XP_047272281.1	0	N/A	28.125	320	45	7.04e-23	107	terminal uridylyltransferase 4 isoform X4 [Homo sapiens]	TRUE	Tut4
XP_014790674.1	NP_001009881.1	0	N/A	28.125	320	45	7.04e-23	107	terminal uridylyltransferase 4 isoform a [Homo sapiens]	TRUE	Tut4
XP_015614651.2	NP_001317647.1	0	N/A	34.211	304	34	5.07e-44	173	terminal uridylyltransferase 7 isoform 3 [Homo sapiens]	TRUE	Tut7
XP_015614651.2	XP_047279823.1	0	N/A	34.211	304	34	6.43e-44	175	terminal uridylyltransferase 7 isoform X2 [Homo sapiens]	TRUE	Tut7
XP_015614651.2	XP_006717346.1	0	N/A	34.211	304	34	6.43e-44	175	terminal uridylyltransferase 7 isoform X2 [Homo sapiens]	TRUE	Tut7
XP_015614651.2	XP_016870620.1	0	N/A	34.211	304	34	7.84e-44	174	terminal uridylyltransferase 7 isoform X4 [Homo sapiens]	TRUE	Tut7
XP_015614651.2	XP_016870619.1	0	N/A	34.211	304	34	7.84e-44	174	terminal uridylyltransferase 7 isoform X4 [Homo sapiens]	TRUE	Tut7
XP_015614651.2	NP_078893.2	0	N/A	34.211	304	34	7.84e-44	174	terminal uridylyltransferase 7 isoform 1 [Homo sapiens]	TRUE	Tut7
XP_015614651.2	NP_001171988.1	0	N/A	34.211	304	34	7.84e-44	174	terminal uridylyltransferase 7 isoform 1 [Homo sapiens]	TRUE	Tut7
XP_015614651.2	XP_011517317.1	0	N/A	34.211	304	34	8.82e-44	174	terminal uridylyltransferase 7 isoform X3 [Homo sapiens]	TRUE	Tut7
XP_015614651.2	XP_011517318.1	0	N/A	34.211	304	34	9.76e-44	174	terminal uridylyltransferase 7 isoform X5 [Homo sapiens]	TRUE	Tut7
XP_015614651.2	XP_047279825.1	0	N/A	34.211	304	34	1.09e-43	174	terminal uridylyltransferase 7 isoform X6 [Homo sapiens]	TRUE	Tut7
XP_015614651.2	XP_047279824.1	0	N/A	34.211	304	34	1.09e-43	174	terminal uridylyltransferase 7 isoform X6 [Homo sapiens]	TRUE	Tut7
XP_015614651.2	XP_005252264.1	0	N/A	34.211	304	34	1.09e-43	174	terminal uridylyltransferase 7 isoform X6 [Homo sapiens]	TRUE	Tut7
XP_015614651.2	XP_005252265.1	0	N/A	34.211	304	34	1.39e-43	174	terminal uridylyltransferase 7 isoform X7 [Homo sapiens]	TRUE	Tut7
XP_015614651.2	XP_011517316.1	0	N/A	34.211	304	34	1.48e-43	174	terminal uridylyltransferase 7 isoform X1 [Homo sapiens]	TRUE	Tut7
XP_015614651.2	XP_011517315.1	0	N/A	34.211	304	34	1.48e-43	174	terminal uridylyltransferase 7 isoform X1 [Homo sapiens]	TRUE	Tut7
XP_015614651.2	XP_011517314.1	0	N/A	34.211	304	34	1.48e-43	174	terminal uridylyltransferase 7 isoform X1 [Homo sapiens]	TRUE	Tut7
XP_015614651.2	XP_011517313.1	0	N/A	34.211	304	34	1.48e-43	174	terminal uridylyltransferase 7 isoform X1 [Homo sapiens]	TRUE	Tut7
XP_015614651.2	XP_047272384.1	0	N/A	32.733	333	38	1.34e-40	163	terminal uridylyltransferase 4 isoform X46 [Homo sapiens]	TRUE	Tut4
XP_015614651.2	XP_005270739.1	0	N/A	32.831	332	38	7.98e-40	162	terminal uridylyltransferase 4 isoform X33 [Homo sapiens]	TRUE	Tut4
XP_015614651.2	XP_016856299.1	0	N/A	32.831	332	38	8.74e-40	162	terminal uridylyltransferase 4 isoform X40 [Homo sapiens]	TRUE	Tut4
XP_015614651.2	XP_016856292.1	0	N/A	32.831	332	38	8.77e-40	162	terminal uridylyltransferase 4 isoform X9 [Homo sapiens]	TRUE	Tut4
XP_015614651.2	XP_016856293.1	0	N/A	32.831	332	38	8.82e-40	162	terminal uridylyltransferase 4 isoform X16 [Homo sapiens]	TRUE	Tut4
XP_015614651.2	XP_047272288.1	0	N/A	32.831	332	38	8.92e-40	162	terminal uridylyltransferase 4 isoform X10 [Homo sapiens]	TRUE	Tut4
XP_015614651.2	XP_016856297.1	0	N/A	32.831	332	38	9.16e-40	162	terminal uridylyltransferase 4 isoform X36 [Homo sapiens]	TRUE	Tut4
XP_015614651.2	XP_005270735.1	0	N/A	32.831	332	38	9.27e-40	162	terminal uridylyltransferase 4 isoform X2 [Homo sapiens]	TRUE	Tut4
XP_015614651.2	XP_047272345.1	0	N/A	32.831	332	38	9.38e-40	162	terminal uridylyltransferase 4 isoform X31 [Homo sapiens]	TRUE	Tut4
XP_015614651.2	XP_011539399.1	0	N/A	32.831	332	38	9.44e-40	162	terminal uridylyltransferase 4 isoform X1 [Homo sapiens]	TRUE	Tut4
XP_015614651.2	XP_005270733.1	0	N/A	32.831	332	38	9.44e-40	162	terminal uridylyltransferase 4 isoform X1 [Homo sapiens]	TRUE	Tut4
XP_015614651.2	XP_047272280.1	0	N/A	32.831	332	38	9.93e-40	162	terminal uridylyltransferase 4 isoform X3 [Homo sapiens]	TRUE	Tut4
XP_015614651.2	XP_005270736.1	0	N/A	32.831	332	38	9.93e-40	162	terminal uridylyltransferase 4 isoform X3 [Homo sapiens]	TRUE	Tut4
XP_015614651.2	XP_011539401.1	0	N/A	32.831	332	38	1.04e-39	161	terminal uridylyltransferase 4 isoform X29 [Homo sapiens]	TRUE	Tut4
XP_015614651.2	XP_047272365.1	0	N/A	32.831	332	38	1.04e-39	161	terminal uridylyltransferase 4 isoform X38 [Homo sapiens]	TRUE	Tut4
XP_015614651.2	XP_047272337.1	0	N/A	32.831	332	38	1.06e-39	161	terminal uridylyltransferase 4 isoform X27 [Homo sapiens]	TRUE	Tut4
XP_015614651.2	XP_047272285.1	0	N/A	32.831	332	38	1.07e-39	161	terminal uridylyltransferase 4 isoform X7 [Homo sapiens]	TRUE	Tut4
XP_015614651.2	XP_047272325.1	0	N/A	32.831	332	38	1.13e-39	161	terminal uridylyltransferase 4 isoform X23 [Homo sapiens]	TRUE	Tut4
XP_015614651.2	XP_047272282.1	0	N/A	32.831	332	38	1.14e-39	161	terminal uridylyltransferase 4 isoform X5 [Homo sapiens]	TRUE	Tut4
XP_015614651.2	NP_056084.1	0	N/A	32.831	332	38	1.14e-39	161	terminal uridylyltransferase 4 isoform b [Homo sapiens]	TRUE	Tut4
XP_015614651.2	XP_047272281.1	0	N/A	32.831	332	38	1.14e-39	161	terminal uridylyltransferase 4 isoform X4 [Homo sapiens]	TRUE	Tut4
XP_015614651.2	NP_001009881.1	0	N/A	32.831	332	38	1.14e-39	161	terminal uridylyltransferase 4 isoform a [Homo sapiens]	TRUE	Tut4
XP_015614651.2	XP_016856295.1	0	N/A	32.831	332	38	1.17e-39	161	terminal uridylyltransferase 4 isoform X25 [Homo sapiens]	TRUE	Tut4
XP_015614651.2	XP_016856296.1	0	N/A	32.831	332	38	1.18e-39	161	terminal uridylyltransferase 4 isoform X28 [Homo sapiens]	TRUE	Tut4
XP_015614651.2	XP_047272283.1	0	N/A	32.831	332	38	1.21e-39	161	terminal uridylyltransferase 4 isoform X6 [Homo sapiens]	TRUE	Tut4
XP_015614651.2	XP_005270737.1	0	N/A	32.831	332	38	1.21e-39	161	terminal uridylyltransferase 4 isoform X6 [Homo sapiens]	TRUE	Tut4
XP_015614651.2	XP_047272811.1	0	N/A	30.032	313	36	1.74e-37	149	poly(A) RNA polymerase GLD2 isoform X4 [Homo sapiens]	TRUE	TENT2
XP_015614651.2	XP_047272810.1	0	N/A	30.032	313	36	1.74e-37	149	poly(A) RNA polymerase GLD2 isoform X4 [Homo sapiens]	TRUE	TENT2
XP_015614651.2	XP_047272809.1	0	N/A	30.032	313	36	1.74e-37	149	poly(A) RNA polymerase GLD2 isoform X4 [Homo sapiens]	TRUE	TENT2
XP_015614651.2	NP_001375058.1	0	N/A	30.032	313	36	1.74e-37	149	poly(A) RNA polymerase GLD2 isoform 2 [Homo sapiens]	TRUE	TENT2
XP_015614651.2	NP_001375057.1	0	N/A	30.032	313	36	1.74e-37	149	poly(A) RNA polymerase GLD2 isoform 2 [Homo sapiens]	TRUE	TENT2
XP_015614651.2	NP_001375056.1	0	N/A	30.032	313	36	1.74e-37	149	poly(A) RNA polymerase GLD2 isoform 2 [Homo sapiens]	TRUE	TENT2
XP_015614651.2	NP_001375055.1	0	N/A	30.032	313	36	1.74e-37	149	poly(A) RNA polymerase GLD2 isoform 2 [Homo sapiens]	TRUE	TENT2
XP_015614651.2	NP_001375054.1	0	N/A	30.032	313	36	1.74e-37	149	poly(A) RNA polymerase GLD2 isoform 2 [Homo sapiens]	TRUE	TENT2
XP_015614651.2	NP_001375053.1	0	N/A	30.032	313	36	1.74e-37	149	poly(A) RNA polymerase GLD2 isoform 2 [Homo sapiens]	TRUE	TENT2
XP_015614651.2	NP_001375052.1	0	N/A	30.032	313	36	1.74e-37	149	poly(A) RNA polymerase GLD2 isoform 2 [Homo sapiens]	TRUE	TENT2
XP_015614651.2	NP_001375051.1	0	N/A	30.032	313	36	1.74e-37	149	poly(A) RNA polymerase GLD2 isoform 2 [Homo sapiens]	TRUE	TENT2
XP_015614651.2	NP_001375050.1	0	N/A	30.032	313	36	1.74e-37	149	poly(A) RNA polymerase GLD2 isoform 2 [Homo sapiens]	TRUE	TENT2
XP_015614651.2	NP_001375049.1	0	N/A	30.032	313	36	1.74e-37	149	poly(A) RNA polymerase GLD2 isoform 2 [Homo sapiens]	TRUE	TENT2
XP_015614651.2	NP_001375048.1	0	N/A	30.032	313	36	1.74e-37	149	poly(A) RNA polymerase GLD2 isoform 2 [Homo sapiens]	TRUE	TENT2
XP_015614651.2	NP_001375047.1	0	N/A	30.032	313	36	1.74e-37	149	poly(A) RNA polymerase GLD2 isoform 2 [Homo sapiens]	TRUE	TENT2
XP_015614651.2	NP_001375046.1	0	N/A	30.032	313	36	1.74e-37	149	poly(A) RNA polymerase GLD2 isoform 2 [Homo sapiens]	TRUE	TENT2
XP_015614651.2	NP_001375045.1	0	N/A	30.032	313	36	1.74e-37	149	poly(A) RNA polymerase GLD2 isoform 2 [Homo sapiens]	TRUE	TENT2
XP_015614651.2	NP_001375044.1	0	N/A	30.032	313	36	1.74e-37	149	poly(A) RNA polymerase GLD2 isoform 2 [Homo sapiens]	TRUE	TENT2
XP_015614651.2	NP_001375043.1	0	N/A	30.032	313	36	1.74e-37	149	poly(A) RNA polymerase GLD2 isoform 2 [Homo sapiens]	TRUE	TENT2
XP_015614651.2	NP_001336483.1	0	N/A	30.032	313	36	1.74e-37	149	poly(A) RNA polymerase GLD2 isoform 2 [Homo sapiens]	TRUE	TENT2
XP_015614651.2	NP_001284673.1	0	N/A	30.032	313	36	1.74e-37	149	poly(A) RNA polymerase GLD2 isoform 2 [Homo sapiens]	TRUE	TENT2
XP_015614651.2	NP_001375059.1	0	N/A	30.032	313	36	1.74e-37	149	poly(A) RNA polymerase GLD2 isoform 10 [Homo sapiens]	TRUE	TENT2
XP_015614651.2	NP_001375061.1	0	N/A	30.032	313	36	1.9e-37	148	poly(A) RNA polymerase GLD2 isoform 12 [Homo sapiens]	TRUE	TENT2
XP_015614651.2	NP_001375065.1	0	N/A	30.032	313	36	7.37e-37	144	poly(A) RNA polymerase GLD2 isoform 14 [Homo sapiens]	TRUE	TENT2
XP_015614651.2	NP_001375042.1	0	N/A	29.653	317	36	8.96e-37	147	poly(A) RNA polymerase GLD2 isoform 16 [Homo sapiens]	TRUE	TENT2
XP_015614651.2	XP_047272808.1	0	N/A	29.653	317	36	1.05e-36	147	poly(A) RNA polymerase GLD2 isoform X3 [Homo sapiens]	TRUE	TENT2
XP_015614651.2	XP_047272807.1	0	N/A	29.653	317	36	1.05e-36	147	poly(A) RNA polymerase GLD2 isoform X3 [Homo sapiens]	TRUE	TENT2
XP_015614651.2	XP_047272806.1	0	N/A	29.653	317	36	1.05e-36	147	poly(A) RNA polymerase GLD2 isoform X3 [Homo sapiens]	TRUE	TENT2
XP_015614651.2	NP_776158.2	0	N/A	29.653	317	36	1.05e-36	147	poly(A) RNA polymerase GLD2 isoform 1 [Homo sapiens]	TRUE	TENT2
XP_015614651.2	NP_001375041.1	0	N/A	29.653	317	36	1.05e-36	147	poly(A) RNA polymerase GLD2 isoform 1 [Homo sapiens]	TRUE	TENT2
XP_015614651.2	NP_001375040.1	0	N/A	29.653	317	36	1.05e-36	147	poly(A) RNA polymerase GLD2 isoform 1 [Homo sapiens]	TRUE	TENT2
XP_015614651.2	NP_001375039.1	0	N/A	29.653	317	36	1.05e-36	147	poly(A) RNA polymerase GLD2 isoform 1 [Homo sapiens]	TRUE	TENT2
XP_015614651.2	NP_001375038.1	0	N/A	29.653	317	36	1.05e-36	147	poly(A) RNA polymerase GLD2 isoform 1 [Homo sapiens]	TRUE	TENT2
XP_015614651.2	NP_001375037.1	0	N/A	29.653	317	36	1.05e-36	147	poly(A) RNA polymerase GLD2 isoform 1 [Homo sapiens]	TRUE	TENT2
XP_015614651.2	NP_001375036.1	0	N/A	29.653	317	36	1.05e-36	147	poly(A) RNA polymerase GLD2 isoform 1 [Homo sapiens]	TRUE	TENT2
XP_015614651.2	NP_001375035.1	0	N/A	29.653	317	36	1.05e-36	147	poly(A) RNA polymerase GLD2 isoform 1 [Homo sapiens]	TRUE	TENT2
XP_015614651.2	NP_001375034.1	0	N/A	29.653	317	36	1.05e-36	147	poly(A) RNA polymerase GLD2 isoform 1 [Homo sapiens]	TRUE	TENT2
XP_015614651.2	NP_001375032.1	0	N/A	29.653	317	36	1.05e-36	147	poly(A) RNA polymerase GLD2 isoform 1 [Homo sapiens]	TRUE	TENT2
XP_015614651.2	NP_001375031.1	0	N/A	29.653	317	36	1.05e-36	147	poly(A) RNA polymerase GLD2 isoform 1 [Homo sapiens]	TRUE	TENT2
XP_015614651.2	NP_001336482.1	0	N/A	29.653	317	36	1.05e-36	147	poly(A) RNA polymerase GLD2 isoform 1 [Homo sapiens]	TRUE	TENT2
XP_015614651.2	NP_001336481.1	0	N/A	29.653	317	36	1.05e-36	147	poly(A) RNA polymerase GLD2 isoform 1 [Homo sapiens]	TRUE	TENT2
XP_015614651.2	NP_001107866.1	0	N/A	29.653	317	36	1.05e-36	147	poly(A) RNA polymerase GLD2 isoform 1 [Homo sapiens]	TRUE	TENT2
XP_015614651.2	NP_001107865.1	0	N/A	29.653	317	36	1.05e-36	147	poly(A) RNA polymerase GLD2 isoform 1 [Homo sapiens]	TRUE	TENT2
XP_015614651.2	NP_001375060.1	0	N/A	29.653	317	36	1.21e-36	146	poly(A) RNA polymerase GLD2 isoform 11 [Homo sapiens]	TRUE	TENT2
XP_015614651.2	XP_047272290.1	0	N/A	32.154	311	36	4.62e-36	150	terminal uridylyltransferase 4 isoform X11 [Homo sapiens]	TRUE	Tut4
XP_015614651.2	XP_047272372.1	0	N/A	32.154	311	36	4.69e-36	150	terminal uridylyltransferase 4 isoform X42 [Homo sapiens]	TRUE	Tut4
XP_015614651.2	XP_047272286.1	0	N/A	32.154	311	36	4.79e-36	150	terminal uridylyltransferase 4 isoform X8 [Homo sapiens]	TRUE	Tut4
XP_015614651.2	XP_047272344.1	0	N/A	32.154	311	36	5.09e-36	150	terminal uridylyltransferase 4 isoform X30 [Homo sapiens]	TRUE	Tut4
XP_015614651.2	XP_047272296.1	0	N/A	32.154	311	36	5.26e-36	150	terminal uridylyltransferase 4 isoform X13 [Homo sapiens]	TRUE	Tut4
XP_015614651.2	XP_047272295.1	0	N/A	32.154	311	36	5.31e-36	150	terminal uridylyltransferase 4 isoform X12 [Homo sapiens]	TRUE	Tut4
XP_015614651.2	XP_047272305.1	0	N/A	32.154	311	36	5.88e-36	150	terminal uridylyltransferase 4 isoform X17 [Homo sapiens]	TRUE	Tut4
XP_015614651.2	XP_047272350.1	0	N/A	32.154	311	36	7.18e-36	149	terminal uridylyltransferase 4 isoform X34 [Homo sapiens]	TRUE	Tut4
XP_015614651.2	NP_001375027.1	0	N/A	27.811	338	36	7.82e-35	142	poly(A) RNA polymerase GLD2 isoform 7 [Homo sapiens]	TRUE	TENT2
XP_015614651.2	XP_047272805.1	0	N/A	27.811	338	36	8.31e-35	142	poly(A) RNA polymerase GLD2 isoform X2 [Homo sapiens]	TRUE	TENT2
XP_015614651.2	XP_047272804.1	0	N/A	27.811	338	36	8.31e-35	142	poly(A) RNA polymerase GLD2 isoform X2 [Homo sapiens]	TRUE	TENT2
XP_015614651.2	XP_047272803.1	0	N/A	27.811	338	36	8.31e-35	142	poly(A) RNA polymerase GLD2 isoform X2 [Homo sapiens]	TRUE	TENT2
XP_015614651.2	XP_047272802.1	0	N/A	27.811	338	36	8.31e-35	142	poly(A) RNA polymerase GLD2 isoform X2 [Homo sapiens]	TRUE	TENT2
XP_015622135.1	NP_001165276.2	0	N/A	41.641	329	50	7.3e-74	254	terminal nucleotidyltransferase 4A isoform 2 [Homo sapiens]	TRUE	TENT4A
XP_015622135.1	NP_008930.2	0	N/A	41.641	329	50	7.97e-74	254	terminal nucleotidyltransferase 4A isoform 1 [Homo sapiens]	TRUE	TENT4A
XP_015622135.1	XP_047290433.1	0	N/A	41.587	315	49	5.43e-71	239	terminal nucleotidyltransferase 4B isoform X6 [Homo sapiens]	TRUE	TENT4B
XP_015622135.1	NP_001035375.2	0	N/A	40.729	329	51	1.07e-70	243	terminal nucleotidyltransferase 4B isoform b [Homo sapiens]	TRUE	TENT4B
XP_015622135.1	XP_011521578.1	0	N/A	40.729	329	51	1.09e-70	243	terminal nucleotidyltransferase 4B isoform X2 [Homo sapiens]	TRUE	TENT4B
XP_015622135.1	XP_011521580.1	0	N/A	41.587	315	49	1.64e-70	239	terminal nucleotidyltransferase 4B isoform X5 [Homo sapiens]	TRUE	TENT4B
XP_015622135.1	NP_001035374.2	0	N/A	40.729	329	51	2.99e-70	243	terminal nucleotidyltransferase 4B isoform a [Homo sapiens]	TRUE	TENT4B
XP_015622135.1	XP_011521577.1	0	N/A	40.729	329	51	3.04e-70	243	terminal nucleotidyltransferase 4B isoform X1 [Homo sapiens]	TRUE	TENT4B
XP_015622135.1	XP_047290432.1	0	N/A	40.729	329	51	3.57e-70	241	terminal nucleotidyltransferase 4B isoform X4 [Homo sapiens]	TRUE	TENT4B
XP_015622135.1	XP_047290431.1	0	N/A	40.729	329	51	4.3e-70	242	terminal nucleotidyltransferase 4B isoform X3 [Homo sapiens]	TRUE	TENT4B
XP_015622135.1	NP_001352252.1	0	N/A	40.729	329	51	6.79e-70	242	terminal nucleotidyltransferase 4B isoform c [Homo sapiens]	TRUE	TENT4B
XP_015622135.1	NP_001352253.1	0	N/A	40.729	329	51	1.31e-69	241	terminal nucleotidyltransferase 4B isoform d [Homo sapiens]	TRUE	TENT4B
XP_015622135.1	XP_047272622.1	0	N/A	40.777	309	47	2.71e-68	234	terminal nucleotidyltransferase 4A isoform X1 [Homo sapiens]	TRUE	TENT4A
XP_015622135.1	XP_047272621.1	0	N/A	40.777	309	47	2.71e-68	234	terminal nucleotidyltransferase 4A isoform X1 [Homo sapiens]	TRUE	TENT4A
XP_015622135.1	XP_047272620.1	0	N/A	40.777	309	47	2.71e-68	234	terminal nucleotidyltransferase 4A isoform X1 [Homo sapiens]	TRUE	TENT4A
XP_015622135.1	XP_047272624.1	0	N/A	40.803	299	46	1.75e-65	226	terminal nucleotidyltransferase 4A isoform X3 [Homo sapiens]	TRUE	TENT4A
XP_015622135.1	XP_047272623.1	0	N/A	40.803	299	46	1.94e-65	226	terminal nucleotidyltransferase 4A isoform X2 [Homo sapiens]	TRUE	TENT4A
XP_015622135.1	XP_016864477.1	0	N/A	40.803	299	46	1.94e-65	226	terminal nucleotidyltransferase 4A isoform X2 [Homo sapiens]	TRUE	TENT4A
XP_015622135.1	XP_005252265.1	0	N/A	28.736	174	27	4.22e-12	72.4	terminal uridylyltransferase 7 isoform X7 [Homo sapiens]	TRUE	Tut7
XP_015622135.1	XP_047279825.1	0	N/A	28.736	174	27	4.37e-12	72.4	terminal uridylyltransferase 7 isoform X6 [Homo sapiens]	TRUE	Tut7
XP_015622135.1	XP_047279824.1	0	N/A	28.736	174	27	4.37e-12	72.4	terminal uridylyltransferase 7 isoform X6 [Homo sapiens]	TRUE	Tut7
XP_015622135.1	XP_005252264.1	0	N/A	28.736	174	27	4.37e-12	72.4	terminal uridylyltransferase 7 isoform X6 [Homo sapiens]	TRUE	Tut7
XP_015622135.1	NP_001317647.1	0	N/A	28.736	174	27	4.49e-12	72	terminal uridylyltransferase 7 isoform 3 [Homo sapiens]	TRUE	Tut7
XP_015622135.1	XP_016870620.1	0	N/A	28.736	174	27	4.53e-12	72.4	terminal uridylyltransferase 7 isoform X4 [Homo sapiens]	TRUE	Tut7
XP_015622135.1	XP_016870619.1	0	N/A	28.736	174	27	4.53e-12	72.4	terminal uridylyltransferase 7 isoform X4 [Homo sapiens]	TRUE	Tut7
XP_015622135.1	NP_078893.2	0	N/A	28.736	174	27	4.53e-12	72.4	terminal uridylyltransferase 7 isoform 1 [Homo sapiens]	TRUE	Tut7
XP_015622135.1	NP_001171988.1	0	N/A	28.736	174	27	4.53e-12	72.4	terminal uridylyltransferase 7 isoform 1 [Homo sapiens]	TRUE	Tut7
XP_015622135.1	XP_047279823.1	0	N/A	28.736	174	27	4.72e-12	72	terminal uridylyltransferase 7 isoform X2 [Homo sapiens]	TRUE	Tut7
XP_015622135.1	XP_006717346.1	0	N/A	28.736	174	27	4.72e-12	72	terminal uridylyltransferase 7 isoform X2 [Homo sapiens]	TRUE	Tut7
XP_015622135.1	XP_011517317.1	0	N/A	28.736	174	27	5.27e-12	72	terminal uridylyltransferase 7 isoform X3 [Homo sapiens]	TRUE	Tut7
XP_015622135.1	XP_011517318.1	0	N/A	28.736	174	27	5.33e-12	72	terminal uridylyltransferase 7 isoform X5 [Homo sapiens]	TRUE	Tut7
XP_015622135.1	XP_011517316.1	0	N/A	28.736	174	27	5.42e-12	72	terminal uridylyltransferase 7 isoform X1 [Homo sapiens]	TRUE	Tut7
XP_015622135.1	XP_011517315.1	0	N/A	28.736	174	27	5.42e-12	72	terminal uridylyltransferase 7 isoform X1 [Homo sapiens]	TRUE	Tut7
XP_015622135.1	XP_011517314.1	0	N/A	28.736	174	27	5.42e-12	72	terminal uridylyltransferase 7 isoform X1 [Homo sapiens]	TRUE	Tut7
XP_015622135.1	XP_011517313.1	0	N/A	28.736	174	27	5.42e-12	72	terminal uridylyltransferase 7 isoform X1 [Homo sapiens]	TRUE	Tut7
XP_015622135.1	XP_016856293.1	0	N/A	23.934	305	41	9.79e-12	71.2	terminal uridylyltransferase 4 isoform X16 [Homo sapiens]	TRUE	Tut4
XP_015622135.1	XP_047272283.1	0	N/A	23.934	305	41	1.03e-11	71.2	terminal uridylyltransferase 4 isoform X6 [Homo sapiens]	TRUE	Tut4
XP_015622135.1	XP_005270737.1	0	N/A	23.934	305	41	1.03e-11	71.2	terminal uridylyltransferase 4 isoform X6 [Homo sapiens]	TRUE	Tut4
XP_015622135.1	XP_047272288.1	0	N/A	23.934	305	41	1.06e-11	70.9	terminal uridylyltransferase 4 isoform X10 [Homo sapiens]	TRUE	Tut4
XP_015622135.1	XP_047272365.1	0	N/A	23.934	305	41	1.14e-11	70.9	terminal uridylyltransferase 4 isoform X38 [Homo sapiens]	TRUE	Tut4
XP_015622135.1	XP_047272285.1	0	N/A	23.934	305	41	1.15e-11	70.9	terminal uridylyltransferase 4 isoform X7 [Homo sapiens]	TRUE	Tut4
XP_015622135.1	XP_047272281.1	0	N/A	23.934	305	41	1.19e-11	70.9	terminal uridylyltransferase 4 isoform X4 [Homo sapiens]	TRUE	Tut4
XP_015622135.1	NP_001009881.1	0	N/A	23.934	305	41	1.19e-11	70.9	terminal uridylyltransferase 4 isoform a [Homo sapiens]	TRUE	Tut4
XP_015622135.1	XP_047272282.1	0	N/A	23.934	305	41	1.2e-11	70.9	terminal uridylyltransferase 4 isoform X5 [Homo sapiens]	TRUE	Tut4
XP_015622135.1	NP_056084.1	0	N/A	23.934	305	41	1.2e-11	70.9	terminal uridylyltransferase 4 isoform b [Homo sapiens]	TRUE	Tut4
XP_015622135.1	XP_016856299.1	0	N/A	23.934	305	41	1.26e-11	70.9	terminal uridylyltransferase 4 isoform X40 [Homo sapiens]	TRUE	Tut4
XP_015622135.1	XP_016856292.1	0	N/A	23.934	305	41	1.29e-11	70.9	terminal uridylyltransferase 4 isoform X9 [Homo sapiens]	TRUE	Tut4
XP_015622135.1	XP_047272337.1	0	N/A	23.934	305	41	1.38e-11	70.5	terminal uridylyltransferase 4 isoform X27 [Homo sapiens]	TRUE	Tut4
XP_015622135.1	XP_016856297.1	0	N/A	23.934	305	41	1.39e-11	70.5	terminal uridylyltransferase 4 isoform X36 [Homo sapiens]	TRUE	Tut4
XP_015622135.1	XP_016856296.1	0	N/A	23.934	305	41	1.43e-11	70.5	terminal uridylyltransferase 4 isoform X28 [Homo sapiens]	TRUE	Tut4
XP_015622135.1	XP_011539399.1	0	N/A	23.934	305	41	1.45e-11	70.5	terminal uridylyltransferase 4 isoform X1 [Homo sapiens]	TRUE	Tut4
XP_015622135.1	XP_005270733.1	0	N/A	23.934	305	41	1.45e-11	70.5	terminal uridylyltransferase 4 isoform X1 [Homo sapiens]	TRUE	Tut4
XP_015622135.1	XP_047272280.1	0	N/A	23.934	305	41	1.47e-11	70.5	terminal uridylyltransferase 4 isoform X3 [Homo sapiens]	TRUE	Tut4
XP_015622135.1	XP_005270736.1	0	N/A	23.934	305	41	1.47e-11	70.5	terminal uridylyltransferase 4 isoform X3 [Homo sapiens]	TRUE	Tut4
XP_015622135.1	XP_011539401.1	0	N/A	23.934	305	41	1.48e-11	70.5	terminal uridylyltransferase 4 isoform X29 [Homo sapiens]	TRUE	Tut4
XP_015622135.1	XP_047272345.1	0	N/A	23.934	305	41	1.52e-11	70.5	terminal uridylyltransferase 4 isoform X31 [Homo sapiens]	TRUE	Tut4
XP_015622135.1	XP_005270735.1	0	N/A	23.934	305	41	1.58e-11	70.5	terminal uridylyltransferase 4 isoform X2 [Homo sapiens]	TRUE	Tut4
XP_015622135.1	XP_005270739.1	0	N/A	23.934	305	41	1.58e-11	70.5	terminal uridylyltransferase 4 isoform X33 [Homo sapiens]	TRUE	Tut4
XP_015622135.1	XP_047272384.1	0	N/A	23.779	307	41	1.65e-11	70.1	terminal uridylyltransferase 4 isoform X46 [Homo sapiens]	TRUE	Tut4
XP_015622135.1	XP_016856295.1	0	N/A	23.934	305	41	1.85e-11	70.1	terminal uridylyltransferase 4 isoform X25 [Homo sapiens]	TRUE	Tut4
XP_015622135.1	XP_047272325.1	0	N/A	23.934	305	41	2.05e-11	70.1	terminal uridylyltransferase 4 isoform X23 [Homo sapiens]	TRUE	Tut4
XP_015622135.1	XP_047272305.1	0	N/A	23.106	264	36	6.18e-09	62	terminal uridylyltransferase 4 isoform X17 [Homo sapiens]	TRUE	Tut4
XP_015622135.1	XP_047272372.1	0	N/A	23.106	264	36	6.32e-09	62	terminal uridylyltransferase 4 isoform X42 [Homo sapiens]	TRUE	Tut4
XP_015622135.1	XP_047272295.1	0	N/A	23.106	264	36	6.74e-09	62	terminal uridylyltransferase 4 isoform X12 [Homo sapiens]	TRUE	Tut4
XP_015622135.1	XP_047272296.1	0	N/A	23.106	264	36	6.91e-09	62	terminal uridylyltransferase 4 isoform X13 [Homo sapiens]	TRUE	Tut4
XP_015622135.1	XP_047272350.1	0	N/A	23.106	264	36	7.66e-09	61.6	terminal uridylyltransferase 4 isoform X34 [Homo sapiens]	TRUE	Tut4
XP_015622135.1	XP_047272286.1	0	N/A	23.106	264	36	7.73e-09	61.6	terminal uridylyltransferase 4 isoform X8 [Homo sapiens]	TRUE	Tut4
XP_015622135.1	XP_047272290.1	0	N/A	23.106	264	36	8.13e-09	61.6	terminal uridylyltransferase 4 isoform X11 [Homo sapiens]	TRUE	Tut4
XP_015622135.1	XP_047272344.1	0	N/A	23.106	264	36	9.42e-09	61.6	terminal uridylyltransferase 4 isoform X30 [Homo sapiens]	TRUE	Tut4
XP_015622135.1	XP_047272327.1	0	N/A	22.993	274	41	8.92e-08	58.2	terminal uridylyltransferase 4 isoform X24 [Homo sapiens]	TRUE	Tut4
XP_015622135.1	XP_047272320.1	0	N/A	22.993	274	41	9e-08	58.2	terminal uridylyltransferase 4 isoform X22 [Homo sapiens]	TRUE	Tut4
XP_015622135.1	XP_047272336.1	0	N/A	23.723	274	41	9.07e-08	58.2	terminal uridylyltransferase 4 isoform X26 [Homo sapiens]	TRUE	Tut4
XP_015622135.1	XP_047272307.1	0	N/A	22.993	274	41	1.13e-07	58.2	terminal uridylyltransferase 4 isoform X19 [Homo sapiens]	TRUE	Tut4
XP_015622135.1	XP_047272377.1	0	N/A	22.993	274	41	1.17e-07	57.8	terminal uridylyltransferase 4 isoform X44 [Homo sapiens]	TRUE	Tut4
XP_015622135.1	XP_047272311.1	0	N/A	22.993	274	41	1.2e-07	57.8	terminal uridylyltransferase 4 isoform X21 [Homo sapiens]	TRUE	Tut4
XP_015622135.1	XP_047272354.1	0	N/A	22.993	274	41	1.21e-07	57.8	terminal uridylyltransferase 4 isoform X35 [Homo sapiens]	TRUE	Tut4
XP_015622135.1	XP_016856294.1	0	N/A	22.993	274	41	1.23e-07	57.8	terminal uridylyltransferase 4 isoform X20 [Homo sapiens]	TRUE	Tut4
XP_015622135.1	XP_047272362.1	0	N/A	22.993	274	41	1.24e-07	57.8	terminal uridylyltransferase 4 isoform X37 [Homo sapiens]	TRUE	Tut4
XP_015622135.1	XP_047272373.1	0	N/A	22.993	274	41	1.24e-07	57.8	terminal uridylyltransferase 4 isoform X43 [Homo sapiens]	TRUE	Tut4
XP_015622135.1	XP_047272820.1	0	N/A	28.704	108	17	1.26e-07	55.8	poly(A) RNA polymerase GLD2 isoform X11 [Homo sapiens]	TRUE	TENT2
XP_015622135.1	XP_047272367.1	0	N/A	22.993	274	41	1.29e-07	57.8	terminal uridylyltransferase 4 isoform X39 [Homo sapiens]	TRUE	Tut4
XP_015622135.1	XP_047272369.1	0	N/A	22.993	274	41	1.42e-07	57.8	terminal uridylyltransferase 4 isoform X41 [Homo sapiens]	TRUE	Tut4
XP_015622135.1	XP_005270738.1	0	N/A	22.993	274	41	1.42e-07	57.8	terminal uridylyltransferase 4 isoform X14 [Homo sapiens]	TRUE	Tut4
XP_015622135.1	XP_047272303.1	0	N/A	22.993	274	41	1.43e-07	57.8	terminal uridylyltransferase 4 isoform X15 [Homo sapiens]	TRUE	Tut4
XP_015622135.1	XP_047272306.1	0	N/A	22.993	274	41	1.51e-07	57.8	terminal uridylyltransferase 4 isoform X18 [Homo sapiens]	TRUE	Tut4
XP_015622135.1	XP_047272348.1	0	N/A	22.993	274	41	1.77e-07	57.4	terminal uridylyltransferase 4 isoform X32 [Homo sapiens]	TRUE	Tut4
XP_015622135.1	XP_047272817.1	0	N/A	27.928	111	18	2.16e-07	55.8	poly(A) RNA polymerase GLD2 isoform X9 [Homo sapiens]	TRUE	TENT2
XP_015622135.1	XP_047272816.1	0	N/A	27.928	111	18	2.76e-07	55.8	poly(A) RNA polymerase GLD2 isoform X8 [Homo sapiens]	TRUE	TENT2
XP_015622135.1	XP_047272805.1	0	N/A	28.182	110	17	3.27e-07	55.8	poly(A) RNA polymerase GLD2 isoform X2 [Homo sapiens]	TRUE	TENT2
XP_015622135.1	XP_047272804.1	0	N/A	28.182	110	17	3.27e-07	55.8	poly(A) RNA polymerase GLD2 isoform X2 [Homo sapiens]	TRUE	TENT2
XP_015622135.1	XP_047272803.1	0	N/A	28.182	110	17	3.27e-07	55.8	poly(A) RNA polymerase GLD2 isoform X2 [Homo sapiens]	TRUE	TENT2
XP_015622135.1	XP_047272802.1	0	N/A	28.182	110	17	3.27e-07	55.8	poly(A) RNA polymerase GLD2 isoform X2 [Homo sapiens]	TRUE	TENT2
XP_015622135.1	XP_016864641.1	0	N/A	28.182	110	17	3.27e-07	55.8	poly(A) RNA polymerase GLD2 isoform X2 [Homo sapiens]	TRUE	TENT2
XP_015622135.1	NP_001375026.1	0	N/A	28.182	110	17	3.27e-07	55.8	poly(A) RNA polymerase GLD2 isoform 6 [Homo sapiens]	TRUE	TENT2
XP_015622135.1	NP_001375025.1	0	N/A	28.182	110	17	3.27e-07	55.8	poly(A) RNA polymerase GLD2 isoform 6 [Homo sapiens]	TRUE	TENT2
XP_015622135.1	NP_001375024.1	0	N/A	28.182	110	17	3.27e-07	55.8	poly(A) RNA polymerase GLD2 isoform 6 [Homo sapiens]	TRUE	TENT2
XP_015622135.1	NP_001336480.1	0	N/A	28.182	110	17	3.27e-07	55.8	poly(A) RNA polymerase GLD2 isoform 6 [Homo sapiens]	TRUE	TENT2
XP_015622135.1	NP_001375027.1	0	N/A	28.182	110	17	3.38e-07	55.8	poly(A) RNA polymerase GLD2 isoform 7 [Homo sapiens]	TRUE	TENT2
XP_015622135.1	XP_047272801.1	0	N/A	28.182	110	17	3.72e-07	55.8	poly(A) RNA polymerase GLD2 isoform X1 [Homo sapiens]	TRUE	TENT2
XP_015622135.1	XP_047272800.1	0	N/A	28.182	110	17	3.72e-07	55.8	poly(A) RNA polymerase GLD2 isoform X1 [Homo sapiens]	TRUE	TENT2
XP_015623679.1	NP_001317647.1	0	N/A	33.77	305	49	1.61e-48	183	terminal uridylyltransferase 7 isoform 3 [Homo sapiens]	TRUE	Tut7
XP_015623679.1	XP_047279823.1	0	N/A	33.77	305	49	2.19e-48	184	terminal uridylyltransferase 7 isoform X2 [Homo sapiens]	TRUE	Tut7
XP_015623679.1	XP_006717346.1	0	N/A	33.77	305	49	2.19e-48	184	terminal uridylyltransferase 7 isoform X2 [Homo sapiens]	TRUE	Tut7
XP_015623679.1	XP_016870620.1	0	N/A	33.77	305	49	2.86e-48	184	terminal uridylyltransferase 7 isoform X4 [Homo sapiens]	TRUE	Tut7
XP_015623679.1	XP_016870619.1	0	N/A	33.77	305	49	2.86e-48	184	terminal uridylyltransferase 7 isoform X4 [Homo sapiens]	TRUE	Tut7
XP_015623679.1	NP_078893.2	0	N/A	33.77	305	49	2.86e-48	184	terminal uridylyltransferase 7 isoform 1 [Homo sapiens]	TRUE	Tut7
XP_015623679.1	NP_001171988.1	0	N/A	33.77	305	49	2.86e-48	184	terminal uridylyltransferase 7 isoform 1 [Homo sapiens]	TRUE	Tut7
XP_015623679.1	XP_005252265.1	0	N/A	33.77	305	49	2.87e-48	184	terminal uridylyltransferase 7 isoform X7 [Homo sapiens]	TRUE	Tut7
XP_015623679.1	XP_011517316.1	0	N/A	33.77	305	49	3.04e-48	184	terminal uridylyltransferase 7 isoform X1 [Homo sapiens]	TRUE	Tut7
XP_015623679.1	XP_011517315.1	0	N/A	33.77	305	49	3.04e-48	184	terminal uridylyltransferase 7 isoform X1 [Homo sapiens]	TRUE	Tut7
XP_015623679.1	XP_011517314.1	0	N/A	33.77	305	49	3.04e-48	184	terminal uridylyltransferase 7 isoform X1 [Homo sapiens]	TRUE	Tut7
XP_015623679.1	XP_011517313.1	0	N/A	33.77	305	49	3.04e-48	184	terminal uridylyltransferase 7 isoform X1 [Homo sapiens]	TRUE	Tut7
XP_015623679.1	XP_011517317.1	0	N/A	33.77	305	49	3.55e-48	184	terminal uridylyltransferase 7 isoform X3 [Homo sapiens]	TRUE	Tut7
XP_015623679.1	XP_047279825.1	0	N/A	33.77	305	49	3.61e-48	184	terminal uridylyltransferase 7 isoform X6 [Homo sapiens]	TRUE	Tut7
XP_015623679.1	XP_047279824.1	0	N/A	33.77	305	49	3.61e-48	184	terminal uridylyltransferase 7 isoform X6 [Homo sapiens]	TRUE	Tut7
XP_015623679.1	XP_005252264.1	0	N/A	33.77	305	49	3.61e-48	184	terminal uridylyltransferase 7 isoform X6 [Homo sapiens]	TRUE	Tut7
XP_015623679.1	XP_011517318.1	0	N/A	33.77	305	49	3.66e-48	184	terminal uridylyltransferase 7 isoform X5 [Homo sapiens]	TRUE	Tut7
XP_015623679.1	XP_047272384.1	0	N/A	34.323	303	49	1.31e-46	178	terminal uridylyltransferase 4 isoform X46 [Homo sapiens]	TRUE	Tut4
XP_015623679.1	XP_016856296.1	0	N/A	34.323	303	49	7.16e-46	177	terminal uridylyltransferase 4 isoform X28 [Homo sapiens]	TRUE	Tut4
XP_015623679.1	XP_016856297.1	0	N/A	34.323	303	49	7.43e-46	177	terminal uridylyltransferase 4 isoform X36 [Homo sapiens]	TRUE	Tut4
XP_015623679.1	XP_005270739.1	0	N/A	34.323	303	49	7.44e-46	177	terminal uridylyltransferase 4 isoform X33 [Homo sapiens]	TRUE	Tut4
XP_015623679.1	XP_016856295.1	0	N/A	34.323	303	49	7.45e-46	177	terminal uridylyltransferase 4 isoform X25 [Homo sapiens]	TRUE	Tut4
XP_015623679.1	XP_047272325.1	0	N/A	34.323	303	49	7.6e-46	177	terminal uridylyltransferase 4 isoform X23 [Homo sapiens]	TRUE	Tut4
XP_015623679.1	XP_047272337.1	0	N/A	34.323	303	49	7.72e-46	177	terminal uridylyltransferase 4 isoform X27 [Homo sapiens]	TRUE	Tut4
XP_015623679.1	XP_011539401.1	0	N/A	34.323	303	49	8.19e-46	177	terminal uridylyltransferase 4 isoform X29 [Homo sapiens]	TRUE	Tut4
XP_015623679.1	XP_047272283.1	0	N/A	34.323	303	49	8.24e-46	177	terminal uridylyltransferase 4 isoform X6 [Homo sapiens]	TRUE	Tut4
XP_015623679.1	XP_005270737.1	0	N/A	34.323	303	49	8.24e-46	177	terminal uridylyltransferase 4 isoform X6 [Homo sapiens]	TRUE	Tut4
XP_015623679.1	XP_016856293.1	0	N/A	34.323	303	49	8.25e-46	177	terminal uridylyltransferase 4 isoform X16 [Homo sapiens]	TRUE	Tut4
XP_015623679.1	XP_047272345.1	0	N/A	34.323	303	49	8.25e-46	177	terminal uridylyltransferase 4 isoform X31 [Homo sapiens]	TRUE	Tut4
XP_015623679.1	XP_047272288.1	0	N/A	34.323	303	49	8.5e-46	177	terminal uridylyltransferase 4 isoform X10 [Homo sapiens]	TRUE	Tut4
XP_015623679.1	XP_047272365.1	0	N/A	34.323	303	49	8.68e-46	177	terminal uridylyltransferase 4 isoform X38 [Homo sapiens]	TRUE	Tut4
XP_015623679.1	XP_016856299.1	0	N/A	34.323	303	49	8.83e-46	176	terminal uridylyltransferase 4 isoform X40 [Homo sapiens]	TRUE	Tut4
XP_015623679.1	XP_047272281.1	0	N/A	34.323	303	49	9.21e-46	176	terminal uridylyltransferase 4 isoform X4 [Homo sapiens]	TRUE	Tut4
XP_015623679.1	NP_001009881.1	0	N/A	34.323	303	49	9.21e-46	176	terminal uridylyltransferase 4 isoform a [Homo sapiens]	TRUE	Tut4
XP_015623679.1	XP_011539399.1	0	N/A	34.323	303	49	9.31e-46	176	terminal uridylyltransferase 4 isoform X1 [Homo sapiens]	TRUE	Tut4
XP_015623679.1	XP_005270733.1	0	N/A	34.323	303	49	9.31e-46	176	terminal uridylyltransferase 4 isoform X1 [Homo sapiens]	TRUE	Tut4
XP_015623679.1	XP_005270735.1	0	N/A	34.323	303	49	9.4e-46	176	terminal uridylyltransferase 4 isoform X2 [Homo sapiens]	TRUE	Tut4
XP_015623679.1	XP_047272285.1	0	N/A	34.323	303	49	9.51e-46	176	terminal uridylyltransferase 4 isoform X7 [Homo sapiens]	TRUE	Tut4
XP_015623679.1	XP_047272280.1	0	N/A	34.323	303	49	9.65e-46	176	terminal uridylyltransferase 4 isoform X3 [Homo sapiens]	TRUE	Tut4
XP_015623679.1	XP_005270736.1	0	N/A	34.323	303	49	9.65e-46	176	terminal uridylyltransferase 4 isoform X3 [Homo sapiens]	TRUE	Tut4
XP_015623679.1	XP_016856292.1	0	N/A	34.323	303	49	9.85e-46	176	terminal uridylyltransferase 4 isoform X9 [Homo sapiens]	TRUE	Tut4
XP_015623679.1	XP_047272282.1	0	N/A	34.323	303	49	1e-45	176	terminal uridylyltransferase 4 isoform X5 [Homo sapiens]	TRUE	Tut4
XP_015623679.1	NP_056084.1	0	N/A	34.323	303	49	1e-45	176	terminal uridylyltransferase 4 isoform b [Homo sapiens]	TRUE	Tut4
XP_015623679.1	XP_047272344.1	0	N/A	35.766	274	44	7.56e-44	171	terminal uridylyltransferase 4 isoform X30 [Homo sapiens]	TRUE	Tut4
XP_015623679.1	XP_047272350.1	0	N/A	35.766	274	44	8.04e-44	171	terminal uridylyltransferase 4 isoform X34 [Homo sapiens]	TRUE	Tut4
XP_015623679.1	XP_047272305.1	0	N/A	35.766	274	44	8.51e-44	171	terminal uridylyltransferase 4 isoform X17 [Homo sapiens]	TRUE	Tut4
XP_015623679.1	XP_047272295.1	0	N/A	35.766	274	44	8.92e-44	171	terminal uridylyltransferase 4 isoform X12 [Homo sapiens]	TRUE	Tut4
XP_015623679.1	XP_047272372.1	0	N/A	35.766	274	44	9.12e-44	171	terminal uridylyltransferase 4 isoform X42 [Homo sapiens]	TRUE	Tut4
XP_015623679.1	XP_047272296.1	0	N/A	35.766	274	44	9.6e-44	171	terminal uridylyltransferase 4 isoform X13 [Homo sapiens]	TRUE	Tut4
XP_015623679.1	XP_047272286.1	0	N/A	35.766	274	44	9.71e-44	171	terminal uridylyltransferase 4 isoform X8 [Homo sapiens]	TRUE	Tut4
XP_015623679.1	XP_047272290.1	0	N/A	35.766	274	44	9.78e-44	171	terminal uridylyltransferase 4 isoform X11 [Homo sapiens]	TRUE	Tut4
XP_015623679.1	NP_001172003.1	0	N/A	36.842	228	37	1.32e-37	152	terminal uridylyltransferase 7 isoform 2 [Homo sapiens]	TRUE	Tut7
XP_015623679.1	NP_001375065.1	0	N/A	27.76	317	51	1.67e-32	130	poly(A) RNA polymerase GLD2 isoform 14 [Homo sapiens]	TRUE	TENT2
XP_015623679.1	NP_001375061.1	0	N/A	27.76	317	51	1.76e-32	132	poly(A) RNA polymerase GLD2 isoform 12 [Homo sapiens]	TRUE	TENT2
XP_015623679.1	NP_001375059.1	0	N/A	27.76	317	51	1.8e-32	133	poly(A) RNA polymerase GLD2 isoform 10 [Homo sapiens]	TRUE	TENT2
XP_015623679.1	XP_047272811.1	0	N/A	27.76	317	51	1.89e-32	133	poly(A) RNA polymerase GLD2 isoform X4 [Homo sapiens]	TRUE	TENT2
XP_015623679.1	XP_047272810.1	0	N/A	27.76	317	51	1.89e-32	133	poly(A) RNA polymerase GLD2 isoform X4 [Homo sapiens]	TRUE	TENT2
XP_015623679.1	XP_047272809.1	0	N/A	27.76	317	51	1.89e-32	133	poly(A) RNA polymerase GLD2 isoform X4 [Homo sapiens]	TRUE	TENT2
XP_015623679.1	NP_001375058.1	0	N/A	27.76	317	51	1.89e-32	133	poly(A) RNA polymerase GLD2 isoform 2 [Homo sapiens]	TRUE	TENT2
XP_015623679.1	NP_001375057.1	0	N/A	27.76	317	51	1.89e-32	133	poly(A) RNA polymerase GLD2 isoform 2 [Homo sapiens]	TRUE	TENT2
XP_015623679.1	NP_001375056.1	0	N/A	27.76	317	51	1.89e-32	133	poly(A) RNA polymerase GLD2 isoform 2 [Homo sapiens]	TRUE	TENT2
XP_015623679.1	NP_001375055.1	0	N/A	27.76	317	51	1.89e-32	133	poly(A) RNA polymerase GLD2 isoform 2 [Homo sapiens]	TRUE	TENT2
XP_015623679.1	NP_001375054.1	0	N/A	27.76	317	51	1.89e-32	133	poly(A) RNA polymerase GLD2 isoform 2 [Homo sapiens]	TRUE	TENT2
XP_015623679.1	NP_001375053.1	0	N/A	27.76	317	51	1.89e-32	133	poly(A) RNA polymerase GLD2 isoform 2 [Homo sapiens]	TRUE	TENT2
XP_015623679.1	NP_001375052.1	0	N/A	27.76	317	51	1.89e-32	133	poly(A) RNA polymerase GLD2 isoform 2 [Homo sapiens]	TRUE	TENT2
XP_015623679.1	NP_001375051.1	0	N/A	27.76	317	51	1.89e-32	133	poly(A) RNA polymerase GLD2 isoform 2 [Homo sapiens]	TRUE	TENT2
XP_015623679.1	NP_001375050.1	0	N/A	27.76	317	51	1.89e-32	133	poly(A) RNA polymerase GLD2 isoform 2 [Homo sapiens]	TRUE	TENT2
XP_015623679.1	NP_001375049.1	0	N/A	27.76	317	51	1.89e-32	133	poly(A) RNA polymerase GLD2 isoform 2 [Homo sapiens]	TRUE	TENT2
XP_015623679.1	NP_001375048.1	0	N/A	27.76	317	51	1.89e-32	133	poly(A) RNA polymerase GLD2 isoform 2 [Homo sapiens]	TRUE	TENT2
XP_015623679.1	NP_001375047.1	0	N/A	27.76	317	51	1.89e-32	133	poly(A) RNA polymerase GLD2 isoform 2 [Homo sapiens]	TRUE	TENT2
XP_015623679.1	NP_001375046.1	0	N/A	27.76	317	51	1.89e-32	133	poly(A) RNA polymerase GLD2 isoform 2 [Homo sapiens]	TRUE	TENT2
XP_015623679.1	NP_001375045.1	0	N/A	27.76	317	51	1.89e-32	133	poly(A) RNA polymerase GLD2 isoform 2 [Homo sapiens]	TRUE	TENT2
XP_015623679.1	NP_001375044.1	0	N/A	27.76	317	51	1.89e-32	133	poly(A) RNA polymerase GLD2 isoform 2 [Homo sapiens]	TRUE	TENT2
XP_015623679.1	NP_001375043.1	0	N/A	27.76	317	51	1.89e-32	133	poly(A) RNA polymerase GLD2 isoform 2 [Homo sapiens]	TRUE	TENT2
XP_015623679.1	NP_001336483.1	0	N/A	27.76	317	51	1.89e-32	133	poly(A) RNA polymerase GLD2 isoform 2 [Homo sapiens]	TRUE	TENT2
XP_015623679.1	NP_001284673.1	0	N/A	27.76	317	51	1.89e-32	133	poly(A) RNA polymerase GLD2 isoform 2 [Homo sapiens]	TRUE	TENT2
XP_015623679.1	XP_047272808.1	0	N/A	27.414	321	51	4.1e-32	132	poly(A) RNA polymerase GLD2 isoform X3 [Homo sapiens]	TRUE	TENT2
XP_015623679.1	XP_047272807.1	0	N/A	27.414	321	51	4.1e-32	132	poly(A) RNA polymerase GLD2 isoform X3 [Homo sapiens]	TRUE	TENT2
XP_015623679.1	XP_047272806.1	0	N/A	27.414	321	51	4.1e-32	132	poly(A) RNA polymerase GLD2 isoform X3 [Homo sapiens]	TRUE	TENT2
XP_015623679.1	NP_776158.2	0	N/A	27.414	321	51	4.1e-32	132	poly(A) RNA polymerase GLD2 isoform 1 [Homo sapiens]	TRUE	TENT2
XP_015623679.1	NP_001375041.1	0	N/A	27.414	321	51	4.1e-32	132	poly(A) RNA polymerase GLD2 isoform 1 [Homo sapiens]	TRUE	TENT2
XP_015623679.1	NP_001375040.1	0	N/A	27.414	321	51	4.1e-32	132	poly(A) RNA polymerase GLD2 isoform 1 [Homo sapiens]	TRUE	TENT2
XP_015623679.1	NP_001375039.1	0	N/A	27.414	321	51	4.1e-32	132	poly(A) RNA polymerase GLD2 isoform 1 [Homo sapiens]	TRUE	TENT2
XP_015623679.1	NP_001375038.1	0	N/A	27.414	321	51	4.1e-32	132	poly(A) RNA polymerase GLD2 isoform 1 [Homo sapiens]	TRUE	TENT2
XP_015623679.1	NP_001375037.1	0	N/A	27.414	321	51	4.1e-32	132	poly(A) RNA polymerase GLD2 isoform 1 [Homo sapiens]	TRUE	TENT2
XP_015623679.1	NP_001375036.1	0	N/A	27.414	321	51	4.1e-32	132	poly(A) RNA polymerase GLD2 isoform 1 [Homo sapiens]	TRUE	TENT2
XP_015623679.1	NP_001375035.1	0	N/A	27.414	321	51	4.1e-32	132	poly(A) RNA polymerase GLD2 isoform 1 [Homo sapiens]	TRUE	TENT2
XP_015623679.1	NP_001375034.1	0	N/A	27.414	321	51	4.1e-32	132	poly(A) RNA polymerase GLD2 isoform 1 [Homo sapiens]	TRUE	TENT2
XP_015623679.1	NP_001375032.1	0	N/A	27.414	321	51	4.1e-32	132	poly(A) RNA polymerase GLD2 isoform 1 [Homo sapiens]	TRUE	TENT2
XP_015623679.1	NP_001375031.1	0	N/A	27.414	321	51	4.1e-32	132	poly(A) RNA polymerase GLD2 isoform 1 [Homo sapiens]	TRUE	TENT2
XP_015623679.1	NP_001336482.1	0	N/A	27.414	321	51	4.1e-32	132	poly(A) RNA polymerase GLD2 isoform 1 [Homo sapiens]	TRUE	TENT2
XP_015623679.1	NP_001336481.1	0	N/A	27.414	321	51	4.1e-32	132	poly(A) RNA polymerase GLD2 isoform 1 [Homo sapiens]	TRUE	TENT2
XP_015623679.1	NP_001107866.1	0	N/A	27.414	321	51	4.1e-32	132	poly(A) RNA polymerase GLD2 isoform 1 [Homo sapiens]	TRUE	TENT2
XP_015623679.1	NP_001107865.1	0	N/A	27.414	321	51	4.1e-32	132	poly(A) RNA polymerase GLD2 isoform 1 [Homo sapiens]	TRUE	TENT2
XP_015623679.1	NP_001375042.1	0	N/A	27.414	321	51	4.28e-32	132	poly(A) RNA polymerase GLD2 isoform 16 [Homo sapiens]	TRUE	TENT2
XP_015623679.1	NP_001375060.1	0	N/A	27.414	321	51	4.99e-32	131	poly(A) RNA polymerase GLD2 isoform 11 [Homo sapiens]	TRUE	TENT2
XP_015623679.1	XP_047272805.1	0	N/A	26.316	342	51	4.64e-30	126	poly(A) RNA polymerase GLD2 isoform X2 [Homo sapiens]	TRUE	TENT2
XP_015623679.1	XP_047272804.1	0	N/A	26.316	342	51	4.64e-30	126	poly(A) RNA polymerase GLD2 isoform X2 [Homo sapiens]	TRUE	TENT2
XP_015623679.1	XP_047272803.1	0	N/A	26.316	342	51	4.64e-30	126	poly(A) RNA polymerase GLD2 isoform X2 [Homo sapiens]	TRUE	TENT2
XP_015623679.1	XP_047272802.1	0	N/A	26.316	342	51	4.64e-30	126	poly(A) RNA polymerase GLD2 isoform X2 [Homo sapiens]	TRUE	TENT2
XP_015643879.1	XP_047290433.1	0	N/A	33.333	165	10	2.75e-20	99	terminal nucleotidyltransferase 4B isoform X6 [Homo sapiens]	TRUE	TENT4B
XP_015643879.1	NP_001035375.2	0	N/A	33.333	165	10	3.71e-20	99.8	terminal nucleotidyltransferase 4B isoform b [Homo sapiens]	TRUE	TENT4B
XP_015643879.1	XP_011521578.1	0	N/A	33.333	165	10	3.72e-20	99.8	terminal nucleotidyltransferase 4B isoform X2 [Homo sapiens]	TRUE	TENT4B
XP_015643879.1	XP_011521580.1	0	N/A	33.333	165	10	3.79e-20	99	terminal nucleotidyltransferase 4B isoform X5 [Homo sapiens]	TRUE	TENT4B
XP_015643879.1	XP_047272623.1	0	N/A	32.544	169	10	3.9e-20	99	terminal nucleotidyltransferase 4A isoform X2 [Homo sapiens]	TRUE	TENT4A
XP_015643879.1	XP_016864477.1	0	N/A	32.544	169	10	3.9e-20	99	terminal nucleotidyltransferase 4A isoform X2 [Homo sapiens]	TRUE	TENT4A
XP_015643879.1	XP_047272624.1	0	N/A	32.544	169	10	3.94e-20	99	terminal nucleotidyltransferase 4A isoform X3 [Homo sapiens]	TRUE	TENT4A
XP_015643879.1	XP_047272622.1	0	N/A	32.544	169	10	4.14e-20	99	terminal nucleotidyltransferase 4A isoform X1 [Homo sapiens]	TRUE	TENT4A
XP_015643879.1	XP_047272621.1	0	N/A	32.544	169	10	4.14e-20	99	terminal nucleotidyltransferase 4A isoform X1 [Homo sapiens]	TRUE	TENT4A
XP_015643879.1	XP_047272620.1	0	N/A	32.544	169	10	4.14e-20	99	terminal nucleotidyltransferase 4A isoform X1 [Homo sapiens]	TRUE	TENT4A
XP_015643879.1	NP_001035374.2	0	N/A	33.333	165	10	4.23e-20	99.8	terminal nucleotidyltransferase 4B isoform a [Homo sapiens]	TRUE	TENT4B
XP_015643879.1	XP_011521577.1	0	N/A	33.333	165	10	4.24e-20	99.8	terminal nucleotidyltransferase 4B isoform X1 [Homo sapiens]	TRUE	TENT4B
XP_015643879.1	NP_001165276.2	0	N/A	32.544	169	10	4.71e-20	99.8	terminal nucleotidyltransferase 4A isoform 2 [Homo sapiens]	TRUE	TENT4A
XP_015643879.1	NP_008930.2	0	N/A	32.544	169	10	4.8e-20	99.8	terminal nucleotidyltransferase 4A isoform 1 [Homo sapiens]	TRUE	TENT4A
XP_015643879.1	XP_047290431.1	0	N/A	33.333	165	10	6.85e-20	99	terminal nucleotidyltransferase 4B isoform X3 [Homo sapiens]	TRUE	TENT4B
XP_015643879.1	NP_001352253.1	0	N/A	33.333	165	10	8.13e-20	98.6	terminal nucleotidyltransferase 4B isoform d [Homo sapiens]	TRUE	TENT4B
XP_015643879.1	XP_047290432.1	0	N/A	33.333	165	10	8.31e-20	98.6	terminal nucleotidyltransferase 4B isoform X4 [Homo sapiens]	TRUE	TENT4B
XP_015643879.1	NP_001352252.1	0	N/A	33.333	165	10	9.48e-20	98.6	terminal nucleotidyltransferase 4B isoform c [Homo sapiens]	TRUE	TENT4B
XP_015643879.1	XP_047272350.1	0	N/A	25.735	136	8	0.000131	49.7	terminal uridylyltransferase 4 isoform X34 [Homo sapiens]	TRUE	Tut4
XP_015643879.1	XP_016856296.1	0	N/A	25.735	136	8	0.000133	49.7	terminal uridylyltransferase 4 isoform X28 [Homo sapiens]	TRUE	Tut4
XP_015643879.1	XP_047272367.1	0	N/A	25.735	136	8	0.000134	49.7	terminal uridylyltransferase 4 isoform X39 [Homo sapiens]	TRUE	Tut4
XP_015643879.1	XP_047272354.1	0	N/A	25.735	136	8	0.000134	49.7	terminal uridylyltransferase 4 isoform X35 [Homo sapiens]	TRUE	Tut4
XP_015643879.1	XP_047272362.1	0	N/A	25.735	136	8	0.000137	49.7	terminal uridylyltransferase 4 isoform X37 [Homo sapiens]	TRUE	Tut4
XP_015643879.1	XP_047272337.1	0	N/A	25.735	136	8	0.000143	49.7	terminal uridylyltransferase 4 isoform X27 [Homo sapiens]	TRUE	Tut4
XP_015643879.1	XP_047272348.1	0	N/A	25.735	136	8	0.000144	49.7	terminal uridylyltransferase 4 isoform X32 [Homo sapiens]	TRUE	Tut4
XP_015643879.1	XP_047272344.1	0	N/A	25.735	136	8	0.000144	49.7	terminal uridylyltransferase 4 isoform X30 [Homo sapiens]	TRUE	Tut4
XP_015643879.1	XP_047272325.1	0	N/A	25.735	136	8	0.000153	49.3	terminal uridylyltransferase 4 isoform X23 [Homo sapiens]	TRUE	Tut4
XP_015643879.1	XP_016856295.1	0	N/A	25.735	136	8	0.000161	49.3	terminal uridylyltransferase 4 isoform X25 [Homo sapiens]	TRUE	Tut4
XP_015650948.1	XP_011517317.1	0	N/A	24.454	458	72	2.33e-21	101	terminal uridylyltransferase 7 isoform X3 [Homo sapiens]	TRUE	Tut7
XP_015650948.1	XP_011517316.1	0	N/A	24.454	458	72	2.34e-21	101	terminal uridylyltransferase 7 isoform X1 [Homo sapiens]	TRUE	Tut7
XP_015650948.1	XP_011517315.1	0	N/A	24.454	458	72	2.34e-21	101	terminal uridylyltransferase 7 isoform X1 [Homo sapiens]	TRUE	Tut7
XP_015650948.1	XP_011517314.1	0	N/A	24.454	458	72	2.34e-21	101	terminal uridylyltransferase 7 isoform X1 [Homo sapiens]	TRUE	Tut7
XP_015650948.1	XP_011517313.1	0	N/A	24.454	458	72	2.34e-21	101	terminal uridylyltransferase 7 isoform X1 [Homo sapiens]	TRUE	Tut7
XP_015650948.1	XP_011517318.1	0	N/A	24.454	458	72	2.41e-21	101	terminal uridylyltransferase 7 isoform X5 [Homo sapiens]	TRUE	Tut7
XP_015650948.1	NP_001317647.1	0	N/A	24.454	458	72	2.45e-21	100	terminal uridylyltransferase 7 isoform 3 [Homo sapiens]	TRUE	Tut7
XP_015650948.1	XP_047279825.1	0	N/A	24.454	458	72	2.67e-21	101	terminal uridylyltransferase 7 isoform X6 [Homo sapiens]	TRUE	Tut7
XP_015650948.1	XP_047279824.1	0	N/A	24.454	458	72	2.67e-21	101	terminal uridylyltransferase 7 isoform X6 [Homo sapiens]	TRUE	Tut7
XP_015650948.1	XP_005252264.1	0	N/A	24.454	458	72	2.67e-21	101	terminal uridylyltransferase 7 isoform X6 [Homo sapiens]	TRUE	Tut7
XP_015650948.1	XP_047279823.1	0	N/A	24.454	458	72	2.96e-21	101	terminal uridylyltransferase 7 isoform X2 [Homo sapiens]	TRUE	Tut7
XP_015650948.1	XP_006717346.1	0	N/A	24.454	458	72	2.96e-21	101	terminal uridylyltransferase 7 isoform X2 [Homo sapiens]	TRUE	Tut7
XP_015650948.1	XP_016870620.1	0	N/A	24.454	458	72	3.06e-21	101	terminal uridylyltransferase 7 isoform X4 [Homo sapiens]	TRUE	Tut7
XP_015650948.1	XP_016870619.1	0	N/A	24.454	458	72	3.06e-21	101	terminal uridylyltransferase 7 isoform X4 [Homo sapiens]	TRUE	Tut7
XP_015650948.1	NP_078893.2	0	N/A	24.454	458	72	3.06e-21	101	terminal uridylyltransferase 7 isoform 1 [Homo sapiens]	TRUE	Tut7
XP_015650948.1	NP_001171988.1	0	N/A	24.454	458	72	3.06e-21	101	terminal uridylyltransferase 7 isoform 1 [Homo sapiens]	TRUE	Tut7
XP_015650948.1	XP_047272384.1	0	N/A	24.928	349	56	3.19e-21	100	terminal uridylyltransferase 4 isoform X46 [Homo sapiens]	TRUE	Tut4
XP_015650948.1	XP_005252265.1	0	N/A	28.044	271	43	5.64e-21	100	terminal uridylyltransferase 7 isoform X7 [Homo sapiens]	TRUE	Tut7
XP_015650948.1	XP_005270739.1	0	N/A	24.928	349	56	7.36e-21	100	terminal uridylyltransferase 4 isoform X33 [Homo sapiens]	TRUE	Tut4
XP_015650948.1	XP_016856295.1	0	N/A	24.928	349	56	7.82e-21	100	terminal uridylyltransferase 4 isoform X25 [Homo sapiens]	TRUE	Tut4
XP_015650948.1	XP_011539401.1	0	N/A	24.928	349	56	7.85e-21	100	terminal uridylyltransferase 4 isoform X29 [Homo sapiens]	TRUE	Tut4
XP_015650948.1	XP_016856292.1	0	N/A	24.928	349	56	8.02e-21	100	terminal uridylyltransferase 4 isoform X9 [Homo sapiens]	TRUE	Tut4
XP_015650948.1	XP_047272345.1	0	N/A	24.928	349	56	8.05e-21	100	terminal uridylyltransferase 4 isoform X31 [Homo sapiens]	TRUE	Tut4
XP_015650948.1	XP_047272285.1	0	N/A	24.928	349	56	8.17e-21	100	terminal uridylyltransferase 4 isoform X7 [Homo sapiens]	TRUE	Tut4
XP_015650948.1	XP_016856297.1	0	N/A	24.928	349	56	8.24e-21	100	terminal uridylyltransferase 4 isoform X36 [Homo sapiens]	TRUE	Tut4
XP_015650948.1	XP_047272325.1	0	N/A	24.928	349	56	9e-21	99.8	terminal uridylyltransferase 4 isoform X23 [Homo sapiens]	TRUE	Tut4
XP_015650948.1	XP_047272280.1	0	N/A	24.928	349	56	9.6e-21	99.8	terminal uridylyltransferase 4 isoform X3 [Homo sapiens]	TRUE	Tut4
XP_015650948.1	XP_005270736.1	0	N/A	24.928	349	56	9.6e-21	99.8	terminal uridylyltransferase 4 isoform X3 [Homo sapiens]	TRUE	Tut4
XP_015650948.1	XP_016856299.1	0	N/A	24.928	349	56	9.63e-21	99.8	terminal uridylyltransferase 4 isoform X40 [Homo sapiens]	TRUE	Tut4
XP_015650948.1	XP_047272365.1	0	N/A	24.928	349	56	9.64e-21	99.8	terminal uridylyltransferase 4 isoform X38 [Homo sapiens]	TRUE	Tut4
XP_015650948.1	XP_011539399.1	0	N/A	24.928	349	56	9.78e-21	99.8	terminal uridylyltransferase 4 isoform X1 [Homo sapiens]	TRUE	Tut4
XP_015650948.1	XP_005270733.1	0	N/A	24.928	349	56	9.78e-21	99.8	terminal uridylyltransferase 4 isoform X1 [Homo sapiens]	TRUE	Tut4
XP_015650948.1	XP_047272282.1	0	N/A	24.928	349	56	9.85e-21	99.8	terminal uridylyltransferase 4 isoform X5 [Homo sapiens]	TRUE	Tut4
XP_015650948.1	NP_056084.1	0	N/A	24.928	349	56	9.85e-21	99.8	terminal uridylyltransferase 4 isoform b [Homo sapiens]	TRUE	Tut4
XP_015650948.1	XP_047272281.1	0	N/A	24.928	349	56	9.86e-21	99.8	terminal uridylyltransferase 4 isoform X4 [Homo sapiens]	TRUE	Tut4
XP_015650948.1	NP_001009881.1	0	N/A	24.928	349	56	9.86e-21	99.8	terminal uridylyltransferase 4 isoform a [Homo sapiens]	TRUE	Tut4
XP_015650948.1	XP_005270735.1	0	N/A	24.928	349	56	9.95e-21	99.8	terminal uridylyltransferase 4 isoform X2 [Homo sapiens]	TRUE	Tut4
XP_015650948.1	XP_047272337.1	0	N/A	24.928	349	56	1.07e-20	99.8	terminal uridylyltransferase 4 isoform X27 [Homo sapiens]	TRUE	Tut4
XP_015650948.1	XP_016856296.1	0	N/A	24.928	349	56	1.13e-20	99.4	terminal uridylyltransferase 4 isoform X28 [Homo sapiens]	TRUE	Tut4
XP_015650948.1	XP_047272283.1	0	N/A	24.928	349	56	1.13e-20	99.4	terminal uridylyltransferase 4 isoform X6 [Homo sapiens]	TRUE	Tut4
XP_015650948.1	XP_005270737.1	0	N/A	24.928	349	56	1.13e-20	99.4	terminal uridylyltransferase 4 isoform X6 [Homo sapiens]	TRUE	Tut4
XP_015650948.1	XP_047272288.1	0	N/A	24.928	349	56	1.16e-20	99.4	terminal uridylyltransferase 4 isoform X10 [Homo sapiens]	TRUE	Tut4
XP_015650948.1	XP_016856293.1	0	N/A	24.928	349	56	1.2e-20	99.4	terminal uridylyltransferase 4 isoform X16 [Homo sapiens]	TRUE	Tut4
XP_015650948.1	XP_047272344.1	0	N/A	27.241	290	46	2.3e-20	98.6	terminal uridylyltransferase 4 isoform X30 [Homo sapiens]	TRUE	Tut4
XP_015650948.1	XP_047272290.1	0	N/A	27.241	290	46	2.46e-20	98.6	terminal uridylyltransferase 4 isoform X11 [Homo sapiens]	TRUE	Tut4
XP_015650948.1	XP_047272286.1	0	N/A	27.241	290	46	2.61e-20	98.2	terminal uridylyltransferase 4 isoform X8 [Homo sapiens]	TRUE	Tut4
XP_015650948.1	XP_047272372.1	0	N/A	27.241	290	46	2.74e-20	98.2	terminal uridylyltransferase 4 isoform X42 [Homo sapiens]	TRUE	Tut4
XP_015650948.1	XP_047272296.1	0	N/A	27.241	290	46	3.28e-20	98.2	terminal uridylyltransferase 4 isoform X13 [Homo sapiens]	TRUE	Tut4
XP_015650948.1	XP_047272295.1	0	N/A	27.241	290	46	3.36e-20	98.2	terminal uridylyltransferase 4 isoform X12 [Homo sapiens]	TRUE	Tut4
XP_015650948.1	XP_047272350.1	0	N/A	27.241	290	46	3.4e-20	97.8	terminal uridylyltransferase 4 isoform X34 [Homo sapiens]	TRUE	Tut4
XP_015650948.1	XP_047272305.1	0	N/A	27.241	290	46	3.8e-20	97.8	terminal uridylyltransferase 4 isoform X17 [Homo sapiens]	TRUE	Tut4
XP_015650948.1	NP_001172003.1	0	N/A	29.218	243	38	2.11e-17	89	terminal uridylyltransferase 7 isoform 2 [Homo sapiens]	TRUE	Tut7
XP_015650948.1	NP_073741.3	0	N/A	27.273	220	35	2.4e-12	72.8	speckle targeted PIP5K1A-regulated poly(A) polymerase isoform 1 [Homo sapiens]	TRUE	Tut1
XP_015650948.1	NP_001375060.1	0	N/A	22.348	264	44	4.97e-12	70.9	poly(A) RNA polymerase GLD2 isoform 11 [Homo sapiens]	TRUE	TENT2
XP_015650948.1	NP_001375042.1	0	N/A	22.348	264	44	6.04e-12	70.9	poly(A) RNA polymerase GLD2 isoform 16 [Homo sapiens]	TRUE	TENT2
XP_015650948.1	XP_047272808.1	0	N/A	22.348	264	44	6.11e-12	70.9	poly(A) RNA polymerase GLD2 isoform X3 [Homo sapiens]	TRUE	TENT2
XP_015650948.1	XP_047272807.1	0	N/A	22.348	264	44	6.11e-12	70.9	poly(A) RNA polymerase GLD2 isoform X3 [Homo sapiens]	TRUE	TENT2
XP_015650948.1	XP_047272806.1	0	N/A	22.348	264	44	6.11e-12	70.9	poly(A) RNA polymerase GLD2 isoform X3 [Homo sapiens]	TRUE	TENT2
XP_015650948.1	NP_776158.2	0	N/A	22.348	264	44	6.11e-12	70.9	poly(A) RNA polymerase GLD2 isoform 1 [Homo sapiens]	TRUE	TENT2
XP_015650948.1	NP_001375041.1	0	N/A	22.348	264	44	6.11e-12	70.9	poly(A) RNA polymerase GLD2 isoform 1 [Homo sapiens]	TRUE	TENT2
XP_015650948.1	NP_001375040.1	0	N/A	22.348	264	44	6.11e-12	70.9	poly(A) RNA polymerase GLD2 isoform 1 [Homo sapiens]	TRUE	TENT2
XP_015650948.1	NP_001375039.1	0	N/A	22.348	264	44	6.11e-12	70.9	poly(A) RNA polymerase GLD2 isoform 1 [Homo sapiens]	TRUE	TENT2
XP_015650948.1	NP_001375038.1	0	N/A	22.348	264	44	6.11e-12	70.9	poly(A) RNA polymerase GLD2 isoform 1 [Homo sapiens]	TRUE	TENT2
XP_015650948.1	NP_001375037.1	0	N/A	22.348	264	44	6.11e-12	70.9	poly(A) RNA polymerase GLD2 isoform 1 [Homo sapiens]	TRUE	TENT2
XP_015650948.1	NP_001375036.1	0	N/A	22.348	264	44	6.11e-12	70.9	poly(A) RNA polymerase GLD2 isoform 1 [Homo sapiens]	TRUE	TENT2
XP_015650948.1	NP_001375035.1	0	N/A	22.348	264	44	6.11e-12	70.9	poly(A) RNA polymerase GLD2 isoform 1 [Homo sapiens]	TRUE	TENT2
XP_015650948.1	NP_001375034.1	0	N/A	22.348	264	44	6.11e-12	70.9	poly(A) RNA polymerase GLD2 isoform 1 [Homo sapiens]	TRUE	TENT2
XP_015650948.1	NP_001375032.1	0	N/A	22.348	264	44	6.11e-12	70.9	poly(A) RNA polymerase GLD2 isoform 1 [Homo sapiens]	TRUE	TENT2
XP_015650948.1	NP_001375031.1	0	N/A	22.348	264	44	6.11e-12	70.9	poly(A) RNA polymerase GLD2 isoform 1 [Homo sapiens]	TRUE	TENT2
XP_015650948.1	NP_001336482.1	0	N/A	22.348	264	44	6.11e-12	70.9	poly(A) RNA polymerase GLD2 isoform 1 [Homo sapiens]	TRUE	TENT2
XP_015650948.1	NP_001336481.1	0	N/A	22.348	264	44	6.11e-12	70.9	poly(A) RNA polymerase GLD2 isoform 1 [Homo sapiens]	TRUE	TENT2
XP_015650948.1	NP_001107866.1	0	N/A	22.348	264	44	6.11e-12	70.9	poly(A) RNA polymerase GLD2 isoform 1 [Homo sapiens]	TRUE	TENT2
XP_015650948.1	NP_001107865.1	0	N/A	22.348	264	44	6.11e-12	70.9	poly(A) RNA polymerase GLD2 isoform 1 [Homo sapiens]	TRUE	TENT2
XP_015650948.1	NP_060579.3	0	N/A	25.668	187	30	1.24e-11	70.1	poly(A) RNA polymerase, mitochondrial precursor [Homo sapiens]	TRUE	mtPAP
XP_015650948.1	NP_001375061.1	0	N/A	22.348	264	44	3.39e-11	68.2	poly(A) RNA polymerase GLD2 isoform 12 [Homo sapiens]	TRUE	TENT2
XP_015650948.1	XP_047272811.1	0	N/A	22.348	264	44	3.66e-11	68.2	poly(A) RNA polymerase GLD2 isoform X4 [Homo sapiens]	TRUE	TENT2
XP_015650948.1	XP_047272810.1	0	N/A	22.348	264	44	3.66e-11	68.2	poly(A) RNA polymerase GLD2 isoform X4 [Homo sapiens]	TRUE	TENT2
XP_015650948.1	XP_047272809.1	0	N/A	22.348	264	44	3.66e-11	68.2	poly(A) RNA polymerase GLD2 isoform X4 [Homo sapiens]	TRUE	TENT2
XP_015650948.1	NP_001375058.1	0	N/A	22.348	264	44	3.66e-11	68.2	poly(A) RNA polymerase GLD2 isoform 2 [Homo sapiens]	TRUE	TENT2
XP_015650948.1	NP_001375057.1	0	N/A	22.348	264	44	3.66e-11	68.2	poly(A) RNA polymerase GLD2 isoform 2 [Homo sapiens]	TRUE	TENT2
XP_015650948.1	NP_001375056.1	0	N/A	22.348	264	44	3.66e-11	68.2	poly(A) RNA polymerase GLD2 isoform 2 [Homo sapiens]	TRUE	TENT2
XP_015650948.1	NP_001375055.1	0	N/A	22.348	264	44	3.66e-11	68.2	poly(A) RNA polymerase GLD2 isoform 2 [Homo sapiens]	TRUE	TENT2
XP_015650948.1	NP_001375054.1	0	N/A	22.348	264	44	3.66e-11	68.2	poly(A) RNA polymerase GLD2 isoform 2 [Homo sapiens]	TRUE	TENT2
XP_015650948.1	NP_001375053.1	0	N/A	22.348	264	44	3.66e-11	68.2	poly(A) RNA polymerase GLD2 isoform 2 [Homo sapiens]	TRUE	TENT2
XP_015650948.1	NP_001375052.1	0	N/A	22.348	264	44	3.66e-11	68.2	poly(A) RNA polymerase GLD2 isoform 2 [Homo sapiens]	TRUE	TENT2
XP_015650948.1	NP_001375051.1	0	N/A	22.348	264	44	3.66e-11	68.2	poly(A) RNA polymerase GLD2 isoform 2 [Homo sapiens]	TRUE	TENT2
XP_015650948.1	NP_001375050.1	0	N/A	22.348	264	44	3.66e-11	68.2	poly(A) RNA polymerase GLD2 isoform 2 [Homo sapiens]	TRUE	TENT2
XP_015650948.1	NP_001375049.1	0	N/A	22.348	264	44	3.66e-11	68.2	poly(A) RNA polymerase GLD2 isoform 2 [Homo sapiens]	TRUE	TENT2
XP_015650948.1	NP_001375048.1	0	N/A	22.348	264	44	3.66e-11	68.2	poly(A) RNA polymerase GLD2 isoform 2 [Homo sapiens]	TRUE	TENT2
XP_015650948.1	NP_001375047.1	0	N/A	22.348	264	44	3.66e-11	68.2	poly(A) RNA polymerase GLD2 isoform 2 [Homo sapiens]	TRUE	TENT2
XP_015650948.1	NP_001375046.1	0	N/A	22.348	264	44	3.66e-11	68.2	poly(A) RNA polymerase GLD2 isoform 2 [Homo sapiens]	TRUE	TENT2
XP_015650948.1	NP_001375045.1	0	N/A	22.348	264	44	3.66e-11	68.2	poly(A) RNA polymerase GLD2 isoform 2 [Homo sapiens]	TRUE	TENT2
XP_015650948.1	NP_001375044.1	0	N/A	22.348	264	44	3.66e-11	68.2	poly(A) RNA polymerase GLD2 isoform 2 [Homo sapiens]	TRUE	TENT2
XP_015650948.1	NP_001375043.1	0	N/A	22.348	264	44	3.66e-11	68.2	poly(A) RNA polymerase GLD2 isoform 2 [Homo sapiens]	TRUE	TENT2
XP_015650948.1	NP_001336483.1	0	N/A	22.348	264	44	3.66e-11	68.2	poly(A) RNA polymerase GLD2 isoform 2 [Homo sapiens]	TRUE	TENT2
XP_015650948.1	NP_001284673.1	0	N/A	22.348	264	44	3.66e-11	68.2	poly(A) RNA polymerase GLD2 isoform 2 [Homo sapiens]	TRUE	TENT2
XP_015650948.1	NP_001375059.1	0	N/A	22.348	264	44	3.82e-11	68.2	poly(A) RNA polymerase GLD2 isoform 10 [Homo sapiens]	TRUE	TENT2
XP_015650948.1	NP_001336477.1	0	N/A	26.623	154	26	3.9e-11	66.2	poly(A) RNA polymerase GLD2 isoform 4 [Homo sapiens]	TRUE	TENT2
XP_015650948.1	XP_047272820.1	0	N/A	26.623	154	26	5.5e-11	65.9	poly(A) RNA polymerase GLD2 isoform X11 [Homo sapiens]	TRUE	TENT2
XP_015650948.1	NP_001375029.1	0	N/A	26.623	154	26	6.03e-11	67.4	poly(A) RNA polymerase GLD2 isoform 8 [Homo sapiens]	TRUE	TENT2
XP_015652739.1	NP_001035374.2	0	N/A	27.742	310	34	8.08e-31	132	terminal nucleotidyltransferase 4B isoform a [Homo sapiens]	TRUE	TENT4B
XP_015652739.1	XP_011521577.1	0	N/A	27.742	310	34	8.12e-31	132	terminal nucleotidyltransferase 4B isoform X1 [Homo sapiens]	TRUE	TENT4B
XP_015652739.1	XP_047290433.1	0	N/A	27.922	308	33	8.49e-31	129	terminal nucleotidyltransferase 4B isoform X6 [Homo sapiens]	TRUE	TENT4B
XP_015652739.1	NP_001035375.2	0	N/A	27.742	310	34	9.2e-31	131	terminal nucleotidyltransferase 4B isoform b [Homo sapiens]	TRUE	TENT4B
XP_015652739.1	XP_011521578.1	0	N/A	27.742	310	34	9.26e-31	131	terminal nucleotidyltransferase 4B isoform X2 [Homo sapiens]	TRUE	TENT4B
XP_015652739.1	XP_011521580.1	0	N/A	27.922	308	33	9.54e-31	130	terminal nucleotidyltransferase 4B isoform X5 [Homo sapiens]	TRUE	TENT4B
XP_015652739.1	NP_001352253.1	0	N/A	27.742	310	34	2.47e-30	130	terminal nucleotidyltransferase 4B isoform d [Homo sapiens]	TRUE	TENT4B
XP_015652739.1	NP_001352252.1	0	N/A	27.742	310	34	2.49e-30	130	terminal nucleotidyltransferase 4B isoform c [Homo sapiens]	TRUE	TENT4B
XP_015652739.1	NP_008930.2	0	N/A	27.869	305	33	2.76e-30	131	terminal nucleotidyltransferase 4A isoform 1 [Homo sapiens]	TRUE	TENT4A
XP_015652739.1	NP_001165276.2	0	N/A	27.869	305	33	2.77e-30	131	terminal nucleotidyltransferase 4A isoform 2 [Homo sapiens]	TRUE	TENT4A
XP_015652739.1	XP_047290432.1	0	N/A	27.742	310	34	3.21e-30	130	terminal nucleotidyltransferase 4B isoform X4 [Homo sapiens]	TRUE	TENT4B
XP_015652739.1	XP_047290431.1	0	N/A	27.742	310	34	3.33e-30	130	terminal nucleotidyltransferase 4B isoform X3 [Homo sapiens]	TRUE	TENT4B
XP_015652739.1	XP_047272622.1	0	N/A	27.304	293	32	1.71e-25	114	terminal nucleotidyltransferase 4A isoform X1 [Homo sapiens]	TRUE	TENT4A
XP_015652739.1	XP_047272621.1	0	N/A	27.304	293	32	1.71e-25	114	terminal nucleotidyltransferase 4A isoform X1 [Homo sapiens]	TRUE	TENT4A
XP_015652739.1	XP_047272620.1	0	N/A	27.304	293	32	1.71e-25	114	terminal nucleotidyltransferase 4A isoform X1 [Homo sapiens]	TRUE	TENT4A
XP_015652739.1	XP_047272623.1	0	N/A	27.465	284	31	1.86e-24	111	terminal nucleotidyltransferase 4A isoform X2 [Homo sapiens]	TRUE	TENT4A
XP_015652739.1	XP_016864477.1	0	N/A	27.465	284	31	1.86e-24	111	terminal nucleotidyltransferase 4A isoform X2 [Homo sapiens]	TRUE	TENT4A
XP_015652739.1	XP_047272624.1	0	N/A	27.465	284	31	2.06e-24	110	terminal nucleotidyltransferase 4A isoform X3 [Homo sapiens]	TRUE	TENT4A
XP_015652739.1	XP_016870620.1	0	N/A	29.07	172	18	7.14e-10	65.9	terminal uridylyltransferase 7 isoform X4 [Homo sapiens]	TRUE	Tut7
XP_015652739.1	XP_016870619.1	0	N/A	29.07	172	18	7.14e-10	65.9	terminal uridylyltransferase 7 isoform X4 [Homo sapiens]	TRUE	Tut7
XP_015652739.1	NP_078893.2	0	N/A	29.07	172	18	7.14e-10	65.9	terminal uridylyltransferase 7 isoform 1 [Homo sapiens]	TRUE	Tut7
XP_015652739.1	NP_001171988.1	0	N/A	29.07	172	18	7.14e-10	65.9	terminal uridylyltransferase 7 isoform 1 [Homo sapiens]	TRUE	Tut7
XP_015652739.1	XP_047279823.1	0	N/A	29.07	172	18	7.49e-10	65.9	terminal uridylyltransferase 7 isoform X2 [Homo sapiens]	TRUE	Tut7
XP_015652739.1	XP_006717346.1	0	N/A	29.07	172	18	7.49e-10	65.9	terminal uridylyltransferase 7 isoform X2 [Homo sapiens]	TRUE	Tut7
XP_015652739.1	XP_047279825.1	0	N/A	29.07	172	18	8.02e-10	65.9	terminal uridylyltransferase 7 isoform X6 [Homo sapiens]	TRUE	Tut7
XP_015652739.1	XP_047279824.1	0	N/A	29.07	172	18	8.02e-10	65.9	terminal uridylyltransferase 7 isoform X6 [Homo sapiens]	TRUE	Tut7
XP_015652739.1	XP_005252264.1	0	N/A	29.07	172	18	8.02e-10	65.9	terminal uridylyltransferase 7 isoform X6 [Homo sapiens]	TRUE	Tut7
XP_015652739.1	NP_001317647.1	0	N/A	29.07	172	18	8.57e-10	65.5	terminal uridylyltransferase 7 isoform 3 [Homo sapiens]	TRUE	Tut7
XP_015652739.1	XP_011517318.1	0	N/A	29.07	172	18	8.89e-10	65.5	terminal uridylyltransferase 7 isoform X5 [Homo sapiens]	TRUE	Tut7
XP_015652739.1	XP_011517317.1	0	N/A	29.07	172	18	9.34e-10	65.5	terminal uridylyltransferase 7 isoform X3 [Homo sapiens]	TRUE	Tut7
XP_015652739.1	XP_005252265.1	0	N/A	29.07	172	18	1.12e-09	65.1	terminal uridylyltransferase 7 isoform X7 [Homo sapiens]	TRUE	Tut7
XP_015652739.1	XP_011517316.1	0	N/A	29.07	172	18	1.31e-09	65.1	terminal uridylyltransferase 7 isoform X1 [Homo sapiens]	TRUE	Tut7
XP_015652739.1	XP_011517315.1	0	N/A	29.07	172	18	1.31e-09	65.1	terminal uridylyltransferase 7 isoform X1 [Homo sapiens]	TRUE	Tut7
XP_015652739.1	XP_011517314.1	0	N/A	29.07	172	18	1.31e-09	65.1	terminal uridylyltransferase 7 isoform X1 [Homo sapiens]	TRUE	Tut7
XP_015652739.1	XP_011517313.1	0	N/A	29.07	172	18	1.31e-09	65.1	terminal uridylyltransferase 7 isoform X1 [Homo sapiens]	TRUE	Tut7
XP_015652739.1	XP_016856293.1	0	N/A	27.136	199	20	1.91e-08	61.2	terminal uridylyltransferase 4 isoform X16 [Homo sapiens]	TRUE	Tut4
XP_015652739.1	XP_047272288.1	0	N/A	27.136	199	20	2.17e-08	61.2	terminal uridylyltransferase 4 isoform X10 [Homo sapiens]	TRUE	Tut4
XP_015652739.1	XP_016856299.1	0	N/A	27.136	199	20	2.42e-08	60.8	terminal uridylyltransferase 4 isoform X40 [Homo sapiens]	TRUE	Tut4
XP_015652739.1	XP_047272283.1	0	N/A	27.136	199	20	2.45e-08	60.8	terminal uridylyltransferase 4 isoform X6 [Homo sapiens]	TRUE	Tut4
XP_015652739.1	XP_005270737.1	0	N/A	27.136	199	20	2.45e-08	60.8	terminal uridylyltransferase 4 isoform X6 [Homo sapiens]	TRUE	Tut4
XP_015652739.1	XP_047272365.1	0	N/A	27.136	199	20	2.66e-08	60.8	terminal uridylyltransferase 4 isoform X38 [Homo sapiens]	TRUE	Tut4
XP_015652739.1	XP_047272281.1	0	N/A	27.136	199	20	2.86e-08	60.8	terminal uridylyltransferase 4 isoform X4 [Homo sapiens]	TRUE	Tut4
XP_015652739.1	NP_001009881.1	0	N/A	27.136	199	20	2.86e-08	60.8	terminal uridylyltransferase 4 isoform a [Homo sapiens]	TRUE	Tut4
XP_015652739.1	XP_016856292.1	0	N/A	27.136	199	20	2.97e-08	60.5	terminal uridylyltransferase 4 isoform X9 [Homo sapiens]	TRUE	Tut4
XP_015652739.1	XP_047272282.1	0	N/A	27.136	199	20	3.01e-08	60.5	terminal uridylyltransferase 4 isoform X5 [Homo sapiens]	TRUE	Tut4
XP_015652739.1	NP_056084.1	0	N/A	27.136	199	20	3.01e-08	60.5	terminal uridylyltransferase 4 isoform b [Homo sapiens]	TRUE	Tut4
XP_015652739.1	XP_047272280.1	0	N/A	27.136	199	20	3.24e-08	60.5	terminal uridylyltransferase 4 isoform X3 [Homo sapiens]	TRUE	Tut4
XP_015652739.1	XP_005270736.1	0	N/A	27.136	199	20	3.24e-08	60.5	terminal uridylyltransferase 4 isoform X3 [Homo sapiens]	TRUE	Tut4
XP_015652739.1	XP_016856297.1	0	N/A	27.136	199	20	3.29e-08	60.5	terminal uridylyltransferase 4 isoform X36 [Homo sapiens]	TRUE	Tut4
XP_015652739.1	XP_047272285.1	0	N/A	27.136	199	20	3.32e-08	60.5	terminal uridylyltransferase 4 isoform X7 [Homo sapiens]	TRUE	Tut4
XP_015652739.1	XP_011539399.1	0	N/A	27.136	199	20	3.33e-08	60.5	terminal uridylyltransferase 4 isoform X1 [Homo sapiens]	TRUE	Tut4
XP_015652739.1	XP_005270733.1	0	N/A	27.136	199	20	3.33e-08	60.5	terminal uridylyltransferase 4 isoform X1 [Homo sapiens]	TRUE	Tut4
XP_015652739.1	XP_005270735.1	0	N/A	27.136	199	20	3.44e-08	60.5	terminal uridylyltransferase 4 isoform X2 [Homo sapiens]	TRUE	Tut4
XP_015652739.1	XP_005270739.1	0	N/A	27.136	199	20	3.55e-08	60.5	terminal uridylyltransferase 4 isoform X33 [Homo sapiens]	TRUE	Tut4
XP_015652739.1	XP_016856296.1	0	N/A	27.136	199	20	3.59e-08	60.5	terminal uridylyltransferase 4 isoform X28 [Homo sapiens]	TRUE	Tut4
XP_015652739.1	XP_047272337.1	0	N/A	27.136	199	20	3.75e-08	60.5	terminal uridylyltransferase 4 isoform X27 [Homo sapiens]	TRUE	Tut4
XP_015652739.1	XP_047272345.1	0	N/A	27.136	199	20	3.9e-08	60.1	terminal uridylyltransferase 4 isoform X31 [Homo sapiens]	TRUE	Tut4
XP_015652739.1	XP_047272384.1	0	N/A	27.136	199	20	4e-08	60.1	terminal uridylyltransferase 4 isoform X46 [Homo sapiens]	TRUE	Tut4
XP_015652739.1	XP_011539401.1	0	N/A	27.136	199	20	4.18e-08	60.1	terminal uridylyltransferase 4 isoform X29 [Homo sapiens]	TRUE	Tut4
XP_015652739.1	XP_016856295.1	0	N/A	27.136	199	20	4.8e-08	60.1	terminal uridylyltransferase 4 isoform X25 [Homo sapiens]	TRUE	Tut4
XP_015652739.1	XP_047272325.1	0	N/A	27.136	199	20	5.13e-08	59.7	terminal uridylyltransferase 4 isoform X23 [Homo sapiens]	TRUE	Tut4
XP_015652739.1	NP_001375059.1	0	N/A	25.397	189	20	3.85e-07	56.2	poly(A) RNA polymerase GLD2 isoform 10 [Homo sapiens]	TRUE	TENT2
XP_015652739.1	XP_047272811.1	0	N/A	25.397	189	20	4.03e-07	56.2	poly(A) RNA polymerase GLD2 isoform X4 [Homo sapiens]	TRUE	TENT2
XP_015652739.1	XP_047272810.1	0	N/A	25.397	189	20	4.03e-07	56.2	poly(A) RNA polymerase GLD2 isoform X4 [Homo sapiens]	TRUE	TENT2
XP_015652739.1	XP_047272809.1	0	N/A	25.397	189	20	4.03e-07	56.2	poly(A) RNA polymerase GLD2 isoform X4 [Homo sapiens]	TRUE	TENT2
XP_015652739.1	NP_001375058.1	0	N/A	25.397	189	20	4.03e-07	56.2	poly(A) RNA polymerase GLD2 isoform 2 [Homo sapiens]	TRUE	TENT2
XP_015652739.1	NP_001375057.1	0	N/A	25.397	189	20	4.03e-07	56.2	poly(A) RNA polymerase GLD2 isoform 2 [Homo sapiens]	TRUE	TENT2
XP_015652739.1	NP_001375056.1	0	N/A	25.397	189	20	4.03e-07	56.2	poly(A) RNA polymerase GLD2 isoform 2 [Homo sapiens]	TRUE	TENT2
XP_015652739.1	NP_001375055.1	0	N/A	25.397	189	20	4.03e-07	56.2	poly(A) RNA polymerase GLD2 isoform 2 [Homo sapiens]	TRUE	TENT2
XP_015652739.1	NP_001375054.1	0	N/A	25.397	189	20	4.03e-07	56.2	poly(A) RNA polymerase GLD2 isoform 2 [Homo sapiens]	TRUE	TENT2
XP_015652739.1	NP_001375053.1	0	N/A	25.397	189	20	4.03e-07	56.2	poly(A) RNA polymerase GLD2 isoform 2 [Homo sapiens]	TRUE	TENT2
XP_015652739.1	NP_001375052.1	0	N/A	25.397	189	20	4.03e-07	56.2	poly(A) RNA polymerase GLD2 isoform 2 [Homo sapiens]	TRUE	TENT2
XP_015652739.1	NP_001375051.1	0	N/A	25.397	189	20	4.03e-07	56.2	poly(A) RNA polymerase GLD2 isoform 2 [Homo sapiens]	TRUE	TENT2
XP_015652739.1	NP_001375050.1	0	N/A	25.397	189	20	4.03e-07	56.2	poly(A) RNA polymerase GLD2 isoform 2 [Homo sapiens]	TRUE	TENT2
XP_015652739.1	NP_001375049.1	0	N/A	25.397	189	20	4.03e-07	56.2	poly(A) RNA polymerase GLD2 isoform 2 [Homo sapiens]	TRUE	TENT2
XP_015652739.1	NP_001375048.1	0	N/A	25.397	189	20	4.03e-07	56.2	poly(A) RNA polymerase GLD2 isoform 2 [Homo sapiens]	TRUE	TENT2
XP_015652739.1	NP_001375047.1	0	N/A	25.397	189	20	4.03e-07	56.2	poly(A) RNA polymerase GLD2 isoform 2 [Homo sapiens]	TRUE	TENT2
XP_015652739.1	NP_001375046.1	0	N/A	25.397	189	20	4.03e-07	56.2	poly(A) RNA polymerase GLD2 isoform 2 [Homo sapiens]	TRUE	TENT2
XP_015652739.1	NP_001375045.1	0	N/A	25.397	189	20	4.03e-07	56.2	poly(A) RNA polymerase GLD2 isoform 2 [Homo sapiens]	TRUE	TENT2
XP_015652739.1	NP_001375044.1	0	N/A	25.397	189	20	4.03e-07	56.2	poly(A) RNA polymerase GLD2 isoform 2 [Homo sapiens]	TRUE	TENT2
XP_015652739.1	NP_001375043.1	0	N/A	25.397	189	20	4.03e-07	56.2	poly(A) RNA polymerase GLD2 isoform 2 [Homo sapiens]	TRUE	TENT2
XP_015652739.1	NP_001336483.1	0	N/A	25.397	189	20	4.03e-07	56.2	poly(A) RNA polymerase GLD2 isoform 2 [Homo sapiens]	TRUE	TENT2
XP_015652739.1	NP_001284673.1	0	N/A	25.397	189	20	4.03e-07	56.2	poly(A) RNA polymerase GLD2 isoform 2 [Homo sapiens]	TRUE	TENT2
XP_015652739.1	NP_001375061.1	0	N/A	25.397	189	20	6.28e-07	55.5	poly(A) RNA polymerase GLD2 isoform 12 [Homo sapiens]	TRUE	TENT2
XP_015652739.1	XP_047272820.1	0	N/A	30.328	122	13	7.22e-07	54.3	poly(A) RNA polymerase GLD2 isoform X11 [Homo sapiens]	TRUE	TENT2
XP_015652739.1	NP_001375065.1	0	N/A	24.868	189	20	9.49e-07	54.7	poly(A) RNA polymerase GLD2 isoform 14 [Homo sapiens]	TRUE	TENT2
XP_015652739.1	XP_047272805.1	0	N/A	21.801	211	20	1.06e-06	55.1	poly(A) RNA polymerase GLD2 isoform X2 [Homo sapiens]	TRUE	TENT2
XP_015652739.1	XP_047272804.1	0	N/A	21.801	211	20	1.06e-06	55.1	poly(A) RNA polymerase GLD2 isoform X2 [Homo sapiens]	TRUE	TENT2
XP_015652739.1	XP_047272803.1	0	N/A	21.801	211	20	1.06e-06	55.1	poly(A) RNA polymerase GLD2 isoform X2 [Homo sapiens]	TRUE	TENT2
XP_015652739.1	XP_047272802.1	0	N/A	21.801	211	20	1.06e-06	55.1	poly(A) RNA polymerase GLD2 isoform X2 [Homo sapiens]	TRUE	TENT2
XP_015652739.1	XP_016864641.1	0	N/A	21.801	211	20	1.06e-06	55.1	poly(A) RNA polymerase GLD2 isoform X2 [Homo sapiens]	TRUE	TENT2
XP_015652739.1	NP_001375026.1	0	N/A	21.801	211	20	1.06e-06	55.1	poly(A) RNA polymerase GLD2 isoform 6 [Homo sapiens]	TRUE	TENT2
XP_015652739.1	NP_001375025.1	0	N/A	21.801	211	20	1.06e-06	55.1	poly(A) RNA polymerase GLD2 isoform 6 [Homo sapiens]	TRUE	TENT2
XP_015652739.1	NP_001375024.1	0	N/A	21.801	211	20	1.06e-06	55.1	poly(A) RNA polymerase GLD2 isoform 6 [Homo sapiens]	TRUE	TENT2
XP_015652739.1	NP_001336480.1	0	N/A	21.801	211	20	1.06e-06	55.1	poly(A) RNA polymerase GLD2 isoform 6 [Homo sapiens]	TRUE	TENT2
XP_015652739.1	NP_001375027.1	0	N/A	21.801	211	20	1.2e-06	54.7	poly(A) RNA polymerase GLD2 isoform 7 [Homo sapiens]	TRUE	TENT2
XP_015652739.1	XP_047272305.1	0	N/A	27.215	158	16	1.36e-06	55.1	terminal uridylyltransferase 4 isoform X17 [Homo sapiens]	TRUE	Tut4
XP_015652739.1	XP_047272295.1	0	N/A	27.215	158	16	1.48e-06	55.1	terminal uridylyltransferase 4 isoform X12 [Homo sapiens]	TRUE	Tut4
XP_015652739.1	XP_047272296.1	0	N/A	27.215	158	16	1.51e-06	55.1	terminal uridylyltransferase 4 isoform X13 [Homo sapiens]	TRUE	Tut4
XP_015652739.1	XP_047272808.1	0	N/A	24.352	193	20	1.62e-06	54.3	poly(A) RNA polymerase GLD2 isoform X3 [Homo sapiens]	TRUE	TENT2
XP_015653778.1	NP_001375029.1	0	N/A	24.464	233	55	2.02e-09	62	poly(A) RNA polymerase GLD2 isoform 8 [Homo sapiens]	TRUE	TENT2
XP_015653778.1	NP_001375028.1	0	N/A	24.464	233	55	2.02e-09	62	poly(A) RNA polymerase GLD2 isoform 8 [Homo sapiens]	TRUE	TENT2
XP_015653778.1	XP_047272808.1	0	N/A	24.889	225	53	4.3e-09	60.8	poly(A) RNA polymerase GLD2 isoform X3 [Homo sapiens]	TRUE	TENT2
XP_015653778.1	XP_047272807.1	0	N/A	24.889	225	53	4.3e-09	60.8	poly(A) RNA polymerase GLD2 isoform X3 [Homo sapiens]	TRUE	TENT2
XP_015653778.1	XP_047272806.1	0	N/A	24.889	225	53	4.3e-09	60.8	poly(A) RNA polymerase GLD2 isoform X3 [Homo sapiens]	TRUE	TENT2
XP_015653778.1	NP_776158.2	0	N/A	24.889	225	53	4.3e-09	60.8	poly(A) RNA polymerase GLD2 isoform 1 [Homo sapiens]	TRUE	TENT2
XP_015653778.1	NP_001375041.1	0	N/A	24.889	225	53	4.3e-09	60.8	poly(A) RNA polymerase GLD2 isoform 1 [Homo sapiens]	TRUE	TENT2
XP_015653778.1	NP_001375040.1	0	N/A	24.889	225	53	4.3e-09	60.8	poly(A) RNA polymerase GLD2 isoform 1 [Homo sapiens]	TRUE	TENT2
XP_015653778.1	NP_001375039.1	0	N/A	24.889	225	53	4.3e-09	60.8	poly(A) RNA polymerase GLD2 isoform 1 [Homo sapiens]	TRUE	TENT2
XP_015653778.1	NP_001375038.1	0	N/A	24.889	225	53	4.3e-09	60.8	poly(A) RNA polymerase GLD2 isoform 1 [Homo sapiens]	TRUE	TENT2
XP_015653778.1	NP_001375037.1	0	N/A	24.889	225	53	4.3e-09	60.8	poly(A) RNA polymerase GLD2 isoform 1 [Homo sapiens]	TRUE	TENT2
XP_015653778.1	NP_001375036.1	0	N/A	24.889	225	53	4.3e-09	60.8	poly(A) RNA polymerase GLD2 isoform 1 [Homo sapiens]	TRUE	TENT2
XP_015653778.1	NP_001375035.1	0	N/A	24.889	225	53	4.3e-09	60.8	poly(A) RNA polymerase GLD2 isoform 1 [Homo sapiens]	TRUE	TENT2
XP_015653778.1	NP_001375034.1	0	N/A	24.889	225	53	4.3e-09	60.8	poly(A) RNA polymerase GLD2 isoform 1 [Homo sapiens]	TRUE	TENT2
XP_015653778.1	NP_001375032.1	0	N/A	24.889	225	53	4.3e-09	60.8	poly(A) RNA polymerase GLD2 isoform 1 [Homo sapiens]	TRUE	TENT2
XP_015653778.1	NP_001375031.1	0	N/A	24.889	225	53	4.3e-09	60.8	poly(A) RNA polymerase GLD2 isoform 1 [Homo sapiens]	TRUE	TENT2
XP_015653778.1	NP_001336482.1	0	N/A	24.889	225	53	4.3e-09	60.8	poly(A) RNA polymerase GLD2 isoform 1 [Homo sapiens]	TRUE	TENT2
XP_015653778.1	NP_001336481.1	0	N/A	24.889	225	53	4.3e-09	60.8	poly(A) RNA polymerase GLD2 isoform 1 [Homo sapiens]	TRUE	TENT2
XP_015653778.1	NP_001107866.1	0	N/A	24.889	225	53	4.3e-09	60.8	poly(A) RNA polymerase GLD2 isoform 1 [Homo sapiens]	TRUE	TENT2
XP_015653778.1	NP_001107865.1	0	N/A	24.889	225	53	4.3e-09	60.8	poly(A) RNA polymerase GLD2 isoform 1 [Homo sapiens]	TRUE	TENT2
XP_015653778.1	NP_001375060.1	0	N/A	24.889	225	53	4.86e-09	60.5	poly(A) RNA polymerase GLD2 isoform 11 [Homo sapiens]	TRUE	TENT2
XP_015653778.1	NP_001375042.1	0	N/A	24.889	225	53	4.9e-09	60.5	poly(A) RNA polymerase GLD2 isoform 16 [Homo sapiens]	TRUE	TENT2
XP_015653778.1	NP_001375030.1	0	N/A	24.783	230	55	7e-09	60.1	poly(A) RNA polymerase GLD2 isoform 9 [Homo sapiens]	TRUE	TENT2
XP_015653778.1	NP_001375065.1	0	N/A	25.225	222	53	8.9e-09	59.3	poly(A) RNA polymerase GLD2 isoform 14 [Homo sapiens]	TRUE	TENT2
XP_015653778.1	NP_001336477.1	0	N/A	26.19	168	39	1.13e-08	58.2	poly(A) RNA polymerase GLD2 isoform 4 [Homo sapiens]	TRUE	TENT2
XP_015653778.1	XP_047272296.1	0	N/A	26.894	264	61	1.33e-08	59.7	terminal uridylyltransferase 4 isoform X13 [Homo sapiens]	TRUE	Tut4
XP_015653778.1	XP_047272295.1	0	N/A	26.894	264	61	1.39e-08	59.7	terminal uridylyltransferase 4 isoform X12 [Homo sapiens]	TRUE	Tut4
XP_015653778.1	XP_047272290.1	0	N/A	26.894	264	61	1.4e-08	59.7	terminal uridylyltransferase 4 isoform X11 [Homo sapiens]	TRUE	Tut4
XP_015653778.1	XP_047272372.1	0	N/A	26.894	264	61	1.46e-08	59.7	terminal uridylyltransferase 4 isoform X42 [Homo sapiens]	TRUE	Tut4
XP_015653778.1	XP_047272286.1	0	N/A	26.894	264	61	1.47e-08	59.7	terminal uridylyltransferase 4 isoform X8 [Homo sapiens]	TRUE	Tut4
XP_015653778.1	XP_047272305.1	0	N/A	26.894	264	61	1.53e-08	59.7	terminal uridylyltransferase 4 isoform X17 [Homo sapiens]	TRUE	Tut4
XP_015653778.1	NP_001375061.1	0	N/A	25.225	222	53	1.57e-08	58.9	poly(A) RNA polymerase GLD2 isoform 12 [Homo sapiens]	TRUE	TENT2
XP_015653778.1	XP_047272344.1	0	N/A	26.894	264	61	1.58e-08	59.7	terminal uridylyltransferase 4 isoform X30 [Homo sapiens]	TRUE	Tut4
XP_015653778.1	NP_001375059.1	0	N/A	25.225	222	53	1.58e-08	58.9	poly(A) RNA polymerase GLD2 isoform 10 [Homo sapiens]	TRUE	TENT2
XP_015653778.1	XP_047272811.1	0	N/A	25.225	222	53	1.58e-08	58.9	poly(A) RNA polymerase GLD2 isoform X4 [Homo sapiens]	TRUE	TENT2
XP_015653778.1	XP_047272810.1	0	N/A	25.225	222	53	1.58e-08	58.9	poly(A) RNA polymerase GLD2 isoform X4 [Homo sapiens]	TRUE	TENT2
XP_015653778.1	XP_047272809.1	0	N/A	25.225	222	53	1.58e-08	58.9	poly(A) RNA polymerase GLD2 isoform X4 [Homo sapiens]	TRUE	TENT2
XP_015653778.1	NP_001375058.1	0	N/A	25.225	222	53	1.58e-08	58.9	poly(A) RNA polymerase GLD2 isoform 2 [Homo sapiens]	TRUE	TENT2
XP_015653778.1	NP_001375057.1	0	N/A	25.225	222	53	1.58e-08	58.9	poly(A) RNA polymerase GLD2 isoform 2 [Homo sapiens]	TRUE	TENT2
XP_015653778.1	NP_001375056.1	0	N/A	25.225	222	53	1.58e-08	58.9	poly(A) RNA polymerase GLD2 isoform 2 [Homo sapiens]	TRUE	TENT2
XP_015653778.1	NP_001375055.1	0	N/A	25.225	222	53	1.58e-08	58.9	poly(A) RNA polymerase GLD2 isoform 2 [Homo sapiens]	TRUE	TENT2
XP_015653778.1	NP_001375054.1	0	N/A	25.225	222	53	1.58e-08	58.9	poly(A) RNA polymerase GLD2 isoform 2 [Homo sapiens]	TRUE	TENT2
XP_015653778.1	NP_001375053.1	0	N/A	25.225	222	53	1.58e-08	58.9	poly(A) RNA polymerase GLD2 isoform 2 [Homo sapiens]	TRUE	TENT2
XP_015653778.1	NP_001375052.1	0	N/A	25.225	222	53	1.58e-08	58.9	poly(A) RNA polymerase GLD2 isoform 2 [Homo sapiens]	TRUE	TENT2
XP_015653778.1	NP_001375051.1	0	N/A	25.225	222	53	1.58e-08	58.9	poly(A) RNA polymerase GLD2 isoform 2 [Homo sapiens]	TRUE	TENT2
XP_015653778.1	NP_001375050.1	0	N/A	25.225	222	53	1.58e-08	58.9	poly(A) RNA polymerase GLD2 isoform 2 [Homo sapiens]	TRUE	TENT2
XP_015653778.1	NP_001375049.1	0	N/A	25.225	222	53	1.58e-08	58.9	poly(A) RNA polymerase GLD2 isoform 2 [Homo sapiens]	TRUE	TENT2
XP_015653778.1	NP_001375048.1	0	N/A	25.225	222	53	1.58e-08	58.9	poly(A) RNA polymerase GLD2 isoform 2 [Homo sapiens]	TRUE	TENT2
XP_015653778.1	NP_001375047.1	0	N/A	25.225	222	53	1.58e-08	58.9	poly(A) RNA polymerase GLD2 isoform 2 [Homo sapiens]	TRUE	TENT2
XP_015653778.1	NP_001375046.1	0	N/A	25.225	222	53	1.58e-08	58.9	poly(A) RNA polymerase GLD2 isoform 2 [Homo sapiens]	TRUE	TENT2
XP_015653778.1	NP_001375045.1	0	N/A	25.225	222	53	1.58e-08	58.9	poly(A) RNA polymerase GLD2 isoform 2 [Homo sapiens]	TRUE	TENT2
XP_015653778.1	NP_001375044.1	0	N/A	25.225	222	53	1.58e-08	58.9	poly(A) RNA polymerase GLD2 isoform 2 [Homo sapiens]	TRUE	TENT2
XP_015653778.1	NP_001375043.1	0	N/A	25.225	222	53	1.58e-08	58.9	poly(A) RNA polymerase GLD2 isoform 2 [Homo sapiens]	TRUE	TENT2
XP_015653778.1	NP_001336483.1	0	N/A	25.225	222	53	1.58e-08	58.9	poly(A) RNA polymerase GLD2 isoform 2 [Homo sapiens]	TRUE	TENT2
XP_015653778.1	NP_001284673.1	0	N/A	25.225	222	53	1.58e-08	58.9	poly(A) RNA polymerase GLD2 isoform 2 [Homo sapiens]	TRUE	TENT2
XP_015653778.1	XP_047272350.1	0	N/A	26.894	264	61	1.72e-08	59.3	terminal uridylyltransferase 4 isoform X34 [Homo sapiens]	TRUE	Tut4
XP_015653778.1	XP_047272820.1	0	N/A	26.19	168	39	2.13e-08	57.4	poly(A) RNA polymerase GLD2 isoform X11 [Homo sapiens]	TRUE	TENT2
XP_015653778.1	XP_047272805.1	0	N/A	26.19	168	39	5.65e-08	57.4	poly(A) RNA polymerase GLD2 isoform X2 [Homo sapiens]	TRUE	TENT2
XP_015653778.1	XP_047272804.1	0	N/A	26.19	168	39	5.65e-08	57.4	poly(A) RNA polymerase GLD2 isoform X2 [Homo sapiens]	TRUE	TENT2
XP_015653778.1	XP_047272803.1	0	N/A	26.19	168	39	5.65e-08	57.4	poly(A) RNA polymerase GLD2 isoform X2 [Homo sapiens]	TRUE	TENT2
XP_015653778.1	XP_047272802.1	0	N/A	26.19	168	39	5.65e-08	57.4	poly(A) RNA polymerase GLD2 isoform X2 [Homo sapiens]	TRUE	TENT2
XP_015653778.1	XP_016864641.1	0	N/A	26.19	168	39	5.65e-08	57.4	poly(A) RNA polymerase GLD2 isoform X2 [Homo sapiens]	TRUE	TENT2
XP_015653778.1	NP_001375026.1	0	N/A	26.19	168	39	5.65e-08	57.4	poly(A) RNA polymerase GLD2 isoform 6 [Homo sapiens]	TRUE	TENT2
XP_015653778.1	NP_001375025.1	0	N/A	26.19	168	39	5.65e-08	57.4	poly(A) RNA polymerase GLD2 isoform 6 [Homo sapiens]	TRUE	TENT2
XP_015653778.1	NP_001375024.1	0	N/A	26.19	168	39	5.65e-08	57.4	poly(A) RNA polymerase GLD2 isoform 6 [Homo sapiens]	TRUE	TENT2
XP_015653778.1	NP_001336480.1	0	N/A	26.19	168	39	5.65e-08	57.4	poly(A) RNA polymerase GLD2 isoform 6 [Homo sapiens]	TRUE	TENT2
XP_015653778.1	XP_047272801.1	0	N/A	26.19	168	39	5.79e-08	57.4	poly(A) RNA polymerase GLD2 isoform X1 [Homo sapiens]	TRUE	TENT2
XP_015653778.1	XP_047272800.1	0	N/A	26.19	168	39	5.79e-08	57.4	poly(A) RNA polymerase GLD2 isoform X1 [Homo sapiens]	TRUE	TENT2
XP_015653778.1	XP_011541527.1	0	N/A	26.19	168	39	5.79e-08	57.4	poly(A) RNA polymerase GLD2 isoform X1 [Homo sapiens]	TRUE	TENT2
XP_015653778.1	XP_011541526.1	0	N/A	26.19	168	39	5.79e-08	57.4	poly(A) RNA polymerase GLD2 isoform X1 [Homo sapiens]	TRUE	TENT2
XP_015653778.1	XP_011541523.1	0	N/A	26.19	168	39	5.79e-08	57.4	poly(A) RNA polymerase GLD2 isoform X1 [Homo sapiens]	TRUE	TENT2
XP_015653778.1	XP_011541522.1	0	N/A	26.19	168	39	5.79e-08	57.4	poly(A) RNA polymerase GLD2 isoform X1 [Homo sapiens]	TRUE	TENT2
XP_015653778.1	NP_001375023.1	0	N/A	26.19	168	39	5.79e-08	57.4	poly(A) RNA polymerase GLD2 isoform 5 [Homo sapiens]	TRUE	TENT2
XP_015653778.1	NP_001375022.1	0	N/A	26.19	168	39	5.79e-08	57.4	poly(A) RNA polymerase GLD2 isoform 5 [Homo sapiens]	TRUE	TENT2
XP_015653778.1	NP_001336479.1	0	N/A	26.19	168	39	5.79e-08	57.4	poly(A) RNA polymerase GLD2 isoform 5 [Homo sapiens]	TRUE	TENT2
XP_015653778.1	NP_001336478.1	0	N/A	26.19	168	39	5.79e-08	57.4	poly(A) RNA polymerase GLD2 isoform 5 [Homo sapiens]	TRUE	TENT2
XP_015653778.1	NP_001375027.1	0	N/A	26.19	168	39	5.85e-08	57.4	poly(A) RNA polymerase GLD2 isoform 7 [Homo sapiens]	TRUE	TENT2
XP_015653778.1	XP_047272818.1	0	N/A	25.503	149	36	1.05e-07	55.8	poly(A) RNA polymerase GLD2 isoform X10 [Homo sapiens]	TRUE	TENT2
XP_015653778.1	XP_005252265.1	0	N/A	26.613	248	58	4.91e-07	54.7	terminal uridylyltransferase 7 isoform X7 [Homo sapiens]	TRUE	Tut7
XP_015653778.1	XP_047279825.1	0	N/A	26.613	248	58	5.14e-07	54.7	terminal uridylyltransferase 7 isoform X6 [Homo sapiens]	TRUE	Tut7
XP_015653778.1	XP_047279824.1	0	N/A	26.613	248	58	5.14e-07	54.7	terminal uridylyltransferase 7 isoform X6 [Homo sapiens]	TRUE	Tut7
XP_015653778.1	XP_005252264.1	0	N/A	26.613	248	58	5.14e-07	54.7	terminal uridylyltransferase 7 isoform X6 [Homo sapiens]	TRUE	Tut7
XP_015653778.1	XP_011517318.1	0	N/A	26.613	248	58	5.24e-07	54.7	terminal uridylyltransferase 7 isoform X5 [Homo sapiens]	TRUE	Tut7
XP_015653778.1	XP_016870620.1	0	N/A	26.613	248	58	5.24e-07	54.7	terminal uridylyltransferase 7 isoform X4 [Homo sapiens]	TRUE	Tut7
XP_015653778.1	XP_016870619.1	0	N/A	26.613	248	58	5.24e-07	54.7	terminal uridylyltransferase 7 isoform X4 [Homo sapiens]	TRUE	Tut7
XP_015653778.1	NP_078893.2	0	N/A	26.613	248	58	5.24e-07	54.7	terminal uridylyltransferase 7 isoform 1 [Homo sapiens]	TRUE	Tut7
XP_015653778.1	NP_001171988.1	0	N/A	26.613	248	58	5.24e-07	54.7	terminal uridylyltransferase 7 isoform 1 [Homo sapiens]	TRUE	Tut7
XP_015653778.1	XP_047279823.1	0	N/A	26.613	248	58	5.59e-07	54.7	terminal uridylyltransferase 7 isoform X2 [Homo sapiens]	TRUE	Tut7
XP_015653778.1	XP_006717346.1	0	N/A	26.613	248	58	5.59e-07	54.7	terminal uridylyltransferase 7 isoform X2 [Homo sapiens]	TRUE	Tut7
XP_015653778.1	XP_011517317.1	0	N/A	26.613	248	58	5.74e-07	54.7	terminal uridylyltransferase 7 isoform X3 [Homo sapiens]	TRUE	Tut7
XP_015653778.1	XP_011517316.1	0	N/A	26.613	248	58	5.74e-07	54.7	terminal uridylyltransferase 7 isoform X1 [Homo sapiens]	TRUE	Tut7
XP_015653778.1	XP_011517315.1	0	N/A	26.613	248	58	5.74e-07	54.7	terminal uridylyltransferase 7 isoform X1 [Homo sapiens]	TRUE	Tut7
XP_015653778.1	XP_011517314.1	0	N/A	26.613	248	58	5.74e-07	54.7	terminal uridylyltransferase 7 isoform X1 [Homo sapiens]	TRUE	Tut7
XP_015653778.1	XP_011517313.1	0	N/A	26.613	248	58	5.74e-07	54.7	terminal uridylyltransferase 7 isoform X1 [Homo sapiens]	TRUE	Tut7
XP_015653778.1	NP_001317647.1	0	N/A	26.613	248	58	6.88e-07	54.3	terminal uridylyltransferase 7 isoform 3 [Homo sapiens]	TRUE	Tut7
XP_015653778.1	NP_060579.3	0	N/A	25.287	261	56	1.6e-06	52.8	poly(A) RNA polymerase, mitochondrial precursor [Homo sapiens]	TRUE	mtPAP
XP_015653778.1	XP_047272280.1	0	N/A	26.087	253	58	1.6e-06	53.1	terminal uridylyltransferase 4 isoform X3 [Homo sapiens]	TRUE	Tut4
XP_015653778.1	XP_005270736.1	0	N/A	26.087	253	58	1.6e-06	53.1	terminal uridylyltransferase 4 isoform X3 [Homo sapiens]	TRUE	Tut4
XP_015653778.1	XP_047272282.1	0	N/A	26.087	253	58	1.68e-06	53.1	terminal uridylyltransferase 4 isoform X5 [Homo sapiens]	TRUE	Tut4
XP_015653778.1	NP_056084.1	0	N/A	26.087	253	58	1.68e-06	53.1	terminal uridylyltransferase 4 isoform b [Homo sapiens]	TRUE	Tut4
XP_015653964.1	NP_001035374.2	0	N/A	32.941	85	3	3.6e-06	55.5	terminal nucleotidyltransferase 4B isoform a [Homo sapiens]	TRUE	TENT4B
XP_015653964.1	XP_011521577.1	0	N/A	32.941	85	3	3.6e-06	55.5	terminal nucleotidyltransferase 4B isoform X1 [Homo sapiens]	TRUE	TENT4B
XP_015653964.1	NP_001035375.2	0	N/A	32.941	85	3	3.95e-06	55.5	terminal nucleotidyltransferase 4B isoform b [Homo sapiens]	TRUE	TENT4B
XP_015653964.1	XP_011521578.1	0	N/A	32.941	85	3	3.96e-06	55.5	terminal nucleotidyltransferase 4B isoform X2 [Homo sapiens]	TRUE	TENT4B
XP_015653964.1	NP_008930.2	0	N/A	38.554	83	3	4.54e-06	55.5	terminal nucleotidyltransferase 4A isoform 1 [Homo sapiens]	TRUE	TENT4A
XP_015653964.1	NP_001165276.2	0	N/A	38.554	83	3	4.58e-06	55.5	terminal nucleotidyltransferase 4A isoform 2 [Homo sapiens]	TRUE	TENT4A
XP_015653964.1	XP_047290431.1	0	N/A	32.941	85	3	6.27e-06	54.7	terminal nucleotidyltransferase 4B isoform X3 [Homo sapiens]	TRUE	TENT4B
XP_015653964.1	XP_047290432.1	0	N/A	32.941	85	3	6.28e-06	54.7	terminal nucleotidyltransferase 4B isoform X4 [Homo sapiens]	TRUE	TENT4B
XP_015653964.1	XP_011521580.1	0	N/A	32.941	85	3	0.000423	48.5	terminal nucleotidyltransferase 4B isoform X5 [Homo sapiens]	TRUE	TENT4B
XP_015653964.1	XP_047290433.1	0	N/A	32.941	85	3	0.000428	48.5	terminal nucleotidyltransferase 4B isoform X6 [Homo sapiens]	TRUE	TENT4B
XP_015653964.1	NP_001352252.1	0	N/A	32.941	85	3	0.000476	48.5	terminal nucleotidyltransferase 4B isoform c [Homo sapiens]	TRUE	TENT4B
XP_015653964.1	NP_001352253.1	0	N/A	32.941	85	3	0.000523	48.5	terminal nucleotidyltransferase 4B isoform d [Homo sapiens]	TRUE	TENT4B
XP_015655729.1	XP_047272820.1	0	N/A	30.319	188	19	6.41e-14	75.1	poly(A) RNA polymerase GLD2 isoform X11 [Homo sapiens]	TRUE	TENT2
XP_015655729.1	NP_001375027.1	0	N/A	27.753	227	23	2.35e-13	76.3	poly(A) RNA polymerase GLD2 isoform 7 [Homo sapiens]	TRUE	TENT2
XP_015655729.1	XP_047272805.1	0	N/A	27.753	227	23	2.46e-13	76.3	poly(A) RNA polymerase GLD2 isoform X2 [Homo sapiens]	TRUE	TENT2
XP_015655729.1	XP_047272804.1	0	N/A	27.753	227	23	2.46e-13	76.3	poly(A) RNA polymerase GLD2 isoform X2 [Homo sapiens]	TRUE	TENT2
XP_015655729.1	XP_047272803.1	0	N/A	27.753	227	23	2.46e-13	76.3	poly(A) RNA polymerase GLD2 isoform X2 [Homo sapiens]	TRUE	TENT2
XP_015655729.1	XP_047272802.1	0	N/A	27.753	227	23	2.46e-13	76.3	poly(A) RNA polymerase GLD2 isoform X2 [Homo sapiens]	TRUE	TENT2
XP_015655729.1	XP_016864641.1	0	N/A	27.753	227	23	2.46e-13	76.3	poly(A) RNA polymerase GLD2 isoform X2 [Homo sapiens]	TRUE	TENT2
XP_015655729.1	NP_001375026.1	0	N/A	27.753	227	23	2.46e-13	76.3	poly(A) RNA polymerase GLD2 isoform 6 [Homo sapiens]	TRUE	TENT2
XP_015655729.1	NP_001375025.1	0	N/A	27.753	227	23	2.46e-13	76.3	poly(A) RNA polymerase GLD2 isoform 6 [Homo sapiens]	TRUE	TENT2
XP_015655729.1	NP_001375024.1	0	N/A	27.753	227	23	2.46e-13	76.3	poly(A) RNA polymerase GLD2 isoform 6 [Homo sapiens]	TRUE	TENT2
XP_015655729.1	NP_001336480.1	0	N/A	27.753	227	23	2.46e-13	76.3	poly(A) RNA polymerase GLD2 isoform 6 [Homo sapiens]	TRUE	TENT2
XP_015655729.1	XP_047272801.1	0	N/A	27.753	227	23	3.26e-13	75.9	poly(A) RNA polymerase GLD2 isoform X1 [Homo sapiens]	TRUE	TENT2
XP_015655729.1	XP_047272800.1	0	N/A	27.753	227	23	3.26e-13	75.9	poly(A) RNA polymerase GLD2 isoform X1 [Homo sapiens]	TRUE	TENT2
XP_015655729.1	XP_011541527.1	0	N/A	27.753	227	23	3.26e-13	75.9	poly(A) RNA polymerase GLD2 isoform X1 [Homo sapiens]	TRUE	TENT2
XP_015655729.1	XP_011541526.1	0	N/A	27.753	227	23	3.26e-13	75.9	poly(A) RNA polymerase GLD2 isoform X1 [Homo sapiens]	TRUE	TENT2
XP_015655729.1	XP_011541523.1	0	N/A	27.753	227	23	3.26e-13	75.9	poly(A) RNA polymerase GLD2 isoform X1 [Homo sapiens]	TRUE	TENT2
XP_015655729.1	XP_011541522.1	0	N/A	27.753	227	23	3.26e-13	75.9	poly(A) RNA polymerase GLD2 isoform X1 [Homo sapiens]	TRUE	TENT2
XP_015655729.1	NP_001375023.1	0	N/A	27.753	227	23	3.26e-13	75.9	poly(A) RNA polymerase GLD2 isoform 5 [Homo sapiens]	TRUE	TENT2
XP_015655729.1	NP_001375022.1	0	N/A	27.753	227	23	3.26e-13	75.9	poly(A) RNA polymerase GLD2 isoform 5 [Homo sapiens]	TRUE	TENT2
XP_015655729.1	NP_001336479.1	0	N/A	27.753	227	23	3.26e-13	75.9	poly(A) RNA polymerase GLD2 isoform 5 [Homo sapiens]	TRUE	TENT2
XP_015655729.1	NP_001336478.1	0	N/A	27.753	227	23	3.26e-13	75.9	poly(A) RNA polymerase GLD2 isoform 5 [Homo sapiens]	TRUE	TENT2
XP_015655729.1	NP_001375066.1	0	N/A	30.38	158	16	6.17e-12	70.1	poly(A) RNA polymerase GLD2 isoform 15 [Homo sapiens]	TRUE	TENT2
XP_015655729.1	NP_001336477.1	0	N/A	30.612	147	15	8.88e-12	68.9	poly(A) RNA polymerase GLD2 isoform 4 [Homo sapiens]	TRUE	TENT2
XP_015655729.1	NP_001375065.1	0	N/A	27.419	186	19	1.25e-11	70.1	poly(A) RNA polymerase GLD2 isoform 14 [Homo sapiens]	TRUE	TENT2
XP_015655729.1	XP_047272811.1	0	N/A	27.419	186	19	1.88e-11	70.1	poly(A) RNA polymerase GLD2 isoform X4 [Homo sapiens]	TRUE	TENT2
XP_015655729.1	XP_047272810.1	0	N/A	27.419	186	19	1.88e-11	70.1	poly(A) RNA polymerase GLD2 isoform X4 [Homo sapiens]	TRUE	TENT2
XP_015655729.1	XP_047272809.1	0	N/A	27.419	186	19	1.88e-11	70.1	poly(A) RNA polymerase GLD2 isoform X4 [Homo sapiens]	TRUE	TENT2
XP_015655729.1	NP_001375058.1	0	N/A	27.419	186	19	1.88e-11	70.1	poly(A) RNA polymerase GLD2 isoform 2 [Homo sapiens]	TRUE	TENT2
XP_015655729.1	NP_001375057.1	0	N/A	27.419	186	19	1.88e-11	70.1	poly(A) RNA polymerase GLD2 isoform 2 [Homo sapiens]	TRUE	TENT2
XP_015655729.1	NP_001375056.1	0	N/A	27.419	186	19	1.88e-11	70.1	poly(A) RNA polymerase GLD2 isoform 2 [Homo sapiens]	TRUE	TENT2
XP_015655729.1	NP_001375055.1	0	N/A	27.419	186	19	1.88e-11	70.1	poly(A) RNA polymerase GLD2 isoform 2 [Homo sapiens]	TRUE	TENT2
XP_015655729.1	NP_001375054.1	0	N/A	27.419	186	19	1.88e-11	70.1	poly(A) RNA polymerase GLD2 isoform 2 [Homo sapiens]	TRUE	TENT2
XP_015655729.1	NP_001375053.1	0	N/A	27.419	186	19	1.88e-11	70.1	poly(A) RNA polymerase GLD2 isoform 2 [Homo sapiens]	TRUE	TENT2
XP_015655729.1	NP_001375052.1	0	N/A	27.419	186	19	1.88e-11	70.1	poly(A) RNA polymerase GLD2 isoform 2 [Homo sapiens]	TRUE	TENT2
XP_015655729.1	NP_001375051.1	0	N/A	27.419	186	19	1.88e-11	70.1	poly(A) RNA polymerase GLD2 isoform 2 [Homo sapiens]	TRUE	TENT2
XP_015655729.1	NP_001375050.1	0	N/A	27.419	186	19	1.88e-11	70.1	poly(A) RNA polymerase GLD2 isoform 2 [Homo sapiens]	TRUE	TENT2
XP_015655729.1	NP_001375049.1	0	N/A	27.419	186	19	1.88e-11	70.1	poly(A) RNA polymerase GLD2 isoform 2 [Homo sapiens]	TRUE	TENT2
XP_015655729.1	NP_001375048.1	0	N/A	27.419	186	19	1.88e-11	70.1	poly(A) RNA polymerase GLD2 isoform 2 [Homo sapiens]	TRUE	TENT2
XP_015655729.1	NP_001375047.1	0	N/A	27.419	186	19	1.88e-11	70.1	poly(A) RNA polymerase GLD2 isoform 2 [Homo sapiens]	TRUE	TENT2
XP_015655729.1	NP_001375046.1	0	N/A	27.419	186	19	1.88e-11	70.1	poly(A) RNA polymerase GLD2 isoform 2 [Homo sapiens]	TRUE	TENT2
XP_015655729.1	NP_001375045.1	0	N/A	27.419	186	19	1.88e-11	70.1	poly(A) RNA polymerase GLD2 isoform 2 [Homo sapiens]	TRUE	TENT2
XP_015655729.1	NP_001375044.1	0	N/A	27.419	186	19	1.88e-11	70.1	poly(A) RNA polymerase GLD2 isoform 2 [Homo sapiens]	TRUE	TENT2
XP_015655729.1	NP_001375043.1	0	N/A	27.419	186	19	1.88e-11	70.1	poly(A) RNA polymerase GLD2 isoform 2 [Homo sapiens]	TRUE	TENT2
XP_015655729.1	NP_001336483.1	0	N/A	27.419	186	19	1.88e-11	70.1	poly(A) RNA polymerase GLD2 isoform 2 [Homo sapiens]	TRUE	TENT2
XP_015655729.1	NP_001284673.1	0	N/A	27.419	186	19	1.88e-11	70.1	poly(A) RNA polymerase GLD2 isoform 2 [Homo sapiens]	TRUE	TENT2
XP_015655729.1	NP_001375059.1	0	N/A	27.419	186	19	1.91e-11	70.1	poly(A) RNA polymerase GLD2 isoform 10 [Homo sapiens]	TRUE	TENT2
XP_015655729.1	NP_001375061.1	0	N/A	27.419	186	19	1.94e-11	70.1	poly(A) RNA polymerase GLD2 isoform 12 [Homo sapiens]	TRUE	TENT2
XP_015655729.1	NP_001375060.1	0	N/A	27.419	186	19	2.2e-11	69.7	poly(A) RNA polymerase GLD2 isoform 11 [Homo sapiens]	TRUE	TENT2
XP_015655729.1	XP_047272808.1	0	N/A	27.419	186	19	2.25e-11	70.1	poly(A) RNA polymerase GLD2 isoform X3 [Homo sapiens]	TRUE	TENT2
XP_015655729.1	XP_047272807.1	0	N/A	27.419	186	19	2.25e-11	70.1	poly(A) RNA polymerase GLD2 isoform X3 [Homo sapiens]	TRUE	TENT2
XP_015655729.1	XP_047272806.1	0	N/A	27.419	186	19	2.25e-11	70.1	poly(A) RNA polymerase GLD2 isoform X3 [Homo sapiens]	TRUE	TENT2
XP_015655729.1	NP_776158.2	0	N/A	27.419	186	19	2.25e-11	70.1	poly(A) RNA polymerase GLD2 isoform 1 [Homo sapiens]	TRUE	TENT2
XP_015655729.1	NP_001375041.1	0	N/A	27.419	186	19	2.25e-11	70.1	poly(A) RNA polymerase GLD2 isoform 1 [Homo sapiens]	TRUE	TENT2
XP_015655729.1	NP_001375040.1	0	N/A	27.419	186	19	2.25e-11	70.1	poly(A) RNA polymerase GLD2 isoform 1 [Homo sapiens]	TRUE	TENT2
XP_015655729.1	NP_001375039.1	0	N/A	27.419	186	19	2.25e-11	70.1	poly(A) RNA polymerase GLD2 isoform 1 [Homo sapiens]	TRUE	TENT2
XP_015655729.1	NP_001375038.1	0	N/A	27.419	186	19	2.25e-11	70.1	poly(A) RNA polymerase GLD2 isoform 1 [Homo sapiens]	TRUE	TENT2
XP_015655729.1	NP_001375037.1	0	N/A	27.419	186	19	2.25e-11	70.1	poly(A) RNA polymerase GLD2 isoform 1 [Homo sapiens]	TRUE	TENT2
XP_015655729.1	NP_001375036.1	0	N/A	27.419	186	19	2.25e-11	70.1	poly(A) RNA polymerase GLD2 isoform 1 [Homo sapiens]	TRUE	TENT2
XP_015655729.1	NP_001375035.1	0	N/A	27.419	186	19	2.25e-11	70.1	poly(A) RNA polymerase GLD2 isoform 1 [Homo sapiens]	TRUE	TENT2
XP_015655729.1	NP_001375034.1	0	N/A	27.419	186	19	2.25e-11	70.1	poly(A) RNA polymerase GLD2 isoform 1 [Homo sapiens]	TRUE	TENT2
XP_015655729.1	NP_001375032.1	0	N/A	27.419	186	19	2.25e-11	70.1	poly(A) RNA polymerase GLD2 isoform 1 [Homo sapiens]	TRUE	TENT2
XP_015655729.1	NP_001375031.1	0	N/A	27.419	186	19	2.25e-11	70.1	poly(A) RNA polymerase GLD2 isoform 1 [Homo sapiens]	TRUE	TENT2
XP_015655729.1	NP_001336482.1	0	N/A	27.419	186	19	2.25e-11	70.1	poly(A) RNA polymerase GLD2 isoform 1 [Homo sapiens]	TRUE	TENT2
XP_015655729.1	NP_001336481.1	0	N/A	27.419	186	19	2.25e-11	70.1	poly(A) RNA polymerase GLD2 isoform 1 [Homo sapiens]	TRUE	TENT2
XP_015655729.1	NP_001107866.1	0	N/A	27.419	186	19	2.25e-11	70.1	poly(A) RNA polymerase GLD2 isoform 1 [Homo sapiens]	TRUE	TENT2
XP_015655729.1	NP_001107865.1	0	N/A	27.419	186	19	2.25e-11	70.1	poly(A) RNA polymerase GLD2 isoform 1 [Homo sapiens]	TRUE	TENT2
XP_015655729.1	NP_001375042.1	0	N/A	27.419	186	19	2.32e-11	69.7	poly(A) RNA polymerase GLD2 isoform 16 [Homo sapiens]	TRUE	TENT2
XP_015655729.1	NP_001375029.1	0	N/A	27.419	186	19	2.44e-11	69.7	poly(A) RNA polymerase GLD2 isoform 8 [Homo sapiens]	TRUE	TENT2
XP_015655729.1	NP_001375028.1	0	N/A	27.419	186	19	2.44e-11	69.7	poly(A) RNA polymerase GLD2 isoform 8 [Homo sapiens]	TRUE	TENT2
XP_015655729.1	NP_001375030.1	0	N/A	27.419	186	19	2.58e-11	69.7	poly(A) RNA polymerase GLD2 isoform 9 [Homo sapiens]	TRUE	TENT2
XP_015655729.1	XP_047272817.1	0	N/A	33.628	113	11	1.63e-07	57	poly(A) RNA polymerase GLD2 isoform X9 [Homo sapiens]	TRUE	TENT2
XP_015655729.1	XP_047272816.1	0	N/A	33.628	113	11	2.12e-07	57	poly(A) RNA polymerase GLD2 isoform X8 [Homo sapiens]	TRUE	TENT2
XP_015655729.1	XP_047279823.1	0	N/A	24.242	165	17	4.91e-07	56.6	terminal uridylyltransferase 7 isoform X2 [Homo sapiens]	TRUE	Tut7
XP_015655729.1	XP_006717346.1	0	N/A	24.242	165	17	4.91e-07	56.6	terminal uridylyltransferase 7 isoform X2 [Homo sapiens]	TRUE	Tut7
XP_015655729.1	XP_011517317.1	0	N/A	24.242	165	17	5.57e-07	56.6	terminal uridylyltransferase 7 isoform X3 [Homo sapiens]	TRUE	Tut7
XP_015655729.1	XP_016870620.1	0	N/A	24.242	165	17	5.64e-07	56.6	terminal uridylyltransferase 7 isoform X4 [Homo sapiens]	TRUE	Tut7
XP_015655729.1	XP_016870619.1	0	N/A	24.242	165	17	5.64e-07	56.6	terminal uridylyltransferase 7 isoform X4 [Homo sapiens]	TRUE	Tut7
XP_015655729.1	NP_078893.2	0	N/A	24.242	165	17	5.64e-07	56.6	terminal uridylyltransferase 7 isoform 1 [Homo sapiens]	TRUE	Tut7
XP_015655729.1	NP_001171988.1	0	N/A	24.242	165	17	5.64e-07	56.6	terminal uridylyltransferase 7 isoform 1 [Homo sapiens]	TRUE	Tut7
XP_015655729.1	XP_047279825.1	0	N/A	24.242	165	17	5.72e-07	56.6	terminal uridylyltransferase 7 isoform X6 [Homo sapiens]	TRUE	Tut7
XP_015655729.1	XP_047279824.1	0	N/A	24.242	165	17	5.72e-07	56.6	terminal uridylyltransferase 7 isoform X6 [Homo sapiens]	TRUE	Tut7
XP_015655729.1	XP_005252264.1	0	N/A	24.242	165	17	5.72e-07	56.6	terminal uridylyltransferase 7 isoform X6 [Homo sapiens]	TRUE	Tut7
XP_015655729.1	XP_011517318.1	0	N/A	24.242	165	17	5.88e-07	56.6	terminal uridylyltransferase 7 isoform X5 [Homo sapiens]	TRUE	Tut7
XP_015655729.1	XP_005252265.1	0	N/A	24.242	165	17	5.9e-07	56.6	terminal uridylyltransferase 7 isoform X7 [Homo sapiens]	TRUE	Tut7
XP_015655729.1	NP_001172003.1	0	N/A	24.242	165	17	6.25e-07	56.2	terminal uridylyltransferase 7 isoform 2 [Homo sapiens]	TRUE	Tut7
XP_015655729.1	XP_011517316.1	0	N/A	24.242	165	17	6.55e-07	56.2	terminal uridylyltransferase 7 isoform X1 [Homo sapiens]	TRUE	Tut7
XP_015655729.1	XP_011517315.1	0	N/A	24.242	165	17	6.55e-07	56.2	terminal uridylyltransferase 7 isoform X1 [Homo sapiens]	TRUE	Tut7
XP_015655729.1	XP_011517314.1	0	N/A	24.242	165	17	6.55e-07	56.2	terminal uridylyltransferase 7 isoform X1 [Homo sapiens]	TRUE	Tut7
XP_015655729.1	XP_011517313.1	0	N/A	24.242	165	17	6.55e-07	56.2	terminal uridylyltransferase 7 isoform X1 [Homo sapiens]	TRUE	Tut7
XP_015655729.1	NP_001317647.1	0	N/A	24.242	165	17	7.52e-07	55.8	terminal uridylyltransferase 7 isoform 3 [Homo sapiens]	TRUE	Tut7
XP_015655729.1	XP_047272818.1	0	N/A	36.111	72	7	9.44e-06	51.6	poly(A) RNA polymerase GLD2 isoform X10 [Homo sapiens]	TRUE	TENT2
XP_015655729.1	XP_047272305.1	0	N/A	24.26	169	17	3e-04	47.8	terminal uridylyltransferase 4 isoform X17 [Homo sapiens]	TRUE	Tut4
XP_015655729.1	XP_016856299.1	0	N/A	23.669	169	17	0.000308	47.8	terminal uridylyltransferase 4 isoform X40 [Homo sapiens]	TRUE	Tut4
XP_015655729.1	XP_016856293.1	0	N/A	24.26	169	17	0.000316	47.4	terminal uridylyltransferase 4 isoform X16 [Homo sapiens]	TRUE	Tut4
XP_015655729.1	XP_047272372.1	0	N/A	23.669	169	17	0.000318	47.4	terminal uridylyltransferase 4 isoform X42 [Homo sapiens]	TRUE	Tut4
XP_015655729.1	XP_047272288.1	0	N/A	24.26	169	17	0.000318	47.4	terminal uridylyltransferase 4 isoform X10 [Homo sapiens]	TRUE	Tut4
XP_015655729.1	XP_047272295.1	0	N/A	23.669	169	17	0.000324	47.4	terminal uridylyltransferase 4 isoform X12 [Homo sapiens]	TRUE	Tut4
XP_015655729.1	XP_047272365.1	0	N/A	23.669	169	17	0.000324	47.4	terminal uridylyltransferase 4 isoform X38 [Homo sapiens]	TRUE	Tut4
XP_015655729.1	XP_047272296.1	0	N/A	23.669	169	17	0.000329	47.4	terminal uridylyltransferase 4 isoform X13 [Homo sapiens]	TRUE	Tut4
XP_015655729.1	XP_047272283.1	0	N/A	24.26	169	17	0.00033	47.4	terminal uridylyltransferase 4 isoform X6 [Homo sapiens]	TRUE	Tut4
XP_015656841.1	NP_001375065.1	0	N/A	29.801	151	42	1.03e-11	67.8	poly(A) RNA polymerase GLD2 isoform 14 [Homo sapiens]	TRUE	TENT2
XP_015656841.1	NP_001375061.1	0	N/A	29.801	151	42	1.52e-11	67.8	poly(A) RNA polymerase GLD2 isoform 12 [Homo sapiens]	TRUE	TENT2
XP_015656841.1	XP_047272818.1	0	N/A	30	150	42	1.67e-11	67	poly(A) RNA polymerase GLD2 isoform X10 [Homo sapiens]	TRUE	TENT2
XP_015656841.1	NP_001375030.1	0	N/A	29.801	151	42	1.77e-11	67.8	poly(A) RNA polymerase GLD2 isoform 9 [Homo sapiens]	TRUE	TENT2
XP_015656841.1	NP_001375059.1	0	N/A	29.801	151	42	1.87e-11	67.8	poly(A) RNA polymerase GLD2 isoform 10 [Homo sapiens]	TRUE	TENT2
XP_015656841.1	XP_047272811.1	0	N/A	29.801	151	42	1.87e-11	67.8	poly(A) RNA polymerase GLD2 isoform X4 [Homo sapiens]	TRUE	TENT2
XP_015656841.1	XP_047272810.1	0	N/A	29.801	151	42	1.87e-11	67.8	poly(A) RNA polymerase GLD2 isoform X4 [Homo sapiens]	TRUE	TENT2
XP_015656841.1	XP_047272809.1	0	N/A	29.801	151	42	1.87e-11	67.8	poly(A) RNA polymerase GLD2 isoform X4 [Homo sapiens]	TRUE	TENT2
XP_015656841.1	NP_001375058.1	0	N/A	29.801	151	42	1.87e-11	67.8	poly(A) RNA polymerase GLD2 isoform 2 [Homo sapiens]	TRUE	TENT2
XP_015656841.1	NP_001375057.1	0	N/A	29.801	151	42	1.87e-11	67.8	poly(A) RNA polymerase GLD2 isoform 2 [Homo sapiens]	TRUE	TENT2
XP_015656841.1	NP_001375056.1	0	N/A	29.801	151	42	1.87e-11	67.8	poly(A) RNA polymerase GLD2 isoform 2 [Homo sapiens]	TRUE	TENT2
XP_015656841.1	NP_001375055.1	0	N/A	29.801	151	42	1.87e-11	67.8	poly(A) RNA polymerase GLD2 isoform 2 [Homo sapiens]	TRUE	TENT2
XP_015656841.1	NP_001375054.1	0	N/A	29.801	151	42	1.87e-11	67.8	poly(A) RNA polymerase GLD2 isoform 2 [Homo sapiens]	TRUE	TENT2
XP_015656841.1	NP_001375053.1	0	N/A	29.801	151	42	1.87e-11	67.8	poly(A) RNA polymerase GLD2 isoform 2 [Homo sapiens]	TRUE	TENT2
XP_015656841.1	NP_001375052.1	0	N/A	29.801	151	42	1.87e-11	67.8	poly(A) RNA polymerase GLD2 isoform 2 [Homo sapiens]	TRUE	TENT2
XP_015656841.1	NP_001375051.1	0	N/A	29.801	151	42	1.87e-11	67.8	poly(A) RNA polymerase GLD2 isoform 2 [Homo sapiens]	TRUE	TENT2
XP_015656841.1	NP_001375050.1	0	N/A	29.801	151	42	1.87e-11	67.8	poly(A) RNA polymerase GLD2 isoform 2 [Homo sapiens]	TRUE	TENT2
XP_015656841.1	NP_001375049.1	0	N/A	29.801	151	42	1.87e-11	67.8	poly(A) RNA polymerase GLD2 isoform 2 [Homo sapiens]	TRUE	TENT2
XP_015656841.1	NP_001375048.1	0	N/A	29.801	151	42	1.87e-11	67.8	poly(A) RNA polymerase GLD2 isoform 2 [Homo sapiens]	TRUE	TENT2
XP_015656841.1	NP_001375047.1	0	N/A	29.801	151	42	1.87e-11	67.8	poly(A) RNA polymerase GLD2 isoform 2 [Homo sapiens]	TRUE	TENT2
XP_015656841.1	NP_001375046.1	0	N/A	29.801	151	42	1.87e-11	67.8	poly(A) RNA polymerase GLD2 isoform 2 [Homo sapiens]	TRUE	TENT2
XP_015656841.1	NP_001375045.1	0	N/A	29.801	151	42	1.87e-11	67.8	poly(A) RNA polymerase GLD2 isoform 2 [Homo sapiens]	TRUE	TENT2
XP_015656841.1	NP_001375044.1	0	N/A	29.801	151	42	1.87e-11	67.8	poly(A) RNA polymerase GLD2 isoform 2 [Homo sapiens]	TRUE	TENT2
XP_015656841.1	NP_001375043.1	0	N/A	29.801	151	42	1.87e-11	67.8	poly(A) RNA polymerase GLD2 isoform 2 [Homo sapiens]	TRUE	TENT2
XP_015656841.1	NP_001336483.1	0	N/A	29.801	151	42	1.87e-11	67.8	poly(A) RNA polymerase GLD2 isoform 2 [Homo sapiens]	TRUE	TENT2
XP_015656841.1	NP_001284673.1	0	N/A	29.801	151	42	1.87e-11	67.8	poly(A) RNA polymerase GLD2 isoform 2 [Homo sapiens]	TRUE	TENT2
XP_015656841.1	NP_001375060.1	0	N/A	29.801	151	42	1.96e-11	67.4	poly(A) RNA polymerase GLD2 isoform 11 [Homo sapiens]	TRUE	TENT2
XP_015656841.1	NP_001375029.1	0	N/A	29.801	151	42	2.38e-11	67.4	poly(A) RNA polymerase GLD2 isoform 8 [Homo sapiens]	TRUE	TENT2
XP_015656841.1	NP_001375028.1	0	N/A	29.801	151	42	2.38e-11	67.4	poly(A) RNA polymerase GLD2 isoform 8 [Homo sapiens]	TRUE	TENT2
XP_015656841.1	NP_001375042.1	0	N/A	29.801	151	42	2.42e-11	67.4	poly(A) RNA polymerase GLD2 isoform 16 [Homo sapiens]	TRUE	TENT2
XP_015656841.1	XP_047272808.1	0	N/A	29.801	151	42	2.42e-11	67.4	poly(A) RNA polymerase GLD2 isoform X3 [Homo sapiens]	TRUE	TENT2
XP_015656841.1	XP_047272807.1	0	N/A	29.801	151	42	2.42e-11	67.4	poly(A) RNA polymerase GLD2 isoform X3 [Homo sapiens]	TRUE	TENT2
XP_015656841.1	XP_047272806.1	0	N/A	29.801	151	42	2.42e-11	67.4	poly(A) RNA polymerase GLD2 isoform X3 [Homo sapiens]	TRUE	TENT2
XP_015656841.1	NP_776158.2	0	N/A	29.801	151	42	2.42e-11	67.4	poly(A) RNA polymerase GLD2 isoform 1 [Homo sapiens]	TRUE	TENT2
XP_015656841.1	NP_001375041.1	0	N/A	29.801	151	42	2.42e-11	67.4	poly(A) RNA polymerase GLD2 isoform 1 [Homo sapiens]	TRUE	TENT2
XP_015656841.1	NP_001375040.1	0	N/A	29.801	151	42	2.42e-11	67.4	poly(A) RNA polymerase GLD2 isoform 1 [Homo sapiens]	TRUE	TENT2
XP_015656841.1	NP_001375039.1	0	N/A	29.801	151	42	2.42e-11	67.4	poly(A) RNA polymerase GLD2 isoform 1 [Homo sapiens]	TRUE	TENT2
XP_015656841.1	NP_001375038.1	0	N/A	29.801	151	42	2.42e-11	67.4	poly(A) RNA polymerase GLD2 isoform 1 [Homo sapiens]	TRUE	TENT2
XP_015656841.1	NP_001375037.1	0	N/A	29.801	151	42	2.42e-11	67.4	poly(A) RNA polymerase GLD2 isoform 1 [Homo sapiens]	TRUE	TENT2
XP_015656841.1	NP_001375036.1	0	N/A	29.801	151	42	2.42e-11	67.4	poly(A) RNA polymerase GLD2 isoform 1 [Homo sapiens]	TRUE	TENT2
XP_015656841.1	NP_001375035.1	0	N/A	29.801	151	42	2.42e-11	67.4	poly(A) RNA polymerase GLD2 isoform 1 [Homo sapiens]	TRUE	TENT2
XP_015656841.1	NP_001375034.1	0	N/A	29.801	151	42	2.42e-11	67.4	poly(A) RNA polymerase GLD2 isoform 1 [Homo sapiens]	TRUE	TENT2
XP_015656841.1	NP_001375032.1	0	N/A	29.801	151	42	2.42e-11	67.4	poly(A) RNA polymerase GLD2 isoform 1 [Homo sapiens]	TRUE	TENT2
XP_015656841.1	NP_001375031.1	0	N/A	29.801	151	42	2.42e-11	67.4	poly(A) RNA polymerase GLD2 isoform 1 [Homo sapiens]	TRUE	TENT2
XP_015656841.1	NP_001336482.1	0	N/A	29.801	151	42	2.42e-11	67.4	poly(A) RNA polymerase GLD2 isoform 1 [Homo sapiens]	TRUE	TENT2
XP_015656841.1	NP_001336481.1	0	N/A	29.801	151	42	2.42e-11	67.4	poly(A) RNA polymerase GLD2 isoform 1 [Homo sapiens]	TRUE	TENT2
XP_015656841.1	NP_001107866.1	0	N/A	29.801	151	42	2.42e-11	67.4	poly(A) RNA polymerase GLD2 isoform 1 [Homo sapiens]	TRUE	TENT2
XP_015656841.1	NP_001107865.1	0	N/A	29.801	151	42	2.42e-11	67.4	poly(A) RNA polymerase GLD2 isoform 1 [Homo sapiens]	TRUE	TENT2
XP_015656841.1	NP_001336477.1	0	N/A	36.264	91	25	3.27e-10	62.4	poly(A) RNA polymerase GLD2 isoform 4 [Homo sapiens]	TRUE	TENT2
XP_015656841.1	XP_047272820.1	0	N/A	37.363	91	25	4.03e-10	62	poly(A) RNA polymerase GLD2 isoform X11 [Homo sapiens]	TRUE	TENT2
XP_015656841.1	XP_047272817.1	0	N/A	37.778	90	25	4.49e-10	62.8	poly(A) RNA polymerase GLD2 isoform X9 [Homo sapiens]	TRUE	TENT2
XP_015656841.1	XP_047272816.1	0	N/A	37.778	90	25	4.64e-10	62.8	poly(A) RNA polymerase GLD2 isoform X8 [Homo sapiens]	TRUE	TENT2
XP_015656841.1	XP_047272801.1	0	N/A	37.363	91	25	6.71e-10	62.8	poly(A) RNA polymerase GLD2 isoform X1 [Homo sapiens]	TRUE	TENT2
XP_015656841.1	XP_047272800.1	0	N/A	37.363	91	25	6.71e-10	62.8	poly(A) RNA polymerase GLD2 isoform X1 [Homo sapiens]	TRUE	TENT2
XP_015656841.1	XP_011541527.1	0	N/A	37.363	91	25	6.71e-10	62.8	poly(A) RNA polymerase GLD2 isoform X1 [Homo sapiens]	TRUE	TENT2
XP_015656841.1	XP_011541526.1	0	N/A	37.363	91	25	6.71e-10	62.8	poly(A) RNA polymerase GLD2 isoform X1 [Homo sapiens]	TRUE	TENT2
XP_015656841.1	XP_011541523.1	0	N/A	37.363	91	25	6.71e-10	62.8	poly(A) RNA polymerase GLD2 isoform X1 [Homo sapiens]	TRUE	TENT2
XP_015656841.1	XP_011541522.1	0	N/A	37.363	91	25	6.71e-10	62.8	poly(A) RNA polymerase GLD2 isoform X1 [Homo sapiens]	TRUE	TENT2
XP_015656841.1	NP_001375023.1	0	N/A	37.363	91	25	6.71e-10	62.8	poly(A) RNA polymerase GLD2 isoform 5 [Homo sapiens]	TRUE	TENT2
XP_015656841.1	NP_001375022.1	0	N/A	37.363	91	25	6.71e-10	62.8	poly(A) RNA polymerase GLD2 isoform 5 [Homo sapiens]	TRUE	TENT2
XP_015656841.1	NP_001336479.1	0	N/A	37.363	91	25	6.71e-10	62.8	poly(A) RNA polymerase GLD2 isoform 5 [Homo sapiens]	TRUE	TENT2
XP_015656841.1	NP_001336478.1	0	N/A	37.363	91	25	6.71e-10	62.8	poly(A) RNA polymerase GLD2 isoform 5 [Homo sapiens]	TRUE	TENT2
XP_015656841.1	NP_001375027.1	0	N/A	37.363	91	25	6.72e-10	62.8	poly(A) RNA polymerase GLD2 isoform 7 [Homo sapiens]	TRUE	TENT2
XP_015656841.1	XP_047272805.1	0	N/A	37.363	91	25	6.73e-10	62.8	poly(A) RNA polymerase GLD2 isoform X2 [Homo sapiens]	TRUE	TENT2
XP_015656841.1	XP_047272804.1	0	N/A	37.363	91	25	6.73e-10	62.8	poly(A) RNA polymerase GLD2 isoform X2 [Homo sapiens]	TRUE	TENT2
XP_015656841.1	XP_047272803.1	0	N/A	37.363	91	25	6.73e-10	62.8	poly(A) RNA polymerase GLD2 isoform X2 [Homo sapiens]	TRUE	TENT2
XP_015656841.1	XP_047272802.1	0	N/A	37.363	91	25	6.73e-10	62.8	poly(A) RNA polymerase GLD2 isoform X2 [Homo sapiens]	TRUE	TENT2
XP_015656841.1	XP_016864641.1	0	N/A	37.363	91	25	6.73e-10	62.8	poly(A) RNA polymerase GLD2 isoform X2 [Homo sapiens]	TRUE	TENT2
XP_015656841.1	NP_001375026.1	0	N/A	37.363	91	25	6.73e-10	62.8	poly(A) RNA polymerase GLD2 isoform 6 [Homo sapiens]	TRUE	TENT2
XP_015656841.1	NP_001375025.1	0	N/A	37.363	91	25	6.73e-10	62.8	poly(A) RNA polymerase GLD2 isoform 6 [Homo sapiens]	TRUE	TENT2
XP_015656841.1	NP_001375024.1	0	N/A	37.363	91	25	6.73e-10	62.8	poly(A) RNA polymerase GLD2 isoform 6 [Homo sapiens]	TRUE	TENT2
XP_015656841.1	NP_001336480.1	0	N/A	37.363	91	25	6.73e-10	62.8	poly(A) RNA polymerase GLD2 isoform 6 [Homo sapiens]	TRUE	TENT2
XP_015656841.1	NP_060579.3	0	N/A	25.984	254	65	2.31e-09	61.2	poly(A) RNA polymerase, mitochondrial precursor [Homo sapiens]	TRUE	mtPAP
XP_015656841.1	NP_001375066.1	0	N/A	37.313	67	18	4.8e-08	56.2	poly(A) RNA polymerase GLD2 isoform 15 [Homo sapiens]	TRUE	TENT2
XP_015656841.1	XP_047272344.1	0	N/A	25.197	254	69	3.14e-07	55.1	terminal uridylyltransferase 4 isoform X30 [Homo sapiens]	TRUE	Tut4
XP_015656841.1	XP_047272350.1	0	N/A	25.197	254	69	3.42e-07	55.1	terminal uridylyltransferase 4 isoform X34 [Homo sapiens]	TRUE	Tut4
XP_015656841.1	XP_011539401.1	0	N/A	25.197	254	69	3.46e-07	55.1	terminal uridylyltransferase 4 isoform X29 [Homo sapiens]	TRUE	Tut4
XP_015656841.1	XP_047272325.1	0	N/A	25.197	254	69	3.46e-07	55.1	terminal uridylyltransferase 4 isoform X23 [Homo sapiens]	TRUE	Tut4
XP_015656841.1	XP_016856296.1	0	N/A	25.197	254	69	3.52e-07	54.7	terminal uridylyltransferase 4 isoform X28 [Homo sapiens]	TRUE	Tut4
XP_015656841.1	XP_047272337.1	0	N/A	25.197	254	69	3.55e-07	54.7	terminal uridylyltransferase 4 isoform X27 [Homo sapiens]	TRUE	Tut4
XP_015656841.1	XP_047272285.1	0	N/A	25.197	254	69	3.66e-07	54.7	terminal uridylyltransferase 4 isoform X7 [Homo sapiens]	TRUE	Tut4
XP_015656841.1	XP_047272286.1	0	N/A	25.197	254	69	3.7e-07	54.7	terminal uridylyltransferase 4 isoform X8 [Homo sapiens]	TRUE	Tut4
XP_015656841.1	XP_005270735.1	0	N/A	25.197	254	69	3.71e-07	54.7	terminal uridylyltransferase 4 isoform X2 [Homo sapiens]	TRUE	Tut4
XP_015656841.1	XP_047272345.1	0	N/A	25.197	254	69	3.71e-07	54.7	terminal uridylyltransferase 4 isoform X31 [Homo sapiens]	TRUE	Tut4
XP_015656841.1	XP_016856295.1	0	N/A	25.197	254	69	3.72e-07	54.7	terminal uridylyltransferase 4 isoform X25 [Homo sapiens]	TRUE	Tut4
XP_015656841.1	XP_005270739.1	0	N/A	25.197	254	69	3.84e-07	54.7	terminal uridylyltransferase 4 isoform X33 [Homo sapiens]	TRUE	Tut4
XP_015656841.1	XP_047272384.1	0	N/A	25.197	254	69	3.89e-07	54.7	terminal uridylyltransferase 4 isoform X46 [Homo sapiens]	TRUE	Tut4
XP_015656841.1	XP_011539399.1	0	N/A	25.197	254	69	3.91e-07	54.7	terminal uridylyltransferase 4 isoform X1 [Homo sapiens]	TRUE	Tut4
XP_015656841.1	XP_005270733.1	0	N/A	25.197	254	69	3.91e-07	54.7	terminal uridylyltransferase 4 isoform X1 [Homo sapiens]	TRUE	Tut4
XP_015656841.1	XP_047272290.1	0	N/A	25.197	254	69	3.96e-07	54.7	terminal uridylyltransferase 4 isoform X11 [Homo sapiens]	TRUE	Tut4
XP_015656841.1	XP_047272280.1	0	N/A	25.197	254	69	4.04e-07	54.7	terminal uridylyltransferase 4 isoform X3 [Homo sapiens]	TRUE	Tut4
XP_015656841.1	XP_005270736.1	0	N/A	25.197	254	69	4.04e-07	54.7	terminal uridylyltransferase 4 isoform X3 [Homo sapiens]	TRUE	Tut4
XP_015656841.1	XP_047272372.1	0	N/A	25.197	254	69	4.1e-07	54.7	terminal uridylyltransferase 4 isoform X42 [Homo sapiens]	TRUE	Tut4
XP_015656841.1	XP_016856297.1	0	N/A	25.197	254	69	4.11e-07	54.7	terminal uridylyltransferase 4 isoform X36 [Homo sapiens]	TRUE	Tut4
XP_015656841.1	XP_016856292.1	0	N/A	25.197	254	69	4.18e-07	54.7	terminal uridylyltransferase 4 isoform X9 [Homo sapiens]	TRUE	Tut4
XP_015656841.1	XP_047272365.1	0	N/A	25.197	254	69	4.26e-07	54.7	terminal uridylyltransferase 4 isoform X38 [Homo sapiens]	TRUE	Tut4
XP_015656841.1	XP_047272282.1	0	N/A	25.197	254	69	4.26e-07	54.7	terminal uridylyltransferase 4 isoform X5 [Homo sapiens]	TRUE	Tut4
XP_015656841.1	NP_056084.1	0	N/A	25.197	254	69	4.26e-07	54.7	terminal uridylyltransferase 4 isoform b [Homo sapiens]	TRUE	Tut4
XP_015656841.1	XP_047272281.1	0	N/A	25.197	254	69	4.34e-07	54.7	terminal uridylyltransferase 4 isoform X4 [Homo sapiens]	TRUE	Tut4
XP_015656841.1	NP_001009881.1	0	N/A	25.197	254	69	4.34e-07	54.7	terminal uridylyltransferase 4 isoform a [Homo sapiens]	TRUE	Tut4
XP_015661360.1	XP_047272805.1	0	N/A	28.667	150	14	6.68e-10	65.5	poly(A) RNA polymerase GLD2 isoform X2 [Homo sapiens]	TRUE	TENT2
XP_015661360.1	XP_047272804.1	0	N/A	28.667	150	14	6.68e-10	65.5	poly(A) RNA polymerase GLD2 isoform X2 [Homo sapiens]	TRUE	TENT2
XP_015661360.1	XP_047272803.1	0	N/A	28.667	150	14	6.68e-10	65.5	poly(A) RNA polymerase GLD2 isoform X2 [Homo sapiens]	TRUE	TENT2
XP_015661360.1	XP_047272802.1	0	N/A	28.667	150	14	6.68e-10	65.5	poly(A) RNA polymerase GLD2 isoform X2 [Homo sapiens]	TRUE	TENT2
XP_015661360.1	XP_016864641.1	0	N/A	28.667	150	14	6.68e-10	65.5	poly(A) RNA polymerase GLD2 isoform X2 [Homo sapiens]	TRUE	TENT2
XP_015661360.1	NP_001375026.1	0	N/A	28.667	150	14	6.68e-10	65.5	poly(A) RNA polymerase GLD2 isoform 6 [Homo sapiens]	TRUE	TENT2
XP_015661360.1	NP_001375025.1	0	N/A	28.667	150	14	6.68e-10	65.5	poly(A) RNA polymerase GLD2 isoform 6 [Homo sapiens]	TRUE	TENT2
XP_015661360.1	NP_001375024.1	0	N/A	28.667	150	14	6.68e-10	65.5	poly(A) RNA polymerase GLD2 isoform 6 [Homo sapiens]	TRUE	TENT2
XP_015661360.1	NP_001336480.1	0	N/A	28.667	150	14	6.68e-10	65.5	poly(A) RNA polymerase GLD2 isoform 6 [Homo sapiens]	TRUE	TENT2
XP_015661360.1	NP_001375027.1	0	N/A	28.667	150	14	6.78e-10	65.5	poly(A) RNA polymerase GLD2 isoform 7 [Homo sapiens]	TRUE	TENT2
XP_015661360.1	NP_001375065.1	0	N/A	28.667	150	14	7.1e-10	64.7	poly(A) RNA polymerase GLD2 isoform 14 [Homo sapiens]	TRUE	TENT2
XP_015661360.1	XP_047272811.1	0	N/A	28.667	150	14	7.36e-10	65.1	poly(A) RNA polymerase GLD2 isoform X4 [Homo sapiens]	TRUE	TENT2
XP_015661360.1	XP_047272810.1	0	N/A	28.667	150	14	7.36e-10	65.1	poly(A) RNA polymerase GLD2 isoform X4 [Homo sapiens]	TRUE	TENT2
XP_015661360.1	XP_047272809.1	0	N/A	28.667	150	14	7.36e-10	65.1	poly(A) RNA polymerase GLD2 isoform X4 [Homo sapiens]	TRUE	TENT2
XP_015661360.1	NP_001375058.1	0	N/A	28.667	150	14	7.36e-10	65.1	poly(A) RNA polymerase GLD2 isoform 2 [Homo sapiens]	TRUE	TENT2
XP_015661360.1	NP_001375057.1	0	N/A	28.667	150	14	7.36e-10	65.1	poly(A) RNA polymerase GLD2 isoform 2 [Homo sapiens]	TRUE	TENT2
XP_015661360.1	NP_001375056.1	0	N/A	28.667	150	14	7.36e-10	65.1	poly(A) RNA polymerase GLD2 isoform 2 [Homo sapiens]	TRUE	TENT2
XP_015661360.1	NP_001375055.1	0	N/A	28.667	150	14	7.36e-10	65.1	poly(A) RNA polymerase GLD2 isoform 2 [Homo sapiens]	TRUE	TENT2
XP_015661360.1	NP_001375054.1	0	N/A	28.667	150	14	7.36e-10	65.1	poly(A) RNA polymerase GLD2 isoform 2 [Homo sapiens]	TRUE	TENT2
XP_015661360.1	NP_001375053.1	0	N/A	28.667	150	14	7.36e-10	65.1	poly(A) RNA polymerase GLD2 isoform 2 [Homo sapiens]	TRUE	TENT2
XP_015661360.1	NP_001375052.1	0	N/A	28.667	150	14	7.36e-10	65.1	poly(A) RNA polymerase GLD2 isoform 2 [Homo sapiens]	TRUE	TENT2
XP_015661360.1	NP_001375051.1	0	N/A	28.667	150	14	7.36e-10	65.1	poly(A) RNA polymerase GLD2 isoform 2 [Homo sapiens]	TRUE	TENT2
XP_015661360.1	NP_001375050.1	0	N/A	28.667	150	14	7.36e-10	65.1	poly(A) RNA polymerase GLD2 isoform 2 [Homo sapiens]	TRUE	TENT2
XP_015661360.1	NP_001375049.1	0	N/A	28.667	150	14	7.36e-10	65.1	poly(A) RNA polymerase GLD2 isoform 2 [Homo sapiens]	TRUE	TENT2
XP_015661360.1	NP_001375048.1	0	N/A	28.667	150	14	7.36e-10	65.1	poly(A) RNA polymerase GLD2 isoform 2 [Homo sapiens]	TRUE	TENT2
XP_015661360.1	NP_001375047.1	0	N/A	28.667	150	14	7.36e-10	65.1	poly(A) RNA polymerase GLD2 isoform 2 [Homo sapiens]	TRUE	TENT2
XP_015661360.1	NP_001375046.1	0	N/A	28.667	150	14	7.36e-10	65.1	poly(A) RNA polymerase GLD2 isoform 2 [Homo sapiens]	TRUE	TENT2
XP_015661360.1	NP_001375045.1	0	N/A	28.667	150	14	7.36e-10	65.1	poly(A) RNA polymerase GLD2 isoform 2 [Homo sapiens]	TRUE	TENT2
XP_015661360.1	NP_001375044.1	0	N/A	28.667	150	14	7.36e-10	65.1	poly(A) RNA polymerase GLD2 isoform 2 [Homo sapiens]	TRUE	TENT2
XP_015661360.1	NP_001375043.1	0	N/A	28.667	150	14	7.36e-10	65.1	poly(A) RNA polymerase GLD2 isoform 2 [Homo sapiens]	TRUE	TENT2
XP_015661360.1	NP_001336483.1	0	N/A	28.667	150	14	7.36e-10	65.1	poly(A) RNA polymerase GLD2 isoform 2 [Homo sapiens]	TRUE	TENT2
XP_015661360.1	NP_001284673.1	0	N/A	28.667	150	14	7.36e-10	65.1	poly(A) RNA polymerase GLD2 isoform 2 [Homo sapiens]	TRUE	TENT2
XP_015661360.1	NP_001375059.1	0	N/A	28.667	150	14	7.4e-10	65.1	poly(A) RNA polymerase GLD2 isoform 10 [Homo sapiens]	TRUE	TENT2
XP_015661360.1	XP_047272801.1	0	N/A	28.667	150	14	8.51e-10	65.1	poly(A) RNA polymerase GLD2 isoform X1 [Homo sapiens]	TRUE	TENT2
XP_015661360.1	XP_047272800.1	0	N/A	28.667	150	14	8.51e-10	65.1	poly(A) RNA polymerase GLD2 isoform X1 [Homo sapiens]	TRUE	TENT2
XP_015661360.1	XP_011541527.1	0	N/A	28.667	150	14	8.51e-10	65.1	poly(A) RNA polymerase GLD2 isoform X1 [Homo sapiens]	TRUE	TENT2
XP_015661360.1	XP_011541526.1	0	N/A	28.667	150	14	8.51e-10	65.1	poly(A) RNA polymerase GLD2 isoform X1 [Homo sapiens]	TRUE	TENT2
XP_015661360.1	XP_011541523.1	0	N/A	28.667	150	14	8.51e-10	65.1	poly(A) RNA polymerase GLD2 isoform X1 [Homo sapiens]	TRUE	TENT2
XP_015661360.1	XP_011541522.1	0	N/A	28.667	150	14	8.51e-10	65.1	poly(A) RNA polymerase GLD2 isoform X1 [Homo sapiens]	TRUE	TENT2
XP_015661360.1	NP_001375023.1	0	N/A	28.667	150	14	8.51e-10	65.1	poly(A) RNA polymerase GLD2 isoform 5 [Homo sapiens]	TRUE	TENT2
XP_015661360.1	NP_001375022.1	0	N/A	28.667	150	14	8.51e-10	65.1	poly(A) RNA polymerase GLD2 isoform 5 [Homo sapiens]	TRUE	TENT2
XP_015661360.1	NP_001336479.1	0	N/A	28.667	150	14	8.51e-10	65.1	poly(A) RNA polymerase GLD2 isoform 5 [Homo sapiens]	TRUE	TENT2
XP_015661360.1	NP_001336478.1	0	N/A	28.667	150	14	8.51e-10	65.1	poly(A) RNA polymerase GLD2 isoform 5 [Homo sapiens]	TRUE	TENT2
XP_015661360.1	NP_001375061.1	0	N/A	28.667	150	14	8.63e-10	65.1	poly(A) RNA polymerase GLD2 isoform 12 [Homo sapiens]	TRUE	TENT2
XP_015661360.1	XP_047272808.1	0	N/A	28.667	150	14	9.81e-10	64.7	poly(A) RNA polymerase GLD2 isoform X3 [Homo sapiens]	TRUE	TENT2
XP_015661360.1	XP_047272807.1	0	N/A	28.667	150	14	9.81e-10	64.7	poly(A) RNA polymerase GLD2 isoform X3 [Homo sapiens]	TRUE	TENT2
XP_015661360.1	XP_047272806.1	0	N/A	28.667	150	14	9.81e-10	64.7	poly(A) RNA polymerase GLD2 isoform X3 [Homo sapiens]	TRUE	TENT2
XP_015661360.1	NP_776158.2	0	N/A	28.667	150	14	9.81e-10	64.7	poly(A) RNA polymerase GLD2 isoform 1 [Homo sapiens]	TRUE	TENT2
XP_015661360.1	NP_001375041.1	0	N/A	28.667	150	14	9.81e-10	64.7	poly(A) RNA polymerase GLD2 isoform 1 [Homo sapiens]	TRUE	TENT2
XP_015661360.1	NP_001375040.1	0	N/A	28.667	150	14	9.81e-10	64.7	poly(A) RNA polymerase GLD2 isoform 1 [Homo sapiens]	TRUE	TENT2
XP_015661360.1	NP_001375039.1	0	N/A	28.667	150	14	9.81e-10	64.7	poly(A) RNA polymerase GLD2 isoform 1 [Homo sapiens]	TRUE	TENT2
XP_015661360.1	NP_001375038.1	0	N/A	28.667	150	14	9.81e-10	64.7	poly(A) RNA polymerase GLD2 isoform 1 [Homo sapiens]	TRUE	TENT2
XP_015661360.1	NP_001375037.1	0	N/A	28.667	150	14	9.81e-10	64.7	poly(A) RNA polymerase GLD2 isoform 1 [Homo sapiens]	TRUE	TENT2
XP_015661360.1	NP_001375036.1	0	N/A	28.667	150	14	9.81e-10	64.7	poly(A) RNA polymerase GLD2 isoform 1 [Homo sapiens]	TRUE	TENT2
XP_015661360.1	NP_001375035.1	0	N/A	28.667	150	14	9.81e-10	64.7	poly(A) RNA polymerase GLD2 isoform 1 [Homo sapiens]	TRUE	TENT2
XP_015661360.1	NP_001375034.1	0	N/A	28.667	150	14	9.81e-10	64.7	poly(A) RNA polymerase GLD2 isoform 1 [Homo sapiens]	TRUE	TENT2
XP_015661360.1	NP_001375032.1	0	N/A	28.667	150	14	9.81e-10	64.7	poly(A) RNA polymerase GLD2 isoform 1 [Homo sapiens]	TRUE	TENT2
XP_015661360.1	NP_001375031.1	0	N/A	28.667	150	14	9.81e-10	64.7	poly(A) RNA polymerase GLD2 isoform 1 [Homo sapiens]	TRUE	TENT2
XP_015661360.1	NP_001336482.1	0	N/A	28.667	150	14	9.81e-10	64.7	poly(A) RNA polymerase GLD2 isoform 1 [Homo sapiens]	TRUE	TENT2
XP_015661360.1	NP_001336481.1	0	N/A	28.667	150	14	9.81e-10	64.7	poly(A) RNA polymerase GLD2 isoform 1 [Homo sapiens]	TRUE	TENT2
XP_015661360.1	NP_001107866.1	0	N/A	28.667	150	14	9.81e-10	64.7	poly(A) RNA polymerase GLD2 isoform 1 [Homo sapiens]	TRUE	TENT2
XP_015661360.1	NP_001107865.1	0	N/A	28.667	150	14	9.81e-10	64.7	poly(A) RNA polymerase GLD2 isoform 1 [Homo sapiens]	TRUE	TENT2
XP_015661360.1	NP_001375042.1	0	N/A	28.667	150	14	1.04e-09	64.7	poly(A) RNA polymerase GLD2 isoform 16 [Homo sapiens]	TRUE	TENT2
XP_015661360.1	NP_001375030.1	0	N/A	28.667	150	14	1.09e-09	64.7	poly(A) RNA polymerase GLD2 isoform 9 [Homo sapiens]	TRUE	TENT2
XP_015661360.1	NP_001375060.1	0	N/A	28.667	150	14	1.09e-09	64.7	poly(A) RNA polymerase GLD2 isoform 11 [Homo sapiens]	TRUE	TENT2
XP_015661360.1	NP_001375029.1	0	N/A	28.667	150	14	1.26e-09	64.7	poly(A) RNA polymerase GLD2 isoform 8 [Homo sapiens]	TRUE	TENT2
XP_015661360.1	NP_001375028.1	0	N/A	28.667	150	14	1.26e-09	64.7	poly(A) RNA polymerase GLD2 isoform 8 [Homo sapiens]	TRUE	TENT2
XP_015661360.1	XP_047272820.1	0	N/A	28.667	150	14	3.72e-09	61.2	poly(A) RNA polymerase GLD2 isoform X11 [Homo sapiens]	TRUE	TENT2
XP_015661360.1	NP_001336477.1	0	N/A	28.667	150	14	3.99e-09	61.2	poly(A) RNA polymerase GLD2 isoform 4 [Homo sapiens]	TRUE	TENT2
XP_015661360.1	NP_001375066.1	0	N/A	29.452	146	14	5.37e-09	61.2	poly(A) RNA polymerase GLD2 isoform 15 [Homo sapiens]	TRUE	TENT2
XP_015661360.1	NP_001317647.1	0	N/A	27.143	140	13	3.62e-05	50.4	terminal uridylyltransferase 7 isoform 3 [Homo sapiens]	TRUE	Tut7
XP_015661360.1	XP_016870620.1	0	N/A	27.143	140	13	4.84e-05	50.4	terminal uridylyltransferase 7 isoform X4 [Homo sapiens]	TRUE	Tut7
XP_015661360.1	XP_016870619.1	0	N/A	27.143	140	13	4.84e-05	50.4	terminal uridylyltransferase 7 isoform X4 [Homo sapiens]	TRUE	Tut7
XP_015661360.1	NP_078893.2	0	N/A	27.143	140	13	4.84e-05	50.4	terminal uridylyltransferase 7 isoform 1 [Homo sapiens]	TRUE	Tut7
XP_015661360.1	NP_001171988.1	0	N/A	27.143	140	13	4.84e-05	50.4	terminal uridylyltransferase 7 isoform 1 [Homo sapiens]	TRUE	Tut7
XP_015661360.1	XP_047279823.1	0	N/A	27.143	140	13	4.86e-05	50.4	terminal uridylyltransferase 7 isoform X2 [Homo sapiens]	TRUE	Tut7
XP_015661360.1	XP_006717346.1	0	N/A	27.143	140	13	4.86e-05	50.4	terminal uridylyltransferase 7 isoform X2 [Homo sapiens]	TRUE	Tut7
XP_015661360.1	XP_011517318.1	0	N/A	27.143	140	13	4.96e-05	50.4	terminal uridylyltransferase 7 isoform X5 [Homo sapiens]	TRUE	Tut7
XP_015661360.1	XP_011517317.1	0	N/A	27.143	140	13	5.02e-05	50.4	terminal uridylyltransferase 7 isoform X3 [Homo sapiens]	TRUE	Tut7
XP_015661360.1	XP_047279825.1	0	N/A	27.143	140	13	5.12e-05	50.1	terminal uridylyltransferase 7 isoform X6 [Homo sapiens]	TRUE	Tut7
XP_015661360.1	XP_047279824.1	0	N/A	27.143	140	13	5.12e-05	50.1	terminal uridylyltransferase 7 isoform X6 [Homo sapiens]	TRUE	Tut7
XP_015661360.1	XP_005252264.1	0	N/A	27.143	140	13	5.12e-05	50.1	terminal uridylyltransferase 7 isoform X6 [Homo sapiens]	TRUE	Tut7
XP_015661360.1	NP_001172003.1	0	N/A	27.143	140	13	5.2e-05	50.1	terminal uridylyltransferase 7 isoform 2 [Homo sapiens]	TRUE	Tut7
XP_015661360.1	XP_005252265.1	0	N/A	27.143	140	13	5.47e-05	50.1	terminal uridylyltransferase 7 isoform X7 [Homo sapiens]	TRUE	Tut7
XP_015661360.1	XP_011517316.1	0	N/A	27.143	140	13	5.66e-05	50.1	terminal uridylyltransferase 7 isoform X1 [Homo sapiens]	TRUE	Tut7
XP_015661360.1	XP_011517315.1	0	N/A	27.143	140	13	5.66e-05	50.1	terminal uridylyltransferase 7 isoform X1 [Homo sapiens]	TRUE	Tut7
XP_015661360.1	XP_011517314.1	0	N/A	27.143	140	13	5.66e-05	50.1	terminal uridylyltransferase 7 isoform X1 [Homo sapiens]	TRUE	Tut7
XP_015661360.1	XP_011517313.1	0	N/A	27.143	140	13	5.66e-05	50.1	terminal uridylyltransferase 7 isoform X1 [Homo sapiens]	TRUE	Tut7
XP_015661360.1	XP_047272365.1	0	N/A	27.972	143	12	9.15e-05	49.3	terminal uridylyltransferase 4 isoform X38 [Homo sapiens]	TRUE	Tut4
XP_015661360.1	XP_016856297.1	0	N/A	27.972	143	12	9.16e-05	49.3	terminal uridylyltransferase 4 isoform X36 [Homo sapiens]	TRUE	Tut4
XP_015661360.1	XP_016856293.1	0	N/A	27.972	143	12	9.3e-05	49.3	terminal uridylyltransferase 4 isoform X16 [Homo sapiens]	TRUE	Tut4
XP_015661360.1	XP_016856299.1	0	N/A	27.972	143	12	9.31e-05	49.3	terminal uridylyltransferase 4 isoform X40 [Homo sapiens]	TRUE	Tut4
XP_015661360.1	XP_047272283.1	0	N/A	27.972	143	12	9.64e-05	49.3	terminal uridylyltransferase 4 isoform X6 [Homo sapiens]	TRUE	Tut4
XP_015661360.1	XP_005270737.1	0	N/A	27.972	143	12	9.64e-05	49.3	terminal uridylyltransferase 4 isoform X6 [Homo sapiens]	TRUE	Tut4
XP_015661360.1	XP_047272372.1	0	N/A	27.972	143	12	9.77e-05	49.3	terminal uridylyltransferase 4 isoform X42 [Homo sapiens]	TRUE	Tut4
XP_015661360.1	XP_047272305.1	0	N/A	27.972	143	12	1e-04	49.3	terminal uridylyltransferase 4 isoform X17 [Homo sapiens]	TRUE	Tut4
XP_015661360.1	XP_047272288.1	0	N/A	27.972	143	12	1e-04	49.3	terminal uridylyltransferase 4 isoform X10 [Homo sapiens]	TRUE	Tut4
XP_015661360.1	XP_016856292.1	0	N/A	27.972	143	12	0.000102	49.3	terminal uridylyltransferase 4 isoform X9 [Homo sapiens]	TRUE	Tut4
XP_015661360.1	XP_005270739.1	0	N/A	27.972	143	12	0.000102	49.3	terminal uridylyltransferase 4 isoform X33 [Homo sapiens]	TRUE	Tut4
XP_015661360.1	XP_047272282.1	0	N/A	27.972	143	12	0.000103	49.3	terminal uridylyltransferase 4 isoform X5 [Homo sapiens]	TRUE	Tut4
XP_015663277.1	NP_001375066.1	0	N/A	24.419	258	69	1.81e-11	66.6	poly(A) RNA polymerase GLD2 isoform 15 [Homo sapiens]	TRUE	TENT2
XP_015663277.1	NP_001336477.1	0	N/A	24.434	221	59	1.83e-11	66.2	poly(A) RNA polymerase GLD2 isoform 4 [Homo sapiens]	TRUE	TENT2
XP_015663277.1	NP_001375065.1	0	N/A	23.507	268	72	3.05e-11	66.6	poly(A) RNA polymerase GLD2 isoform 14 [Homo sapiens]	TRUE	TENT2
XP_015663277.1	NP_001375059.1	0	N/A	23.507	268	72	6.32e-11	65.9	poly(A) RNA polymerase GLD2 isoform 10 [Homo sapiens]	TRUE	TENT2
XP_015663277.1	NP_001375061.1	0	N/A	23.507	268	72	6.66e-11	65.9	poly(A) RNA polymerase GLD2 isoform 12 [Homo sapiens]	TRUE	TENT2
XP_015663277.1	XP_047272811.1	0	N/A	23.507	268	72	6.74e-11	65.9	poly(A) RNA polymerase GLD2 isoform X4 [Homo sapiens]	TRUE	TENT2
XP_015663277.1	XP_047272810.1	0	N/A	23.507	268	72	6.74e-11	65.9	poly(A) RNA polymerase GLD2 isoform X4 [Homo sapiens]	TRUE	TENT2
XP_015663277.1	XP_047272809.1	0	N/A	23.507	268	72	6.74e-11	65.9	poly(A) RNA polymerase GLD2 isoform X4 [Homo sapiens]	TRUE	TENT2
XP_015663277.1	NP_001375058.1	0	N/A	23.507	268	72	6.74e-11	65.9	poly(A) RNA polymerase GLD2 isoform 2 [Homo sapiens]	TRUE	TENT2
XP_015663277.1	NP_001375057.1	0	N/A	23.507	268	72	6.74e-11	65.9	poly(A) RNA polymerase GLD2 isoform 2 [Homo sapiens]	TRUE	TENT2
XP_015663277.1	NP_001375056.1	0	N/A	23.507	268	72	6.74e-11	65.9	poly(A) RNA polymerase GLD2 isoform 2 [Homo sapiens]	TRUE	TENT2
XP_015663277.1	NP_001375055.1	0	N/A	23.507	268	72	6.74e-11	65.9	poly(A) RNA polymerase GLD2 isoform 2 [Homo sapiens]	TRUE	TENT2
XP_015663277.1	NP_001375054.1	0	N/A	23.507	268	72	6.74e-11	65.9	poly(A) RNA polymerase GLD2 isoform 2 [Homo sapiens]	TRUE	TENT2
XP_015663277.1	NP_001375053.1	0	N/A	23.507	268	72	6.74e-11	65.9	poly(A) RNA polymerase GLD2 isoform 2 [Homo sapiens]	TRUE	TENT2
XP_015663277.1	NP_001375052.1	0	N/A	23.507	268	72	6.74e-11	65.9	poly(A) RNA polymerase GLD2 isoform 2 [Homo sapiens]	TRUE	TENT2
XP_015663277.1	NP_001375051.1	0	N/A	23.507	268	72	6.74e-11	65.9	poly(A) RNA polymerase GLD2 isoform 2 [Homo sapiens]	TRUE	TENT2
XP_015663277.1	NP_001375050.1	0	N/A	23.507	268	72	6.74e-11	65.9	poly(A) RNA polymerase GLD2 isoform 2 [Homo sapiens]	TRUE	TENT2
XP_015663277.1	NP_001375049.1	0	N/A	23.507	268	72	6.74e-11	65.9	poly(A) RNA polymerase GLD2 isoform 2 [Homo sapiens]	TRUE	TENT2
XP_015663277.1	NP_001375048.1	0	N/A	23.507	268	72	6.74e-11	65.9	poly(A) RNA polymerase GLD2 isoform 2 [Homo sapiens]	TRUE	TENT2
XP_015663277.1	NP_001375047.1	0	N/A	23.507	268	72	6.74e-11	65.9	poly(A) RNA polymerase GLD2 isoform 2 [Homo sapiens]	TRUE	TENT2
XP_015663277.1	NP_001375046.1	0	N/A	23.507	268	72	6.74e-11	65.9	poly(A) RNA polymerase GLD2 isoform 2 [Homo sapiens]	TRUE	TENT2
XP_015663277.1	NP_001375045.1	0	N/A	23.507	268	72	6.74e-11	65.9	poly(A) RNA polymerase GLD2 isoform 2 [Homo sapiens]	TRUE	TENT2
XP_015663277.1	NP_001375044.1	0	N/A	23.507	268	72	6.74e-11	65.9	poly(A) RNA polymerase GLD2 isoform 2 [Homo sapiens]	TRUE	TENT2
XP_015663277.1	NP_001375043.1	0	N/A	23.507	268	72	6.74e-11	65.9	poly(A) RNA polymerase GLD2 isoform 2 [Homo sapiens]	TRUE	TENT2
XP_015663277.1	NP_001336483.1	0	N/A	23.507	268	72	6.74e-11	65.9	poly(A) RNA polymerase GLD2 isoform 2 [Homo sapiens]	TRUE	TENT2
XP_015663277.1	NP_001284673.1	0	N/A	23.507	268	72	6.74e-11	65.9	poly(A) RNA polymerase GLD2 isoform 2 [Homo sapiens]	TRUE	TENT2
XP_015663277.1	NP_001375042.1	0	N/A	24.434	221	59	7.41e-11	65.9	poly(A) RNA polymerase GLD2 isoform 16 [Homo sapiens]	TRUE	TENT2
XP_015663277.1	NP_001375030.1	0	N/A	23.507	268	72	7.43e-11	65.9	poly(A) RNA polymerase GLD2 isoform 9 [Homo sapiens]	TRUE	TENT2
XP_015663277.1	XP_047272820.1	0	N/A	24.623	199	53	7.89e-11	64.3	poly(A) RNA polymerase GLD2 isoform X11 [Homo sapiens]	TRUE	TENT2
XP_015663277.1	XP_047272808.1	0	N/A	24.434	221	59	7.98e-11	65.5	poly(A) RNA polymerase GLD2 isoform X3 [Homo sapiens]	TRUE	TENT2
XP_015663277.1	XP_047272807.1	0	N/A	24.434	221	59	7.98e-11	65.5	poly(A) RNA polymerase GLD2 isoform X3 [Homo sapiens]	TRUE	TENT2
XP_015663277.1	XP_047272806.1	0	N/A	24.434	221	59	7.98e-11	65.5	poly(A) RNA polymerase GLD2 isoform X3 [Homo sapiens]	TRUE	TENT2
XP_015663277.1	NP_776158.2	0	N/A	24.434	221	59	7.98e-11	65.5	poly(A) RNA polymerase GLD2 isoform 1 [Homo sapiens]	TRUE	TENT2
XP_015663277.1	NP_001375041.1	0	N/A	24.434	221	59	7.98e-11	65.5	poly(A) RNA polymerase GLD2 isoform 1 [Homo sapiens]	TRUE	TENT2
XP_015663277.1	NP_001375040.1	0	N/A	24.434	221	59	7.98e-11	65.5	poly(A) RNA polymerase GLD2 isoform 1 [Homo sapiens]	TRUE	TENT2
XP_015663277.1	NP_001375039.1	0	N/A	24.434	221	59	7.98e-11	65.5	poly(A) RNA polymerase GLD2 isoform 1 [Homo sapiens]	TRUE	TENT2
XP_015663277.1	NP_001375038.1	0	N/A	24.434	221	59	7.98e-11	65.5	poly(A) RNA polymerase GLD2 isoform 1 [Homo sapiens]	TRUE	TENT2
XP_015663277.1	NP_001375037.1	0	N/A	24.434	221	59	7.98e-11	65.5	poly(A) RNA polymerase GLD2 isoform 1 [Homo sapiens]	TRUE	TENT2
XP_015663277.1	NP_001375036.1	0	N/A	24.434	221	59	7.98e-11	65.5	poly(A) RNA polymerase GLD2 isoform 1 [Homo sapiens]	TRUE	TENT2
XP_015663277.1	NP_001375035.1	0	N/A	24.434	221	59	7.98e-11	65.5	poly(A) RNA polymerase GLD2 isoform 1 [Homo sapiens]	TRUE	TENT2
XP_015663277.1	NP_001375034.1	0	N/A	24.434	221	59	7.98e-11	65.5	poly(A) RNA polymerase GLD2 isoform 1 [Homo sapiens]	TRUE	TENT2
XP_015663277.1	NP_001375032.1	0	N/A	24.434	221	59	7.98e-11	65.5	poly(A) RNA polymerase GLD2 isoform 1 [Homo sapiens]	TRUE	TENT2
XP_015663277.1	NP_001375031.1	0	N/A	24.434	221	59	7.98e-11	65.5	poly(A) RNA polymerase GLD2 isoform 1 [Homo sapiens]	TRUE	TENT2
XP_015663277.1	NP_001336482.1	0	N/A	24.434	221	59	7.98e-11	65.5	poly(A) RNA polymerase GLD2 isoform 1 [Homo sapiens]	TRUE	TENT2
XP_015663277.1	NP_001336481.1	0	N/A	24.434	221	59	7.98e-11	65.5	poly(A) RNA polymerase GLD2 isoform 1 [Homo sapiens]	TRUE	TENT2
XP_015663277.1	NP_001107866.1	0	N/A	24.434	221	59	7.98e-11	65.5	poly(A) RNA polymerase GLD2 isoform 1 [Homo sapiens]	TRUE	TENT2
XP_015663277.1	NP_001107865.1	0	N/A	24.434	221	59	7.98e-11	65.5	poly(A) RNA polymerase GLD2 isoform 1 [Homo sapiens]	TRUE	TENT2
XP_015663277.1	NP_001375029.1	0	N/A	24.434	221	59	8.87e-11	65.5	poly(A) RNA polymerase GLD2 isoform 8 [Homo sapiens]	TRUE	TENT2
XP_015663277.1	NP_001375028.1	0	N/A	24.434	221	59	8.87e-11	65.5	poly(A) RNA polymerase GLD2 isoform 8 [Homo sapiens]	TRUE	TENT2
XP_015663277.1	NP_001375060.1	0	N/A	24.434	221	59	8.89e-11	65.5	poly(A) RNA polymerase GLD2 isoform 11 [Homo sapiens]	TRUE	TENT2
XP_015663277.1	NP_001375027.1	0	N/A	24.623	199	53	4.01e-10	63.5	poly(A) RNA polymerase GLD2 isoform 7 [Homo sapiens]	TRUE	TENT2
XP_015663277.1	XP_047272805.1	0	N/A	24.623	199	53	4.2e-10	63.5	poly(A) RNA polymerase GLD2 isoform X2 [Homo sapiens]	TRUE	TENT2
XP_015663277.1	XP_047272804.1	0	N/A	24.623	199	53	4.2e-10	63.5	poly(A) RNA polymerase GLD2 isoform X2 [Homo sapiens]	TRUE	TENT2
XP_015663277.1	XP_047272803.1	0	N/A	24.623	199	53	4.2e-10	63.5	poly(A) RNA polymerase GLD2 isoform X2 [Homo sapiens]	TRUE	TENT2
XP_015663277.1	XP_047272802.1	0	N/A	24.623	199	53	4.2e-10	63.5	poly(A) RNA polymerase GLD2 isoform X2 [Homo sapiens]	TRUE	TENT2
XP_015663277.1	XP_016864641.1	0	N/A	24.623	199	53	4.2e-10	63.5	poly(A) RNA polymerase GLD2 isoform X2 [Homo sapiens]	TRUE	TENT2
XP_015663277.1	NP_001375026.1	0	N/A	24.623	199	53	4.2e-10	63.5	poly(A) RNA polymerase GLD2 isoform 6 [Homo sapiens]	TRUE	TENT2
XP_015663277.1	NP_001375025.1	0	N/A	24.623	199	53	4.2e-10	63.5	poly(A) RNA polymerase GLD2 isoform 6 [Homo sapiens]	TRUE	TENT2
XP_015663277.1	NP_001375024.1	0	N/A	24.623	199	53	4.2e-10	63.5	poly(A) RNA polymerase GLD2 isoform 6 [Homo sapiens]	TRUE	TENT2
XP_015663277.1	NP_001336480.1	0	N/A	24.623	199	53	4.2e-10	63.5	poly(A) RNA polymerase GLD2 isoform 6 [Homo sapiens]	TRUE	TENT2
XP_015663277.1	XP_047272801.1	0	N/A	24.623	199	53	5.1e-10	63.2	poly(A) RNA polymerase GLD2 isoform X1 [Homo sapiens]	TRUE	TENT2
XP_015663277.1	XP_047272800.1	0	N/A	24.623	199	53	5.1e-10	63.2	poly(A) RNA polymerase GLD2 isoform X1 [Homo sapiens]	TRUE	TENT2
XP_015663277.1	XP_011541527.1	0	N/A	24.623	199	53	5.1e-10	63.2	poly(A) RNA polymerase GLD2 isoform X1 [Homo sapiens]	TRUE	TENT2
XP_015663277.1	XP_011541526.1	0	N/A	24.623	199	53	5.1e-10	63.2	poly(A) RNA polymerase GLD2 isoform X1 [Homo sapiens]	TRUE	TENT2
XP_015663277.1	XP_011541523.1	0	N/A	24.623	199	53	5.1e-10	63.2	poly(A) RNA polymerase GLD2 isoform X1 [Homo sapiens]	TRUE	TENT2
XP_015663277.1	XP_011541522.1	0	N/A	24.623	199	53	5.1e-10	63.2	poly(A) RNA polymerase GLD2 isoform X1 [Homo sapiens]	TRUE	TENT2
XP_015663277.1	NP_001375023.1	0	N/A	24.623	199	53	5.1e-10	63.2	poly(A) RNA polymerase GLD2 isoform 5 [Homo sapiens]	TRUE	TENT2
XP_015663277.1	NP_001375022.1	0	N/A	24.623	199	53	5.1e-10	63.2	poly(A) RNA polymerase GLD2 isoform 5 [Homo sapiens]	TRUE	TENT2
XP_015663277.1	NP_001336479.1	0	N/A	24.623	199	53	5.1e-10	63.2	poly(A) RNA polymerase GLD2 isoform 5 [Homo sapiens]	TRUE	TENT2
XP_015663277.1	NP_001336478.1	0	N/A	24.623	199	53	5.1e-10	63.2	poly(A) RNA polymerase GLD2 isoform 5 [Homo sapiens]	TRUE	TENT2
XP_015663277.1	XP_005252265.1	0	N/A	23.958	288	75	6.76e-08	57	terminal uridylyltransferase 7 isoform X7 [Homo sapiens]	TRUE	Tut7
XP_015663277.1	XP_011517316.1	0	N/A	23.958	288	75	8.06e-08	57	terminal uridylyltransferase 7 isoform X1 [Homo sapiens]	TRUE	Tut7
XP_015663277.1	XP_011517315.1	0	N/A	23.958	288	75	8.06e-08	57	terminal uridylyltransferase 7 isoform X1 [Homo sapiens]	TRUE	Tut7
XP_015663277.1	XP_011517314.1	0	N/A	23.958	288	75	8.06e-08	57	terminal uridylyltransferase 7 isoform X1 [Homo sapiens]	TRUE	Tut7
XP_015663277.1	XP_011517313.1	0	N/A	23.958	288	75	8.06e-08	57	terminal uridylyltransferase 7 isoform X1 [Homo sapiens]	TRUE	Tut7
XP_015663277.1	XP_016870620.1	0	N/A	23.958	288	75	9.4e-08	56.6	terminal uridylyltransferase 7 isoform X4 [Homo sapiens]	TRUE	Tut7
XP_015663277.1	XP_016870619.1	0	N/A	23.958	288	75	9.4e-08	56.6	terminal uridylyltransferase 7 isoform X4 [Homo sapiens]	TRUE	Tut7
XP_015663277.1	NP_078893.2	0	N/A	23.958	288	75	9.4e-08	56.6	terminal uridylyltransferase 7 isoform 1 [Homo sapiens]	TRUE	Tut7
XP_015663277.1	NP_001171988.1	0	N/A	23.958	288	75	9.4e-08	56.6	terminal uridylyltransferase 7 isoform 1 [Homo sapiens]	TRUE	Tut7
XP_015663277.1	XP_011517317.1	0	N/A	23.958	288	75	9.43e-08	56.6	terminal uridylyltransferase 7 isoform X3 [Homo sapiens]	TRUE	Tut7
XP_015663277.1	XP_047279823.1	0	N/A	23.958	288	75	9.52e-08	56.6	terminal uridylyltransferase 7 isoform X2 [Homo sapiens]	TRUE	Tut7
XP_015663277.1	XP_006717346.1	0	N/A	23.958	288	75	9.52e-08	56.6	terminal uridylyltransferase 7 isoform X2 [Homo sapiens]	TRUE	Tut7
XP_015663277.1	XP_047279825.1	0	N/A	23.958	288	75	9.72e-08	56.6	terminal uridylyltransferase 7 isoform X6 [Homo sapiens]	TRUE	Tut7
XP_015663277.1	XP_047279824.1	0	N/A	23.958	288	75	9.72e-08	56.6	terminal uridylyltransferase 7 isoform X6 [Homo sapiens]	TRUE	Tut7
XP_015663277.1	XP_005252264.1	0	N/A	23.958	288	75	9.72e-08	56.6	terminal uridylyltransferase 7 isoform X6 [Homo sapiens]	TRUE	Tut7
XP_015663277.1	XP_011517318.1	0	N/A	23.958	288	75	1.08e-07	56.6	terminal uridylyltransferase 7 isoform X5 [Homo sapiens]	TRUE	Tut7
XP_015663277.1	NP_001317647.1	0	N/A	23.958	288	75	1.13e-07	56.2	terminal uridylyltransferase 7 isoform 3 [Homo sapiens]	TRUE	Tut7
XP_015663277.1	XP_047272296.1	0	N/A	23.734	316	83	8.21e-07	53.5	terminal uridylyltransferase 4 isoform X13 [Homo sapiens]	TRUE	Tut4
XP_015663277.1	XP_047272344.1	0	N/A	23.734	316	83	8.46e-07	53.5	terminal uridylyltransferase 4 isoform X30 [Homo sapiens]	TRUE	Tut4
XP_015663277.1	XP_047272350.1	0	N/A	23.734	316	83	8.6e-07	53.5	terminal uridylyltransferase 4 isoform X34 [Homo sapiens]	TRUE	Tut4
XP_015663277.1	XP_047272372.1	0	N/A	23.734	316	83	8.72e-07	53.5	terminal uridylyltransferase 4 isoform X42 [Homo sapiens]	TRUE	Tut4
XP_015663277.1	XP_047272295.1	0	N/A	23.734	316	83	8.88e-07	53.5	terminal uridylyltransferase 4 isoform X12 [Homo sapiens]	TRUE	Tut4
XP_015663277.1	XP_047272290.1	0	N/A	23.734	316	83	9.04e-07	53.5	terminal uridylyltransferase 4 isoform X11 [Homo sapiens]	TRUE	Tut4
XP_015663277.1	XP_047272286.1	0	N/A	24.606	317	83	9.05e-07	53.5	terminal uridylyltransferase 4 isoform X8 [Homo sapiens]	TRUE	Tut4
XP_015663277.1	XP_047272305.1	0	N/A	23.734	316	83	9.7e-07	53.5	terminal uridylyltransferase 4 isoform X17 [Homo sapiens]	TRUE	Tut4
XP_015663277.1	NP_060579.3	0	N/A	23.894	226	61	1.1e-06	52.8	poly(A) RNA polymerase, mitochondrial precursor [Homo sapiens]	TRUE	mtPAP
XP_015663277.1	XP_047272818.1	0	N/A	29.245	106	30	1.18e-06	52.4	poly(A) RNA polymerase GLD2 isoform X10 [Homo sapiens]	TRUE	TENT2
XP_015663277.1	XP_016856295.1	0	N/A	24.895	237	62	1.55e-06	52.8	terminal uridylyltransferase 4 isoform X25 [Homo sapiens]	TRUE	Tut4
XP_015663277.1	XP_047272325.1	0	N/A	24.895	237	62	1.58e-06	52.8	terminal uridylyltransferase 4 isoform X23 [Homo sapiens]	TRUE	Tut4
XP_015663277.1	XP_047272365.1	0	N/A	24.895	237	62	1.75e-06	52.8	terminal uridylyltransferase 4 isoform X38 [Homo sapiens]	TRUE	Tut4
XP_015663902.1	NP_001336477.1	0	N/A	27.66	141	25	6.16e-07	53.5	poly(A) RNA polymerase GLD2 isoform 4 [Homo sapiens]	TRUE	TENT2
XP_015663902.1	XP_047272820.1	0	N/A	23.529	204	35	6.9e-07	53.1	poly(A) RNA polymerase GLD2 isoform X11 [Homo sapiens]	TRUE	TENT2
XP_015663902.1	NP_001375066.1	0	N/A	27.66	141	25	9.84e-07	53.1	poly(A) RNA polymerase GLD2 isoform 15 [Homo sapiens]	TRUE	TENT2
XP_015663902.1	NP_001375065.1	0	N/A	27.66	141	25	1.18e-06	53.5	poly(A) RNA polymerase GLD2 isoform 14 [Homo sapiens]	TRUE	TENT2
XP_015663902.1	NP_001375061.1	0	N/A	27.66	141	25	1.29e-06	53.5	poly(A) RNA polymerase GLD2 isoform 12 [Homo sapiens]	TRUE	TENT2
XP_015663902.1	NP_001375059.1	0	N/A	27.66	141	25	1.38e-06	53.5	poly(A) RNA polymerase GLD2 isoform 10 [Homo sapiens]	TRUE	TENT2
XP_015663902.1	XP_047272811.1	0	N/A	27.66	141	25	1.4e-06	53.5	poly(A) RNA polymerase GLD2 isoform X4 [Homo sapiens]	TRUE	TENT2
XP_015663902.1	XP_047272810.1	0	N/A	27.66	141	25	1.4e-06	53.5	poly(A) RNA polymerase GLD2 isoform X4 [Homo sapiens]	TRUE	TENT2
XP_015663902.1	XP_047272809.1	0	N/A	27.66	141	25	1.4e-06	53.5	poly(A) RNA polymerase GLD2 isoform X4 [Homo sapiens]	TRUE	TENT2
XP_015663902.1	NP_001375058.1	0	N/A	27.66	141	25	1.4e-06	53.5	poly(A) RNA polymerase GLD2 isoform 2 [Homo sapiens]	TRUE	TENT2
XP_015663902.1	NP_001375057.1	0	N/A	27.66	141	25	1.4e-06	53.5	poly(A) RNA polymerase GLD2 isoform 2 [Homo sapiens]	TRUE	TENT2
XP_015663902.1	NP_001375056.1	0	N/A	27.66	141	25	1.4e-06	53.5	poly(A) RNA polymerase GLD2 isoform 2 [Homo sapiens]	TRUE	TENT2
XP_015663902.1	NP_001375055.1	0	N/A	27.66	141	25	1.4e-06	53.5	poly(A) RNA polymerase GLD2 isoform 2 [Homo sapiens]	TRUE	TENT2
XP_015663902.1	NP_001375054.1	0	N/A	27.66	141	25	1.4e-06	53.5	poly(A) RNA polymerase GLD2 isoform 2 [Homo sapiens]	TRUE	TENT2
XP_015663902.1	NP_001375053.1	0	N/A	27.66	141	25	1.4e-06	53.5	poly(A) RNA polymerase GLD2 isoform 2 [Homo sapiens]	TRUE	TENT2
XP_015663902.1	NP_001375052.1	0	N/A	27.66	141	25	1.4e-06	53.5	poly(A) RNA polymerase GLD2 isoform 2 [Homo sapiens]	TRUE	TENT2
XP_015663902.1	NP_001375051.1	0	N/A	27.66	141	25	1.4e-06	53.5	poly(A) RNA polymerase GLD2 isoform 2 [Homo sapiens]	TRUE	TENT2
XP_015663902.1	NP_001375050.1	0	N/A	27.66	141	25	1.4e-06	53.5	poly(A) RNA polymerase GLD2 isoform 2 [Homo sapiens]	TRUE	TENT2
XP_015663902.1	NP_001375049.1	0	N/A	27.66	141	25	1.4e-06	53.5	poly(A) RNA polymerase GLD2 isoform 2 [Homo sapiens]	TRUE	TENT2
XP_015663902.1	NP_001375048.1	0	N/A	27.66	141	25	1.4e-06	53.5	poly(A) RNA polymerase GLD2 isoform 2 [Homo sapiens]	TRUE	TENT2
XP_015663902.1	NP_001375047.1	0	N/A	27.66	141	25	1.4e-06	53.5	poly(A) RNA polymerase GLD2 isoform 2 [Homo sapiens]	TRUE	TENT2
XP_015663902.1	NP_001375046.1	0	N/A	27.66	141	25	1.4e-06	53.5	poly(A) RNA polymerase GLD2 isoform 2 [Homo sapiens]	TRUE	TENT2
XP_015663902.1	NP_001375045.1	0	N/A	27.66	141	25	1.4e-06	53.5	poly(A) RNA polymerase GLD2 isoform 2 [Homo sapiens]	TRUE	TENT2
XP_015663902.1	NP_001375044.1	0	N/A	27.66	141	25	1.4e-06	53.5	poly(A) RNA polymerase GLD2 isoform 2 [Homo sapiens]	TRUE	TENT2
XP_015663902.1	NP_001375043.1	0	N/A	27.66	141	25	1.4e-06	53.5	poly(A) RNA polymerase GLD2 isoform 2 [Homo sapiens]	TRUE	TENT2
XP_015663902.1	NP_001336483.1	0	N/A	27.66	141	25	1.4e-06	53.5	poly(A) RNA polymerase GLD2 isoform 2 [Homo sapiens]	TRUE	TENT2
XP_015663902.1	NP_001284673.1	0	N/A	27.66	141	25	1.4e-06	53.5	poly(A) RNA polymerase GLD2 isoform 2 [Homo sapiens]	TRUE	TENT2
XP_015663902.1	NP_001375027.1	0	N/A	27.66	141	25	1.41e-06	53.5	poly(A) RNA polymerase GLD2 isoform 7 [Homo sapiens]	TRUE	TENT2
XP_015663902.1	NP_001375060.1	0	N/A	27.66	141	25	1.43e-06	53.5	poly(A) RNA polymerase GLD2 isoform 11 [Homo sapiens]	TRUE	TENT2
XP_015663902.1	XP_047272808.1	0	N/A	27.66	141	25	1.44e-06	53.5	poly(A) RNA polymerase GLD2 isoform X3 [Homo sapiens]	TRUE	TENT2
XP_015663902.1	XP_047272807.1	0	N/A	27.66	141	25	1.44e-06	53.5	poly(A) RNA polymerase GLD2 isoform X3 [Homo sapiens]	TRUE	TENT2
XP_015663902.1	XP_047272806.1	0	N/A	27.66	141	25	1.44e-06	53.5	poly(A) RNA polymerase GLD2 isoform X3 [Homo sapiens]	TRUE	TENT2
XP_015663902.1	NP_776158.2	0	N/A	27.66	141	25	1.44e-06	53.5	poly(A) RNA polymerase GLD2 isoform 1 [Homo sapiens]	TRUE	TENT2
XP_015663902.1	NP_001375041.1	0	N/A	27.66	141	25	1.44e-06	53.5	poly(A) RNA polymerase GLD2 isoform 1 [Homo sapiens]	TRUE	TENT2
XP_015663902.1	NP_001375040.1	0	N/A	27.66	141	25	1.44e-06	53.5	poly(A) RNA polymerase GLD2 isoform 1 [Homo sapiens]	TRUE	TENT2
XP_015663902.1	NP_001375039.1	0	N/A	27.66	141	25	1.44e-06	53.5	poly(A) RNA polymerase GLD2 isoform 1 [Homo sapiens]	TRUE	TENT2
XP_015663902.1	NP_001375038.1	0	N/A	27.66	141	25	1.44e-06	53.5	poly(A) RNA polymerase GLD2 isoform 1 [Homo sapiens]	TRUE	TENT2
XP_015663902.1	NP_001375037.1	0	N/A	27.66	141	25	1.44e-06	53.5	poly(A) RNA polymerase GLD2 isoform 1 [Homo sapiens]	TRUE	TENT2
XP_015663902.1	NP_001375036.1	0	N/A	27.66	141	25	1.44e-06	53.5	poly(A) RNA polymerase GLD2 isoform 1 [Homo sapiens]	TRUE	TENT2
XP_015663902.1	NP_001375035.1	0	N/A	27.66	141	25	1.44e-06	53.5	poly(A) RNA polymerase GLD2 isoform 1 [Homo sapiens]	TRUE	TENT2
XP_015663902.1	NP_001375034.1	0	N/A	27.66	141	25	1.44e-06	53.5	poly(A) RNA polymerase GLD2 isoform 1 [Homo sapiens]	TRUE	TENT2
XP_015663902.1	NP_001375032.1	0	N/A	27.66	141	25	1.44e-06	53.5	poly(A) RNA polymerase GLD2 isoform 1 [Homo sapiens]	TRUE	TENT2
XP_015663902.1	NP_001375031.1	0	N/A	27.66	141	25	1.44e-06	53.5	poly(A) RNA polymerase GLD2 isoform 1 [Homo sapiens]	TRUE	TENT2
XP_015663902.1	NP_001336482.1	0	N/A	27.66	141	25	1.44e-06	53.5	poly(A) RNA polymerase GLD2 isoform 1 [Homo sapiens]	TRUE	TENT2
XP_015663902.1	NP_001336481.1	0	N/A	27.66	141	25	1.44e-06	53.5	poly(A) RNA polymerase GLD2 isoform 1 [Homo sapiens]	TRUE	TENT2
XP_015663902.1	NP_001107866.1	0	N/A	27.66	141	25	1.44e-06	53.5	poly(A) RNA polymerase GLD2 isoform 1 [Homo sapiens]	TRUE	TENT2
XP_015663902.1	NP_001107865.1	0	N/A	27.66	141	25	1.44e-06	53.5	poly(A) RNA polymerase GLD2 isoform 1 [Homo sapiens]	TRUE	TENT2
XP_015663902.1	XP_047272805.1	0	N/A	27.66	141	25	1.47e-06	53.5	poly(A) RNA polymerase GLD2 isoform X2 [Homo sapiens]	TRUE	TENT2
XP_015663902.1	XP_047272804.1	0	N/A	27.66	141	25	1.47e-06	53.5	poly(A) RNA polymerase GLD2 isoform X2 [Homo sapiens]	TRUE	TENT2
XP_015663902.1	XP_047272803.1	0	N/A	27.66	141	25	1.47e-06	53.5	poly(A) RNA polymerase GLD2 isoform X2 [Homo sapiens]	TRUE	TENT2
XP_015663902.1	XP_047272802.1	0	N/A	27.66	141	25	1.47e-06	53.5	poly(A) RNA polymerase GLD2 isoform X2 [Homo sapiens]	TRUE	TENT2
XP_015663902.1	XP_016864641.1	0	N/A	27.66	141	25	1.47e-06	53.5	poly(A) RNA polymerase GLD2 isoform X2 [Homo sapiens]	TRUE	TENT2
XP_015663902.1	NP_001375026.1	0	N/A	27.66	141	25	1.47e-06	53.5	poly(A) RNA polymerase GLD2 isoform 6 [Homo sapiens]	TRUE	TENT2
XP_015663902.1	NP_001375025.1	0	N/A	27.66	141	25	1.47e-06	53.5	poly(A) RNA polymerase GLD2 isoform 6 [Homo sapiens]	TRUE	TENT2
XP_015663902.1	NP_001375024.1	0	N/A	27.66	141	25	1.47e-06	53.5	poly(A) RNA polymerase GLD2 isoform 6 [Homo sapiens]	TRUE	TENT2
XP_015663902.1	NP_001336480.1	0	N/A	27.66	141	25	1.47e-06	53.5	poly(A) RNA polymerase GLD2 isoform 6 [Homo sapiens]	TRUE	TENT2
XP_015663902.1	NP_001375042.1	0	N/A	27.66	141	25	1.53e-06	53.5	poly(A) RNA polymerase GLD2 isoform 16 [Homo sapiens]	TRUE	TENT2
XP_015663902.1	NP_001375030.1	0	N/A	27.66	141	25	1.59e-06	53.1	poly(A) RNA polymerase GLD2 isoform 9 [Homo sapiens]	TRUE	TENT2
XP_015663902.1	XP_047272801.1	0	N/A	27.66	141	25	1.64e-06	53.1	poly(A) RNA polymerase GLD2 isoform X1 [Homo sapiens]	TRUE	TENT2
XP_015663902.1	XP_047272800.1	0	N/A	27.66	141	25	1.64e-06	53.1	poly(A) RNA polymerase GLD2 isoform X1 [Homo sapiens]	TRUE	TENT2
XP_015663902.1	XP_011541527.1	0	N/A	27.66	141	25	1.64e-06	53.1	poly(A) RNA polymerase GLD2 isoform X1 [Homo sapiens]	TRUE	TENT2
XP_015663902.1	XP_011541526.1	0	N/A	27.66	141	25	1.64e-06	53.1	poly(A) RNA polymerase GLD2 isoform X1 [Homo sapiens]	TRUE	TENT2
XP_015663902.1	XP_011541523.1	0	N/A	27.66	141	25	1.64e-06	53.1	poly(A) RNA polymerase GLD2 isoform X1 [Homo sapiens]	TRUE	TENT2
XP_015663902.1	XP_011541522.1	0	N/A	27.66	141	25	1.64e-06	53.1	poly(A) RNA polymerase GLD2 isoform X1 [Homo sapiens]	TRUE	TENT2
XP_015663902.1	NP_001375023.1	0	N/A	27.66	141	25	1.64e-06	53.1	poly(A) RNA polymerase GLD2 isoform 5 [Homo sapiens]	TRUE	TENT2
XP_015663902.1	NP_001375022.1	0	N/A	27.66	141	25	1.64e-06	53.1	poly(A) RNA polymerase GLD2 isoform 5 [Homo sapiens]	TRUE	TENT2
XP_015663902.1	NP_001336479.1	0	N/A	27.66	141	25	1.64e-06	53.1	poly(A) RNA polymerase GLD2 isoform 5 [Homo sapiens]	TRUE	TENT2
XP_015663902.1	NP_001336478.1	0	N/A	27.66	141	25	1.64e-06	53.1	poly(A) RNA polymerase GLD2 isoform 5 [Homo sapiens]	TRUE	TENT2
XP_015663902.1	NP_001375029.1	0	N/A	27.66	141	25	1.8e-06	53.1	poly(A) RNA polymerase GLD2 isoform 8 [Homo sapiens]	TRUE	TENT2
XP_015663902.1	NP_001375028.1	0	N/A	27.66	141	25	1.8e-06	53.1	poly(A) RNA polymerase GLD2 isoform 8 [Homo sapiens]	TRUE	TENT2
XP_015663902.1	XP_016856296.1	0	N/A	26.708	161	30	0.000557	45.4	terminal uridylyltransferase 4 isoform X28 [Homo sapiens]	TRUE	Tut4
XP_015663902.1	XP_047272362.1	0	N/A	26.708	161	30	0.000565	45.4	terminal uridylyltransferase 4 isoform X37 [Homo sapiens]	TRUE	Tut4
XP_015663902.1	XP_047272337.1	0	N/A	26.708	161	30	0.000572	45.4	terminal uridylyltransferase 4 isoform X27 [Homo sapiens]	TRUE	Tut4
XP_015663902.1	XP_047272354.1	0	N/A	26.708	161	30	0.000575	45.4	terminal uridylyltransferase 4 isoform X35 [Homo sapiens]	TRUE	Tut4
XP_015663902.1	XP_047272350.1	0	N/A	26.708	161	30	0.00058	45.4	terminal uridylyltransferase 4 isoform X34 [Homo sapiens]	TRUE	Tut4
XP_015663902.1	XP_047272367.1	0	N/A	26.708	161	30	0.000637	45.4	terminal uridylyltransferase 4 isoform X39 [Homo sapiens]	TRUE	Tut4
XP_015663902.1	XP_047272325.1	0	N/A	26.708	161	30	0.000639	45.4	terminal uridylyltransferase 4 isoform X23 [Homo sapiens]	TRUE	Tut4
XP_015663902.1	XP_047272344.1	0	N/A	26.708	161	30	0.000649	45.4	terminal uridylyltransferase 4 isoform X30 [Homo sapiens]	TRUE	Tut4
XP_015663902.1	XP_016856295.1	0	N/A	26.708	161	30	0.000667	45.4	terminal uridylyltransferase 4 isoform X25 [Homo sapiens]	TRUE	Tut4
XP_015663902.1	XP_047272348.1	0	N/A	26.708	161	30	0.000683	45.4	terminal uridylyltransferase 4 isoform X32 [Homo sapiens]	TRUE	Tut4
XP_015663902.1	XP_047272818.1	0	N/A	34.328	67	13	0.007	41.2	poly(A) RNA polymerase GLD2 isoform X10 [Homo sapiens]	TRUE	TENT2
XP_015663902.1	XP_047272816.1	0	N/A	36.207	58	11	0.008	41.2	poly(A) RNA polymerase GLD2 isoform X8 [Homo sapiens]	TRUE	TENT2
XP_015663902.1	XP_047272817.1	0	N/A	34.328	67	13	0.008	41.2	poly(A) RNA polymerase GLD2 isoform X9 [Homo sapiens]	TRUE	TENT2
XP_015663902.1	NP_001317647.1	0	N/A	23.684	190	33	0.024	40	terminal uridylyltransferase 7 isoform 3 [Homo sapiens]	TRUE	Tut7
XP_015663902.1	XP_005252265.1	0	N/A	23.684	190	33	0.032	40	terminal uridylyltransferase 7 isoform X7 [Homo sapiens]	TRUE	Tut7
XP_015663902.1	XP_016870620.1	0	N/A	23.684	190	33	0.034	39.7	terminal uridylyltransferase 7 isoform X4 [Homo sapiens]	TRUE	Tut7
XP_015663902.1	XP_016870619.1	0	N/A	23.684	190	33	0.034	39.7	terminal uridylyltransferase 7 isoform X4 [Homo sapiens]	TRUE	Tut7
XP_015663902.1	NP_078893.2	0	N/A	23.684	190	33	0.034	39.7	terminal uridylyltransferase 7 isoform 1 [Homo sapiens]	TRUE	Tut7
XP_015663902.1	NP_001171988.1	0	N/A	23.684	190	33	0.034	39.7	terminal uridylyltransferase 7 isoform 1 [Homo sapiens]	TRUE	Tut7
XP_015663902.1	XP_011517316.1	0	N/A	23.684	190	33	0.035	39.7	terminal uridylyltransferase 7 isoform X1 [Homo sapiens]	TRUE	Tut7
XP_015663902.1	XP_011517315.1	0	N/A	23.684	190	33	0.035	39.7	terminal uridylyltransferase 7 isoform X1 [Homo sapiens]	TRUE	Tut7
XP_015663902.1	XP_011517314.1	0	N/A	23.684	190	33	0.035	39.7	terminal uridylyltransferase 7 isoform X1 [Homo sapiens]	TRUE	Tut7
XP_015663902.1	XP_011517313.1	0	N/A	23.684	190	33	0.035	39.7	terminal uridylyltransferase 7 isoform X1 [Homo sapiens]	TRUE	Tut7
XP_015663902.1	XP_011517318.1	0	N/A	23.684	190	33	0.035	39.7	terminal uridylyltransferase 7 isoform X5 [Homo sapiens]	TRUE	Tut7
XP_015663902.1	XP_047279825.1	0	N/A	23.684	190	33	0.036	39.7	terminal uridylyltransferase 7 isoform X6 [Homo sapiens]	TRUE	Tut7
XP_015663902.1	XP_047279824.1	0	N/A	23.684	190	33	0.036	39.7	terminal uridylyltransferase 7 isoform X6 [Homo sapiens]	TRUE	Tut7
XP_015663902.1	XP_005252264.1	0	N/A	23.684	190	33	0.036	39.7	terminal uridylyltransferase 7 isoform X6 [Homo sapiens]	TRUE	Tut7
XP_015663902.1	NP_001172003.1	0	N/A	24.615	195	34	0.038	39.7	terminal uridylyltransferase 7 isoform 2 [Homo sapiens]	TRUE	Tut7
XP_015663902.1	XP_011517317.1	0	N/A	23.684	190	33	0.039	39.7	terminal uridylyltransferase 7 isoform X3 [Homo sapiens]	TRUE	Tut7
XP_015663902.1	XP_047279823.1	0	N/A	23.684	190	33	0.042	39.7	terminal uridylyltransferase 7 isoform X2 [Homo sapiens]	TRUE	Tut7
XP_015665185.1	XP_047272820.1	0	N/A	24.186	215	40	2.78e-10	63.5	poly(A) RNA polymerase GLD2 isoform X11 [Homo sapiens]	TRUE	TENT2
XP_015665185.1	NP_001336477.1	0	N/A	24.074	216	40	2.87e-10	63.5	poly(A) RNA polymerase GLD2 isoform 4 [Homo sapiens]	TRUE	TENT2
XP_015665185.1	NP_001375065.1	0	N/A	24.186	215	40	4.57e-10	63.9	poly(A) RNA polymerase GLD2 isoform 14 [Homo sapiens]	TRUE	TENT2
XP_015665185.1	NP_001375066.1	0	N/A	24.186	215	40	7.09e-10	62.8	poly(A) RNA polymerase GLD2 isoform 15 [Homo sapiens]	TRUE	TENT2
XP_015665185.1	NP_001375060.1	0	N/A	24.186	215	40	8.22e-10	63.5	poly(A) RNA polymerase GLD2 isoform 11 [Homo sapiens]	TRUE	TENT2
XP_015665185.1	NP_001375061.1	0	N/A	24.186	215	40	8.36e-10	63.5	poly(A) RNA polymerase GLD2 isoform 12 [Homo sapiens]	TRUE	TENT2
XP_015665185.1	XP_047272801.1	0	N/A	24.186	215	40	8.45e-10	63.5	poly(A) RNA polymerase GLD2 isoform X1 [Homo sapiens]	TRUE	TENT2
XP_015665185.1	XP_047272800.1	0	N/A	24.186	215	40	8.45e-10	63.5	poly(A) RNA polymerase GLD2 isoform X1 [Homo sapiens]	TRUE	TENT2
XP_015665185.1	XP_011541527.1	0	N/A	24.186	215	40	8.45e-10	63.5	poly(A) RNA polymerase GLD2 isoform X1 [Homo sapiens]	TRUE	TENT2
XP_015665185.1	XP_011541526.1	0	N/A	24.186	215	40	8.45e-10	63.5	poly(A) RNA polymerase GLD2 isoform X1 [Homo sapiens]	TRUE	TENT2
XP_015665185.1	XP_011541523.1	0	N/A	24.186	215	40	8.45e-10	63.5	poly(A) RNA polymerase GLD2 isoform X1 [Homo sapiens]	TRUE	TENT2
XP_015665185.1	XP_011541522.1	0	N/A	24.186	215	40	8.45e-10	63.5	poly(A) RNA polymerase GLD2 isoform X1 [Homo sapiens]	TRUE	TENT2
XP_015665185.1	NP_001375023.1	0	N/A	24.186	215	40	8.45e-10	63.5	poly(A) RNA polymerase GLD2 isoform 5 [Homo sapiens]	TRUE	TENT2
XP_015665185.1	NP_001375022.1	0	N/A	24.186	215	40	8.45e-10	63.5	poly(A) RNA polymerase GLD2 isoform 5 [Homo sapiens]	TRUE	TENT2
XP_015665185.1	NP_001336479.1	0	N/A	24.186	215	40	8.45e-10	63.5	poly(A) RNA polymerase GLD2 isoform 5 [Homo sapiens]	TRUE	TENT2
XP_015665185.1	NP_001336478.1	0	N/A	24.186	215	40	8.45e-10	63.5	poly(A) RNA polymerase GLD2 isoform 5 [Homo sapiens]	TRUE	TENT2
XP_015665185.1	XP_047272805.1	0	N/A	24.186	215	40	8.84e-10	63.5	poly(A) RNA polymerase GLD2 isoform X2 [Homo sapiens]	TRUE	TENT2
XP_015665185.1	XP_047272804.1	0	N/A	24.186	215	40	8.84e-10	63.5	poly(A) RNA polymerase GLD2 isoform X2 [Homo sapiens]	TRUE	TENT2
XP_015665185.1	XP_047272803.1	0	N/A	24.186	215	40	8.84e-10	63.5	poly(A) RNA polymerase GLD2 isoform X2 [Homo sapiens]	TRUE	TENT2
XP_015665185.1	XP_047272802.1	0	N/A	24.186	215	40	8.84e-10	63.5	poly(A) RNA polymerase GLD2 isoform X2 [Homo sapiens]	TRUE	TENT2
XP_015665185.1	XP_016864641.1	0	N/A	24.186	215	40	8.84e-10	63.5	poly(A) RNA polymerase GLD2 isoform X2 [Homo sapiens]	TRUE	TENT2
XP_015665185.1	NP_001375026.1	0	N/A	24.186	215	40	8.84e-10	63.5	poly(A) RNA polymerase GLD2 isoform 6 [Homo sapiens]	TRUE	TENT2
XP_015665185.1	NP_001375025.1	0	N/A	24.186	215	40	8.84e-10	63.5	poly(A) RNA polymerase GLD2 isoform 6 [Homo sapiens]	TRUE	TENT2
XP_015665185.1	NP_001375024.1	0	N/A	24.186	215	40	8.84e-10	63.5	poly(A) RNA polymerase GLD2 isoform 6 [Homo sapiens]	TRUE	TENT2
XP_015665185.1	NP_001336480.1	0	N/A	24.186	215	40	8.84e-10	63.5	poly(A) RNA polymerase GLD2 isoform 6 [Homo sapiens]	TRUE	TENT2
XP_015665185.1	XP_047272808.1	0	N/A	24.186	215	40	9.11e-10	63.5	poly(A) RNA polymerase GLD2 isoform X3 [Homo sapiens]	TRUE	TENT2
XP_015665185.1	XP_047272807.1	0	N/A	24.186	215	40	9.11e-10	63.5	poly(A) RNA polymerase GLD2 isoform X3 [Homo sapiens]	TRUE	TENT2
XP_015665185.1	XP_047272806.1	0	N/A	24.186	215	40	9.11e-10	63.5	poly(A) RNA polymerase GLD2 isoform X3 [Homo sapiens]	TRUE	TENT2
XP_015665185.1	NP_776158.2	0	N/A	24.186	215	40	9.11e-10	63.5	poly(A) RNA polymerase GLD2 isoform 1 [Homo sapiens]	TRUE	TENT2
XP_015665185.1	NP_001375041.1	0	N/A	24.186	215	40	9.11e-10	63.5	poly(A) RNA polymerase GLD2 isoform 1 [Homo sapiens]	TRUE	TENT2
XP_015665185.1	NP_001375040.1	0	N/A	24.186	215	40	9.11e-10	63.5	poly(A) RNA polymerase GLD2 isoform 1 [Homo sapiens]	TRUE	TENT2
XP_015665185.1	NP_001375039.1	0	N/A	24.186	215	40	9.11e-10	63.5	poly(A) RNA polymerase GLD2 isoform 1 [Homo sapiens]	TRUE	TENT2
XP_015665185.1	NP_001375038.1	0	N/A	24.186	215	40	9.11e-10	63.5	poly(A) RNA polymerase GLD2 isoform 1 [Homo sapiens]	TRUE	TENT2
XP_015665185.1	NP_001375037.1	0	N/A	24.186	215	40	9.11e-10	63.5	poly(A) RNA polymerase GLD2 isoform 1 [Homo sapiens]	TRUE	TENT2
XP_015665185.1	NP_001375036.1	0	N/A	24.186	215	40	9.11e-10	63.5	poly(A) RNA polymerase GLD2 isoform 1 [Homo sapiens]	TRUE	TENT2
XP_015665185.1	NP_001375035.1	0	N/A	24.186	215	40	9.11e-10	63.5	poly(A) RNA polymerase GLD2 isoform 1 [Homo sapiens]	TRUE	TENT2
XP_015665185.1	NP_001375034.1	0	N/A	24.186	215	40	9.11e-10	63.5	poly(A) RNA polymerase GLD2 isoform 1 [Homo sapiens]	TRUE	TENT2
XP_015665185.1	NP_001375032.1	0	N/A	24.186	215	40	9.11e-10	63.5	poly(A) RNA polymerase GLD2 isoform 1 [Homo sapiens]	TRUE	TENT2
XP_015665185.1	NP_001375031.1	0	N/A	24.186	215	40	9.11e-10	63.5	poly(A) RNA polymerase GLD2 isoform 1 [Homo sapiens]	TRUE	TENT2
XP_015665185.1	NP_001336482.1	0	N/A	24.186	215	40	9.11e-10	63.5	poly(A) RNA polymerase GLD2 isoform 1 [Homo sapiens]	TRUE	TENT2
XP_015665185.1	NP_001336481.1	0	N/A	24.186	215	40	9.11e-10	63.5	poly(A) RNA polymerase GLD2 isoform 1 [Homo sapiens]	TRUE	TENT2
XP_015665185.1	NP_001107866.1	0	N/A	24.186	215	40	9.11e-10	63.5	poly(A) RNA polymerase GLD2 isoform 1 [Homo sapiens]	TRUE	TENT2
XP_015665185.1	NP_001107865.1	0	N/A	24.186	215	40	9.11e-10	63.5	poly(A) RNA polymerase GLD2 isoform 1 [Homo sapiens]	TRUE	TENT2
XP_015665185.1	XP_047272811.1	0	N/A	24.186	215	40	9.2e-10	63.5	poly(A) RNA polymerase GLD2 isoform X4 [Homo sapiens]	TRUE	TENT2
XP_015665185.1	XP_047272810.1	0	N/A	24.186	215	40	9.2e-10	63.5	poly(A) RNA polymerase GLD2 isoform X4 [Homo sapiens]	TRUE	TENT2
XP_015665185.1	XP_047272809.1	0	N/A	24.186	215	40	9.2e-10	63.5	poly(A) RNA polymerase GLD2 isoform X4 [Homo sapiens]	TRUE	TENT2
XP_015665185.1	NP_001375058.1	0	N/A	24.186	215	40	9.2e-10	63.5	poly(A) RNA polymerase GLD2 isoform 2 [Homo sapiens]	TRUE	TENT2
XP_015665185.1	NP_001375057.1	0	N/A	24.186	215	40	9.2e-10	63.5	poly(A) RNA polymerase GLD2 isoform 2 [Homo sapiens]	TRUE	TENT2
XP_015665185.1	NP_001375056.1	0	N/A	24.186	215	40	9.2e-10	63.5	poly(A) RNA polymerase GLD2 isoform 2 [Homo sapiens]	TRUE	TENT2
XP_015665185.1	NP_001375055.1	0	N/A	24.186	215	40	9.2e-10	63.5	poly(A) RNA polymerase GLD2 isoform 2 [Homo sapiens]	TRUE	TENT2
XP_015665185.1	NP_001375054.1	0	N/A	24.186	215	40	9.2e-10	63.5	poly(A) RNA polymerase GLD2 isoform 2 [Homo sapiens]	TRUE	TENT2
XP_015665185.1	NP_001375053.1	0	N/A	24.186	215	40	9.2e-10	63.5	poly(A) RNA polymerase GLD2 isoform 2 [Homo sapiens]	TRUE	TENT2
XP_015665185.1	NP_001375052.1	0	N/A	24.186	215	40	9.2e-10	63.5	poly(A) RNA polymerase GLD2 isoform 2 [Homo sapiens]	TRUE	TENT2
XP_015665185.1	NP_001375051.1	0	N/A	24.186	215	40	9.2e-10	63.5	poly(A) RNA polymerase GLD2 isoform 2 [Homo sapiens]	TRUE	TENT2
XP_015665185.1	NP_001375050.1	0	N/A	24.186	215	40	9.2e-10	63.5	poly(A) RNA polymerase GLD2 isoform 2 [Homo sapiens]	TRUE	TENT2
XP_015665185.1	NP_001375049.1	0	N/A	24.186	215	40	9.2e-10	63.5	poly(A) RNA polymerase GLD2 isoform 2 [Homo sapiens]	TRUE	TENT2
XP_015665185.1	NP_001375048.1	0	N/A	24.186	215	40	9.2e-10	63.5	poly(A) RNA polymerase GLD2 isoform 2 [Homo sapiens]	TRUE	TENT2
XP_015665185.1	NP_001375047.1	0	N/A	24.186	215	40	9.2e-10	63.5	poly(A) RNA polymerase GLD2 isoform 2 [Homo sapiens]	TRUE	TENT2
XP_015665185.1	NP_001375046.1	0	N/A	24.186	215	40	9.2e-10	63.5	poly(A) RNA polymerase GLD2 isoform 2 [Homo sapiens]	TRUE	TENT2
XP_015665185.1	NP_001375045.1	0	N/A	24.186	215	40	9.2e-10	63.5	poly(A) RNA polymerase GLD2 isoform 2 [Homo sapiens]	TRUE	TENT2
XP_015665185.1	NP_001375044.1	0	N/A	24.186	215	40	9.2e-10	63.5	poly(A) RNA polymerase GLD2 isoform 2 [Homo sapiens]	TRUE	TENT2
XP_015665185.1	NP_001375043.1	0	N/A	24.186	215	40	9.2e-10	63.5	poly(A) RNA polymerase GLD2 isoform 2 [Homo sapiens]	TRUE	TENT2
XP_015665185.1	NP_001336483.1	0	N/A	24.186	215	40	9.2e-10	63.5	poly(A) RNA polymerase GLD2 isoform 2 [Homo sapiens]	TRUE	TENT2
XP_015665185.1	NP_001284673.1	0	N/A	24.186	215	40	9.2e-10	63.5	poly(A) RNA polymerase GLD2 isoform 2 [Homo sapiens]	TRUE	TENT2
XP_015665185.1	NP_001375042.1	0	N/A	24.186	215	40	9.5e-10	63.5	poly(A) RNA polymerase GLD2 isoform 16 [Homo sapiens]	TRUE	TENT2
XP_015665185.1	NP_001375030.1	0	N/A	24.186	215	40	9.55e-10	63.5	poly(A) RNA polymerase GLD2 isoform 9 [Homo sapiens]	TRUE	TENT2
XP_015665185.1	NP_001375027.1	0	N/A	24.186	215	40	9.64e-10	63.5	poly(A) RNA polymerase GLD2 isoform 7 [Homo sapiens]	TRUE	TENT2
XP_015665185.1	NP_001375059.1	0	N/A	24.186	215	40	9.93e-10	63.2	poly(A) RNA polymerase GLD2 isoform 10 [Homo sapiens]	TRUE	TENT2
XP_015665185.1	NP_001375029.1	0	N/A	24.186	215	40	1.05e-09	63.2	poly(A) RNA polymerase GLD2 isoform 8 [Homo sapiens]	TRUE	TENT2
XP_015665185.1	NP_001375028.1	0	N/A	24.186	215	40	1.05e-09	63.2	poly(A) RNA polymerase GLD2 isoform 8 [Homo sapiens]	TRUE	TENT2
XP_015665185.1	NP_001317647.1	0	N/A	22.872	188	34	0.000117	47.4	terminal uridylyltransferase 7 isoform 3 [Homo sapiens]	TRUE	Tut7
XP_015665185.1	XP_016870620.1	0	N/A	22.872	188	34	0.000148	47.4	terminal uridylyltransferase 7 isoform X4 [Homo sapiens]	TRUE	Tut7
XP_015665185.1	XP_016870619.1	0	N/A	22.872	188	34	0.000148	47.4	terminal uridylyltransferase 7 isoform X4 [Homo sapiens]	TRUE	Tut7
XP_015665185.1	NP_078893.2	0	N/A	22.872	188	34	0.000148	47.4	terminal uridylyltransferase 7 isoform 1 [Homo sapiens]	TRUE	Tut7
XP_015665185.1	NP_001171988.1	0	N/A	22.872	188	34	0.000148	47.4	terminal uridylyltransferase 7 isoform 1 [Homo sapiens]	TRUE	Tut7
XP_015665185.1	NP_001172003.1	0	N/A	22.872	188	34	0.000152	47.4	terminal uridylyltransferase 7 isoform 2 [Homo sapiens]	TRUE	Tut7
XP_015665185.1	XP_047279823.1	0	N/A	22.872	188	34	0.000155	47.4	terminal uridylyltransferase 7 isoform X2 [Homo sapiens]	TRUE	Tut7
XP_015665185.1	XP_006717346.1	0	N/A	22.872	188	34	0.000155	47.4	terminal uridylyltransferase 7 isoform X2 [Homo sapiens]	TRUE	Tut7
XP_015665185.1	XP_011517318.1	0	N/A	22.872	188	34	0.000157	47.4	terminal uridylyltransferase 7 isoform X5 [Homo sapiens]	TRUE	Tut7
XP_015665185.1	XP_011517316.1	0	N/A	22.872	188	34	0.000158	47.4	terminal uridylyltransferase 7 isoform X1 [Homo sapiens]	TRUE	Tut7
XP_015665185.1	XP_011517315.1	0	N/A	22.872	188	34	0.000158	47.4	terminal uridylyltransferase 7 isoform X1 [Homo sapiens]	TRUE	Tut7
XP_015665185.1	XP_011517314.1	0	N/A	22.872	188	34	0.000158	47.4	terminal uridylyltransferase 7 isoform X1 [Homo sapiens]	TRUE	Tut7
XP_015665185.1	XP_011517313.1	0	N/A	22.872	188	34	0.000158	47.4	terminal uridylyltransferase 7 isoform X1 [Homo sapiens]	TRUE	Tut7
XP_015665185.1	XP_005252265.1	0	N/A	22.872	188	34	0.000159	47.4	terminal uridylyltransferase 7 isoform X7 [Homo sapiens]	TRUE	Tut7
XP_015665185.1	XP_047279825.1	0	N/A	22.872	188	34	0.000159	47.4	terminal uridylyltransferase 7 isoform X6 [Homo sapiens]	TRUE	Tut7
XP_015665185.1	XP_047279824.1	0	N/A	22.872	188	34	0.000159	47.4	terminal uridylyltransferase 7 isoform X6 [Homo sapiens]	TRUE	Tut7
XP_015665185.1	XP_005252264.1	0	N/A	22.872	188	34	0.000159	47.4	terminal uridylyltransferase 7 isoform X6 [Homo sapiens]	TRUE	Tut7
XP_015665185.1	XP_011517317.1	0	N/A	22.872	188	34	0.000162	47.4	terminal uridylyltransferase 7 isoform X3 [Homo sapiens]	TRUE	Tut7
XP_015665185.1	XP_047272815.1	0	N/A	25.287	174	33	0.000795	44.7	poly(A) RNA polymerase GLD2 isoform X7 [Homo sapiens]	TRUE	TENT2
XP_015665185.1	NP_001375064.1	0	N/A	25.287	174	33	0.000795	44.7	poly(A) RNA polymerase GLD2 isoform 13 [Homo sapiens]	TRUE	TENT2
XP_015665185.1	NP_001375063.1	0	N/A	25.287	174	33	0.000795	44.7	poly(A) RNA polymerase GLD2 isoform 13 [Homo sapiens]	TRUE	TENT2
XP_015665185.1	XP_047272814.1	0	N/A	25.287	174	33	0.000835	44.7	poly(A) RNA polymerase GLD2 isoform X6 [Homo sapiens]	TRUE	TENT2
XP_015665185.1	XP_047272813.1	0	N/A	25.287	174	33	0.000835	44.7	poly(A) RNA polymerase GLD2 isoform X6 [Homo sapiens]	TRUE	TENT2
XP_015665185.1	XP_047272812.1	0	N/A	25.287	174	33	0.000835	44.7	poly(A) RNA polymerase GLD2 isoform X6 [Homo sapiens]	TRUE	TENT2
XP_015665185.1	NP_001375062.1	0	N/A	25.287	174	33	0.000835	44.7	poly(A) RNA polymerase GLD2 isoform 3 [Homo sapiens]	TRUE	TENT2
XP_015665185.1	NP_001284674.1	0	N/A	25.287	174	33	0.000835	44.7	poly(A) RNA polymerase GLD2 isoform 3 [Homo sapiens]	TRUE	TENT2
XP_015665185.1	XP_011541531.1	0	N/A	25.287	174	33	0.000891	44.3	poly(A) RNA polymerase GLD2 isoform X5 [Homo sapiens]	TRUE	TENT2
XP_015665206.1	NP_001352252.1	0	N/A	24.688	320	61	5.3e-18	89.7	terminal nucleotidyltransferase 4B isoform c [Homo sapiens]	TRUE	TENT4B
XP_015665206.1	XP_047290431.1	0	N/A	24.688	320	61	6.43e-18	89.4	terminal nucleotidyltransferase 4B isoform X3 [Homo sapiens]	TRUE	TENT4B
XP_015665206.1	NP_001352253.1	0	N/A	24.688	320	61	6.48e-18	89.7	terminal nucleotidyltransferase 4B isoform d [Homo sapiens]	TRUE	TENT4B
XP_015665206.1	XP_047290432.1	0	N/A	24.688	320	61	6.76e-18	89.4	terminal nucleotidyltransferase 4B isoform X4 [Homo sapiens]	TRUE	TENT4B
XP_015665206.1	NP_001035374.2	0	N/A	24.688	320	61	7.33e-18	89.4	terminal nucleotidyltransferase 4B isoform a [Homo sapiens]	TRUE	TENT4B
XP_015665206.1	XP_011521577.1	0	N/A	24.688	320	61	7.34e-18	89.4	terminal nucleotidyltransferase 4B isoform X1 [Homo sapiens]	TRUE	TENT4B
XP_015665206.1	NP_001035375.2	0	N/A	24.688	320	61	8.43e-18	89	terminal nucleotidyltransferase 4B isoform b [Homo sapiens]	TRUE	TENT4B
XP_015665206.1	XP_011521578.1	0	N/A	24.688	320	61	8.44e-18	89	terminal nucleotidyltransferase 4B isoform X2 [Homo sapiens]	TRUE	TENT4B
XP_015665206.1	XP_047290433.1	0	N/A	24.921	317	60	1.4e-17	87.8	terminal nucleotidyltransferase 4B isoform X6 [Homo sapiens]	TRUE	TENT4B
XP_015665206.1	XP_011521580.1	0	N/A	24.921	317	60	1.47e-17	87.8	terminal nucleotidyltransferase 4B isoform X5 [Homo sapiens]	TRUE	TENT4B
XP_015665206.1	NP_001165276.2	0	N/A	24.451	319	60	1.61e-15	82	terminal nucleotidyltransferase 4A isoform 2 [Homo sapiens]	TRUE	TENT4A
XP_015665206.1	NP_008930.2	0	N/A	24.451	319	60	1.61e-15	82	terminal nucleotidyltransferase 4A isoform 1 [Homo sapiens]	TRUE	TENT4A
XP_015665206.1	XP_047272623.1	0	N/A	25.17	294	56	3.04e-15	80.9	terminal nucleotidyltransferase 4A isoform X2 [Homo sapiens]	TRUE	TENT4A
XP_015665206.1	XP_016864477.1	0	N/A	25.17	294	56	3.04e-15	80.9	terminal nucleotidyltransferase 4A isoform X2 [Homo sapiens]	TRUE	TENT4A
XP_015665206.1	XP_047272624.1	0	N/A	25.17	294	56	3.15e-15	80.9	terminal nucleotidyltransferase 4A isoform X3 [Homo sapiens]	TRUE	TENT4A
XP_015665206.1	XP_047272622.1	0	N/A	25	308	58	3.22e-15	80.9	terminal nucleotidyltransferase 4A isoform X1 [Homo sapiens]	TRUE	TENT4A
XP_015665206.1	XP_047272621.1	0	N/A	25	308	58	3.22e-15	80.9	terminal nucleotidyltransferase 4A isoform X1 [Homo sapiens]	TRUE	TENT4A
XP_015665206.1	XP_047272620.1	0	N/A	25	308	58	3.22e-15	80.9	terminal nucleotidyltransferase 4A isoform X1 [Homo sapiens]	TRUE	TENT4A
XP_015665206.1	NP_001336477.1	0	N/A	27.778	198	33	7.74e-13	71.2	poly(A) RNA polymerase GLD2 isoform 4 [Homo sapiens]	TRUE	TENT2
XP_015665206.1	XP_047272820.1	0	N/A	28.191	188	31	2.25e-12	69.7	poly(A) RNA polymerase GLD2 isoform X11 [Homo sapiens]	TRUE	TENT2
XP_015665206.1	XP_047272811.1	0	N/A	27.778	198	33	3.75e-12	70.9	poly(A) RNA polymerase GLD2 isoform X4 [Homo sapiens]	TRUE	TENT2
XP_015665206.1	XP_047272810.1	0	N/A	27.778	198	33	3.75e-12	70.9	poly(A) RNA polymerase GLD2 isoform X4 [Homo sapiens]	TRUE	TENT2
XP_015665206.1	XP_047272809.1	0	N/A	27.778	198	33	3.75e-12	70.9	poly(A) RNA polymerase GLD2 isoform X4 [Homo sapiens]	TRUE	TENT2
XP_015665206.1	NP_001375058.1	0	N/A	27.778	198	33	3.75e-12	70.9	poly(A) RNA polymerase GLD2 isoform 2 [Homo sapiens]	TRUE	TENT2
XP_015665206.1	NP_001375057.1	0	N/A	27.778	198	33	3.75e-12	70.9	poly(A) RNA polymerase GLD2 isoform 2 [Homo sapiens]	TRUE	TENT2
XP_015665206.1	NP_001375056.1	0	N/A	27.778	198	33	3.75e-12	70.9	poly(A) RNA polymerase GLD2 isoform 2 [Homo sapiens]	TRUE	TENT2
XP_015665206.1	NP_001375055.1	0	N/A	27.778	198	33	3.75e-12	70.9	poly(A) RNA polymerase GLD2 isoform 2 [Homo sapiens]	TRUE	TENT2
XP_015665206.1	NP_001375054.1	0	N/A	27.778	198	33	3.75e-12	70.9	poly(A) RNA polymerase GLD2 isoform 2 [Homo sapiens]	TRUE	TENT2
XP_015665206.1	NP_001375053.1	0	N/A	27.778	198	33	3.75e-12	70.9	poly(A) RNA polymerase GLD2 isoform 2 [Homo sapiens]	TRUE	TENT2
XP_015665206.1	NP_001375052.1	0	N/A	27.778	198	33	3.75e-12	70.9	poly(A) RNA polymerase GLD2 isoform 2 [Homo sapiens]	TRUE	TENT2
XP_015665206.1	NP_001375051.1	0	N/A	27.778	198	33	3.75e-12	70.9	poly(A) RNA polymerase GLD2 isoform 2 [Homo sapiens]	TRUE	TENT2
XP_015665206.1	NP_001375050.1	0	N/A	27.778	198	33	3.75e-12	70.9	poly(A) RNA polymerase GLD2 isoform 2 [Homo sapiens]	TRUE	TENT2
XP_015665206.1	NP_001375049.1	0	N/A	27.778	198	33	3.75e-12	70.9	poly(A) RNA polymerase GLD2 isoform 2 [Homo sapiens]	TRUE	TENT2
XP_015665206.1	NP_001375048.1	0	N/A	27.778	198	33	3.75e-12	70.9	poly(A) RNA polymerase GLD2 isoform 2 [Homo sapiens]	TRUE	TENT2
XP_015665206.1	NP_001375047.1	0	N/A	27.778	198	33	3.75e-12	70.9	poly(A) RNA polymerase GLD2 isoform 2 [Homo sapiens]	TRUE	TENT2
XP_015665206.1	NP_001375046.1	0	N/A	27.778	198	33	3.75e-12	70.9	poly(A) RNA polymerase GLD2 isoform 2 [Homo sapiens]	TRUE	TENT2
XP_015665206.1	NP_001375045.1	0	N/A	27.778	198	33	3.75e-12	70.9	poly(A) RNA polymerase GLD2 isoform 2 [Homo sapiens]	TRUE	TENT2
XP_015665206.1	NP_001375044.1	0	N/A	27.778	198	33	3.75e-12	70.9	poly(A) RNA polymerase GLD2 isoform 2 [Homo sapiens]	TRUE	TENT2
XP_015665206.1	NP_001375043.1	0	N/A	27.778	198	33	3.75e-12	70.9	poly(A) RNA polymerase GLD2 isoform 2 [Homo sapiens]	TRUE	TENT2
XP_015665206.1	NP_001336483.1	0	N/A	27.778	198	33	3.75e-12	70.9	poly(A) RNA polymerase GLD2 isoform 2 [Homo sapiens]	TRUE	TENT2
XP_015665206.1	NP_001284673.1	0	N/A	27.778	198	33	3.75e-12	70.9	poly(A) RNA polymerase GLD2 isoform 2 [Homo sapiens]	TRUE	TENT2
XP_015665206.1	NP_001375059.1	0	N/A	27.778	198	33	3.84e-12	70.9	poly(A) RNA polymerase GLD2 isoform 10 [Homo sapiens]	TRUE	TENT2
XP_015665206.1	NP_001375065.1	0	N/A	27.778	198	33	4.97e-12	70.1	poly(A) RNA polymerase GLD2 isoform 14 [Homo sapiens]	TRUE	TENT2
XP_015665206.1	XP_047272808.1	0	N/A	27.778	198	33	5.12e-12	70.5	poly(A) RNA polymerase GLD2 isoform X3 [Homo sapiens]	TRUE	TENT2
XP_015665206.1	XP_047272807.1	0	N/A	27.778	198	33	5.12e-12	70.5	poly(A) RNA polymerase GLD2 isoform X3 [Homo sapiens]	TRUE	TENT2
XP_015665206.1	XP_047272806.1	0	N/A	27.778	198	33	5.12e-12	70.5	poly(A) RNA polymerase GLD2 isoform X3 [Homo sapiens]	TRUE	TENT2
XP_015665206.1	NP_776158.2	0	N/A	27.778	198	33	5.12e-12	70.5	poly(A) RNA polymerase GLD2 isoform 1 [Homo sapiens]	TRUE	TENT2
XP_015665206.1	NP_001375041.1	0	N/A	27.778	198	33	5.12e-12	70.5	poly(A) RNA polymerase GLD2 isoform 1 [Homo sapiens]	TRUE	TENT2
XP_015665206.1	NP_001375040.1	0	N/A	27.778	198	33	5.12e-12	70.5	poly(A) RNA polymerase GLD2 isoform 1 [Homo sapiens]	TRUE	TENT2
XP_015665206.1	NP_001375039.1	0	N/A	27.778	198	33	5.12e-12	70.5	poly(A) RNA polymerase GLD2 isoform 1 [Homo sapiens]	TRUE	TENT2
XP_015665206.1	NP_001375038.1	0	N/A	27.778	198	33	5.12e-12	70.5	poly(A) RNA polymerase GLD2 isoform 1 [Homo sapiens]	TRUE	TENT2
XP_015665206.1	NP_001375037.1	0	N/A	27.778	198	33	5.12e-12	70.5	poly(A) RNA polymerase GLD2 isoform 1 [Homo sapiens]	TRUE	TENT2
XP_015665206.1	NP_001375036.1	0	N/A	27.778	198	33	5.12e-12	70.5	poly(A) RNA polymerase GLD2 isoform 1 [Homo sapiens]	TRUE	TENT2
XP_015665206.1	NP_001375035.1	0	N/A	27.778	198	33	5.12e-12	70.5	poly(A) RNA polymerase GLD2 isoform 1 [Homo sapiens]	TRUE	TENT2
XP_015665206.1	NP_001375034.1	0	N/A	27.778	198	33	5.12e-12	70.5	poly(A) RNA polymerase GLD2 isoform 1 [Homo sapiens]	TRUE	TENT2
XP_015665206.1	NP_001375032.1	0	N/A	27.778	198	33	5.12e-12	70.5	poly(A) RNA polymerase GLD2 isoform 1 [Homo sapiens]	TRUE	TENT2
XP_015665206.1	NP_001375031.1	0	N/A	27.778	198	33	5.12e-12	70.5	poly(A) RNA polymerase GLD2 isoform 1 [Homo sapiens]	TRUE	TENT2
XP_015665206.1	NP_001336482.1	0	N/A	27.778	198	33	5.12e-12	70.5	poly(A) RNA polymerase GLD2 isoform 1 [Homo sapiens]	TRUE	TENT2
XP_015665206.1	NP_001336481.1	0	N/A	27.778	198	33	5.12e-12	70.5	poly(A) RNA polymerase GLD2 isoform 1 [Homo sapiens]	TRUE	TENT2
XP_015665206.1	NP_001107866.1	0	N/A	27.778	198	33	5.12e-12	70.5	poly(A) RNA polymerase GLD2 isoform 1 [Homo sapiens]	TRUE	TENT2
XP_015665206.1	NP_001107865.1	0	N/A	27.778	198	33	5.12e-12	70.5	poly(A) RNA polymerase GLD2 isoform 1 [Homo sapiens]	TRUE	TENT2
XP_015665206.1	NP_001375042.1	0	N/A	27.778	198	33	5.2e-12	70.5	poly(A) RNA polymerase GLD2 isoform 16 [Homo sapiens]	TRUE	TENT2
XP_015665206.1	NP_001375061.1	0	N/A	27.778	198	33	5.65e-12	70.1	poly(A) RNA polymerase GLD2 isoform 12 [Homo sapiens]	TRUE	TENT2
XP_015665206.1	NP_001375030.1	0	N/A	27.778	198	33	6.2e-12	70.5	poly(A) RNA polymerase GLD2 isoform 9 [Homo sapiens]	TRUE	TENT2
XP_015665206.1	NP_001375060.1	0	N/A	27.778	198	33	7.8e-12	69.7	poly(A) RNA polymerase GLD2 isoform 11 [Homo sapiens]	TRUE	TENT2
XP_015665206.1	XP_047272805.1	0	N/A	28.191	188	31	7.86e-12	70.1	poly(A) RNA polymerase GLD2 isoform X2 [Homo sapiens]	TRUE	TENT2
XP_015665206.1	XP_047272804.1	0	N/A	28.191	188	31	7.86e-12	70.1	poly(A) RNA polymerase GLD2 isoform X2 [Homo sapiens]	TRUE	TENT2
XP_015665206.1	XP_047272803.1	0	N/A	28.191	188	31	7.86e-12	70.1	poly(A) RNA polymerase GLD2 isoform X2 [Homo sapiens]	TRUE	TENT2
XP_015665206.1	XP_047272802.1	0	N/A	28.191	188	31	7.86e-12	70.1	poly(A) RNA polymerase GLD2 isoform X2 [Homo sapiens]	TRUE	TENT2
XP_015665206.1	XP_016864641.1	0	N/A	28.191	188	31	7.86e-12	70.1	poly(A) RNA polymerase GLD2 isoform X2 [Homo sapiens]	TRUE	TENT2
XP_015665206.1	NP_001375026.1	0	N/A	28.191	188	31	7.86e-12	70.1	poly(A) RNA polymerase GLD2 isoform 6 [Homo sapiens]	TRUE	TENT2
XP_015665206.1	NP_001375025.1	0	N/A	28.191	188	31	7.86e-12	70.1	poly(A) RNA polymerase GLD2 isoform 6 [Homo sapiens]	TRUE	TENT2
XP_015665206.1	NP_001375024.1	0	N/A	28.191	188	31	7.86e-12	70.1	poly(A) RNA polymerase GLD2 isoform 6 [Homo sapiens]	TRUE	TENT2
XP_015665206.1	NP_001336480.1	0	N/A	28.191	188	31	7.86e-12	70.1	poly(A) RNA polymerase GLD2 isoform 6 [Homo sapiens]	TRUE	TENT2
XP_015665206.1	NP_001375027.1	0	N/A	28.191	188	31	8.42e-12	70.1	poly(A) RNA polymerase GLD2 isoform 7 [Homo sapiens]	TRUE	TENT2
XP_015665206.1	NP_001375029.1	0	N/A	27.778	198	33	8.6e-12	69.7	poly(A) RNA polymerase GLD2 isoform 8 [Homo sapiens]	TRUE	TENT2
XP_015665206.1	NP_001375028.1	0	N/A	27.778	198	33	8.6e-12	69.7	poly(A) RNA polymerase GLD2 isoform 8 [Homo sapiens]	TRUE	TENT2
XP_015665206.1	XP_047272801.1	0	N/A	28.191	188	31	9.71e-12	69.7	poly(A) RNA polymerase GLD2 isoform X1 [Homo sapiens]	TRUE	TENT2
XP_015665206.1	XP_047272800.1	0	N/A	28.191	188	31	9.71e-12	69.7	poly(A) RNA polymerase GLD2 isoform X1 [Homo sapiens]	TRUE	TENT2
XP_015665206.1	XP_011541527.1	0	N/A	28.191	188	31	9.71e-12	69.7	poly(A) RNA polymerase GLD2 isoform X1 [Homo sapiens]	TRUE	TENT2
XP_015665206.1	XP_011541526.1	0	N/A	28.191	188	31	9.71e-12	69.7	poly(A) RNA polymerase GLD2 isoform X1 [Homo sapiens]	TRUE	TENT2
XP_015665206.1	XP_011541523.1	0	N/A	28.191	188	31	9.71e-12	69.7	poly(A) RNA polymerase GLD2 isoform X1 [Homo sapiens]	TRUE	TENT2
XP_015665206.1	XP_011541522.1	0	N/A	28.191	188	31	9.71e-12	69.7	poly(A) RNA polymerase GLD2 isoform X1 [Homo sapiens]	TRUE	TENT2
XP_015665206.1	NP_001375023.1	0	N/A	28.191	188	31	9.71e-12	69.7	poly(A) RNA polymerase GLD2 isoform 5 [Homo sapiens]	TRUE	TENT2
XP_015665206.1	NP_001375022.1	0	N/A	28.191	188	31	9.71e-12	69.7	poly(A) RNA polymerase GLD2 isoform 5 [Homo sapiens]	TRUE	TENT2
XP_015665206.1	NP_001336479.1	0	N/A	28.191	188	31	9.71e-12	69.7	poly(A) RNA polymerase GLD2 isoform 5 [Homo sapiens]	TRUE	TENT2
XP_015665206.1	NP_001336478.1	0	N/A	28.191	188	31	9.71e-12	69.7	poly(A) RNA polymerase GLD2 isoform 5 [Homo sapiens]	TRUE	TENT2
XP_015665206.1	NP_001375066.1	0	N/A	25.128	195	32	2.91e-08	57.8	poly(A) RNA polymerase GLD2 isoform 15 [Homo sapiens]	TRUE	TENT2
XP_015665206.1	XP_047272815.1	0	N/A	26.901	171	33	2.08e-06	52.8	poly(A) RNA polymerase GLD2 isoform X7 [Homo sapiens]	TRUE	TENT2
XP_015665206.1	NP_001375064.1	0	N/A	26.901	171	33	2.08e-06	52.8	poly(A) RNA polymerase GLD2 isoform 13 [Homo sapiens]	TRUE	TENT2
XP_015665206.1	NP_001375063.1	0	N/A	26.901	171	33	2.08e-06	52.8	poly(A) RNA polymerase GLD2 isoform 13 [Homo sapiens]	TRUE	TENT2
XP_015665206.1	XP_047272818.1	0	N/A	31.579	95	19	2.31e-06	52.4	poly(A) RNA polymerase GLD2 isoform X10 [Homo sapiens]	TRUE	TENT2
XP_015665206.1	XP_047272814.1	0	N/A	26.901	171	33	2.68e-06	52.4	poly(A) RNA polymerase GLD2 isoform X6 [Homo sapiens]	TRUE	TENT2
XP_015665206.1	XP_047272813.1	0	N/A	26.901	171	33	2.68e-06	52.4	poly(A) RNA polymerase GLD2 isoform X6 [Homo sapiens]	TRUE	TENT2
XP_015665206.1	XP_047272812.1	0	N/A	26.901	171	33	2.68e-06	52.4	poly(A) RNA polymerase GLD2 isoform X6 [Homo sapiens]	TRUE	TENT2
XP_015665206.1	NP_001375062.1	0	N/A	26.901	171	33	2.68e-06	52.4	poly(A) RNA polymerase GLD2 isoform 3 [Homo sapiens]	TRUE	TENT2
XP_015665206.1	NP_001284674.1	0	N/A	26.901	171	33	2.68e-06	52.4	poly(A) RNA polymerase GLD2 isoform 3 [Homo sapiens]	TRUE	TENT2
XP_015665206.1	NP_001172003.1	0	N/A	24.444	180	28	2.91e-06	52.8	terminal uridylyltransferase 7 isoform 2 [Homo sapiens]	TRUE	Tut7
XP_015665206.1	XP_005252265.1	0	N/A	24.157	178	28	3.87e-06	52.4	terminal uridylyltransferase 7 isoform X7 [Homo sapiens]	TRUE	Tut7
XP_015665206.1	XP_016870620.1	0	N/A	24.157	178	28	3.98e-06	52.4	terminal uridylyltransferase 7 isoform X4 [Homo sapiens]	TRUE	Tut7
XP_016770423.1	NP_001375065.1	0	N/A	43.072	332	50	2.15e-72	240	poly(A) RNA polymerase GLD2 isoform 14 [Homo sapiens]	TRUE	TENT2
XP_016770423.1	NP_001375059.1	0	N/A	43.072	332	50	4.71e-72	243	poly(A) RNA polymerase GLD2 isoform 10 [Homo sapiens]	TRUE	TENT2
XP_016770423.1	NP_001375061.1	0	N/A	43.072	332	50	4.74e-72	242	poly(A) RNA polymerase GLD2 isoform 12 [Homo sapiens]	TRUE	TENT2
XP_016770423.1	XP_047272811.1	0	N/A	43.072	332	50	4.89e-72	243	poly(A) RNA polymerase GLD2 isoform X4 [Homo sapiens]	TRUE	TENT2
XP_016770423.1	XP_047272810.1	0	N/A	43.072	332	50	4.89e-72	243	poly(A) RNA polymerase GLD2 isoform X4 [Homo sapiens]	TRUE	TENT2
XP_016770423.1	XP_047272809.1	0	N/A	43.072	332	50	4.89e-72	243	poly(A) RNA polymerase GLD2 isoform X4 [Homo sapiens]	TRUE	TENT2
XP_016770423.1	NP_001375058.1	0	N/A	43.072	332	50	4.89e-72	243	poly(A) RNA polymerase GLD2 isoform 2 [Homo sapiens]	TRUE	TENT2
XP_016770423.1	NP_001375057.1	0	N/A	43.072	332	50	4.89e-72	243	poly(A) RNA polymerase GLD2 isoform 2 [Homo sapiens]	TRUE	TENT2
XP_016770423.1	NP_001375056.1	0	N/A	43.072	332	50	4.89e-72	243	poly(A) RNA polymerase GLD2 isoform 2 [Homo sapiens]	TRUE	TENT2
XP_016770423.1	NP_001375055.1	0	N/A	43.072	332	50	4.89e-72	243	poly(A) RNA polymerase GLD2 isoform 2 [Homo sapiens]	TRUE	TENT2
XP_016770423.1	NP_001375054.1	0	N/A	43.072	332	50	4.89e-72	243	poly(A) RNA polymerase GLD2 isoform 2 [Homo sapiens]	TRUE	TENT2
XP_016770423.1	NP_001375053.1	0	N/A	43.072	332	50	4.89e-72	243	poly(A) RNA polymerase GLD2 isoform 2 [Homo sapiens]	TRUE	TENT2
XP_016770423.1	NP_001375052.1	0	N/A	43.072	332	50	4.89e-72	243	poly(A) RNA polymerase GLD2 isoform 2 [Homo sapiens]	TRUE	TENT2
XP_016770423.1	NP_001375051.1	0	N/A	43.072	332	50	4.89e-72	243	poly(A) RNA polymerase GLD2 isoform 2 [Homo sapiens]	TRUE	TENT2
XP_016770423.1	NP_001375050.1	0	N/A	43.072	332	50	4.89e-72	243	poly(A) RNA polymerase GLD2 isoform 2 [Homo sapiens]	TRUE	TENT2
XP_016770423.1	NP_001375049.1	0	N/A	43.072	332	50	4.89e-72	243	poly(A) RNA polymerase GLD2 isoform 2 [Homo sapiens]	TRUE	TENT2
XP_016770423.1	NP_001375048.1	0	N/A	43.072	332	50	4.89e-72	243	poly(A) RNA polymerase GLD2 isoform 2 [Homo sapiens]	TRUE	TENT2
XP_016770423.1	NP_001375047.1	0	N/A	43.072	332	50	4.89e-72	243	poly(A) RNA polymerase GLD2 isoform 2 [Homo sapiens]	TRUE	TENT2
XP_016770423.1	NP_001375046.1	0	N/A	43.072	332	50	4.89e-72	243	poly(A) RNA polymerase GLD2 isoform 2 [Homo sapiens]	TRUE	TENT2
XP_016770423.1	NP_001375045.1	0	N/A	43.072	332	50	4.89e-72	243	poly(A) RNA polymerase GLD2 isoform 2 [Homo sapiens]	TRUE	TENT2
XP_016770423.1	NP_001375044.1	0	N/A	43.072	332	50	4.89e-72	243	poly(A) RNA polymerase GLD2 isoform 2 [Homo sapiens]	TRUE	TENT2
XP_016770423.1	NP_001375043.1	0	N/A	43.072	332	50	4.89e-72	243	poly(A) RNA polymerase GLD2 isoform 2 [Homo sapiens]	TRUE	TENT2
XP_016770423.1	NP_001336483.1	0	N/A	43.072	332	50	4.89e-72	243	poly(A) RNA polymerase GLD2 isoform 2 [Homo sapiens]	TRUE	TENT2
XP_016770423.1	NP_001284673.1	0	N/A	43.072	332	50	4.89e-72	243	poly(A) RNA polymerase GLD2 isoform 2 [Homo sapiens]	TRUE	TENT2
XP_016770423.1	XP_047272808.1	0	N/A	42.56	336	50	4.5e-70	238	poly(A) RNA polymerase GLD2 isoform X3 [Homo sapiens]	TRUE	TENT2
XP_016770423.1	XP_047272807.1	0	N/A	42.56	336	50	4.5e-70	238	poly(A) RNA polymerase GLD2 isoform X3 [Homo sapiens]	TRUE	TENT2
XP_016770423.1	XP_047272806.1	0	N/A	42.56	336	50	4.5e-70	238	poly(A) RNA polymerase GLD2 isoform X3 [Homo sapiens]	TRUE	TENT2
XP_016770423.1	NP_776158.2	0	N/A	42.56	336	50	4.5e-70	238	poly(A) RNA polymerase GLD2 isoform 1 [Homo sapiens]	TRUE	TENT2
XP_016770423.1	NP_001375041.1	0	N/A	42.56	336	50	4.5e-70	238	poly(A) RNA polymerase GLD2 isoform 1 [Homo sapiens]	TRUE	TENT2
XP_016770423.1	NP_001375040.1	0	N/A	42.56	336	50	4.5e-70	238	poly(A) RNA polymerase GLD2 isoform 1 [Homo sapiens]	TRUE	TENT2
XP_016770423.1	NP_001375039.1	0	N/A	42.56	336	50	4.5e-70	238	poly(A) RNA polymerase GLD2 isoform 1 [Homo sapiens]	TRUE	TENT2
XP_016770423.1	NP_001375038.1	0	N/A	42.56	336	50	4.5e-70	238	poly(A) RNA polymerase GLD2 isoform 1 [Homo sapiens]	TRUE	TENT2
XP_016770423.1	NP_001375037.1	0	N/A	42.56	336	50	4.5e-70	238	poly(A) RNA polymerase GLD2 isoform 1 [Homo sapiens]	TRUE	TENT2
XP_016770423.1	NP_001375036.1	0	N/A	42.56	336	50	4.5e-70	238	poly(A) RNA polymerase GLD2 isoform 1 [Homo sapiens]	TRUE	TENT2
XP_016770423.1	NP_001375035.1	0	N/A	42.56	336	50	4.5e-70	238	poly(A) RNA polymerase GLD2 isoform 1 [Homo sapiens]	TRUE	TENT2
XP_016770423.1	NP_001375034.1	0	N/A	42.56	336	50	4.5e-70	238	poly(A) RNA polymerase GLD2 isoform 1 [Homo sapiens]	TRUE	TENT2
XP_016770423.1	NP_001375032.1	0	N/A	42.56	336	50	4.5e-70	238	poly(A) RNA polymerase GLD2 isoform 1 [Homo sapiens]	TRUE	TENT2
XP_016770423.1	NP_001375031.1	0	N/A	42.56	336	50	4.5e-70	238	poly(A) RNA polymerase GLD2 isoform 1 [Homo sapiens]	TRUE	TENT2
XP_016770423.1	NP_001336482.1	0	N/A	42.56	336	50	4.5e-70	238	poly(A) RNA polymerase GLD2 isoform 1 [Homo sapiens]	TRUE	TENT2
XP_016770423.1	NP_001336481.1	0	N/A	42.56	336	50	4.5e-70	238	poly(A) RNA polymerase GLD2 isoform 1 [Homo sapiens]	TRUE	TENT2
XP_016770423.1	NP_001107866.1	0	N/A	42.56	336	50	4.5e-70	238	poly(A) RNA polymerase GLD2 isoform 1 [Homo sapiens]	TRUE	TENT2
XP_016770423.1	NP_001107865.1	0	N/A	42.56	336	50	4.5e-70	238	poly(A) RNA polymerase GLD2 isoform 1 [Homo sapiens]	TRUE	TENT2
XP_016770423.1	NP_001375042.1	0	N/A	42.56	336	50	4.92e-70	237	poly(A) RNA polymerase GLD2 isoform 16 [Homo sapiens]	TRUE	TENT2
XP_016770423.1	NP_001375060.1	0	N/A	42.56	336	50	5.28e-70	236	poly(A) RNA polymerase GLD2 isoform 11 [Homo sapiens]	TRUE	TENT2
XP_016770423.1	NP_001375030.1	0	N/A	41.813	342	50	4.37e-69	235	poly(A) RNA polymerase GLD2 isoform 9 [Homo sapiens]	TRUE	TENT2
XP_016770423.1	XP_047272805.1	0	N/A	40.336	357	50	4.26e-68	233	poly(A) RNA polymerase GLD2 isoform X2 [Homo sapiens]	TRUE	TENT2
XP_016770423.1	XP_047272804.1	0	N/A	40.336	357	50	4.26e-68	233	poly(A) RNA polymerase GLD2 isoform X2 [Homo sapiens]	TRUE	TENT2
XP_016770423.1	XP_047272803.1	0	N/A	40.336	357	50	4.26e-68	233	poly(A) RNA polymerase GLD2 isoform X2 [Homo sapiens]	TRUE	TENT2
XP_016770423.1	XP_047272802.1	0	N/A	40.336	357	50	4.26e-68	233	poly(A) RNA polymerase GLD2 isoform X2 [Homo sapiens]	TRUE	TENT2
XP_016770423.1	XP_016864641.1	0	N/A	40.336	357	50	4.26e-68	233	poly(A) RNA polymerase GLD2 isoform X2 [Homo sapiens]	TRUE	TENT2
XP_016770423.1	NP_001375026.1	0	N/A	40.336	357	50	4.26e-68	233	poly(A) RNA polymerase GLD2 isoform 6 [Homo sapiens]	TRUE	TENT2
XP_016770423.1	NP_001375025.1	0	N/A	40.336	357	50	4.26e-68	233	poly(A) RNA polymerase GLD2 isoform 6 [Homo sapiens]	TRUE	TENT2
XP_016770423.1	NP_001375024.1	0	N/A	40.336	357	50	4.26e-68	233	poly(A) RNA polymerase GLD2 isoform 6 [Homo sapiens]	TRUE	TENT2
XP_016770423.1	NP_001336480.1	0	N/A	40.336	357	50	4.26e-68	233	poly(A) RNA polymerase GLD2 isoform 6 [Homo sapiens]	TRUE	TENT2
XP_016770423.1	NP_001375027.1	0	N/A	40.336	357	50	5.17e-68	233	poly(A) RNA polymerase GLD2 isoform 7 [Homo sapiens]	TRUE	TENT2
XP_016770423.1	NP_001375029.1	0	N/A	41.329	346	50	4.59e-67	230	poly(A) RNA polymerase GLD2 isoform 8 [Homo sapiens]	TRUE	TENT2
XP_016770423.1	NP_001375028.1	0	N/A	41.329	346	50	4.59e-67	230	poly(A) RNA polymerase GLD2 isoform 8 [Homo sapiens]	TRUE	TENT2
XP_016770423.1	XP_047272801.1	0	N/A	39.889	361	50	3.74e-66	228	poly(A) RNA polymerase GLD2 isoform X1 [Homo sapiens]	TRUE	TENT2
XP_016770423.1	XP_047272800.1	0	N/A	39.889	361	50	3.74e-66	228	poly(A) RNA polymerase GLD2 isoform X1 [Homo sapiens]	TRUE	TENT2
XP_016770423.1	XP_011541527.1	0	N/A	39.889	361	50	3.74e-66	228	poly(A) RNA polymerase GLD2 isoform X1 [Homo sapiens]	TRUE	TENT2
XP_016770423.1	XP_011541526.1	0	N/A	39.889	361	50	3.74e-66	228	poly(A) RNA polymerase GLD2 isoform X1 [Homo sapiens]	TRUE	TENT2
XP_016770423.1	XP_011541523.1	0	N/A	39.889	361	50	3.74e-66	228	poly(A) RNA polymerase GLD2 isoform X1 [Homo sapiens]	TRUE	TENT2
XP_016770423.1	XP_011541522.1	0	N/A	39.889	361	50	3.74e-66	228	poly(A) RNA polymerase GLD2 isoform X1 [Homo sapiens]	TRUE	TENT2
XP_016770423.1	NP_001375023.1	0	N/A	39.889	361	50	3.74e-66	228	poly(A) RNA polymerase GLD2 isoform 5 [Homo sapiens]	TRUE	TENT2
XP_016770423.1	NP_001375022.1	0	N/A	39.889	361	50	3.74e-66	228	poly(A) RNA polymerase GLD2 isoform 5 [Homo sapiens]	TRUE	TENT2
XP_016770423.1	NP_001336479.1	0	N/A	39.889	361	50	3.74e-66	228	poly(A) RNA polymerase GLD2 isoform 5 [Homo sapiens]	TRUE	TENT2
XP_016770423.1	NP_001336478.1	0	N/A	39.889	361	50	3.74e-66	228	poly(A) RNA polymerase GLD2 isoform 5 [Homo sapiens]	TRUE	TENT2
XP_016770423.1	NP_001336477.1	0	N/A	43.678	261	39	3.12e-55	191	poly(A) RNA polymerase GLD2 isoform 4 [Homo sapiens]	TRUE	TENT2
XP_016770423.1	XP_047272820.1	0	N/A	45.041	242	37	3.75e-54	187	poly(A) RNA polymerase GLD2 isoform X11 [Homo sapiens]	TRUE	TENT2
XP_016770423.1	XP_047272815.1	0	N/A	34.94	332	50	4.4e-47	174	poly(A) RNA polymerase GLD2 isoform X7 [Homo sapiens]	TRUE	TENT2
XP_016770423.1	NP_001375064.1	0	N/A	34.94	332	50	4.4e-47	174	poly(A) RNA polymerase GLD2 isoform 13 [Homo sapiens]	TRUE	TENT2
XP_016770423.1	NP_001375063.1	0	N/A	34.94	332	50	4.4e-47	174	poly(A) RNA polymerase GLD2 isoform 13 [Homo sapiens]	TRUE	TENT2
XP_016770423.1	XP_047272814.1	0	N/A	34.524	336	50	3.62e-45	169	poly(A) RNA polymerase GLD2 isoform X6 [Homo sapiens]	TRUE	TENT2
XP_016770423.1	XP_047272813.1	0	N/A	34.524	336	50	3.62e-45	169	poly(A) RNA polymerase GLD2 isoform X6 [Homo sapiens]	TRUE	TENT2
XP_016770423.1	XP_047272812.1	0	N/A	34.524	336	50	3.62e-45	169	poly(A) RNA polymerase GLD2 isoform X6 [Homo sapiens]	TRUE	TENT2
XP_016770423.1	NP_001375062.1	0	N/A	34.524	336	50	3.62e-45	169	poly(A) RNA polymerase GLD2 isoform 3 [Homo sapiens]	TRUE	TENT2
XP_016770423.1	NP_001284674.1	0	N/A	34.524	336	50	3.62e-45	169	poly(A) RNA polymerase GLD2 isoform 3 [Homo sapiens]	TRUE	TENT2
XP_016770423.1	NP_001375066.1	0	N/A	44.86	214	32	5.54e-45	164	poly(A) RNA polymerase GLD2 isoform 15 [Homo sapiens]	TRUE	TENT2
XP_016770423.1	XP_047272818.1	0	N/A	45.729	199	30	3.78e-44	163	poly(A) RNA polymerase GLD2 isoform X10 [Homo sapiens]	TRUE	TENT2
XP_016770423.1	XP_047272817.1	0	N/A	41.818	220	30	4.51e-42	158	poly(A) RNA polymerase GLD2 isoform X9 [Homo sapiens]	TRUE	TENT2
XP_016770423.1	XP_011541531.1	0	N/A	32.41	361	50	2.15e-41	159	poly(A) RNA polymerase GLD2 isoform X5 [Homo sapiens]	TRUE	TENT2
XP_016770423.1	XP_047272816.1	0	N/A	41.071	224	30	2.69e-40	153	poly(A) RNA polymerase GLD2 isoform X8 [Homo sapiens]	TRUE	TENT2
XP_016770423.1	XP_047279823.1	0	N/A	33.898	295	44	1.66e-36	149	terminal uridylyltransferase 7 isoform X2 [Homo sapiens]	TRUE	Tut7
XP_016770423.1	XP_006717346.1	0	N/A	33.898	295	44	1.66e-36	149	terminal uridylyltransferase 7 isoform X2 [Homo sapiens]	TRUE	Tut7
XP_016770423.1	XP_016870620.1	0	N/A	33.898	295	44	1.97e-36	149	terminal uridylyltransferase 7 isoform X4 [Homo sapiens]	TRUE	Tut7
XP_016770423.1	XP_016870619.1	0	N/A	33.898	295	44	1.97e-36	149	terminal uridylyltransferase 7 isoform X4 [Homo sapiens]	TRUE	Tut7
XP_016770423.1	NP_078893.2	0	N/A	33.898	295	44	1.97e-36	149	terminal uridylyltransferase 7 isoform 1 [Homo sapiens]	TRUE	Tut7
XP_016770423.1	NP_001171988.1	0	N/A	33.898	295	44	1.97e-36	149	terminal uridylyltransferase 7 isoform 1 [Homo sapiens]	TRUE	Tut7
XP_016770423.1	XP_011517317.1	0	N/A	33.898	295	44	1.98e-36	149	terminal uridylyltransferase 7 isoform X3 [Homo sapiens]	TRUE	Tut7
XP_016770423.1	NP_001317647.1	0	N/A	33.898	295	44	2.07e-36	148	terminal uridylyltransferase 7 isoform 3 [Homo sapiens]	TRUE	Tut7
XP_016770423.1	XP_005252265.1	0	N/A	33.898	295	44	2.26e-36	149	terminal uridylyltransferase 7 isoform X7 [Homo sapiens]	TRUE	Tut7
XP_016770423.1	XP_047279825.1	0	N/A	33.898	295	44	2.35e-36	149	terminal uridylyltransferase 7 isoform X6 [Homo sapiens]	TRUE	Tut7
XP_016770423.1	XP_047279824.1	0	N/A	33.898	295	44	2.35e-36	149	terminal uridylyltransferase 7 isoform X6 [Homo sapiens]	TRUE	Tut7
XP_016770423.1	XP_005252264.1	0	N/A	33.898	295	44	2.35e-36	149	terminal uridylyltransferase 7 isoform X6 [Homo sapiens]	TRUE	Tut7
XP_016770423.1	XP_011517318.1	0	N/A	33.898	295	44	2.53e-36	149	terminal uridylyltransferase 7 isoform X5 [Homo sapiens]	TRUE	Tut7
XP_016770423.1	XP_011517316.1	0	N/A	33.898	295	44	2.71e-36	149	terminal uridylyltransferase 7 isoform X1 [Homo sapiens]	TRUE	Tut7
XP_016770423.1	XP_011517315.1	0	N/A	33.898	295	44	2.71e-36	149	terminal uridylyltransferase 7 isoform X1 [Homo sapiens]	TRUE	Tut7
XP_016770423.1	XP_011517314.1	0	N/A	33.898	295	44	2.71e-36	149	terminal uridylyltransferase 7 isoform X1 [Homo sapiens]	TRUE	Tut7
XP_016770423.1	XP_011517313.1	0	N/A	33.898	295	44	2.71e-36	149	terminal uridylyltransferase 7 isoform X1 [Homo sapiens]	TRUE	Tut7
XP_016770423.1	XP_047272372.1	0	N/A	36.059	269	40	7.36e-35	144	terminal uridylyltransferase 4 isoform X42 [Homo sapiens]	TRUE	Tut4
XP_016772964.1	NP_001035375.2	0	N/A	61.995	371	62	4.95e-160	474	terminal nucleotidyltransferase 4B isoform b [Homo sapiens]	TRUE	TENT4B
XP_016772964.1	XP_011521578.1	0	N/A	61.995	371	62	5.11e-160	474	terminal nucleotidyltransferase 4B isoform X2 [Homo sapiens]	TRUE	TENT4B
XP_016772964.1	XP_047290432.1	0	N/A	61.995	371	62	5.8e-160	473	terminal nucleotidyltransferase 4B isoform X4 [Homo sapiens]	TRUE	TENT4B
XP_016772964.1	NP_001035374.2	0	N/A	61.995	371	62	1.49e-159	474	terminal nucleotidyltransferase 4B isoform a [Homo sapiens]	TRUE	TENT4B
XP_016772964.1	XP_011521577.1	0	N/A	61.995	371	62	1.53e-159	474	terminal nucleotidyltransferase 4B isoform X1 [Homo sapiens]	TRUE	TENT4B
XP_016772964.1	XP_047290431.1	0	N/A	61.995	371	62	2.59e-159	472	terminal nucleotidyltransferase 4B isoform X3 [Homo sapiens]	TRUE	TENT4B
XP_016772964.1	NP_001352252.1	0	N/A	61.995	371	62	2.61e-159	473	terminal nucleotidyltransferase 4B isoform c [Homo sapiens]	TRUE	TENT4B
XP_016772964.1	NP_001352253.1	0	N/A	61.995	371	62	8.02e-159	473	terminal nucleotidyltransferase 4B isoform d [Homo sapiens]	TRUE	TENT4B
XP_016772964.1	NP_008930.2	0	N/A	60.753	372	63	1.76e-157	472	terminal nucleotidyltransferase 4A isoform 1 [Homo sapiens]	TRUE	TENT4A
XP_016772964.1	NP_001165276.2	0	N/A	60.753	372	63	2.1e-157	471	terminal nucleotidyltransferase 4A isoform 2 [Homo sapiens]	TRUE	TENT4A
XP_016772964.1	XP_047290433.1	0	N/A	66.667	315	55	2.27e-150	443	terminal nucleotidyltransferase 4B isoform X6 [Homo sapiens]	TRUE	TENT4B
XP_016772964.1	XP_011521580.1	0	N/A	66.667	315	55	5.17e-150	444	terminal nucleotidyltransferase 4B isoform X5 [Homo sapiens]	TRUE	TENT4B
XP_016772964.1	XP_047272622.1	0	N/A	66.667	300	52	1.01e-142	426	terminal nucleotidyltransferase 4A isoform X1 [Homo sapiens]	TRUE	TENT4A
XP_016772964.1	XP_047272621.1	0	N/A	66.667	300	52	1.01e-142	426	terminal nucleotidyltransferase 4A isoform X1 [Homo sapiens]	TRUE	TENT4A
XP_016772964.1	XP_047272620.1	0	N/A	66.667	300	52	1.01e-142	426	terminal nucleotidyltransferase 4A isoform X1 [Homo sapiens]	TRUE	TENT4A
XP_016772964.1	XP_047272624.1	0	N/A	67.354	291	51	1.19e-139	417	terminal nucleotidyltransferase 4A isoform X3 [Homo sapiens]	TRUE	TENT4A
XP_016772964.1	XP_047272623.1	0	N/A	67.354	291	51	1.28e-139	417	terminal nucleotidyltransferase 4A isoform X2 [Homo sapiens]	TRUE	TENT4A
XP_016772964.1	XP_016864477.1	0	N/A	67.354	291	51	1.28e-139	417	terminal nucleotidyltransferase 4A isoform X2 [Homo sapiens]	TRUE	TENT4A
XP_016772964.1	NP_001375061.1	0	N/A	24.199	281	42	1.42e-11	69.3	poly(A) RNA polymerase GLD2 isoform 12 [Homo sapiens]	TRUE	TENT2
XP_016772964.1	XP_047272811.1	0	N/A	24.199	281	42	1.43e-11	69.3	poly(A) RNA polymerase GLD2 isoform X4 [Homo sapiens]	TRUE	TENT2
XP_016772964.1	XP_047272810.1	0	N/A	24.199	281	42	1.43e-11	69.3	poly(A) RNA polymerase GLD2 isoform X4 [Homo sapiens]	TRUE	TENT2
XP_016772964.1	XP_047272809.1	0	N/A	24.199	281	42	1.43e-11	69.3	poly(A) RNA polymerase GLD2 isoform X4 [Homo sapiens]	TRUE	TENT2
XP_016772964.1	NP_001375058.1	0	N/A	24.199	281	42	1.43e-11	69.3	poly(A) RNA polymerase GLD2 isoform 2 [Homo sapiens]	TRUE	TENT2
XP_016772964.1	NP_001375057.1	0	N/A	24.199	281	42	1.43e-11	69.3	poly(A) RNA polymerase GLD2 isoform 2 [Homo sapiens]	TRUE	TENT2
XP_016772964.1	NP_001375056.1	0	N/A	24.199	281	42	1.43e-11	69.3	poly(A) RNA polymerase GLD2 isoform 2 [Homo sapiens]	TRUE	TENT2
XP_016772964.1	NP_001375055.1	0	N/A	24.199	281	42	1.43e-11	69.3	poly(A) RNA polymerase GLD2 isoform 2 [Homo sapiens]	TRUE	TENT2
XP_016772964.1	NP_001375054.1	0	N/A	24.199	281	42	1.43e-11	69.3	poly(A) RNA polymerase GLD2 isoform 2 [Homo sapiens]	TRUE	TENT2
XP_016772964.1	NP_001375053.1	0	N/A	24.199	281	42	1.43e-11	69.3	poly(A) RNA polymerase GLD2 isoform 2 [Homo sapiens]	TRUE	TENT2
XP_016772964.1	NP_001375052.1	0	N/A	24.199	281	42	1.43e-11	69.3	poly(A) RNA polymerase GLD2 isoform 2 [Homo sapiens]	TRUE	TENT2
XP_016772964.1	NP_001375051.1	0	N/A	24.199	281	42	1.43e-11	69.3	poly(A) RNA polymerase GLD2 isoform 2 [Homo sapiens]	TRUE	TENT2
XP_016772964.1	NP_001375050.1	0	N/A	24.199	281	42	1.43e-11	69.3	poly(A) RNA polymerase GLD2 isoform 2 [Homo sapiens]	TRUE	TENT2
XP_016772964.1	NP_001375049.1	0	N/A	24.199	281	42	1.43e-11	69.3	poly(A) RNA polymerase GLD2 isoform 2 [Homo sapiens]	TRUE	TENT2
XP_016772964.1	NP_001375048.1	0	N/A	24.199	281	42	1.43e-11	69.3	poly(A) RNA polymerase GLD2 isoform 2 [Homo sapiens]	TRUE	TENT2
XP_016772964.1	NP_001375047.1	0	N/A	24.199	281	42	1.43e-11	69.3	poly(A) RNA polymerase GLD2 isoform 2 [Homo sapiens]	TRUE	TENT2
XP_016772964.1	NP_001375046.1	0	N/A	24.199	281	42	1.43e-11	69.3	poly(A) RNA polymerase GLD2 isoform 2 [Homo sapiens]	TRUE	TENT2
XP_016772964.1	NP_001375045.1	0	N/A	24.199	281	42	1.43e-11	69.3	poly(A) RNA polymerase GLD2 isoform 2 [Homo sapiens]	TRUE	TENT2
XP_016772964.1	NP_001375044.1	0	N/A	24.199	281	42	1.43e-11	69.3	poly(A) RNA polymerase GLD2 isoform 2 [Homo sapiens]	TRUE	TENT2
XP_016772964.1	NP_001375043.1	0	N/A	24.199	281	42	1.43e-11	69.3	poly(A) RNA polymerase GLD2 isoform 2 [Homo sapiens]	TRUE	TENT2
XP_016772964.1	NP_001336483.1	0	N/A	24.199	281	42	1.43e-11	69.3	poly(A) RNA polymerase GLD2 isoform 2 [Homo sapiens]	TRUE	TENT2
XP_016772964.1	NP_001284673.1	0	N/A	24.199	281	42	1.43e-11	69.3	poly(A) RNA polymerase GLD2 isoform 2 [Homo sapiens]	TRUE	TENT2
XP_016772964.1	NP_001375059.1	0	N/A	24.199	281	42	1.47e-11	69.3	poly(A) RNA polymerase GLD2 isoform 10 [Homo sapiens]	TRUE	TENT2
XP_016772964.1	NP_001375065.1	0	N/A	24.199	281	42	2.3e-11	68.2	poly(A) RNA polymerase GLD2 isoform 14 [Homo sapiens]	TRUE	TENT2
XP_016772964.1	NP_001336477.1	0	N/A	25.366	205	30	4.65e-11	65.9	poly(A) RNA polymerase GLD2 isoform 4 [Homo sapiens]	TRUE	TENT2
XP_016772964.1	XP_047272820.1	0	N/A	25.366	205	30	8.27e-11	65.1	poly(A) RNA polymerase GLD2 isoform X11 [Homo sapiens]	TRUE	TENT2
XP_016772964.1	NP_001375060.1	0	N/A	23.86	285	42	1.09e-10	66.6	poly(A) RNA polymerase GLD2 isoform 11 [Homo sapiens]	TRUE	TENT2
XP_016772964.1	NP_001375042.1	0	N/A	23.86	285	42	1.17e-10	66.6	poly(A) RNA polymerase GLD2 isoform 16 [Homo sapiens]	TRUE	TENT2
XP_016772964.1	XP_047272808.1	0	N/A	23.86	285	42	1.29e-10	66.6	poly(A) RNA polymerase GLD2 isoform X3 [Homo sapiens]	TRUE	TENT2
XP_016772964.1	XP_047272807.1	0	N/A	23.86	285	42	1.29e-10	66.6	poly(A) RNA polymerase GLD2 isoform X3 [Homo sapiens]	TRUE	TENT2
XP_016772964.1	XP_047272806.1	0	N/A	23.86	285	42	1.29e-10	66.6	poly(A) RNA polymerase GLD2 isoform X3 [Homo sapiens]	TRUE	TENT2
XP_016772964.1	NP_776158.2	0	N/A	23.86	285	42	1.29e-10	66.6	poly(A) RNA polymerase GLD2 isoform 1 [Homo sapiens]	TRUE	TENT2
XP_016772964.1	NP_001375041.1	0	N/A	23.86	285	42	1.29e-10	66.6	poly(A) RNA polymerase GLD2 isoform 1 [Homo sapiens]	TRUE	TENT2
XP_016772964.1	NP_001375040.1	0	N/A	23.86	285	42	1.29e-10	66.6	poly(A) RNA polymerase GLD2 isoform 1 [Homo sapiens]	TRUE	TENT2
XP_016772964.1	NP_001375039.1	0	N/A	23.86	285	42	1.29e-10	66.6	poly(A) RNA polymerase GLD2 isoform 1 [Homo sapiens]	TRUE	TENT2
XP_016772964.1	NP_001375038.1	0	N/A	23.86	285	42	1.29e-10	66.6	poly(A) RNA polymerase GLD2 isoform 1 [Homo sapiens]	TRUE	TENT2
XP_016772964.1	NP_001375037.1	0	N/A	23.86	285	42	1.29e-10	66.6	poly(A) RNA polymerase GLD2 isoform 1 [Homo sapiens]	TRUE	TENT2
XP_016772964.1	NP_001375036.1	0	N/A	23.86	285	42	1.29e-10	66.6	poly(A) RNA polymerase GLD2 isoform 1 [Homo sapiens]	TRUE	TENT2
XP_016772964.1	NP_001375035.1	0	N/A	23.86	285	42	1.29e-10	66.6	poly(A) RNA polymerase GLD2 isoform 1 [Homo sapiens]	TRUE	TENT2
XP_016772964.1	NP_001375034.1	0	N/A	23.86	285	42	1.29e-10	66.6	poly(A) RNA polymerase GLD2 isoform 1 [Homo sapiens]	TRUE	TENT2
XP_016772964.1	NP_001375032.1	0	N/A	23.86	285	42	1.29e-10	66.6	poly(A) RNA polymerase GLD2 isoform 1 [Homo sapiens]	TRUE	TENT2
XP_016772964.1	NP_001375031.1	0	N/A	23.86	285	42	1.29e-10	66.6	poly(A) RNA polymerase GLD2 isoform 1 [Homo sapiens]	TRUE	TENT2
XP_016772964.1	NP_001336482.1	0	N/A	23.86	285	42	1.29e-10	66.6	poly(A) RNA polymerase GLD2 isoform 1 [Homo sapiens]	TRUE	TENT2
XP_016772964.1	NP_001336481.1	0	N/A	23.86	285	42	1.29e-10	66.6	poly(A) RNA polymerase GLD2 isoform 1 [Homo sapiens]	TRUE	TENT2
XP_016772964.1	NP_001107866.1	0	N/A	23.86	285	42	1.29e-10	66.6	poly(A) RNA polymerase GLD2 isoform 1 [Homo sapiens]	TRUE	TENT2
XP_016772964.1	NP_001107865.1	0	N/A	23.86	285	42	1.29e-10	66.6	poly(A) RNA polymerase GLD2 isoform 1 [Homo sapiens]	TRUE	TENT2
XP_016772964.1	NP_001375030.1	0	N/A	25.366	205	30	3.97e-10	65.1	poly(A) RNA polymerase GLD2 isoform 9 [Homo sapiens]	TRUE	TENT2
XP_016772964.1	XP_047272805.1	0	N/A	25.366	205	30	4.43e-10	64.7	poly(A) RNA polymerase GLD2 isoform X2 [Homo sapiens]	TRUE	TENT2
XP_016772964.1	XP_047272804.1	0	N/A	25.366	205	30	4.43e-10	64.7	poly(A) RNA polymerase GLD2 isoform X2 [Homo sapiens]	TRUE	TENT2
XP_016772964.1	XP_047272803.1	0	N/A	25.366	205	30	4.43e-10	64.7	poly(A) RNA polymerase GLD2 isoform X2 [Homo sapiens]	TRUE	TENT2
XP_016772964.1	XP_047272802.1	0	N/A	25.366	205	30	4.43e-10	64.7	poly(A) RNA polymerase GLD2 isoform X2 [Homo sapiens]	TRUE	TENT2
XP_016772964.1	XP_016864641.1	0	N/A	25.366	205	30	4.43e-10	64.7	poly(A) RNA polymerase GLD2 isoform X2 [Homo sapiens]	TRUE	TENT2
XP_016772964.1	NP_001375026.1	0	N/A	25.366	205	30	4.43e-10	64.7	poly(A) RNA polymerase GLD2 isoform 6 [Homo sapiens]	TRUE	TENT2
XP_016772964.1	NP_001375025.1	0	N/A	25.366	205	30	4.43e-10	64.7	poly(A) RNA polymerase GLD2 isoform 6 [Homo sapiens]	TRUE	TENT2
XP_016772964.1	NP_001375024.1	0	N/A	25.366	205	30	4.43e-10	64.7	poly(A) RNA polymerase GLD2 isoform 6 [Homo sapiens]	TRUE	TENT2
XP_016772964.1	NP_001336480.1	0	N/A	25.366	205	30	4.43e-10	64.7	poly(A) RNA polymerase GLD2 isoform 6 [Homo sapiens]	TRUE	TENT2
XP_016772964.1	NP_001375029.1	0	N/A	25.366	205	30	4.57e-10	64.7	poly(A) RNA polymerase GLD2 isoform 8 [Homo sapiens]	TRUE	TENT2
XP_016772964.1	NP_001375028.1	0	N/A	25.366	205	30	4.57e-10	64.7	poly(A) RNA polymerase GLD2 isoform 8 [Homo sapiens]	TRUE	TENT2
XP_016772964.1	NP_001375027.1	0	N/A	25.366	205	30	4.58e-10	64.7	poly(A) RNA polymerase GLD2 isoform 7 [Homo sapiens]	TRUE	TENT2
XP_016772964.1	XP_047272801.1	0	N/A	25.366	205	30	4.79e-10	64.7	poly(A) RNA polymerase GLD2 isoform X1 [Homo sapiens]	TRUE	TENT2
XP_016772964.1	XP_047272800.1	0	N/A	25.366	205	30	4.79e-10	64.7	poly(A) RNA polymerase GLD2 isoform X1 [Homo sapiens]	TRUE	TENT2
XP_016772964.1	XP_011541527.1	0	N/A	25.366	205	30	4.79e-10	64.7	poly(A) RNA polymerase GLD2 isoform X1 [Homo sapiens]	TRUE	TENT2
XP_016772964.1	XP_011541526.1	0	N/A	25.366	205	30	4.79e-10	64.7	poly(A) RNA polymerase GLD2 isoform X1 [Homo sapiens]	TRUE	TENT2
XP_016772964.1	XP_011541523.1	0	N/A	25.366	205	30	4.79e-10	64.7	poly(A) RNA polymerase GLD2 isoform X1 [Homo sapiens]	TRUE	TENT2
XP_016772964.1	XP_011541522.1	0	N/A	25.366	205	30	4.79e-10	64.7	poly(A) RNA polymerase GLD2 isoform X1 [Homo sapiens]	TRUE	TENT2
XP_016772964.1	NP_001375023.1	0	N/A	25.366	205	30	4.79e-10	64.7	poly(A) RNA polymerase GLD2 isoform 5 [Homo sapiens]	TRUE	TENT2
XP_016772964.1	NP_001375022.1	0	N/A	25.366	205	30	4.79e-10	64.7	poly(A) RNA polymerase GLD2 isoform 5 [Homo sapiens]	TRUE	TENT2
XP_016772964.1	NP_001336479.1	0	N/A	25.366	205	30	4.79e-10	64.7	poly(A) RNA polymerase GLD2 isoform 5 [Homo sapiens]	TRUE	TENT2
XP_016772964.1	NP_001336478.1	0	N/A	25.366	205	30	4.79e-10	64.7	poly(A) RNA polymerase GLD2 isoform 5 [Homo sapiens]	TRUE	TENT2
XP_016772964.1	NP_001317647.1	0	N/A	27.811	169	28	7.97e-09	61.2	terminal uridylyltransferase 7 isoform 3 [Homo sapiens]	TRUE	Tut7
XP_016772964.1	XP_011517318.1	0	N/A	27.811	169	28	1.18e-08	60.8	terminal uridylyltransferase 7 isoform X5 [Homo sapiens]	TRUE	Tut7
XP_016772964.1	XP_047279825.1	0	N/A	27.811	169	28	1.21e-08	60.8	terminal uridylyltransferase 7 isoform X6 [Homo sapiens]	TRUE	Tut7
XP_016772964.1	XP_047279824.1	0	N/A	27.811	169	28	1.21e-08	60.8	terminal uridylyltransferase 7 isoform X6 [Homo sapiens]	TRUE	Tut7
XP_016772964.1	XP_005252264.1	0	N/A	27.811	169	28	1.21e-08	60.8	terminal uridylyltransferase 7 isoform X6 [Homo sapiens]	TRUE	Tut7
XP_016772964.1	XP_047279823.1	0	N/A	27.811	169	28	1.27e-08	60.8	terminal uridylyltransferase 7 isoform X2 [Homo sapiens]	TRUE	Tut7
XP_016772964.1	XP_006717346.1	0	N/A	27.811	169	28	1.27e-08	60.8	terminal uridylyltransferase 7 isoform X2 [Homo sapiens]	TRUE	Tut7
XP_016772964.1	XP_011517317.1	0	N/A	27.811	169	28	1.31e-08	60.8	terminal uridylyltransferase 7 isoform X3 [Homo sapiens]	TRUE	Tut7
XP_016772964.1	XP_016870620.1	0	N/A	27.811	169	28	1.32e-08	60.8	terminal uridylyltransferase 7 isoform X4 [Homo sapiens]	TRUE	Tut7
XP_016772964.1	XP_016870619.1	0	N/A	27.811	169	28	1.32e-08	60.8	terminal uridylyltransferase 7 isoform X4 [Homo sapiens]	TRUE	Tut7
XP_016772964.1	NP_078893.2	0	N/A	27.811	169	28	1.32e-08	60.8	terminal uridylyltransferase 7 isoform 1 [Homo sapiens]	TRUE	Tut7
XP_016772964.1	NP_001171988.1	0	N/A	27.811	169	28	1.32e-08	60.8	terminal uridylyltransferase 7 isoform 1 [Homo sapiens]	TRUE	Tut7
XP_016772964.1	XP_005252265.1	0	N/A	27.811	169	28	1.32e-08	60.8	terminal uridylyltransferase 7 isoform X7 [Homo sapiens]	TRUE	Tut7
XP_018635135.1	XP_047272820.1	0	N/A	35.385	130	5	1.77e-08	60.5	poly(A) RNA polymerase GLD2 isoform X11 [Homo sapiens]	TRUE	TENT2
XP_018635135.1	NP_001336477.1	0	N/A	43.182	88	4	3.45e-08	59.7	poly(A) RNA polymerase GLD2 isoform 4 [Homo sapiens]	TRUE	TENT2
XP_018635135.1	XP_047272805.1	0	N/A	43.182	88	4	4.29e-08	61.2	poly(A) RNA polymerase GLD2 isoform X2 [Homo sapiens]	TRUE	TENT2
XP_018635135.1	XP_047272804.1	0	N/A	43.182	88	4	4.29e-08	61.2	poly(A) RNA polymerase GLD2 isoform X2 [Homo sapiens]	TRUE	TENT2
XP_018635135.1	XP_047272803.1	0	N/A	43.182	88	4	4.29e-08	61.2	poly(A) RNA polymerase GLD2 isoform X2 [Homo sapiens]	TRUE	TENT2
XP_018635135.1	XP_047272802.1	0	N/A	43.182	88	4	4.29e-08	61.2	poly(A) RNA polymerase GLD2 isoform X2 [Homo sapiens]	TRUE	TENT2
XP_018635135.1	XP_016864641.1	0	N/A	43.182	88	4	4.29e-08	61.2	poly(A) RNA polymerase GLD2 isoform X2 [Homo sapiens]	TRUE	TENT2
XP_018635135.1	NP_001375026.1	0	N/A	43.182	88	4	4.29e-08	61.2	poly(A) RNA polymerase GLD2 isoform 6 [Homo sapiens]	TRUE	TENT2
XP_018635135.1	NP_001375025.1	0	N/A	43.182	88	4	4.29e-08	61.2	poly(A) RNA polymerase GLD2 isoform 6 [Homo sapiens]	TRUE	TENT2
XP_018635135.1	NP_001375024.1	0	N/A	43.182	88	4	4.29e-08	61.2	poly(A) RNA polymerase GLD2 isoform 6 [Homo sapiens]	TRUE	TENT2
XP_018635135.1	NP_001336480.1	0	N/A	43.182	88	4	4.29e-08	61.2	poly(A) RNA polymerase GLD2 isoform 6 [Homo sapiens]	TRUE	TENT2
XP_018635135.1	XP_047272811.1	0	N/A	43.182	88	4	4.72e-08	60.8	poly(A) RNA polymerase GLD2 isoform X4 [Homo sapiens]	TRUE	TENT2
XP_018635135.1	XP_047272810.1	0	N/A	43.182	88	4	4.72e-08	60.8	poly(A) RNA polymerase GLD2 isoform X4 [Homo sapiens]	TRUE	TENT2
XP_018635135.1	XP_047272809.1	0	N/A	43.182	88	4	4.72e-08	60.8	poly(A) RNA polymerase GLD2 isoform X4 [Homo sapiens]	TRUE	TENT2
XP_018635135.1	NP_001375058.1	0	N/A	43.182	88	4	4.72e-08	60.8	poly(A) RNA polymerase GLD2 isoform 2 [Homo sapiens]	TRUE	TENT2
XP_018635135.1	NP_001375057.1	0	N/A	43.182	88	4	4.72e-08	60.8	poly(A) RNA polymerase GLD2 isoform 2 [Homo sapiens]	TRUE	TENT2
XP_018635135.1	NP_001375056.1	0	N/A	43.182	88	4	4.72e-08	60.8	poly(A) RNA polymerase GLD2 isoform 2 [Homo sapiens]	TRUE	TENT2
XP_018635135.1	NP_001375055.1	0	N/A	43.182	88	4	4.72e-08	60.8	poly(A) RNA polymerase GLD2 isoform 2 [Homo sapiens]	TRUE	TENT2
XP_018635135.1	NP_001375054.1	0	N/A	43.182	88	4	4.72e-08	60.8	poly(A) RNA polymerase GLD2 isoform 2 [Homo sapiens]	TRUE	TENT2
XP_018635135.1	NP_001375053.1	0	N/A	43.182	88	4	4.72e-08	60.8	poly(A) RNA polymerase GLD2 isoform 2 [Homo sapiens]	TRUE	TENT2
XP_018635135.1	NP_001375052.1	0	N/A	43.182	88	4	4.72e-08	60.8	poly(A) RNA polymerase GLD2 isoform 2 [Homo sapiens]	TRUE	TENT2
XP_018635135.1	NP_001375051.1	0	N/A	43.182	88	4	4.72e-08	60.8	poly(A) RNA polymerase GLD2 isoform 2 [Homo sapiens]	TRUE	TENT2
XP_018635135.1	NP_001375050.1	0	N/A	43.182	88	4	4.72e-08	60.8	poly(A) RNA polymerase GLD2 isoform 2 [Homo sapiens]	TRUE	TENT2
XP_018635135.1	NP_001375049.1	0	N/A	43.182	88	4	4.72e-08	60.8	poly(A) RNA polymerase GLD2 isoform 2 [Homo sapiens]	TRUE	TENT2
XP_018635135.1	NP_001375048.1	0	N/A	43.182	88	4	4.72e-08	60.8	poly(A) RNA polymerase GLD2 isoform 2 [Homo sapiens]	TRUE	TENT2
XP_018635135.1	NP_001375047.1	0	N/A	43.182	88	4	4.72e-08	60.8	poly(A) RNA polymerase GLD2 isoform 2 [Homo sapiens]	TRUE	TENT2
XP_018635135.1	NP_001375046.1	0	N/A	43.182	88	4	4.72e-08	60.8	poly(A) RNA polymerase GLD2 isoform 2 [Homo sapiens]	TRUE	TENT2
XP_018635135.1	NP_001375045.1	0	N/A	43.182	88	4	4.72e-08	60.8	poly(A) RNA polymerase GLD2 isoform 2 [Homo sapiens]	TRUE	TENT2
XP_018635135.1	NP_001375044.1	0	N/A	43.182	88	4	4.72e-08	60.8	poly(A) RNA polymerase GLD2 isoform 2 [Homo sapiens]	TRUE	TENT2
XP_018635135.1	NP_001375043.1	0	N/A	43.182	88	4	4.72e-08	60.8	poly(A) RNA polymerase GLD2 isoform 2 [Homo sapiens]	TRUE	TENT2
XP_018635135.1	NP_001336483.1	0	N/A	43.182	88	4	4.72e-08	60.8	poly(A) RNA polymerase GLD2 isoform 2 [Homo sapiens]	TRUE	TENT2
XP_018635135.1	NP_001284673.1	0	N/A	43.182	88	4	4.72e-08	60.8	poly(A) RNA polymerase GLD2 isoform 2 [Homo sapiens]	TRUE	TENT2
XP_018635135.1	NP_001375030.1	0	N/A	43.182	88	4	5.49e-08	60.8	poly(A) RNA polymerase GLD2 isoform 9 [Homo sapiens]	TRUE	TENT2
XP_018635135.1	NP_001375029.1	0	N/A	43.182	88	4	5.68e-08	60.8	poly(A) RNA polymerase GLD2 isoform 8 [Homo sapiens]	TRUE	TENT2
XP_018635135.1	NP_001375028.1	0	N/A	43.182	88	4	5.68e-08	60.8	poly(A) RNA polymerase GLD2 isoform 8 [Homo sapiens]	TRUE	TENT2
XP_018635135.1	NP_001172003.1	0	N/A	40.58	69	3	6.52e-08	61.2	terminal uridylyltransferase 7 isoform 2 [Homo sapiens]	TRUE	Tut7
XP_018635135.1	XP_047279823.1	0	N/A	40.58	69	3	6.59e-08	61.2	terminal uridylyltransferase 7 isoform X2 [Homo sapiens]	TRUE	Tut7
XP_018635135.1	XP_006717346.1	0	N/A	40.58	69	3	6.59e-08	61.2	terminal uridylyltransferase 7 isoform X2 [Homo sapiens]	TRUE	Tut7
XP_018635135.1	NP_001375066.1	0	N/A	43.182	88	4	7.21e-08	58.9	poly(A) RNA polymerase GLD2 isoform 15 [Homo sapiens]	TRUE	TENT2
XP_018635135.1	XP_011517317.1	0	N/A	40.58	69	3	7.54e-08	60.8	terminal uridylyltransferase 7 isoform X3 [Homo sapiens]	TRUE	Tut7
XP_018635135.1	XP_047279825.1	0	N/A	40.58	69	3	7.67e-08	60.8	terminal uridylyltransferase 7 isoform X6 [Homo sapiens]	TRUE	Tut7
XP_018635135.1	XP_047279824.1	0	N/A	40.58	69	3	7.67e-08	60.8	terminal uridylyltransferase 7 isoform X6 [Homo sapiens]	TRUE	Tut7
XP_018635135.1	XP_005252264.1	0	N/A	40.58	69	3	7.67e-08	60.8	terminal uridylyltransferase 7 isoform X6 [Homo sapiens]	TRUE	Tut7
XP_018635135.1	XP_016870620.1	0	N/A	40.58	69	3	8.09e-08	60.8	terminal uridylyltransferase 7 isoform X4 [Homo sapiens]	TRUE	Tut7
XP_018635135.1	XP_016870619.1	0	N/A	40.58	69	3	8.09e-08	60.8	terminal uridylyltransferase 7 isoform X4 [Homo sapiens]	TRUE	Tut7
XP_018635135.1	NP_078893.2	0	N/A	40.58	69	3	8.09e-08	60.8	terminal uridylyltransferase 7 isoform 1 [Homo sapiens]	TRUE	Tut7
XP_018635135.1	NP_001171988.1	0	N/A	40.58	69	3	8.09e-08	60.8	terminal uridylyltransferase 7 isoform 1 [Homo sapiens]	TRUE	Tut7
XP_018635135.1	XP_011517316.1	0	N/A	40.58	69	3	8.86e-08	60.8	terminal uridylyltransferase 7 isoform X1 [Homo sapiens]	TRUE	Tut7
XP_018635135.1	XP_011517315.1	0	N/A	40.58	69	3	8.86e-08	60.8	terminal uridylyltransferase 7 isoform X1 [Homo sapiens]	TRUE	Tut7
XP_018635135.1	XP_011517314.1	0	N/A	40.58	69	3	8.86e-08	60.8	terminal uridylyltransferase 7 isoform X1 [Homo sapiens]	TRUE	Tut7
XP_018635135.1	XP_011517313.1	0	N/A	40.58	69	3	8.86e-08	60.8	terminal uridylyltransferase 7 isoform X1 [Homo sapiens]	TRUE	Tut7
XP_018635135.1	XP_011517318.1	0	N/A	40.58	69	3	8.87e-08	60.8	terminal uridylyltransferase 7 isoform X5 [Homo sapiens]	TRUE	Tut7
XP_018635135.1	XP_005252265.1	0	N/A	40.58	69	3	9.66e-08	60.5	terminal uridylyltransferase 7 isoform X7 [Homo sapiens]	TRUE	Tut7
XP_018635135.1	NP_001375065.1	0	N/A	43.182	88	4	1.39e-07	58.9	poly(A) RNA polymerase GLD2 isoform 14 [Homo sapiens]	TRUE	TENT2
XP_018635135.1	XP_016856293.1	0	N/A	40.58	69	3	1.53e-07	60.1	terminal uridylyltransferase 4 isoform X16 [Homo sapiens]	TRUE	Tut4
XP_018635135.1	XP_047272288.1	0	N/A	40.58	69	3	1.54e-07	60.1	terminal uridylyltransferase 4 isoform X10 [Homo sapiens]	TRUE	Tut4
XP_018635135.1	XP_016856299.1	0	N/A	40.58	69	3	1.58e-07	60.1	terminal uridylyltransferase 4 isoform X40 [Homo sapiens]	TRUE	Tut4
XP_018635135.1	XP_016856292.1	0	N/A	40.58	69	3	1.6e-07	60.1	terminal uridylyltransferase 4 isoform X9 [Homo sapiens]	TRUE	Tut4
XP_018635135.1	XP_047272295.1	0	N/A	40.58	69	3	1.62e-07	60.1	terminal uridylyltransferase 4 isoform X12 [Homo sapiens]	TRUE	Tut4
XP_018635135.1	XP_047272305.1	0	N/A	40.58	69	3	1.64e-07	60.1	terminal uridylyltransferase 4 isoform X17 [Homo sapiens]	TRUE	Tut4
XP_018635135.1	XP_047272281.1	0	N/A	40.58	69	3	1.64e-07	60.1	terminal uridylyltransferase 4 isoform X4 [Homo sapiens]	TRUE	Tut4
XP_018635135.1	NP_001009881.1	0	N/A	40.58	69	3	1.64e-07	60.1	terminal uridylyltransferase 4 isoform a [Homo sapiens]	TRUE	Tut4
XP_018635135.1	XP_047272283.1	0	N/A	40.58	69	3	1.65e-07	60.1	terminal uridylyltransferase 4 isoform X6 [Homo sapiens]	TRUE	Tut4
XP_018635135.1	XP_005270737.1	0	N/A	40.58	69	3	1.65e-07	60.1	terminal uridylyltransferase 4 isoform X6 [Homo sapiens]	TRUE	Tut4
XP_018635135.1	XP_047272296.1	0	N/A	40.58	69	3	1.66e-07	60.1	terminal uridylyltransferase 4 isoform X13 [Homo sapiens]	TRUE	Tut4
XP_018635135.1	XP_047272285.1	0	N/A	40.58	69	3	1.67e-07	60.1	terminal uridylyltransferase 4 isoform X7 [Homo sapiens]	TRUE	Tut4
XP_018635135.1	XP_047272282.1	0	N/A	40.58	69	3	1.67e-07	60.1	terminal uridylyltransferase 4 isoform X5 [Homo sapiens]	TRUE	Tut4
XP_018635135.1	NP_056084.1	0	N/A	40.58	69	3	1.67e-07	60.1	terminal uridylyltransferase 4 isoform b [Homo sapiens]	TRUE	Tut4
XP_018635135.1	XP_047272372.1	0	N/A	40.58	69	3	1.68e-07	59.7	terminal uridylyltransferase 4 isoform X42 [Homo sapiens]	TRUE	Tut4
XP_018635135.1	XP_047272365.1	0	N/A	40.58	69	3	1.78e-07	59.7	terminal uridylyltransferase 4 isoform X38 [Homo sapiens]	TRUE	Tut4
XP_018635135.1	XP_005270739.1	0	N/A	40.58	69	3	1.78e-07	59.7	terminal uridylyltransferase 4 isoform X33 [Homo sapiens]	TRUE	Tut4
XP_018635135.1	XP_047272290.1	0	N/A	40.58	69	3	1.84e-07	59.7	terminal uridylyltransferase 4 isoform X11 [Homo sapiens]	TRUE	Tut4
XP_018635135.1	XP_047272286.1	0	N/A	40.58	69	3	1.86e-07	59.7	terminal uridylyltransferase 4 isoform X8 [Homo sapiens]	TRUE	Tut4
XP_018635135.1	XP_011539399.1	0	N/A	40.58	69	3	1.86e-07	59.7	terminal uridylyltransferase 4 isoform X1 [Homo sapiens]	TRUE	Tut4
XP_018635135.1	XP_005270733.1	0	N/A	40.58	69	3	1.86e-07	59.7	terminal uridylyltransferase 4 isoform X1 [Homo sapiens]	TRUE	Tut4
XP_018635135.1	XP_005270735.1	0	N/A	40.58	69	3	1.88e-07	59.7	terminal uridylyltransferase 4 isoform X2 [Homo sapiens]	TRUE	Tut4
XP_018635135.1	XP_047272280.1	0	N/A	40.58	69	3	1.89e-07	59.7	terminal uridylyltransferase 4 isoform X3 [Homo sapiens]	TRUE	Tut4
XP_018635135.1	XP_005270736.1	0	N/A	40.58	69	3	1.89e-07	59.7	terminal uridylyltransferase 4 isoform X3 [Homo sapiens]	TRUE	Tut4
XP_018635135.1	XP_016856297.1	0	N/A	40.58	69	3	1.9e-07	59.7	terminal uridylyltransferase 4 isoform X36 [Homo sapiens]	TRUE	Tut4
XP_018635135.1	XP_047272350.1	0	N/A	40.58	69	3	1.94e-07	59.7	terminal uridylyltransferase 4 isoform X34 [Homo sapiens]	TRUE	Tut4
XP_018635135.1	XP_047272345.1	0	N/A	40.58	69	3	1.97e-07	59.7	terminal uridylyltransferase 4 isoform X31 [Homo sapiens]	TRUE	Tut4
XP_018635135.1	XP_016856296.1	0	N/A	40.58	69	3	1.98e-07	59.7	terminal uridylyltransferase 4 isoform X28 [Homo sapiens]	TRUE	Tut4
XP_018635135.1	XP_011539401.1	0	N/A	40.58	69	3	2.01e-07	59.7	terminal uridylyltransferase 4 isoform X29 [Homo sapiens]	TRUE	Tut4
XP_018635135.1	XP_047272337.1	0	N/A	40.58	69	3	2.06e-07	59.7	terminal uridylyltransferase 4 isoform X27 [Homo sapiens]	TRUE	Tut4
XP_018635135.1	XP_016856295.1	0	N/A	40.58	69	3	2.08e-07	59.7	terminal uridylyltransferase 4 isoform X25 [Homo sapiens]	TRUE	Tut4
XP_018635135.1	XP_047272344.1	0	N/A	40.58	69	3	2.2e-07	59.3	terminal uridylyltransferase 4 isoform X30 [Homo sapiens]	TRUE	Tut4
XP_018635135.1	XP_047272325.1	0	N/A	40.58	69	3	2.24e-07	59.3	terminal uridylyltransferase 4 isoform X23 [Homo sapiens]	TRUE	Tut4
XP_018635135.1	XP_047272384.1	0	N/A	40.58	69	3	2.45e-07	59.3	terminal uridylyltransferase 4 isoform X46 [Homo sapiens]	TRUE	Tut4
XP_018635135.1	XP_047272816.1	0	N/A	34.513	113	4	3.04e-07	57.8	poly(A) RNA polymerase GLD2 isoform X8 [Homo sapiens]	TRUE	TENT2
XP_018635135.1	XP_047272801.1	0	N/A	35.385	130	5	3.2e-07	58.2	poly(A) RNA polymerase GLD2 isoform X1 [Homo sapiens]	TRUE	TENT2
XP_018635135.1	XP_047272800.1	0	N/A	35.385	130	5	3.2e-07	58.2	poly(A) RNA polymerase GLD2 isoform X1 [Homo sapiens]	TRUE	TENT2
XP_018635135.1	XP_011541527.1	0	N/A	35.385	130	5	3.2e-07	58.2	poly(A) RNA polymerase GLD2 isoform X1 [Homo sapiens]	TRUE	TENT2
XP_018635135.1	XP_011541526.1	0	N/A	35.385	130	5	3.2e-07	58.2	poly(A) RNA polymerase GLD2 isoform X1 [Homo sapiens]	TRUE	TENT2
XP_018635135.1	XP_011541523.1	0	N/A	35.385	130	5	3.2e-07	58.2	poly(A) RNA polymerase GLD2 isoform X1 [Homo sapiens]	TRUE	TENT2
XP_018635135.1	XP_011541522.1	0	N/A	35.385	130	5	3.2e-07	58.2	poly(A) RNA polymerase GLD2 isoform X1 [Homo sapiens]	TRUE	TENT2
XP_018635135.1	NP_001375023.1	0	N/A	35.385	130	5	3.2e-07	58.2	poly(A) RNA polymerase GLD2 isoform 5 [Homo sapiens]	TRUE	TENT2
XP_018635135.1	NP_001375022.1	0	N/A	35.385	130	5	3.2e-07	58.2	poly(A) RNA polymerase GLD2 isoform 5 [Homo sapiens]	TRUE	TENT2
XP_018635135.1	NP_001336479.1	0	N/A	35.385	130	5	3.2e-07	58.2	poly(A) RNA polymerase GLD2 isoform 5 [Homo sapiens]	TRUE	TENT2
XP_018635135.1	NP_001336478.1	0	N/A	35.385	130	5	3.2e-07	58.2	poly(A) RNA polymerase GLD2 isoform 5 [Homo sapiens]	TRUE	TENT2
XP_018635135.1	NP_001375061.1	0	N/A	43.182	88	4	3.23e-07	58.2	poly(A) RNA polymerase GLD2 isoform 12 [Homo sapiens]	TRUE	TENT2
XP_018636501.1	XP_011521580.1	0	N/A	34.574	188	22	9.7e-25	111	terminal nucleotidyltransferase 4B isoform X5 [Homo sapiens]	TRUE	TENT4B
XP_018636501.1	XP_047290433.1	0	N/A	34.574	188	22	1.01e-24	111	terminal nucleotidyltransferase 4B isoform X6 [Homo sapiens]	TRUE	TENT4B
XP_018636501.1	NP_001035374.2	0	N/A	34.574	188	22	2.01e-24	112	terminal nucleotidyltransferase 4B isoform a [Homo sapiens]	TRUE	TENT4B
XP_018636501.1	XP_011521577.1	0	N/A	34.574	188	22	2.02e-24	112	terminal nucleotidyltransferase 4B isoform X1 [Homo sapiens]	TRUE	TENT4B
XP_018636501.1	NP_001035375.2	0	N/A	34.574	188	22	2.4e-24	111	terminal nucleotidyltransferase 4B isoform b [Homo sapiens]	TRUE	TENT4B
XP_018636501.1	XP_011521578.1	0	N/A	34.574	188	22	2.41e-24	111	terminal nucleotidyltransferase 4B isoform X2 [Homo sapiens]	TRUE	TENT4B
XP_018636501.1	NP_001352252.1	0	N/A	34.574	188	22	3.59e-24	111	terminal nucleotidyltransferase 4B isoform c [Homo sapiens]	TRUE	TENT4B
XP_018636501.1	XP_047290432.1	0	N/A	34.574	188	22	5.11e-24	110	terminal nucleotidyltransferase 4B isoform X4 [Homo sapiens]	TRUE	TENT4B
XP_018636501.1	NP_001352253.1	0	N/A	34.574	188	22	5.19e-24	110	terminal nucleotidyltransferase 4B isoform d [Homo sapiens]	TRUE	TENT4B
XP_018636501.1	XP_047290431.1	0	N/A	34.574	188	22	9.27e-24	109	terminal nucleotidyltransferase 4B isoform X3 [Homo sapiens]	TRUE	TENT4B
XP_018636501.1	XP_047272622.1	0	N/A	32.02	203	24	1.01e-22	105	terminal nucleotidyltransferase 4A isoform X1 [Homo sapiens]	TRUE	TENT4A
XP_018636501.1	XP_047272621.1	0	N/A	32.02	203	24	1.01e-22	105	terminal nucleotidyltransferase 4A isoform X1 [Homo sapiens]	TRUE	TENT4A
XP_018636501.1	XP_047272620.1	0	N/A	32.02	203	24	1.01e-22	105	terminal nucleotidyltransferase 4A isoform X1 [Homo sapiens]	TRUE	TENT4A
XP_018636501.1	XP_047272623.1	0	N/A	32.02	203	24	1.11e-22	105	terminal nucleotidyltransferase 4A isoform X2 [Homo sapiens]	TRUE	TENT4A
XP_018636501.1	XP_016864477.1	0	N/A	32.02	203	24	1.11e-22	105	terminal nucleotidyltransferase 4A isoform X2 [Homo sapiens]	TRUE	TENT4A
XP_018636501.1	NP_008930.2	0	N/A	32.02	203	24	1.22e-22	106	terminal nucleotidyltransferase 4A isoform 1 [Homo sapiens]	TRUE	TENT4A
XP_018636501.1	NP_001165276.2	0	N/A	32.02	203	24	1.29e-22	106	terminal nucleotidyltransferase 4A isoform 2 [Homo sapiens]	TRUE	TENT4A
XP_018636501.1	XP_047272624.1	0	N/A	32.02	203	24	1.39e-22	105	terminal nucleotidyltransferase 4A isoform X3 [Homo sapiens]	TRUE	TENT4A
XP_018636501.1	XP_047272820.1	0	N/A	32.258	93	11	1.21e-05	50.4	poly(A) RNA polymerase GLD2 isoform X11 [Homo sapiens]	TRUE	TENT2
XP_018636501.1	NP_001336477.1	0	N/A	32.258	93	11	1.33e-05	50.1	poly(A) RNA polymerase GLD2 isoform 4 [Homo sapiens]	TRUE	TENT2
XP_018636501.1	NP_001172003.1	0	N/A	29.474	95	11	1.4e-05	51.6	terminal uridylyltransferase 7 isoform 2 [Homo sapiens]	TRUE	Tut7
XP_018636501.1	NP_001317647.1	0	N/A	29.474	95	11	1.77e-05	51.2	terminal uridylyltransferase 7 isoform 3 [Homo sapiens]	TRUE	Tut7
XP_018636501.1	XP_016870620.1	0	N/A	29.474	95	11	1.99e-05	51.2	terminal uridylyltransferase 7 isoform X4 [Homo sapiens]	TRUE	Tut7
XP_018636501.1	XP_016870619.1	0	N/A	29.474	95	11	1.99e-05	51.2	terminal uridylyltransferase 7 isoform X4 [Homo sapiens]	TRUE	Tut7
XP_018636501.1	NP_078893.2	0	N/A	29.474	95	11	1.99e-05	51.2	terminal uridylyltransferase 7 isoform 1 [Homo sapiens]	TRUE	Tut7
XP_018636501.1	NP_001171988.1	0	N/A	29.474	95	11	1.99e-05	51.2	terminal uridylyltransferase 7 isoform 1 [Homo sapiens]	TRUE	Tut7
XP_018636501.1	XP_011517318.1	0	N/A	29.474	95	11	2.04e-05	51.2	terminal uridylyltransferase 7 isoform X5 [Homo sapiens]	TRUE	Tut7
XP_018636501.1	NP_001375061.1	0	N/A	32.258	93	11	2.06e-05	50.4	poly(A) RNA polymerase GLD2 isoform 12 [Homo sapiens]	TRUE	TENT2
XP_018636501.1	XP_047279823.1	0	N/A	29.474	95	11	2.13e-05	51.2	terminal uridylyltransferase 7 isoform X2 [Homo sapiens]	TRUE	Tut7
XP_018636501.1	XP_006717346.1	0	N/A	29.474	95	11	2.13e-05	51.2	terminal uridylyltransferase 7 isoform X2 [Homo sapiens]	TRUE	Tut7
XP_018636501.1	XP_047279825.1	0	N/A	29.474	95	11	2.18e-05	51.2	terminal uridylyltransferase 7 isoform X6 [Homo sapiens]	TRUE	Tut7
XP_018636501.1	XP_047279824.1	0	N/A	29.474	95	11	2.18e-05	51.2	terminal uridylyltransferase 7 isoform X6 [Homo sapiens]	TRUE	Tut7
XP_018636501.1	XP_005252264.1	0	N/A	29.474	95	11	2.18e-05	51.2	terminal uridylyltransferase 7 isoform X6 [Homo sapiens]	TRUE	Tut7
XP_018636501.1	XP_011517317.1	0	N/A	29.474	95	11	2.28e-05	51.2	terminal uridylyltransferase 7 isoform X3 [Homo sapiens]	TRUE	Tut7
XP_018636501.1	XP_047272808.1	0	N/A	32.258	93	11	2.3e-05	50.4	poly(A) RNA polymerase GLD2 isoform X3 [Homo sapiens]	TRUE	TENT2
XP_018636501.1	XP_047272807.1	0	N/A	32.258	93	11	2.3e-05	50.4	poly(A) RNA polymerase GLD2 isoform X3 [Homo sapiens]	TRUE	TENT2
XP_018636501.1	XP_047272806.1	0	N/A	32.258	93	11	2.3e-05	50.4	poly(A) RNA polymerase GLD2 isoform X3 [Homo sapiens]	TRUE	TENT2
XP_018636501.1	NP_776158.2	0	N/A	32.258	93	11	2.3e-05	50.4	poly(A) RNA polymerase GLD2 isoform 1 [Homo sapiens]	TRUE	TENT2
XP_018636501.1	NP_001375041.1	0	N/A	32.258	93	11	2.3e-05	50.4	poly(A) RNA polymerase GLD2 isoform 1 [Homo sapiens]	TRUE	TENT2
XP_018636501.1	NP_001375040.1	0	N/A	32.258	93	11	2.3e-05	50.4	poly(A) RNA polymerase GLD2 isoform 1 [Homo sapiens]	TRUE	TENT2
XP_018636501.1	NP_001375039.1	0	N/A	32.258	93	11	2.3e-05	50.4	poly(A) RNA polymerase GLD2 isoform 1 [Homo sapiens]	TRUE	TENT2
XP_018636501.1	NP_001375038.1	0	N/A	32.258	93	11	2.3e-05	50.4	poly(A) RNA polymerase GLD2 isoform 1 [Homo sapiens]	TRUE	TENT2
XP_018636501.1	NP_001375037.1	0	N/A	32.258	93	11	2.3e-05	50.4	poly(A) RNA polymerase GLD2 isoform 1 [Homo sapiens]	TRUE	TENT2
XP_018636501.1	NP_001375036.1	0	N/A	32.258	93	11	2.3e-05	50.4	poly(A) RNA polymerase GLD2 isoform 1 [Homo sapiens]	TRUE	TENT2
XP_018636501.1	NP_001375035.1	0	N/A	32.258	93	11	2.3e-05	50.4	poly(A) RNA polymerase GLD2 isoform 1 [Homo sapiens]	TRUE	TENT2
XP_018636501.1	NP_001375034.1	0	N/A	32.258	93	11	2.3e-05	50.4	poly(A) RNA polymerase GLD2 isoform 1 [Homo sapiens]	TRUE	TENT2
XP_018636501.1	NP_001375032.1	0	N/A	32.258	93	11	2.3e-05	50.4	poly(A) RNA polymerase GLD2 isoform 1 [Homo sapiens]	TRUE	TENT2
XP_018636501.1	NP_001375031.1	0	N/A	32.258	93	11	2.3e-05	50.4	poly(A) RNA polymerase GLD2 isoform 1 [Homo sapiens]	TRUE	TENT2
XP_018636501.1	NP_001336482.1	0	N/A	32.258	93	11	2.3e-05	50.4	poly(A) RNA polymerase GLD2 isoform 1 [Homo sapiens]	TRUE	TENT2
XP_018636501.1	NP_001336481.1	0	N/A	32.258	93	11	2.3e-05	50.4	poly(A) RNA polymerase GLD2 isoform 1 [Homo sapiens]	TRUE	TENT2
XP_018636501.1	NP_001107866.1	0	N/A	32.258	93	11	2.3e-05	50.4	poly(A) RNA polymerase GLD2 isoform 1 [Homo sapiens]	TRUE	TENT2
XP_018636501.1	NP_001107865.1	0	N/A	32.258	93	11	2.3e-05	50.4	poly(A) RNA polymerase GLD2 isoform 1 [Homo sapiens]	TRUE	TENT2
XP_018636501.1	NP_001375065.1	0	N/A	32.258	93	11	2.32e-05	50.1	poly(A) RNA polymerase GLD2 isoform 14 [Homo sapiens]	TRUE	TENT2
XP_018636501.1	XP_047272811.1	0	N/A	32.258	93	11	2.35e-05	50.4	poly(A) RNA polymerase GLD2 isoform X4 [Homo sapiens]	TRUE	TENT2
XP_018636501.1	XP_047272810.1	0	N/A	32.258	93	11	2.35e-05	50.4	poly(A) RNA polymerase GLD2 isoform X4 [Homo sapiens]	TRUE	TENT2
XP_018636501.1	XP_047272809.1	0	N/A	32.258	93	11	2.35e-05	50.4	poly(A) RNA polymerase GLD2 isoform X4 [Homo sapiens]	TRUE	TENT2
XP_018636501.1	NP_001375058.1	0	N/A	32.258	93	11	2.35e-05	50.4	poly(A) RNA polymerase GLD2 isoform 2 [Homo sapiens]	TRUE	TENT2
XP_018636501.1	NP_001375057.1	0	N/A	32.258	93	11	2.35e-05	50.4	poly(A) RNA polymerase GLD2 isoform 2 [Homo sapiens]	TRUE	TENT2
XP_018636501.1	NP_001375056.1	0	N/A	32.258	93	11	2.35e-05	50.4	poly(A) RNA polymerase GLD2 isoform 2 [Homo sapiens]	TRUE	TENT2
XP_018636501.1	NP_001375055.1	0	N/A	32.258	93	11	2.35e-05	50.4	poly(A) RNA polymerase GLD2 isoform 2 [Homo sapiens]	TRUE	TENT2
XP_018636501.1	NP_001375054.1	0	N/A	32.258	93	11	2.35e-05	50.4	poly(A) RNA polymerase GLD2 isoform 2 [Homo sapiens]	TRUE	TENT2
XP_018636501.1	NP_001375053.1	0	N/A	32.258	93	11	2.35e-05	50.4	poly(A) RNA polymerase GLD2 isoform 2 [Homo sapiens]	TRUE	TENT2
XP_018636501.1	NP_001375052.1	0	N/A	32.258	93	11	2.35e-05	50.4	poly(A) RNA polymerase GLD2 isoform 2 [Homo sapiens]	TRUE	TENT2
XP_018636501.1	NP_001375051.1	0	N/A	32.258	93	11	2.35e-05	50.4	poly(A) RNA polymerase GLD2 isoform 2 [Homo sapiens]	TRUE	TENT2
XP_018636501.1	NP_001375050.1	0	N/A	32.258	93	11	2.35e-05	50.4	poly(A) RNA polymerase GLD2 isoform 2 [Homo sapiens]	TRUE	TENT2
XP_018636501.1	NP_001375049.1	0	N/A	32.258	93	11	2.35e-05	50.4	poly(A) RNA polymerase GLD2 isoform 2 [Homo sapiens]	TRUE	TENT2
XP_018636501.1	NP_001375048.1	0	N/A	32.258	93	11	2.35e-05	50.4	poly(A) RNA polymerase GLD2 isoform 2 [Homo sapiens]	TRUE	TENT2
XP_018636501.1	NP_001375047.1	0	N/A	32.258	93	11	2.35e-05	50.4	poly(A) RNA polymerase GLD2 isoform 2 [Homo sapiens]	TRUE	TENT2
XP_018636501.1	NP_001375046.1	0	N/A	32.258	93	11	2.35e-05	50.4	poly(A) RNA polymerase GLD2 isoform 2 [Homo sapiens]	TRUE	TENT2
XP_018636501.1	NP_001375045.1	0	N/A	32.258	93	11	2.35e-05	50.4	poly(A) RNA polymerase GLD2 isoform 2 [Homo sapiens]	TRUE	TENT2
XP_018636501.1	NP_001375044.1	0	N/A	32.258	93	11	2.35e-05	50.4	poly(A) RNA polymerase GLD2 isoform 2 [Homo sapiens]	TRUE	TENT2
XP_018636501.1	NP_001375043.1	0	N/A	32.258	93	11	2.35e-05	50.4	poly(A) RNA polymerase GLD2 isoform 2 [Homo sapiens]	TRUE	TENT2
XP_018636501.1	NP_001336483.1	0	N/A	32.258	93	11	2.35e-05	50.4	poly(A) RNA polymerase GLD2 isoform 2 [Homo sapiens]	TRUE	TENT2
XP_018636501.1	NP_001284673.1	0	N/A	32.258	93	11	2.35e-05	50.4	poly(A) RNA polymerase GLD2 isoform 2 [Homo sapiens]	TRUE	TENT2
XP_018636501.1	NP_001375060.1	0	N/A	32.258	93	11	2.4e-05	50.4	poly(A) RNA polymerase GLD2 isoform 11 [Homo sapiens]	TRUE	TENT2
XP_018636501.1	XP_047272805.1	0	N/A	32.258	93	11	2.43e-05	50.4	poly(A) RNA polymerase GLD2 isoform X2 [Homo sapiens]	TRUE	TENT2
XP_018636501.1	XP_047272804.1	0	N/A	32.258	93	11	2.43e-05	50.4	poly(A) RNA polymerase GLD2 isoform X2 [Homo sapiens]	TRUE	TENT2
XP_018636501.1	XP_047272803.1	0	N/A	32.258	93	11	2.43e-05	50.4	poly(A) RNA polymerase GLD2 isoform X2 [Homo sapiens]	TRUE	TENT2
XP_018636501.1	XP_047272802.1	0	N/A	32.258	93	11	2.43e-05	50.4	poly(A) RNA polymerase GLD2 isoform X2 [Homo sapiens]	TRUE	TENT2
XP_018636501.1	XP_016864641.1	0	N/A	32.258	93	11	2.43e-05	50.4	poly(A) RNA polymerase GLD2 isoform X2 [Homo sapiens]	TRUE	TENT2
XP_018636501.1	NP_001375026.1	0	N/A	32.258	93	11	2.43e-05	50.4	poly(A) RNA polymerase GLD2 isoform 6 [Homo sapiens]	TRUE	TENT2
XP_018636501.1	NP_001375025.1	0	N/A	32.258	93	11	2.43e-05	50.4	poly(A) RNA polymerase GLD2 isoform 6 [Homo sapiens]	TRUE	TENT2
XP_018636501.1	NP_001375024.1	0	N/A	32.258	93	11	2.43e-05	50.4	poly(A) RNA polymerase GLD2 isoform 6 [Homo sapiens]	TRUE	TENT2
XP_018636501.1	NP_001336480.1	0	N/A	32.258	93	11	2.43e-05	50.4	poly(A) RNA polymerase GLD2 isoform 6 [Homo sapiens]	TRUE	TENT2
XP_018636501.1	NP_001375042.1	0	N/A	32.258	93	11	2.46e-05	50.4	poly(A) RNA polymerase GLD2 isoform 16 [Homo sapiens]	TRUE	TENT2
XP_018636501.1	NP_001375059.1	0	N/A	32.258	93	11	2.56e-05	50.4	poly(A) RNA polymerase GLD2 isoform 10 [Homo sapiens]	TRUE	TENT2
XP_018636501.1	NP_001375027.1	0	N/A	32.258	93	11	2.57e-05	50.4	poly(A) RNA polymerase GLD2 isoform 7 [Homo sapiens]	TRUE	TENT2
XP_018636501.1	XP_047272801.1	0	N/A	32.258	93	11	2.63e-05	50.4	poly(A) RNA polymerase GLD2 isoform X1 [Homo sapiens]	TRUE	TENT2
XP_018636501.1	XP_047272800.1	0	N/A	32.258	93	11	2.63e-05	50.4	poly(A) RNA polymerase GLD2 isoform X1 [Homo sapiens]	TRUE	TENT2
XP_018636501.1	XP_011541527.1	0	N/A	32.258	93	11	2.63e-05	50.4	poly(A) RNA polymerase GLD2 isoform X1 [Homo sapiens]	TRUE	TENT2
XP_018636501.1	XP_011541526.1	0	N/A	32.258	93	11	2.63e-05	50.4	poly(A) RNA polymerase GLD2 isoform X1 [Homo sapiens]	TRUE	TENT2
XP_018636501.1	XP_011541523.1	0	N/A	32.258	93	11	2.63e-05	50.4	poly(A) RNA polymerase GLD2 isoform X1 [Homo sapiens]	TRUE	TENT2
XP_018636501.1	XP_011541522.1	0	N/A	32.258	93	11	2.63e-05	50.4	poly(A) RNA polymerase GLD2 isoform X1 [Homo sapiens]	TRUE	TENT2
XP_018636501.1	NP_001375023.1	0	N/A	32.258	93	11	2.63e-05	50.4	poly(A) RNA polymerase GLD2 isoform 5 [Homo sapiens]	TRUE	TENT2
XP_018636501.1	NP_001375022.1	0	N/A	32.258	93	11	2.63e-05	50.4	poly(A) RNA polymerase GLD2 isoform 5 [Homo sapiens]	TRUE	TENT2
XP_018636501.1	NP_001336479.1	0	N/A	32.258	93	11	2.63e-05	50.4	poly(A) RNA polymerase GLD2 isoform 5 [Homo sapiens]	TRUE	TENT2
XP_018636501.1	NP_001336478.1	0	N/A	32.258	93	11	2.63e-05	50.4	poly(A) RNA polymerase GLD2 isoform 5 [Homo sapiens]	TRUE	TENT2
XP_018636501.1	XP_011517316.1	0	N/A	29.474	95	11	2.66e-05	50.8	terminal uridylyltransferase 7 isoform X1 [Homo sapiens]	TRUE	Tut7
XP_018636501.1	XP_011517315.1	0	N/A	29.474	95	11	2.66e-05	50.8	terminal uridylyltransferase 7 isoform X1 [Homo sapiens]	TRUE	Tut7
XP_018636501.1	XP_011517314.1	0	N/A	29.474	95	11	2.66e-05	50.8	terminal uridylyltransferase 7 isoform X1 [Homo sapiens]	TRUE	Tut7
XP_018636990.1	NP_001375029.1	0	N/A	32.381	210	20	5.22e-21	100	poly(A) RNA polymerase GLD2 isoform 8 [Homo sapiens]	TRUE	TENT2
XP_018636990.1	NP_001375028.1	0	N/A	32.381	210	20	5.22e-21	100	poly(A) RNA polymerase GLD2 isoform 8 [Homo sapiens]	TRUE	TENT2
XP_018636990.1	XP_047272808.1	0	N/A	32.512	203	20	1.5e-20	98.6	poly(A) RNA polymerase GLD2 isoform X3 [Homo sapiens]	TRUE	TENT2
XP_018636990.1	XP_047272807.1	0	N/A	32.512	203	20	1.5e-20	98.6	poly(A) RNA polymerase GLD2 isoform X3 [Homo sapiens]	TRUE	TENT2
XP_018636990.1	XP_047272806.1	0	N/A	32.512	203	20	1.5e-20	98.6	poly(A) RNA polymerase GLD2 isoform X3 [Homo sapiens]	TRUE	TENT2
XP_018636990.1	NP_776158.2	0	N/A	32.512	203	20	1.5e-20	98.6	poly(A) RNA polymerase GLD2 isoform 1 [Homo sapiens]	TRUE	TENT2
XP_018636990.1	NP_001375041.1	0	N/A	32.512	203	20	1.5e-20	98.6	poly(A) RNA polymerase GLD2 isoform 1 [Homo sapiens]	TRUE	TENT2
XP_018636990.1	NP_001375040.1	0	N/A	32.512	203	20	1.5e-20	98.6	poly(A) RNA polymerase GLD2 isoform 1 [Homo sapiens]	TRUE	TENT2
XP_018636990.1	NP_001375039.1	0	N/A	32.512	203	20	1.5e-20	98.6	poly(A) RNA polymerase GLD2 isoform 1 [Homo sapiens]	TRUE	TENT2
XP_018636990.1	NP_001375038.1	0	N/A	32.512	203	20	1.5e-20	98.6	poly(A) RNA polymerase GLD2 isoform 1 [Homo sapiens]	TRUE	TENT2
XP_018636990.1	NP_001375037.1	0	N/A	32.512	203	20	1.5e-20	98.6	poly(A) RNA polymerase GLD2 isoform 1 [Homo sapiens]	TRUE	TENT2
XP_018636990.1	NP_001375036.1	0	N/A	32.512	203	20	1.5e-20	98.6	poly(A) RNA polymerase GLD2 isoform 1 [Homo sapiens]	TRUE	TENT2
XP_018636990.1	NP_001375035.1	0	N/A	32.512	203	20	1.5e-20	98.6	poly(A) RNA polymerase GLD2 isoform 1 [Homo sapiens]	TRUE	TENT2
XP_018636990.1	NP_001375034.1	0	N/A	32.512	203	20	1.5e-20	98.6	poly(A) RNA polymerase GLD2 isoform 1 [Homo sapiens]	TRUE	TENT2
XP_018636990.1	NP_001375032.1	0	N/A	32.512	203	20	1.5e-20	98.6	poly(A) RNA polymerase GLD2 isoform 1 [Homo sapiens]	TRUE	TENT2
XP_018636990.1	NP_001375031.1	0	N/A	32.512	203	20	1.5e-20	98.6	poly(A) RNA polymerase GLD2 isoform 1 [Homo sapiens]	TRUE	TENT2
XP_018636990.1	NP_001336482.1	0	N/A	32.512	203	20	1.5e-20	98.6	poly(A) RNA polymerase GLD2 isoform 1 [Homo sapiens]	TRUE	TENT2
XP_018636990.1	NP_001336481.1	0	N/A	32.512	203	20	1.5e-20	98.6	poly(A) RNA polymerase GLD2 isoform 1 [Homo sapiens]	TRUE	TENT2
XP_018636990.1	NP_001107866.1	0	N/A	32.512	203	20	1.5e-20	98.6	poly(A) RNA polymerase GLD2 isoform 1 [Homo sapiens]	TRUE	TENT2
XP_018636990.1	NP_001107865.1	0	N/A	32.512	203	20	1.5e-20	98.6	poly(A) RNA polymerase GLD2 isoform 1 [Homo sapiens]	TRUE	TENT2
XP_018636990.1	NP_001375042.1	0	N/A	32.512	203	20	1.55e-20	98.6	poly(A) RNA polymerase GLD2 isoform 16 [Homo sapiens]	TRUE	TENT2
XP_018636990.1	NP_001375030.1	0	N/A	32.692	208	20	1.68e-20	98.6	poly(A) RNA polymerase GLD2 isoform 9 [Homo sapiens]	TRUE	TENT2
XP_018636990.1	NP_001375060.1	0	N/A	32.512	203	20	1.98e-20	98.2	poly(A) RNA polymerase GLD2 isoform 11 [Homo sapiens]	TRUE	TENT2
XP_018636990.1	NP_001375065.1	0	N/A	32.836	201	20	4.04e-20	95.9	poly(A) RNA polymerase GLD2 isoform 14 [Homo sapiens]	TRUE	TENT2
XP_018636990.1	XP_047272811.1	0	N/A	32.836	201	20	4.7e-20	97.1	poly(A) RNA polymerase GLD2 isoform X4 [Homo sapiens]	TRUE	TENT2
XP_018636990.1	XP_047272810.1	0	N/A	32.836	201	20	4.7e-20	97.1	poly(A) RNA polymerase GLD2 isoform X4 [Homo sapiens]	TRUE	TENT2
XP_018636990.1	XP_047272809.1	0	N/A	32.836	201	20	4.7e-20	97.1	poly(A) RNA polymerase GLD2 isoform X4 [Homo sapiens]	TRUE	TENT2
XP_018636990.1	NP_001375058.1	0	N/A	32.836	201	20	4.7e-20	97.1	poly(A) RNA polymerase GLD2 isoform 2 [Homo sapiens]	TRUE	TENT2
XP_018636990.1	NP_001375057.1	0	N/A	32.836	201	20	4.7e-20	97.1	poly(A) RNA polymerase GLD2 isoform 2 [Homo sapiens]	TRUE	TENT2
XP_018636990.1	NP_001375056.1	0	N/A	32.836	201	20	4.7e-20	97.1	poly(A) RNA polymerase GLD2 isoform 2 [Homo sapiens]	TRUE	TENT2
XP_018636990.1	NP_001375055.1	0	N/A	32.836	201	20	4.7e-20	97.1	poly(A) RNA polymerase GLD2 isoform 2 [Homo sapiens]	TRUE	TENT2
XP_018636990.1	NP_001375054.1	0	N/A	32.836	201	20	4.7e-20	97.1	poly(A) RNA polymerase GLD2 isoform 2 [Homo sapiens]	TRUE	TENT2
XP_018636990.1	NP_001375053.1	0	N/A	32.836	201	20	4.7e-20	97.1	poly(A) RNA polymerase GLD2 isoform 2 [Homo sapiens]	TRUE	TENT2
XP_018636990.1	NP_001375052.1	0	N/A	32.836	201	20	4.7e-20	97.1	poly(A) RNA polymerase GLD2 isoform 2 [Homo sapiens]	TRUE	TENT2
XP_018636990.1	NP_001375051.1	0	N/A	32.836	201	20	4.7e-20	97.1	poly(A) RNA polymerase GLD2 isoform 2 [Homo sapiens]	TRUE	TENT2
XP_018636990.1	NP_001375050.1	0	N/A	32.836	201	20	4.7e-20	97.1	poly(A) RNA polymerase GLD2 isoform 2 [Homo sapiens]	TRUE	TENT2
XP_018636990.1	NP_001375049.1	0	N/A	32.836	201	20	4.7e-20	97.1	poly(A) RNA polymerase GLD2 isoform 2 [Homo sapiens]	TRUE	TENT2
XP_018636990.1	NP_001375048.1	0	N/A	32.836	201	20	4.7e-20	97.1	poly(A) RNA polymerase GLD2 isoform 2 [Homo sapiens]	TRUE	TENT2
XP_018636990.1	NP_001375047.1	0	N/A	32.836	201	20	4.7e-20	97.1	poly(A) RNA polymerase GLD2 isoform 2 [Homo sapiens]	TRUE	TENT2
XP_018636990.1	NP_001375046.1	0	N/A	32.836	201	20	4.7e-20	97.1	poly(A) RNA polymerase GLD2 isoform 2 [Homo sapiens]	TRUE	TENT2
XP_018636990.1	NP_001375045.1	0	N/A	32.836	201	20	4.7e-20	97.1	poly(A) RNA polymerase GLD2 isoform 2 [Homo sapiens]	TRUE	TENT2
XP_018636990.1	NP_001375044.1	0	N/A	32.836	201	20	4.7e-20	97.1	poly(A) RNA polymerase GLD2 isoform 2 [Homo sapiens]	TRUE	TENT2
XP_018636990.1	NP_001375043.1	0	N/A	32.836	201	20	4.7e-20	97.1	poly(A) RNA polymerase GLD2 isoform 2 [Homo sapiens]	TRUE	TENT2
XP_018636990.1	NP_001336483.1	0	N/A	32.836	201	20	4.7e-20	97.1	poly(A) RNA polymerase GLD2 isoform 2 [Homo sapiens]	TRUE	TENT2
XP_018636990.1	NP_001284673.1	0	N/A	32.836	201	20	4.7e-20	97.1	poly(A) RNA polymerase GLD2 isoform 2 [Homo sapiens]	TRUE	TENT2
XP_018636990.1	NP_001375059.1	0	N/A	32.836	201	20	4.79e-20	97.1	poly(A) RNA polymerase GLD2 isoform 10 [Homo sapiens]	TRUE	TENT2
XP_018636990.1	NP_001375061.1	0	N/A	32.836	201	20	5.59e-20	96.7	poly(A) RNA polymerase GLD2 isoform 12 [Homo sapiens]	TRUE	TENT2
XP_018636990.1	XP_011539401.1	0	N/A	32.597	181	18	2.78e-19	96.7	terminal uridylyltransferase 4 isoform X29 [Homo sapiens]	TRUE	Tut4
XP_018636990.1	XP_005270739.1	0	N/A	32.597	181	18	2.86e-19	96.7	terminal uridylyltransferase 4 isoform X33 [Homo sapiens]	TRUE	Tut4
XP_018636990.1	XP_016856299.1	0	N/A	32.597	181	18	2.91e-19	96.7	terminal uridylyltransferase 4 isoform X40 [Homo sapiens]	TRUE	Tut4
XP_018636990.1	XP_016856297.1	0	N/A	32.597	181	18	2.93e-19	96.7	terminal uridylyltransferase 4 isoform X36 [Homo sapiens]	TRUE	Tut4
XP_018636990.1	XP_047272384.1	0	N/A	32.597	181	18	2.97e-19	96.3	terminal uridylyltransferase 4 isoform X46 [Homo sapiens]	TRUE	Tut4
XP_018636990.1	XP_047272365.1	0	N/A	32.597	181	18	2.98e-19	96.7	terminal uridylyltransferase 4 isoform X38 [Homo sapiens]	TRUE	Tut4
XP_018636990.1	XP_047272818.1	0	N/A	31.633	196	19	2.99e-19	92.8	poly(A) RNA polymerase GLD2 isoform X10 [Homo sapiens]	TRUE	TENT2
XP_018636990.1	XP_047272337.1	0	N/A	32.597	181	18	3.04e-19	96.7	terminal uridylyltransferase 4 isoform X27 [Homo sapiens]	TRUE	Tut4
XP_018636990.1	XP_016856292.1	0	N/A	32.597	181	18	3.04e-19	96.7	terminal uridylyltransferase 4 isoform X9 [Homo sapiens]	TRUE	Tut4
XP_018636990.1	XP_047272345.1	0	N/A	32.597	181	18	3.05e-19	96.7	terminal uridylyltransferase 4 isoform X31 [Homo sapiens]	TRUE	Tut4
XP_018636990.1	XP_016856296.1	0	N/A	32.597	181	18	3.17e-19	96.7	terminal uridylyltransferase 4 isoform X28 [Homo sapiens]	TRUE	Tut4
XP_018636990.1	XP_016856295.1	0	N/A	32.597	181	18	3.17e-19	96.7	terminal uridylyltransferase 4 isoform X25 [Homo sapiens]	TRUE	Tut4
XP_018636990.1	XP_047272288.1	0	N/A	32.597	181	18	3.25e-19	96.7	terminal uridylyltransferase 4 isoform X10 [Homo sapiens]	TRUE	Tut4
XP_018636990.1	XP_047272285.1	0	N/A	32.597	181	18	3.26e-19	96.7	terminal uridylyltransferase 4 isoform X7 [Homo sapiens]	TRUE	Tut4
XP_018636990.1	XP_047272281.1	0	N/A	32.597	181	18	3.27e-19	96.7	terminal uridylyltransferase 4 isoform X4 [Homo sapiens]	TRUE	Tut4
XP_018636990.1	NP_001009881.1	0	N/A	32.597	181	18	3.27e-19	96.7	terminal uridylyltransferase 4 isoform a [Homo sapiens]	TRUE	Tut4
XP_018636990.1	XP_016856293.1	0	N/A	32.597	181	18	3.28e-19	96.7	terminal uridylyltransferase 4 isoform X16 [Homo sapiens]	TRUE	Tut4
XP_018636990.1	XP_047272283.1	0	N/A	32.597	181	18	3.3e-19	96.7	terminal uridylyltransferase 4 isoform X6 [Homo sapiens]	TRUE	Tut4
XP_018636990.1	XP_005270737.1	0	N/A	32.597	181	18	3.3e-19	96.7	terminal uridylyltransferase 4 isoform X6 [Homo sapiens]	TRUE	Tut4
XP_018636990.1	XP_047272282.1	0	N/A	32.597	181	18	3.3e-19	96.7	terminal uridylyltransferase 4 isoform X5 [Homo sapiens]	TRUE	Tut4
XP_018636990.1	NP_056084.1	0	N/A	32.597	181	18	3.3e-19	96.7	terminal uridylyltransferase 4 isoform b [Homo sapiens]	TRUE	Tut4
XP_018636990.1	XP_047272325.1	0	N/A	32.597	181	18	3.31e-19	96.7	terminal uridylyltransferase 4 isoform X23 [Homo sapiens]	TRUE	Tut4
XP_018636990.1	XP_047272280.1	0	N/A	32.597	181	18	3.42e-19	96.7	terminal uridylyltransferase 4 isoform X3 [Homo sapiens]	TRUE	Tut4
XP_018636990.1	XP_005270736.1	0	N/A	32.597	181	18	3.42e-19	96.7	terminal uridylyltransferase 4 isoform X3 [Homo sapiens]	TRUE	Tut4
XP_018636990.1	XP_011539399.1	0	N/A	32.597	181	18	3.48e-19	96.7	terminal uridylyltransferase 4 isoform X1 [Homo sapiens]	TRUE	Tut4
XP_018636990.1	XP_005270733.1	0	N/A	32.597	181	18	3.48e-19	96.7	terminal uridylyltransferase 4 isoform X1 [Homo sapiens]	TRUE	Tut4
XP_018636990.1	XP_005270735.1	0	N/A	32.597	181	18	3.57e-19	96.3	terminal uridylyltransferase 4 isoform X2 [Homo sapiens]	TRUE	Tut4
XP_018636990.1	XP_047272372.1	0	N/A	35.526	152	15	2.02e-18	94	terminal uridylyltransferase 4 isoform X42 [Homo sapiens]	TRUE	Tut4
XP_018636990.1	XP_047272344.1	0	N/A	35.526	152	15	2.06e-18	94	terminal uridylyltransferase 4 isoform X30 [Homo sapiens]	TRUE	Tut4
XP_018636990.1	XP_047272290.1	0	N/A	35.526	152	15	2.26e-18	94	terminal uridylyltransferase 4 isoform X11 [Homo sapiens]	TRUE	Tut4
XP_018636990.1	XP_047272286.1	0	N/A	35.526	152	15	2.26e-18	94	terminal uridylyltransferase 4 isoform X8 [Homo sapiens]	TRUE	Tut4
XP_018636990.1	XP_047272305.1	0	N/A	35.526	152	15	2.31e-18	94	terminal uridylyltransferase 4 isoform X17 [Homo sapiens]	TRUE	Tut4
XP_018636990.1	XP_047272350.1	0	N/A	35.526	152	15	2.32e-18	93.6	terminal uridylyltransferase 4 isoform X34 [Homo sapiens]	TRUE	Tut4
XP_018636990.1	XP_047272296.1	0	N/A	35.526	152	15	2.34e-18	93.6	terminal uridylyltransferase 4 isoform X13 [Homo sapiens]	TRUE	Tut4
XP_018636990.1	XP_047272295.1	0	N/A	35.526	152	15	2.34e-18	93.6	terminal uridylyltransferase 4 isoform X12 [Homo sapiens]	TRUE	Tut4
XP_018636990.1	XP_047279823.1	0	N/A	32.941	170	17	3.86e-18	93.2	terminal uridylyltransferase 7 isoform X2 [Homo sapiens]	TRUE	Tut7
XP_018636990.1	XP_006717346.1	0	N/A	32.941	170	17	3.86e-18	93.2	terminal uridylyltransferase 7 isoform X2 [Homo sapiens]	TRUE	Tut7
XP_018636990.1	NP_001317647.1	0	N/A	32.941	170	17	3.87e-18	92.4	terminal uridylyltransferase 7 isoform 3 [Homo sapiens]	TRUE	Tut7
XP_018636990.1	XP_047279825.1	0	N/A	32.941	170	17	4.67e-18	92.8	terminal uridylyltransferase 7 isoform X6 [Homo sapiens]	TRUE	Tut7
XP_018636990.1	XP_047279824.1	0	N/A	32.941	170	17	4.67e-18	92.8	terminal uridylyltransferase 7 isoform X6 [Homo sapiens]	TRUE	Tut7
XP_018636990.1	XP_005252264.1	0	N/A	32.941	170	17	4.67e-18	92.8	terminal uridylyltransferase 7 isoform X6 [Homo sapiens]	TRUE	Tut7
XP_018636990.1	XP_011517316.1	0	N/A	32.941	170	17	4.7e-18	92.8	terminal uridylyltransferase 7 isoform X1 [Homo sapiens]	TRUE	Tut7
XP_018636990.1	XP_011517315.1	0	N/A	32.941	170	17	4.7e-18	92.8	terminal uridylyltransferase 7 isoform X1 [Homo sapiens]	TRUE	Tut7
XP_018636990.1	XP_011517314.1	0	N/A	32.941	170	17	4.7e-18	92.8	terminal uridylyltransferase 7 isoform X1 [Homo sapiens]	TRUE	Tut7
XP_018636990.1	XP_011517313.1	0	N/A	32.941	170	17	4.7e-18	92.8	terminal uridylyltransferase 7 isoform X1 [Homo sapiens]	TRUE	Tut7
XP_018636990.1	XP_011517317.1	0	N/A	32.941	170	17	4.85e-18	92.8	terminal uridylyltransferase 7 isoform X3 [Homo sapiens]	TRUE	Tut7
XP_018636990.1	XP_011517318.1	0	N/A	32.941	170	17	5.09e-18	92.8	terminal uridylyltransferase 7 isoform X5 [Homo sapiens]	TRUE	Tut7
XP_018636990.1	XP_016870620.1	0	N/A	32.941	170	17	5.32e-18	92.4	terminal uridylyltransferase 7 isoform X4 [Homo sapiens]	TRUE	Tut7
XP_018636990.1	XP_016870619.1	0	N/A	32.941	170	17	5.32e-18	92.4	terminal uridylyltransferase 7 isoform X4 [Homo sapiens]	TRUE	Tut7
XP_018636990.1	NP_078893.2	0	N/A	32.941	170	17	5.32e-18	92.4	terminal uridylyltransferase 7 isoform 1 [Homo sapiens]	TRUE	Tut7
XP_018636990.1	NP_001171988.1	0	N/A	32.941	170	17	5.32e-18	92.4	terminal uridylyltransferase 7 isoform 1 [Homo sapiens]	TRUE	Tut7
XP_018636990.1	XP_005252265.1	0	N/A	32.941	170	17	5.35e-18	92.4	terminal uridylyltransferase 7 isoform X7 [Homo sapiens]	TRUE	Tut7
XP_018636990.1	XP_047272801.1	0	N/A	28.947	228	20	1.44e-17	89.7	poly(A) RNA polymerase GLD2 isoform X1 [Homo sapiens]	TRUE	TENT2
XP_018637814.1	NP_001165276.2	0	N/A	31.841	201	16	5.53e-22	105	terminal nucleotidyltransferase 4A isoform 2 [Homo sapiens]	TRUE	TENT4A
XP_018637814.1	NP_008930.2	0	N/A	31.841	201	16	5.68e-22	105	terminal nucleotidyltransferase 4A isoform 1 [Homo sapiens]	TRUE	TENT4A
XP_018637814.1	XP_047272622.1	0	N/A	31.841	201	16	1e-21	103	terminal nucleotidyltransferase 4A isoform X1 [Homo sapiens]	TRUE	TENT4A
XP_018637814.1	XP_047272621.1	0	N/A	31.841	201	16	1e-21	103	terminal nucleotidyltransferase 4A isoform X1 [Homo sapiens]	TRUE	TENT4A
XP_018637814.1	XP_047272620.1	0	N/A	31.841	201	16	1e-21	103	terminal nucleotidyltransferase 4A isoform X1 [Homo sapiens]	TRUE	TENT4A
XP_018637814.1	XP_047272624.1	0	N/A	31.841	201	16	1.52e-21	102	terminal nucleotidyltransferase 4A isoform X3 [Homo sapiens]	TRUE	TENT4A
XP_018637814.1	XP_047272623.1	0	N/A	31.841	201	16	1.56e-21	102	terminal nucleotidyltransferase 4A isoform X2 [Homo sapiens]	TRUE	TENT4A
XP_018637814.1	XP_016864477.1	0	N/A	31.841	201	16	1.56e-21	102	terminal nucleotidyltransferase 4A isoform X2 [Homo sapiens]	TRUE	TENT4A
XP_018637814.1	XP_011521580.1	0	N/A	32.338	201	16	4.2e-21	101	terminal nucleotidyltransferase 4B isoform X5 [Homo sapiens]	TRUE	TENT4B
XP_018637814.1	NP_001035374.2	0	N/A	32.338	201	16	7.45e-21	101	terminal nucleotidyltransferase 4B isoform a [Homo sapiens]	TRUE	TENT4B
XP_018637814.1	XP_011521577.1	0	N/A	32.338	201	16	7.47e-21	101	terminal nucleotidyltransferase 4B isoform X1 [Homo sapiens]	TRUE	TENT4B
XP_018637814.1	XP_047290433.1	0	N/A	32.338	201	16	1.02e-20	99.8	terminal nucleotidyltransferase 4B isoform X6 [Homo sapiens]	TRUE	TENT4B
XP_018637814.1	NP_001352252.1	0	N/A	32.338	201	16	1.44e-20	100	terminal nucleotidyltransferase 4B isoform c [Homo sapiens]	TRUE	TENT4B
XP_018637814.1	NP_001035375.2	0	N/A	32.338	201	16	1.89e-20	100	terminal nucleotidyltransferase 4B isoform b [Homo sapiens]	TRUE	TENT4B
XP_018637814.1	XP_011521578.1	0	N/A	32.338	201	16	1.9e-20	100	terminal nucleotidyltransferase 4B isoform X2 [Homo sapiens]	TRUE	TENT4B
XP_018637814.1	NP_001352253.1	0	N/A	32.338	201	16	2.27e-20	100	terminal nucleotidyltransferase 4B isoform d [Homo sapiens]	TRUE	TENT4B
XP_018637814.1	XP_047290432.1	0	N/A	32.338	201	16	3.3e-20	99.4	terminal nucleotidyltransferase 4B isoform X4 [Homo sapiens]	TRUE	TENT4B
XP_018637814.1	XP_047290431.1	0	N/A	32.338	201	16	5.29e-20	98.6	terminal nucleotidyltransferase 4B isoform X3 [Homo sapiens]	TRUE	TENT4B
XP_018637814.1	XP_047272367.1	0	N/A	27.389	157	12	0.000124	49.3	terminal uridylyltransferase 4 isoform X39 [Homo sapiens]	TRUE	Tut4
XP_018637814.1	XP_047272354.1	0	N/A	27.389	157	12	0.000132	49.3	terminal uridylyltransferase 4 isoform X35 [Homo sapiens]	TRUE	Tut4
XP_018637814.1	XP_047272362.1	0	N/A	27.389	157	12	0.000134	49.3	terminal uridylyltransferase 4 isoform X37 [Homo sapiens]	TRUE	Tut4
XP_018637814.1	XP_047272350.1	0	N/A	27.389	157	12	0.000156	48.9	terminal uridylyltransferase 4 isoform X34 [Homo sapiens]	TRUE	Tut4
XP_018637814.1	XP_016856296.1	0	N/A	27.389	157	12	0.000167	48.9	terminal uridylyltransferase 4 isoform X28 [Homo sapiens]	TRUE	Tut4
XP_018637814.1	XP_047272337.1	0	N/A	27.389	157	12	0.000176	48.9	terminal uridylyltransferase 4 isoform X27 [Homo sapiens]	TRUE	Tut4
XP_018637814.1	XP_047272348.1	0	N/A	27.389	157	12	0.000209	48.5	terminal uridylyltransferase 4 isoform X32 [Homo sapiens]	TRUE	Tut4
XP_018637814.1	XP_047272344.1	0	N/A	27.389	157	12	0.000232	48.5	terminal uridylyltransferase 4 isoform X30 [Homo sapiens]	TRUE	Tut4
XP_018637814.1	XP_016856295.1	0	N/A	27.389	157	12	0.000244	48.5	terminal uridylyltransferase 4 isoform X25 [Homo sapiens]	TRUE	Tut4
XP_018637814.1	XP_047272325.1	0	N/A	27.389	157	12	0.000282	48.1	terminal uridylyltransferase 4 isoform X23 [Homo sapiens]	TRUE	Tut4
XP_018637814.1	XP_047272820.1	0	N/A	22.581	155	10	0.000564	45.8	poly(A) RNA polymerase GLD2 isoform X11 [Homo sapiens]	TRUE	TENT2
XP_018637814.1	NP_001336477.1	0	N/A	22.581	155	10	0.00069	45.4	poly(A) RNA polymerase GLD2 isoform 4 [Homo sapiens]	TRUE	TENT2
XP_018637814.1	NP_001375065.1	0	N/A	22.581	155	10	0.001	45.1	poly(A) RNA polymerase GLD2 isoform 14 [Homo sapiens]	TRUE	TENT2
XP_018637814.1	XP_047272816.1	0	N/A	26.19	84	7	0.048	40	poly(A) RNA polymerase GLD2 isoform X8 [Homo sapiens]	TRUE	TENT2
XP_018637814.1	XP_047272818.1	0	N/A	26.19	84	7	0.048	40	poly(A) RNA polymerase GLD2 isoform X10 [Homo sapiens]	TRUE	TENT2
XP_018637814.1	XP_047272817.1	0	N/A	26.19	84	7	0.056	40	poly(A) RNA polymerase GLD2 isoform X9 [Homo sapiens]	TRUE	TENT2
XP_018637814.1	XP_047272811.1	0	N/A	22.581	155	10	0.08	39.7	poly(A) RNA polymerase GLD2 isoform X4 [Homo sapiens]	TRUE	TENT2
XP_018637814.1	XP_047272810.1	0	N/A	22.581	155	10	0.08	39.7	poly(A) RNA polymerase GLD2 isoform X4 [Homo sapiens]	TRUE	TENT2
XP_018637814.1	XP_047272809.1	0	N/A	22.581	155	10	0.08	39.7	poly(A) RNA polymerase GLD2 isoform X4 [Homo sapiens]	TRUE	TENT2
XP_018637814.1	NP_001375058.1	0	N/A	22.581	155	10	0.08	39.7	poly(A) RNA polymerase GLD2 isoform 2 [Homo sapiens]	TRUE	TENT2
XP_018637814.1	NP_001375057.1	0	N/A	22.581	155	10	0.08	39.7	poly(A) RNA polymerase GLD2 isoform 2 [Homo sapiens]	TRUE	TENT2
XP_018637814.1	NP_001375056.1	0	N/A	22.581	155	10	0.08	39.7	poly(A) RNA polymerase GLD2 isoform 2 [Homo sapiens]	TRUE	TENT2
XP_018637814.1	NP_001375055.1	0	N/A	22.581	155	10	0.08	39.7	poly(A) RNA polymerase GLD2 isoform 2 [Homo sapiens]	TRUE	TENT2
XP_018637814.1	NP_001375054.1	0	N/A	22.581	155	10	0.08	39.7	poly(A) RNA polymerase GLD2 isoform 2 [Homo sapiens]	TRUE	TENT2
XP_018637814.1	NP_001375053.1	0	N/A	22.581	155	10	0.08	39.7	poly(A) RNA polymerase GLD2 isoform 2 [Homo sapiens]	TRUE	TENT2
XP_018637814.1	NP_001375052.1	0	N/A	22.581	155	10	0.08	39.7	poly(A) RNA polymerase GLD2 isoform 2 [Homo sapiens]	TRUE	TENT2
XP_018637814.1	NP_001375051.1	0	N/A	22.581	155	10	0.08	39.7	poly(A) RNA polymerase GLD2 isoform 2 [Homo sapiens]	TRUE	TENT2
XP_018637814.1	NP_001375050.1	0	N/A	22.581	155	10	0.08	39.7	poly(A) RNA polymerase GLD2 isoform 2 [Homo sapiens]	TRUE	TENT2
XP_018637814.1	NP_001375049.1	0	N/A	22.581	155	10	0.08	39.7	poly(A) RNA polymerase GLD2 isoform 2 [Homo sapiens]	TRUE	TENT2
XP_018637814.1	NP_001375048.1	0	N/A	22.581	155	10	0.08	39.7	poly(A) RNA polymerase GLD2 isoform 2 [Homo sapiens]	TRUE	TENT2
XP_018637814.1	NP_001375047.1	0	N/A	22.581	155	10	0.08	39.7	poly(A) RNA polymerase GLD2 isoform 2 [Homo sapiens]	TRUE	TENT2
XP_018637814.1	NP_001375046.1	0	N/A	22.581	155	10	0.08	39.7	poly(A) RNA polymerase GLD2 isoform 2 [Homo sapiens]	TRUE	TENT2
XP_018637814.1	NP_001375045.1	0	N/A	22.581	155	10	0.08	39.7	poly(A) RNA polymerase GLD2 isoform 2 [Homo sapiens]	TRUE	TENT2
XP_018637814.1	NP_001375044.1	0	N/A	22.581	155	10	0.08	39.7	poly(A) RNA polymerase GLD2 isoform 2 [Homo sapiens]	TRUE	TENT2
XP_018637814.1	NP_001375043.1	0	N/A	22.581	155	10	0.08	39.7	poly(A) RNA polymerase GLD2 isoform 2 [Homo sapiens]	TRUE	TENT2
XP_018637814.1	NP_001336483.1	0	N/A	22.581	155	10	0.08	39.7	poly(A) RNA polymerase GLD2 isoform 2 [Homo sapiens]	TRUE	TENT2
XP_018637814.1	NP_001284673.1	0	N/A	22.581	155	10	0.08	39.7	poly(A) RNA polymerase GLD2 isoform 2 [Homo sapiens]	TRUE	TENT2
XP_018637814.1	XP_047272808.1	0	N/A	22.581	155	10	0.088	39.7	poly(A) RNA polymerase GLD2 isoform X3 [Homo sapiens]	TRUE	TENT2
XP_018637814.1	XP_047272807.1	0	N/A	22.581	155	10	0.088	39.7	poly(A) RNA polymerase GLD2 isoform X3 [Homo sapiens]	TRUE	TENT2
XP_018637814.1	XP_047272806.1	0	N/A	22.581	155	10	0.088	39.7	poly(A) RNA polymerase GLD2 isoform X3 [Homo sapiens]	TRUE	TENT2
XP_018637814.1	NP_776158.2	0	N/A	22.581	155	10	0.088	39.7	poly(A) RNA polymerase GLD2 isoform 1 [Homo sapiens]	TRUE	TENT2
XP_018637814.1	NP_001375041.1	0	N/A	22.581	155	10	0.088	39.7	poly(A) RNA polymerase GLD2 isoform 1 [Homo sapiens]	TRUE	TENT2
XP_018637814.1	NP_001375040.1	0	N/A	22.581	155	10	0.088	39.7	poly(A) RNA polymerase GLD2 isoform 1 [Homo sapiens]	TRUE	TENT2
XP_018637814.1	NP_001375039.1	0	N/A	22.581	155	10	0.088	39.7	poly(A) RNA polymerase GLD2 isoform 1 [Homo sapiens]	TRUE	TENT2
XP_018637814.1	NP_001375038.1	0	N/A	22.581	155	10	0.088	39.7	poly(A) RNA polymerase GLD2 isoform 1 [Homo sapiens]	TRUE	TENT2
XP_018637814.1	NP_001375037.1	0	N/A	22.581	155	10	0.088	39.7	poly(A) RNA polymerase GLD2 isoform 1 [Homo sapiens]	TRUE	TENT2
XP_018637814.1	NP_001375036.1	0	N/A	22.581	155	10	0.088	39.7	poly(A) RNA polymerase GLD2 isoform 1 [Homo sapiens]	TRUE	TENT2
XP_018637814.1	NP_001375035.1	0	N/A	22.581	155	10	0.088	39.7	poly(A) RNA polymerase GLD2 isoform 1 [Homo sapiens]	TRUE	TENT2
XP_018637814.1	NP_001375034.1	0	N/A	22.581	155	10	0.088	39.7	poly(A) RNA polymerase GLD2 isoform 1 [Homo sapiens]	TRUE	TENT2
XP_018637814.1	NP_001375032.1	0	N/A	22.581	155	10	0.088	39.7	poly(A) RNA polymerase GLD2 isoform 1 [Homo sapiens]	TRUE	TENT2
XP_018637814.1	NP_001375031.1	0	N/A	22.581	155	10	0.088	39.7	poly(A) RNA polymerase GLD2 isoform 1 [Homo sapiens]	TRUE	TENT2
XP_018637814.1	NP_001336482.1	0	N/A	22.581	155	10	0.088	39.7	poly(A) RNA polymerase GLD2 isoform 1 [Homo sapiens]	TRUE	TENT2
XP_018637814.1	NP_001336481.1	0	N/A	22.581	155	10	0.088	39.7	poly(A) RNA polymerase GLD2 isoform 1 [Homo sapiens]	TRUE	TENT2
XP_018637814.1	NP_001107866.1	0	N/A	22.581	155	10	0.088	39.7	poly(A) RNA polymerase GLD2 isoform 1 [Homo sapiens]	TRUE	TENT2
XP_018637814.1	NP_001107865.1	0	N/A	22.581	155	10	0.088	39.7	poly(A) RNA polymerase GLD2 isoform 1 [Homo sapiens]	TRUE	TENT2
XP_018637814.1	XP_047272805.1	0	N/A	22.581	155	10	0.09	39.7	poly(A) RNA polymerase GLD2 isoform X2 [Homo sapiens]	TRUE	TENT2
XP_018637814.1	XP_047272804.1	0	N/A	22.581	155	10	0.09	39.7	poly(A) RNA polymerase GLD2 isoform X2 [Homo sapiens]	TRUE	TENT2
XP_018637814.1	XP_047272803.1	0	N/A	22.581	155	10	0.09	39.7	poly(A) RNA polymerase GLD2 isoform X2 [Homo sapiens]	TRUE	TENT2
XP_018637814.1	XP_047272802.1	0	N/A	22.581	155	10	0.09	39.7	poly(A) RNA polymerase GLD2 isoform X2 [Homo sapiens]	TRUE	TENT2
XP_018637814.1	XP_016864641.1	0	N/A	22.581	155	10	0.09	39.7	poly(A) RNA polymerase GLD2 isoform X2 [Homo sapiens]	TRUE	TENT2
XP_018637814.1	NP_001375026.1	0	N/A	22.581	155	10	0.09	39.7	poly(A) RNA polymerase GLD2 isoform 6 [Homo sapiens]	TRUE	TENT2
XP_018637814.1	NP_001375025.1	0	N/A	22.581	155	10	0.09	39.7	poly(A) RNA polymerase GLD2 isoform 6 [Homo sapiens]	TRUE	TENT2
XP_018637814.1	NP_001375024.1	0	N/A	22.581	155	10	0.09	39.7	poly(A) RNA polymerase GLD2 isoform 6 [Homo sapiens]	TRUE	TENT2
XP_018637814.1	NP_001336480.1	0	N/A	22.581	155	10	0.09	39.7	poly(A) RNA polymerase GLD2 isoform 6 [Homo sapiens]	TRUE	TENT2
XP_018637814.1	NP_001375059.1	0	N/A	22.581	155	10	0.096	39.3	poly(A) RNA polymerase GLD2 isoform 10 [Homo sapiens]	TRUE	TENT2
XP_018646614.1	NP_001375065.1	0	N/A	39.084	371	88	8.91e-71	229	poly(A) RNA polymerase GLD2 isoform 14 [Homo sapiens]	TRUE	TENT2
XP_018646614.1	NP_001375061.1	0	N/A	39.084	371	88	9.26e-70	229	poly(A) RNA polymerase GLD2 isoform 12 [Homo sapiens]	TRUE	TENT2
XP_018646614.1	NP_001375059.1	0	N/A	39.353	371	88	1.84e-69	229	poly(A) RNA polymerase GLD2 isoform 10 [Homo sapiens]	TRUE	TENT2
XP_018646614.1	XP_047272811.1	0	N/A	39.084	371	88	1.91e-69	229	poly(A) RNA polymerase GLD2 isoform X4 [Homo sapiens]	TRUE	TENT2
XP_018646614.1	XP_047272810.1	0	N/A	39.084	371	88	1.91e-69	229	poly(A) RNA polymerase GLD2 isoform X4 [Homo sapiens]	TRUE	TENT2
XP_018646614.1	XP_047272809.1	0	N/A	39.084	371	88	1.91e-69	229	poly(A) RNA polymerase GLD2 isoform X4 [Homo sapiens]	TRUE	TENT2
XP_018646614.1	NP_001375058.1	0	N/A	39.084	371	88	1.91e-69	229	poly(A) RNA polymerase GLD2 isoform 2 [Homo sapiens]	TRUE	TENT2
XP_018646614.1	NP_001375057.1	0	N/A	39.084	371	88	1.91e-69	229	poly(A) RNA polymerase GLD2 isoform 2 [Homo sapiens]	TRUE	TENT2
XP_018646614.1	NP_001375056.1	0	N/A	39.084	371	88	1.91e-69	229	poly(A) RNA polymerase GLD2 isoform 2 [Homo sapiens]	TRUE	TENT2
XP_018646614.1	NP_001375055.1	0	N/A	39.084	371	88	1.91e-69	229	poly(A) RNA polymerase GLD2 isoform 2 [Homo sapiens]	TRUE	TENT2
XP_018646614.1	NP_001375054.1	0	N/A	39.084	371	88	1.91e-69	229	poly(A) RNA polymerase GLD2 isoform 2 [Homo sapiens]	TRUE	TENT2
XP_018646614.1	NP_001375053.1	0	N/A	39.084	371	88	1.91e-69	229	poly(A) RNA polymerase GLD2 isoform 2 [Homo sapiens]	TRUE	TENT2
XP_018646614.1	NP_001375052.1	0	N/A	39.084	371	88	1.91e-69	229	poly(A) RNA polymerase GLD2 isoform 2 [Homo sapiens]	TRUE	TENT2
XP_018646614.1	NP_001375051.1	0	N/A	39.084	371	88	1.91e-69	229	poly(A) RNA polymerase GLD2 isoform 2 [Homo sapiens]	TRUE	TENT2
XP_018646614.1	NP_001375050.1	0	N/A	39.084	371	88	1.91e-69	229	poly(A) RNA polymerase GLD2 isoform 2 [Homo sapiens]	TRUE	TENT2
XP_018646614.1	NP_001375049.1	0	N/A	39.084	371	88	1.91e-69	229	poly(A) RNA polymerase GLD2 isoform 2 [Homo sapiens]	TRUE	TENT2
XP_018646614.1	NP_001375048.1	0	N/A	39.084	371	88	1.91e-69	229	poly(A) RNA polymerase GLD2 isoform 2 [Homo sapiens]	TRUE	TENT2
XP_018646614.1	NP_001375047.1	0	N/A	39.084	371	88	1.91e-69	229	poly(A) RNA polymerase GLD2 isoform 2 [Homo sapiens]	TRUE	TENT2
XP_018646614.1	NP_001375046.1	0	N/A	39.084	371	88	1.91e-69	229	poly(A) RNA polymerase GLD2 isoform 2 [Homo sapiens]	TRUE	TENT2
XP_018646614.1	NP_001375045.1	0	N/A	39.084	371	88	1.91e-69	229	poly(A) RNA polymerase GLD2 isoform 2 [Homo sapiens]	TRUE	TENT2
XP_018646614.1	NP_001375044.1	0	N/A	39.084	371	88	1.91e-69	229	poly(A) RNA polymerase GLD2 isoform 2 [Homo sapiens]	TRUE	TENT2
XP_018646614.1	NP_001375043.1	0	N/A	39.084	371	88	1.91e-69	229	poly(A) RNA polymerase GLD2 isoform 2 [Homo sapiens]	TRUE	TENT2
XP_018646614.1	NP_001336483.1	0	N/A	39.084	371	88	1.91e-69	229	poly(A) RNA polymerase GLD2 isoform 2 [Homo sapiens]	TRUE	TENT2
XP_018646614.1	NP_001284673.1	0	N/A	39.084	371	88	1.91e-69	229	poly(A) RNA polymerase GLD2 isoform 2 [Homo sapiens]	TRUE	TENT2
XP_018646614.1	NP_001375060.1	0	N/A	38.667	375	88	1.27e-67	223	poly(A) RNA polymerase GLD2 isoform 11 [Homo sapiens]	TRUE	TENT2
XP_018646614.1	XP_047272808.1	0	N/A	38.667	375	88	2.8e-67	223	poly(A) RNA polymerase GLD2 isoform X3 [Homo sapiens]	TRUE	TENT2
XP_018646614.1	XP_047272807.1	0	N/A	38.667	375	88	2.8e-67	223	poly(A) RNA polymerase GLD2 isoform X3 [Homo sapiens]	TRUE	TENT2
XP_018646614.1	XP_047272806.1	0	N/A	38.667	375	88	2.8e-67	223	poly(A) RNA polymerase GLD2 isoform X3 [Homo sapiens]	TRUE	TENT2
XP_018646614.1	NP_776158.2	0	N/A	38.667	375	88	2.8e-67	223	poly(A) RNA polymerase GLD2 isoform 1 [Homo sapiens]	TRUE	TENT2
XP_018646614.1	NP_001375041.1	0	N/A	38.667	375	88	2.8e-67	223	poly(A) RNA polymerase GLD2 isoform 1 [Homo sapiens]	TRUE	TENT2
XP_018646614.1	NP_001375040.1	0	N/A	38.667	375	88	2.8e-67	223	poly(A) RNA polymerase GLD2 isoform 1 [Homo sapiens]	TRUE	TENT2
XP_018646614.1	NP_001375039.1	0	N/A	38.667	375	88	2.8e-67	223	poly(A) RNA polymerase GLD2 isoform 1 [Homo sapiens]	TRUE	TENT2
XP_018646614.1	NP_001375038.1	0	N/A	38.667	375	88	2.8e-67	223	poly(A) RNA polymerase GLD2 isoform 1 [Homo sapiens]	TRUE	TENT2
XP_018646614.1	NP_001375037.1	0	N/A	38.667	375	88	2.8e-67	223	poly(A) RNA polymerase GLD2 isoform 1 [Homo sapiens]	TRUE	TENT2
XP_018646614.1	NP_001375036.1	0	N/A	38.667	375	88	2.8e-67	223	poly(A) RNA polymerase GLD2 isoform 1 [Homo sapiens]	TRUE	TENT2
XP_018646614.1	NP_001375035.1	0	N/A	38.667	375	88	2.8e-67	223	poly(A) RNA polymerase GLD2 isoform 1 [Homo sapiens]	TRUE	TENT2
XP_018646614.1	NP_001375034.1	0	N/A	38.667	375	88	2.8e-67	223	poly(A) RNA polymerase GLD2 isoform 1 [Homo sapiens]	TRUE	TENT2
XP_018646614.1	NP_001375032.1	0	N/A	38.667	375	88	2.8e-67	223	poly(A) RNA polymerase GLD2 isoform 1 [Homo sapiens]	TRUE	TENT2
XP_018646614.1	NP_001375031.1	0	N/A	38.667	375	88	2.8e-67	223	poly(A) RNA polymerase GLD2 isoform 1 [Homo sapiens]	TRUE	TENT2
XP_018646614.1	NP_001336482.1	0	N/A	38.667	375	88	2.8e-67	223	poly(A) RNA polymerase GLD2 isoform 1 [Homo sapiens]	TRUE	TENT2
XP_018646614.1	NP_001336481.1	0	N/A	38.667	375	88	2.8e-67	223	poly(A) RNA polymerase GLD2 isoform 1 [Homo sapiens]	TRUE	TENT2
XP_018646614.1	NP_001107866.1	0	N/A	38.667	375	88	2.8e-67	223	poly(A) RNA polymerase GLD2 isoform 1 [Homo sapiens]	TRUE	TENT2
XP_018646614.1	NP_001107865.1	0	N/A	38.667	375	88	2.8e-67	223	poly(A) RNA polymerase GLD2 isoform 1 [Homo sapiens]	TRUE	TENT2
XP_018646614.1	NP_001375042.1	0	N/A	38.667	375	88	3.07e-67	223	poly(A) RNA polymerase GLD2 isoform 16 [Homo sapiens]	TRUE	TENT2
XP_018646614.1	NP_001375027.1	0	N/A	37.374	396	88	1.25e-66	222	poly(A) RNA polymerase GLD2 isoform 7 [Homo sapiens]	TRUE	TENT2
XP_018646614.1	XP_047272805.1	0	N/A	37.374	396	88	1.31e-66	222	poly(A) RNA polymerase GLD2 isoform X2 [Homo sapiens]	TRUE	TENT2
XP_018646614.1	XP_047272804.1	0	N/A	37.374	396	88	1.31e-66	222	poly(A) RNA polymerase GLD2 isoform X2 [Homo sapiens]	TRUE	TENT2
XP_018646614.1	XP_047272803.1	0	N/A	37.374	396	88	1.31e-66	222	poly(A) RNA polymerase GLD2 isoform X2 [Homo sapiens]	TRUE	TENT2
XP_018646614.1	XP_047272802.1	0	N/A	37.374	396	88	1.31e-66	222	poly(A) RNA polymerase GLD2 isoform X2 [Homo sapiens]	TRUE	TENT2
XP_018646614.1	XP_016864641.1	0	N/A	37.374	396	88	1.31e-66	222	poly(A) RNA polymerase GLD2 isoform X2 [Homo sapiens]	TRUE	TENT2
XP_018646614.1	NP_001375026.1	0	N/A	37.374	396	88	1.31e-66	222	poly(A) RNA polymerase GLD2 isoform 6 [Homo sapiens]	TRUE	TENT2
XP_018646614.1	NP_001375025.1	0	N/A	37.374	396	88	1.31e-66	222	poly(A) RNA polymerase GLD2 isoform 6 [Homo sapiens]	TRUE	TENT2
XP_018646614.1	NP_001375024.1	0	N/A	37.374	396	88	1.31e-66	222	poly(A) RNA polymerase GLD2 isoform 6 [Homo sapiens]	TRUE	TENT2
XP_018646614.1	NP_001336480.1	0	N/A	37.374	396	88	1.31e-66	222	poly(A) RNA polymerase GLD2 isoform 6 [Homo sapiens]	TRUE	TENT2
XP_018646614.1	NP_001375030.1	0	N/A	38.482	382	88	2.78e-66	221	poly(A) RNA polymerase GLD2 isoform 9 [Homo sapiens]	TRUE	TENT2
XP_018646614.1	XP_047272801.1	0	N/A	37	400	88	2.31e-64	216	poly(A) RNA polymerase GLD2 isoform X1 [Homo sapiens]	TRUE	TENT2
XP_018646614.1	XP_047272800.1	0	N/A	37	400	88	2.31e-64	216	poly(A) RNA polymerase GLD2 isoform X1 [Homo sapiens]	TRUE	TENT2
XP_018646614.1	XP_011541527.1	0	N/A	37	400	88	2.31e-64	216	poly(A) RNA polymerase GLD2 isoform X1 [Homo sapiens]	TRUE	TENT2
XP_018646614.1	XP_011541526.1	0	N/A	37	400	88	2.31e-64	216	poly(A) RNA polymerase GLD2 isoform X1 [Homo sapiens]	TRUE	TENT2
XP_018646614.1	XP_011541523.1	0	N/A	37	400	88	2.31e-64	216	poly(A) RNA polymerase GLD2 isoform X1 [Homo sapiens]	TRUE	TENT2
XP_018646614.1	XP_011541522.1	0	N/A	37	400	88	2.31e-64	216	poly(A) RNA polymerase GLD2 isoform X1 [Homo sapiens]	TRUE	TENT2
XP_018646614.1	NP_001375023.1	0	N/A	37	400	88	2.31e-64	216	poly(A) RNA polymerase GLD2 isoform 5 [Homo sapiens]	TRUE	TENT2
XP_018646614.1	NP_001375022.1	0	N/A	37	400	88	2.31e-64	216	poly(A) RNA polymerase GLD2 isoform 5 [Homo sapiens]	TRUE	TENT2
XP_018646614.1	NP_001336479.1	0	N/A	37	400	88	2.31e-64	216	poly(A) RNA polymerase GLD2 isoform 5 [Homo sapiens]	TRUE	TENT2
XP_018646614.1	NP_001336478.1	0	N/A	37	400	88	2.31e-64	216	poly(A) RNA polymerase GLD2 isoform 5 [Homo sapiens]	TRUE	TENT2
XP_018646614.1	NP_001375029.1	0	N/A	38.342	386	88	4.39e-64	215	poly(A) RNA polymerase GLD2 isoform 8 [Homo sapiens]	TRUE	TENT2
XP_018646614.1	NP_001375028.1	0	N/A	38.342	386	88	4.39e-64	215	poly(A) RNA polymerase GLD2 isoform 8 [Homo sapiens]	TRUE	TENT2
XP_018646614.1	NP_001336477.1	0	N/A	41.791	268	64	2.15e-53	180	poly(A) RNA polymerase GLD2 isoform 4 [Homo sapiens]	TRUE	TENT2
XP_018646614.1	XP_047272820.1	0	N/A	42.857	245	59	1.2e-51	176	poly(A) RNA polymerase GLD2 isoform X11 [Homo sapiens]	TRUE	TENT2
XP_018646614.1	XP_047272815.1	0	N/A	32.527	372	89	1.77e-44	162	poly(A) RNA polymerase GLD2 isoform X7 [Homo sapiens]	TRUE	TENT2
XP_018646614.1	NP_001375064.1	0	N/A	32.527	372	89	1.77e-44	162	poly(A) RNA polymerase GLD2 isoform 13 [Homo sapiens]	TRUE	TENT2
XP_018646614.1	NP_001375063.1	0	N/A	32.527	372	89	1.77e-44	162	poly(A) RNA polymerase GLD2 isoform 13 [Homo sapiens]	TRUE	TENT2
XP_018646614.1	XP_047272818.1	0	N/A	40.708	226	53	1.16e-42	155	poly(A) RNA polymerase GLD2 isoform X10 [Homo sapiens]	TRUE	TENT2
XP_018646614.1	XP_047272814.1	0	N/A	32.447	376	89	2.06e-42	156	poly(A) RNA polymerase GLD2 isoform X6 [Homo sapiens]	TRUE	TENT2
XP_018646614.1	XP_047272813.1	0	N/A	32.447	376	89	2.06e-42	156	poly(A) RNA polymerase GLD2 isoform X6 [Homo sapiens]	TRUE	TENT2
XP_018646614.1	XP_047272812.1	0	N/A	32.447	376	89	2.06e-42	156	poly(A) RNA polymerase GLD2 isoform X6 [Homo sapiens]	TRUE	TENT2
XP_018646614.1	NP_001375062.1	0	N/A	32.447	376	89	2.06e-42	156	poly(A) RNA polymerase GLD2 isoform 3 [Homo sapiens]	TRUE	TENT2
XP_018646614.1	NP_001284674.1	0	N/A	32.447	376	89	2.06e-42	156	poly(A) RNA polymerase GLD2 isoform 3 [Homo sapiens]	TRUE	TENT2
XP_018646614.1	XP_047272817.1	0	N/A	38.462	247	53	9.11e-42	153	poly(A) RNA polymerase GLD2 isoform X9 [Homo sapiens]	TRUE	TENT2
XP_018646614.1	NP_001375066.1	0	N/A	41.743	218	52	8.77e-41	148	poly(A) RNA polymerase GLD2 isoform 15 [Homo sapiens]	TRUE	TENT2
XP_018646614.1	XP_011541531.1	0	N/A	30.923	401	89	9.2e-40	150	poly(A) RNA polymerase GLD2 isoform X5 [Homo sapiens]	TRUE	TENT2
XP_018646614.1	XP_047272816.1	0	N/A	37.849	251	53	1.25e-39	147	poly(A) RNA polymerase GLD2 isoform X8 [Homo sapiens]	TRUE	TENT2
XP_018646614.1	XP_047272286.1	0	N/A	34.084	311	72	3.8e-39	152	terminal uridylyltransferase 4 isoform X8 [Homo sapiens]	TRUE	Tut4
XP_018646614.1	XP_047272350.1	0	N/A	34.084	311	72	3.96e-39	152	terminal uridylyltransferase 4 isoform X34 [Homo sapiens]	TRUE	Tut4
XP_018646614.1	XP_047272344.1	0	N/A	34.084	311	72	4.08e-39	152	terminal uridylyltransferase 4 isoform X30 [Homo sapiens]	TRUE	Tut4
XP_018646614.1	XP_047272296.1	0	N/A	34.084	311	72	4.09e-39	152	terminal uridylyltransferase 4 isoform X13 [Homo sapiens]	TRUE	Tut4
XP_018646614.1	XP_047272305.1	0	N/A	34.084	311	72	4.16e-39	152	terminal uridylyltransferase 4 isoform X17 [Homo sapiens]	TRUE	Tut4
XP_018646614.1	XP_047272290.1	0	N/A	34.084	311	72	4.21e-39	152	terminal uridylyltransferase 4 isoform X11 [Homo sapiens]	TRUE	Tut4
XP_018646614.1	XP_047272372.1	0	N/A	34.084	311	72	4.29e-39	152	terminal uridylyltransferase 4 isoform X42 [Homo sapiens]	TRUE	Tut4
XP_018646614.1	XP_047272295.1	0	N/A	34.084	311	72	4.29e-39	152	terminal uridylyltransferase 4 isoform X12 [Homo sapiens]	TRUE	Tut4
XP_018646614.1	XP_047272285.1	0	N/A	34.106	302	70	2.6e-37	147	terminal uridylyltransferase 4 isoform X7 [Homo sapiens]	TRUE	Tut4
XP_018646614.1	XP_005270739.1	0	N/A	34.106	302	70	2.61e-37	147	terminal uridylyltransferase 4 isoform X33 [Homo sapiens]	TRUE	Tut4
XP_018646614.1	XP_016856297.1	0	N/A	34.106	302	70	2.64e-37	147	terminal uridylyltransferase 4 isoform X36 [Homo sapiens]	TRUE	Tut4
XP_018646614.1	XP_047272283.1	0	N/A	34.106	302	70	2.66e-37	147	terminal uridylyltransferase 4 isoform X6 [Homo sapiens]	TRUE	Tut4
XP_018646614.1	XP_005270737.1	0	N/A	34.106	302	70	2.66e-37	147	terminal uridylyltransferase 4 isoform X6 [Homo sapiens]	TRUE	Tut4
XP_018646614.1	XP_047272345.1	0	N/A	34.106	302	70	2.67e-37	147	terminal uridylyltransferase 4 isoform X31 [Homo sapiens]	TRUE	Tut4
XP_018646614.1	XP_047272288.1	0	N/A	34.106	302	70	2.67e-37	147	terminal uridylyltransferase 4 isoform X10 [Homo sapiens]	TRUE	Tut4
XP_018646614.1	XP_016856292.1	0	N/A	34.106	302	70	2.72e-37	147	terminal uridylyltransferase 4 isoform X9 [Homo sapiens]	TRUE	Tut4
XP_018646614.1	XP_011539399.1	0	N/A	34.106	302	70	2.74e-37	147	terminal uridylyltransferase 4 isoform X1 [Homo sapiens]	TRUE	Tut4
XP_018646614.1	XP_005270733.1	0	N/A	34.106	302	70	2.74e-37	147	terminal uridylyltransferase 4 isoform X1 [Homo sapiens]	TRUE	Tut4
XP_018649388.1	NP_001317647.1	0	N/A	30.904	343	21	1.24e-45	180	terminal uridylyltransferase 7 isoform 3 [Homo sapiens]	TRUE	Tut7
XP_018649388.1	XP_047279823.1	0	N/A	30.904	343	21	1.71e-44	180	terminal uridylyltransferase 7 isoform X2 [Homo sapiens]	TRUE	Tut7
XP_018649388.1	XP_006717346.1	0	N/A	30.904	343	21	1.71e-44	180	terminal uridylyltransferase 7 isoform X2 [Homo sapiens]	TRUE	Tut7
XP_018649388.1	XP_005252265.1	0	N/A	30.904	343	21	1.99e-44	179	terminal uridylyltransferase 7 isoform X7 [Homo sapiens]	TRUE	Tut7
XP_018649388.1	XP_047279825.1	0	N/A	30.904	343	21	2.12e-44	179	terminal uridylyltransferase 7 isoform X6 [Homo sapiens]	TRUE	Tut7
XP_018649388.1	XP_047279824.1	0	N/A	30.904	343	21	2.12e-44	179	terminal uridylyltransferase 7 isoform X6 [Homo sapiens]	TRUE	Tut7
XP_018649388.1	XP_005252264.1	0	N/A	30.904	343	21	2.12e-44	179	terminal uridylyltransferase 7 isoform X6 [Homo sapiens]	TRUE	Tut7
XP_018649388.1	XP_011517317.1	0	N/A	30.904	343	21	2.16e-44	179	terminal uridylyltransferase 7 isoform X3 [Homo sapiens]	TRUE	Tut7
XP_018649388.1	XP_016870620.1	0	N/A	30.904	343	21	2.42e-44	179	terminal uridylyltransferase 7 isoform X4 [Homo sapiens]	TRUE	Tut7
XP_018649388.1	XP_016870619.1	0	N/A	30.904	343	21	2.42e-44	179	terminal uridylyltransferase 7 isoform X4 [Homo sapiens]	TRUE	Tut7
XP_018649388.1	NP_078893.2	0	N/A	30.904	343	21	2.42e-44	179	terminal uridylyltransferase 7 isoform 1 [Homo sapiens]	TRUE	Tut7
XP_018649388.1	NP_001171988.1	0	N/A	30.904	343	21	2.42e-44	179	terminal uridylyltransferase 7 isoform 1 [Homo sapiens]	TRUE	Tut7
XP_018649388.1	XP_011517318.1	0	N/A	30.904	343	21	2.83e-44	179	terminal uridylyltransferase 7 isoform X5 [Homo sapiens]	TRUE	Tut7
XP_018649388.1	XP_011517316.1	0	N/A	30.904	343	21	3.15e-44	179	terminal uridylyltransferase 7 isoform X1 [Homo sapiens]	TRUE	Tut7
XP_018649388.1	XP_011517315.1	0	N/A	30.904	343	21	3.15e-44	179	terminal uridylyltransferase 7 isoform X1 [Homo sapiens]	TRUE	Tut7
XP_018649388.1	XP_011517314.1	0	N/A	30.904	343	21	3.15e-44	179	terminal uridylyltransferase 7 isoform X1 [Homo sapiens]	TRUE	Tut7
XP_018649388.1	XP_011517313.1	0	N/A	30.904	343	21	3.15e-44	179	terminal uridylyltransferase 7 isoform X1 [Homo sapiens]	TRUE	Tut7
XP_018649388.1	XP_047272283.1	0	N/A	27.88	434	23	5.78e-43	175	terminal uridylyltransferase 4 isoform X6 [Homo sapiens]	TRUE	Tut4
XP_018649388.1	XP_005270737.1	0	N/A	27.88	434	23	5.78e-43	175	terminal uridylyltransferase 4 isoform X6 [Homo sapiens]	TRUE	Tut4
XP_018649388.1	XP_047272384.1	0	N/A	27.945	433	23	6.53e-43	173	terminal uridylyltransferase 4 isoform X46 [Homo sapiens]	TRUE	Tut4
XP_018649388.1	XP_047272280.1	0	N/A	27.88	434	23	6.53e-43	175	terminal uridylyltransferase 4 isoform X3 [Homo sapiens]	TRUE	Tut4
XP_018649388.1	XP_005270736.1	0	N/A	27.88	434	23	6.53e-43	175	terminal uridylyltransferase 4 isoform X3 [Homo sapiens]	TRUE	Tut4
XP_018649388.1	XP_016856293.1	0	N/A	27.88	434	23	6.86e-43	175	terminal uridylyltransferase 4 isoform X16 [Homo sapiens]	TRUE	Tut4
XP_018649388.1	XP_016856297.1	0	N/A	27.88	434	23	6.93e-43	174	terminal uridylyltransferase 4 isoform X36 [Homo sapiens]	TRUE	Tut4
XP_018649388.1	XP_016856299.1	0	N/A	27.88	434	23	7.38e-43	174	terminal uridylyltransferase 4 isoform X40 [Homo sapiens]	TRUE	Tut4
XP_018649388.1	XP_016856292.1	0	N/A	27.88	434	23	7.69e-43	174	terminal uridylyltransferase 4 isoform X9 [Homo sapiens]	TRUE	Tut4
XP_018649388.1	XP_016856296.1	0	N/A	27.88	434	23	8.25e-43	174	terminal uridylyltransferase 4 isoform X28 [Homo sapiens]	TRUE	Tut4
XP_018649388.1	XP_016856295.1	0	N/A	27.88	434	23	8.8e-43	174	terminal uridylyltransferase 4 isoform X25 [Homo sapiens]	TRUE	Tut4
XP_018649388.1	XP_047272345.1	0	N/A	27.88	434	23	9.1e-43	174	terminal uridylyltransferase 4 isoform X31 [Homo sapiens]	TRUE	Tut4
XP_018649388.1	XP_047272365.1	0	N/A	27.945	433	23	1.05e-42	174	terminal uridylyltransferase 4 isoform X38 [Homo sapiens]	TRUE	Tut4
XP_018649388.1	XP_047272282.1	0	N/A	27.945	433	23	1.08e-42	174	terminal uridylyltransferase 4 isoform X5 [Homo sapiens]	TRUE	Tut4
XP_018649388.1	NP_056084.1	0	N/A	27.945	433	23	1.08e-42	174	terminal uridylyltransferase 4 isoform b [Homo sapiens]	TRUE	Tut4
XP_018649388.1	XP_005270739.1	0	N/A	27.945	433	23	1.08e-42	174	terminal uridylyltransferase 4 isoform X33 [Homo sapiens]	TRUE	Tut4
XP_018649388.1	XP_047272281.1	0	N/A	27.945	433	23	1.1e-42	174	terminal uridylyltransferase 4 isoform X4 [Homo sapiens]	TRUE	Tut4
XP_018649388.1	NP_001009881.1	0	N/A	27.945	433	23	1.1e-42	174	terminal uridylyltransferase 4 isoform a [Homo sapiens]	TRUE	Tut4
XP_018649388.1	XP_047272288.1	0	N/A	27.945	433	23	1.11e-42	174	terminal uridylyltransferase 4 isoform X10 [Homo sapiens]	TRUE	Tut4
XP_018649388.1	XP_011539399.1	0	N/A	27.945	433	23	1.19e-42	174	terminal uridylyltransferase 4 isoform X1 [Homo sapiens]	TRUE	Tut4
XP_018649388.1	XP_005270733.1	0	N/A	27.945	433	23	1.19e-42	174	terminal uridylyltransferase 4 isoform X1 [Homo sapiens]	TRUE	Tut4
XP_018649388.1	XP_047272285.1	0	N/A	27.945	433	23	1.23e-42	174	terminal uridylyltransferase 4 isoform X7 [Homo sapiens]	TRUE	Tut4
XP_018649388.1	XP_005270735.1	0	N/A	27.945	433	23	1.25e-42	174	terminal uridylyltransferase 4 isoform X2 [Homo sapiens]	TRUE	Tut4
XP_018649388.1	XP_011539401.1	0	N/A	27.945	433	23	1.33e-42	174	terminal uridylyltransferase 4 isoform X29 [Homo sapiens]	TRUE	Tut4
XP_018649388.1	XP_047272325.1	0	N/A	27.945	433	23	1.42e-42	174	terminal uridylyltransferase 4 isoform X23 [Homo sapiens]	TRUE	Tut4
XP_018649388.1	XP_047272337.1	0	N/A	27.945	433	23	1.42e-42	174	terminal uridylyltransferase 4 isoform X27 [Homo sapiens]	TRUE	Tut4
XP_018649388.1	XP_047272305.1	0	N/A	31.437	334	17	5.42e-41	169	terminal uridylyltransferase 4 isoform X17 [Homo sapiens]	TRUE	Tut4
XP_018649388.1	XP_047272290.1	0	N/A	31.437	334	17	7.02e-41	168	terminal uridylyltransferase 4 isoform X11 [Homo sapiens]	TRUE	Tut4
XP_018649388.1	XP_047272350.1	0	N/A	31.437	334	17	7.62e-41	168	terminal uridylyltransferase 4 isoform X34 [Homo sapiens]	TRUE	Tut4
XP_018649388.1	XP_047272372.1	0	N/A	31.532	333	17	1.08e-40	167	terminal uridylyltransferase 4 isoform X42 [Homo sapiens]	TRUE	Tut4
XP_018649388.1	XP_047272295.1	0	N/A	31.532	333	17	1.12e-40	167	terminal uridylyltransferase 4 isoform X12 [Homo sapiens]	TRUE	Tut4
XP_018649388.1	XP_047272296.1	0	N/A	31.532	333	17	1.15e-40	167	terminal uridylyltransferase 4 isoform X13 [Homo sapiens]	TRUE	Tut4
XP_018649388.1	XP_047272286.1	0	N/A	31.532	333	17	1.22e-40	167	terminal uridylyltransferase 4 isoform X8 [Homo sapiens]	TRUE	Tut4
XP_018649388.1	XP_047272344.1	0	N/A	31.532	333	17	1.53e-40	167	terminal uridylyltransferase 4 isoform X30 [Homo sapiens]	TRUE	Tut4
XP_018649388.1	NP_001172003.1	0	N/A	36.269	193	11	3.4e-33	143	terminal uridylyltransferase 7 isoform 2 [Homo sapiens]	TRUE	Tut7
XP_018649388.1	XP_047272377.1	0	N/A	23.843	432	23	2.94e-27	124	terminal uridylyltransferase 4 isoform X44 [Homo sapiens]	TRUE	Tut4
XP_018649388.1	XP_047272367.1	0	N/A	23.843	432	23	4.11e-27	123	terminal uridylyltransferase 4 isoform X39 [Homo sapiens]	TRUE	Tut4
XP_018649388.1	XP_047272336.1	0	N/A	23.843	432	23	4.21e-27	123	terminal uridylyltransferase 4 isoform X26 [Homo sapiens]	TRUE	Tut4
XP_018649388.1	XP_016856294.1	0	N/A	23.843	432	23	4.21e-27	123	terminal uridylyltransferase 4 isoform X20 [Homo sapiens]	TRUE	Tut4
XP_018649388.1	XP_047272306.1	0	N/A	23.843	432	23	4.44e-27	123	terminal uridylyltransferase 4 isoform X18 [Homo sapiens]	TRUE	Tut4
XP_018649388.1	XP_005270738.1	0	N/A	23.898	431	23	5.93e-27	122	terminal uridylyltransferase 4 isoform X14 [Homo sapiens]	TRUE	Tut4
XP_018649388.1	XP_047272303.1	0	N/A	23.898	431	23	5.98e-27	122	terminal uridylyltransferase 4 isoform X15 [Homo sapiens]	TRUE	Tut4
XP_018649388.1	XP_047272373.1	0	N/A	23.898	431	23	6.09e-27	122	terminal uridylyltransferase 4 isoform X43 [Homo sapiens]	TRUE	Tut4
XP_018649388.1	XP_047272311.1	0	N/A	23.898	431	23	6.19e-27	122	terminal uridylyltransferase 4 isoform X21 [Homo sapiens]	TRUE	Tut4
XP_018649388.1	XP_047272327.1	0	N/A	23.898	431	23	6.38e-27	122	terminal uridylyltransferase 4 isoform X24 [Homo sapiens]	TRUE	Tut4
XP_018649388.1	XP_047272320.1	0	N/A	23.898	431	23	6.39e-27	122	terminal uridylyltransferase 4 isoform X22 [Homo sapiens]	TRUE	Tut4
XP_018649388.1	XP_047272362.1	0	N/A	23.898	431	23	7.2e-27	122	terminal uridylyltransferase 4 isoform X37 [Homo sapiens]	TRUE	Tut4
XP_018649388.1	XP_047272354.1	0	N/A	23.898	431	23	7.32e-27	122	terminal uridylyltransferase 4 isoform X35 [Homo sapiens]	TRUE	Tut4
XP_018649388.1	XP_047272307.1	0	N/A	23.898	431	23	7.5e-27	122	terminal uridylyltransferase 4 isoform X19 [Homo sapiens]	TRUE	Tut4
XP_018649388.1	XP_047272369.1	0	N/A	23.898	431	23	7.52e-27	122	terminal uridylyltransferase 4 isoform X41 [Homo sapiens]	TRUE	Tut4
XP_018649388.1	XP_047272348.1	0	N/A	23.898	431	23	7.79e-27	122	terminal uridylyltransferase 4 isoform X32 [Homo sapiens]	TRUE	Tut4
XP_018649388.1	XP_047279826.1	0	N/A	27.01	311	17	3.44e-17	90.5	terminal uridylyltransferase 7 isoform X8 [Homo sapiens]	TRUE	Tut7
XP_018649388.1	NP_001375042.1	0	N/A	26.471	306	18	7.71e-16	85.1	poly(A) RNA polymerase GLD2 isoform 16 [Homo sapiens]	TRUE	TENT2
XP_018649388.1	XP_047272808.1	0	N/A	26.471	306	18	8.69e-16	84.7	poly(A) RNA polymerase GLD2 isoform X3 [Homo sapiens]	TRUE	TENT2
XP_018649388.1	XP_047272807.1	0	N/A	26.471	306	18	8.69e-16	84.7	poly(A) RNA polymerase GLD2 isoform X3 [Homo sapiens]	TRUE	TENT2
XP_018649388.1	XP_047272806.1	0	N/A	26.471	306	18	8.69e-16	84.7	poly(A) RNA polymerase GLD2 isoform X3 [Homo sapiens]	TRUE	TENT2
XP_018649388.1	NP_776158.2	0	N/A	26.471	306	18	8.69e-16	84.7	poly(A) RNA polymerase GLD2 isoform 1 [Homo sapiens]	TRUE	TENT2
XP_018649388.1	NP_001375041.1	0	N/A	26.471	306	18	8.69e-16	84.7	poly(A) RNA polymerase GLD2 isoform 1 [Homo sapiens]	TRUE	TENT2
XP_018649388.1	NP_001375040.1	0	N/A	26.471	306	18	8.69e-16	84.7	poly(A) RNA polymerase GLD2 isoform 1 [Homo sapiens]	TRUE	TENT2
XP_018649388.1	NP_001375039.1	0	N/A	26.471	306	18	8.69e-16	84.7	poly(A) RNA polymerase GLD2 isoform 1 [Homo sapiens]	TRUE	TENT2
XP_018649388.1	NP_001375038.1	0	N/A	26.471	306	18	8.69e-16	84.7	poly(A) RNA polymerase GLD2 isoform 1 [Homo sapiens]	TRUE	TENT2
XP_018649388.1	NP_001375037.1	0	N/A	26.471	306	18	8.69e-16	84.7	poly(A) RNA polymerase GLD2 isoform 1 [Homo sapiens]	TRUE	TENT2
XP_018649388.1	NP_001375036.1	0	N/A	26.471	306	18	8.69e-16	84.7	poly(A) RNA polymerase GLD2 isoform 1 [Homo sapiens]	TRUE	TENT2
XP_018649388.1	NP_001375035.1	0	N/A	26.471	306	18	8.69e-16	84.7	poly(A) RNA polymerase GLD2 isoform 1 [Homo sapiens]	TRUE	TENT2
XP_018649388.1	NP_001375034.1	0	N/A	26.471	306	18	8.69e-16	84.7	poly(A) RNA polymerase GLD2 isoform 1 [Homo sapiens]	TRUE	TENT2
XP_018649388.1	NP_001375032.1	0	N/A	26.471	306	18	8.69e-16	84.7	poly(A) RNA polymerase GLD2 isoform 1 [Homo sapiens]	TRUE	TENT2
XP_018649388.1	NP_001375031.1	0	N/A	26.471	306	18	8.69e-16	84.7	poly(A) RNA polymerase GLD2 isoform 1 [Homo sapiens]	TRUE	TENT2
XP_018649388.1	NP_001336482.1	0	N/A	26.471	306	18	8.69e-16	84.7	poly(A) RNA polymerase GLD2 isoform 1 [Homo sapiens]	TRUE	TENT2
XP_018649388.1	NP_001336481.1	0	N/A	26.471	306	18	8.69e-16	84.7	poly(A) RNA polymerase GLD2 isoform 1 [Homo sapiens]	TRUE	TENT2
XP_018649388.1	NP_001107866.1	0	N/A	26.471	306	18	8.69e-16	84.7	poly(A) RNA polymerase GLD2 isoform 1 [Homo sapiens]	TRUE	TENT2
XP_018649388.1	NP_001107865.1	0	N/A	26.471	306	18	8.69e-16	84.7	poly(A) RNA polymerase GLD2 isoform 1 [Homo sapiens]	TRUE	TENT2
XP_018649388.1	NP_001375060.1	0	N/A	26.471	306	18	9.53e-16	84.3	poly(A) RNA polymerase GLD2 isoform 11 [Homo sapiens]	TRUE	TENT2
XP_018649388.1	NP_001375029.1	0	N/A	26.282	312	18	1.16e-15	84.3	poly(A) RNA polymerase GLD2 isoform 8 [Homo sapiens]	TRUE	TENT2
XP_018649388.1	NP_001375028.1	0	N/A	26.282	312	18	1.16e-15	84.3	poly(A) RNA polymerase GLD2 isoform 8 [Homo sapiens]	TRUE	TENT2
XP_018649388.1	NP_001375059.1	0	N/A	26.144	306	18	5.01e-15	82.4	poly(A) RNA polymerase GLD2 isoform 10 [Homo sapiens]	TRUE	TENT2
XP_018649388.1	XP_047272811.1	0	N/A	26.144	306	18	5.13e-15	82.4	poly(A) RNA polymerase GLD2 isoform X4 [Homo sapiens]	TRUE	TENT2
XP_018649388.1	XP_047272810.1	0	N/A	26.144	306	18	5.13e-15	82.4	poly(A) RNA polymerase GLD2 isoform X4 [Homo sapiens]	TRUE	TENT2
XP_018649388.1	XP_047272809.1	0	N/A	26.144	306	18	5.13e-15	82.4	poly(A) RNA polymerase GLD2 isoform X4 [Homo sapiens]	TRUE	TENT2
XP_018649388.1	NP_001375058.1	0	N/A	26.144	306	18	5.13e-15	82.4	poly(A) RNA polymerase GLD2 isoform 2 [Homo sapiens]	TRUE	TENT2
XP_018649388.1	NP_001375057.1	0	N/A	26.144	306	18	5.13e-15	82.4	poly(A) RNA polymerase GLD2 isoform 2 [Homo sapiens]	TRUE	TENT2
XP_018649388.1	NP_001375056.1	0	N/A	26.144	306	18	5.13e-15	82.4	poly(A) RNA polymerase GLD2 isoform 2 [Homo sapiens]	TRUE	TENT2
XP_018649388.1	NP_001375055.1	0	N/A	26.144	306	18	5.13e-15	82.4	poly(A) RNA polymerase GLD2 isoform 2 [Homo sapiens]	TRUE	TENT2
XP_018649388.1	NP_001375054.1	0	N/A	26.144	306	18	5.13e-15	82.4	poly(A) RNA polymerase GLD2 isoform 2 [Homo sapiens]	TRUE	TENT2
XP_018652643.1	NP_001336477.1	0	N/A	50.794	63	33	1.24e-10	60.8	poly(A) RNA polymerase GLD2 isoform 4 [Homo sapiens]	TRUE	TENT2
XP_018652643.1	XP_047272820.1	0	N/A	50.794	63	33	1.44e-10	60.8	poly(A) RNA polymerase GLD2 isoform X11 [Homo sapiens]	TRUE	TENT2
XP_018652643.1	NP_001375066.1	0	N/A	50.794	63	33	1.58e-10	60.8	poly(A) RNA polymerase GLD2 isoform 15 [Homo sapiens]	TRUE	TENT2
XP_018652643.1	NP_001375065.1	0	N/A	50.794	63	33	3.51e-10	60.5	poly(A) RNA polymerase GLD2 isoform 14 [Homo sapiens]	TRUE	TENT2
XP_018652643.1	NP_001375059.1	0	N/A	50.794	63	33	3.84e-10	60.5	poly(A) RNA polymerase GLD2 isoform 10 [Homo sapiens]	TRUE	TENT2
XP_018652643.1	XP_047272811.1	0	N/A	50.794	63	33	3.99e-10	60.5	poly(A) RNA polymerase GLD2 isoform X4 [Homo sapiens]	TRUE	TENT2
XP_018652643.1	XP_047272810.1	0	N/A	50.794	63	33	3.99e-10	60.5	poly(A) RNA polymerase GLD2 isoform X4 [Homo sapiens]	TRUE	TENT2
XP_018652643.1	XP_047272809.1	0	N/A	50.794	63	33	3.99e-10	60.5	poly(A) RNA polymerase GLD2 isoform X4 [Homo sapiens]	TRUE	TENT2
XP_018652643.1	NP_001375058.1	0	N/A	50.794	63	33	3.99e-10	60.5	poly(A) RNA polymerase GLD2 isoform 2 [Homo sapiens]	TRUE	TENT2
XP_018652643.1	NP_001375057.1	0	N/A	50.794	63	33	3.99e-10	60.5	poly(A) RNA polymerase GLD2 isoform 2 [Homo sapiens]	TRUE	TENT2
XP_018652643.1	NP_001375056.1	0	N/A	50.794	63	33	3.99e-10	60.5	poly(A) RNA polymerase GLD2 isoform 2 [Homo sapiens]	TRUE	TENT2
XP_018652643.1	NP_001375055.1	0	N/A	50.794	63	33	3.99e-10	60.5	poly(A) RNA polymerase GLD2 isoform 2 [Homo sapiens]	TRUE	TENT2
XP_018652643.1	NP_001375054.1	0	N/A	50.794	63	33	3.99e-10	60.5	poly(A) RNA polymerase GLD2 isoform 2 [Homo sapiens]	TRUE	TENT2
XP_018652643.1	NP_001375053.1	0	N/A	50.794	63	33	3.99e-10	60.5	poly(A) RNA polymerase GLD2 isoform 2 [Homo sapiens]	TRUE	TENT2
XP_018652643.1	NP_001375052.1	0	N/A	50.794	63	33	3.99e-10	60.5	poly(A) RNA polymerase GLD2 isoform 2 [Homo sapiens]	TRUE	TENT2
XP_018652643.1	NP_001375051.1	0	N/A	50.794	63	33	3.99e-10	60.5	poly(A) RNA polymerase GLD2 isoform 2 [Homo sapiens]	TRUE	TENT2
XP_018652643.1	NP_001375050.1	0	N/A	50.794	63	33	3.99e-10	60.5	poly(A) RNA polymerase GLD2 isoform 2 [Homo sapiens]	TRUE	TENT2
XP_018652643.1	NP_001375049.1	0	N/A	50.794	63	33	3.99e-10	60.5	poly(A) RNA polymerase GLD2 isoform 2 [Homo sapiens]	TRUE	TENT2
XP_018652643.1	NP_001375048.1	0	N/A	50.794	63	33	3.99e-10	60.5	poly(A) RNA polymerase GLD2 isoform 2 [Homo sapiens]	TRUE	TENT2
XP_018652643.1	NP_001375047.1	0	N/A	50.794	63	33	3.99e-10	60.5	poly(A) RNA polymerase GLD2 isoform 2 [Homo sapiens]	TRUE	TENT2
XP_018652643.1	NP_001375046.1	0	N/A	50.794	63	33	3.99e-10	60.5	poly(A) RNA polymerase GLD2 isoform 2 [Homo sapiens]	TRUE	TENT2
XP_018652643.1	NP_001375045.1	0	N/A	50.794	63	33	3.99e-10	60.5	poly(A) RNA polymerase GLD2 isoform 2 [Homo sapiens]	TRUE	TENT2
XP_018652643.1	NP_001375044.1	0	N/A	50.794	63	33	3.99e-10	60.5	poly(A) RNA polymerase GLD2 isoform 2 [Homo sapiens]	TRUE	TENT2
XP_018652643.1	NP_001375043.1	0	N/A	50.794	63	33	3.99e-10	60.5	poly(A) RNA polymerase GLD2 isoform 2 [Homo sapiens]	TRUE	TENT2
XP_018652643.1	NP_001336483.1	0	N/A	50.794	63	33	3.99e-10	60.5	poly(A) RNA polymerase GLD2 isoform 2 [Homo sapiens]	TRUE	TENT2
XP_018652643.1	NP_001284673.1	0	N/A	50.794	63	33	3.99e-10	60.5	poly(A) RNA polymerase GLD2 isoform 2 [Homo sapiens]	TRUE	TENT2
XP_018652643.1	NP_001375027.1	0	N/A	50.794	63	33	4.05e-10	60.5	poly(A) RNA polymerase GLD2 isoform 7 [Homo sapiens]	TRUE	TENT2
XP_018652643.1	XP_047272805.1	0	N/A	50.794	63	33	4.09e-10	60.5	poly(A) RNA polymerase GLD2 isoform X2 [Homo sapiens]	TRUE	TENT2
XP_018652643.1	XP_047272804.1	0	N/A	50.794	63	33	4.09e-10	60.5	poly(A) RNA polymerase GLD2 isoform X2 [Homo sapiens]	TRUE	TENT2
XP_018652643.1	XP_047272803.1	0	N/A	50.794	63	33	4.09e-10	60.5	poly(A) RNA polymerase GLD2 isoform X2 [Homo sapiens]	TRUE	TENT2
XP_018652643.1	XP_047272802.1	0	N/A	50.794	63	33	4.09e-10	60.5	poly(A) RNA polymerase GLD2 isoform X2 [Homo sapiens]	TRUE	TENT2
XP_018652643.1	XP_016864641.1	0	N/A	50.794	63	33	4.09e-10	60.5	poly(A) RNA polymerase GLD2 isoform X2 [Homo sapiens]	TRUE	TENT2
XP_018652643.1	NP_001375026.1	0	N/A	50.794	63	33	4.09e-10	60.5	poly(A) RNA polymerase GLD2 isoform 6 [Homo sapiens]	TRUE	TENT2
XP_018652643.1	NP_001375025.1	0	N/A	50.794	63	33	4.09e-10	60.5	poly(A) RNA polymerase GLD2 isoform 6 [Homo sapiens]	TRUE	TENT2
XP_018652643.1	NP_001375024.1	0	N/A	50.794	63	33	4.09e-10	60.5	poly(A) RNA polymerase GLD2 isoform 6 [Homo sapiens]	TRUE	TENT2
XP_018652643.1	NP_001336480.1	0	N/A	50.794	63	33	4.09e-10	60.5	poly(A) RNA polymerase GLD2 isoform 6 [Homo sapiens]	TRUE	TENT2
XP_018652643.1	NP_001375061.1	0	N/A	50.794	63	33	4.17e-10	60.1	poly(A) RNA polymerase GLD2 isoform 12 [Homo sapiens]	TRUE	TENT2
XP_018652643.1	NP_001375042.1	0	N/A	50.794	63	33	4.19e-10	60.1	poly(A) RNA polymerase GLD2 isoform 16 [Homo sapiens]	TRUE	TENT2
XP_018652643.1	XP_047272808.1	0	N/A	50.794	63	33	4.31e-10	60.1	poly(A) RNA polymerase GLD2 isoform X3 [Homo sapiens]	TRUE	TENT2
XP_018652643.1	XP_047272807.1	0	N/A	50.794	63	33	4.31e-10	60.1	poly(A) RNA polymerase GLD2 isoform X3 [Homo sapiens]	TRUE	TENT2
XP_018652643.1	XP_047272806.1	0	N/A	50.794	63	33	4.31e-10	60.1	poly(A) RNA polymerase GLD2 isoform X3 [Homo sapiens]	TRUE	TENT2
XP_018652643.1	NP_776158.2	0	N/A	50.794	63	33	4.31e-10	60.1	poly(A) RNA polymerase GLD2 isoform 1 [Homo sapiens]	TRUE	TENT2
XP_018652643.1	NP_001375041.1	0	N/A	50.794	63	33	4.31e-10	60.1	poly(A) RNA polymerase GLD2 isoform 1 [Homo sapiens]	TRUE	TENT2
XP_018652643.1	NP_001375040.1	0	N/A	50.794	63	33	4.31e-10	60.1	poly(A) RNA polymerase GLD2 isoform 1 [Homo sapiens]	TRUE	TENT2
XP_018652643.1	NP_001375039.1	0	N/A	50.794	63	33	4.31e-10	60.1	poly(A) RNA polymerase GLD2 isoform 1 [Homo sapiens]	TRUE	TENT2
XP_018652643.1	NP_001375038.1	0	N/A	50.794	63	33	4.31e-10	60.1	poly(A) RNA polymerase GLD2 isoform 1 [Homo sapiens]	TRUE	TENT2
XP_018652643.1	NP_001375037.1	0	N/A	50.794	63	33	4.31e-10	60.1	poly(A) RNA polymerase GLD2 isoform 1 [Homo sapiens]	TRUE	TENT2
XP_018652643.1	NP_001375036.1	0	N/A	50.794	63	33	4.31e-10	60.1	poly(A) RNA polymerase GLD2 isoform 1 [Homo sapiens]	TRUE	TENT2
XP_018652643.1	NP_001375035.1	0	N/A	50.794	63	33	4.31e-10	60.1	poly(A) RNA polymerase GLD2 isoform 1 [Homo sapiens]	TRUE	TENT2
XP_018652643.1	NP_001375034.1	0	N/A	50.794	63	33	4.31e-10	60.1	poly(A) RNA polymerase GLD2 isoform 1 [Homo sapiens]	TRUE	TENT2
XP_018652643.1	NP_001375032.1	0	N/A	50.794	63	33	4.31e-10	60.1	poly(A) RNA polymerase GLD2 isoform 1 [Homo sapiens]	TRUE	TENT2
XP_018652643.1	NP_001375031.1	0	N/A	50.794	63	33	4.31e-10	60.1	poly(A) RNA polymerase GLD2 isoform 1 [Homo sapiens]	TRUE	TENT2
XP_018652643.1	NP_001336482.1	0	N/A	50.794	63	33	4.31e-10	60.1	poly(A) RNA polymerase GLD2 isoform 1 [Homo sapiens]	TRUE	TENT2
XP_018652643.1	NP_001336481.1	0	N/A	50.794	63	33	4.31e-10	60.1	poly(A) RNA polymerase GLD2 isoform 1 [Homo sapiens]	TRUE	TENT2
XP_018652643.1	NP_001107866.1	0	N/A	50.794	63	33	4.31e-10	60.1	poly(A) RNA polymerase GLD2 isoform 1 [Homo sapiens]	TRUE	TENT2
XP_018652643.1	NP_001107865.1	0	N/A	50.794	63	33	4.31e-10	60.1	poly(A) RNA polymerase GLD2 isoform 1 [Homo sapiens]	TRUE	TENT2
XP_018652643.1	XP_047272801.1	0	N/A	50.794	63	33	4.38e-10	60.1	poly(A) RNA polymerase GLD2 isoform X1 [Homo sapiens]	TRUE	TENT2
XP_018652643.1	XP_047272800.1	0	N/A	50.794	63	33	4.38e-10	60.1	poly(A) RNA polymerase GLD2 isoform X1 [Homo sapiens]	TRUE	TENT2
XP_018652643.1	XP_011541527.1	0	N/A	50.794	63	33	4.38e-10	60.1	poly(A) RNA polymerase GLD2 isoform X1 [Homo sapiens]	TRUE	TENT2
XP_018652643.1	XP_011541526.1	0	N/A	50.794	63	33	4.38e-10	60.1	poly(A) RNA polymerase GLD2 isoform X1 [Homo sapiens]	TRUE	TENT2
XP_018652643.1	XP_011541523.1	0	N/A	50.794	63	33	4.38e-10	60.1	poly(A) RNA polymerase GLD2 isoform X1 [Homo sapiens]	TRUE	TENT2
XP_018652643.1	XP_011541522.1	0	N/A	50.794	63	33	4.38e-10	60.1	poly(A) RNA polymerase GLD2 isoform X1 [Homo sapiens]	TRUE	TENT2
XP_018652643.1	NP_001375023.1	0	N/A	50.794	63	33	4.38e-10	60.1	poly(A) RNA polymerase GLD2 isoform 5 [Homo sapiens]	TRUE	TENT2
XP_018652643.1	NP_001375022.1	0	N/A	50.794	63	33	4.38e-10	60.1	poly(A) RNA polymerase GLD2 isoform 5 [Homo sapiens]	TRUE	TENT2
XP_018652643.1	NP_001336479.1	0	N/A	50.794	63	33	4.38e-10	60.1	poly(A) RNA polymerase GLD2 isoform 5 [Homo sapiens]	TRUE	TENT2
XP_018652643.1	NP_001336478.1	0	N/A	50.794	63	33	4.38e-10	60.1	poly(A) RNA polymerase GLD2 isoform 5 [Homo sapiens]	TRUE	TENT2
XP_018652643.1	NP_001375060.1	0	N/A	50.794	63	33	4.6e-10	60.1	poly(A) RNA polymerase GLD2 isoform 11 [Homo sapiens]	TRUE	TENT2
XP_018652643.1	NP_001375030.1	0	N/A	50.794	63	33	4.67e-10	60.1	poly(A) RNA polymerase GLD2 isoform 9 [Homo sapiens]	TRUE	TENT2
XP_018652643.1	NP_001375029.1	0	N/A	50.794	63	33	5.2e-10	60.1	poly(A) RNA polymerase GLD2 isoform 8 [Homo sapiens]	TRUE	TENT2
XP_018652643.1	NP_001375028.1	0	N/A	50.794	63	33	5.2e-10	60.1	poly(A) RNA polymerase GLD2 isoform 8 [Homo sapiens]	TRUE	TENT2
XP_018652643.1	XP_047272817.1	0	N/A	51.163	43	23	1.27e-06	50.1	poly(A) RNA polymerase GLD2 isoform X9 [Homo sapiens]	TRUE	TENT2
XP_018652643.1	XP_047272818.1	0	N/A	51.163	43	23	1.43e-06	49.7	poly(A) RNA polymerase GLD2 isoform X10 [Homo sapiens]	TRUE	TENT2
XP_018652643.1	XP_047272816.1	0	N/A	51.163	43	23	1.45e-06	49.7	poly(A) RNA polymerase GLD2 isoform X8 [Homo sapiens]	TRUE	TENT2
XP_018652643.1	XP_047272280.1	0	N/A	43.333	60	32	2.37e-06	49.7	terminal uridylyltransferase 4 isoform X3 [Homo sapiens]	TRUE	Tut4
XP_018652643.1	XP_005270736.1	0	N/A	43.333	60	32	2.37e-06	49.7	terminal uridylyltransferase 4 isoform X3 [Homo sapiens]	TRUE	Tut4
XP_018652643.1	XP_047272372.1	0	N/A	43.333	60	32	2.42e-06	49.3	terminal uridylyltransferase 4 isoform X42 [Homo sapiens]	TRUE	Tut4
XP_018652643.1	XP_047272290.1	0	N/A	43.333	60	32	2.44e-06	49.3	terminal uridylyltransferase 4 isoform X11 [Homo sapiens]	TRUE	Tut4
XP_018652643.1	XP_005270739.1	0	N/A	43.333	60	32	2.45e-06	49.3	terminal uridylyltransferase 4 isoform X33 [Homo sapiens]	TRUE	Tut4
XP_018652643.1	XP_047272305.1	0	N/A	43.333	60	32	2.46e-06	49.3	terminal uridylyltransferase 4 isoform X17 [Homo sapiens]	TRUE	Tut4
XP_018652643.1	XP_047272295.1	0	N/A	43.333	60	32	2.46e-06	49.3	terminal uridylyltransferase 4 isoform X12 [Homo sapiens]	TRUE	Tut4
XP_018652643.1	XP_047272365.1	0	N/A	43.333	60	32	2.47e-06	49.3	terminal uridylyltransferase 4 isoform X38 [Homo sapiens]	TRUE	Tut4
XP_018652643.1	XP_016856292.1	0	N/A	43.333	60	32	2.48e-06	49.3	terminal uridylyltransferase 4 isoform X9 [Homo sapiens]	TRUE	Tut4
XP_018652643.1	XP_047272283.1	0	N/A	43.333	60	32	2.48e-06	49.3	terminal uridylyltransferase 4 isoform X6 [Homo sapiens]	TRUE	Tut4
XP_018652643.1	XP_005270737.1	0	N/A	43.333	60	32	2.48e-06	49.3	terminal uridylyltransferase 4 isoform X6 [Homo sapiens]	TRUE	Tut4
XP_018652643.1	XP_047272296.1	0	N/A	43.333	60	32	2.51e-06	49.3	terminal uridylyltransferase 4 isoform X13 [Homo sapiens]	TRUE	Tut4
XP_018652643.1	XP_047272285.1	0	N/A	43.333	60	32	2.51e-06	49.3	terminal uridylyltransferase 4 isoform X7 [Homo sapiens]	TRUE	Tut4
XP_018652643.1	XP_047272281.1	0	N/A	43.333	60	32	2.51e-06	49.3	terminal uridylyltransferase 4 isoform X4 [Homo sapiens]	TRUE	Tut4
XP_018652643.1	NP_001009881.1	0	N/A	43.333	60	32	2.51e-06	49.3	terminal uridylyltransferase 4 isoform a [Homo sapiens]	TRUE	Tut4
XP_018652643.1	XP_016856299.1	0	N/A	43.333	60	32	2.52e-06	49.3	terminal uridylyltransferase 4 isoform X40 [Homo sapiens]	TRUE	Tut4
XP_018652643.1	XP_047272282.1	0	N/A	43.333	60	32	2.53e-06	49.3	terminal uridylyltransferase 4 isoform X5 [Homo sapiens]	TRUE	Tut4
XP_018652643.1	NP_056084.1	0	N/A	43.333	60	32	2.53e-06	49.3	terminal uridylyltransferase 4 isoform b [Homo sapiens]	TRUE	Tut4
XP_018652643.1	XP_016856297.1	0	N/A	43.333	60	32	2.54e-06	49.3	terminal uridylyltransferase 4 isoform X36 [Homo sapiens]	TRUE	Tut4
XP_018652643.1	XP_005270735.1	0	N/A	43.333	60	32	2.56e-06	49.3	terminal uridylyltransferase 4 isoform X2 [Homo sapiens]	TRUE	Tut4
XP_018652643.1	XP_011539399.1	0	N/A	43.333	60	32	2.56e-06	49.3	terminal uridylyltransferase 4 isoform X1 [Homo sapiens]	TRUE	Tut4
XP_018652643.1	XP_005270733.1	0	N/A	43.333	60	32	2.56e-06	49.3	terminal uridylyltransferase 4 isoform X1 [Homo sapiens]	TRUE	Tut4
XP_018652643.1	XP_016856295.1	0	N/A	43.333	60	32	2.57e-06	49.3	terminal uridylyltransferase 4 isoform X25 [Homo sapiens]	TRUE	Tut4
XP_018652643.1	XP_047272344.1	0	N/A	43.333	60	32	2.59e-06	49.3	terminal uridylyltransferase 4 isoform X30 [Homo sapiens]	TRUE	Tut4
XP_018652643.1	XP_047272286.1	0	N/A	43.333	60	32	2.6e-06	49.3	terminal uridylyltransferase 4 isoform X8 [Homo sapiens]	TRUE	Tut4
XP_018652643.1	XP_016856293.1	0	N/A	43.333	60	32	2.65e-06	49.3	terminal uridylyltransferase 4 isoform X16 [Homo sapiens]	TRUE	Tut4
XP_018652643.1	XP_047272288.1	0	N/A	43.333	60	32	2.65e-06	49.3	terminal uridylyltransferase 4 isoform X10 [Homo sapiens]	TRUE	Tut4
XP_018654326.1	NP_001035375.2	0	N/A	60.828	314	46	1.13e-127	394	terminal nucleotidyltransferase 4B isoform b [Homo sapiens]	TRUE	TENT4B
XP_018654326.1	XP_011521578.1	0	N/A	60.828	314	46	1.16e-127	394	terminal nucleotidyltransferase 4B isoform X2 [Homo sapiens]	TRUE	TENT4B
XP_018654326.1	NP_001035374.2	0	N/A	57.55	351	51	1.26e-127	395	terminal nucleotidyltransferase 4B isoform a [Homo sapiens]	TRUE	TENT4B
XP_018654326.1	XP_011521577.1	0	N/A	57.55	351	51	1.29e-127	395	terminal nucleotidyltransferase 4B isoform X1 [Homo sapiens]	TRUE	TENT4B
XP_018654326.1	XP_047290432.1	0	N/A	60.828	314	46	1.87e-127	393	terminal nucleotidyltransferase 4B isoform X4 [Homo sapiens]	TRUE	TENT4B
XP_018654326.1	NP_001352252.1	0	N/A	57.55	351	51	2.86e-127	394	terminal nucleotidyltransferase 4B isoform c [Homo sapiens]	TRUE	TENT4B
XP_018654326.1	XP_047290431.1	0	N/A	60.828	314	46	4.16e-127	393	terminal nucleotidyltransferase 4B isoform X3 [Homo sapiens]	TRUE	TENT4B
XP_018654326.1	NP_001352253.1	0	N/A	57.55	351	51	7.22e-127	394	terminal nucleotidyltransferase 4B isoform d [Homo sapiens]	TRUE	TENT4B
XP_018654326.1	XP_047290433.1	0	N/A	56.716	335	49	3.65e-124	379	terminal nucleotidyltransferase 4B isoform X6 [Homo sapiens]	TRUE	TENT4B
XP_018654326.1	XP_011521580.1	0	N/A	58.036	336	49	6.94e-124	380	terminal nucleotidyltransferase 4B isoform X5 [Homo sapiens]	TRUE	TENT4B
XP_018654326.1	NP_008930.2	0	N/A	57.895	323	47	8.36e-120	378	terminal nucleotidyltransferase 4A isoform 1 [Homo sapiens]	TRUE	TENT4A
XP_018654326.1	NP_001165276.2	0	N/A	57.895	323	47	9.17e-120	377	terminal nucleotidyltransferase 4A isoform 2 [Homo sapiens]	TRUE	TENT4A
XP_018654326.1	XP_047272622.1	0	N/A	58.249	297	44	3.34e-112	350	terminal nucleotidyltransferase 4A isoform X1 [Homo sapiens]	TRUE	TENT4A
XP_018654326.1	XP_047272621.1	0	N/A	58.249	297	44	3.34e-112	350	terminal nucleotidyltransferase 4A isoform X1 [Homo sapiens]	TRUE	TENT4A
XP_018654326.1	XP_047272620.1	0	N/A	58.249	297	44	3.34e-112	350	terminal nucleotidyltransferase 4A isoform X1 [Homo sapiens]	TRUE	TENT4A
XP_018654326.1	XP_047272623.1	0	N/A	58.885	287	42	1.05e-109	343	terminal nucleotidyltransferase 4A isoform X2 [Homo sapiens]	TRUE	TENT4A
XP_018654326.1	XP_016864477.1	0	N/A	58.885	287	42	1.05e-109	343	terminal nucleotidyltransferase 4A isoform X2 [Homo sapiens]	TRUE	TENT4A
XP_018654326.1	XP_047272624.1	0	N/A	58.885	287	42	1.19e-109	343	terminal nucleotidyltransferase 4A isoform X3 [Homo sapiens]	TRUE	TENT4A
XP_018654326.1	NP_001375059.1	0	N/A	23.453	307	40	2.05e-11	69.3	poly(A) RNA polymerase GLD2 isoform 10 [Homo sapiens]	TRUE	TENT2
XP_018654326.1	XP_047272811.1	0	N/A	23.453	307	40	2.19e-11	69.3	poly(A) RNA polymerase GLD2 isoform X4 [Homo sapiens]	TRUE	TENT2
XP_018654326.1	XP_047272810.1	0	N/A	23.453	307	40	2.19e-11	69.3	poly(A) RNA polymerase GLD2 isoform X4 [Homo sapiens]	TRUE	TENT2
XP_018654326.1	XP_047272809.1	0	N/A	23.453	307	40	2.19e-11	69.3	poly(A) RNA polymerase GLD2 isoform X4 [Homo sapiens]	TRUE	TENT2
XP_018654326.1	NP_001375058.1	0	N/A	23.453	307	40	2.19e-11	69.3	poly(A) RNA polymerase GLD2 isoform 2 [Homo sapiens]	TRUE	TENT2
XP_018654326.1	NP_001375057.1	0	N/A	23.453	307	40	2.19e-11	69.3	poly(A) RNA polymerase GLD2 isoform 2 [Homo sapiens]	TRUE	TENT2
XP_018654326.1	NP_001375056.1	0	N/A	23.453	307	40	2.19e-11	69.3	poly(A) RNA polymerase GLD2 isoform 2 [Homo sapiens]	TRUE	TENT2
XP_018654326.1	NP_001375055.1	0	N/A	23.453	307	40	2.19e-11	69.3	poly(A) RNA polymerase GLD2 isoform 2 [Homo sapiens]	TRUE	TENT2
XP_018654326.1	NP_001375054.1	0	N/A	23.453	307	40	2.19e-11	69.3	poly(A) RNA polymerase GLD2 isoform 2 [Homo sapiens]	TRUE	TENT2
XP_018654326.1	NP_001375053.1	0	N/A	23.453	307	40	2.19e-11	69.3	poly(A) RNA polymerase GLD2 isoform 2 [Homo sapiens]	TRUE	TENT2
XP_018654326.1	NP_001375052.1	0	N/A	23.453	307	40	2.19e-11	69.3	poly(A) RNA polymerase GLD2 isoform 2 [Homo sapiens]	TRUE	TENT2
XP_018654326.1	NP_001375051.1	0	N/A	23.453	307	40	2.19e-11	69.3	poly(A) RNA polymerase GLD2 isoform 2 [Homo sapiens]	TRUE	TENT2
XP_018654326.1	NP_001375050.1	0	N/A	23.453	307	40	2.19e-11	69.3	poly(A) RNA polymerase GLD2 isoform 2 [Homo sapiens]	TRUE	TENT2
XP_018654326.1	NP_001375049.1	0	N/A	23.453	307	40	2.19e-11	69.3	poly(A) RNA polymerase GLD2 isoform 2 [Homo sapiens]	TRUE	TENT2
XP_018654326.1	NP_001375048.1	0	N/A	23.453	307	40	2.19e-11	69.3	poly(A) RNA polymerase GLD2 isoform 2 [Homo sapiens]	TRUE	TENT2
XP_018654326.1	NP_001375047.1	0	N/A	23.453	307	40	2.19e-11	69.3	poly(A) RNA polymerase GLD2 isoform 2 [Homo sapiens]	TRUE	TENT2
XP_018654326.1	NP_001375046.1	0	N/A	23.453	307	40	2.19e-11	69.3	poly(A) RNA polymerase GLD2 isoform 2 [Homo sapiens]	TRUE	TENT2
XP_018654326.1	NP_001375045.1	0	N/A	23.453	307	40	2.19e-11	69.3	poly(A) RNA polymerase GLD2 isoform 2 [Homo sapiens]	TRUE	TENT2
XP_018654326.1	NP_001375044.1	0	N/A	23.453	307	40	2.19e-11	69.3	poly(A) RNA polymerase GLD2 isoform 2 [Homo sapiens]	TRUE	TENT2
XP_018654326.1	NP_001375043.1	0	N/A	23.453	307	40	2.19e-11	69.3	poly(A) RNA polymerase GLD2 isoform 2 [Homo sapiens]	TRUE	TENT2
XP_018654326.1	NP_001336483.1	0	N/A	23.453	307	40	2.19e-11	69.3	poly(A) RNA polymerase GLD2 isoform 2 [Homo sapiens]	TRUE	TENT2
XP_018654326.1	NP_001284673.1	0	N/A	23.453	307	40	2.19e-11	69.3	poly(A) RNA polymerase GLD2 isoform 2 [Homo sapiens]	TRUE	TENT2
XP_018654326.1	NP_001375061.1	0	N/A	23.453	307	40	2.66e-11	68.9	poly(A) RNA polymerase GLD2 isoform 12 [Homo sapiens]	TRUE	TENT2
XP_018654326.1	NP_001375065.1	0	N/A	23.453	307	40	4.83e-11	67.4	poly(A) RNA polymerase GLD2 isoform 14 [Homo sapiens]	TRUE	TENT2
XP_018654326.1	NP_001375042.1	0	N/A	23.151	311	40	7.91e-11	67.4	poly(A) RNA polymerase GLD2 isoform 16 [Homo sapiens]	TRUE	TENT2
XP_018654326.1	XP_047272808.1	0	N/A	23.151	311	40	8.14e-11	67.4	poly(A) RNA polymerase GLD2 isoform X3 [Homo sapiens]	TRUE	TENT2
XP_018654326.1	XP_047272807.1	0	N/A	23.151	311	40	8.14e-11	67.4	poly(A) RNA polymerase GLD2 isoform X3 [Homo sapiens]	TRUE	TENT2
XP_018654326.1	XP_047272806.1	0	N/A	23.151	311	40	8.14e-11	67.4	poly(A) RNA polymerase GLD2 isoform X3 [Homo sapiens]	TRUE	TENT2
XP_018654326.1	NP_776158.2	0	N/A	23.151	311	40	8.14e-11	67.4	poly(A) RNA polymerase GLD2 isoform 1 [Homo sapiens]	TRUE	TENT2
XP_018654326.1	NP_001375041.1	0	N/A	23.151	311	40	8.14e-11	67.4	poly(A) RNA polymerase GLD2 isoform 1 [Homo sapiens]	TRUE	TENT2
XP_018654326.1	NP_001375040.1	0	N/A	23.151	311	40	8.14e-11	67.4	poly(A) RNA polymerase GLD2 isoform 1 [Homo sapiens]	TRUE	TENT2
XP_018654326.1	NP_001375039.1	0	N/A	23.151	311	40	8.14e-11	67.4	poly(A) RNA polymerase GLD2 isoform 1 [Homo sapiens]	TRUE	TENT2
XP_018654326.1	NP_001375038.1	0	N/A	23.151	311	40	8.14e-11	67.4	poly(A) RNA polymerase GLD2 isoform 1 [Homo sapiens]	TRUE	TENT2
XP_018654326.1	NP_001375037.1	0	N/A	23.151	311	40	8.14e-11	67.4	poly(A) RNA polymerase GLD2 isoform 1 [Homo sapiens]	TRUE	TENT2
XP_018654326.1	NP_001375036.1	0	N/A	23.151	311	40	8.14e-11	67.4	poly(A) RNA polymerase GLD2 isoform 1 [Homo sapiens]	TRUE	TENT2
XP_018654326.1	NP_001375035.1	0	N/A	23.151	311	40	8.14e-11	67.4	poly(A) RNA polymerase GLD2 isoform 1 [Homo sapiens]	TRUE	TENT2
XP_018654326.1	NP_001375034.1	0	N/A	23.151	311	40	8.14e-11	67.4	poly(A) RNA polymerase GLD2 isoform 1 [Homo sapiens]	TRUE	TENT2
XP_018654326.1	NP_001375032.1	0	N/A	23.151	311	40	8.14e-11	67.4	poly(A) RNA polymerase GLD2 isoform 1 [Homo sapiens]	TRUE	TENT2
XP_018654326.1	NP_001375031.1	0	N/A	23.151	311	40	8.14e-11	67.4	poly(A) RNA polymerase GLD2 isoform 1 [Homo sapiens]	TRUE	TENT2
XP_018654326.1	NP_001336482.1	0	N/A	23.151	311	40	8.14e-11	67.4	poly(A) RNA polymerase GLD2 isoform 1 [Homo sapiens]	TRUE	TENT2
XP_018654326.1	NP_001336481.1	0	N/A	23.151	311	40	8.14e-11	67.4	poly(A) RNA polymerase GLD2 isoform 1 [Homo sapiens]	TRUE	TENT2
XP_018654326.1	NP_001107866.1	0	N/A	23.151	311	40	8.14e-11	67.4	poly(A) RNA polymerase GLD2 isoform 1 [Homo sapiens]	TRUE	TENT2
XP_018654326.1	NP_001107865.1	0	N/A	23.151	311	40	8.14e-11	67.4	poly(A) RNA polymerase GLD2 isoform 1 [Homo sapiens]	TRUE	TENT2
XP_018654326.1	NP_001375060.1	0	N/A	23.151	311	40	9.56e-11	67	poly(A) RNA polymerase GLD2 isoform 11 [Homo sapiens]	TRUE	TENT2
XP_018654326.1	NP_001336477.1	0	N/A	24.609	256	33	4.49e-10	63.5	poly(A) RNA polymerase GLD2 isoform 4 [Homo sapiens]	TRUE	TENT2
XP_018654326.1	NP_001375030.1	0	N/A	23.794	311	40	7.58e-10	64.3	poly(A) RNA polymerase GLD2 isoform 9 [Homo sapiens]	TRUE	TENT2
XP_018654326.1	XP_047272820.1	0	N/A	24.454	229	29	1.05e-09	62	poly(A) RNA polymerase GLD2 isoform X11 [Homo sapiens]	TRUE	TENT2
XP_018654326.1	NP_001317647.1	0	N/A	30.645	186	26	1.3e-09	64.3	terminal uridylyltransferase 7 isoform 3 [Homo sapiens]	TRUE	Tut7
XP_018654326.1	XP_011517318.1	0	N/A	30.645	186	26	1.46e-09	64.3	terminal uridylyltransferase 7 isoform X5 [Homo sapiens]	TRUE	Tut7
XP_018654326.1	XP_016870620.1	0	N/A	30.645	186	26	1.46e-09	64.3	terminal uridylyltransferase 7 isoform X4 [Homo sapiens]	TRUE	Tut7
XP_018654326.1	XP_016870619.1	0	N/A	30.645	186	26	1.46e-09	64.3	terminal uridylyltransferase 7 isoform X4 [Homo sapiens]	TRUE	Tut7
XP_018654326.1	NP_078893.2	0	N/A	30.645	186	26	1.46e-09	64.3	terminal uridylyltransferase 7 isoform 1 [Homo sapiens]	TRUE	Tut7
XP_018654326.1	NP_001171988.1	0	N/A	30.645	186	26	1.46e-09	64.3	terminal uridylyltransferase 7 isoform 1 [Homo sapiens]	TRUE	Tut7
XP_018654326.1	XP_047279825.1	0	N/A	30.645	186	26	1.52e-09	64.3	terminal uridylyltransferase 7 isoform X6 [Homo sapiens]	TRUE	Tut7
XP_018654326.1	XP_047279824.1	0	N/A	30.645	186	26	1.52e-09	64.3	terminal uridylyltransferase 7 isoform X6 [Homo sapiens]	TRUE	Tut7
XP_018654326.1	XP_005252264.1	0	N/A	30.645	186	26	1.52e-09	64.3	terminal uridylyltransferase 7 isoform X6 [Homo sapiens]	TRUE	Tut7
XP_018654326.1	XP_005252265.1	0	N/A	30.645	186	26	1.55e-09	64.3	terminal uridylyltransferase 7 isoform X7 [Homo sapiens]	TRUE	Tut7
XP_018654326.1	XP_011517317.1	0	N/A	30.645	186	26	1.58e-09	64.3	terminal uridylyltransferase 7 isoform X3 [Homo sapiens]	TRUE	Tut7
XP_018654326.1	XP_047279823.1	0	N/A	30.645	186	26	1.59e-09	64.3	terminal uridylyltransferase 7 isoform X2 [Homo sapiens]	TRUE	Tut7
XP_018654326.1	XP_006717346.1	0	N/A	30.645	186	26	1.59e-09	64.3	terminal uridylyltransferase 7 isoform X2 [Homo sapiens]	TRUE	Tut7
XP_018654326.1	XP_011517316.1	0	N/A	30.645	186	26	1.8e-09	63.9	terminal uridylyltransferase 7 isoform X1 [Homo sapiens]	TRUE	Tut7
XP_018654326.1	XP_011517315.1	0	N/A	30.645	186	26	1.8e-09	63.9	terminal uridylyltransferase 7 isoform X1 [Homo sapiens]	TRUE	Tut7
XP_018654326.1	XP_011517314.1	0	N/A	30.645	186	26	1.8e-09	63.9	terminal uridylyltransferase 7 isoform X1 [Homo sapiens]	TRUE	Tut7
XP_018654326.1	XP_011517313.1	0	N/A	30.645	186	26	1.8e-09	63.9	terminal uridylyltransferase 7 isoform X1 [Homo sapiens]	TRUE	Tut7
XP_018654326.1	NP_001375029.1	0	N/A	23.492	315	40	2.85e-09	62.8	poly(A) RNA polymerase GLD2 isoform 8 [Homo sapiens]	TRUE	TENT2
XP_018654326.1	NP_001375028.1	0	N/A	23.492	315	40	2.85e-09	62.8	poly(A) RNA polymerase GLD2 isoform 8 [Homo sapiens]	TRUE	TENT2
XP_018654326.1	XP_047272805.1	0	N/A	24.454	229	29	4.19e-09	62	poly(A) RNA polymerase GLD2 isoform X2 [Homo sapiens]	TRUE	TENT2
XP_018654326.1	XP_047272804.1	0	N/A	24.454	229	29	4.19e-09	62	poly(A) RNA polymerase GLD2 isoform X2 [Homo sapiens]	TRUE	TENT2
XP_018654326.1	XP_047272803.1	0	N/A	24.454	229	29	4.19e-09	62	poly(A) RNA polymerase GLD2 isoform X2 [Homo sapiens]	TRUE	TENT2
XP_018654326.1	XP_047272802.1	0	N/A	24.454	229	29	4.19e-09	62	poly(A) RNA polymerase GLD2 isoform X2 [Homo sapiens]	TRUE	TENT2
XP_018654326.1	XP_016864641.1	0	N/A	24.454	229	29	4.19e-09	62	poly(A) RNA polymerase GLD2 isoform X2 [Homo sapiens]	TRUE	TENT2
XP_018654326.1	NP_001375026.1	0	N/A	24.454	229	29	4.19e-09	62	poly(A) RNA polymerase GLD2 isoform 6 [Homo sapiens]	TRUE	TENT2
XP_018654326.1	NP_001375025.1	0	N/A	24.454	229	29	4.19e-09	62	poly(A) RNA polymerase GLD2 isoform 6 [Homo sapiens]	TRUE	TENT2
XP_018654326.1	NP_001375024.1	0	N/A	24.454	229	29	4.19e-09	62	poly(A) RNA polymerase GLD2 isoform 6 [Homo sapiens]	TRUE	TENT2
XP_018654326.1	NP_001336480.1	0	N/A	24.454	229	29	4.19e-09	62	poly(A) RNA polymerase GLD2 isoform 6 [Homo sapiens]	TRUE	TENT2
XP_018654326.1	NP_001375027.1	0	N/A	24.454	229	29	4.22e-09	62	poly(A) RNA polymerase GLD2 isoform 7 [Homo sapiens]	TRUE	TENT2
XP_018654326.1	XP_047272801.1	0	N/A	24.454	229	29	5.39e-09	61.6	poly(A) RNA polymerase GLD2 isoform X1 [Homo sapiens]	TRUE	TENT2
XP_018654326.1	XP_047272800.1	0	N/A	24.454	229	29	5.39e-09	61.6	poly(A) RNA polymerase GLD2 isoform X1 [Homo sapiens]	TRUE	TENT2
XP_018654326.1	XP_011541527.1	0	N/A	24.454	229	29	5.39e-09	61.6	poly(A) RNA polymerase GLD2 isoform X1 [Homo sapiens]	TRUE	TENT2
XP_018654326.1	XP_011541526.1	0	N/A	24.454	229	29	5.39e-09	61.6	poly(A) RNA polymerase GLD2 isoform X1 [Homo sapiens]	TRUE	TENT2
XP_018654326.1	XP_011541523.1	0	N/A	24.454	229	29	5.39e-09	61.6	poly(A) RNA polymerase GLD2 isoform X1 [Homo sapiens]	TRUE	TENT2
XP_018654326.1	XP_011541522.1	0	N/A	24.454	229	29	5.39e-09	61.6	poly(A) RNA polymerase GLD2 isoform X1 [Homo sapiens]	TRUE	TENT2
XP_018667665.2	NP_001317647.1	0	N/A	36.991	319	79	5.83e-57	201	terminal uridylyltransferase 7 isoform 3 [Homo sapiens]	TRUE	Tut7
XP_018667665.2	XP_047279823.1	0	N/A	36.991	319	79	3.24e-56	202	terminal uridylyltransferase 7 isoform X2 [Homo sapiens]	TRUE	Tut7
XP_018667665.2	XP_006717346.1	0	N/A	36.991	319	79	3.24e-56	202	terminal uridylyltransferase 7 isoform X2 [Homo sapiens]	TRUE	Tut7
XP_018667665.2	XP_005252265.1	0	N/A	36.991	319	79	3.38e-56	201	terminal uridylyltransferase 7 isoform X7 [Homo sapiens]	TRUE	Tut7
XP_018667665.2	XP_011517316.1	0	N/A	36.991	319	79	3.43e-56	201	terminal uridylyltransferase 7 isoform X1 [Homo sapiens]	TRUE	Tut7
XP_018667665.2	XP_011517315.1	0	N/A	36.991	319	79	3.43e-56	201	terminal uridylyltransferase 7 isoform X1 [Homo sapiens]	TRUE	Tut7
XP_018667665.2	XP_011517314.1	0	N/A	36.991	319	79	3.43e-56	201	terminal uridylyltransferase 7 isoform X1 [Homo sapiens]	TRUE	Tut7
XP_018667665.2	XP_011517313.1	0	N/A	36.991	319	79	3.43e-56	201	terminal uridylyltransferase 7 isoform X1 [Homo sapiens]	TRUE	Tut7
XP_018667665.2	XP_016870620.1	0	N/A	36.991	319	79	3.6e-56	201	terminal uridylyltransferase 7 isoform X4 [Homo sapiens]	TRUE	Tut7
XP_018667665.2	XP_016870619.1	0	N/A	36.991	319	79	3.6e-56	201	terminal uridylyltransferase 7 isoform X4 [Homo sapiens]	TRUE	Tut7
XP_018667665.2	NP_078893.2	0	N/A	36.991	319	79	3.6e-56	201	terminal uridylyltransferase 7 isoform 1 [Homo sapiens]	TRUE	Tut7
XP_018667665.2	NP_001171988.1	0	N/A	36.991	319	79	3.6e-56	201	terminal uridylyltransferase 7 isoform 1 [Homo sapiens]	TRUE	Tut7
XP_018667665.2	XP_047279825.1	0	N/A	36.991	319	79	4.06e-56	201	terminal uridylyltransferase 7 isoform X6 [Homo sapiens]	TRUE	Tut7
XP_018667665.2	XP_047279824.1	0	N/A	36.991	319	79	4.06e-56	201	terminal uridylyltransferase 7 isoform X6 [Homo sapiens]	TRUE	Tut7
XP_018667665.2	XP_005252264.1	0	N/A	36.991	319	79	4.06e-56	201	terminal uridylyltransferase 7 isoform X6 [Homo sapiens]	TRUE	Tut7
XP_018667665.2	XP_011517317.1	0	N/A	36.991	319	79	4.06e-56	201	terminal uridylyltransferase 7 isoform X3 [Homo sapiens]	TRUE	Tut7
XP_018667665.2	XP_011517318.1	0	N/A	36.991	319	79	4.52e-56	201	terminal uridylyltransferase 7 isoform X5 [Homo sapiens]	TRUE	Tut7
XP_018667665.2	XP_047272283.1	0	N/A	35.11	319	79	1.03e-51	189	terminal uridylyltransferase 4 isoform X6 [Homo sapiens]	TRUE	Tut4
XP_018667665.2	XP_005270737.1	0	N/A	35.11	319	79	1.03e-51	189	terminal uridylyltransferase 4 isoform X6 [Homo sapiens]	TRUE	Tut4
XP_018667665.2	XP_005270735.1	0	N/A	35.11	319	79	1.08e-51	188	terminal uridylyltransferase 4 isoform X2 [Homo sapiens]	TRUE	Tut4
XP_018667665.2	XP_047272365.1	0	N/A	35.11	319	79	1.08e-51	188	terminal uridylyltransferase 4 isoform X38 [Homo sapiens]	TRUE	Tut4
XP_018667665.2	XP_016856296.1	0	N/A	35.11	319	79	1.11e-51	188	terminal uridylyltransferase 4 isoform X28 [Homo sapiens]	TRUE	Tut4
XP_018667665.2	XP_047272280.1	0	N/A	35.11	319	79	1.11e-51	188	terminal uridylyltransferase 4 isoform X3 [Homo sapiens]	TRUE	Tut4
XP_018667665.2	XP_005270736.1	0	N/A	35.11	319	79	1.11e-51	188	terminal uridylyltransferase 4 isoform X3 [Homo sapiens]	TRUE	Tut4
XP_018667665.2	XP_011539399.1	0	N/A	35.11	319	79	1.14e-51	188	terminal uridylyltransferase 4 isoform X1 [Homo sapiens]	TRUE	Tut4
XP_018667665.2	XP_005270733.1	0	N/A	35.11	319	79	1.14e-51	188	terminal uridylyltransferase 4 isoform X1 [Homo sapiens]	TRUE	Tut4
XP_018667665.2	XP_016856295.1	0	N/A	35.11	319	79	1.15e-51	188	terminal uridylyltransferase 4 isoform X25 [Homo sapiens]	TRUE	Tut4
XP_018667665.2	XP_047272325.1	0	N/A	35.11	319	79	1.22e-51	188	terminal uridylyltransferase 4 isoform X23 [Homo sapiens]	TRUE	Tut4
XP_018667665.2	XP_005270739.1	0	N/A	35.11	319	79	1.22e-51	188	terminal uridylyltransferase 4 isoform X33 [Homo sapiens]	TRUE	Tut4
XP_018667665.2	XP_011539401.1	0	N/A	35.11	319	79	1.25e-51	188	terminal uridylyltransferase 4 isoform X29 [Homo sapiens]	TRUE	Tut4
XP_018667665.2	XP_047272337.1	0	N/A	35.11	319	79	1.25e-51	188	terminal uridylyltransferase 4 isoform X27 [Homo sapiens]	TRUE	Tut4
XP_018667665.2	XP_016856297.1	0	N/A	35.11	319	79	1.3e-51	188	terminal uridylyltransferase 4 isoform X36 [Homo sapiens]	TRUE	Tut4
XP_018667665.2	XP_016856293.1	0	N/A	35.11	319	79	1.31e-51	188	terminal uridylyltransferase 4 isoform X16 [Homo sapiens]	TRUE	Tut4
XP_018667665.2	XP_047272384.1	0	N/A	35.11	319	79	1.32e-51	187	terminal uridylyltransferase 4 isoform X46 [Homo sapiens]	TRUE	Tut4
XP_018667665.2	XP_016856292.1	0	N/A	35.11	319	79	1.32e-51	188	terminal uridylyltransferase 4 isoform X9 [Homo sapiens]	TRUE	Tut4
XP_018667665.2	XP_047272345.1	0	N/A	35.11	319	79	1.33e-51	188	terminal uridylyltransferase 4 isoform X31 [Homo sapiens]	TRUE	Tut4
XP_018667665.2	XP_047272285.1	0	N/A	35.11	319	79	1.34e-51	188	terminal uridylyltransferase 4 isoform X7 [Homo sapiens]	TRUE	Tut4
XP_018667665.2	XP_047272282.1	0	N/A	35.11	319	79	1.35e-51	188	terminal uridylyltransferase 4 isoform X5 [Homo sapiens]	TRUE	Tut4
XP_018667665.2	NP_056084.1	0	N/A	35.11	319	79	1.35e-51	188	terminal uridylyltransferase 4 isoform b [Homo sapiens]	TRUE	Tut4
XP_018667665.2	XP_016856299.1	0	N/A	35.11	319	79	1.43e-51	188	terminal uridylyltransferase 4 isoform X40 [Homo sapiens]	TRUE	Tut4
XP_018667665.2	XP_047272281.1	0	N/A	35.11	319	79	1.45e-51	188	terminal uridylyltransferase 4 isoform X4 [Homo sapiens]	TRUE	Tut4
XP_018667665.2	NP_001009881.1	0	N/A	35.11	319	79	1.45e-51	188	terminal uridylyltransferase 4 isoform a [Homo sapiens]	TRUE	Tut4
XP_018667665.2	XP_047272288.1	0	N/A	35.11	319	79	1.47e-51	188	terminal uridylyltransferase 4 isoform X10 [Homo sapiens]	TRUE	Tut4
XP_018667665.2	XP_047272344.1	0	N/A	37.545	277	68	1.06e-46	174	terminal uridylyltransferase 4 isoform X30 [Homo sapiens]	TRUE	Tut4
XP_018667665.2	XP_047272290.1	0	N/A	37.545	277	68	1.08e-46	174	terminal uridylyltransferase 4 isoform X11 [Homo sapiens]	TRUE	Tut4
XP_018667665.2	XP_047272372.1	0	N/A	37.545	277	68	1.1e-46	174	terminal uridylyltransferase 4 isoform X42 [Homo sapiens]	TRUE	Tut4
XP_018667665.2	XP_047272286.1	0	N/A	37.545	277	68	1.1e-46	174	terminal uridylyltransferase 4 isoform X8 [Homo sapiens]	TRUE	Tut4
XP_018667665.2	XP_047272350.1	0	N/A	37.545	277	68	1.12e-46	174	terminal uridylyltransferase 4 isoform X34 [Homo sapiens]	TRUE	Tut4
XP_018667665.2	XP_047272305.1	0	N/A	37.545	277	68	1.16e-46	174	terminal uridylyltransferase 4 isoform X17 [Homo sapiens]	TRUE	Tut4
XP_018667665.2	XP_047272296.1	0	N/A	37.545	277	68	1.43e-46	174	terminal uridylyltransferase 4 isoform X13 [Homo sapiens]	TRUE	Tut4
XP_018667665.2	XP_047272295.1	0	N/A	37.545	277	68	1.46e-46	174	terminal uridylyltransferase 4 isoform X12 [Homo sapiens]	TRUE	Tut4
XP_018667665.2	NP_001172003.1	0	N/A	37.759	241	60	1.15e-41	159	terminal uridylyltransferase 7 isoform 2 [Homo sapiens]	TRUE	Tut7
XP_018667665.2	XP_047272369.1	0	N/A	29.467	319	79	1.18e-32	132	terminal uridylyltransferase 4 isoform X41 [Homo sapiens]	TRUE	Tut4
XP_018667665.2	XP_047272348.1	0	N/A	29.467	319	79	1.41e-32	132	terminal uridylyltransferase 4 isoform X32 [Homo sapiens]	TRUE	Tut4
XP_018667665.2	XP_047272354.1	0	N/A	29.467	319	79	1.42e-32	132	terminal uridylyltransferase 4 isoform X35 [Homo sapiens]	TRUE	Tut4
XP_018667665.2	XP_047272377.1	0	N/A	29.467	319	79	1.44e-32	132	terminal uridylyltransferase 4 isoform X44 [Homo sapiens]	TRUE	Tut4
XP_018667665.2	XP_047272362.1	0	N/A	29.467	319	79	1.46e-32	132	terminal uridylyltransferase 4 isoform X37 [Homo sapiens]	TRUE	Tut4
XP_018667665.2	XP_047272373.1	0	N/A	29.467	319	79	1.52e-32	132	terminal uridylyltransferase 4 isoform X43 [Homo sapiens]	TRUE	Tut4
XP_018667665.2	XP_016856294.1	0	N/A	29.467	319	79	1.54e-32	132	terminal uridylyltransferase 4 isoform X20 [Homo sapiens]	TRUE	Tut4
XP_018667665.2	XP_047272367.1	0	N/A	29.467	319	79	1.56e-32	132	terminal uridylyltransferase 4 isoform X39 [Homo sapiens]	TRUE	Tut4
XP_018667665.2	XP_047272307.1	0	N/A	29.467	319	79	1.61e-32	132	terminal uridylyltransferase 4 isoform X19 [Homo sapiens]	TRUE	Tut4
XP_018667665.2	XP_047272311.1	0	N/A	29.467	319	79	1.65e-32	132	terminal uridylyltransferase 4 isoform X21 [Homo sapiens]	TRUE	Tut4
XP_018667665.2	XP_047272303.1	0	N/A	29.467	319	79	1.67e-32	132	terminal uridylyltransferase 4 isoform X15 [Homo sapiens]	TRUE	Tut4
XP_018667665.2	XP_047272306.1	0	N/A	29.467	319	79	1.71e-32	132	terminal uridylyltransferase 4 isoform X18 [Homo sapiens]	TRUE	Tut4
XP_018667665.2	XP_005270738.1	0	N/A	29.467	319	79	1.74e-32	132	terminal uridylyltransferase 4 isoform X14 [Homo sapiens]	TRUE	Tut4
XP_018667665.2	XP_047272320.1	0	N/A	29.467	319	79	1.9e-32	132	terminal uridylyltransferase 4 isoform X22 [Homo sapiens]	TRUE	Tut4
XP_018667665.2	XP_047272327.1	0	N/A	29.467	319	79	1.94e-32	132	terminal uridylyltransferase 4 isoform X24 [Homo sapiens]	TRUE	Tut4
XP_018667665.2	XP_047272336.1	0	N/A	29.467	319	79	1.99e-32	132	terminal uridylyltransferase 4 isoform X26 [Homo sapiens]	TRUE	Tut4
XP_018667665.2	NP_001375030.1	0	N/A	26.549	339	82	6.64e-22	99.8	poly(A) RNA polymerase GLD2 isoform 9 [Homo sapiens]	TRUE	TENT2
XP_018667665.2	NP_001375065.1	0	N/A	26.113	337	82	6.7e-22	98.6	poly(A) RNA polymerase GLD2 isoform 14 [Homo sapiens]	TRUE	TENT2
XP_018667665.2	NP_001375029.1	0	N/A	26.531	343	82	1.76e-21	98.6	poly(A) RNA polymerase GLD2 isoform 8 [Homo sapiens]	TRUE	TENT2
XP_018667665.2	NP_001375028.1	0	N/A	26.531	343	82	1.76e-21	98.6	poly(A) RNA polymerase GLD2 isoform 8 [Homo sapiens]	TRUE	TENT2
XP_018667665.2	NP_001375059.1	0	N/A	26.113	337	82	1.88e-21	98.2	poly(A) RNA polymerase GLD2 isoform 10 [Homo sapiens]	TRUE	TENT2
XP_018667665.2	NP_001375061.1	0	N/A	26.113	337	82	2.01e-21	98.2	poly(A) RNA polymerase GLD2 isoform 12 [Homo sapiens]	TRUE	TENT2
XP_018667665.2	XP_047272811.1	0	N/A	26.113	337	82	2.02e-21	98.2	poly(A) RNA polymerase GLD2 isoform X4 [Homo sapiens]	TRUE	TENT2
XP_018667665.2	XP_047272810.1	0	N/A	26.113	337	82	2.02e-21	98.2	poly(A) RNA polymerase GLD2 isoform X4 [Homo sapiens]	TRUE	TENT2
XP_018667665.2	XP_047272809.1	0	N/A	26.113	337	82	2.02e-21	98.2	poly(A) RNA polymerase GLD2 isoform X4 [Homo sapiens]	TRUE	TENT2
XP_018667665.2	NP_001375058.1	0	N/A	26.113	337	82	2.02e-21	98.2	poly(A) RNA polymerase GLD2 isoform 2 [Homo sapiens]	TRUE	TENT2
XP_018667665.2	NP_001375057.1	0	N/A	26.113	337	82	2.02e-21	98.2	poly(A) RNA polymerase GLD2 isoform 2 [Homo sapiens]	TRUE	TENT2
XP_018667665.2	NP_001375056.1	0	N/A	26.113	337	82	2.02e-21	98.2	poly(A) RNA polymerase GLD2 isoform 2 [Homo sapiens]	TRUE	TENT2
XP_018667665.2	NP_001375055.1	0	N/A	26.113	337	82	2.02e-21	98.2	poly(A) RNA polymerase GLD2 isoform 2 [Homo sapiens]	TRUE	TENT2
XP_018667665.2	NP_001375054.1	0	N/A	26.113	337	82	2.02e-21	98.2	poly(A) RNA polymerase GLD2 isoform 2 [Homo sapiens]	TRUE	TENT2
XP_018667665.2	NP_001375053.1	0	N/A	26.113	337	82	2.02e-21	98.2	poly(A) RNA polymerase GLD2 isoform 2 [Homo sapiens]	TRUE	TENT2
XP_018667665.2	NP_001375052.1	0	N/A	26.113	337	82	2.02e-21	98.2	poly(A) RNA polymerase GLD2 isoform 2 [Homo sapiens]	TRUE	TENT2
XP_018667665.2	NP_001375051.1	0	N/A	26.113	337	82	2.02e-21	98.2	poly(A) RNA polymerase GLD2 isoform 2 [Homo sapiens]	TRUE	TENT2
XP_018667665.2	NP_001375050.1	0	N/A	26.113	337	82	2.02e-21	98.2	poly(A) RNA polymerase GLD2 isoform 2 [Homo sapiens]	TRUE	TENT2
XP_018667665.2	NP_001375049.1	0	N/A	26.113	337	82	2.02e-21	98.2	poly(A) RNA polymerase GLD2 isoform 2 [Homo sapiens]	TRUE	TENT2
XP_018667665.2	NP_001375048.1	0	N/A	26.113	337	82	2.02e-21	98.2	poly(A) RNA polymerase GLD2 isoform 2 [Homo sapiens]	TRUE	TENT2
XP_018667665.2	NP_001375047.1	0	N/A	26.113	337	82	2.02e-21	98.2	poly(A) RNA polymerase GLD2 isoform 2 [Homo sapiens]	TRUE	TENT2
XP_018667665.2	NP_001375046.1	0	N/A	26.113	337	82	2.02e-21	98.2	poly(A) RNA polymerase GLD2 isoform 2 [Homo sapiens]	TRUE	TENT2
XP_018667665.2	NP_001375045.1	0	N/A	26.113	337	82	2.02e-21	98.2	poly(A) RNA polymerase GLD2 isoform 2 [Homo sapiens]	TRUE	TENT2
XP_018667665.2	NP_001375044.1	0	N/A	26.113	337	82	2.02e-21	98.2	poly(A) RNA polymerase GLD2 isoform 2 [Homo sapiens]	TRUE	TENT2
XP_018667665.2	NP_001375043.1	0	N/A	26.113	337	82	2.02e-21	98.2	poly(A) RNA polymerase GLD2 isoform 2 [Homo sapiens]	TRUE	TENT2
XP_018667665.2	NP_001336483.1	0	N/A	26.113	337	82	2.02e-21	98.2	poly(A) RNA polymerase GLD2 isoform 2 [Homo sapiens]	TRUE	TENT2
XP_018667665.2	NP_001284673.1	0	N/A	26.113	337	82	2.02e-21	98.2	poly(A) RNA polymerase GLD2 isoform 2 [Homo sapiens]	TRUE	TENT2
XP_018667665.2	NP_001375042.1	0	N/A	26.1	341	82	4.58e-21	97.4	poly(A) RNA polymerase GLD2 isoform 16 [Homo sapiens]	TRUE	TENT2
XP_018667665.2	XP_047279826.1	0	N/A	25.852	352	80	4.65e-21	98.2	terminal uridylyltransferase 7 isoform X8 [Homo sapiens]	TRUE	Tut7
XP_018667665.2	XP_047272808.1	0	N/A	26.1	341	82	5.01e-21	97.1	poly(A) RNA polymerase GLD2 isoform X3 [Homo sapiens]	TRUE	TENT2
XP_018667665.2	XP_047272807.1	0	N/A	26.1	341	82	5.01e-21	97.1	poly(A) RNA polymerase GLD2 isoform X3 [Homo sapiens]	TRUE	TENT2
XP_018667665.2	XP_047272806.1	0	N/A	26.1	341	82	5.01e-21	97.1	poly(A) RNA polymerase GLD2 isoform X3 [Homo sapiens]	TRUE	TENT2
XP_019853366.1	XP_011517318.1	0	N/A	26.667	240	51	7.65e-23	104	terminal uridylyltransferase 7 isoform X5 [Homo sapiens]	TRUE	Tut7
XP_019853366.1	XP_016870620.1	0	N/A	26.667	240	51	8.24e-23	104	terminal uridylyltransferase 7 isoform X4 [Homo sapiens]	TRUE	Tut7
XP_019853366.1	XP_016870619.1	0	N/A	26.667	240	51	8.24e-23	104	terminal uridylyltransferase 7 isoform X4 [Homo sapiens]	TRUE	Tut7
XP_019853366.1	NP_078893.2	0	N/A	26.667	240	51	8.24e-23	104	terminal uridylyltransferase 7 isoform 1 [Homo sapiens]	TRUE	Tut7
XP_019853366.1	NP_001171988.1	0	N/A	26.667	240	51	8.24e-23	104	terminal uridylyltransferase 7 isoform 1 [Homo sapiens]	TRUE	Tut7
XP_019853366.1	XP_047279825.1	0	N/A	26.667	240	51	9.32e-23	104	terminal uridylyltransferase 7 isoform X6 [Homo sapiens]	TRUE	Tut7
XP_019853366.1	XP_047279824.1	0	N/A	26.667	240	51	9.32e-23	104	terminal uridylyltransferase 7 isoform X6 [Homo sapiens]	TRUE	Tut7
XP_019853366.1	XP_005252264.1	0	N/A	26.667	240	51	9.32e-23	104	terminal uridylyltransferase 7 isoform X6 [Homo sapiens]	TRUE	Tut7
XP_019853366.1	XP_011517317.1	0	N/A	26.667	240	51	1.08e-22	104	terminal uridylyltransferase 7 isoform X3 [Homo sapiens]	TRUE	Tut7
XP_019853366.1	NP_073741.3	0	N/A	28.522	291	61	1.7e-22	103	speckle targeted PIP5K1A-regulated poly(A) polymerase isoform 1 [Homo sapiens]	TRUE	Tut1
XP_019853366.1	NP_001317647.1	0	N/A	26.667	240	51	8.51e-22	101	terminal uridylyltransferase 7 isoform 3 [Homo sapiens]	TRUE	Tut7
XP_019853366.1	XP_047279823.1	0	N/A	26.667	240	51	8.63e-22	101	terminal uridylyltransferase 7 isoform X2 [Homo sapiens]	TRUE	Tut7
XP_019853366.1	XP_006717346.1	0	N/A	26.667	240	51	8.63e-22	101	terminal uridylyltransferase 7 isoform X2 [Homo sapiens]	TRUE	Tut7
XP_019853366.1	XP_005252265.1	0	N/A	26.667	240	51	8.74e-22	101	terminal uridylyltransferase 7 isoform X7 [Homo sapiens]	TRUE	Tut7
XP_019853366.1	NP_001172003.1	0	N/A	26.667	240	51	8.87e-22	101	terminal uridylyltransferase 7 isoform 2 [Homo sapiens]	TRUE	Tut7
XP_019853366.1	XP_011517316.1	0	N/A	26.667	240	51	1.05e-21	101	terminal uridylyltransferase 7 isoform X1 [Homo sapiens]	TRUE	Tut7
XP_019853366.1	XP_011517315.1	0	N/A	26.667	240	51	1.05e-21	101	terminal uridylyltransferase 7 isoform X1 [Homo sapiens]	TRUE	Tut7
XP_019853366.1	XP_011517314.1	0	N/A	26.667	240	51	1.05e-21	101	terminal uridylyltransferase 7 isoform X1 [Homo sapiens]	TRUE	Tut7
XP_019853366.1	XP_011517313.1	0	N/A	26.667	240	51	1.05e-21	101	terminal uridylyltransferase 7 isoform X1 [Homo sapiens]	TRUE	Tut7
XP_019853366.1	NP_060579.3	0	N/A	23.913	322	68	2.82e-21	99	poly(A) RNA polymerase, mitochondrial precursor [Homo sapiens]	TRUE	mtPAP
XP_019853366.1	XP_005270735.1	0	N/A	27.16	243	51	1.22e-19	95.1	terminal uridylyltransferase 4 isoform X2 [Homo sapiens]	TRUE	Tut4
XP_019853366.1	XP_011539399.1	0	N/A	27.16	243	51	1.29e-19	94.7	terminal uridylyltransferase 4 isoform X1 [Homo sapiens]	TRUE	Tut4
XP_019853366.1	XP_005270733.1	0	N/A	27.16	243	51	1.29e-19	94.7	terminal uridylyltransferase 4 isoform X1 [Homo sapiens]	TRUE	Tut4
XP_019853366.1	XP_047272325.1	0	N/A	27.16	243	51	1.35e-19	94.7	terminal uridylyltransferase 4 isoform X23 [Homo sapiens]	TRUE	Tut4
XP_019853366.1	XP_047272286.1	0	N/A	27.16	243	51	1.37e-19	94.7	terminal uridylyltransferase 4 isoform X8 [Homo sapiens]	TRUE	Tut4
XP_019853366.1	XP_047272285.1	0	N/A	27.16	243	51	1.42e-19	94.7	terminal uridylyltransferase 4 isoform X7 [Homo sapiens]	TRUE	Tut4
XP_019853366.1	XP_047272290.1	0	N/A	27.16	243	51	1.43e-19	94.7	terminal uridylyltransferase 4 isoform X11 [Homo sapiens]	TRUE	Tut4
XP_019853366.1	XP_047272305.1	0	N/A	27.16	243	51	1.46e-19	94.7	terminal uridylyltransferase 4 isoform X17 [Homo sapiens]	TRUE	Tut4
XP_019853366.1	XP_047272295.1	0	N/A	27.16	243	51	1.46e-19	94.7	terminal uridylyltransferase 4 isoform X12 [Homo sapiens]	TRUE	Tut4
XP_019853366.1	XP_047272344.1	0	N/A	27.16	243	51	1.47e-19	94.7	terminal uridylyltransferase 4 isoform X30 [Homo sapiens]	TRUE	Tut4
XP_019853366.1	XP_047272296.1	0	N/A	27.16	243	51	1.5e-19	94.7	terminal uridylyltransferase 4 isoform X13 [Homo sapiens]	TRUE	Tut4
XP_019853366.1	XP_016856297.1	0	N/A	27.16	243	51	1.52e-19	94.7	terminal uridylyltransferase 4 isoform X36 [Homo sapiens]	TRUE	Tut4
XP_019853366.1	XP_047272281.1	0	N/A	27.16	243	51	1.54e-19	94.7	terminal uridylyltransferase 4 isoform X4 [Homo sapiens]	TRUE	Tut4
XP_019853366.1	NP_001009881.1	0	N/A	27.16	243	51	1.54e-19	94.7	terminal uridylyltransferase 4 isoform a [Homo sapiens]	TRUE	Tut4
XP_019853366.1	XP_047272282.1	0	N/A	27.16	243	51	1.56e-19	94.7	terminal uridylyltransferase 4 isoform X5 [Homo sapiens]	TRUE	Tut4
XP_019853366.1	NP_056084.1	0	N/A	27.16	243	51	1.56e-19	94.7	terminal uridylyltransferase 4 isoform b [Homo sapiens]	TRUE	Tut4
XP_019853366.1	XP_005270739.1	0	N/A	27.16	243	51	1.56e-19	94.7	terminal uridylyltransferase 4 isoform X33 [Homo sapiens]	TRUE	Tut4
XP_019853366.1	XP_047272280.1	0	N/A	27.16	243	51	1.57e-19	94.7	terminal uridylyltransferase 4 isoform X3 [Homo sapiens]	TRUE	Tut4
XP_019853366.1	XP_005270736.1	0	N/A	27.16	243	51	1.57e-19	94.7	terminal uridylyltransferase 4 isoform X3 [Homo sapiens]	TRUE	Tut4
XP_019853366.1	XP_016856292.1	0	N/A	27.16	243	51	1.58e-19	94.7	terminal uridylyltransferase 4 isoform X9 [Homo sapiens]	TRUE	Tut4
XP_019853366.1	XP_016856295.1	0	N/A	27.16	243	51	1.6e-19	94.7	terminal uridylyltransferase 4 isoform X25 [Homo sapiens]	TRUE	Tut4
XP_019853366.1	XP_047272345.1	0	N/A	27.16	243	51	1.65e-19	94.4	terminal uridylyltransferase 4 isoform X31 [Homo sapiens]	TRUE	Tut4
XP_019853366.1	XP_016856293.1	0	N/A	27.16	243	51	1.68e-19	94.4	terminal uridylyltransferase 4 isoform X16 [Homo sapiens]	TRUE	Tut4
XP_019853366.1	XP_047272337.1	0	N/A	27.16	243	51	1.69e-19	94.4	terminal uridylyltransferase 4 isoform X27 [Homo sapiens]	TRUE	Tut4
XP_019853366.1	XP_047272283.1	0	N/A	27.16	243	51	1.69e-19	94.4	terminal uridylyltransferase 4 isoform X6 [Homo sapiens]	TRUE	Tut4
XP_019853366.1	XP_005270737.1	0	N/A	27.16	243	51	1.69e-19	94.4	terminal uridylyltransferase 4 isoform X6 [Homo sapiens]	TRUE	Tut4
XP_019853366.1	XP_047272350.1	0	N/A	27.16	243	51	1.69e-19	94.4	terminal uridylyltransferase 4 isoform X34 [Homo sapiens]	TRUE	Tut4
XP_019853366.1	XP_047272288.1	0	N/A	27.16	243	51	1.7e-19	94.4	terminal uridylyltransferase 4 isoform X10 [Homo sapiens]	TRUE	Tut4
XP_019853366.1	XP_047272365.1	0	N/A	27.16	243	51	1.75e-19	94.4	terminal uridylyltransferase 4 isoform X38 [Homo sapiens]	TRUE	Tut4
XP_019853366.1	XP_016856299.1	0	N/A	27.16	243	51	1.77e-19	94.4	terminal uridylyltransferase 4 isoform X40 [Homo sapiens]	TRUE	Tut4
XP_019853366.1	XP_016856296.1	0	N/A	27.16	243	51	1.81e-19	94.4	terminal uridylyltransferase 4 isoform X28 [Homo sapiens]	TRUE	Tut4
XP_019853366.1	XP_047272372.1	0	N/A	27.16	243	51	1.87e-19	94.4	terminal uridylyltransferase 4 isoform X42 [Homo sapiens]	TRUE	Tut4
XP_019853366.1	XP_011539401.1	0	N/A	27.16	243	51	1.89e-19	94.4	terminal uridylyltransferase 4 isoform X29 [Homo sapiens]	TRUE	Tut4
XP_019853366.1	XP_047272384.1	0	N/A	27.16	243	51	3.11e-19	93.6	terminal uridylyltransferase 4 isoform X46 [Homo sapiens]	TRUE	Tut4
XP_019853366.1	XP_047272820.1	0	N/A	25.822	213	46	4.22e-12	68.6	poly(A) RNA polymerase GLD2 isoform X11 [Homo sapiens]	TRUE	TENT2
XP_019853366.1	NP_001336477.1	0	N/A	25.822	213	46	5.92e-12	68.2	poly(A) RNA polymerase GLD2 isoform 4 [Homo sapiens]	TRUE	TENT2
XP_019853366.1	NP_001375065.1	0	N/A	25.822	213	46	1.2e-11	68.6	poly(A) RNA polymerase GLD2 isoform 14 [Homo sapiens]	TRUE	TENT2
XP_019853366.1	NP_001375059.1	0	N/A	25.714	210	45	2.05e-11	68.2	poly(A) RNA polymerase GLD2 isoform 10 [Homo sapiens]	TRUE	TENT2
XP_019853366.1	NP_001375027.1	0	N/A	25.714	210	45	2.08e-11	68.6	poly(A) RNA polymerase GLD2 isoform 7 [Homo sapiens]	TRUE	TENT2
XP_019853366.1	XP_047272811.1	0	N/A	25.714	210	45	2.16e-11	68.2	poly(A) RNA polymerase GLD2 isoform X4 [Homo sapiens]	TRUE	TENT2
XP_019853366.1	XP_047272810.1	0	N/A	25.714	210	45	2.16e-11	68.2	poly(A) RNA polymerase GLD2 isoform X4 [Homo sapiens]	TRUE	TENT2
XP_019853366.1	XP_047272809.1	0	N/A	25.714	210	45	2.16e-11	68.2	poly(A) RNA polymerase GLD2 isoform X4 [Homo sapiens]	TRUE	TENT2
XP_019853366.1	NP_001375058.1	0	N/A	25.714	210	45	2.16e-11	68.2	poly(A) RNA polymerase GLD2 isoform 2 [Homo sapiens]	TRUE	TENT2
XP_019853366.1	NP_001375057.1	0	N/A	25.714	210	45	2.16e-11	68.2	poly(A) RNA polymerase GLD2 isoform 2 [Homo sapiens]	TRUE	TENT2
XP_019853366.1	NP_001375056.1	0	N/A	25.714	210	45	2.16e-11	68.2	poly(A) RNA polymerase GLD2 isoform 2 [Homo sapiens]	TRUE	TENT2
XP_019853366.1	NP_001375055.1	0	N/A	25.714	210	45	2.16e-11	68.2	poly(A) RNA polymerase GLD2 isoform 2 [Homo sapiens]	TRUE	TENT2
XP_019853366.1	NP_001375054.1	0	N/A	25.714	210	45	2.16e-11	68.2	poly(A) RNA polymerase GLD2 isoform 2 [Homo sapiens]	TRUE	TENT2
XP_019853366.1	NP_001375053.1	0	N/A	25.714	210	45	2.16e-11	68.2	poly(A) RNA polymerase GLD2 isoform 2 [Homo sapiens]	TRUE	TENT2
XP_019853366.1	NP_001375052.1	0	N/A	25.714	210	45	2.16e-11	68.2	poly(A) RNA polymerase GLD2 isoform 2 [Homo sapiens]	TRUE	TENT2
XP_019853366.1	NP_001375051.1	0	N/A	25.714	210	45	2.16e-11	68.2	poly(A) RNA polymerase GLD2 isoform 2 [Homo sapiens]	TRUE	TENT2
XP_019853366.1	NP_001375050.1	0	N/A	25.714	210	45	2.16e-11	68.2	poly(A) RNA polymerase GLD2 isoform 2 [Homo sapiens]	TRUE	TENT2
XP_019853366.1	NP_001375049.1	0	N/A	25.714	210	45	2.16e-11	68.2	poly(A) RNA polymerase GLD2 isoform 2 [Homo sapiens]	TRUE	TENT2
XP_019853366.1	NP_001375048.1	0	N/A	25.714	210	45	2.16e-11	68.2	poly(A) RNA polymerase GLD2 isoform 2 [Homo sapiens]	TRUE	TENT2
XP_019853366.1	NP_001375047.1	0	N/A	25.714	210	45	2.16e-11	68.2	poly(A) RNA polymerase GLD2 isoform 2 [Homo sapiens]	TRUE	TENT2
XP_019853366.1	NP_001375046.1	0	N/A	25.714	210	45	2.16e-11	68.2	poly(A) RNA polymerase GLD2 isoform 2 [Homo sapiens]	TRUE	TENT2
XP_019853366.1	NP_001375045.1	0	N/A	25.714	210	45	2.16e-11	68.2	poly(A) RNA polymerase GLD2 isoform 2 [Homo sapiens]	TRUE	TENT2
XP_019853366.1	NP_001375044.1	0	N/A	25.714	210	45	2.16e-11	68.2	poly(A) RNA polymerase GLD2 isoform 2 [Homo sapiens]	TRUE	TENT2
XP_019853366.1	NP_001375043.1	0	N/A	25.714	210	45	2.16e-11	68.2	poly(A) RNA polymerase GLD2 isoform 2 [Homo sapiens]	TRUE	TENT2
XP_019853366.1	NP_001336483.1	0	N/A	25.714	210	45	2.16e-11	68.2	poly(A) RNA polymerase GLD2 isoform 2 [Homo sapiens]	TRUE	TENT2
XP_019853366.1	NP_001284673.1	0	N/A	25.714	210	45	2.16e-11	68.2	poly(A) RNA polymerase GLD2 isoform 2 [Homo sapiens]	TRUE	TENT2
XP_019853366.1	XP_047272805.1	0	N/A	25.714	210	45	2.26e-11	68.2	poly(A) RNA polymerase GLD2 isoform X2 [Homo sapiens]	TRUE	TENT2
XP_019853366.1	XP_047272804.1	0	N/A	25.714	210	45	2.26e-11	68.2	poly(A) RNA polymerase GLD2 isoform X2 [Homo sapiens]	TRUE	TENT2
XP_019853366.1	XP_047272803.1	0	N/A	25.714	210	45	2.26e-11	68.2	poly(A) RNA polymerase GLD2 isoform X2 [Homo sapiens]	TRUE	TENT2
XP_019853366.1	XP_047272802.1	0	N/A	25.714	210	45	2.26e-11	68.2	poly(A) RNA polymerase GLD2 isoform X2 [Homo sapiens]	TRUE	TENT2
XP_019853366.1	XP_016864641.1	0	N/A	25.714	210	45	2.26e-11	68.2	poly(A) RNA polymerase GLD2 isoform X2 [Homo sapiens]	TRUE	TENT2
XP_019853366.1	NP_001375026.1	0	N/A	25.714	210	45	2.26e-11	68.2	poly(A) RNA polymerase GLD2 isoform 6 [Homo sapiens]	TRUE	TENT2
XP_019853366.1	NP_001375025.1	0	N/A	25.714	210	45	2.26e-11	68.2	poly(A) RNA polymerase GLD2 isoform 6 [Homo sapiens]	TRUE	TENT2
XP_019853366.1	NP_001375024.1	0	N/A	25.714	210	45	2.26e-11	68.2	poly(A) RNA polymerase GLD2 isoform 6 [Homo sapiens]	TRUE	TENT2
XP_019853366.1	NP_001336480.1	0	N/A	25.714	210	45	2.26e-11	68.2	poly(A) RNA polymerase GLD2 isoform 6 [Homo sapiens]	TRUE	TENT2
XP_019853366.1	NP_001375061.1	0	N/A	25.714	210	45	2.41e-11	68.2	poly(A) RNA polymerase GLD2 isoform 12 [Homo sapiens]	TRUE	TENT2
XP_019853366.1	NP_001375042.1	0	N/A	25.714	210	45	2.53e-11	68.2	poly(A) RNA polymerase GLD2 isoform 16 [Homo sapiens]	TRUE	TENT2
XP_019853366.1	XP_047272808.1	0	N/A	25.714	210	45	2.56e-11	68.2	poly(A) RNA polymerase GLD2 isoform X3 [Homo sapiens]	TRUE	TENT2
XP_019853366.1	XP_047272807.1	0	N/A	25.714	210	45	2.56e-11	68.2	poly(A) RNA polymerase GLD2 isoform X3 [Homo sapiens]	TRUE	TENT2
XP_019853366.1	XP_047272806.1	0	N/A	25.714	210	45	2.56e-11	68.2	poly(A) RNA polymerase GLD2 isoform X3 [Homo sapiens]	TRUE	TENT2
XP_019853366.1	NP_776158.2	0	N/A	25.714	210	45	2.56e-11	68.2	poly(A) RNA polymerase GLD2 isoform 1 [Homo sapiens]	TRUE	TENT2
XP_019853366.1	NP_001375041.1	0	N/A	25.714	210	45	2.56e-11	68.2	poly(A) RNA polymerase GLD2 isoform 1 [Homo sapiens]	TRUE	TENT2
XP_019853366.1	NP_001375040.1	0	N/A	25.714	210	45	2.56e-11	68.2	poly(A) RNA polymerase GLD2 isoform 1 [Homo sapiens]	TRUE	TENT2
XP_019853366.1	NP_001375039.1	0	N/A	25.714	210	45	2.56e-11	68.2	poly(A) RNA polymerase GLD2 isoform 1 [Homo sapiens]	TRUE	TENT2
XP_019853366.1	NP_001375038.1	0	N/A	25.714	210	45	2.56e-11	68.2	poly(A) RNA polymerase GLD2 isoform 1 [Homo sapiens]	TRUE	TENT2
XP_019853366.1	NP_001375037.1	0	N/A	25.714	210	45	2.56e-11	68.2	poly(A) RNA polymerase GLD2 isoform 1 [Homo sapiens]	TRUE	TENT2
XP_019857828.1	NP_001317647.1	0	N/A	36.816	402	70	1.01e-76	260	terminal uridylyltransferase 7 isoform 3 [Homo sapiens]	TRUE	Tut7
XP_019857828.1	XP_047272384.1	0	N/A	41.379	348	60	1.55e-75	259	terminal uridylyltransferase 4 isoform X46 [Homo sapiens]	TRUE	Tut4
XP_019857828.1	XP_047272372.1	0	N/A	40.896	335	58	4.12e-75	262	terminal uridylyltransferase 4 isoform X42 [Homo sapiens]	TRUE	Tut4
XP_019857828.1	XP_047272344.1	0	N/A	40.896	335	58	4.73e-75	262	terminal uridylyltransferase 4 isoform X30 [Homo sapiens]	TRUE	Tut4
XP_019857828.1	XP_047272305.1	0	N/A	40.896	335	58	4.83e-75	262	terminal uridylyltransferase 4 isoform X17 [Homo sapiens]	TRUE	Tut4
XP_019857828.1	XP_047272296.1	0	N/A	40.896	335	58	5.26e-75	262	terminal uridylyltransferase 4 isoform X13 [Homo sapiens]	TRUE	Tut4
XP_019857828.1	XP_047272350.1	0	N/A	40.896	335	58	5.27e-75	262	terminal uridylyltransferase 4 isoform X34 [Homo sapiens]	TRUE	Tut4
XP_019857828.1	XP_047272295.1	0	N/A	40.896	335	58	5.47e-75	262	terminal uridylyltransferase 4 isoform X12 [Homo sapiens]	TRUE	Tut4
XP_019857828.1	XP_047272286.1	0	N/A	40.896	335	58	5.59e-75	262	terminal uridylyltransferase 4 isoform X8 [Homo sapiens]	TRUE	Tut4
XP_019857828.1	XP_047272290.1	0	N/A	40.896	335	58	5.85e-75	262	terminal uridylyltransferase 4 isoform X11 [Homo sapiens]	TRUE	Tut4
XP_019857828.1	XP_047279823.1	0	N/A	36.816	402	70	6.62e-75	261	terminal uridylyltransferase 7 isoform X2 [Homo sapiens]	TRUE	Tut7
XP_019857828.1	XP_006717346.1	0	N/A	36.816	402	70	6.62e-75	261	terminal uridylyltransferase 7 isoform X2 [Homo sapiens]	TRUE	Tut7
XP_019857828.1	XP_011517316.1	0	N/A	36.816	402	70	7.69e-75	261	terminal uridylyltransferase 7 isoform X1 [Homo sapiens]	TRUE	Tut7
XP_019857828.1	XP_011517315.1	0	N/A	36.816	402	70	7.69e-75	261	terminal uridylyltransferase 7 isoform X1 [Homo sapiens]	TRUE	Tut7
XP_019857828.1	XP_011517314.1	0	N/A	36.816	402	70	7.69e-75	261	terminal uridylyltransferase 7 isoform X1 [Homo sapiens]	TRUE	Tut7
XP_019857828.1	XP_011517313.1	0	N/A	36.816	402	70	7.69e-75	261	terminal uridylyltransferase 7 isoform X1 [Homo sapiens]	TRUE	Tut7
XP_019857828.1	XP_016870620.1	0	N/A	36.816	402	70	8.6e-75	261	terminal uridylyltransferase 7 isoform X4 [Homo sapiens]	TRUE	Tut7
XP_019857828.1	XP_016870619.1	0	N/A	36.816	402	70	8.6e-75	261	terminal uridylyltransferase 7 isoform X4 [Homo sapiens]	TRUE	Tut7
XP_019857828.1	NP_078893.2	0	N/A	36.816	402	70	8.6e-75	261	terminal uridylyltransferase 7 isoform 1 [Homo sapiens]	TRUE	Tut7
XP_019857828.1	NP_001171988.1	0	N/A	36.816	402	70	8.6e-75	261	terminal uridylyltransferase 7 isoform 1 [Homo sapiens]	TRUE	Tut7
XP_019857828.1	XP_047279825.1	0	N/A	36.816	402	70	8.63e-75	261	terminal uridylyltransferase 7 isoform X6 [Homo sapiens]	TRUE	Tut7
XP_019857828.1	XP_047279824.1	0	N/A	36.816	402	70	8.63e-75	261	terminal uridylyltransferase 7 isoform X6 [Homo sapiens]	TRUE	Tut7
XP_019857828.1	XP_005252264.1	0	N/A	36.816	402	70	8.63e-75	261	terminal uridylyltransferase 7 isoform X6 [Homo sapiens]	TRUE	Tut7
XP_019857828.1	XP_011517317.1	0	N/A	36.816	402	70	1.14e-74	261	terminal uridylyltransferase 7 isoform X3 [Homo sapiens]	TRUE	Tut7
XP_019857828.1	XP_011517318.1	0	N/A	36.816	402	70	1.28e-74	261	terminal uridylyltransferase 7 isoform X5 [Homo sapiens]	TRUE	Tut7
XP_019857828.1	XP_016856297.1	0	N/A	41.379	348	60	2.23e-74	260	terminal uridylyltransferase 4 isoform X36 [Homo sapiens]	TRUE	Tut4
XP_019857828.1	XP_005270739.1	0	N/A	41.379	348	60	2.35e-74	260	terminal uridylyltransferase 4 isoform X33 [Homo sapiens]	TRUE	Tut4
XP_019857828.1	XP_016856299.1	0	N/A	41.379	348	60	2.42e-74	260	terminal uridylyltransferase 4 isoform X40 [Homo sapiens]	TRUE	Tut4
XP_019857828.1	XP_047272283.1	0	N/A	41.379	348	60	2.64e-74	260	terminal uridylyltransferase 4 isoform X6 [Homo sapiens]	TRUE	Tut4
XP_019857828.1	XP_005270737.1	0	N/A	41.379	348	60	2.64e-74	260	terminal uridylyltransferase 4 isoform X6 [Homo sapiens]	TRUE	Tut4
XP_019857828.1	XP_047272345.1	0	N/A	41.379	348	60	2.72e-74	259	terminal uridylyltransferase 4 isoform X31 [Homo sapiens]	TRUE	Tut4
XP_019857828.1	XP_047272288.1	0	N/A	41.379	348	60	2.86e-74	259	terminal uridylyltransferase 4 isoform X10 [Homo sapiens]	TRUE	Tut4
XP_019857828.1	XP_011539401.1	0	N/A	41.379	348	60	2.86e-74	259	terminal uridylyltransferase 4 isoform X29 [Homo sapiens]	TRUE	Tut4
XP_019857828.1	XP_047272365.1	0	N/A	41.379	348	60	2.88e-74	259	terminal uridylyltransferase 4 isoform X38 [Homo sapiens]	TRUE	Tut4
XP_019857828.1	XP_047272285.1	0	N/A	41.379	348	60	2.92e-74	259	terminal uridylyltransferase 4 isoform X7 [Homo sapiens]	TRUE	Tut4
XP_019857828.1	XP_016856293.1	0	N/A	41.379	348	60	2.99e-74	259	terminal uridylyltransferase 4 isoform X16 [Homo sapiens]	TRUE	Tut4
XP_019857828.1	XP_005252265.1	0	N/A	38.889	360	62	3.04e-74	259	terminal uridylyltransferase 7 isoform X7 [Homo sapiens]	TRUE	Tut7
XP_019857828.1	XP_016856296.1	0	N/A	41.379	348	60	3.08e-74	259	terminal uridylyltransferase 4 isoform X28 [Homo sapiens]	TRUE	Tut4
XP_019857828.1	XP_016856295.1	0	N/A	41.379	348	60	3.09e-74	259	terminal uridylyltransferase 4 isoform X25 [Homo sapiens]	TRUE	Tut4
XP_019857828.1	XP_016856292.1	0	N/A	41.379	348	60	3.21e-74	259	terminal uridylyltransferase 4 isoform X9 [Homo sapiens]	TRUE	Tut4
XP_019857828.1	XP_011539399.1	0	N/A	41.379	348	60	3.21e-74	259	terminal uridylyltransferase 4 isoform X1 [Homo sapiens]	TRUE	Tut4
XP_019857828.1	XP_005270733.1	0	N/A	41.379	348	60	3.21e-74	259	terminal uridylyltransferase 4 isoform X1 [Homo sapiens]	TRUE	Tut4
XP_019857828.1	XP_005270735.1	0	N/A	41.379	348	60	3.4e-74	259	terminal uridylyltransferase 4 isoform X2 [Homo sapiens]	TRUE	Tut4
XP_019857828.1	XP_047272281.1	0	N/A	41.379	348	60	3.49e-74	259	terminal uridylyltransferase 4 isoform X4 [Homo sapiens]	TRUE	Tut4
XP_019857828.1	NP_001009881.1	0	N/A	41.379	348	60	3.49e-74	259	terminal uridylyltransferase 4 isoform a [Homo sapiens]	TRUE	Tut4
XP_019857828.1	XP_047272325.1	0	N/A	41.379	348	60	3.5e-74	259	terminal uridylyltransferase 4 isoform X23 [Homo sapiens]	TRUE	Tut4
XP_019857828.1	XP_047272282.1	0	N/A	41.379	348	60	3.52e-74	259	terminal uridylyltransferase 4 isoform X5 [Homo sapiens]	TRUE	Tut4
XP_019857828.1	NP_056084.1	0	N/A	41.379	348	60	3.52e-74	259	terminal uridylyltransferase 4 isoform b [Homo sapiens]	TRUE	Tut4
XP_019857828.1	XP_047272280.1	0	N/A	41.379	348	60	3.56e-74	259	terminal uridylyltransferase 4 isoform X3 [Homo sapiens]	TRUE	Tut4
XP_019857828.1	XP_005270736.1	0	N/A	41.379	348	60	3.56e-74	259	terminal uridylyltransferase 4 isoform X3 [Homo sapiens]	TRUE	Tut4
XP_019857828.1	XP_047272337.1	0	N/A	41.379	348	60	3.63e-74	259	terminal uridylyltransferase 4 isoform X27 [Homo sapiens]	TRUE	Tut4
XP_019857828.1	NP_001172003.1	0	N/A	37.092	337	59	5.71e-62	223	terminal uridylyltransferase 7 isoform 2 [Homo sapiens]	TRUE	Tut7
XP_019857828.1	XP_047272369.1	0	N/A	35.549	346	60	1.46e-53	199	terminal uridylyltransferase 4 isoform X41 [Homo sapiens]	TRUE	Tut4
XP_019857828.1	XP_047272373.1	0	N/A	35.549	346	60	1.61e-53	199	terminal uridylyltransferase 4 isoform X43 [Homo sapiens]	TRUE	Tut4
XP_019857828.1	XP_047272348.1	0	N/A	35.549	346	60	1.71e-53	199	terminal uridylyltransferase 4 isoform X32 [Homo sapiens]	TRUE	Tut4
XP_019857828.1	XP_047272377.1	0	N/A	35.549	346	60	1.74e-53	199	terminal uridylyltransferase 4 isoform X44 [Homo sapiens]	TRUE	Tut4
XP_019857828.1	XP_047272311.1	0	N/A	35.549	346	60	1.75e-53	199	terminal uridylyltransferase 4 isoform X21 [Homo sapiens]	TRUE	Tut4
XP_019857828.1	XP_047272306.1	0	N/A	35.549	346	60	1.85e-53	199	terminal uridylyltransferase 4 isoform X18 [Homo sapiens]	TRUE	Tut4
XP_019857828.1	XP_047272362.1	0	N/A	35.549	346	60	2.08e-53	198	terminal uridylyltransferase 4 isoform X37 [Homo sapiens]	TRUE	Tut4
XP_019857828.1	XP_047272354.1	0	N/A	35.549	346	60	2.16e-53	198	terminal uridylyltransferase 4 isoform X35 [Homo sapiens]	TRUE	Tut4
XP_019857828.1	XP_047272303.1	0	N/A	35.549	346	60	2.23e-53	198	terminal uridylyltransferase 4 isoform X15 [Homo sapiens]	TRUE	Tut4
XP_019857828.1	XP_005270738.1	0	N/A	35.549	346	60	2.25e-53	198	terminal uridylyltransferase 4 isoform X14 [Homo sapiens]	TRUE	Tut4
XP_019857828.1	XP_047272367.1	0	N/A	35.549	346	60	2.26e-53	198	terminal uridylyltransferase 4 isoform X39 [Homo sapiens]	TRUE	Tut4
XP_019857828.1	XP_047272320.1	0	N/A	35.549	346	60	2.29e-53	198	terminal uridylyltransferase 4 isoform X22 [Homo sapiens]	TRUE	Tut4
XP_019857828.1	XP_016856294.1	0	N/A	35.549	346	60	2.33e-53	198	terminal uridylyltransferase 4 isoform X20 [Homo sapiens]	TRUE	Tut4
XP_019857828.1	XP_047272307.1	0	N/A	35.549	346	60	2.37e-53	198	terminal uridylyltransferase 4 isoform X19 [Homo sapiens]	TRUE	Tut4
XP_019857828.1	XP_047272327.1	0	N/A	35.549	346	60	2.49e-53	198	terminal uridylyltransferase 4 isoform X24 [Homo sapiens]	TRUE	Tut4
XP_019857828.1	XP_047272336.1	0	N/A	35.549	346	60	2.59e-53	198	terminal uridylyltransferase 4 isoform X26 [Homo sapiens]	TRUE	Tut4
XP_019857828.1	NP_001375061.1	0	N/A	28.873	284	50	8.57e-35	139	poly(A) RNA polymerase GLD2 isoform 12 [Homo sapiens]	TRUE	TENT2
XP_019857828.1	NP_001375065.1	0	N/A	28.873	284	50	1.1e-34	136	poly(A) RNA polymerase GLD2 isoform 14 [Homo sapiens]	TRUE	TENT2
XP_019857828.1	NP_001375059.1	0	N/A	28.223	287	50	1.14e-34	139	poly(A) RNA polymerase GLD2 isoform 10 [Homo sapiens]	TRUE	TENT2
XP_019857828.1	XP_047272811.1	0	N/A	28.223	287	50	1.14e-34	139	poly(A) RNA polymerase GLD2 isoform X4 [Homo sapiens]	TRUE	TENT2
XP_019857828.1	XP_047272810.1	0	N/A	28.223	287	50	1.14e-34	139	poly(A) RNA polymerase GLD2 isoform X4 [Homo sapiens]	TRUE	TENT2
XP_019857828.1	XP_047272809.1	0	N/A	28.223	287	50	1.14e-34	139	poly(A) RNA polymerase GLD2 isoform X4 [Homo sapiens]	TRUE	TENT2
XP_019857828.1	NP_001375058.1	0	N/A	28.223	287	50	1.14e-34	139	poly(A) RNA polymerase GLD2 isoform 2 [Homo sapiens]	TRUE	TENT2
XP_019857828.1	NP_001375057.1	0	N/A	28.223	287	50	1.14e-34	139	poly(A) RNA polymerase GLD2 isoform 2 [Homo sapiens]	TRUE	TENT2
XP_019857828.1	NP_001375056.1	0	N/A	28.223	287	50	1.14e-34	139	poly(A) RNA polymerase GLD2 isoform 2 [Homo sapiens]	TRUE	TENT2
XP_019857828.1	NP_001375055.1	0	N/A	28.223	287	50	1.14e-34	139	poly(A) RNA polymerase GLD2 isoform 2 [Homo sapiens]	TRUE	TENT2
XP_019857828.1	NP_001375054.1	0	N/A	28.223	287	50	1.14e-34	139	poly(A) RNA polymerase GLD2 isoform 2 [Homo sapiens]	TRUE	TENT2
XP_019857828.1	NP_001375053.1	0	N/A	28.223	287	50	1.14e-34	139	poly(A) RNA polymerase GLD2 isoform 2 [Homo sapiens]	TRUE	TENT2
XP_019857828.1	NP_001375052.1	0	N/A	28.223	287	50	1.14e-34	139	poly(A) RNA polymerase GLD2 isoform 2 [Homo sapiens]	TRUE	TENT2
XP_019857828.1	NP_001375051.1	0	N/A	28.223	287	50	1.14e-34	139	poly(A) RNA polymerase GLD2 isoform 2 [Homo sapiens]	TRUE	TENT2
XP_019857828.1	NP_001375050.1	0	N/A	28.223	287	50	1.14e-34	139	poly(A) RNA polymerase GLD2 isoform 2 [Homo sapiens]	TRUE	TENT2
XP_019857828.1	NP_001375049.1	0	N/A	28.223	287	50	1.14e-34	139	poly(A) RNA polymerase GLD2 isoform 2 [Homo sapiens]	TRUE	TENT2
XP_019857828.1	NP_001375048.1	0	N/A	28.223	287	50	1.14e-34	139	poly(A) RNA polymerase GLD2 isoform 2 [Homo sapiens]	TRUE	TENT2
XP_019857828.1	NP_001375047.1	0	N/A	28.223	287	50	1.14e-34	139	poly(A) RNA polymerase GLD2 isoform 2 [Homo sapiens]	TRUE	TENT2
XP_019857828.1	NP_001375046.1	0	N/A	28.223	287	50	1.14e-34	139	poly(A) RNA polymerase GLD2 isoform 2 [Homo sapiens]	TRUE	TENT2
XP_019857828.1	NP_001375045.1	0	N/A	28.223	287	50	1.14e-34	139	poly(A) RNA polymerase GLD2 isoform 2 [Homo sapiens]	TRUE	TENT2
XP_019857828.1	NP_001375044.1	0	N/A	28.223	287	50	1.14e-34	139	poly(A) RNA polymerase GLD2 isoform 2 [Homo sapiens]	TRUE	TENT2
XP_019857828.1	NP_001375043.1	0	N/A	28.223	287	50	1.14e-34	139	poly(A) RNA polymerase GLD2 isoform 2 [Homo sapiens]	TRUE	TENT2
XP_019857828.1	NP_001336483.1	0	N/A	28.223	287	50	1.14e-34	139	poly(A) RNA polymerase GLD2 isoform 2 [Homo sapiens]	TRUE	TENT2
XP_019857828.1	NP_001284673.1	0	N/A	28.223	287	50	1.14e-34	139	poly(A) RNA polymerase GLD2 isoform 2 [Homo sapiens]	TRUE	TENT2
XP_019857828.1	NP_001375060.1	0	N/A	28.472	288	50	3.89e-34	137	poly(A) RNA polymerase GLD2 isoform 11 [Homo sapiens]	TRUE	TENT2
XP_019857828.1	NP_001375042.1	0	N/A	28.472	288	50	5e-34	137	poly(A) RNA polymerase GLD2 isoform 16 [Homo sapiens]	TRUE	TENT2
XP_019857828.1	XP_047272808.1	0	N/A	28.472	288	50	5.02e-34	137	poly(A) RNA polymerase GLD2 isoform X3 [Homo sapiens]	TRUE	TENT2
XP_019857828.1	XP_047272807.1	0	N/A	28.472	288	50	5.02e-34	137	poly(A) RNA polymerase GLD2 isoform X3 [Homo sapiens]	TRUE	TENT2
XP_019857828.1	XP_047272806.1	0	N/A	28.472	288	50	5.02e-34	137	poly(A) RNA polymerase GLD2 isoform X3 [Homo sapiens]	TRUE	TENT2
XP_019857828.1	NP_776158.2	0	N/A	28.472	288	50	5.02e-34	137	poly(A) RNA polymerase GLD2 isoform 1 [Homo sapiens]	TRUE	TENT2
XP_019857828.1	NP_001375041.1	0	N/A	28.472	288	50	5.02e-34	137	poly(A) RNA polymerase GLD2 isoform 1 [Homo sapiens]	TRUE	TENT2
XP_019857828.1	NP_001375040.1	0	N/A	28.472	288	50	5.02e-34	137	poly(A) RNA polymerase GLD2 isoform 1 [Homo sapiens]	TRUE	TENT2
XP_019863359.1	XP_047272377.1	0	N/A	36	125	36	5.14e-19	90.9	terminal uridylyltransferase 4 isoform X44 [Homo sapiens]	TRUE	Tut4
XP_019863359.1	XP_047272373.1	0	N/A	36	125	36	5.19e-19	90.9	terminal uridylyltransferase 4 isoform X43 [Homo sapiens]	TRUE	Tut4
XP_019863359.1	XP_016856297.1	0	N/A	36	125	36	5.37e-19	90.9	terminal uridylyltransferase 4 isoform X36 [Homo sapiens]	TRUE	Tut4
XP_019863359.1	XP_047272372.1	0	N/A	36	125	36	5.5e-19	90.5	terminal uridylyltransferase 4 isoform X42 [Homo sapiens]	TRUE	Tut4
XP_019863359.1	XP_005270739.1	0	N/A	36	125	36	5.57e-19	90.5	terminal uridylyltransferase 4 isoform X33 [Homo sapiens]	TRUE	Tut4
XP_019863359.1	XP_047272345.1	0	N/A	36	125	36	5.63e-19	90.5	terminal uridylyltransferase 4 isoform X31 [Homo sapiens]	TRUE	Tut4
XP_019863359.1	XP_047272384.1	0	N/A	36	125	36	5.65e-19	90.5	terminal uridylyltransferase 4 isoform X46 [Homo sapiens]	TRUE	Tut4
XP_019863359.1	XP_016856299.1	0	N/A	36	125	36	5.72e-19	90.5	terminal uridylyltransferase 4 isoform X40 [Homo sapiens]	TRUE	Tut4
XP_019863359.1	XP_047272365.1	0	N/A	36	125	36	5.72e-19	90.5	terminal uridylyltransferase 4 isoform X38 [Homo sapiens]	TRUE	Tut4
XP_019863359.1	XP_011539401.1	0	N/A	36	125	36	5.84e-19	90.5	terminal uridylyltransferase 4 isoform X29 [Homo sapiens]	TRUE	Tut4
XP_019863359.1	XP_047272336.1	0	N/A	36	125	36	5.86e-19	90.5	terminal uridylyltransferase 4 isoform X26 [Homo sapiens]	TRUE	Tut4
XP_019863359.1	XP_016856295.1	0	N/A	36	125	36	5.86e-19	90.5	terminal uridylyltransferase 4 isoform X25 [Homo sapiens]	TRUE	Tut4
XP_019863359.1	XP_047272369.1	0	N/A	36	125	36	5.93e-19	90.5	terminal uridylyltransferase 4 isoform X41 [Homo sapiens]	TRUE	Tut4
XP_019863359.1	XP_047272283.1	0	N/A	36	125	36	6.07e-19	90.5	terminal uridylyltransferase 4 isoform X6 [Homo sapiens]	TRUE	Tut4
XP_019863359.1	XP_005270737.1	0	N/A	36	125	36	6.07e-19	90.5	terminal uridylyltransferase 4 isoform X6 [Homo sapiens]	TRUE	Tut4
XP_019863359.1	XP_047272305.1	0	N/A	36	125	36	6.1e-19	90.5	terminal uridylyltransferase 4 isoform X17 [Homo sapiens]	TRUE	Tut4
XP_019863359.1	XP_047272350.1	0	N/A	36	125	36	6.11e-19	90.5	terminal uridylyltransferase 4 isoform X34 [Homo sapiens]	TRUE	Tut4
XP_019863359.1	XP_016856292.1	0	N/A	36	125	36	6.17e-19	90.5	terminal uridylyltransferase 4 isoform X9 [Homo sapiens]	TRUE	Tut4
XP_019863359.1	XP_047272337.1	0	N/A	36	125	36	6.19e-19	90.5	terminal uridylyltransferase 4 isoform X27 [Homo sapiens]	TRUE	Tut4
XP_019863359.1	XP_047272320.1	0	N/A	36	125	36	6.2e-19	90.5	terminal uridylyltransferase 4 isoform X22 [Homo sapiens]	TRUE	Tut4
XP_019863359.1	XP_047272367.1	0	N/A	36	125	36	6.22e-19	90.5	terminal uridylyltransferase 4 isoform X39 [Homo sapiens]	TRUE	Tut4
XP_019863359.1	XP_016856293.1	0	N/A	36	125	36	6.22e-19	90.5	terminal uridylyltransferase 4 isoform X16 [Homo sapiens]	TRUE	Tut4
XP_019863359.1	XP_047272362.1	0	N/A	36	125	36	6.22e-19	90.5	terminal uridylyltransferase 4 isoform X37 [Homo sapiens]	TRUE	Tut4
XP_019863359.1	XP_047272354.1	0	N/A	36	125	36	6.22e-19	90.5	terminal uridylyltransferase 4 isoform X35 [Homo sapiens]	TRUE	Tut4
XP_019863359.1	XP_047272290.1	0	N/A	36	125	36	6.22e-19	90.5	terminal uridylyltransferase 4 isoform X11 [Homo sapiens]	TRUE	Tut4
XP_019863359.1	XP_047272327.1	0	N/A	36	125	36	6.25e-19	90.5	terminal uridylyltransferase 4 isoform X24 [Homo sapiens]	TRUE	Tut4
XP_019863359.1	XP_016856294.1	0	N/A	36	125	36	6.33e-19	90.5	terminal uridylyltransferase 4 isoform X20 [Homo sapiens]	TRUE	Tut4
XP_019863359.1	XP_047272285.1	0	N/A	36	125	36	6.34e-19	90.5	terminal uridylyltransferase 4 isoform X7 [Homo sapiens]	TRUE	Tut4
XP_019863359.1	XP_047272348.1	0	N/A	36	125	36	6.34e-19	90.5	terminal uridylyltransferase 4 isoform X32 [Homo sapiens]	TRUE	Tut4
XP_019863359.1	XP_047272286.1	0	N/A	36	125	36	6.46e-19	90.5	terminal uridylyltransferase 4 isoform X8 [Homo sapiens]	TRUE	Tut4
XP_019863359.1	XP_047272311.1	0	N/A	36	125	36	6.5e-19	90.5	terminal uridylyltransferase 4 isoform X21 [Homo sapiens]	TRUE	Tut4
XP_019863359.1	XP_047272344.1	0	N/A	36	125	36	6.59e-19	90.5	terminal uridylyltransferase 4 isoform X30 [Homo sapiens]	TRUE	Tut4
XP_019863359.1	XP_047272296.1	0	N/A	36	125	36	6.64e-19	90.5	terminal uridylyltransferase 4 isoform X13 [Homo sapiens]	TRUE	Tut4
XP_019863359.1	XP_047272295.1	0	N/A	36	125	36	6.64e-19	90.5	terminal uridylyltransferase 4 isoform X12 [Homo sapiens]	TRUE	Tut4
XP_019863359.1	XP_047272288.1	0	N/A	36	125	36	6.64e-19	90.5	terminal uridylyltransferase 4 isoform X10 [Homo sapiens]	TRUE	Tut4
XP_019863359.1	XP_047272325.1	0	N/A	36	125	36	6.67e-19	90.5	terminal uridylyltransferase 4 isoform X23 [Homo sapiens]	TRUE	Tut4
XP_019863359.1	XP_047272282.1	0	N/A	36	125	36	6.72e-19	90.5	terminal uridylyltransferase 4 isoform X5 [Homo sapiens]	TRUE	Tut4
XP_019863359.1	NP_056084.1	0	N/A	36	125	36	6.72e-19	90.5	terminal uridylyltransferase 4 isoform b [Homo sapiens]	TRUE	Tut4
XP_019863359.1	XP_047272280.1	0	N/A	36	125	36	6.72e-19	90.5	terminal uridylyltransferase 4 isoform X3 [Homo sapiens]	TRUE	Tut4
XP_019863359.1	XP_005270736.1	0	N/A	36	125	36	6.72e-19	90.5	terminal uridylyltransferase 4 isoform X3 [Homo sapiens]	TRUE	Tut4
XP_019863359.1	XP_005270735.1	0	N/A	36	125	36	6.72e-19	90.5	terminal uridylyltransferase 4 isoform X2 [Homo sapiens]	TRUE	Tut4
XP_019863359.1	XP_011539399.1	0	N/A	36	125	36	6.73e-19	90.5	terminal uridylyltransferase 4 isoform X1 [Homo sapiens]	TRUE	Tut4
XP_019863359.1	XP_005270733.1	0	N/A	36	125	36	6.73e-19	90.5	terminal uridylyltransferase 4 isoform X1 [Homo sapiens]	TRUE	Tut4
XP_019863359.1	XP_016856296.1	0	N/A	36	125	36	6.79e-19	90.5	terminal uridylyltransferase 4 isoform X28 [Homo sapiens]	TRUE	Tut4
XP_019863359.1	XP_047272307.1	0	N/A	36	125	36	6.82e-19	90.5	terminal uridylyltransferase 4 isoform X19 [Homo sapiens]	TRUE	Tut4
XP_019863359.1	XP_047272281.1	0	N/A	36	125	36	6.91e-19	90.5	terminal uridylyltransferase 4 isoform X4 [Homo sapiens]	TRUE	Tut4
XP_019863359.1	NP_001009881.1	0	N/A	36	125	36	6.91e-19	90.5	terminal uridylyltransferase 4 isoform a [Homo sapiens]	TRUE	Tut4
XP_019863359.1	XP_005270738.1	0	N/A	36	125	36	6.95e-19	90.5	terminal uridylyltransferase 4 isoform X14 [Homo sapiens]	TRUE	Tut4
XP_019863359.1	XP_047272303.1	0	N/A	36	125	36	7.15e-19	90.5	terminal uridylyltransferase 4 isoform X15 [Homo sapiens]	TRUE	Tut4
XP_019863359.1	XP_047272306.1	0	N/A	36	125	36	7.28e-19	90.5	terminal uridylyltransferase 4 isoform X18 [Homo sapiens]	TRUE	Tut4
XP_019863359.1	XP_047279823.1	0	N/A	27.647	170	48	6.17e-18	87.4	terminal uridylyltransferase 7 isoform X2 [Homo sapiens]	TRUE	Tut7
XP_019863359.1	XP_006717346.1	0	N/A	27.647	170	48	6.17e-18	87.4	terminal uridylyltransferase 7 isoform X2 [Homo sapiens]	TRUE	Tut7
XP_019863359.1	XP_047279825.1	0	N/A	27.647	170	48	6.71e-18	87.4	terminal uridylyltransferase 7 isoform X6 [Homo sapiens]	TRUE	Tut7
XP_019863359.1	XP_047279824.1	0	N/A	27.647	170	48	6.71e-18	87.4	terminal uridylyltransferase 7 isoform X6 [Homo sapiens]	TRUE	Tut7
XP_019863359.1	XP_005252264.1	0	N/A	27.647	170	48	6.71e-18	87.4	terminal uridylyltransferase 7 isoform X6 [Homo sapiens]	TRUE	Tut7
XP_019863359.1	XP_011517317.1	0	N/A	27.647	170	48	6.89e-18	87.4	terminal uridylyltransferase 7 isoform X3 [Homo sapiens]	TRUE	Tut7
XP_019863359.1	XP_011517316.1	0	N/A	27.586	232	63	7.03e-18	87.4	terminal uridylyltransferase 7 isoform X1 [Homo sapiens]	TRUE	Tut7
XP_019863359.1	XP_011517315.1	0	N/A	27.586	232	63	7.03e-18	87.4	terminal uridylyltransferase 7 isoform X1 [Homo sapiens]	TRUE	Tut7
XP_019863359.1	XP_011517314.1	0	N/A	27.586	232	63	7.03e-18	87.4	terminal uridylyltransferase 7 isoform X1 [Homo sapiens]	TRUE	Tut7
XP_019863359.1	XP_011517313.1	0	N/A	27.586	232	63	7.03e-18	87.4	terminal uridylyltransferase 7 isoform X1 [Homo sapiens]	TRUE	Tut7
XP_019863359.1	XP_016870620.1	0	N/A	27.647	170	48	7.38e-18	87.4	terminal uridylyltransferase 7 isoform X4 [Homo sapiens]	TRUE	Tut7
XP_019863359.1	XP_016870619.1	0	N/A	27.647	170	48	7.38e-18	87.4	terminal uridylyltransferase 7 isoform X4 [Homo sapiens]	TRUE	Tut7
XP_019863359.1	NP_078893.2	0	N/A	27.647	170	48	7.38e-18	87.4	terminal uridylyltransferase 7 isoform 1 [Homo sapiens]	TRUE	Tut7
XP_019863359.1	NP_001171988.1	0	N/A	27.647	170	48	7.38e-18	87.4	terminal uridylyltransferase 7 isoform 1 [Homo sapiens]	TRUE	Tut7
XP_019863359.1	NP_001172003.1	0	N/A	27.647	170	48	8.17e-18	87	terminal uridylyltransferase 7 isoform 2 [Homo sapiens]	TRUE	Tut7
XP_019863359.1	XP_011517318.1	0	N/A	27.647	170	48	8.47e-18	87	terminal uridylyltransferase 7 isoform X5 [Homo sapiens]	TRUE	Tut7
XP_019863359.1	NP_001317647.1	0	N/A	27.647	170	48	1.01e-17	86.7	terminal uridylyltransferase 7 isoform 3 [Homo sapiens]	TRUE	Tut7
XP_019863359.1	XP_005252265.1	0	N/A	35.156	128	36	1.58e-17	86.3	terminal uridylyltransferase 7 isoform X7 [Homo sapiens]	TRUE	Tut7
XP_019863359.1	XP_016856307.1	0	N/A	31.765	85	25	6.44e-12	69.3	terminal uridylyltransferase 4 isoform X45 [Homo sapiens]	TRUE	Tut4
XP_019863359.1	XP_047279826.1	0	N/A	26.829	82	24	1.04e-07	56.2	terminal uridylyltransferase 7 isoform X8 [Homo sapiens]	TRUE	Tut7
XP_019863359.1	XP_047272815.1	0	N/A	28.571	70	21	3.65e-05	47.8	poly(A) RNA polymerase GLD2 isoform X7 [Homo sapiens]	TRUE	TENT2
XP_019863359.1	NP_001375064.1	0	N/A	28.571	70	21	3.65e-05	47.8	poly(A) RNA polymerase GLD2 isoform 13 [Homo sapiens]	TRUE	TENT2
XP_019863359.1	NP_001375063.1	0	N/A	28.571	70	21	3.65e-05	47.8	poly(A) RNA polymerase GLD2 isoform 13 [Homo sapiens]	TRUE	TENT2
XP_019863359.1	XP_011541531.1	0	N/A	28.571	70	21	4.09e-05	47.8	poly(A) RNA polymerase GLD2 isoform X5 [Homo sapiens]	TRUE	TENT2
XP_019863359.1	XP_047272814.1	0	N/A	28.571	70	21	4.12e-05	47.8	poly(A) RNA polymerase GLD2 isoform X6 [Homo sapiens]	TRUE	TENT2
XP_019863359.1	XP_047272813.1	0	N/A	28.571	70	21	4.12e-05	47.8	poly(A) RNA polymerase GLD2 isoform X6 [Homo sapiens]	TRUE	TENT2
XP_019863359.1	XP_047272812.1	0	N/A	28.571	70	21	4.12e-05	47.8	poly(A) RNA polymerase GLD2 isoform X6 [Homo sapiens]	TRUE	TENT2
XP_019863359.1	NP_001375062.1	0	N/A	28.571	70	21	4.12e-05	47.8	poly(A) RNA polymerase GLD2 isoform 3 [Homo sapiens]	TRUE	TENT2
XP_019863359.1	NP_001284674.1	0	N/A	28.571	70	21	4.12e-05	47.8	poly(A) RNA polymerase GLD2 isoform 3 [Homo sapiens]	TRUE	TENT2
XP_019863359.1	XP_047272805.1	0	N/A	28.571	70	21	5.55e-05	47.4	poly(A) RNA polymerase GLD2 isoform X2 [Homo sapiens]	TRUE	TENT2
XP_019863359.1	XP_047272804.1	0	N/A	28.571	70	21	5.55e-05	47.4	poly(A) RNA polymerase GLD2 isoform X2 [Homo sapiens]	TRUE	TENT2
XP_019863359.1	XP_047272803.1	0	N/A	28.571	70	21	5.55e-05	47.4	poly(A) RNA polymerase GLD2 isoform X2 [Homo sapiens]	TRUE	TENT2
XP_019863359.1	XP_047272802.1	0	N/A	28.571	70	21	5.55e-05	47.4	poly(A) RNA polymerase GLD2 isoform X2 [Homo sapiens]	TRUE	TENT2
XP_019863359.1	XP_016864641.1	0	N/A	28.571	70	21	5.55e-05	47.4	poly(A) RNA polymerase GLD2 isoform X2 [Homo sapiens]	TRUE	TENT2
XP_019863359.1	NP_001375026.1	0	N/A	28.571	70	21	5.55e-05	47.4	poly(A) RNA polymerase GLD2 isoform 6 [Homo sapiens]	TRUE	TENT2
XP_019863359.1	NP_001375025.1	0	N/A	28.571	70	21	5.55e-05	47.4	poly(A) RNA polymerase GLD2 isoform 6 [Homo sapiens]	TRUE	TENT2
XP_019863359.1	NP_001375024.1	0	N/A	28.571	70	21	5.55e-05	47.4	poly(A) RNA polymerase GLD2 isoform 6 [Homo sapiens]	TRUE	TENT2
XP_019863359.1	NP_001336480.1	0	N/A	28.571	70	21	5.55e-05	47.4	poly(A) RNA polymerase GLD2 isoform 6 [Homo sapiens]	TRUE	TENT2
XP_019863359.1	XP_047272811.1	0	N/A	28.571	70	21	5.82e-05	47.4	poly(A) RNA polymerase GLD2 isoform X4 [Homo sapiens]	TRUE	TENT2
XP_019863359.1	XP_047272810.1	0	N/A	28.571	70	21	5.82e-05	47.4	poly(A) RNA polymerase GLD2 isoform X4 [Homo sapiens]	TRUE	TENT2
XP_019863359.1	XP_047272809.1	0	N/A	28.571	70	21	5.82e-05	47.4	poly(A) RNA polymerase GLD2 isoform X4 [Homo sapiens]	TRUE	TENT2
XP_019863359.1	NP_001375058.1	0	N/A	28.571	70	21	5.82e-05	47.4	poly(A) RNA polymerase GLD2 isoform 2 [Homo sapiens]	TRUE	TENT2
XP_019863359.1	NP_001375057.1	0	N/A	28.571	70	21	5.82e-05	47.4	poly(A) RNA polymerase GLD2 isoform 2 [Homo sapiens]	TRUE	TENT2
XP_019863359.1	NP_001375056.1	0	N/A	28.571	70	21	5.82e-05	47.4	poly(A) RNA polymerase GLD2 isoform 2 [Homo sapiens]	TRUE	TENT2
XP_019863359.1	NP_001375055.1	0	N/A	28.571	70	21	5.82e-05	47.4	poly(A) RNA polymerase GLD2 isoform 2 [Homo sapiens]	TRUE	TENT2
XP_019863359.1	NP_001375054.1	0	N/A	28.571	70	21	5.82e-05	47.4	poly(A) RNA polymerase GLD2 isoform 2 [Homo sapiens]	TRUE	TENT2
XP_019863359.1	NP_001375053.1	0	N/A	28.571	70	21	5.82e-05	47.4	poly(A) RNA polymerase GLD2 isoform 2 [Homo sapiens]	TRUE	TENT2
XP_019863359.1	NP_001375052.1	0	N/A	28.571	70	21	5.82e-05	47.4	poly(A) RNA polymerase GLD2 isoform 2 [Homo sapiens]	TRUE	TENT2
XP_019863359.1	NP_001375051.1	0	N/A	28.571	70	21	5.82e-05	47.4	poly(A) RNA polymerase GLD2 isoform 2 [Homo sapiens]	TRUE	TENT2
XP_019863359.1	NP_001375050.1	0	N/A	28.571	70	21	5.82e-05	47.4	poly(A) RNA polymerase GLD2 isoform 2 [Homo sapiens]	TRUE	TENT2
XP_019863494.1	NP_001317647.1	0	N/A	31.325	166	71	8.25e-20	89.7	terminal uridylyltransferase 7 isoform 3 [Homo sapiens]	TRUE	Tut7
XP_019863494.1	NP_001172003.1	0	N/A	31.325	166	71	9.01e-20	89.7	terminal uridylyltransferase 7 isoform 2 [Homo sapiens]	TRUE	Tut7
XP_019863494.1	XP_011517318.1	0	N/A	31.325	166	71	1.16e-19	89.7	terminal uridylyltransferase 7 isoform X5 [Homo sapiens]	TRUE	Tut7
XP_019863494.1	XP_016870620.1	0	N/A	31.325	166	71	1.2e-19	89.4	terminal uridylyltransferase 7 isoform X4 [Homo sapiens]	TRUE	Tut7
XP_019863494.1	XP_016870619.1	0	N/A	31.325	166	71	1.2e-19	89.4	terminal uridylyltransferase 7 isoform X4 [Homo sapiens]	TRUE	Tut7
XP_019863494.1	NP_078893.2	0	N/A	31.325	166	71	1.2e-19	89.4	terminal uridylyltransferase 7 isoform 1 [Homo sapiens]	TRUE	Tut7
XP_019863494.1	NP_001171988.1	0	N/A	31.325	166	71	1.2e-19	89.4	terminal uridylyltransferase 7 isoform 1 [Homo sapiens]	TRUE	Tut7
XP_019863494.1	XP_047279825.1	0	N/A	31.325	166	71	1.33e-19	89.4	terminal uridylyltransferase 7 isoform X6 [Homo sapiens]	TRUE	Tut7
XP_019863494.1	XP_047279824.1	0	N/A	31.325	166	71	1.33e-19	89.4	terminal uridylyltransferase 7 isoform X6 [Homo sapiens]	TRUE	Tut7
XP_019863494.1	XP_005252264.1	0	N/A	31.325	166	71	1.33e-19	89.4	terminal uridylyltransferase 7 isoform X6 [Homo sapiens]	TRUE	Tut7
XP_019863494.1	XP_011517317.1	0	N/A	31.325	166	71	1.49e-19	89.4	terminal uridylyltransferase 7 isoform X3 [Homo sapiens]	TRUE	Tut7
XP_019863494.1	XP_005252265.1	0	N/A	31.325	166	71	1.54e-19	89.4	terminal uridylyltransferase 7 isoform X7 [Homo sapiens]	TRUE	Tut7
XP_019863494.1	XP_047279823.1	0	N/A	31.325	166	71	1.77e-19	89	terminal uridylyltransferase 7 isoform X2 [Homo sapiens]	TRUE	Tut7
XP_019863494.1	XP_006717346.1	0	N/A	31.325	166	71	1.77e-19	89	terminal uridylyltransferase 7 isoform X2 [Homo sapiens]	TRUE	Tut7
XP_019863494.1	XP_011517316.1	0	N/A	31.325	166	71	1.89e-19	89	terminal uridylyltransferase 7 isoform X1 [Homo sapiens]	TRUE	Tut7
XP_019863494.1	XP_011517315.1	0	N/A	31.325	166	71	1.89e-19	89	terminal uridylyltransferase 7 isoform X1 [Homo sapiens]	TRUE	Tut7
XP_019863494.1	XP_011517314.1	0	N/A	31.325	166	71	1.89e-19	89	terminal uridylyltransferase 7 isoform X1 [Homo sapiens]	TRUE	Tut7
XP_019863494.1	XP_011517313.1	0	N/A	31.325	166	71	1.89e-19	89	terminal uridylyltransferase 7 isoform X1 [Homo sapiens]	TRUE	Tut7
XP_019863494.1	NP_073741.3	0	N/A	28.936	235	97	3.89e-19	87.8	speckle targeted PIP5K1A-regulated poly(A) polymerase isoform 1 [Homo sapiens]	TRUE	Tut1
XP_019863494.1	NP_060579.3	0	N/A	29.282	181	76	1.6e-17	83.2	poly(A) RNA polymerase, mitochondrial precursor [Homo sapiens]	TRUE	mtPAP
XP_019863494.1	XP_016856292.1	0	N/A	30.723	166	71	2.95e-16	79.7	terminal uridylyltransferase 4 isoform X9 [Homo sapiens]	TRUE	Tut4
XP_019863494.1	XP_047272285.1	0	N/A	30.723	166	71	2.98e-16	79.7	terminal uridylyltransferase 4 isoform X7 [Homo sapiens]	TRUE	Tut4
XP_019863494.1	XP_047272305.1	0	N/A	30.723	166	71	3.03e-16	79.7	terminal uridylyltransferase 4 isoform X17 [Homo sapiens]	TRUE	Tut4
XP_019863494.1	XP_016856297.1	0	N/A	30.723	166	71	3.05e-16	79.7	terminal uridylyltransferase 4 isoform X36 [Homo sapiens]	TRUE	Tut4
XP_019863494.1	XP_047272296.1	0	N/A	30.723	166	71	3.09e-16	79.7	terminal uridylyltransferase 4 isoform X13 [Homo sapiens]	TRUE	Tut4
XP_019863494.1	XP_047272345.1	0	N/A	30.723	166	71	3.14e-16	79.7	terminal uridylyltransferase 4 isoform X31 [Homo sapiens]	TRUE	Tut4
XP_019863494.1	XP_005270739.1	0	N/A	30.723	166	71	3.23e-16	79.3	terminal uridylyltransferase 4 isoform X33 [Homo sapiens]	TRUE	Tut4
XP_019863494.1	XP_047272282.1	0	N/A	30.723	166	71	3.25e-16	79.3	terminal uridylyltransferase 4 isoform X5 [Homo sapiens]	TRUE	Tut4
XP_019863494.1	NP_056084.1	0	N/A	30.723	166	71	3.25e-16	79.3	terminal uridylyltransferase 4 isoform b [Homo sapiens]	TRUE	Tut4
XP_019863494.1	XP_047272288.1	0	N/A	30.723	166	71	3.27e-16	79.3	terminal uridylyltransferase 4 isoform X10 [Homo sapiens]	TRUE	Tut4
XP_019863494.1	XP_047272295.1	0	N/A	30.723	166	71	3.3e-16	79.3	terminal uridylyltransferase 4 isoform X12 [Homo sapiens]	TRUE	Tut4
XP_019863494.1	XP_011539399.1	0	N/A	30.723	166	71	3.31e-16	79.3	terminal uridylyltransferase 4 isoform X1 [Homo sapiens]	TRUE	Tut4
XP_019863494.1	XP_005270733.1	0	N/A	30.723	166	71	3.31e-16	79.3	terminal uridylyltransferase 4 isoform X1 [Homo sapiens]	TRUE	Tut4
XP_019863494.1	XP_047272290.1	0	N/A	30.723	166	71	3.34e-16	79.3	terminal uridylyltransferase 4 isoform X11 [Homo sapiens]	TRUE	Tut4
XP_019863494.1	XP_016856295.1	0	N/A	30.723	166	71	3.39e-16	79.3	terminal uridylyltransferase 4 isoform X25 [Homo sapiens]	TRUE	Tut4
XP_019863494.1	XP_011539401.1	0	N/A	30.723	166	71	3.42e-16	79.3	terminal uridylyltransferase 4 isoform X29 [Homo sapiens]	TRUE	Tut4
XP_019863494.1	XP_047272286.1	0	N/A	30.723	166	71	3.43e-16	79.3	terminal uridylyltransferase 4 isoform X8 [Homo sapiens]	TRUE	Tut4
XP_019863494.1	XP_047272283.1	0	N/A	30.723	166	71	3.44e-16	79.3	terminal uridylyltransferase 4 isoform X6 [Homo sapiens]	TRUE	Tut4
XP_019863494.1	XP_005270737.1	0	N/A	30.723	166	71	3.44e-16	79.3	terminal uridylyltransferase 4 isoform X6 [Homo sapiens]	TRUE	Tut4
XP_019863494.1	XP_047272281.1	0	N/A	30.723	166	71	3.44e-16	79.3	terminal uridylyltransferase 4 isoform X4 [Homo sapiens]	TRUE	Tut4
XP_019863494.1	NP_001009881.1	0	N/A	30.723	166	71	3.44e-16	79.3	terminal uridylyltransferase 4 isoform a [Homo sapiens]	TRUE	Tut4
XP_019863494.1	XP_047272280.1	0	N/A	30.723	166	71	3.44e-16	79.3	terminal uridylyltransferase 4 isoform X3 [Homo sapiens]	TRUE	Tut4
XP_019863494.1	XP_005270736.1	0	N/A	30.723	166	71	3.44e-16	79.3	terminal uridylyltransferase 4 isoform X3 [Homo sapiens]	TRUE	Tut4
XP_019863494.1	XP_047272325.1	0	N/A	30.723	166	71	3.46e-16	79.3	terminal uridylyltransferase 4 isoform X23 [Homo sapiens]	TRUE	Tut4
XP_019863494.1	XP_016856293.1	0	N/A	30.723	166	71	3.46e-16	79.3	terminal uridylyltransferase 4 isoform X16 [Homo sapiens]	TRUE	Tut4
XP_019863494.1	XP_005270735.1	0	N/A	30.723	166	71	3.47e-16	79.3	terminal uridylyltransferase 4 isoform X2 [Homo sapiens]	TRUE	Tut4
XP_019863494.1	XP_047272344.1	0	N/A	30.723	166	71	3.52e-16	79.3	terminal uridylyltransferase 4 isoform X30 [Homo sapiens]	TRUE	Tut4
XP_019863494.1	XP_016856299.1	0	N/A	30.723	166	71	3.54e-16	79.3	terminal uridylyltransferase 4 isoform X40 [Homo sapiens]	TRUE	Tut4
XP_019863494.1	XP_047272337.1	0	N/A	30.723	166	71	3.62e-16	79.3	terminal uridylyltransferase 4 isoform X27 [Homo sapiens]	TRUE	Tut4
XP_019863494.1	XP_047272365.1	0	N/A	30.723	166	71	3.65e-16	79.3	terminal uridylyltransferase 4 isoform X38 [Homo sapiens]	TRUE	Tut4
XP_019863494.1	XP_016856296.1	0	N/A	30.723	166	71	3.69e-16	79.3	terminal uridylyltransferase 4 isoform X28 [Homo sapiens]	TRUE	Tut4
XP_019863494.1	XP_047272350.1	0	N/A	30.723	166	71	3.72e-16	79.3	terminal uridylyltransferase 4 isoform X34 [Homo sapiens]	TRUE	Tut4
XP_019863494.1	XP_047272372.1	0	N/A	30.723	166	71	3.78e-16	79.3	terminal uridylyltransferase 4 isoform X42 [Homo sapiens]	TRUE	Tut4
XP_019863494.1	XP_047272384.1	0	N/A	30.723	166	71	4.53e-16	79	terminal uridylyltransferase 4 isoform X46 [Homo sapiens]	TRUE	Tut4
XP_019863494.1	XP_047272820.1	0	N/A	30.189	159	70	5.79e-11	62.8	poly(A) RNA polymerase GLD2 isoform X11 [Homo sapiens]	TRUE	TENT2
XP_019863494.1	NP_001336477.1	0	N/A	30.189	159	70	1.11e-10	62	poly(A) RNA polymerase GLD2 isoform 4 [Homo sapiens]	TRUE	TENT2
XP_019863494.1	NP_001375065.1	0	N/A	30.189	159	70	1.51e-10	62.4	poly(A) RNA polymerase GLD2 isoform 14 [Homo sapiens]	TRUE	TENT2
XP_019863494.1	XP_047272801.1	0	N/A	30.189	159	70	1.98e-10	62.4	poly(A) RNA polymerase GLD2 isoform X1 [Homo sapiens]	TRUE	TENT2
XP_019863494.1	XP_047272800.1	0	N/A	30.189	159	70	1.98e-10	62.4	poly(A) RNA polymerase GLD2 isoform X1 [Homo sapiens]	TRUE	TENT2
XP_019863494.1	XP_011541527.1	0	N/A	30.189	159	70	1.98e-10	62.4	poly(A) RNA polymerase GLD2 isoform X1 [Homo sapiens]	TRUE	TENT2
XP_019863494.1	XP_011541526.1	0	N/A	30.189	159	70	1.98e-10	62.4	poly(A) RNA polymerase GLD2 isoform X1 [Homo sapiens]	TRUE	TENT2
XP_019863494.1	XP_011541523.1	0	N/A	30.189	159	70	1.98e-10	62.4	poly(A) RNA polymerase GLD2 isoform X1 [Homo sapiens]	TRUE	TENT2
XP_019863494.1	XP_011541522.1	0	N/A	30.189	159	70	1.98e-10	62.4	poly(A) RNA polymerase GLD2 isoform X1 [Homo sapiens]	TRUE	TENT2
XP_019863494.1	NP_001375023.1	0	N/A	30.189	159	70	1.98e-10	62.4	poly(A) RNA polymerase GLD2 isoform 5 [Homo sapiens]	TRUE	TENT2
XP_019863494.1	NP_001375022.1	0	N/A	30.189	159	70	1.98e-10	62.4	poly(A) RNA polymerase GLD2 isoform 5 [Homo sapiens]	TRUE	TENT2
XP_019863494.1	NP_001336479.1	0	N/A	30.189	159	70	1.98e-10	62.4	poly(A) RNA polymerase GLD2 isoform 5 [Homo sapiens]	TRUE	TENT2
XP_019863494.1	NP_001336478.1	0	N/A	30.189	159	70	1.98e-10	62.4	poly(A) RNA polymerase GLD2 isoform 5 [Homo sapiens]	TRUE	TENT2
XP_019863494.1	NP_001375027.1	0	N/A	30.128	156	69	2.03e-10	62.4	poly(A) RNA polymerase GLD2 isoform 7 [Homo sapiens]	TRUE	TENT2
XP_019863494.1	NP_001375059.1	0	N/A	30.189	159	70	2.04e-10	62	poly(A) RNA polymerase GLD2 isoform 10 [Homo sapiens]	TRUE	TENT2
XP_019863494.1	XP_047272811.1	0	N/A	30.189	159	70	2.18e-10	62	poly(A) RNA polymerase GLD2 isoform X4 [Homo sapiens]	TRUE	TENT2
XP_019863494.1	XP_047272810.1	0	N/A	30.189	159	70	2.18e-10	62	poly(A) RNA polymerase GLD2 isoform X4 [Homo sapiens]	TRUE	TENT2
XP_019863494.1	XP_047272809.1	0	N/A	30.189	159	70	2.18e-10	62	poly(A) RNA polymerase GLD2 isoform X4 [Homo sapiens]	TRUE	TENT2
XP_019863494.1	NP_001375058.1	0	N/A	30.189	159	70	2.18e-10	62	poly(A) RNA polymerase GLD2 isoform 2 [Homo sapiens]	TRUE	TENT2
XP_019863494.1	NP_001375057.1	0	N/A	30.189	159	70	2.18e-10	62	poly(A) RNA polymerase GLD2 isoform 2 [Homo sapiens]	TRUE	TENT2
XP_019863494.1	NP_001375056.1	0	N/A	30.189	159	70	2.18e-10	62	poly(A) RNA polymerase GLD2 isoform 2 [Homo sapiens]	TRUE	TENT2
XP_019863494.1	NP_001375055.1	0	N/A	30.189	159	70	2.18e-10	62	poly(A) RNA polymerase GLD2 isoform 2 [Homo sapiens]	TRUE	TENT2
XP_019863494.1	NP_001375054.1	0	N/A	30.189	159	70	2.18e-10	62	poly(A) RNA polymerase GLD2 isoform 2 [Homo sapiens]	TRUE	TENT2
XP_019863494.1	NP_001375053.1	0	N/A	30.189	159	70	2.18e-10	62	poly(A) RNA polymerase GLD2 isoform 2 [Homo sapiens]	TRUE	TENT2
XP_019863494.1	NP_001375052.1	0	N/A	30.189	159	70	2.18e-10	62	poly(A) RNA polymerase GLD2 isoform 2 [Homo sapiens]	TRUE	TENT2
XP_019863494.1	NP_001375051.1	0	N/A	30.189	159	70	2.18e-10	62	poly(A) RNA polymerase GLD2 isoform 2 [Homo sapiens]	TRUE	TENT2
XP_019863494.1	NP_001375050.1	0	N/A	30.189	159	70	2.18e-10	62	poly(A) RNA polymerase GLD2 isoform 2 [Homo sapiens]	TRUE	TENT2
XP_019863494.1	NP_001375049.1	0	N/A	30.189	159	70	2.18e-10	62	poly(A) RNA polymerase GLD2 isoform 2 [Homo sapiens]	TRUE	TENT2
XP_019863494.1	NP_001375048.1	0	N/A	30.189	159	70	2.18e-10	62	poly(A) RNA polymerase GLD2 isoform 2 [Homo sapiens]	TRUE	TENT2
XP_019863494.1	NP_001375047.1	0	N/A	30.189	159	70	2.18e-10	62	poly(A) RNA polymerase GLD2 isoform 2 [Homo sapiens]	TRUE	TENT2
XP_019863494.1	NP_001375046.1	0	N/A	30.189	159	70	2.18e-10	62	poly(A) RNA polymerase GLD2 isoform 2 [Homo sapiens]	TRUE	TENT2
XP_019863494.1	NP_001375045.1	0	N/A	30.189	159	70	2.18e-10	62	poly(A) RNA polymerase GLD2 isoform 2 [Homo sapiens]	TRUE	TENT2
XP_019863494.1	NP_001375044.1	0	N/A	30.189	159	70	2.18e-10	62	poly(A) RNA polymerase GLD2 isoform 2 [Homo sapiens]	TRUE	TENT2
XP_019863494.1	NP_001375043.1	0	N/A	30.189	159	70	2.18e-10	62	poly(A) RNA polymerase GLD2 isoform 2 [Homo sapiens]	TRUE	TENT2
XP_019863494.1	NP_001336483.1	0	N/A	30.189	159	70	2.18e-10	62	poly(A) RNA polymerase GLD2 isoform 2 [Homo sapiens]	TRUE	TENT2
XP_019863494.1	NP_001284673.1	0	N/A	30.189	159	70	2.18e-10	62	poly(A) RNA polymerase GLD2 isoform 2 [Homo sapiens]	TRUE	TENT2
XP_019863494.1	XP_047272805.1	0	N/A	30.128	156	69	2.21e-10	62	poly(A) RNA polymerase GLD2 isoform X2 [Homo sapiens]	TRUE	TENT2
XP_019863494.1	XP_047272804.1	0	N/A	30.128	156	69	2.21e-10	62	poly(A) RNA polymerase GLD2 isoform X2 [Homo sapiens]	TRUE	TENT2
XP_019863494.1	XP_047272803.1	0	N/A	30.128	156	69	2.21e-10	62	poly(A) RNA polymerase GLD2 isoform X2 [Homo sapiens]	TRUE	TENT2
XP_019863494.1	XP_047272802.1	0	N/A	30.128	156	69	2.21e-10	62	poly(A) RNA polymerase GLD2 isoform X2 [Homo sapiens]	TRUE	TENT2
XP_019863494.1	XP_016864641.1	0	N/A	30.128	156	69	2.21e-10	62	poly(A) RNA polymerase GLD2 isoform X2 [Homo sapiens]	TRUE	TENT2
XP_019863494.1	NP_001375026.1	0	N/A	30.128	156	69	2.21e-10	62	poly(A) RNA polymerase GLD2 isoform 6 [Homo sapiens]	TRUE	TENT2
XP_019863494.1	NP_001375025.1	0	N/A	30.128	156	69	2.21e-10	62	poly(A) RNA polymerase GLD2 isoform 6 [Homo sapiens]	TRUE	TENT2
XP_019863494.1	NP_001375024.1	0	N/A	30.128	156	69	2.21e-10	62	poly(A) RNA polymerase GLD2 isoform 6 [Homo sapiens]	TRUE	TENT2
XP_019863494.1	NP_001336480.1	0	N/A	30.128	156	69	2.21e-10	62	poly(A) RNA polymerase GLD2 isoform 6 [Homo sapiens]	TRUE	TENT2
XP_019863494.1	XP_047272808.1	0	N/A	30.189	159	70	2.21e-10	62	poly(A) RNA polymerase GLD2 isoform X3 [Homo sapiens]	TRUE	TENT2
XP_020519568.1	XP_047290433.1	0	N/A	30.145	345	22	6.02e-36	146	terminal nucleotidyltransferase 4B isoform X6 [Homo sapiens]	TRUE	TENT4B
XP_020519568.1	XP_011521580.1	0	N/A	30	350	22	1.55e-35	145	terminal nucleotidyltransferase 4B isoform X5 [Homo sapiens]	TRUE	TENT4B
XP_020519568.1	NP_001035375.2	0	N/A	30	350	22	2.42e-35	147	terminal nucleotidyltransferase 4B isoform b [Homo sapiens]	TRUE	TENT4B
XP_020519568.1	XP_011521578.1	0	N/A	30	350	22	2.44e-35	147	terminal nucleotidyltransferase 4B isoform X2 [Homo sapiens]	TRUE	TENT4B
XP_020519568.1	XP_047290432.1	0	N/A	30	350	22	3.75e-35	146	terminal nucleotidyltransferase 4B isoform X4 [Homo sapiens]	TRUE	TENT4B
XP_020519568.1	NP_001035374.2	0	N/A	30	350	22	4.08e-35	147	terminal nucleotidyltransferase 4B isoform a [Homo sapiens]	TRUE	TENT4B
XP_020519568.1	XP_011521577.1	0	N/A	30	350	22	4.11e-35	147	terminal nucleotidyltransferase 4B isoform X1 [Homo sapiens]	TRUE	TENT4B
XP_020519568.1	XP_047290431.1	0	N/A	30	350	22	4.72e-35	146	terminal nucleotidyltransferase 4B isoform X3 [Homo sapiens]	TRUE	TENT4B
XP_020519568.1	NP_001352252.1	0	N/A	30	350	22	7.33e-35	146	terminal nucleotidyltransferase 4B isoform c [Homo sapiens]	TRUE	TENT4B
XP_020519568.1	NP_001352253.1	0	N/A	30	350	22	7.54e-35	146	terminal nucleotidyltransferase 4B isoform d [Homo sapiens]	TRUE	TENT4B
XP_020519568.1	NP_001165276.2	0	N/A	29.577	355	22	1.36e-32	139	terminal nucleotidyltransferase 4A isoform 2 [Homo sapiens]	TRUE	TENT4A
XP_020519568.1	NP_008930.2	0	N/A	29.577	355	22	1.36e-32	139	terminal nucleotidyltransferase 4A isoform 1 [Homo sapiens]	TRUE	TENT4A
XP_020519568.1	XP_047272623.1	0	N/A	29.63	324	21	4.13e-32	135	terminal nucleotidyltransferase 4A isoform X2 [Homo sapiens]	TRUE	TENT4A
XP_020519568.1	XP_016864477.1	0	N/A	29.63	324	21	4.13e-32	135	terminal nucleotidyltransferase 4A isoform X2 [Homo sapiens]	TRUE	TENT4A
XP_020519568.1	XP_047272624.1	0	N/A	29.63	324	21	4.16e-32	135	terminal nucleotidyltransferase 4A isoform X3 [Homo sapiens]	TRUE	TENT4A
XP_020519568.1	XP_047272622.1	0	N/A	29.755	326	21	5.09e-32	135	terminal nucleotidyltransferase 4A isoform X1 [Homo sapiens]	TRUE	TENT4A
XP_020519568.1	XP_047272621.1	0	N/A	29.755	326	21	5.09e-32	135	terminal nucleotidyltransferase 4A isoform X1 [Homo sapiens]	TRUE	TENT4A
XP_020519568.1	XP_047272620.1	0	N/A	29.755	326	21	5.09e-32	135	terminal nucleotidyltransferase 4A isoform X1 [Homo sapiens]	TRUE	TENT4A
XP_020519568.1	XP_047272348.1	0	N/A	20.05	399	25	0.000534	47.8	terminal uridylyltransferase 4 isoform X32 [Homo sapiens]	TRUE	Tut4
XP_020519568.1	XP_047272344.1	0	N/A	20	400	25	0.000534	47.8	terminal uridylyltransferase 4 isoform X30 [Homo sapiens]	TRUE	Tut4
XP_020519568.1	XP_047272350.1	0	N/A	20	400	25	0.000543	47.4	terminal uridylyltransferase 4 isoform X34 [Homo sapiens]	TRUE	Tut4
XP_020519568.1	XP_016856296.1	0	N/A	20	400	25	0.000544	47.4	terminal uridylyltransferase 4 isoform X28 [Homo sapiens]	TRUE	Tut4
XP_020519568.1	XP_047272362.1	0	N/A	20.05	399	25	0.000547	47.4	terminal uridylyltransferase 4 isoform X37 [Homo sapiens]	TRUE	Tut4
XP_020519568.1	XP_047272354.1	0	N/A	20.05	399	25	0.000561	47.4	terminal uridylyltransferase 4 isoform X35 [Homo sapiens]	TRUE	Tut4
XP_020519568.1	XP_047272337.1	0	N/A	20	400	25	0.000568	47.4	terminal uridylyltransferase 4 isoform X27 [Homo sapiens]	TRUE	Tut4
XP_020519568.1	XP_047272367.1	0	N/A	19.849	398	25	0.000575	47.4	terminal uridylyltransferase 4 isoform X39 [Homo sapiens]	TRUE	Tut4
XP_020519568.1	XP_016856295.1	0	N/A	20	400	25	0.000628	47.4	terminal uridylyltransferase 4 isoform X25 [Homo sapiens]	TRUE	Tut4
XP_020519568.1	XP_047272325.1	0	N/A	20	400	25	0.00065	47.4	terminal uridylyltransferase 4 isoform X23 [Homo sapiens]	TRUE	Tut4
XP_020519568.1	XP_047272305.1	0	N/A	21.264	348	23	0.002	45.8	terminal uridylyltransferase 4 isoform X17 [Homo sapiens]	TRUE	Tut4
XP_020519568.1	XP_047272290.1	0	N/A	21.49	349	23	0.002	45.8	terminal uridylyltransferase 4 isoform X11 [Homo sapiens]	TRUE	Tut4
XP_020519568.1	XP_016856294.1	0	N/A	21.264	348	23	0.002	45.8	terminal uridylyltransferase 4 isoform X20 [Homo sapiens]	TRUE	Tut4
XP_020519568.1	XP_047272286.1	0	N/A	21.49	349	23	0.002	45.8	terminal uridylyltransferase 4 isoform X8 [Homo sapiens]	TRUE	Tut4
XP_020519568.1	XP_047272303.1	0	N/A	21.49	349	23	0.002	45.8	terminal uridylyltransferase 4 isoform X15 [Homo sapiens]	TRUE	Tut4
XP_020519568.1	XP_047272280.1	0	N/A	21.49	349	23	0.002	45.8	terminal uridylyltransferase 4 isoform X3 [Homo sapiens]	TRUE	Tut4
XP_020519568.1	XP_005270736.1	0	N/A	21.49	349	23	0.002	45.8	terminal uridylyltransferase 4 isoform X3 [Homo sapiens]	TRUE	Tut4
XP_020519568.1	XP_047272307.1	0	N/A	21.264	348	23	0.002	45.8	terminal uridylyltransferase 4 isoform X19 [Homo sapiens]	TRUE	Tut4
XP_020519568.1	XP_005270738.1	0	N/A	21.49	349	23	0.002	45.8	terminal uridylyltransferase 4 isoform X14 [Homo sapiens]	TRUE	Tut4
XP_020519568.1	XP_047272306.1	0	N/A	21.49	349	23	0.002	45.8	terminal uridylyltransferase 4 isoform X18 [Homo sapiens]	TRUE	Tut4
XP_020519568.1	XP_047272296.1	0	N/A	21.264	348	23	0.002	45.8	terminal uridylyltransferase 4 isoform X13 [Homo sapiens]	TRUE	Tut4
XP_020519568.1	XP_047272295.1	0	N/A	21.264	348	23	0.002	45.8	terminal uridylyltransferase 4 isoform X12 [Homo sapiens]	TRUE	Tut4
XP_020519568.1	XP_047272282.1	0	N/A	21.264	348	23	0.002	45.8	terminal uridylyltransferase 4 isoform X5 [Homo sapiens]	TRUE	Tut4
XP_020519568.1	NP_056084.1	0	N/A	21.264	348	23	0.002	45.8	terminal uridylyltransferase 4 isoform b [Homo sapiens]	TRUE	Tut4
XP_020519568.1	XP_047272281.1	0	N/A	21.264	348	23	0.002	45.4	terminal uridylyltransferase 4 isoform X4 [Homo sapiens]	TRUE	Tut4
XP_020519568.1	NP_001009881.1	0	N/A	21.264	348	23	0.002	45.4	terminal uridylyltransferase 4 isoform a [Homo sapiens]	TRUE	Tut4
XP_020519568.1	XP_011539399.1	0	N/A	21.49	349	23	0.002	45.4	terminal uridylyltransferase 4 isoform X1 [Homo sapiens]	TRUE	Tut4
XP_020519568.1	XP_005270733.1	0	N/A	21.49	349	23	0.002	45.4	terminal uridylyltransferase 4 isoform X1 [Homo sapiens]	TRUE	Tut4
XP_020519568.1	XP_005270735.1	0	N/A	21.49	349	23	0.002	45.4	terminal uridylyltransferase 4 isoform X2 [Homo sapiens]	TRUE	Tut4
XP_020519568.1	XP_047272283.1	0	N/A	21.264	348	23	0.002	45.4	terminal uridylyltransferase 4 isoform X6 [Homo sapiens]	TRUE	Tut4
XP_020519568.1	XP_005270737.1	0	N/A	21.264	348	23	0.002	45.4	terminal uridylyltransferase 4 isoform X6 [Homo sapiens]	TRUE	Tut4
XP_020528507.1	XP_011517316.1	0	N/A	22.327	318	46	2.49e-15	82.8	terminal uridylyltransferase 7 isoform X1 [Homo sapiens]	TRUE	Tut7
XP_020528507.1	XP_011517315.1	0	N/A	22.327	318	46	2.49e-15	82.8	terminal uridylyltransferase 7 isoform X1 [Homo sapiens]	TRUE	Tut7
XP_020528507.1	XP_011517314.1	0	N/A	22.327	318	46	2.49e-15	82.8	terminal uridylyltransferase 7 isoform X1 [Homo sapiens]	TRUE	Tut7
XP_020528507.1	XP_011517313.1	0	N/A	22.327	318	46	2.49e-15	82.8	terminal uridylyltransferase 7 isoform X1 [Homo sapiens]	TRUE	Tut7
XP_020528507.1	XP_011517317.1	0	N/A	22.327	318	46	2.73e-15	82.8	terminal uridylyltransferase 7 isoform X3 [Homo sapiens]	TRUE	Tut7
XP_020528507.1	XP_005252265.1	0	N/A	22.327	318	46	3.12e-15	82.4	terminal uridylyltransferase 7 isoform X7 [Homo sapiens]	TRUE	Tut7
XP_020528507.1	XP_047279823.1	0	N/A	22.327	318	46	3.19e-15	82.4	terminal uridylyltransferase 7 isoform X2 [Homo sapiens]	TRUE	Tut7
XP_020528507.1	XP_006717346.1	0	N/A	22.327	318	46	3.19e-15	82.4	terminal uridylyltransferase 7 isoform X2 [Homo sapiens]	TRUE	Tut7
XP_020528507.1	XP_011517318.1	0	N/A	22.327	318	46	3.95e-15	82	terminal uridylyltransferase 7 isoform X5 [Homo sapiens]	TRUE	Tut7
XP_020528507.1	XP_047279825.1	0	N/A	22.327	318	46	4.26e-15	82	terminal uridylyltransferase 7 isoform X6 [Homo sapiens]	TRUE	Tut7
XP_020528507.1	XP_047279824.1	0	N/A	22.327	318	46	4.26e-15	82	terminal uridylyltransferase 7 isoform X6 [Homo sapiens]	TRUE	Tut7
XP_020528507.1	XP_005252264.1	0	N/A	22.327	318	46	4.26e-15	82	terminal uridylyltransferase 7 isoform X6 [Homo sapiens]	TRUE	Tut7
XP_020528507.1	XP_016870620.1	0	N/A	22.327	318	46	4.5e-15	82	terminal uridylyltransferase 7 isoform X4 [Homo sapiens]	TRUE	Tut7
XP_020528507.1	XP_016870619.1	0	N/A	22.327	318	46	4.5e-15	82	terminal uridylyltransferase 7 isoform X4 [Homo sapiens]	TRUE	Tut7
XP_020528507.1	NP_078893.2	0	N/A	22.327	318	46	4.5e-15	82	terminal uridylyltransferase 7 isoform 1 [Homo sapiens]	TRUE	Tut7
XP_020528507.1	NP_001171988.1	0	N/A	22.327	318	46	4.5e-15	82	terminal uridylyltransferase 7 isoform 1 [Homo sapiens]	TRUE	Tut7
XP_020528507.1	XP_047272384.1	0	N/A	26.316	266	38	6.3e-15	81.3	terminal uridylyltransferase 4 isoform X46 [Homo sapiens]	TRUE	Tut4
XP_020528507.1	NP_001375060.1	0	N/A	30.38	158	24	7.63e-15	79.7	poly(A) RNA polymerase GLD2 isoform 11 [Homo sapiens]	TRUE	TENT2
XP_020528507.1	XP_047272820.1	0	N/A	34.694	98	15	7.82e-15	77.4	poly(A) RNA polymerase GLD2 isoform X11 [Homo sapiens]	TRUE	TENT2
XP_020528507.1	NP_001375029.1	0	N/A	30.38	158	24	8.94e-15	80.1	poly(A) RNA polymerase GLD2 isoform 8 [Homo sapiens]	TRUE	TENT2
XP_020528507.1	NP_001375028.1	0	N/A	30.38	158	24	8.94e-15	80.1	poly(A) RNA polymerase GLD2 isoform 8 [Homo sapiens]	TRUE	TENT2
XP_020528507.1	NP_001375042.1	0	N/A	30.38	158	24	9.79e-15	79.7	poly(A) RNA polymerase GLD2 isoform 16 [Homo sapiens]	TRUE	TENT2
XP_020528507.1	XP_047272808.1	0	N/A	30.38	158	24	9.91e-15	79.7	poly(A) RNA polymerase GLD2 isoform X3 [Homo sapiens]	TRUE	TENT2
XP_020528507.1	XP_047272807.1	0	N/A	30.38	158	24	9.91e-15	79.7	poly(A) RNA polymerase GLD2 isoform X3 [Homo sapiens]	TRUE	TENT2
XP_020528507.1	XP_047272806.1	0	N/A	30.38	158	24	9.91e-15	79.7	poly(A) RNA polymerase GLD2 isoform X3 [Homo sapiens]	TRUE	TENT2
XP_020528507.1	NP_776158.2	0	N/A	30.38	158	24	9.91e-15	79.7	poly(A) RNA polymerase GLD2 isoform 1 [Homo sapiens]	TRUE	TENT2
XP_020528507.1	NP_001375041.1	0	N/A	30.38	158	24	9.91e-15	79.7	poly(A) RNA polymerase GLD2 isoform 1 [Homo sapiens]	TRUE	TENT2
XP_020528507.1	NP_001375040.1	0	N/A	30.38	158	24	9.91e-15	79.7	poly(A) RNA polymerase GLD2 isoform 1 [Homo sapiens]	TRUE	TENT2
XP_020528507.1	NP_001375039.1	0	N/A	30.38	158	24	9.91e-15	79.7	poly(A) RNA polymerase GLD2 isoform 1 [Homo sapiens]	TRUE	TENT2
XP_020528507.1	NP_001375038.1	0	N/A	30.38	158	24	9.91e-15	79.7	poly(A) RNA polymerase GLD2 isoform 1 [Homo sapiens]	TRUE	TENT2
XP_020528507.1	NP_001375037.1	0	N/A	30.38	158	24	9.91e-15	79.7	poly(A) RNA polymerase GLD2 isoform 1 [Homo sapiens]	TRUE	TENT2
XP_020528507.1	NP_001375036.1	0	N/A	30.38	158	24	9.91e-15	79.7	poly(A) RNA polymerase GLD2 isoform 1 [Homo sapiens]	TRUE	TENT2
XP_020528507.1	NP_001375035.1	0	N/A	30.38	158	24	9.91e-15	79.7	poly(A) RNA polymerase GLD2 isoform 1 [Homo sapiens]	TRUE	TENT2
XP_020528507.1	NP_001375034.1	0	N/A	30.38	158	24	9.91e-15	79.7	poly(A) RNA polymerase GLD2 isoform 1 [Homo sapiens]	TRUE	TENT2
XP_020528507.1	NP_001375032.1	0	N/A	30.38	158	24	9.91e-15	79.7	poly(A) RNA polymerase GLD2 isoform 1 [Homo sapiens]	TRUE	TENT2
XP_020528507.1	NP_001375031.1	0	N/A	30.38	158	24	9.91e-15	79.7	poly(A) RNA polymerase GLD2 isoform 1 [Homo sapiens]	TRUE	TENT2
XP_020528507.1	NP_001336482.1	0	N/A	30.38	158	24	9.91e-15	79.7	poly(A) RNA polymerase GLD2 isoform 1 [Homo sapiens]	TRUE	TENT2
XP_020528507.1	NP_001336481.1	0	N/A	30.38	158	24	9.91e-15	79.7	poly(A) RNA polymerase GLD2 isoform 1 [Homo sapiens]	TRUE	TENT2
XP_020528507.1	NP_001107866.1	0	N/A	30.38	158	24	9.91e-15	79.7	poly(A) RNA polymerase GLD2 isoform 1 [Homo sapiens]	TRUE	TENT2
XP_020528507.1	NP_001107865.1	0	N/A	30.38	158	24	9.91e-15	79.7	poly(A) RNA polymerase GLD2 isoform 1 [Homo sapiens]	TRUE	TENT2
XP_020528507.1	NP_001317647.1	0	N/A	22.327	318	46	1.11e-14	80.5	terminal uridylyltransferase 7 isoform 3 [Homo sapiens]	TRUE	Tut7
XP_020528507.1	NP_001336477.1	0	N/A	34.694	98	15	1.63e-14	76.6	poly(A) RNA polymerase GLD2 isoform 4 [Homo sapiens]	TRUE	TENT2
XP_020528507.1	NP_001375061.1	0	N/A	31.013	158	24	3.18e-14	77.8	poly(A) RNA polymerase GLD2 isoform 12 [Homo sapiens]	TRUE	TENT2
XP_020528507.1	XP_016856295.1	0	N/A	26.316	266	38	3.83e-14	79	terminal uridylyltransferase 4 isoform X25 [Homo sapiens]	TRUE	Tut4
XP_020528507.1	XP_047272325.1	0	N/A	26.316	266	38	3.87e-14	79	terminal uridylyltransferase 4 isoform X23 [Homo sapiens]	TRUE	Tut4
XP_020528507.1	XP_047272344.1	0	N/A	26.316	266	38	3.92e-14	79	terminal uridylyltransferase 4 isoform X30 [Homo sapiens]	TRUE	Tut4
XP_020528507.1	NP_001375059.1	0	N/A	31.013	158	24	4e-14	77.8	poly(A) RNA polymerase GLD2 isoform 10 [Homo sapiens]	TRUE	TENT2
XP_020528507.1	NP_001375030.1	0	N/A	31.013	158	24	4.08e-14	77.8	poly(A) RNA polymerase GLD2 isoform 9 [Homo sapiens]	TRUE	TENT2
XP_020528507.1	XP_047272345.1	0	N/A	26.316	266	38	4.27e-14	79	terminal uridylyltransferase 4 isoform X31 [Homo sapiens]	TRUE	Tut4
XP_020528507.1	XP_047272811.1	0	N/A	31.013	158	24	4.38e-14	77.8	poly(A) RNA polymerase GLD2 isoform X4 [Homo sapiens]	TRUE	TENT2
XP_020528507.1	XP_047272810.1	0	N/A	31.013	158	24	4.38e-14	77.8	poly(A) RNA polymerase GLD2 isoform X4 [Homo sapiens]	TRUE	TENT2
XP_020528507.1	XP_047272809.1	0	N/A	31.013	158	24	4.38e-14	77.8	poly(A) RNA polymerase GLD2 isoform X4 [Homo sapiens]	TRUE	TENT2
XP_020528507.1	NP_001375058.1	0	N/A	31.013	158	24	4.38e-14	77.8	poly(A) RNA polymerase GLD2 isoform 2 [Homo sapiens]	TRUE	TENT2
XP_020528507.1	NP_001375057.1	0	N/A	31.013	158	24	4.38e-14	77.8	poly(A) RNA polymerase GLD2 isoform 2 [Homo sapiens]	TRUE	TENT2
XP_020528507.1	NP_001375056.1	0	N/A	31.013	158	24	4.38e-14	77.8	poly(A) RNA polymerase GLD2 isoform 2 [Homo sapiens]	TRUE	TENT2
XP_020528507.1	NP_001375055.1	0	N/A	31.013	158	24	4.38e-14	77.8	poly(A) RNA polymerase GLD2 isoform 2 [Homo sapiens]	TRUE	TENT2
XP_020528507.1	NP_001375054.1	0	N/A	31.013	158	24	4.38e-14	77.8	poly(A) RNA polymerase GLD2 isoform 2 [Homo sapiens]	TRUE	TENT2
XP_020528507.1	NP_001375053.1	0	N/A	31.013	158	24	4.38e-14	77.8	poly(A) RNA polymerase GLD2 isoform 2 [Homo sapiens]	TRUE	TENT2
XP_020528507.1	NP_001375052.1	0	N/A	31.013	158	24	4.38e-14	77.8	poly(A) RNA polymerase GLD2 isoform 2 [Homo sapiens]	TRUE	TENT2
XP_020528507.1	NP_001375051.1	0	N/A	31.013	158	24	4.38e-14	77.8	poly(A) RNA polymerase GLD2 isoform 2 [Homo sapiens]	TRUE	TENT2
XP_020528507.1	NP_001375050.1	0	N/A	31.013	158	24	4.38e-14	77.8	poly(A) RNA polymerase GLD2 isoform 2 [Homo sapiens]	TRUE	TENT2
XP_020528507.1	NP_001375049.1	0	N/A	31.013	158	24	4.38e-14	77.8	poly(A) RNA polymerase GLD2 isoform 2 [Homo sapiens]	TRUE	TENT2
XP_020528507.1	NP_001375048.1	0	N/A	31.013	158	24	4.38e-14	77.8	poly(A) RNA polymerase GLD2 isoform 2 [Homo sapiens]	TRUE	TENT2
XP_020528507.1	NP_001375047.1	0	N/A	31.013	158	24	4.38e-14	77.8	poly(A) RNA polymerase GLD2 isoform 2 [Homo sapiens]	TRUE	TENT2
XP_020528507.1	NP_001375046.1	0	N/A	31.013	158	24	4.38e-14	77.8	poly(A) RNA polymerase GLD2 isoform 2 [Homo sapiens]	TRUE	TENT2
XP_020528507.1	NP_001375045.1	0	N/A	31.013	158	24	4.38e-14	77.8	poly(A) RNA polymerase GLD2 isoform 2 [Homo sapiens]	TRUE	TENT2
XP_020528507.1	NP_001375044.1	0	N/A	31.013	158	24	4.38e-14	77.8	poly(A) RNA polymerase GLD2 isoform 2 [Homo sapiens]	TRUE	TENT2
XP_020528507.1	NP_001375043.1	0	N/A	31.013	158	24	4.38e-14	77.8	poly(A) RNA polymerase GLD2 isoform 2 [Homo sapiens]	TRUE	TENT2
XP_020528507.1	NP_001336483.1	0	N/A	31.013	158	24	4.38e-14	77.8	poly(A) RNA polymerase GLD2 isoform 2 [Homo sapiens]	TRUE	TENT2
XP_020528507.1	NP_001284673.1	0	N/A	31.013	158	24	4.38e-14	77.8	poly(A) RNA polymerase GLD2 isoform 2 [Homo sapiens]	TRUE	TENT2
XP_020528507.1	XP_011539401.1	0	N/A	26.316	266	38	4.5e-14	79	terminal uridylyltransferase 4 isoform X29 [Homo sapiens]	TRUE	Tut4
XP_020528507.1	XP_016856297.1	0	N/A	26.316	266	38	4.72e-14	78.6	terminal uridylyltransferase 4 isoform X36 [Homo sapiens]	TRUE	Tut4
XP_020528507.1	XP_005270739.1	0	N/A	26.316	266	38	5.06e-14	78.6	terminal uridylyltransferase 4 isoform X33 [Homo sapiens]	TRUE	Tut4
XP_020528507.1	XP_047272350.1	0	N/A	26.316	266	38	5.15e-14	78.6	terminal uridylyltransferase 4 isoform X34 [Homo sapiens]	TRUE	Tut4
XP_020528507.1	NP_001375065.1	0	N/A	31.013	158	24	5.26e-14	76.6	poly(A) RNA polymerase GLD2 isoform 14 [Homo sapiens]	TRUE	TENT2
XP_020528507.1	XP_047272372.1	0	N/A	26.316	266	38	5.34e-14	78.6	terminal uridylyltransferase 4 isoform X42 [Homo sapiens]	TRUE	Tut4
XP_020528507.1	XP_016856296.1	0	N/A	26.316	266	38	5.44e-14	78.6	terminal uridylyltransferase 4 isoform X28 [Homo sapiens]	TRUE	Tut4
XP_020528507.1	XP_047272337.1	0	N/A	26.316	266	38	5.69e-14	78.6	terminal uridylyltransferase 4 isoform X27 [Homo sapiens]	TRUE	Tut4
XP_020528507.1	XP_047272290.1	0	N/A	26.316	266	38	5.83e-14	78.6	terminal uridylyltransferase 4 isoform X11 [Homo sapiens]	TRUE	Tut4
XP_020528507.1	XP_047272286.1	0	N/A	26.316	266	38	5.83e-14	78.6	terminal uridylyltransferase 4 isoform X8 [Homo sapiens]	TRUE	Tut4
XP_020528507.1	XP_011539399.1	0	N/A	26.316	266	38	5.85e-14	78.6	terminal uridylyltransferase 4 isoform X1 [Homo sapiens]	TRUE	Tut4
XP_020528507.1	XP_005270733.1	0	N/A	26.316	266	38	5.85e-14	78.6	terminal uridylyltransferase 4 isoform X1 [Homo sapiens]	TRUE	Tut4
XP_020528507.1	XP_005270735.1	0	N/A	26.316	266	38	5.95e-14	78.6	terminal uridylyltransferase 4 isoform X2 [Homo sapiens]	TRUE	Tut4
XP_020528507.1	XP_047272280.1	0	N/A	26.316	266	38	6.05e-14	78.6	terminal uridylyltransferase 4 isoform X3 [Homo sapiens]	TRUE	Tut4
XP_020528507.1	XP_005270736.1	0	N/A	26.316	266	38	6.05e-14	78.6	terminal uridylyltransferase 4 isoform X3 [Homo sapiens]	TRUE	Tut4
XP_020528507.1	XP_016856292.1	0	N/A	26.316	266	38	6.19e-14	78.2	terminal uridylyltransferase 4 isoform X9 [Homo sapiens]	TRUE	Tut4
XP_020528507.1	XP_047272285.1	0	N/A	26.316	266	38	6.24e-14	78.2	terminal uridylyltransferase 4 isoform X7 [Homo sapiens]	TRUE	Tut4
XP_020528507.1	XP_047272365.1	0	N/A	26.316	266	38	6.59e-14	78.2	terminal uridylyltransferase 4 isoform X38 [Homo sapiens]	TRUE	Tut4
XP_020528507.1	XP_016856299.1	0	N/A	26.316	266	38	6.7e-14	78.2	terminal uridylyltransferase 4 isoform X40 [Homo sapiens]	TRUE	Tut4
XP_020528507.1	XP_047272296.1	0	N/A	26.316	266	38	7.21e-14	78.2	terminal uridylyltransferase 4 isoform X13 [Homo sapiens]	TRUE	Tut4
XP_020528507.1	XP_047272281.1	0	N/A	26.316	266	38	7.43e-14	78.2	terminal uridylyltransferase 4 isoform X4 [Homo sapiens]	TRUE	Tut4
XP_020528507.1	NP_001009881.1	0	N/A	26.316	266	38	7.43e-14	78.2	terminal uridylyltransferase 4 isoform a [Homo sapiens]	TRUE	Tut4
XP_020528507.1	XP_047272282.1	0	N/A	26.316	266	38	7.56e-14	78.2	terminal uridylyltransferase 4 isoform X5 [Homo sapiens]	TRUE	Tut4
XP_020528507.1	NP_056084.1	0	N/A	26.316	266	38	7.56e-14	78.2	terminal uridylyltransferase 4 isoform b [Homo sapiens]	TRUE	Tut4
XP_020528507.1	XP_047272295.1	0	N/A	26.316	266	38	7.6e-14	78.2	terminal uridylyltransferase 4 isoform X12 [Homo sapiens]	TRUE	Tut4
XP_020528507.1	NP_001375027.1	0	N/A	34.694	98	15	7.78e-14	77	poly(A) RNA polymerase GLD2 isoform 7 [Homo sapiens]	TRUE	TENT2
XP_020528507.1	XP_016856293.1	0	N/A	26.316	266	38	7.79e-14	78.2	terminal uridylyltransferase 4 isoform X16 [Homo sapiens]	TRUE	Tut4
XP_020528507.1	XP_047272305.1	0	N/A	26.316	266	38	7.92e-14	78.2	terminal uridylyltransferase 4 isoform X17 [Homo sapiens]	TRUE	Tut4
XP_020528507.1	XP_047272288.1	0	N/A	26.316	266	38	8.07e-14	77.8	terminal uridylyltransferase 4 isoform X10 [Homo sapiens]	TRUE	Tut4
XP_020528507.1	XP_047272805.1	0	N/A	34.694	98	15	8.22e-14	77	poly(A) RNA polymerase GLD2 isoform X2 [Homo sapiens]	TRUE	TENT2
XP_024329166.1	XP_047272288.1	0	N/A	28.03	264	53	2.17e-23	106	terminal uridylyltransferase 4 isoform X10 [Homo sapiens]	TRUE	Tut4
XP_024329166.1	XP_016856293.1	0	N/A	28.03	264	53	2.19e-23	106	terminal uridylyltransferase 4 isoform X16 [Homo sapiens]	TRUE	Tut4
XP_024329166.1	XP_016856297.1	0	N/A	28.03	264	53	2.24e-23	106	terminal uridylyltransferase 4 isoform X36 [Homo sapiens]	TRUE	Tut4
XP_024329166.1	XP_005270735.1	0	N/A	28.03	264	53	2.35e-23	106	terminal uridylyltransferase 4 isoform X2 [Homo sapiens]	TRUE	Tut4
XP_024329166.1	XP_047272365.1	0	N/A	28.03	264	53	2.37e-23	106	terminal uridylyltransferase 4 isoform X38 [Homo sapiens]	TRUE	Tut4
XP_024329166.1	XP_047272283.1	0	N/A	28.03	264	53	2.37e-23	106	terminal uridylyltransferase 4 isoform X6 [Homo sapiens]	TRUE	Tut4
XP_024329166.1	XP_005270737.1	0	N/A	28.03	264	53	2.37e-23	106	terminal uridylyltransferase 4 isoform X6 [Homo sapiens]	TRUE	Tut4
XP_024329166.1	XP_016856292.1	0	N/A	28.03	264	53	2.38e-23	106	terminal uridylyltransferase 4 isoform X9 [Homo sapiens]	TRUE	Tut4
XP_024329166.1	XP_016856299.1	0	N/A	28.03	264	53	2.43e-23	106	terminal uridylyltransferase 4 isoform X40 [Homo sapiens]	TRUE	Tut4
XP_024329166.1	XP_047272282.1	0	N/A	28.03	264	53	2.43e-23	106	terminal uridylyltransferase 4 isoform X5 [Homo sapiens]	TRUE	Tut4
XP_024329166.1	NP_056084.1	0	N/A	28.03	264	53	2.43e-23	106	terminal uridylyltransferase 4 isoform b [Homo sapiens]	TRUE	Tut4
XP_024329166.1	XP_011539399.1	0	N/A	28.03	264	53	2.44e-23	106	terminal uridylyltransferase 4 isoform X1 [Homo sapiens]	TRUE	Tut4
XP_024329166.1	XP_005270733.1	0	N/A	28.03	264	53	2.44e-23	106	terminal uridylyltransferase 4 isoform X1 [Homo sapiens]	TRUE	Tut4
XP_024329166.1	XP_047272280.1	0	N/A	28.03	264	53	2.46e-23	106	terminal uridylyltransferase 4 isoform X3 [Homo sapiens]	TRUE	Tut4
XP_024329166.1	XP_005270736.1	0	N/A	28.03	264	53	2.46e-23	106	terminal uridylyltransferase 4 isoform X3 [Homo sapiens]	TRUE	Tut4
XP_024329166.1	XP_047272281.1	0	N/A	28.03	264	53	2.48e-23	106	terminal uridylyltransferase 4 isoform X4 [Homo sapiens]	TRUE	Tut4
XP_024329166.1	NP_001009881.1	0	N/A	28.03	264	53	2.48e-23	106	terminal uridylyltransferase 4 isoform a [Homo sapiens]	TRUE	Tut4
XP_024329166.1	XP_011539401.1	0	N/A	28.03	264	53	2.48e-23	106	terminal uridylyltransferase 4 isoform X29 [Homo sapiens]	TRUE	Tut4
XP_024329166.1	XP_047272337.1	0	N/A	28.03	264	53	2.54e-23	106	terminal uridylyltransferase 4 isoform X27 [Homo sapiens]	TRUE	Tut4
XP_024329166.1	XP_047272325.1	0	N/A	28.03	264	53	2.54e-23	106	terminal uridylyltransferase 4 isoform X23 [Homo sapiens]	TRUE	Tut4
XP_024329166.1	XP_047272285.1	0	N/A	28.03	264	53	2.56e-23	106	terminal uridylyltransferase 4 isoform X7 [Homo sapiens]	TRUE	Tut4
XP_024329166.1	XP_047272345.1	0	N/A	28.03	264	53	2.57e-23	106	terminal uridylyltransferase 4 isoform X31 [Homo sapiens]	TRUE	Tut4
XP_024329166.1	XP_016856295.1	0	N/A	28.03	264	53	2.59e-23	106	terminal uridylyltransferase 4 isoform X25 [Homo sapiens]	TRUE	Tut4
XP_024329166.1	XP_016856296.1	0	N/A	28.03	264	53	2.61e-23	106	terminal uridylyltransferase 4 isoform X28 [Homo sapiens]	TRUE	Tut4
XP_024329166.1	XP_005270739.1	0	N/A	28.03	264	53	2.64e-23	106	terminal uridylyltransferase 4 isoform X33 [Homo sapiens]	TRUE	Tut4
XP_024329166.1	XP_047272384.1	0	N/A	28.03	264	53	3.36e-23	105	terminal uridylyltransferase 4 isoform X46 [Homo sapiens]	TRUE	Tut4
XP_024329166.1	XP_047272286.1	0	N/A	28.899	218	45	3.53e-22	102	terminal uridylyltransferase 4 isoform X8 [Homo sapiens]	TRUE	Tut4
XP_024329166.1	XP_047272372.1	0	N/A	28.899	218	45	3.68e-22	102	terminal uridylyltransferase 4 isoform X42 [Homo sapiens]	TRUE	Tut4
XP_024329166.1	XP_047272305.1	0	N/A	28.899	218	45	3.75e-22	102	terminal uridylyltransferase 4 isoform X17 [Homo sapiens]	TRUE	Tut4
XP_024329166.1	XP_047272290.1	0	N/A	28.899	218	45	3.79e-22	102	terminal uridylyltransferase 4 isoform X11 [Homo sapiens]	TRUE	Tut4
XP_024329166.1	XP_047272344.1	0	N/A	28.899	218	45	3.85e-22	102	terminal uridylyltransferase 4 isoform X30 [Homo sapiens]	TRUE	Tut4
XP_024329166.1	XP_047272296.1	0	N/A	28.899	218	45	3.93e-22	102	terminal uridylyltransferase 4 isoform X13 [Homo sapiens]	TRUE	Tut4
XP_024329166.1	XP_047272350.1	0	N/A	28.899	218	45	4.02e-22	102	terminal uridylyltransferase 4 isoform X34 [Homo sapiens]	TRUE	Tut4
XP_024329166.1	XP_047272295.1	0	N/A	28.899	218	45	4.03e-22	102	terminal uridylyltransferase 4 isoform X12 [Homo sapiens]	TRUE	Tut4
XP_024329166.1	NP_001375065.1	0	N/A	27.545	334	66	5.92e-22	99.4	poly(A) RNA polymerase GLD2 isoform 14 [Homo sapiens]	TRUE	TENT2
XP_024329166.1	NP_001375061.1	0	N/A	27.545	334	66	6.43e-22	100	poly(A) RNA polymerase GLD2 isoform 12 [Homo sapiens]	TRUE	TENT2
XP_024329166.1	NP_001375059.1	0	N/A	27.545	334	66	6.9e-22	100	poly(A) RNA polymerase GLD2 isoform 10 [Homo sapiens]	TRUE	TENT2
XP_024329166.1	XP_047272811.1	0	N/A	27.545	334	66	7.13e-22	100	poly(A) RNA polymerase GLD2 isoform X4 [Homo sapiens]	TRUE	TENT2
XP_024329166.1	XP_047272810.1	0	N/A	27.545	334	66	7.13e-22	100	poly(A) RNA polymerase GLD2 isoform X4 [Homo sapiens]	TRUE	TENT2
XP_024329166.1	XP_047272809.1	0	N/A	27.545	334	66	7.13e-22	100	poly(A) RNA polymerase GLD2 isoform X4 [Homo sapiens]	TRUE	TENT2
XP_024329166.1	NP_001375058.1	0	N/A	27.545	334	66	7.13e-22	100	poly(A) RNA polymerase GLD2 isoform 2 [Homo sapiens]	TRUE	TENT2
XP_024329166.1	NP_001375057.1	0	N/A	27.545	334	66	7.13e-22	100	poly(A) RNA polymerase GLD2 isoform 2 [Homo sapiens]	TRUE	TENT2
XP_024329166.1	NP_001375056.1	0	N/A	27.545	334	66	7.13e-22	100	poly(A) RNA polymerase GLD2 isoform 2 [Homo sapiens]	TRUE	TENT2
XP_024329166.1	NP_001375055.1	0	N/A	27.545	334	66	7.13e-22	100	poly(A) RNA polymerase GLD2 isoform 2 [Homo sapiens]	TRUE	TENT2
XP_024329166.1	NP_001375054.1	0	N/A	27.545	334	66	7.13e-22	100	poly(A) RNA polymerase GLD2 isoform 2 [Homo sapiens]	TRUE	TENT2
XP_024329166.1	NP_001375053.1	0	N/A	27.545	334	66	7.13e-22	100	poly(A) RNA polymerase GLD2 isoform 2 [Homo sapiens]	TRUE	TENT2
XP_024329166.1	NP_001375052.1	0	N/A	27.545	334	66	7.13e-22	100	poly(A) RNA polymerase GLD2 isoform 2 [Homo sapiens]	TRUE	TENT2
XP_024329166.1	NP_001375051.1	0	N/A	27.545	334	66	7.13e-22	100	poly(A) RNA polymerase GLD2 isoform 2 [Homo sapiens]	TRUE	TENT2
XP_024329166.1	NP_001375050.1	0	N/A	27.545	334	66	7.13e-22	100	poly(A) RNA polymerase GLD2 isoform 2 [Homo sapiens]	TRUE	TENT2
XP_024329166.1	NP_001375049.1	0	N/A	27.545	334	66	7.13e-22	100	poly(A) RNA polymerase GLD2 isoform 2 [Homo sapiens]	TRUE	TENT2
XP_024329166.1	NP_001375048.1	0	N/A	27.545	334	66	7.13e-22	100	poly(A) RNA polymerase GLD2 isoform 2 [Homo sapiens]	TRUE	TENT2
XP_024329166.1	NP_001375047.1	0	N/A	27.545	334	66	7.13e-22	100	poly(A) RNA polymerase GLD2 isoform 2 [Homo sapiens]	TRUE	TENT2
XP_024329166.1	NP_001375046.1	0	N/A	27.545	334	66	7.13e-22	100	poly(A) RNA polymerase GLD2 isoform 2 [Homo sapiens]	TRUE	TENT2
XP_024329166.1	NP_001375045.1	0	N/A	27.545	334	66	7.13e-22	100	poly(A) RNA polymerase GLD2 isoform 2 [Homo sapiens]	TRUE	TENT2
XP_024329166.1	NP_001375044.1	0	N/A	27.545	334	66	7.13e-22	100	poly(A) RNA polymerase GLD2 isoform 2 [Homo sapiens]	TRUE	TENT2
XP_024329166.1	NP_001375043.1	0	N/A	27.545	334	66	7.13e-22	100	poly(A) RNA polymerase GLD2 isoform 2 [Homo sapiens]	TRUE	TENT2
XP_024329166.1	NP_001336483.1	0	N/A	27.545	334	66	7.13e-22	100	poly(A) RNA polymerase GLD2 isoform 2 [Homo sapiens]	TRUE	TENT2
XP_024329166.1	NP_001284673.1	0	N/A	27.545	334	66	7.13e-22	100	poly(A) RNA polymerase GLD2 isoform 2 [Homo sapiens]	TRUE	TENT2
XP_024329166.1	NP_001375030.1	0	N/A	27.381	336	66	8.77e-22	100	poly(A) RNA polymerase GLD2 isoform 9 [Homo sapiens]	TRUE	TENT2
XP_024329166.1	XP_005252265.1	0	N/A	29.057	265	55	1.05e-21	101	terminal uridylyltransferase 7 isoform X7 [Homo sapiens]	TRUE	Tut7
XP_024329166.1	XP_011517316.1	0	N/A	29.057	265	55	1.18e-21	101	terminal uridylyltransferase 7 isoform X1 [Homo sapiens]	TRUE	Tut7
XP_024329166.1	XP_011517315.1	0	N/A	29.057	265	55	1.18e-21	101	terminal uridylyltransferase 7 isoform X1 [Homo sapiens]	TRUE	Tut7
XP_024329166.1	XP_011517314.1	0	N/A	29.057	265	55	1.18e-21	101	terminal uridylyltransferase 7 isoform X1 [Homo sapiens]	TRUE	Tut7
XP_024329166.1	XP_011517313.1	0	N/A	29.057	265	55	1.18e-21	101	terminal uridylyltransferase 7 isoform X1 [Homo sapiens]	TRUE	Tut7
XP_024329166.1	NP_001317647.1	0	N/A	29.057	265	55	1.28e-21	100	terminal uridylyltransferase 7 isoform 3 [Homo sapiens]	TRUE	Tut7
XP_024329166.1	XP_011517317.1	0	N/A	29.057	265	55	1.39e-21	101	terminal uridylyltransferase 7 isoform X3 [Homo sapiens]	TRUE	Tut7
XP_024329166.1	XP_011517318.1	0	N/A	29.057	265	55	1.52e-21	100	terminal uridylyltransferase 7 isoform X5 [Homo sapiens]	TRUE	Tut7
XP_024329166.1	XP_047279825.1	0	N/A	29.057	265	55	1.56e-21	100	terminal uridylyltransferase 7 isoform X6 [Homo sapiens]	TRUE	Tut7
XP_024329166.1	XP_047279824.1	0	N/A	29.057	265	55	1.56e-21	100	terminal uridylyltransferase 7 isoform X6 [Homo sapiens]	TRUE	Tut7
XP_024329166.1	XP_005252264.1	0	N/A	29.057	265	55	1.56e-21	100	terminal uridylyltransferase 7 isoform X6 [Homo sapiens]	TRUE	Tut7
XP_024329166.1	XP_047279823.1	0	N/A	29.057	265	55	1.69e-21	100	terminal uridylyltransferase 7 isoform X2 [Homo sapiens]	TRUE	Tut7
XP_024329166.1	XP_006717346.1	0	N/A	29.057	265	55	1.69e-21	100	terminal uridylyltransferase 7 isoform X2 [Homo sapiens]	TRUE	Tut7
XP_024329166.1	XP_016870620.1	0	N/A	29.057	265	55	1.72e-21	100	terminal uridylyltransferase 7 isoform X4 [Homo sapiens]	TRUE	Tut7
XP_024329166.1	XP_016870619.1	0	N/A	29.057	265	55	1.72e-21	100	terminal uridylyltransferase 7 isoform X4 [Homo sapiens]	TRUE	Tut7
XP_024329166.1	NP_078893.2	0	N/A	29.057	265	55	1.72e-21	100	terminal uridylyltransferase 7 isoform 1 [Homo sapiens]	TRUE	Tut7
XP_024329166.1	NP_001171988.1	0	N/A	29.057	265	55	1.72e-21	100	terminal uridylyltransferase 7 isoform 1 [Homo sapiens]	TRUE	Tut7
XP_024329166.1	XP_047272808.1	0	N/A	27.515	338	66	3.57e-21	98.6	poly(A) RNA polymerase GLD2 isoform X3 [Homo sapiens]	TRUE	TENT2
XP_024329166.1	XP_047272807.1	0	N/A	27.515	338	66	3.57e-21	98.6	poly(A) RNA polymerase GLD2 isoform X3 [Homo sapiens]	TRUE	TENT2
XP_024329166.1	XP_047272806.1	0	N/A	27.515	338	66	3.57e-21	98.6	poly(A) RNA polymerase GLD2 isoform X3 [Homo sapiens]	TRUE	TENT2
XP_024329166.1	NP_776158.2	0	N/A	27.515	338	66	3.57e-21	98.6	poly(A) RNA polymerase GLD2 isoform 1 [Homo sapiens]	TRUE	TENT2
XP_024329166.1	NP_001375041.1	0	N/A	27.515	338	66	3.57e-21	98.6	poly(A) RNA polymerase GLD2 isoform 1 [Homo sapiens]	TRUE	TENT2
XP_024329166.1	NP_001375040.1	0	N/A	27.515	338	66	3.57e-21	98.6	poly(A) RNA polymerase GLD2 isoform 1 [Homo sapiens]	TRUE	TENT2
XP_024329166.1	NP_001375039.1	0	N/A	27.515	338	66	3.57e-21	98.6	poly(A) RNA polymerase GLD2 isoform 1 [Homo sapiens]	TRUE	TENT2
XP_024329166.1	NP_001375038.1	0	N/A	27.515	338	66	3.57e-21	98.6	poly(A) RNA polymerase GLD2 isoform 1 [Homo sapiens]	TRUE	TENT2
XP_024329166.1	NP_001375037.1	0	N/A	27.515	338	66	3.57e-21	98.6	poly(A) RNA polymerase GLD2 isoform 1 [Homo sapiens]	TRUE	TENT2
XP_024329166.1	NP_001375036.1	0	N/A	27.515	338	66	3.57e-21	98.6	poly(A) RNA polymerase GLD2 isoform 1 [Homo sapiens]	TRUE	TENT2
XP_024329166.1	NP_001375035.1	0	N/A	27.515	338	66	3.57e-21	98.6	poly(A) RNA polymerase GLD2 isoform 1 [Homo sapiens]	TRUE	TENT2
XP_024329166.1	NP_001375034.1	0	N/A	27.515	338	66	3.57e-21	98.6	poly(A) RNA polymerase GLD2 isoform 1 [Homo sapiens]	TRUE	TENT2
XP_024329166.1	NP_001375032.1	0	N/A	27.515	338	66	3.57e-21	98.6	poly(A) RNA polymerase GLD2 isoform 1 [Homo sapiens]	TRUE	TENT2
XP_024329166.1	NP_001375031.1	0	N/A	27.515	338	66	3.57e-21	98.6	poly(A) RNA polymerase GLD2 isoform 1 [Homo sapiens]	TRUE	TENT2
XP_024329166.1	NP_001336482.1	0	N/A	27.515	338	66	3.57e-21	98.6	poly(A) RNA polymerase GLD2 isoform 1 [Homo sapiens]	TRUE	TENT2
XP_024329166.1	NP_001336481.1	0	N/A	27.515	338	66	3.57e-21	98.6	poly(A) RNA polymerase GLD2 isoform 1 [Homo sapiens]	TRUE	TENT2
XP_024329166.1	NP_001107866.1	0	N/A	27.515	338	66	3.57e-21	98.6	poly(A) RNA polymerase GLD2 isoform 1 [Homo sapiens]	TRUE	TENT2
XP_024329166.1	NP_001107865.1	0	N/A	27.515	338	66	3.57e-21	98.6	poly(A) RNA polymerase GLD2 isoform 1 [Homo sapiens]	TRUE	TENT2
XP_024329166.1	NP_001375029.1	0	N/A	27.353	340	66	3.94e-21	98.6	poly(A) RNA polymerase GLD2 isoform 8 [Homo sapiens]	TRUE	TENT2
XP_024329166.1	NP_001375028.1	0	N/A	27.353	340	66	3.94e-21	98.6	poly(A) RNA polymerase GLD2 isoform 8 [Homo sapiens]	TRUE	TENT2
XP_024329166.1	NP_001375060.1	0	N/A	27.515	338	66	3.97e-21	98.2	poly(A) RNA polymerase GLD2 isoform 11 [Homo sapiens]	TRUE	TENT2
XP_024329166.1	NP_001375042.1	0	N/A	27.515	338	66	4.03e-21	98.2	poly(A) RNA polymerase GLD2 isoform 16 [Homo sapiens]	TRUE	TENT2
XP_024329166.1	NP_001375027.1	0	N/A	26.197	355	66	5.6e-21	98.2	poly(A) RNA polymerase GLD2 isoform 7 [Homo sapiens]	TRUE	TENT2
XP_024329166.1	XP_047272805.1	0	N/A	26.197	355	66	5.74e-21	98.2	poly(A) RNA polymerase GLD2 isoform X2 [Homo sapiens]	TRUE	TENT2
XP_024359639.1	XP_047272384.1	0	N/A	32.174	345	28	3.22e-46	182	terminal uridylyltransferase 4 isoform X46 [Homo sapiens]	TRUE	Tut4
XP_024359639.1	XP_016856292.1	0	N/A	32.174	345	28	1.13e-45	182	terminal uridylyltransferase 4 isoform X9 [Homo sapiens]	TRUE	Tut4
XP_024359639.1	XP_047272285.1	0	N/A	32.174	345	28	1.21e-45	182	terminal uridylyltransferase 4 isoform X7 [Homo sapiens]	TRUE	Tut4
XP_024359639.1	XP_047272345.1	0	N/A	32.174	345	28	1.36e-45	182	terminal uridylyltransferase 4 isoform X31 [Homo sapiens]	TRUE	Tut4
XP_024359639.1	XP_016856293.1	0	N/A	32.174	345	28	1.41e-45	182	terminal uridylyltransferase 4 isoform X16 [Homo sapiens]	TRUE	Tut4
XP_024359639.1	XP_005270739.1	0	N/A	32.174	345	28	1.46e-45	182	terminal uridylyltransferase 4 isoform X33 [Homo sapiens]	TRUE	Tut4
XP_024359639.1	XP_047272280.1	0	N/A	32.174	345	28	1.47e-45	182	terminal uridylyltransferase 4 isoform X3 [Homo sapiens]	TRUE	Tut4
XP_024359639.1	XP_005270736.1	0	N/A	32.174	345	28	1.47e-45	182	terminal uridylyltransferase 4 isoform X3 [Homo sapiens]	TRUE	Tut4
XP_024359639.1	XP_011539401.1	0	N/A	32.174	345	28	1.54e-45	182	terminal uridylyltransferase 4 isoform X29 [Homo sapiens]	TRUE	Tut4
XP_024359639.1	XP_047272288.1	0	N/A	32.174	345	28	1.69e-45	182	terminal uridylyltransferase 4 isoform X10 [Homo sapiens]	TRUE	Tut4
XP_024359639.1	XP_005270735.1	0	N/A	32.174	345	28	1.71e-45	182	terminal uridylyltransferase 4 isoform X2 [Homo sapiens]	TRUE	Tut4
XP_024359639.1	XP_011539399.1	0	N/A	32.174	345	28	1.74e-45	182	terminal uridylyltransferase 4 isoform X1 [Homo sapiens]	TRUE	Tut4
XP_024359639.1	XP_005270733.1	0	N/A	32.174	345	28	1.74e-45	182	terminal uridylyltransferase 4 isoform X1 [Homo sapiens]	TRUE	Tut4
XP_024359639.1	XP_016856297.1	0	N/A	32.174	345	28	1.76e-45	182	terminal uridylyltransferase 4 isoform X36 [Homo sapiens]	TRUE	Tut4
XP_024359639.1	XP_016856299.1	0	N/A	32.174	345	28	1.8e-45	182	terminal uridylyltransferase 4 isoform X40 [Homo sapiens]	TRUE	Tut4
XP_024359639.1	XP_047272365.1	0	N/A	32.174	345	28	1.93e-45	182	terminal uridylyltransferase 4 isoform X38 [Homo sapiens]	TRUE	Tut4
XP_024359639.1	XP_047272281.1	0	N/A	32.174	345	28	2.06e-45	182	terminal uridylyltransferase 4 isoform X4 [Homo sapiens]	TRUE	Tut4
XP_024359639.1	NP_001009881.1	0	N/A	32.174	345	28	2.06e-45	182	terminal uridylyltransferase 4 isoform a [Homo sapiens]	TRUE	Tut4
XP_024359639.1	XP_047272283.1	0	N/A	32.174	345	28	2.1e-45	182	terminal uridylyltransferase 4 isoform X6 [Homo sapiens]	TRUE	Tut4
XP_024359639.1	XP_005270737.1	0	N/A	32.174	345	28	2.1e-45	182	terminal uridylyltransferase 4 isoform X6 [Homo sapiens]	TRUE	Tut4
XP_024359639.1	XP_047272282.1	0	N/A	32.174	345	28	2.11e-45	182	terminal uridylyltransferase 4 isoform X5 [Homo sapiens]	TRUE	Tut4
XP_024359639.1	NP_056084.1	0	N/A	32.174	345	28	2.11e-45	182	terminal uridylyltransferase 4 isoform b [Homo sapiens]	TRUE	Tut4
XP_024359639.1	XP_047272325.1	0	N/A	32.174	345	28	2.12e-45	182	terminal uridylyltransferase 4 isoform X23 [Homo sapiens]	TRUE	Tut4
XP_024359639.1	NP_001317647.1	0	N/A	31.445	353	29	2.2e-45	179	terminal uridylyltransferase 7 isoform 3 [Homo sapiens]	TRUE	Tut7
XP_024359639.1	XP_016856295.1	0	N/A	32.174	345	28	2.22e-45	182	terminal uridylyltransferase 4 isoform X25 [Homo sapiens]	TRUE	Tut4
XP_024359639.1	XP_047272337.1	0	N/A	32.174	345	28	2.46e-45	181	terminal uridylyltransferase 4 isoform X27 [Homo sapiens]	TRUE	Tut4
XP_024359639.1	XP_016856296.1	0	N/A	32.174	345	28	2.72e-45	181	terminal uridylyltransferase 4 isoform X28 [Homo sapiens]	TRUE	Tut4
XP_024359639.1	XP_047279823.1	0	N/A	31.445	353	29	3.43e-45	181	terminal uridylyltransferase 7 isoform X2 [Homo sapiens]	TRUE	Tut7
XP_024359639.1	XP_006717346.1	0	N/A	31.445	353	29	3.43e-45	181	terminal uridylyltransferase 7 isoform X2 [Homo sapiens]	TRUE	Tut7
XP_024359639.1	XP_011517317.1	0	N/A	31.445	353	29	5.72e-45	180	terminal uridylyltransferase 7 isoform X3 [Homo sapiens]	TRUE	Tut7
XP_024359639.1	XP_047279825.1	0	N/A	31.445	353	29	6.75e-45	180	terminal uridylyltransferase 7 isoform X6 [Homo sapiens]	TRUE	Tut7
XP_024359639.1	XP_047279824.1	0	N/A	31.445	353	29	6.75e-45	180	terminal uridylyltransferase 7 isoform X6 [Homo sapiens]	TRUE	Tut7
XP_024359639.1	XP_005252264.1	0	N/A	31.445	353	29	6.75e-45	180	terminal uridylyltransferase 7 isoform X6 [Homo sapiens]	TRUE	Tut7
XP_024359639.1	XP_016870620.1	0	N/A	31.445	353	29	6.95e-45	180	terminal uridylyltransferase 7 isoform X4 [Homo sapiens]	TRUE	Tut7
XP_024359639.1	XP_016870619.1	0	N/A	31.445	353	29	6.95e-45	180	terminal uridylyltransferase 7 isoform X4 [Homo sapiens]	TRUE	Tut7
XP_024359639.1	NP_078893.2	0	N/A	31.445	353	29	6.95e-45	180	terminal uridylyltransferase 7 isoform 1 [Homo sapiens]	TRUE	Tut7
XP_024359639.1	NP_001171988.1	0	N/A	31.445	353	29	6.95e-45	180	terminal uridylyltransferase 7 isoform 1 [Homo sapiens]	TRUE	Tut7
XP_024359639.1	XP_011517318.1	0	N/A	31.445	353	29	7.68e-45	180	terminal uridylyltransferase 7 isoform X5 [Homo sapiens]	TRUE	Tut7
XP_024359639.1	XP_005252265.1	0	N/A	31.445	353	29	8.05e-45	180	terminal uridylyltransferase 7 isoform X7 [Homo sapiens]	TRUE	Tut7
XP_024359639.1	XP_011517316.1	0	N/A	31.445	353	29	8.36e-45	180	terminal uridylyltransferase 7 isoform X1 [Homo sapiens]	TRUE	Tut7
XP_024359639.1	XP_011517315.1	0	N/A	31.445	353	29	8.36e-45	180	terminal uridylyltransferase 7 isoform X1 [Homo sapiens]	TRUE	Tut7
XP_024359639.1	XP_011517314.1	0	N/A	31.445	353	29	8.36e-45	180	terminal uridylyltransferase 7 isoform X1 [Homo sapiens]	TRUE	Tut7
XP_024359639.1	XP_011517313.1	0	N/A	31.445	353	29	8.36e-45	180	terminal uridylyltransferase 7 isoform X1 [Homo sapiens]	TRUE	Tut7
XP_024359639.1	XP_047272290.1	0	N/A	34.237	295	25	7.5e-44	177	terminal uridylyltransferase 4 isoform X11 [Homo sapiens]	TRUE	Tut4
XP_024359639.1	XP_047272286.1	0	N/A	34.237	295	25	7.92e-44	177	terminal uridylyltransferase 4 isoform X8 [Homo sapiens]	TRUE	Tut4
XP_024359639.1	XP_047272344.1	0	N/A	34.237	295	25	9.58e-44	176	terminal uridylyltransferase 4 isoform X30 [Homo sapiens]	TRUE	Tut4
XP_024359639.1	XP_047272372.1	0	N/A	34.237	295	25	9.77e-44	176	terminal uridylyltransferase 4 isoform X42 [Homo sapiens]	TRUE	Tut4
XP_024359639.1	XP_047272305.1	0	N/A	34.237	295	25	1.06e-43	176	terminal uridylyltransferase 4 isoform X17 [Homo sapiens]	TRUE	Tut4
XP_024359639.1	XP_047272296.1	0	N/A	34.237	295	25	1.07e-43	176	terminal uridylyltransferase 4 isoform X13 [Homo sapiens]	TRUE	Tut4
XP_024359639.1	XP_047272295.1	0	N/A	34.237	295	25	1.1e-43	176	terminal uridylyltransferase 4 isoform X12 [Homo sapiens]	TRUE	Tut4
XP_024359639.1	XP_047272350.1	0	N/A	34.237	295	25	1.25e-43	176	terminal uridylyltransferase 4 isoform X34 [Homo sapiens]	TRUE	Tut4
XP_024359639.1	NP_001375059.1	0	N/A	32.746	284	24	5.66e-35	142	poly(A) RNA polymerase GLD2 isoform 10 [Homo sapiens]	TRUE	TENT2
XP_024359639.1	XP_047272811.1	0	N/A	32.746	284	24	6.02e-35	142	poly(A) RNA polymerase GLD2 isoform X4 [Homo sapiens]	TRUE	TENT2
XP_024359639.1	XP_047272810.1	0	N/A	32.746	284	24	6.02e-35	142	poly(A) RNA polymerase GLD2 isoform X4 [Homo sapiens]	TRUE	TENT2
XP_024359639.1	XP_047272809.1	0	N/A	32.746	284	24	6.02e-35	142	poly(A) RNA polymerase GLD2 isoform X4 [Homo sapiens]	TRUE	TENT2
XP_024359639.1	NP_001375058.1	0	N/A	32.746	284	24	6.02e-35	142	poly(A) RNA polymerase GLD2 isoform 2 [Homo sapiens]	TRUE	TENT2
XP_024359639.1	NP_001375057.1	0	N/A	32.746	284	24	6.02e-35	142	poly(A) RNA polymerase GLD2 isoform 2 [Homo sapiens]	TRUE	TENT2
XP_024359639.1	NP_001375056.1	0	N/A	32.746	284	24	6.02e-35	142	poly(A) RNA polymerase GLD2 isoform 2 [Homo sapiens]	TRUE	TENT2
XP_024359639.1	NP_001375055.1	0	N/A	32.746	284	24	6.02e-35	142	poly(A) RNA polymerase GLD2 isoform 2 [Homo sapiens]	TRUE	TENT2
XP_024359639.1	NP_001375054.1	0	N/A	32.746	284	24	6.02e-35	142	poly(A) RNA polymerase GLD2 isoform 2 [Homo sapiens]	TRUE	TENT2
XP_024359639.1	NP_001375053.1	0	N/A	32.746	284	24	6.02e-35	142	poly(A) RNA polymerase GLD2 isoform 2 [Homo sapiens]	TRUE	TENT2
XP_024359639.1	NP_001375052.1	0	N/A	32.746	284	24	6.02e-35	142	poly(A) RNA polymerase GLD2 isoform 2 [Homo sapiens]	TRUE	TENT2
XP_024359639.1	NP_001375051.1	0	N/A	32.746	284	24	6.02e-35	142	poly(A) RNA polymerase GLD2 isoform 2 [Homo sapiens]	TRUE	TENT2
XP_024359639.1	NP_001375050.1	0	N/A	32.746	284	24	6.02e-35	142	poly(A) RNA polymerase GLD2 isoform 2 [Homo sapiens]	TRUE	TENT2
XP_024359639.1	NP_001375049.1	0	N/A	32.746	284	24	6.02e-35	142	poly(A) RNA polymerase GLD2 isoform 2 [Homo sapiens]	TRUE	TENT2
XP_024359639.1	NP_001375048.1	0	N/A	32.746	284	24	6.02e-35	142	poly(A) RNA polymerase GLD2 isoform 2 [Homo sapiens]	TRUE	TENT2
XP_024359639.1	NP_001375047.1	0	N/A	32.746	284	24	6.02e-35	142	poly(A) RNA polymerase GLD2 isoform 2 [Homo sapiens]	TRUE	TENT2
XP_024359639.1	NP_001375046.1	0	N/A	32.746	284	24	6.02e-35	142	poly(A) RNA polymerase GLD2 isoform 2 [Homo sapiens]	TRUE	TENT2
XP_024359639.1	NP_001375045.1	0	N/A	32.746	284	24	6.02e-35	142	poly(A) RNA polymerase GLD2 isoform 2 [Homo sapiens]	TRUE	TENT2
XP_024359639.1	NP_001375044.1	0	N/A	32.746	284	24	6.02e-35	142	poly(A) RNA polymerase GLD2 isoform 2 [Homo sapiens]	TRUE	TENT2
XP_024359639.1	NP_001375043.1	0	N/A	32.746	284	24	6.02e-35	142	poly(A) RNA polymerase GLD2 isoform 2 [Homo sapiens]	TRUE	TENT2
XP_024359639.1	NP_001336483.1	0	N/A	32.746	284	24	6.02e-35	142	poly(A) RNA polymerase GLD2 isoform 2 [Homo sapiens]	TRUE	TENT2
XP_024359639.1	NP_001284673.1	0	N/A	32.746	284	24	6.02e-35	142	poly(A) RNA polymerase GLD2 isoform 2 [Homo sapiens]	TRUE	TENT2
XP_024359639.1	NP_001375061.1	0	N/A	32.746	284	24	7e-35	142	poly(A) RNA polymerase GLD2 isoform 12 [Homo sapiens]	TRUE	TENT2
XP_024359639.1	NP_001375065.1	0	N/A	32.746	284	24	1.89e-34	138	poly(A) RNA polymerase GLD2 isoform 14 [Homo sapiens]	TRUE	TENT2
XP_024359639.1	NP_001375042.1	0	N/A	32.292	288	24	3.66e-34	140	poly(A) RNA polymerase GLD2 isoform 16 [Homo sapiens]	TRUE	TENT2
XP_024359639.1	NP_001172003.1	0	N/A	33.613	238	20	4.11e-34	145	terminal uridylyltransferase 7 isoform 2 [Homo sapiens]	TRUE	Tut7
XP_024359639.1	XP_047272808.1	0	N/A	32.292	288	24	4.23e-34	140	poly(A) RNA polymerase GLD2 isoform X3 [Homo sapiens]	TRUE	TENT2
XP_024359639.1	XP_047272807.1	0	N/A	32.292	288	24	4.23e-34	140	poly(A) RNA polymerase GLD2 isoform X3 [Homo sapiens]	TRUE	TENT2
XP_024359639.1	XP_047272806.1	0	N/A	32.292	288	24	4.23e-34	140	poly(A) RNA polymerase GLD2 isoform X3 [Homo sapiens]	TRUE	TENT2
XP_024359639.1	NP_776158.2	0	N/A	32.292	288	24	4.23e-34	140	poly(A) RNA polymerase GLD2 isoform 1 [Homo sapiens]	TRUE	TENT2
XP_024359639.1	NP_001375041.1	0	N/A	32.292	288	24	4.23e-34	140	poly(A) RNA polymerase GLD2 isoform 1 [Homo sapiens]	TRUE	TENT2
XP_024359639.1	NP_001375040.1	0	N/A	32.292	288	24	4.23e-34	140	poly(A) RNA polymerase GLD2 isoform 1 [Homo sapiens]	TRUE	TENT2
XP_024359639.1	NP_001375039.1	0	N/A	32.292	288	24	4.23e-34	140	poly(A) RNA polymerase GLD2 isoform 1 [Homo sapiens]	TRUE	TENT2
XP_024359639.1	NP_001375038.1	0	N/A	32.292	288	24	4.23e-34	140	poly(A) RNA polymerase GLD2 isoform 1 [Homo sapiens]	TRUE	TENT2
XP_024359639.1	NP_001375037.1	0	N/A	32.292	288	24	4.23e-34	140	poly(A) RNA polymerase GLD2 isoform 1 [Homo sapiens]	TRUE	TENT2
XP_024359639.1	NP_001375036.1	0	N/A	32.292	288	24	4.23e-34	140	poly(A) RNA polymerase GLD2 isoform 1 [Homo sapiens]	TRUE	TENT2
XP_024359639.1	NP_001375035.1	0	N/A	32.292	288	24	4.23e-34	140	poly(A) RNA polymerase GLD2 isoform 1 [Homo sapiens]	TRUE	TENT2
XP_024359639.1	NP_001375034.1	0	N/A	32.292	288	24	4.23e-34	140	poly(A) RNA polymerase GLD2 isoform 1 [Homo sapiens]	TRUE	TENT2
XP_024359639.1	NP_001375032.1	0	N/A	32.292	288	24	4.23e-34	140	poly(A) RNA polymerase GLD2 isoform 1 [Homo sapiens]	TRUE	TENT2
XP_024359639.1	NP_001375031.1	0	N/A	32.292	288	24	4.23e-34	140	poly(A) RNA polymerase GLD2 isoform 1 [Homo sapiens]	TRUE	TENT2
XP_024359639.1	NP_001336482.1	0	N/A	32.292	288	24	4.23e-34	140	poly(A) RNA polymerase GLD2 isoform 1 [Homo sapiens]	TRUE	TENT2
XP_024359639.1	NP_001336481.1	0	N/A	32.292	288	24	4.23e-34	140	poly(A) RNA polymerase GLD2 isoform 1 [Homo sapiens]	TRUE	TENT2
XP_024359639.1	NP_001107866.1	0	N/A	32.292	288	24	4.23e-34	140	poly(A) RNA polymerase GLD2 isoform 1 [Homo sapiens]	TRUE	TENT2
XP_024359639.1	NP_001107865.1	0	N/A	32.292	288	24	4.23e-34	140	poly(A) RNA polymerase GLD2 isoform 1 [Homo sapiens]	TRUE	TENT2
XP_024359639.1	NP_001375060.1	0	N/A	32.292	288	24	5e-34	139	poly(A) RNA polymerase GLD2 isoform 11 [Homo sapiens]	TRUE	TENT2
XP_024359639.1	NP_001375030.1	0	N/A	33.21	271	23	1e-33	139	poly(A) RNA polymerase GLD2 isoform 9 [Homo sapiens]	TRUE	TENT2
XP_024359639.1	NP_001375029.1	0	N/A	32.727	275	23	5.44e-33	137	poly(A) RNA polymerase GLD2 isoform 8 [Homo sapiens]	TRUE	TENT2
XP_024359639.1	NP_001375028.1	0	N/A	32.727	275	23	5.44e-33	137	poly(A) RNA polymerase GLD2 isoform 8 [Homo sapiens]	TRUE	TENT2
XP_024359639.1	NP_001375027.1	0	N/A	29.43	316	25	9.54e-33	136	poly(A) RNA polymerase GLD2 isoform 7 [Homo sapiens]	TRUE	TENT2
XP_024362777.1	NP_001317647.1	0	N/A	26.977	215	33	1.45e-22	105	terminal uridylyltransferase 7 isoform 3 [Homo sapiens]	TRUE	Tut7
XP_024362777.1	XP_047279825.1	0	N/A	26.977	215	33	2.02e-22	105	terminal uridylyltransferase 7 isoform X6 [Homo sapiens]	TRUE	Tut7
XP_024362777.1	XP_047279824.1	0	N/A	26.977	215	33	2.02e-22	105	terminal uridylyltransferase 7 isoform X6 [Homo sapiens]	TRUE	Tut7
XP_024362777.1	XP_005252264.1	0	N/A	26.977	215	33	2.02e-22	105	terminal uridylyltransferase 7 isoform X6 [Homo sapiens]	TRUE	Tut7
XP_024362777.1	XP_011517316.1	0	N/A	26.977	215	33	2.06e-22	105	terminal uridylyltransferase 7 isoform X1 [Homo sapiens]	TRUE	Tut7
XP_024362777.1	XP_011517315.1	0	N/A	26.977	215	33	2.06e-22	105	terminal uridylyltransferase 7 isoform X1 [Homo sapiens]	TRUE	Tut7
XP_024362777.1	XP_011517314.1	0	N/A	26.977	215	33	2.06e-22	105	terminal uridylyltransferase 7 isoform X1 [Homo sapiens]	TRUE	Tut7
XP_024362777.1	XP_011517313.1	0	N/A	26.977	215	33	2.06e-22	105	terminal uridylyltransferase 7 isoform X1 [Homo sapiens]	TRUE	Tut7
XP_024362777.1	XP_011517317.1	0	N/A	26.977	215	33	2.28e-22	105	terminal uridylyltransferase 7 isoform X3 [Homo sapiens]	TRUE	Tut7
XP_024362777.1	XP_047279823.1	0	N/A	26.977	215	33	2.36e-22	105	terminal uridylyltransferase 7 isoform X2 [Homo sapiens]	TRUE	Tut7
XP_024362777.1	XP_006717346.1	0	N/A	26.977	215	33	2.36e-22	105	terminal uridylyltransferase 7 isoform X2 [Homo sapiens]	TRUE	Tut7
XP_024362777.1	XP_005252265.1	0	N/A	26.977	215	33	2.45e-22	105	terminal uridylyltransferase 7 isoform X7 [Homo sapiens]	TRUE	Tut7
XP_024362777.1	XP_016870620.1	0	N/A	26.977	215	33	2.5e-22	105	terminal uridylyltransferase 7 isoform X4 [Homo sapiens]	TRUE	Tut7
XP_024362777.1	XP_016870619.1	0	N/A	26.977	215	33	2.5e-22	105	terminal uridylyltransferase 7 isoform X4 [Homo sapiens]	TRUE	Tut7
XP_024362777.1	NP_078893.2	0	N/A	26.977	215	33	2.5e-22	105	terminal uridylyltransferase 7 isoform 1 [Homo sapiens]	TRUE	Tut7
XP_024362777.1	NP_001171988.1	0	N/A	26.977	215	33	2.5e-22	105	terminal uridylyltransferase 7 isoform 1 [Homo sapiens]	TRUE	Tut7
XP_024362777.1	XP_011517318.1	0	N/A	26.977	215	33	2.57e-22	105	terminal uridylyltransferase 7 isoform X5 [Homo sapiens]	TRUE	Tut7
XP_024362777.1	XP_047272811.1	0	N/A	27.671	365	55	4.27e-22	102	poly(A) RNA polymerase GLD2 isoform X4 [Homo sapiens]	TRUE	TENT2
XP_024362777.1	XP_047272810.1	0	N/A	27.671	365	55	4.27e-22	102	poly(A) RNA polymerase GLD2 isoform X4 [Homo sapiens]	TRUE	TENT2
XP_024362777.1	XP_047272809.1	0	N/A	27.671	365	55	4.27e-22	102	poly(A) RNA polymerase GLD2 isoform X4 [Homo sapiens]	TRUE	TENT2
XP_024362777.1	NP_001375058.1	0	N/A	27.671	365	55	4.27e-22	102	poly(A) RNA polymerase GLD2 isoform 2 [Homo sapiens]	TRUE	TENT2
XP_024362777.1	NP_001375057.1	0	N/A	27.671	365	55	4.27e-22	102	poly(A) RNA polymerase GLD2 isoform 2 [Homo sapiens]	TRUE	TENT2
XP_024362777.1	NP_001375056.1	0	N/A	27.671	365	55	4.27e-22	102	poly(A) RNA polymerase GLD2 isoform 2 [Homo sapiens]	TRUE	TENT2
XP_024362777.1	NP_001375055.1	0	N/A	27.671	365	55	4.27e-22	102	poly(A) RNA polymerase GLD2 isoform 2 [Homo sapiens]	TRUE	TENT2
XP_024362777.1	NP_001375054.1	0	N/A	27.671	365	55	4.27e-22	102	poly(A) RNA polymerase GLD2 isoform 2 [Homo sapiens]	TRUE	TENT2
XP_024362777.1	NP_001375053.1	0	N/A	27.671	365	55	4.27e-22	102	poly(A) RNA polymerase GLD2 isoform 2 [Homo sapiens]	TRUE	TENT2
XP_024362777.1	NP_001375052.1	0	N/A	27.671	365	55	4.27e-22	102	poly(A) RNA polymerase GLD2 isoform 2 [Homo sapiens]	TRUE	TENT2
XP_024362777.1	NP_001375051.1	0	N/A	27.671	365	55	4.27e-22	102	poly(A) RNA polymerase GLD2 isoform 2 [Homo sapiens]	TRUE	TENT2
XP_024362777.1	NP_001375050.1	0	N/A	27.671	365	55	4.27e-22	102	poly(A) RNA polymerase GLD2 isoform 2 [Homo sapiens]	TRUE	TENT2
XP_024362777.1	NP_001375049.1	0	N/A	27.671	365	55	4.27e-22	102	poly(A) RNA polymerase GLD2 isoform 2 [Homo sapiens]	TRUE	TENT2
XP_024362777.1	NP_001375048.1	0	N/A	27.671	365	55	4.27e-22	102	poly(A) RNA polymerase GLD2 isoform 2 [Homo sapiens]	TRUE	TENT2
XP_024362777.1	NP_001375047.1	0	N/A	27.671	365	55	4.27e-22	102	poly(A) RNA polymerase GLD2 isoform 2 [Homo sapiens]	TRUE	TENT2
XP_024362777.1	NP_001375046.1	0	N/A	27.671	365	55	4.27e-22	102	poly(A) RNA polymerase GLD2 isoform 2 [Homo sapiens]	TRUE	TENT2
XP_024362777.1	NP_001375045.1	0	N/A	27.671	365	55	4.27e-22	102	poly(A) RNA polymerase GLD2 isoform 2 [Homo sapiens]	TRUE	TENT2
XP_024362777.1	NP_001375044.1	0	N/A	27.671	365	55	4.27e-22	102	poly(A) RNA polymerase GLD2 isoform 2 [Homo sapiens]	TRUE	TENT2
XP_024362777.1	NP_001375043.1	0	N/A	27.671	365	55	4.27e-22	102	poly(A) RNA polymerase GLD2 isoform 2 [Homo sapiens]	TRUE	TENT2
XP_024362777.1	NP_001336483.1	0	N/A	27.671	365	55	4.27e-22	102	poly(A) RNA polymerase GLD2 isoform 2 [Homo sapiens]	TRUE	TENT2
XP_024362777.1	NP_001284673.1	0	N/A	27.671	365	55	4.27e-22	102	poly(A) RNA polymerase GLD2 isoform 2 [Homo sapiens]	TRUE	TENT2
XP_024362777.1	NP_001375061.1	0	N/A	27.671	365	55	4.56e-22	102	poly(A) RNA polymerase GLD2 isoform 12 [Homo sapiens]	TRUE	TENT2
XP_024362777.1	NP_001375059.1	0	N/A	27.671	365	55	4.68e-22	102	poly(A) RNA polymerase GLD2 isoform 10 [Homo sapiens]	TRUE	TENT2
XP_024362777.1	NP_001375065.1	0	N/A	27.671	365	55	7.39e-22	100	poly(A) RNA polymerase GLD2 isoform 14 [Homo sapiens]	TRUE	TENT2
XP_024362777.1	NP_001375060.1	0	N/A	27.671	365	55	2.31e-21	100	poly(A) RNA polymerase GLD2 isoform 11 [Homo sapiens]	TRUE	TENT2
XP_024362777.1	NP_001375042.1	0	N/A	27.671	365	55	2.65e-21	100	poly(A) RNA polymerase GLD2 isoform 16 [Homo sapiens]	TRUE	TENT2
XP_024362777.1	XP_047272808.1	0	N/A	27.671	365	55	2.7e-21	100	poly(A) RNA polymerase GLD2 isoform X3 [Homo sapiens]	TRUE	TENT2
XP_024362777.1	XP_047272807.1	0	N/A	27.671	365	55	2.7e-21	100	poly(A) RNA polymerase GLD2 isoform X3 [Homo sapiens]	TRUE	TENT2
XP_024362777.1	XP_047272806.1	0	N/A	27.671	365	55	2.7e-21	100	poly(A) RNA polymerase GLD2 isoform X3 [Homo sapiens]	TRUE	TENT2
XP_024362777.1	NP_776158.2	0	N/A	27.671	365	55	2.7e-21	100	poly(A) RNA polymerase GLD2 isoform 1 [Homo sapiens]	TRUE	TENT2
XP_024362777.1	NP_001375041.1	0	N/A	27.671	365	55	2.7e-21	100	poly(A) RNA polymerase GLD2 isoform 1 [Homo sapiens]	TRUE	TENT2
XP_024362777.1	NP_001375040.1	0	N/A	27.671	365	55	2.7e-21	100	poly(A) RNA polymerase GLD2 isoform 1 [Homo sapiens]	TRUE	TENT2
XP_024362777.1	NP_001375039.1	0	N/A	27.671	365	55	2.7e-21	100	poly(A) RNA polymerase GLD2 isoform 1 [Homo sapiens]	TRUE	TENT2
XP_024362777.1	NP_001375038.1	0	N/A	27.671	365	55	2.7e-21	100	poly(A) RNA polymerase GLD2 isoform 1 [Homo sapiens]	TRUE	TENT2
XP_024362777.1	NP_001375037.1	0	N/A	27.671	365	55	2.7e-21	100	poly(A) RNA polymerase GLD2 isoform 1 [Homo sapiens]	TRUE	TENT2
XP_024362777.1	NP_001375036.1	0	N/A	27.671	365	55	2.7e-21	100	poly(A) RNA polymerase GLD2 isoform 1 [Homo sapiens]	TRUE	TENT2
XP_024362777.1	NP_001375035.1	0	N/A	27.671	365	55	2.7e-21	100	poly(A) RNA polymerase GLD2 isoform 1 [Homo sapiens]	TRUE	TENT2
XP_024362777.1	NP_001375034.1	0	N/A	27.671	365	55	2.7e-21	100	poly(A) RNA polymerase GLD2 isoform 1 [Homo sapiens]	TRUE	TENT2
XP_024362777.1	NP_001375032.1	0	N/A	27.671	365	55	2.7e-21	100	poly(A) RNA polymerase GLD2 isoform 1 [Homo sapiens]	TRUE	TENT2
XP_024362777.1	NP_001375031.1	0	N/A	27.671	365	55	2.7e-21	100	poly(A) RNA polymerase GLD2 isoform 1 [Homo sapiens]	TRUE	TENT2
XP_024362777.1	NP_001336482.1	0	N/A	27.671	365	55	2.7e-21	100	poly(A) RNA polymerase GLD2 isoform 1 [Homo sapiens]	TRUE	TENT2
XP_024362777.1	NP_001336481.1	0	N/A	27.671	365	55	2.7e-21	100	poly(A) RNA polymerase GLD2 isoform 1 [Homo sapiens]	TRUE	TENT2
XP_024362777.1	NP_001107866.1	0	N/A	27.671	365	55	2.7e-21	100	poly(A) RNA polymerase GLD2 isoform 1 [Homo sapiens]	TRUE	TENT2
XP_024362777.1	NP_001107865.1	0	N/A	27.671	365	55	2.7e-21	100	poly(A) RNA polymerase GLD2 isoform 1 [Homo sapiens]	TRUE	TENT2
XP_024362777.1	NP_001375030.1	0	N/A	27.2	375	55	2.73e-21	100	poly(A) RNA polymerase GLD2 isoform 9 [Homo sapiens]	TRUE	TENT2
XP_024362777.1	NP_001375029.1	0	N/A	27.2	375	55	1.78e-20	97.8	poly(A) RNA polymerase GLD2 isoform 8 [Homo sapiens]	TRUE	TENT2
XP_024362777.1	NP_001375028.1	0	N/A	27.2	375	55	1.78e-20	97.8	poly(A) RNA polymerase GLD2 isoform 8 [Homo sapiens]	TRUE	TENT2
XP_024362777.1	XP_047272384.1	0	N/A	23.708	329	49	3.58e-19	94.7	terminal uridylyltransferase 4 isoform X46 [Homo sapiens]	TRUE	Tut4
XP_024362777.1	NP_001375027.1	0	N/A	25.897	390	55	7.16e-19	92.8	poly(A) RNA polymerase GLD2 isoform 7 [Homo sapiens]	TRUE	TENT2
XP_024362777.1	XP_047272805.1	0	N/A	25.897	390	55	7.39e-19	92.8	poly(A) RNA polymerase GLD2 isoform X2 [Homo sapiens]	TRUE	TENT2
XP_024362777.1	XP_047272804.1	0	N/A	25.897	390	55	7.39e-19	92.8	poly(A) RNA polymerase GLD2 isoform X2 [Homo sapiens]	TRUE	TENT2
XP_024362777.1	XP_047272803.1	0	N/A	25.897	390	55	7.39e-19	92.8	poly(A) RNA polymerase GLD2 isoform X2 [Homo sapiens]	TRUE	TENT2
XP_024362777.1	XP_047272802.1	0	N/A	25.897	390	55	7.39e-19	92.8	poly(A) RNA polymerase GLD2 isoform X2 [Homo sapiens]	TRUE	TENT2
XP_024362777.1	XP_016864641.1	0	N/A	25.897	390	55	7.39e-19	92.8	poly(A) RNA polymerase GLD2 isoform X2 [Homo sapiens]	TRUE	TENT2
XP_024362777.1	NP_001375026.1	0	N/A	25.897	390	55	7.39e-19	92.8	poly(A) RNA polymerase GLD2 isoform 6 [Homo sapiens]	TRUE	TENT2
XP_024362777.1	NP_001375025.1	0	N/A	25.897	390	55	7.39e-19	92.8	poly(A) RNA polymerase GLD2 isoform 6 [Homo sapiens]	TRUE	TENT2
XP_024362777.1	NP_001375024.1	0	N/A	25.897	390	55	7.39e-19	92.8	poly(A) RNA polymerase GLD2 isoform 6 [Homo sapiens]	TRUE	TENT2
XP_024362777.1	NP_001336480.1	0	N/A	25.897	390	55	7.39e-19	92.8	poly(A) RNA polymerase GLD2 isoform 6 [Homo sapiens]	TRUE	TENT2
XP_024362777.1	XP_047272345.1	0	N/A	23.708	329	49	3.09e-18	92	terminal uridylyltransferase 4 isoform X31 [Homo sapiens]	TRUE	Tut4
XP_024362777.1	XP_016856295.1	0	N/A	23.708	329	49	3.13e-18	92	terminal uridylyltransferase 4 isoform X25 [Homo sapiens]	TRUE	Tut4
XP_024362777.1	XP_011539399.1	0	N/A	23.708	329	49	3.23e-18	92	terminal uridylyltransferase 4 isoform X1 [Homo sapiens]	TRUE	Tut4
XP_024362777.1	XP_005270733.1	0	N/A	23.708	329	49	3.23e-18	92	terminal uridylyltransferase 4 isoform X1 [Homo sapiens]	TRUE	Tut4
XP_024362777.1	XP_047272325.1	0	N/A	23.708	329	49	3.24e-18	92	terminal uridylyltransferase 4 isoform X23 [Homo sapiens]	TRUE	Tut4
XP_024362777.1	XP_011539401.1	0	N/A	23.708	329	49	3.4e-18	92	terminal uridylyltransferase 4 isoform X29 [Homo sapiens]	TRUE	Tut4
XP_024362777.1	XP_005270735.1	0	N/A	23.708	329	49	3.46e-18	92	terminal uridylyltransferase 4 isoform X2 [Homo sapiens]	TRUE	Tut4
XP_024362777.1	XP_047272280.1	0	N/A	23.708	329	49	3.49e-18	92	terminal uridylyltransferase 4 isoform X3 [Homo sapiens]	TRUE	Tut4
XP_024362777.1	XP_005270736.1	0	N/A	23.708	329	49	3.49e-18	92	terminal uridylyltransferase 4 isoform X3 [Homo sapiens]	TRUE	Tut4
XP_024362777.1	XP_047272285.1	0	N/A	23.708	329	49	3.56e-18	92	terminal uridylyltransferase 4 isoform X7 [Homo sapiens]	TRUE	Tut4
XP_024362777.1	XP_016856297.1	0	N/A	23.708	329	49	3.63e-18	92	terminal uridylyltransferase 4 isoform X36 [Homo sapiens]	TRUE	Tut4
XP_024362777.1	XP_016856292.1	0	N/A	23.708	329	49	3.72e-18	92	terminal uridylyltransferase 4 isoform X9 [Homo sapiens]	TRUE	Tut4
XP_024362777.1	XP_005270739.1	0	N/A	23.708	329	49	3.76e-18	92	terminal uridylyltransferase 4 isoform X33 [Homo sapiens]	TRUE	Tut4
XP_024362777.1	NP_001336477.1	0	N/A	30.38	237	36	3.84e-18	87	poly(A) RNA polymerase GLD2 isoform 4 [Homo sapiens]	TRUE	TENT2
XP_024362777.1	XP_016856296.1	0	N/A	23.708	329	49	3.88e-18	92	terminal uridylyltransferase 4 isoform X28 [Homo sapiens]	TRUE	Tut4
XP_024362777.1	XP_047272288.1	0	N/A	23.708	329	49	4.16e-18	91.7	terminal uridylyltransferase 4 isoform X10 [Homo sapiens]	TRUE	Tut4
XP_024362777.1	XP_047272337.1	0	N/A	23.708	329	49	4.27e-18	91.7	terminal uridylyltransferase 4 isoform X27 [Homo sapiens]	TRUE	Tut4
XP_024362777.1	XP_047272820.1	0	N/A	30.189	212	32	4.31e-18	87	poly(A) RNA polymerase GLD2 isoform X11 [Homo sapiens]	TRUE	TENT2
XP_024362777.1	XP_047272283.1	0	N/A	23.708	329	49	4.4e-18	91.7	terminal uridylyltransferase 4 isoform X6 [Homo sapiens]	TRUE	Tut4
XP_024362777.1	XP_005270737.1	0	N/A	23.708	329	49	4.4e-18	91.7	terminal uridylyltransferase 4 isoform X6 [Homo sapiens]	TRUE	Tut4
XP_024362777.1	XP_016856299.1	0	N/A	23.708	329	49	4.46e-18	91.7	terminal uridylyltransferase 4 isoform X40 [Homo sapiens]	TRUE	Tut4
XP_024362777.1	XP_047272801.1	0	N/A	25.897	390	55	4.54e-18	90.1	poly(A) RNA polymerase GLD2 isoform X1 [Homo sapiens]	TRUE	TENT2
XP_024362777.1	XP_047272800.1	0	N/A	25.897	390	55	4.54e-18	90.1	poly(A) RNA polymerase GLD2 isoform X1 [Homo sapiens]	TRUE	TENT2
XP_024362777.1	XP_011541527.1	0	N/A	25.897	390	55	4.54e-18	90.1	poly(A) RNA polymerase GLD2 isoform X1 [Homo sapiens]	TRUE	TENT2
XP_024362777.1	XP_011541526.1	0	N/A	25.897	390	55	4.54e-18	90.1	poly(A) RNA polymerase GLD2 isoform X1 [Homo sapiens]	TRUE	TENT2
XP_024364303.1	XP_047290433.1	0	N/A	41.667	312	38	1.21e-68	236	terminal nucleotidyltransferase 4B isoform X6 [Homo sapiens]	TRUE	TENT4B
XP_024364303.1	XP_011521580.1	0	N/A	41.667	312	38	2.61e-68	237	terminal nucleotidyltransferase 4B isoform X5 [Homo sapiens]	TRUE	TENT4B
XP_024364303.1	NP_001035375.2	0	N/A	40.549	328	40	1.39e-67	238	terminal nucleotidyltransferase 4B isoform b [Homo sapiens]	TRUE	TENT4B
XP_024364303.1	XP_011521578.1	0	N/A	40.549	328	40	1.41e-67	238	terminal nucleotidyltransferase 4B isoform X2 [Homo sapiens]	TRUE	TENT4B
XP_024364303.1	XP_047290432.1	0	N/A	40.549	328	40	1.63e-67	238	terminal nucleotidyltransferase 4B isoform X4 [Homo sapiens]	TRUE	TENT4B
XP_024364303.1	NP_001035374.2	0	N/A	40.549	328	40	2.04e-67	239	terminal nucleotidyltransferase 4B isoform a [Homo sapiens]	TRUE	TENT4B
XP_024364303.1	XP_011521577.1	0	N/A	40.549	328	40	2.07e-67	239	terminal nucleotidyltransferase 4B isoform X1 [Homo sapiens]	TRUE	TENT4B
XP_024364303.1	NP_001352252.1	0	N/A	40.549	328	40	2.67e-67	238	terminal nucleotidyltransferase 4B isoform c [Homo sapiens]	TRUE	TENT4B
XP_024364303.1	XP_047290431.1	0	N/A	40.549	328	40	2.74e-67	238	terminal nucleotidyltransferase 4B isoform X3 [Homo sapiens]	TRUE	TENT4B
XP_024364303.1	NP_001352253.1	0	N/A	40.549	328	40	4.25e-67	238	terminal nucleotidyltransferase 4B isoform d [Homo sapiens]	TRUE	TENT4B
XP_024364303.1	NP_001165276.2	0	N/A	39.583	336	41	4.9e-66	236	terminal nucleotidyltransferase 4A isoform 2 [Homo sapiens]	TRUE	TENT4A
XP_024364303.1	NP_008930.2	0	N/A	39.583	336	41	5.32e-66	236	terminal nucleotidyltransferase 4A isoform 1 [Homo sapiens]	TRUE	TENT4A
XP_024364303.1	XP_047272622.1	0	N/A	39.073	302	37	4.95e-60	214	terminal nucleotidyltransferase 4A isoform X1 [Homo sapiens]	TRUE	TENT4A
XP_024364303.1	XP_047272621.1	0	N/A	39.073	302	37	4.95e-60	214	terminal nucleotidyltransferase 4A isoform X1 [Homo sapiens]	TRUE	TENT4A
XP_024364303.1	XP_047272620.1	0	N/A	39.073	302	37	4.95e-60	214	terminal nucleotidyltransferase 4A isoform X1 [Homo sapiens]	TRUE	TENT4A
XP_024364303.1	XP_047272623.1	0	N/A	39.249	293	36	8.82e-58	208	terminal nucleotidyltransferase 4A isoform X2 [Homo sapiens]	TRUE	TENT4A
XP_024364303.1	XP_016864477.1	0	N/A	39.249	293	36	8.82e-58	208	terminal nucleotidyltransferase 4A isoform X2 [Homo sapiens]	TRUE	TENT4A
XP_024364303.1	XP_047272624.1	0	N/A	39.249	293	36	1.06e-57	208	terminal nucleotidyltransferase 4A isoform X3 [Homo sapiens]	TRUE	TENT4A
XP_024364303.1	NP_001317647.1	0	N/A	25	272	34	1.07e-13	77.8	terminal uridylyltransferase 7 isoform 3 [Homo sapiens]	TRUE	Tut7
XP_024364303.1	XP_047279825.1	0	N/A	25	272	34	1.74e-13	77.4	terminal uridylyltransferase 7 isoform X6 [Homo sapiens]	TRUE	Tut7
XP_024364303.1	XP_047279824.1	0	N/A	25	272	34	1.74e-13	77.4	terminal uridylyltransferase 7 isoform X6 [Homo sapiens]	TRUE	Tut7
XP_024364303.1	XP_005252264.1	0	N/A	25	272	34	1.74e-13	77.4	terminal uridylyltransferase 7 isoform X6 [Homo sapiens]	TRUE	Tut7
XP_024364303.1	XP_016870620.1	0	N/A	25	272	34	1.75e-13	77.4	terminal uridylyltransferase 7 isoform X4 [Homo sapiens]	TRUE	Tut7
XP_024364303.1	XP_016870619.1	0	N/A	25	272	34	1.75e-13	77.4	terminal uridylyltransferase 7 isoform X4 [Homo sapiens]	TRUE	Tut7
XP_024364303.1	NP_078893.2	0	N/A	25	272	34	1.75e-13	77.4	terminal uridylyltransferase 7 isoform 1 [Homo sapiens]	TRUE	Tut7
XP_024364303.1	NP_001171988.1	0	N/A	25	272	34	1.75e-13	77.4	terminal uridylyltransferase 7 isoform 1 [Homo sapiens]	TRUE	Tut7
XP_024364303.1	XP_011517318.1	0	N/A	25	272	34	1.82e-13	77.4	terminal uridylyltransferase 7 isoform X5 [Homo sapiens]	TRUE	Tut7
XP_024364303.1	XP_047279823.1	0	N/A	25	272	34	1.94e-13	77.4	terminal uridylyltransferase 7 isoform X2 [Homo sapiens]	TRUE	Tut7
XP_024364303.1	XP_006717346.1	0	N/A	25	272	34	1.94e-13	77.4	terminal uridylyltransferase 7 isoform X2 [Homo sapiens]	TRUE	Tut7
XP_024364303.1	XP_011517317.1	0	N/A	25	272	34	2.07e-13	77	terminal uridylyltransferase 7 isoform X3 [Homo sapiens]	TRUE	Tut7
XP_024364303.1	XP_011517316.1	0	N/A	25	272	34	2.66e-13	76.6	terminal uridylyltransferase 7 isoform X1 [Homo sapiens]	TRUE	Tut7
XP_024364303.1	XP_011517315.1	0	N/A	25	272	34	2.66e-13	76.6	terminal uridylyltransferase 7 isoform X1 [Homo sapiens]	TRUE	Tut7
XP_024364303.1	XP_011517314.1	0	N/A	25	272	34	2.66e-13	76.6	terminal uridylyltransferase 7 isoform X1 [Homo sapiens]	TRUE	Tut7
XP_024364303.1	XP_011517313.1	0	N/A	25	272	34	2.66e-13	76.6	terminal uridylyltransferase 7 isoform X1 [Homo sapiens]	TRUE	Tut7
XP_024364303.1	XP_005252265.1	0	N/A	25	272	34	2.76e-13	76.6	terminal uridylyltransferase 7 isoform X7 [Homo sapiens]	TRUE	Tut7
XP_024364303.1	XP_047272808.1	0	N/A	25.087	287	32	2.64e-11	69.3	poly(A) RNA polymerase GLD2 isoform X3 [Homo sapiens]	TRUE	TENT2
XP_024364303.1	XP_047272807.1	0	N/A	25.087	287	32	2.64e-11	69.3	poly(A) RNA polymerase GLD2 isoform X3 [Homo sapiens]	TRUE	TENT2
XP_024364303.1	XP_047272806.1	0	N/A	25.087	287	32	2.64e-11	69.3	poly(A) RNA polymerase GLD2 isoform X3 [Homo sapiens]	TRUE	TENT2
XP_024364303.1	NP_776158.2	0	N/A	25.087	287	32	2.64e-11	69.3	poly(A) RNA polymerase GLD2 isoform 1 [Homo sapiens]	TRUE	TENT2
XP_024364303.1	NP_001375041.1	0	N/A	25.087	287	32	2.64e-11	69.3	poly(A) RNA polymerase GLD2 isoform 1 [Homo sapiens]	TRUE	TENT2
XP_024364303.1	NP_001375040.1	0	N/A	25.087	287	32	2.64e-11	69.3	poly(A) RNA polymerase GLD2 isoform 1 [Homo sapiens]	TRUE	TENT2
XP_024364303.1	NP_001375039.1	0	N/A	25.087	287	32	2.64e-11	69.3	poly(A) RNA polymerase GLD2 isoform 1 [Homo sapiens]	TRUE	TENT2
XP_024364303.1	NP_001375038.1	0	N/A	25.087	287	32	2.64e-11	69.3	poly(A) RNA polymerase GLD2 isoform 1 [Homo sapiens]	TRUE	TENT2
XP_024364303.1	NP_001375037.1	0	N/A	25.087	287	32	2.64e-11	69.3	poly(A) RNA polymerase GLD2 isoform 1 [Homo sapiens]	TRUE	TENT2
XP_024364303.1	NP_001375036.1	0	N/A	25.087	287	32	2.64e-11	69.3	poly(A) RNA polymerase GLD2 isoform 1 [Homo sapiens]	TRUE	TENT2
XP_024364303.1	NP_001375035.1	0	N/A	25.087	287	32	2.64e-11	69.3	poly(A) RNA polymerase GLD2 isoform 1 [Homo sapiens]	TRUE	TENT2
XP_024364303.1	NP_001375034.1	0	N/A	25.087	287	32	2.64e-11	69.3	poly(A) RNA polymerase GLD2 isoform 1 [Homo sapiens]	TRUE	TENT2
XP_024364303.1	NP_001375032.1	0	N/A	25.087	287	32	2.64e-11	69.3	poly(A) RNA polymerase GLD2 isoform 1 [Homo sapiens]	TRUE	TENT2
XP_024364303.1	NP_001375031.1	0	N/A	25.087	287	32	2.64e-11	69.3	poly(A) RNA polymerase GLD2 isoform 1 [Homo sapiens]	TRUE	TENT2
XP_024364303.1	NP_001336482.1	0	N/A	25.087	287	32	2.64e-11	69.3	poly(A) RNA polymerase GLD2 isoform 1 [Homo sapiens]	TRUE	TENT2
XP_024364303.1	NP_001336481.1	0	N/A	25.087	287	32	2.64e-11	69.3	poly(A) RNA polymerase GLD2 isoform 1 [Homo sapiens]	TRUE	TENT2
XP_024364303.1	NP_001107866.1	0	N/A	25.087	287	32	2.64e-11	69.3	poly(A) RNA polymerase GLD2 isoform 1 [Homo sapiens]	TRUE	TENT2
XP_024364303.1	NP_001107865.1	0	N/A	25.087	287	32	2.64e-11	69.3	poly(A) RNA polymerase GLD2 isoform 1 [Homo sapiens]	TRUE	TENT2
XP_024364303.1	NP_001375042.1	0	N/A	25.087	287	32	3e-11	69.3	poly(A) RNA polymerase GLD2 isoform 16 [Homo sapiens]	TRUE	TENT2
XP_024364303.1	NP_001375060.1	0	N/A	25.087	287	32	3.12e-11	68.9	poly(A) RNA polymerase GLD2 isoform 11 [Homo sapiens]	TRUE	TENT2
XP_024364303.1	NP_001375059.1	0	N/A	23.759	282	32	5.6e-11	68.2	poly(A) RNA polymerase GLD2 isoform 10 [Homo sapiens]	TRUE	TENT2
XP_024364303.1	XP_047272811.1	0	N/A	23.759	282	32	5.72e-11	68.2	poly(A) RNA polymerase GLD2 isoform X4 [Homo sapiens]	TRUE	TENT2
XP_024364303.1	XP_047272810.1	0	N/A	23.759	282	32	5.72e-11	68.2	poly(A) RNA polymerase GLD2 isoform X4 [Homo sapiens]	TRUE	TENT2
XP_024364303.1	XP_047272809.1	0	N/A	23.759	282	32	5.72e-11	68.2	poly(A) RNA polymerase GLD2 isoform X4 [Homo sapiens]	TRUE	TENT2
XP_024364303.1	NP_001375058.1	0	N/A	23.759	282	32	5.72e-11	68.2	poly(A) RNA polymerase GLD2 isoform 2 [Homo sapiens]	TRUE	TENT2
XP_024364303.1	NP_001375057.1	0	N/A	23.759	282	32	5.72e-11	68.2	poly(A) RNA polymerase GLD2 isoform 2 [Homo sapiens]	TRUE	TENT2
XP_024364303.1	NP_001375056.1	0	N/A	23.759	282	32	5.72e-11	68.2	poly(A) RNA polymerase GLD2 isoform 2 [Homo sapiens]	TRUE	TENT2
XP_024364303.1	NP_001375055.1	0	N/A	23.759	282	32	5.72e-11	68.2	poly(A) RNA polymerase GLD2 isoform 2 [Homo sapiens]	TRUE	TENT2
XP_024364303.1	NP_001375054.1	0	N/A	23.759	282	32	5.72e-11	68.2	poly(A) RNA polymerase GLD2 isoform 2 [Homo sapiens]	TRUE	TENT2
XP_024364303.1	NP_001375053.1	0	N/A	23.759	282	32	5.72e-11	68.2	poly(A) RNA polymerase GLD2 isoform 2 [Homo sapiens]	TRUE	TENT2
XP_024364303.1	NP_001375052.1	0	N/A	23.759	282	32	5.72e-11	68.2	poly(A) RNA polymerase GLD2 isoform 2 [Homo sapiens]	TRUE	TENT2
XP_024364303.1	NP_001375051.1	0	N/A	23.759	282	32	5.72e-11	68.2	poly(A) RNA polymerase GLD2 isoform 2 [Homo sapiens]	TRUE	TENT2
XP_024364303.1	NP_001375050.1	0	N/A	23.759	282	32	5.72e-11	68.2	poly(A) RNA polymerase GLD2 isoform 2 [Homo sapiens]	TRUE	TENT2
XP_024364303.1	NP_001375049.1	0	N/A	23.759	282	32	5.72e-11	68.2	poly(A) RNA polymerase GLD2 isoform 2 [Homo sapiens]	TRUE	TENT2
XP_024364303.1	NP_001375048.1	0	N/A	23.759	282	32	5.72e-11	68.2	poly(A) RNA polymerase GLD2 isoform 2 [Homo sapiens]	TRUE	TENT2
XP_024364303.1	NP_001375047.1	0	N/A	23.759	282	32	5.72e-11	68.2	poly(A) RNA polymerase GLD2 isoform 2 [Homo sapiens]	TRUE	TENT2
XP_024364303.1	NP_001375046.1	0	N/A	23.759	282	32	5.72e-11	68.2	poly(A) RNA polymerase GLD2 isoform 2 [Homo sapiens]	TRUE	TENT2
XP_024364303.1	NP_001375045.1	0	N/A	23.759	282	32	5.72e-11	68.2	poly(A) RNA polymerase GLD2 isoform 2 [Homo sapiens]	TRUE	TENT2
XP_024364303.1	NP_001375044.1	0	N/A	23.759	282	32	5.72e-11	68.2	poly(A) RNA polymerase GLD2 isoform 2 [Homo sapiens]	TRUE	TENT2
XP_024364303.1	NP_001375043.1	0	N/A	23.759	282	32	5.72e-11	68.2	poly(A) RNA polymerase GLD2 isoform 2 [Homo sapiens]	TRUE	TENT2
XP_024364303.1	NP_001336483.1	0	N/A	23.759	282	32	5.72e-11	68.2	poly(A) RNA polymerase GLD2 isoform 2 [Homo sapiens]	TRUE	TENT2
XP_024364303.1	NP_001284673.1	0	N/A	23.759	282	32	5.72e-11	68.2	poly(A) RNA polymerase GLD2 isoform 2 [Homo sapiens]	TRUE	TENT2
XP_024364303.1	NP_001375061.1	0	N/A	23.759	282	32	6.27e-11	68.2	poly(A) RNA polymerase GLD2 isoform 12 [Homo sapiens]	TRUE	TENT2
XP_024364303.1	NP_001375065.1	0	N/A	23.759	282	32	7.93e-11	67	poly(A) RNA polymerase GLD2 isoform 14 [Homo sapiens]	TRUE	TENT2
XP_024364303.1	NP_001336477.1	0	N/A	26.816	179	20	1.02e-09	62.4	poly(A) RNA polymerase GLD2 isoform 4 [Homo sapiens]	TRUE	TENT2
XP_024364303.1	XP_047272820.1	0	N/A	26.816	179	20	3.14e-09	60.8	poly(A) RNA polymerase GLD2 isoform X11 [Homo sapiens]	TRUE	TENT2
XP_024364303.1	XP_047272805.1	0	N/A	22.801	307	32	3.91e-09	62.4	poly(A) RNA polymerase GLD2 isoform X2 [Homo sapiens]	TRUE	TENT2
XP_024364303.1	XP_047272804.1	0	N/A	22.801	307	32	3.91e-09	62.4	poly(A) RNA polymerase GLD2 isoform X2 [Homo sapiens]	TRUE	TENT2
XP_024364303.1	XP_047272803.1	0	N/A	22.801	307	32	3.91e-09	62.4	poly(A) RNA polymerase GLD2 isoform X2 [Homo sapiens]	TRUE	TENT2
XP_024364303.1	XP_047272802.1	0	N/A	22.801	307	32	3.91e-09	62.4	poly(A) RNA polymerase GLD2 isoform X2 [Homo sapiens]	TRUE	TENT2
XP_024364303.1	XP_016864641.1	0	N/A	22.801	307	32	3.91e-09	62.4	poly(A) RNA polymerase GLD2 isoform X2 [Homo sapiens]	TRUE	TENT2
XP_024364303.1	NP_001375026.1	0	N/A	22.801	307	32	3.91e-09	62.4	poly(A) RNA polymerase GLD2 isoform 6 [Homo sapiens]	TRUE	TENT2
XP_024364303.1	NP_001375025.1	0	N/A	22.801	307	32	3.91e-09	62.4	poly(A) RNA polymerase GLD2 isoform 6 [Homo sapiens]	TRUE	TENT2
XP_024364303.1	NP_001375024.1	0	N/A	22.801	307	32	3.91e-09	62.4	poly(A) RNA polymerase GLD2 isoform 6 [Homo sapiens]	TRUE	TENT2
XP_024364303.1	NP_001336480.1	0	N/A	22.801	307	32	3.91e-09	62.4	poly(A) RNA polymerase GLD2 isoform 6 [Homo sapiens]	TRUE	TENT2
XP_024364303.1	NP_001375027.1	0	N/A	22.801	307	32	4.44e-09	62.4	poly(A) RNA polymerase GLD2 isoform 7 [Homo sapiens]	TRUE	TENT2
XP_024364303.1	XP_047272801.1	0	N/A	27.119	236	27	6.8e-09	61.6	poly(A) RNA polymerase GLD2 isoform X1 [Homo sapiens]	TRUE	TENT2
XP_024364303.1	XP_047272800.1	0	N/A	27.119	236	27	6.8e-09	61.6	poly(A) RNA polymerase GLD2 isoform X1 [Homo sapiens]	TRUE	TENT2
XP_024364303.1	XP_011541527.1	0	N/A	27.119	236	27	6.8e-09	61.6	poly(A) RNA polymerase GLD2 isoform X1 [Homo sapiens]	TRUE	TENT2
XP_024364303.1	XP_011541526.1	0	N/A	27.119	236	27	6.8e-09	61.6	poly(A) RNA polymerase GLD2 isoform X1 [Homo sapiens]	TRUE	TENT2
XP_024364303.1	XP_011541523.1	0	N/A	27.119	236	27	6.8e-09	61.6	poly(A) RNA polymerase GLD2 isoform X1 [Homo sapiens]	TRUE	TENT2
XP_024364303.1	XP_011541522.1	0	N/A	27.119	236	27	6.8e-09	61.6	poly(A) RNA polymerase GLD2 isoform X1 [Homo sapiens]	TRUE	TENT2
XP_024364303.1	NP_001375023.1	0	N/A	27.119	236	27	6.8e-09	61.6	poly(A) RNA polymerase GLD2 isoform 5 [Homo sapiens]	TRUE	TENT2
XP_024364303.1	NP_001375022.1	0	N/A	27.119	236	27	6.8e-09	61.6	poly(A) RNA polymerase GLD2 isoform 5 [Homo sapiens]	TRUE	TENT2
XP_024364303.1	NP_001336479.1	0	N/A	27.119	236	27	6.8e-09	61.6	poly(A) RNA polymerase GLD2 isoform 5 [Homo sapiens]	TRUE	TENT2
XP_025077619.1	NP_001375065.1	0	N/A	41.867	332	71	2.55e-74	239	poly(A) RNA polymerase GLD2 isoform 14 [Homo sapiens]	TRUE	TENT2
XP_025077619.1	NP_001375061.1	0	N/A	41.867	332	71	9.27e-74	241	poly(A) RNA polymerase GLD2 isoform 12 [Homo sapiens]	TRUE	TENT2
XP_025077619.1	XP_047272811.1	0	N/A	41.867	332	71	1.25e-73	241	poly(A) RNA polymerase GLD2 isoform X4 [Homo sapiens]	TRUE	TENT2
XP_025077619.1	XP_047272810.1	0	N/A	41.867	332	71	1.25e-73	241	poly(A) RNA polymerase GLD2 isoform X4 [Homo sapiens]	TRUE	TENT2
XP_025077619.1	XP_047272809.1	0	N/A	41.867	332	71	1.25e-73	241	poly(A) RNA polymerase GLD2 isoform X4 [Homo sapiens]	TRUE	TENT2
XP_025077619.1	NP_001375058.1	0	N/A	41.867	332	71	1.25e-73	241	poly(A) RNA polymerase GLD2 isoform 2 [Homo sapiens]	TRUE	TENT2
XP_025077619.1	NP_001375057.1	0	N/A	41.867	332	71	1.25e-73	241	poly(A) RNA polymerase GLD2 isoform 2 [Homo sapiens]	TRUE	TENT2
XP_025077619.1	NP_001375056.1	0	N/A	41.867	332	71	1.25e-73	241	poly(A) RNA polymerase GLD2 isoform 2 [Homo sapiens]	TRUE	TENT2
XP_025077619.1	NP_001375055.1	0	N/A	41.867	332	71	1.25e-73	241	poly(A) RNA polymerase GLD2 isoform 2 [Homo sapiens]	TRUE	TENT2
XP_025077619.1	NP_001375054.1	0	N/A	41.867	332	71	1.25e-73	241	poly(A) RNA polymerase GLD2 isoform 2 [Homo sapiens]	TRUE	TENT2
XP_025077619.1	NP_001375053.1	0	N/A	41.867	332	71	1.25e-73	241	poly(A) RNA polymerase GLD2 isoform 2 [Homo sapiens]	TRUE	TENT2
XP_025077619.1	NP_001375052.1	0	N/A	41.867	332	71	1.25e-73	241	poly(A) RNA polymerase GLD2 isoform 2 [Homo sapiens]	TRUE	TENT2
XP_025077619.1	NP_001375051.1	0	N/A	41.867	332	71	1.25e-73	241	poly(A) RNA polymerase GLD2 isoform 2 [Homo sapiens]	TRUE	TENT2
XP_025077619.1	NP_001375050.1	0	N/A	41.867	332	71	1.25e-73	241	poly(A) RNA polymerase GLD2 isoform 2 [Homo sapiens]	TRUE	TENT2
XP_025077619.1	NP_001375049.1	0	N/A	41.867	332	71	1.25e-73	241	poly(A) RNA polymerase GLD2 isoform 2 [Homo sapiens]	TRUE	TENT2
XP_025077619.1	NP_001375048.1	0	N/A	41.867	332	71	1.25e-73	241	poly(A) RNA polymerase GLD2 isoform 2 [Homo sapiens]	TRUE	TENT2
XP_025077619.1	NP_001375047.1	0	N/A	41.867	332	71	1.25e-73	241	poly(A) RNA polymerase GLD2 isoform 2 [Homo sapiens]	TRUE	TENT2
XP_025077619.1	NP_001375046.1	0	N/A	41.867	332	71	1.25e-73	241	poly(A) RNA polymerase GLD2 isoform 2 [Homo sapiens]	TRUE	TENT2
XP_025077619.1	NP_001375045.1	0	N/A	41.867	332	71	1.25e-73	241	poly(A) RNA polymerase GLD2 isoform 2 [Homo sapiens]	TRUE	TENT2
XP_025077619.1	NP_001375044.1	0	N/A	41.867	332	71	1.25e-73	241	poly(A) RNA polymerase GLD2 isoform 2 [Homo sapiens]	TRUE	TENT2
XP_025077619.1	NP_001375043.1	0	N/A	41.867	332	71	1.25e-73	241	poly(A) RNA polymerase GLD2 isoform 2 [Homo sapiens]	TRUE	TENT2
XP_025077619.1	NP_001336483.1	0	N/A	41.867	332	71	1.25e-73	241	poly(A) RNA polymerase GLD2 isoform 2 [Homo sapiens]	TRUE	TENT2
XP_025077619.1	NP_001284673.1	0	N/A	41.867	332	71	1.25e-73	241	poly(A) RNA polymerase GLD2 isoform 2 [Homo sapiens]	TRUE	TENT2
XP_025077619.1	NP_001375059.1	0	N/A	41.867	332	71	1.33e-73	241	poly(A) RNA polymerase GLD2 isoform 10 [Homo sapiens]	TRUE	TENT2
XP_025077619.1	NP_001375060.1	0	N/A	41.493	335	71	4.82e-73	239	poly(A) RNA polymerase GLD2 isoform 11 [Homo sapiens]	TRUE	TENT2
XP_025077619.1	XP_047272808.1	0	N/A	41.493	335	71	7.19e-73	239	poly(A) RNA polymerase GLD2 isoform X3 [Homo sapiens]	TRUE	TENT2
XP_025077619.1	XP_047272807.1	0	N/A	41.493	335	71	7.19e-73	239	poly(A) RNA polymerase GLD2 isoform X3 [Homo sapiens]	TRUE	TENT2
XP_025077619.1	XP_047272806.1	0	N/A	41.493	335	71	7.19e-73	239	poly(A) RNA polymerase GLD2 isoform X3 [Homo sapiens]	TRUE	TENT2
XP_025077619.1	NP_776158.2	0	N/A	41.493	335	71	7.19e-73	239	poly(A) RNA polymerase GLD2 isoform 1 [Homo sapiens]	TRUE	TENT2
XP_025077619.1	NP_001375041.1	0	N/A	41.493	335	71	7.19e-73	239	poly(A) RNA polymerase GLD2 isoform 1 [Homo sapiens]	TRUE	TENT2
XP_025077619.1	NP_001375040.1	0	N/A	41.493	335	71	7.19e-73	239	poly(A) RNA polymerase GLD2 isoform 1 [Homo sapiens]	TRUE	TENT2
XP_025077619.1	NP_001375039.1	0	N/A	41.493	335	71	7.19e-73	239	poly(A) RNA polymerase GLD2 isoform 1 [Homo sapiens]	TRUE	TENT2
XP_025077619.1	NP_001375038.1	0	N/A	41.493	335	71	7.19e-73	239	poly(A) RNA polymerase GLD2 isoform 1 [Homo sapiens]	TRUE	TENT2
XP_025077619.1	NP_001375037.1	0	N/A	41.493	335	71	7.19e-73	239	poly(A) RNA polymerase GLD2 isoform 1 [Homo sapiens]	TRUE	TENT2
XP_025077619.1	NP_001375036.1	0	N/A	41.493	335	71	7.19e-73	239	poly(A) RNA polymerase GLD2 isoform 1 [Homo sapiens]	TRUE	TENT2
XP_025077619.1	NP_001375035.1	0	N/A	41.493	335	71	7.19e-73	239	poly(A) RNA polymerase GLD2 isoform 1 [Homo sapiens]	TRUE	TENT2
XP_025077619.1	NP_001375034.1	0	N/A	41.493	335	71	7.19e-73	239	poly(A) RNA polymerase GLD2 isoform 1 [Homo sapiens]	TRUE	TENT2
XP_025077619.1	NP_001375032.1	0	N/A	41.493	335	71	7.19e-73	239	poly(A) RNA polymerase GLD2 isoform 1 [Homo sapiens]	TRUE	TENT2
XP_025077619.1	NP_001375031.1	0	N/A	41.493	335	71	7.19e-73	239	poly(A) RNA polymerase GLD2 isoform 1 [Homo sapiens]	TRUE	TENT2
XP_025077619.1	NP_001336482.1	0	N/A	41.493	335	71	7.19e-73	239	poly(A) RNA polymerase GLD2 isoform 1 [Homo sapiens]	TRUE	TENT2
XP_025077619.1	NP_001336481.1	0	N/A	41.493	335	71	7.19e-73	239	poly(A) RNA polymerase GLD2 isoform 1 [Homo sapiens]	TRUE	TENT2
XP_025077619.1	NP_001107866.1	0	N/A	41.493	335	71	7.19e-73	239	poly(A) RNA polymerase GLD2 isoform 1 [Homo sapiens]	TRUE	TENT2
XP_025077619.1	NP_001107865.1	0	N/A	41.493	335	71	7.19e-73	239	poly(A) RNA polymerase GLD2 isoform 1 [Homo sapiens]	TRUE	TENT2
XP_025077619.1	NP_001375042.1	0	N/A	41.493	335	71	7.8e-73	239	poly(A) RNA polymerase GLD2 isoform 16 [Homo sapiens]	TRUE	TENT2
XP_025077619.1	NP_001375030.1	0	N/A	40.936	342	71	2.33e-70	233	poly(A) RNA polymerase GLD2 isoform 9 [Homo sapiens]	TRUE	TENT2
XP_025077619.1	NP_001375029.1	0	N/A	40.58	345	71	1.07e-69	231	poly(A) RNA polymerase GLD2 isoform 8 [Homo sapiens]	TRUE	TENT2
XP_025077619.1	NP_001375028.1	0	N/A	40.58	345	71	1.07e-69	231	poly(A) RNA polymerase GLD2 isoform 8 [Homo sapiens]	TRUE	TENT2
XP_025077619.1	NP_001375027.1	0	N/A	38.936	357	71	1.31e-69	231	poly(A) RNA polymerase GLD2 isoform 7 [Homo sapiens]	TRUE	TENT2
XP_025077619.1	XP_047272805.1	0	N/A	38.936	357	71	1.57e-69	231	poly(A) RNA polymerase GLD2 isoform X2 [Homo sapiens]	TRUE	TENT2
XP_025077619.1	XP_047272804.1	0	N/A	38.936	357	71	1.57e-69	231	poly(A) RNA polymerase GLD2 isoform X2 [Homo sapiens]	TRUE	TENT2
XP_025077619.1	XP_047272803.1	0	N/A	38.936	357	71	1.57e-69	231	poly(A) RNA polymerase GLD2 isoform X2 [Homo sapiens]	TRUE	TENT2
XP_025077619.1	XP_047272802.1	0	N/A	38.936	357	71	1.57e-69	231	poly(A) RNA polymerase GLD2 isoform X2 [Homo sapiens]	TRUE	TENT2
XP_025077619.1	XP_016864641.1	0	N/A	38.936	357	71	1.57e-69	231	poly(A) RNA polymerase GLD2 isoform X2 [Homo sapiens]	TRUE	TENT2
XP_025077619.1	NP_001375026.1	0	N/A	38.936	357	71	1.57e-69	231	poly(A) RNA polymerase GLD2 isoform 6 [Homo sapiens]	TRUE	TENT2
XP_025077619.1	NP_001375025.1	0	N/A	38.936	357	71	1.57e-69	231	poly(A) RNA polymerase GLD2 isoform 6 [Homo sapiens]	TRUE	TENT2
XP_025077619.1	NP_001375024.1	0	N/A	38.936	357	71	1.57e-69	231	poly(A) RNA polymerase GLD2 isoform 6 [Homo sapiens]	TRUE	TENT2
XP_025077619.1	NP_001336480.1	0	N/A	38.936	357	71	1.57e-69	231	poly(A) RNA polymerase GLD2 isoform 6 [Homo sapiens]	TRUE	TENT2
XP_025077619.1	XP_047272801.1	0	N/A	38.611	360	71	8e-69	229	poly(A) RNA polymerase GLD2 isoform X1 [Homo sapiens]	TRUE	TENT2
XP_025077619.1	XP_047272800.1	0	N/A	38.611	360	71	8e-69	229	poly(A) RNA polymerase GLD2 isoform X1 [Homo sapiens]	TRUE	TENT2
XP_025077619.1	XP_011541527.1	0	N/A	38.611	360	71	8e-69	229	poly(A) RNA polymerase GLD2 isoform X1 [Homo sapiens]	TRUE	TENT2
XP_025077619.1	XP_011541526.1	0	N/A	38.611	360	71	8e-69	229	poly(A) RNA polymerase GLD2 isoform X1 [Homo sapiens]	TRUE	TENT2
XP_025077619.1	XP_011541523.1	0	N/A	38.611	360	71	8e-69	229	poly(A) RNA polymerase GLD2 isoform X1 [Homo sapiens]	TRUE	TENT2
XP_025077619.1	XP_011541522.1	0	N/A	38.611	360	71	8e-69	229	poly(A) RNA polymerase GLD2 isoform X1 [Homo sapiens]	TRUE	TENT2
XP_025077619.1	NP_001375023.1	0	N/A	38.611	360	71	8e-69	229	poly(A) RNA polymerase GLD2 isoform 5 [Homo sapiens]	TRUE	TENT2
XP_025077619.1	NP_001375022.1	0	N/A	38.611	360	71	8e-69	229	poly(A) RNA polymerase GLD2 isoform 5 [Homo sapiens]	TRUE	TENT2
XP_025077619.1	NP_001336479.1	0	N/A	38.611	360	71	8e-69	229	poly(A) RNA polymerase GLD2 isoform 5 [Homo sapiens]	TRUE	TENT2
XP_025077619.1	NP_001336478.1	0	N/A	38.611	360	71	8e-69	229	poly(A) RNA polymerase GLD2 isoform 5 [Homo sapiens]	TRUE	TENT2
XP_025077619.1	NP_001336477.1	0	N/A	42.912	261	56	4.3e-57	191	poly(A) RNA polymerase GLD2 isoform 4 [Homo sapiens]	TRUE	TENT2
XP_025077619.1	XP_047272820.1	0	N/A	43.515	239	51	4.19e-52	178	poly(A) RNA polymerase GLD2 isoform X11 [Homo sapiens]	TRUE	TENT2
XP_025077619.1	XP_047272815.1	0	N/A	34.337	332	71	1.02e-48	174	poly(A) RNA polymerase GLD2 isoform X7 [Homo sapiens]	TRUE	TENT2
XP_025077619.1	NP_001375064.1	0	N/A	34.337	332	71	1.02e-48	174	poly(A) RNA polymerase GLD2 isoform 13 [Homo sapiens]	TRUE	TENT2
XP_025077619.1	NP_001375063.1	0	N/A	34.337	332	71	1.02e-48	174	poly(A) RNA polymerase GLD2 isoform 13 [Homo sapiens]	TRUE	TENT2
XP_025077619.1	XP_047272814.1	0	N/A	34.03	335	71	4.39e-48	173	poly(A) RNA polymerase GLD2 isoform X6 [Homo sapiens]	TRUE	TENT2
XP_025077619.1	XP_047272813.1	0	N/A	34.03	335	71	4.39e-48	173	poly(A) RNA polymerase GLD2 isoform X6 [Homo sapiens]	TRUE	TENT2
XP_025077619.1	XP_047272812.1	0	N/A	34.03	335	71	4.39e-48	173	poly(A) RNA polymerase GLD2 isoform X6 [Homo sapiens]	TRUE	TENT2
XP_025077619.1	NP_001375062.1	0	N/A	34.03	335	71	4.39e-48	173	poly(A) RNA polymerase GLD2 isoform 3 [Homo sapiens]	TRUE	TENT2
XP_025077619.1	NP_001284674.1	0	N/A	34.03	335	71	4.39e-48	173	poly(A) RNA polymerase GLD2 isoform 3 [Homo sapiens]	TRUE	TENT2
XP_025077619.1	XP_047272818.1	0	N/A	45.312	192	41	3.48e-47	168	poly(A) RNA polymerase GLD2 isoform X10 [Homo sapiens]	TRUE	TENT2
XP_025077619.1	NP_001375066.1	0	N/A	39.231	260	56	3.38e-45	161	poly(A) RNA polymerase GLD2 isoform 15 [Homo sapiens]	TRUE	TENT2
XP_025077619.1	XP_011541531.1	0	N/A	32.222	360	71	2.45e-44	163	poly(A) RNA polymerase GLD2 isoform X5 [Homo sapiens]	TRUE	TENT2
XP_025077619.1	XP_047272817.1	0	N/A	40.654	214	41	7.88e-44	159	poly(A) RNA polymerase GLD2 isoform X9 [Homo sapiens]	TRUE	TENT2
XP_025077619.1	XP_047272816.1	0	N/A	40.092	217	41	3.14e-43	158	poly(A) RNA polymerase GLD2 isoform X8 [Homo sapiens]	TRUE	TENT2
XP_025077619.1	NP_001317647.1	0	N/A	28.522	291	62	1.1e-31	130	terminal uridylyltransferase 7 isoform 3 [Homo sapiens]	TRUE	Tut7
XP_025077619.1	XP_016870620.1	0	N/A	28.522	291	62	1.39e-31	131	terminal uridylyltransferase 7 isoform X4 [Homo sapiens]	TRUE	Tut7
XP_025077619.1	XP_016870619.1	0	N/A	28.522	291	62	1.39e-31	131	terminal uridylyltransferase 7 isoform X4 [Homo sapiens]	TRUE	Tut7
XP_025077619.1	NP_078893.2	0	N/A	28.522	291	62	1.39e-31	131	terminal uridylyltransferase 7 isoform 1 [Homo sapiens]	TRUE	Tut7
XP_025077619.1	NP_001171988.1	0	N/A	28.522	291	62	1.39e-31	131	terminal uridylyltransferase 7 isoform 1 [Homo sapiens]	TRUE	Tut7
XP_025077619.1	XP_047279825.1	0	N/A	28.522	291	62	1.53e-31	130	terminal uridylyltransferase 7 isoform X6 [Homo sapiens]	TRUE	Tut7
XP_025077619.1	XP_047279824.1	0	N/A	28.522	291	62	1.53e-31	130	terminal uridylyltransferase 7 isoform X6 [Homo sapiens]	TRUE	Tut7
XP_025077619.1	XP_005252264.1	0	N/A	28.522	291	62	1.53e-31	130	terminal uridylyltransferase 7 isoform X6 [Homo sapiens]	TRUE	Tut7
XP_025077619.1	XP_011517318.1	0	N/A	28.522	291	62	1.61e-31	130	terminal uridylyltransferase 7 isoform X5 [Homo sapiens]	TRUE	Tut7
XP_025077619.1	XP_047279823.1	0	N/A	28.522	291	62	1.61e-31	130	terminal uridylyltransferase 7 isoform X2 [Homo sapiens]	TRUE	Tut7
XP_025077619.1	XP_006717346.1	0	N/A	28.522	291	62	1.61e-31	130	terminal uridylyltransferase 7 isoform X2 [Homo sapiens]	TRUE	Tut7
XP_025077619.1	XP_005252265.1	0	N/A	28.522	291	62	1.66e-31	130	terminal uridylyltransferase 7 isoform X7 [Homo sapiens]	TRUE	Tut7
XP_025077619.1	XP_011517316.1	0	N/A	28.522	291	62	1.72e-31	130	terminal uridylyltransferase 7 isoform X1 [Homo sapiens]	TRUE	Tut7
XP_025077619.1	XP_011517315.1	0	N/A	28.522	291	62	1.72e-31	130	terminal uridylyltransferase 7 isoform X1 [Homo sapiens]	TRUE	Tut7
XP_025077619.1	XP_011517314.1	0	N/A	28.522	291	62	1.72e-31	130	terminal uridylyltransferase 7 isoform X1 [Homo sapiens]	TRUE	Tut7
XP_025077619.1	XP_011517313.1	0	N/A	28.522	291	62	1.72e-31	130	terminal uridylyltransferase 7 isoform X1 [Homo sapiens]	TRUE	Tut7
XP_025077619.1	XP_011517317.1	0	N/A	28.522	291	62	1.99e-31	130	terminal uridylyltransferase 7 isoform X3 [Homo sapiens]	TRUE	Tut7
XP_025077619.1	XP_047272295.1	0	N/A	32.836	268	56	4.89e-29	123	terminal uridylyltransferase 4 isoform X12 [Homo sapiens]	TRUE	Tut4
XP_025082763.1	NP_060579.3	0	N/A	34.004	497	99	5.29e-84	272	poly(A) RNA polymerase, mitochondrial precursor [Homo sapiens]	TRUE	mtPAP
XP_025082763.1	NP_073741.3	0	N/A	30.916	262	52	1.6e-32	134	speckle targeted PIP5K1A-regulated poly(A) polymerase isoform 1 [Homo sapiens]	TRUE	Tut1
XP_025082763.1	XP_005252265.1	0	N/A	26.409	337	68	1.33e-24	110	terminal uridylyltransferase 7 isoform X7 [Homo sapiens]	TRUE	Tut7
XP_025082763.1	XP_047279823.1	0	N/A	26.409	337	68	1.54e-24	110	terminal uridylyltransferase 7 isoform X2 [Homo sapiens]	TRUE	Tut7
XP_025082763.1	XP_006717346.1	0	N/A	26.409	337	68	1.54e-24	110	terminal uridylyltransferase 7 isoform X2 [Homo sapiens]	TRUE	Tut7
XP_025082763.1	XP_011517317.1	0	N/A	26.409	337	68	1.57e-24	110	terminal uridylyltransferase 7 isoform X3 [Homo sapiens]	TRUE	Tut7
XP_025082763.1	NP_001317647.1	0	N/A	26.409	337	68	1.57e-24	109	terminal uridylyltransferase 7 isoform 3 [Homo sapiens]	TRUE	Tut7
XP_025082763.1	XP_011517316.1	0	N/A	26.409	337	68	1.65e-24	110	terminal uridylyltransferase 7 isoform X1 [Homo sapiens]	TRUE	Tut7
XP_025082763.1	XP_011517315.1	0	N/A	26.409	337	68	1.65e-24	110	terminal uridylyltransferase 7 isoform X1 [Homo sapiens]	TRUE	Tut7
XP_025082763.1	XP_011517314.1	0	N/A	26.409	337	68	1.65e-24	110	terminal uridylyltransferase 7 isoform X1 [Homo sapiens]	TRUE	Tut7
XP_025082763.1	XP_011517313.1	0	N/A	26.409	337	68	1.65e-24	110	terminal uridylyltransferase 7 isoform X1 [Homo sapiens]	TRUE	Tut7
XP_025082763.1	XP_016870620.1	0	N/A	26.409	337	68	1.72e-24	110	terminal uridylyltransferase 7 isoform X4 [Homo sapiens]	TRUE	Tut7
XP_025082763.1	XP_016870619.1	0	N/A	26.409	337	68	1.72e-24	110	terminal uridylyltransferase 7 isoform X4 [Homo sapiens]	TRUE	Tut7
XP_025082763.1	NP_078893.2	0	N/A	26.409	337	68	1.72e-24	110	terminal uridylyltransferase 7 isoform 1 [Homo sapiens]	TRUE	Tut7
XP_025082763.1	NP_001171988.1	0	N/A	26.409	337	68	1.72e-24	110	terminal uridylyltransferase 7 isoform 1 [Homo sapiens]	TRUE	Tut7
XP_025082763.1	XP_047279825.1	0	N/A	26.409	337	68	1.81e-24	110	terminal uridylyltransferase 7 isoform X6 [Homo sapiens]	TRUE	Tut7
XP_025082763.1	XP_047279824.1	0	N/A	26.409	337	68	1.81e-24	110	terminal uridylyltransferase 7 isoform X6 [Homo sapiens]	TRUE	Tut7
XP_025082763.1	XP_005252264.1	0	N/A	26.409	337	68	1.81e-24	110	terminal uridylyltransferase 7 isoform X6 [Homo sapiens]	TRUE	Tut7
XP_025082763.1	XP_011517318.1	0	N/A	26.409	337	68	1.83e-24	110	terminal uridylyltransferase 7 isoform X5 [Homo sapiens]	TRUE	Tut7
XP_025082763.1	XP_047272296.1	0	N/A	26.216	370	75	5.36e-23	105	terminal uridylyltransferase 4 isoform X13 [Homo sapiens]	TRUE	Tut4
XP_025082763.1	XP_047272295.1	0	N/A	26.216	370	75	5.4e-23	105	terminal uridylyltransferase 4 isoform X12 [Homo sapiens]	TRUE	Tut4
XP_025082763.1	XP_047272350.1	0	N/A	26.216	370	75	5.84e-23	105	terminal uridylyltransferase 4 isoform X34 [Homo sapiens]	TRUE	Tut4
XP_025082763.1	XP_047272305.1	0	N/A	26.216	370	75	6.07e-23	105	terminal uridylyltransferase 4 isoform X17 [Homo sapiens]	TRUE	Tut4
XP_025082763.1	XP_047272286.1	0	N/A	26.216	370	75	6.08e-23	105	terminal uridylyltransferase 4 isoform X8 [Homo sapiens]	TRUE	Tut4
XP_025082763.1	XP_047272344.1	0	N/A	26.216	370	75	6.12e-23	105	terminal uridylyltransferase 4 isoform X30 [Homo sapiens]	TRUE	Tut4
XP_025082763.1	XP_047272372.1	0	N/A	26.216	370	75	6.17e-23	105	terminal uridylyltransferase 4 isoform X42 [Homo sapiens]	TRUE	Tut4
XP_025082763.1	XP_047272290.1	0	N/A	26.216	370	75	6.19e-23	105	terminal uridylyltransferase 4 isoform X11 [Homo sapiens]	TRUE	Tut4
XP_025082763.1	XP_011539399.1	0	N/A	29.259	270	54	1.06e-22	104	terminal uridylyltransferase 4 isoform X1 [Homo sapiens]	TRUE	Tut4
XP_025082763.1	XP_005270733.1	0	N/A	29.259	270	54	1.06e-22	104	terminal uridylyltransferase 4 isoform X1 [Homo sapiens]	TRUE	Tut4
XP_025082763.1	XP_011539401.1	0	N/A	29.259	270	54	1.11e-22	104	terminal uridylyltransferase 4 isoform X29 [Homo sapiens]	TRUE	Tut4
XP_025082763.1	XP_047272384.1	0	N/A	27.551	294	59	1.13e-22	104	terminal uridylyltransferase 4 isoform X46 [Homo sapiens]	TRUE	Tut4
XP_025082763.1	XP_016856297.1	0	N/A	29.259	270	54	1.14e-22	104	terminal uridylyltransferase 4 isoform X36 [Homo sapiens]	TRUE	Tut4
XP_025082763.1	XP_005270735.1	0	N/A	29.259	270	54	1.16e-22	104	terminal uridylyltransferase 4 isoform X2 [Homo sapiens]	TRUE	Tut4
XP_025082763.1	XP_016856295.1	0	N/A	29.259	270	54	1.17e-22	104	terminal uridylyltransferase 4 isoform X25 [Homo sapiens]	TRUE	Tut4
XP_025082763.1	XP_047272280.1	0	N/A	29.259	270	54	1.17e-22	104	terminal uridylyltransferase 4 isoform X3 [Homo sapiens]	TRUE	Tut4
XP_025082763.1	XP_005270736.1	0	N/A	29.259	270	54	1.17e-22	104	terminal uridylyltransferase 4 isoform X3 [Homo sapiens]	TRUE	Tut4
XP_025082763.1	XP_005270739.1	0	N/A	29.259	270	54	1.18e-22	104	terminal uridylyltransferase 4 isoform X33 [Homo sapiens]	TRUE	Tut4
XP_025082763.1	XP_047272325.1	0	N/A	29.259	270	54	1.21e-22	104	terminal uridylyltransferase 4 isoform X23 [Homo sapiens]	TRUE	Tut4
XP_025082763.1	XP_047272365.1	0	N/A	29.259	270	54	1.21e-22	104	terminal uridylyltransferase 4 isoform X38 [Homo sapiens]	TRUE	Tut4
XP_025082763.1	XP_047272345.1	0	N/A	29.259	270	54	1.22e-22	104	terminal uridylyltransferase 4 isoform X31 [Homo sapiens]	TRUE	Tut4
XP_025082763.1	XP_016856292.1	0	N/A	29.259	270	54	1.23e-22	104	terminal uridylyltransferase 4 isoform X9 [Homo sapiens]	TRUE	Tut4
XP_025082763.1	XP_016856296.1	0	N/A	29.259	270	54	1.27e-22	104	terminal uridylyltransferase 4 isoform X28 [Homo sapiens]	TRUE	Tut4
XP_025082763.1	XP_016856299.1	0	N/A	29.259	270	54	1.29e-22	104	terminal uridylyltransferase 4 isoform X40 [Homo sapiens]	TRUE	Tut4
XP_025082763.1	XP_047272281.1	0	N/A	29.259	270	54	1.29e-22	104	terminal uridylyltransferase 4 isoform X4 [Homo sapiens]	TRUE	Tut4
XP_025082763.1	NP_001009881.1	0	N/A	29.259	270	54	1.29e-22	104	terminal uridylyltransferase 4 isoform a [Homo sapiens]	TRUE	Tut4
XP_025082763.1	XP_047272283.1	0	N/A	29.259	270	54	1.31e-22	104	terminal uridylyltransferase 4 isoform X6 [Homo sapiens]	TRUE	Tut4
XP_025082763.1	XP_005270737.1	0	N/A	29.259	270	54	1.31e-22	104	terminal uridylyltransferase 4 isoform X6 [Homo sapiens]	TRUE	Tut4
XP_025082763.1	XP_047272282.1	0	N/A	29.259	270	54	1.34e-22	104	terminal uridylyltransferase 4 isoform X5 [Homo sapiens]	TRUE	Tut4
XP_025082763.1	NP_056084.1	0	N/A	29.259	270	54	1.34e-22	104	terminal uridylyltransferase 4 isoform b [Homo sapiens]	TRUE	Tut4
XP_025082763.1	XP_047272285.1	0	N/A	29.259	270	54	1.36e-22	104	terminal uridylyltransferase 4 isoform X7 [Homo sapiens]	TRUE	Tut4
XP_025082763.1	XP_047272337.1	0	N/A	29.259	270	54	1.36e-22	104	terminal uridylyltransferase 4 isoform X27 [Homo sapiens]	TRUE	Tut4
XP_025082763.1	XP_016856293.1	0	N/A	29.259	270	54	1.38e-22	104	terminal uridylyltransferase 4 isoform X16 [Homo sapiens]	TRUE	Tut4
XP_025082763.1	XP_047272288.1	0	N/A	29.259	270	54	1.48e-22	104	terminal uridylyltransferase 4 isoform X10 [Homo sapiens]	TRUE	Tut4
XP_025082763.1	NP_001375065.1	0	N/A	24.926	337	69	6.6e-21	96.3	poly(A) RNA polymerase GLD2 isoform 14 [Homo sapiens]	TRUE	TENT2
XP_025082763.1	XP_047272811.1	0	N/A	24.926	337	69	7.87e-21	97.4	poly(A) RNA polymerase GLD2 isoform X4 [Homo sapiens]	TRUE	TENT2
XP_025082763.1	XP_047272810.1	0	N/A	24.926	337	69	7.87e-21	97.4	poly(A) RNA polymerase GLD2 isoform X4 [Homo sapiens]	TRUE	TENT2
XP_025082763.1	XP_047272809.1	0	N/A	24.926	337	69	7.87e-21	97.4	poly(A) RNA polymerase GLD2 isoform X4 [Homo sapiens]	TRUE	TENT2
XP_025082763.1	NP_001375058.1	0	N/A	24.926	337	69	7.87e-21	97.4	poly(A) RNA polymerase GLD2 isoform 2 [Homo sapiens]	TRUE	TENT2
XP_025082763.1	NP_001375057.1	0	N/A	24.926	337	69	7.87e-21	97.4	poly(A) RNA polymerase GLD2 isoform 2 [Homo sapiens]	TRUE	TENT2
XP_025082763.1	NP_001375056.1	0	N/A	24.926	337	69	7.87e-21	97.4	poly(A) RNA polymerase GLD2 isoform 2 [Homo sapiens]	TRUE	TENT2
XP_025082763.1	NP_001375055.1	0	N/A	24.926	337	69	7.87e-21	97.4	poly(A) RNA polymerase GLD2 isoform 2 [Homo sapiens]	TRUE	TENT2
XP_025082763.1	NP_001375054.1	0	N/A	24.926	337	69	7.87e-21	97.4	poly(A) RNA polymerase GLD2 isoform 2 [Homo sapiens]	TRUE	TENT2
XP_025082763.1	NP_001375053.1	0	N/A	24.926	337	69	7.87e-21	97.4	poly(A) RNA polymerase GLD2 isoform 2 [Homo sapiens]	TRUE	TENT2
XP_025082763.1	NP_001375052.1	0	N/A	24.926	337	69	7.87e-21	97.4	poly(A) RNA polymerase GLD2 isoform 2 [Homo sapiens]	TRUE	TENT2
XP_025082763.1	NP_001375051.1	0	N/A	24.926	337	69	7.87e-21	97.4	poly(A) RNA polymerase GLD2 isoform 2 [Homo sapiens]	TRUE	TENT2
XP_025082763.1	NP_001375050.1	0	N/A	24.926	337	69	7.87e-21	97.4	poly(A) RNA polymerase GLD2 isoform 2 [Homo sapiens]	TRUE	TENT2
XP_025082763.1	NP_001375049.1	0	N/A	24.926	337	69	7.87e-21	97.4	poly(A) RNA polymerase GLD2 isoform 2 [Homo sapiens]	TRUE	TENT2
XP_025082763.1	NP_001375048.1	0	N/A	24.926	337	69	7.87e-21	97.4	poly(A) RNA polymerase GLD2 isoform 2 [Homo sapiens]	TRUE	TENT2
XP_025082763.1	NP_001375047.1	0	N/A	24.926	337	69	7.87e-21	97.4	poly(A) RNA polymerase GLD2 isoform 2 [Homo sapiens]	TRUE	TENT2
XP_025082763.1	NP_001375046.1	0	N/A	24.926	337	69	7.87e-21	97.4	poly(A) RNA polymerase GLD2 isoform 2 [Homo sapiens]	TRUE	TENT2
XP_025082763.1	NP_001375045.1	0	N/A	24.926	337	69	7.87e-21	97.4	poly(A) RNA polymerase GLD2 isoform 2 [Homo sapiens]	TRUE	TENT2
XP_025082763.1	NP_001375044.1	0	N/A	24.926	337	69	7.87e-21	97.4	poly(A) RNA polymerase GLD2 isoform 2 [Homo sapiens]	TRUE	TENT2
XP_025082763.1	NP_001375043.1	0	N/A	24.926	337	69	7.87e-21	97.4	poly(A) RNA polymerase GLD2 isoform 2 [Homo sapiens]	TRUE	TENT2
XP_025082763.1	NP_001336483.1	0	N/A	24.926	337	69	7.87e-21	97.4	poly(A) RNA polymerase GLD2 isoform 2 [Homo sapiens]	TRUE	TENT2
XP_025082763.1	NP_001284673.1	0	N/A	24.926	337	69	7.87e-21	97.4	poly(A) RNA polymerase GLD2 isoform 2 [Homo sapiens]	TRUE	TENT2
XP_025082763.1	NP_001375061.1	0	N/A	24.926	337	69	8.14e-21	97.1	poly(A) RNA polymerase GLD2 isoform 12 [Homo sapiens]	TRUE	TENT2
XP_025082763.1	NP_001375059.1	0	N/A	24.926	337	69	8.43e-21	97.4	poly(A) RNA polymerase GLD2 isoform 10 [Homo sapiens]	TRUE	TENT2
XP_025082763.1	NP_001375042.1	0	N/A	24.926	337	69	4.01e-20	95.5	poly(A) RNA polymerase GLD2 isoform 16 [Homo sapiens]	TRUE	TENT2
XP_025082763.1	NP_001375060.1	0	N/A	24.926	337	69	4.08e-20	95.1	poly(A) RNA polymerase GLD2 isoform 11 [Homo sapiens]	TRUE	TENT2
XP_025082763.1	XP_047272808.1	0	N/A	24.926	337	69	4.26e-20	95.1	poly(A) RNA polymerase GLD2 isoform X3 [Homo sapiens]	TRUE	TENT2
XP_025082763.1	XP_047272807.1	0	N/A	24.926	337	69	4.26e-20	95.1	poly(A) RNA polymerase GLD2 isoform X3 [Homo sapiens]	TRUE	TENT2
XP_025082763.1	XP_047272806.1	0	N/A	24.926	337	69	4.26e-20	95.1	poly(A) RNA polymerase GLD2 isoform X3 [Homo sapiens]	TRUE	TENT2
XP_025082763.1	NP_776158.2	0	N/A	24.926	337	69	4.26e-20	95.1	poly(A) RNA polymerase GLD2 isoform 1 [Homo sapiens]	TRUE	TENT2
XP_025082763.1	NP_001375041.1	0	N/A	24.926	337	69	4.26e-20	95.1	poly(A) RNA polymerase GLD2 isoform 1 [Homo sapiens]	TRUE	TENT2
XP_025082763.1	NP_001375040.1	0	N/A	24.926	337	69	4.26e-20	95.1	poly(A) RNA polymerase GLD2 isoform 1 [Homo sapiens]	TRUE	TENT2
XP_025082763.1	NP_001375039.1	0	N/A	24.926	337	69	4.26e-20	95.1	poly(A) RNA polymerase GLD2 isoform 1 [Homo sapiens]	TRUE	TENT2
XP_025082763.1	NP_001375038.1	0	N/A	24.926	337	69	4.26e-20	95.1	poly(A) RNA polymerase GLD2 isoform 1 [Homo sapiens]	TRUE	TENT2
XP_025082763.1	NP_001375037.1	0	N/A	24.926	337	69	4.26e-20	95.1	poly(A) RNA polymerase GLD2 isoform 1 [Homo sapiens]	TRUE	TENT2
XP_025082763.1	NP_001375036.1	0	N/A	24.926	337	69	4.26e-20	95.1	poly(A) RNA polymerase GLD2 isoform 1 [Homo sapiens]	TRUE	TENT2
XP_025082763.1	NP_001375035.1	0	N/A	24.926	337	69	4.26e-20	95.1	poly(A) RNA polymerase GLD2 isoform 1 [Homo sapiens]	TRUE	TENT2
XP_025082763.1	NP_001375034.1	0	N/A	24.926	337	69	4.26e-20	95.1	poly(A) RNA polymerase GLD2 isoform 1 [Homo sapiens]	TRUE	TENT2
XP_025082763.1	NP_001375032.1	0	N/A	24.926	337	69	4.26e-20	95.1	poly(A) RNA polymerase GLD2 isoform 1 [Homo sapiens]	TRUE	TENT2
XP_025082763.1	NP_001375031.1	0	N/A	24.926	337	69	4.26e-20	95.1	poly(A) RNA polymerase GLD2 isoform 1 [Homo sapiens]	TRUE	TENT2
XP_025082763.1	NP_001336482.1	0	N/A	24.926	337	69	4.26e-20	95.1	poly(A) RNA polymerase GLD2 isoform 1 [Homo sapiens]	TRUE	TENT2
XP_025082763.1	NP_001336481.1	0	N/A	24.926	337	69	4.26e-20	95.1	poly(A) RNA polymerase GLD2 isoform 1 [Homo sapiens]	TRUE	TENT2
XP_025082763.1	NP_001107866.1	0	N/A	24.926	337	69	4.26e-20	95.1	poly(A) RNA polymerase GLD2 isoform 1 [Homo sapiens]	TRUE	TENT2
XP_025082763.1	NP_001107865.1	0	N/A	24.926	337	69	4.26e-20	95.1	poly(A) RNA polymerase GLD2 isoform 1 [Homo sapiens]	TRUE	TENT2
XP_025082763.1	XP_047272805.1	0	N/A	25.723	346	69	1e-19	94.4	poly(A) RNA polymerase GLD2 isoform X2 [Homo sapiens]	TRUE	TENT2
XP_025082763.1	XP_047272804.1	0	N/A	25.723	346	69	1e-19	94.4	poly(A) RNA polymerase GLD2 isoform X2 [Homo sapiens]	TRUE	TENT2
XP_025082763.1	XP_047272803.1	0	N/A	25.723	346	69	1e-19	94.4	poly(A) RNA polymerase GLD2 isoform X2 [Homo sapiens]	TRUE	TENT2
XP_025083858.1	NP_060579.3	0	N/A	26.185	401	89	4.52e-38	147	poly(A) RNA polymerase, mitochondrial precursor [Homo sapiens]	TRUE	mtPAP
XP_025083858.1	NP_073741.3	0	N/A	49.55	111	25	4.64e-24	107	speckle targeted PIP5K1A-regulated poly(A) polymerase isoform 1 [Homo sapiens]	TRUE	Tut1
XP_025083858.1	NP_001354835.1	0	N/A	26.852	216	49	7.15e-20	94.4	speckle targeted PIP5K1A-regulated poly(A) polymerase isoform 2 [Homo sapiens]	TRUE	Tut1
XP_025083858.1	NP_001317647.1	0	N/A	29.648	199	45	4.95e-17	86.3	terminal uridylyltransferase 7 isoform 3 [Homo sapiens]	TRUE	Tut7
XP_025083858.1	XP_016870620.1	0	N/A	28.505	214	48	7.34e-17	86.3	terminal uridylyltransferase 7 isoform X4 [Homo sapiens]	TRUE	Tut7
XP_025083858.1	XP_016870619.1	0	N/A	28.505	214	48	7.34e-17	86.3	terminal uridylyltransferase 7 isoform X4 [Homo sapiens]	TRUE	Tut7
XP_025083858.1	NP_078893.2	0	N/A	28.505	214	48	7.34e-17	86.3	terminal uridylyltransferase 7 isoform 1 [Homo sapiens]	TRUE	Tut7
XP_025083858.1	NP_001171988.1	0	N/A	28.505	214	48	7.34e-17	86.3	terminal uridylyltransferase 7 isoform 1 [Homo sapiens]	TRUE	Tut7
XP_025083858.1	XP_047279823.1	0	N/A	29.648	199	45	7.39e-17	86.3	terminal uridylyltransferase 7 isoform X2 [Homo sapiens]	TRUE	Tut7
XP_025083858.1	XP_006717346.1	0	N/A	29.648	199	45	7.39e-17	86.3	terminal uridylyltransferase 7 isoform X2 [Homo sapiens]	TRUE	Tut7
XP_025083858.1	XP_047279825.1	0	N/A	29.648	199	45	7.45e-17	85.9	terminal uridylyltransferase 7 isoform X6 [Homo sapiens]	TRUE	Tut7
XP_025083858.1	XP_047279824.1	0	N/A	29.648	199	45	7.45e-17	85.9	terminal uridylyltransferase 7 isoform X6 [Homo sapiens]	TRUE	Tut7
XP_025083858.1	XP_005252264.1	0	N/A	29.648	199	45	7.45e-17	85.9	terminal uridylyltransferase 7 isoform X6 [Homo sapiens]	TRUE	Tut7
XP_025083858.1	XP_005252265.1	0	N/A	29.648	199	45	7.93e-17	85.9	terminal uridylyltransferase 7 isoform X7 [Homo sapiens]	TRUE	Tut7
XP_025083858.1	XP_011517317.1	0	N/A	29.648	199	45	8.37e-17	85.9	terminal uridylyltransferase 7 isoform X3 [Homo sapiens]	TRUE	Tut7
XP_025083858.1	XP_011517318.1	0	N/A	29.648	199	45	8.69e-17	85.9	terminal uridylyltransferase 7 isoform X5 [Homo sapiens]	TRUE	Tut7
XP_025083858.1	XP_011517316.1	0	N/A	29.648	199	45	9.17e-17	85.9	terminal uridylyltransferase 7 isoform X1 [Homo sapiens]	TRUE	Tut7
XP_025083858.1	XP_011517315.1	0	N/A	29.648	199	45	9.17e-17	85.9	terminal uridylyltransferase 7 isoform X1 [Homo sapiens]	TRUE	Tut7
XP_025083858.1	XP_011517314.1	0	N/A	29.648	199	45	9.17e-17	85.9	terminal uridylyltransferase 7 isoform X1 [Homo sapiens]	TRUE	Tut7
XP_025083858.1	XP_011517313.1	0	N/A	29.648	199	45	9.17e-17	85.9	terminal uridylyltransferase 7 isoform X1 [Homo sapiens]	TRUE	Tut7
XP_025083858.1	NP_001172003.1	0	N/A	30.769	169	38	4.04e-13	74.3	terminal uridylyltransferase 7 isoform 2 [Homo sapiens]	TRUE	Tut7
XP_025083858.1	XP_047272325.1	0	N/A	24.885	217	49	3.73e-12	71.2	terminal uridylyltransferase 4 isoform X23 [Homo sapiens]	TRUE	Tut4
XP_025083858.1	XP_011539399.1	0	N/A	24.885	217	49	3.86e-12	71.2	terminal uridylyltransferase 4 isoform X1 [Homo sapiens]	TRUE	Tut4
XP_025083858.1	XP_005270733.1	0	N/A	24.885	217	49	3.86e-12	71.2	terminal uridylyltransferase 4 isoform X1 [Homo sapiens]	TRUE	Tut4
XP_025083858.1	XP_016856295.1	0	N/A	24.885	217	49	3.89e-12	71.2	terminal uridylyltransferase 4 isoform X25 [Homo sapiens]	TRUE	Tut4
XP_025083858.1	XP_005270735.1	0	N/A	24.885	217	49	3.89e-12	71.2	terminal uridylyltransferase 4 isoform X2 [Homo sapiens]	TRUE	Tut4
XP_025083858.1	XP_016856294.1	0	N/A	24.885	217	49	3.94e-12	71.2	terminal uridylyltransferase 4 isoform X20 [Homo sapiens]	TRUE	Tut4
XP_025083858.1	XP_047272280.1	0	N/A	24.885	217	49	4.03e-12	71.2	terminal uridylyltransferase 4 isoform X3 [Homo sapiens]	TRUE	Tut4
XP_025083858.1	XP_005270736.1	0	N/A	24.885	217	49	4.03e-12	71.2	terminal uridylyltransferase 4 isoform X3 [Homo sapiens]	TRUE	Tut4
XP_025083858.1	XP_047272303.1	0	N/A	24.885	217	49	4.08e-12	71.2	terminal uridylyltransferase 4 isoform X15 [Homo sapiens]	TRUE	Tut4
XP_025083858.1	XP_047272348.1	0	N/A	24.885	217	49	4.08e-12	71.2	terminal uridylyltransferase 4 isoform X32 [Homo sapiens]	TRUE	Tut4
XP_025083858.1	XP_005270738.1	0	N/A	24.885	217	49	4.12e-12	71.2	terminal uridylyltransferase 4 isoform X14 [Homo sapiens]	TRUE	Tut4
XP_025083858.1	XP_047272290.1	0	N/A	24.885	217	49	4.27e-12	71.2	terminal uridylyltransferase 4 isoform X11 [Homo sapiens]	TRUE	Tut4
XP_025083858.1	XP_047272344.1	0	N/A	24.885	217	49	4.27e-12	71.2	terminal uridylyltransferase 4 isoform X30 [Homo sapiens]	TRUE	Tut4
XP_025083858.1	XP_047272286.1	0	N/A	24.885	217	49	4.31e-12	71.2	terminal uridylyltransferase 4 isoform X8 [Homo sapiens]	TRUE	Tut4
XP_025083858.1	XP_047272281.1	0	N/A	24.885	217	49	4.4e-12	71.2	terminal uridylyltransferase 4 isoform X4 [Homo sapiens]	TRUE	Tut4
XP_025083858.1	NP_001009881.1	0	N/A	24.885	217	49	4.4e-12	71.2	terminal uridylyltransferase 4 isoform a [Homo sapiens]	TRUE	Tut4
XP_025083858.1	XP_047272307.1	0	N/A	24.885	217	49	4.41e-12	71.2	terminal uridylyltransferase 4 isoform X19 [Homo sapiens]	TRUE	Tut4
XP_025083858.1	XP_047272306.1	0	N/A	24.885	217	49	4.42e-12	71.2	terminal uridylyltransferase 4 isoform X18 [Homo sapiens]	TRUE	Tut4
XP_025083858.1	XP_047272337.1	0	N/A	24.885	217	49	4.44e-12	71.2	terminal uridylyltransferase 4 isoform X27 [Homo sapiens]	TRUE	Tut4
XP_025083858.1	XP_047272367.1	0	N/A	24.885	217	49	4.49e-12	71.2	terminal uridylyltransferase 4 isoform X39 [Homo sapiens]	TRUE	Tut4
XP_025083858.1	XP_047272354.1	0	N/A	24.885	217	49	4.49e-12	71.2	terminal uridylyltransferase 4 isoform X35 [Homo sapiens]	TRUE	Tut4
XP_025083858.1	XP_047272282.1	0	N/A	24.885	217	49	4.55e-12	71.2	terminal uridylyltransferase 4 isoform X5 [Homo sapiens]	TRUE	Tut4
XP_025083858.1	NP_056084.1	0	N/A	24.885	217	49	4.55e-12	71.2	terminal uridylyltransferase 4 isoform b [Homo sapiens]	TRUE	Tut4
XP_025083858.1	XP_047272283.1	0	N/A	24.885	217	49	4.59e-12	71.2	terminal uridylyltransferase 4 isoform X6 [Homo sapiens]	TRUE	Tut4
XP_025083858.1	XP_005270737.1	0	N/A	24.885	217	49	4.59e-12	71.2	terminal uridylyltransferase 4 isoform X6 [Homo sapiens]	TRUE	Tut4
XP_025083858.1	XP_016856296.1	0	N/A	24.885	217	49	4.59e-12	71.2	terminal uridylyltransferase 4 isoform X28 [Homo sapiens]	TRUE	Tut4
XP_025083858.1	XP_047272296.1	0	N/A	24.885	217	49	4.7e-12	70.9	terminal uridylyltransferase 4 isoform X13 [Homo sapiens]	TRUE	Tut4
XP_025083858.1	XP_047272362.1	0	N/A	24.885	217	49	4.78e-12	70.9	terminal uridylyltransferase 4 isoform X37 [Homo sapiens]	TRUE	Tut4
XP_025083858.1	XP_047272295.1	0	N/A	24.885	217	49	4.78e-12	70.9	terminal uridylyltransferase 4 isoform X12 [Homo sapiens]	TRUE	Tut4
XP_025083858.1	XP_047272305.1	0	N/A	24.885	217	49	4.91e-12	70.9	terminal uridylyltransferase 4 isoform X17 [Homo sapiens]	TRUE	Tut4
XP_025083858.1	XP_047272350.1	0	N/A	24.885	217	49	5.08e-12	70.9	terminal uridylyltransferase 4 isoform X34 [Homo sapiens]	TRUE	Tut4
XP_025083858.1	XP_016856292.1	0	N/A	28.125	192	43	5.75e-12	70.9	terminal uridylyltransferase 4 isoform X9 [Homo sapiens]	TRUE	Tut4
XP_025083858.1	XP_011539401.1	0	N/A	28.125	192	43	5.81e-12	70.9	terminal uridylyltransferase 4 isoform X29 [Homo sapiens]	TRUE	Tut4
XP_025083858.1	XP_047272384.1	0	N/A	28.125	192	43	5.81e-12	70.5	terminal uridylyltransferase 4 isoform X46 [Homo sapiens]	TRUE	Tut4
XP_025083858.1	XP_016856297.1	0	N/A	28.125	192	43	5.84e-12	70.9	terminal uridylyltransferase 4 isoform X36 [Homo sapiens]	TRUE	Tut4
XP_025083858.1	XP_047272345.1	0	N/A	28.125	192	43	5.85e-12	70.9	terminal uridylyltransferase 4 isoform X31 [Homo sapiens]	TRUE	Tut4
XP_025083858.1	XP_047272365.1	0	N/A	28.125	192	43	5.89e-12	70.9	terminal uridylyltransferase 4 isoform X38 [Homo sapiens]	TRUE	Tut4
XP_025083858.1	XP_005270739.1	0	N/A	28.125	192	43	5.9e-12	70.9	terminal uridylyltransferase 4 isoform X33 [Homo sapiens]	TRUE	Tut4
XP_025083858.1	XP_047272372.1	0	N/A	27.638	199	45	6.03e-12	70.9	terminal uridylyltransferase 4 isoform X42 [Homo sapiens]	TRUE	Tut4
XP_025083858.1	XP_016856299.1	0	N/A	28.125	192	43	6.05e-12	70.9	terminal uridylyltransferase 4 isoform X40 [Homo sapiens]	TRUE	Tut4
XP_025083858.1	XP_047272285.1	0	N/A	28.125	192	43	6.12e-12	70.9	terminal uridylyltransferase 4 isoform X7 [Homo sapiens]	TRUE	Tut4
XP_025083858.1	XP_047272288.1	0	N/A	28.125	192	43	6.22e-12	70.5	terminal uridylyltransferase 4 isoform X10 [Homo sapiens]	TRUE	Tut4
XP_025083858.1	XP_016856293.1	0	N/A	28.125	192	43	6.67e-12	70.5	terminal uridylyltransferase 4 isoform X16 [Homo sapiens]	TRUE	Tut4
XP_025083858.1	NP_001375027.1	0	N/A	27.917	240	54	7.41e-12	69.7	poly(A) RNA polymerase GLD2 isoform 7 [Homo sapiens]	TRUE	TENT2
XP_025083858.1	XP_047272805.1	0	N/A	27.917	240	54	7.63e-12	69.7	poly(A) RNA polymerase GLD2 isoform X2 [Homo sapiens]	TRUE	TENT2
XP_025083858.1	XP_047272804.1	0	N/A	27.917	240	54	7.63e-12	69.7	poly(A) RNA polymerase GLD2 isoform X2 [Homo sapiens]	TRUE	TENT2
XP_025083858.1	XP_047272803.1	0	N/A	27.917	240	54	7.63e-12	69.7	poly(A) RNA polymerase GLD2 isoform X2 [Homo sapiens]	TRUE	TENT2
XP_025083858.1	XP_047272802.1	0	N/A	27.917	240	54	7.63e-12	69.7	poly(A) RNA polymerase GLD2 isoform X2 [Homo sapiens]	TRUE	TENT2
XP_025083858.1	XP_016864641.1	0	N/A	27.917	240	54	7.63e-12	69.7	poly(A) RNA polymerase GLD2 isoform X2 [Homo sapiens]	TRUE	TENT2
XP_025083858.1	NP_001375026.1	0	N/A	27.917	240	54	7.63e-12	69.7	poly(A) RNA polymerase GLD2 isoform 6 [Homo sapiens]	TRUE	TENT2
XP_025083858.1	NP_001375025.1	0	N/A	27.917	240	54	7.63e-12	69.7	poly(A) RNA polymerase GLD2 isoform 6 [Homo sapiens]	TRUE	TENT2
XP_025083858.1	NP_001375024.1	0	N/A	27.917	240	54	7.63e-12	69.7	poly(A) RNA polymerase GLD2 isoform 6 [Homo sapiens]	TRUE	TENT2
XP_025083858.1	NP_001336480.1	0	N/A	27.917	240	54	7.63e-12	69.7	poly(A) RNA polymerase GLD2 isoform 6 [Homo sapiens]	TRUE	TENT2
XP_025083858.1	XP_047272801.1	0	N/A	27.5	240	54	2.06e-11	68.2	poly(A) RNA polymerase GLD2 isoform X1 [Homo sapiens]	TRUE	TENT2
XP_025083858.1	XP_047272800.1	0	N/A	27.5	240	54	2.06e-11	68.2	poly(A) RNA polymerase GLD2 isoform X1 [Homo sapiens]	TRUE	TENT2
XP_025083858.1	XP_011541527.1	0	N/A	27.5	240	54	2.06e-11	68.2	poly(A) RNA polymerase GLD2 isoform X1 [Homo sapiens]	TRUE	TENT2
XP_025083858.1	XP_011541526.1	0	N/A	27.5	240	54	2.06e-11	68.2	poly(A) RNA polymerase GLD2 isoform X1 [Homo sapiens]	TRUE	TENT2
XP_025083858.1	XP_011541523.1	0	N/A	27.5	240	54	2.06e-11	68.2	poly(A) RNA polymerase GLD2 isoform X1 [Homo sapiens]	TRUE	TENT2
XP_025083858.1	XP_011541522.1	0	N/A	27.5	240	54	2.06e-11	68.2	poly(A) RNA polymerase GLD2 isoform X1 [Homo sapiens]	TRUE	TENT2
XP_025083858.1	NP_001375023.1	0	N/A	27.5	240	54	2.06e-11	68.2	poly(A) RNA polymerase GLD2 isoform 5 [Homo sapiens]	TRUE	TENT2
XP_025083858.1	NP_001375022.1	0	N/A	27.5	240	54	2.06e-11	68.2	poly(A) RNA polymerase GLD2 isoform 5 [Homo sapiens]	TRUE	TENT2
XP_025083858.1	NP_001336479.1	0	N/A	27.5	240	54	2.06e-11	68.2	poly(A) RNA polymerase GLD2 isoform 5 [Homo sapiens]	TRUE	TENT2
XP_025083858.1	NP_001336478.1	0	N/A	27.5	240	54	2.06e-11	68.2	poly(A) RNA polymerase GLD2 isoform 5 [Homo sapiens]	TRUE	TENT2
XP_025083858.1	XP_047272817.1	0	N/A	28.054	221	50	2.18e-10	64.7	poly(A) RNA polymerase GLD2 isoform X9 [Homo sapiens]	TRUE	TENT2
XP_025083858.1	XP_047272816.1	0	N/A	28.054	221	50	6.24e-10	63.2	poly(A) RNA polymerase GLD2 isoform X8 [Homo sapiens]	TRUE	TENT2
XP_025083858.1	NP_001375065.1	0	N/A	26.033	242	54	6.41e-10	63.2	poly(A) RNA polymerase GLD2 isoform 14 [Homo sapiens]	TRUE	TENT2
XP_025083858.1	XP_047272811.1	0	N/A	26.033	242	54	6.42e-10	63.5	poly(A) RNA polymerase GLD2 isoform X4 [Homo sapiens]	TRUE	TENT2
XP_025083858.1	XP_047272810.1	0	N/A	26.033	242	54	6.42e-10	63.5	poly(A) RNA polymerase GLD2 isoform X4 [Homo sapiens]	TRUE	TENT2
XP_025083858.1	XP_047272809.1	0	N/A	26.033	242	54	6.42e-10	63.5	poly(A) RNA polymerase GLD2 isoform X4 [Homo sapiens]	TRUE	TENT2
XP_025083858.1	NP_001375058.1	0	N/A	26.033	242	54	6.42e-10	63.5	poly(A) RNA polymerase GLD2 isoform 2 [Homo sapiens]	TRUE	TENT2
XP_025083858.1	NP_001375057.1	0	N/A	26.033	242	54	6.42e-10	63.5	poly(A) RNA polymerase GLD2 isoform 2 [Homo sapiens]	TRUE	TENT2
XP_025083858.1	NP_001375056.1	0	N/A	26.033	242	54	6.42e-10	63.5	poly(A) RNA polymerase GLD2 isoform 2 [Homo sapiens]	TRUE	TENT2
XP_025083858.1	NP_001375055.1	0	N/A	26.033	242	54	6.42e-10	63.5	poly(A) RNA polymerase GLD2 isoform 2 [Homo sapiens]	TRUE	TENT2
XP_025083858.1	NP_001375054.1	0	N/A	26.033	242	54	6.42e-10	63.5	poly(A) RNA polymerase GLD2 isoform 2 [Homo sapiens]	TRUE	TENT2
XP_025083858.1	NP_001375053.1	0	N/A	26.033	242	54	6.42e-10	63.5	poly(A) RNA polymerase GLD2 isoform 2 [Homo sapiens]	TRUE	TENT2
XP_025083858.1	NP_001375052.1	0	N/A	26.033	242	54	6.42e-10	63.5	poly(A) RNA polymerase GLD2 isoform 2 [Homo sapiens]	TRUE	TENT2
XP_025083858.1	NP_001375051.1	0	N/A	26.033	242	54	6.42e-10	63.5	poly(A) RNA polymerase GLD2 isoform 2 [Homo sapiens]	TRUE	TENT2
XP_025083858.1	NP_001375050.1	0	N/A	26.033	242	54	6.42e-10	63.5	poly(A) RNA polymerase GLD2 isoform 2 [Homo sapiens]	TRUE	TENT2
XP_025083858.1	NP_001375049.1	0	N/A	26.033	242	54	6.42e-10	63.5	poly(A) RNA polymerase GLD2 isoform 2 [Homo sapiens]	TRUE	TENT2
XP_025109952.1	NP_001317647.1	0	N/A	50.314	477	23	1.2e-145	474	terminal uridylyltransferase 7 isoform 3 [Homo sapiens]	TRUE	Tut7
XP_025109952.1	XP_005252265.1	0	N/A	54.286	420	21	1.59e-139	474	terminal uridylyltransferase 7 isoform X7 [Homo sapiens]	TRUE	Tut7
XP_025109952.1	XP_047272384.1	0	N/A	54.869	421	21	2.28e-139	461	terminal uridylyltransferase 4 isoform X46 [Homo sapiens]	TRUE	Tut4
XP_025109952.1	XP_047279825.1	0	N/A	50.42	476	23	2.98e-139	475	terminal uridylyltransferase 7 isoform X6 [Homo sapiens]	TRUE	Tut7
XP_025109952.1	XP_047279824.1	0	N/A	50.42	476	23	2.98e-139	475	terminal uridylyltransferase 7 isoform X6 [Homo sapiens]	TRUE	Tut7
XP_025109952.1	XP_005252264.1	0	N/A	50.42	476	23	2.98e-139	475	terminal uridylyltransferase 7 isoform X6 [Homo sapiens]	TRUE	Tut7
XP_025109952.1	XP_016870620.1	0	N/A	50.42	476	23	4.91e-139	475	terminal uridylyltransferase 7 isoform X4 [Homo sapiens]	TRUE	Tut7
XP_025109952.1	XP_016870619.1	0	N/A	50.42	476	23	4.91e-139	475	terminal uridylyltransferase 7 isoform X4 [Homo sapiens]	TRUE	Tut7
XP_025109952.1	NP_078893.2	0	N/A	50.42	476	23	4.91e-139	475	terminal uridylyltransferase 7 isoform 1 [Homo sapiens]	TRUE	Tut7
XP_025109952.1	NP_001171988.1	0	N/A	50.42	476	23	4.91e-139	475	terminal uridylyltransferase 7 isoform 1 [Homo sapiens]	TRUE	Tut7
XP_025109952.1	XP_011517318.1	0	N/A	50.42	476	23	5.98e-139	474	terminal uridylyltransferase 7 isoform X5 [Homo sapiens]	TRUE	Tut7
XP_025109952.1	XP_047279823.1	0	N/A	49.794	486	24	6.05e-139	476	terminal uridylyltransferase 7 isoform X2 [Homo sapiens]	TRUE	Tut7
XP_025109952.1	XP_006717346.1	0	N/A	49.794	486	24	6.05e-139	476	terminal uridylyltransferase 7 isoform X2 [Homo sapiens]	TRUE	Tut7
XP_025109952.1	XP_011517317.1	0	N/A	50.42	476	23	8.53e-139	475	terminal uridylyltransferase 7 isoform X3 [Homo sapiens]	TRUE	Tut7
XP_025109952.1	XP_011517316.1	0	N/A	50.42	476	23	2.77e-138	474	terminal uridylyltransferase 7 isoform X1 [Homo sapiens]	TRUE	Tut7
XP_025109952.1	XP_011517315.1	0	N/A	50.42	476	23	2.77e-138	474	terminal uridylyltransferase 7 isoform X1 [Homo sapiens]	TRUE	Tut7
XP_025109952.1	XP_011517314.1	0	N/A	50.42	476	23	2.77e-138	474	terminal uridylyltransferase 7 isoform X1 [Homo sapiens]	TRUE	Tut7
XP_025109952.1	XP_011517313.1	0	N/A	50.42	476	23	2.77e-138	474	terminal uridylyltransferase 7 isoform X1 [Homo sapiens]	TRUE	Tut7
XP_025109952.1	XP_016856299.1	0	N/A	54.869	421	21	1.04e-136	469	terminal uridylyltransferase 4 isoform X40 [Homo sapiens]	TRUE	Tut4
XP_025109952.1	XP_005270739.1	0	N/A	54.869	421	21	1.48e-136	469	terminal uridylyltransferase 4 isoform X33 [Homo sapiens]	TRUE	Tut4
XP_025109952.1	XP_016856297.1	0	N/A	54.869	421	21	1.73e-136	468	terminal uridylyltransferase 4 isoform X36 [Homo sapiens]	TRUE	Tut4
XP_025109952.1	XP_047272365.1	0	N/A	54.869	421	21	1.98e-136	468	terminal uridylyltransferase 4 isoform X38 [Homo sapiens]	TRUE	Tut4
XP_025109952.1	XP_047272345.1	0	N/A	54.869	421	21	2.62e-136	468	terminal uridylyltransferase 4 isoform X31 [Homo sapiens]	TRUE	Tut4
XP_025109952.1	XP_011539401.1	0	N/A	54.869	421	21	2.74e-136	468	terminal uridylyltransferase 4 isoform X29 [Homo sapiens]	TRUE	Tut4
XP_025109952.1	XP_016856292.1	0	N/A	54.869	421	21	3e-136	469	terminal uridylyltransferase 4 isoform X9 [Homo sapiens]	TRUE	Tut4
XP_025109952.1	XP_016856293.1	0	N/A	54.869	421	21	3.23e-136	469	terminal uridylyltransferase 4 isoform X16 [Homo sapiens]	TRUE	Tut4
XP_025109952.1	XP_047272285.1	0	N/A	54.869	421	21	3.65e-136	469	terminal uridylyltransferase 4 isoform X7 [Homo sapiens]	TRUE	Tut4
XP_025109952.1	XP_047272288.1	0	N/A	54.869	421	21	4.18e-136	469	terminal uridylyltransferase 4 isoform X10 [Homo sapiens]	TRUE	Tut4
XP_025109952.1	XP_016856296.1	0	N/A	54.869	421	21	6.21e-136	468	terminal uridylyltransferase 4 isoform X28 [Homo sapiens]	TRUE	Tut4
XP_025109952.1	XP_047272281.1	0	N/A	54.869	421	21	6.66e-136	469	terminal uridylyltransferase 4 isoform X4 [Homo sapiens]	TRUE	Tut4
XP_025109952.1	NP_001009881.1	0	N/A	54.869	421	21	6.66e-136	469	terminal uridylyltransferase 4 isoform a [Homo sapiens]	TRUE	Tut4
XP_025109952.1	XP_047272282.1	0	N/A	54.869	421	21	6.83e-136	469	terminal uridylyltransferase 4 isoform X5 [Homo sapiens]	TRUE	Tut4
XP_025109952.1	NP_056084.1	0	N/A	54.869	421	21	6.83e-136	469	terminal uridylyltransferase 4 isoform b [Homo sapiens]	TRUE	Tut4
XP_025109952.1	XP_047272337.1	0	N/A	54.869	421	21	6.83e-136	467	terminal uridylyltransferase 4 isoform X27 [Homo sapiens]	TRUE	Tut4
XP_025109952.1	XP_047272283.1	0	N/A	54.869	421	21	7.4e-136	468	terminal uridylyltransferase 4 isoform X6 [Homo sapiens]	TRUE	Tut4
XP_025109952.1	XP_005270737.1	0	N/A	54.869	421	21	7.4e-136	468	terminal uridylyltransferase 4 isoform X6 [Homo sapiens]	TRUE	Tut4
XP_025109952.1	XP_016856295.1	0	N/A	54.869	421	21	7.92e-136	467	terminal uridylyltransferase 4 isoform X25 [Homo sapiens]	TRUE	Tut4
XP_025109952.1	XP_047272325.1	0	N/A	54.869	421	21	8.62e-136	467	terminal uridylyltransferase 4 isoform X23 [Homo sapiens]	TRUE	Tut4
XP_025109952.1	XP_047272280.1	0	N/A	54.869	421	21	8.67e-136	468	terminal uridylyltransferase 4 isoform X3 [Homo sapiens]	TRUE	Tut4
XP_025109952.1	XP_005270736.1	0	N/A	54.869	421	21	8.67e-136	468	terminal uridylyltransferase 4 isoform X3 [Homo sapiens]	TRUE	Tut4
XP_025109952.1	XP_011539399.1	0	N/A	54.869	421	21	8.82e-136	468	terminal uridylyltransferase 4 isoform X1 [Homo sapiens]	TRUE	Tut4
XP_025109952.1	XP_005270733.1	0	N/A	54.869	421	21	8.82e-136	468	terminal uridylyltransferase 4 isoform X1 [Homo sapiens]	TRUE	Tut4
XP_025109952.1	XP_005270735.1	0	N/A	54.869	421	21	8.87e-136	468	terminal uridylyltransferase 4 isoform X2 [Homo sapiens]	TRUE	Tut4
XP_025109952.1	XP_047272372.1	0	N/A	53.81	420	21	3.76e-131	452	terminal uridylyltransferase 4 isoform X42 [Homo sapiens]	TRUE	Tut4
XP_025109952.1	XP_047272296.1	0	N/A	53.81	420	21	1.4e-130	452	terminal uridylyltransferase 4 isoform X13 [Homo sapiens]	TRUE	Tut4
XP_025109952.1	XP_047272295.1	0	N/A	53.81	420	21	1.4e-130	452	terminal uridylyltransferase 4 isoform X12 [Homo sapiens]	TRUE	Tut4
XP_025109952.1	XP_047272350.1	0	N/A	53.81	420	21	1.57e-130	451	terminal uridylyltransferase 4 isoform X34 [Homo sapiens]	TRUE	Tut4
XP_025109952.1	XP_047272305.1	0	N/A	53.81	420	21	1.65e-130	452	terminal uridylyltransferase 4 isoform X17 [Homo sapiens]	TRUE	Tut4
XP_025109952.1	XP_047272344.1	0	N/A	53.81	420	21	1.79e-130	451	terminal uridylyltransferase 4 isoform X30 [Homo sapiens]	TRUE	Tut4
XP_025109952.1	XP_047272286.1	0	N/A	53.81	420	21	2.07e-130	452	terminal uridylyltransferase 4 isoform X8 [Homo sapiens]	TRUE	Tut4
XP_025109952.1	XP_047272290.1	0	N/A	53.81	420	21	2.17e-130	452	terminal uridylyltransferase 4 isoform X11 [Homo sapiens]	TRUE	Tut4
XP_025109952.1	XP_047272373.1	0	N/A	47.506	421	21	8.73e-109	385	terminal uridylyltransferase 4 isoform X43 [Homo sapiens]	TRUE	Tut4
XP_025109952.1	XP_047272377.1	0	N/A	47.506	421	21	1.02e-108	385	terminal uridylyltransferase 4 isoform X44 [Homo sapiens]	TRUE	Tut4
XP_025109952.1	XP_047272369.1	0	N/A	47.506	421	21	1.47e-108	385	terminal uridylyltransferase 4 isoform X41 [Homo sapiens]	TRUE	Tut4
XP_025109952.1	XP_047272336.1	0	N/A	47.506	421	21	1.91e-108	385	terminal uridylyltransferase 4 isoform X26 [Homo sapiens]	TRUE	Tut4
XP_025109952.1	XP_047272311.1	0	N/A	47.506	421	21	1.99e-108	385	terminal uridylyltransferase 4 isoform X21 [Homo sapiens]	TRUE	Tut4
XP_025109952.1	XP_047272320.1	0	N/A	47.506	421	21	2.11e-108	385	terminal uridylyltransferase 4 isoform X22 [Homo sapiens]	TRUE	Tut4
XP_025109952.1	XP_047272367.1	0	N/A	47.506	421	21	2.76e-108	384	terminal uridylyltransferase 4 isoform X39 [Homo sapiens]	TRUE	Tut4
XP_025109952.1	XP_047272327.1	0	N/A	47.506	421	21	2.92e-108	385	terminal uridylyltransferase 4 isoform X24 [Homo sapiens]	TRUE	Tut4
XP_025109952.1	XP_047272362.1	0	N/A	47.506	421	21	2.92e-108	384	terminal uridylyltransferase 4 isoform X37 [Homo sapiens]	TRUE	Tut4
XP_025109952.1	XP_047272354.1	0	N/A	47.506	421	21	3.08e-108	384	terminal uridylyltransferase 4 isoform X35 [Homo sapiens]	TRUE	Tut4
XP_025109952.1	XP_016856294.1	0	N/A	47.506	421	21	3.34e-108	385	terminal uridylyltransferase 4 isoform X20 [Homo sapiens]	TRUE	Tut4
XP_025109952.1	XP_047272306.1	0	N/A	47.506	421	21	3.38e-108	385	terminal uridylyltransferase 4 isoform X18 [Homo sapiens]	TRUE	Tut4
XP_025109952.1	XP_047272307.1	0	N/A	47.506	421	21	3.55e-108	385	terminal uridylyltransferase 4 isoform X19 [Homo sapiens]	TRUE	Tut4
XP_025109952.1	XP_047272303.1	0	N/A	47.506	421	21	3.62e-108	385	terminal uridylyltransferase 4 isoform X15 [Homo sapiens]	TRUE	Tut4
XP_025109952.1	XP_005270738.1	0	N/A	47.506	421	21	3.69e-108	385	terminal uridylyltransferase 4 isoform X14 [Homo sapiens]	TRUE	Tut4
XP_025109952.1	XP_047272348.1	0	N/A	47.506	421	21	4.56e-108	384	terminal uridylyltransferase 4 isoform X32 [Homo sapiens]	TRUE	Tut4
XP_025109952.1	NP_001172003.1	0	N/A	51.714	350	17	6.43e-101	358	terminal uridylyltransferase 7 isoform 2 [Homo sapiens]	TRUE	Tut7
XP_025109952.1	XP_047279826.1	0	N/A	30.443	519	23	4.13e-57	219	terminal uridylyltransferase 7 isoform X8 [Homo sapiens]	TRUE	Tut7
XP_025109952.1	XP_016856307.1	0	N/A	32.902	386	19	5.44e-53	206	terminal uridylyltransferase 4 isoform X45 [Homo sapiens]	TRUE	Tut4
XP_025109952.1	NP_001375065.1	0	N/A	33.228	316	15	6.16e-42	161	poly(A) RNA polymerase GLD2 isoform 14 [Homo sapiens]	TRUE	TENT2
XP_025109952.1	NP_001375061.1	0	N/A	33.228	316	15	8.16e-42	163	poly(A) RNA polymerase GLD2 isoform 12 [Homo sapiens]	TRUE	TENT2
XP_025109952.1	NP_001375059.1	0	N/A	33.228	316	15	1.05e-41	163	poly(A) RNA polymerase GLD2 isoform 10 [Homo sapiens]	TRUE	TENT2
XP_025109952.1	XP_047272811.1	0	N/A	33.228	316	15	1.13e-41	163	poly(A) RNA polymerase GLD2 isoform X4 [Homo sapiens]	TRUE	TENT2
XP_025109952.1	XP_047272810.1	0	N/A	33.228	316	15	1.13e-41	163	poly(A) RNA polymerase GLD2 isoform X4 [Homo sapiens]	TRUE	TENT2
XP_025109952.1	XP_047272809.1	0	N/A	33.228	316	15	1.13e-41	163	poly(A) RNA polymerase GLD2 isoform X4 [Homo sapiens]	TRUE	TENT2
XP_025109952.1	NP_001375058.1	0	N/A	33.228	316	15	1.13e-41	163	poly(A) RNA polymerase GLD2 isoform 2 [Homo sapiens]	TRUE	TENT2
XP_025109952.1	NP_001375057.1	0	N/A	33.228	316	15	1.13e-41	163	poly(A) RNA polymerase GLD2 isoform 2 [Homo sapiens]	TRUE	TENT2
XP_025109952.1	NP_001375056.1	0	N/A	33.228	316	15	1.13e-41	163	poly(A) RNA polymerase GLD2 isoform 2 [Homo sapiens]	TRUE	TENT2
XP_025109952.1	NP_001375055.1	0	N/A	33.228	316	15	1.13e-41	163	poly(A) RNA polymerase GLD2 isoform 2 [Homo sapiens]	TRUE	TENT2
XP_025109952.1	NP_001375054.1	0	N/A	33.228	316	15	1.13e-41	163	poly(A) RNA polymerase GLD2 isoform 2 [Homo sapiens]	TRUE	TENT2
XP_025109952.1	NP_001375053.1	0	N/A	33.228	316	15	1.13e-41	163	poly(A) RNA polymerase GLD2 isoform 2 [Homo sapiens]	TRUE	TENT2
XP_025109952.1	NP_001375052.1	0	N/A	33.228	316	15	1.13e-41	163	poly(A) RNA polymerase GLD2 isoform 2 [Homo sapiens]	TRUE	TENT2
XP_025109952.1	NP_001375051.1	0	N/A	33.228	316	15	1.13e-41	163	poly(A) RNA polymerase GLD2 isoform 2 [Homo sapiens]	TRUE	TENT2
XP_025109952.1	NP_001375050.1	0	N/A	33.228	316	15	1.13e-41	163	poly(A) RNA polymerase GLD2 isoform 2 [Homo sapiens]	TRUE	TENT2
XP_025109952.1	NP_001375049.1	0	N/A	33.228	316	15	1.13e-41	163	poly(A) RNA polymerase GLD2 isoform 2 [Homo sapiens]	TRUE	TENT2
XP_025109952.1	NP_001375048.1	0	N/A	33.228	316	15	1.13e-41	163	poly(A) RNA polymerase GLD2 isoform 2 [Homo sapiens]	TRUE	TENT2
XP_025109952.1	NP_001375047.1	0	N/A	33.228	316	15	1.13e-41	163	poly(A) RNA polymerase GLD2 isoform 2 [Homo sapiens]	TRUE	TENT2
XP_025109952.1	NP_001375046.1	0	N/A	33.228	316	15	1.13e-41	163	poly(A) RNA polymerase GLD2 isoform 2 [Homo sapiens]	TRUE	TENT2
XP_025109952.1	NP_001375045.1	0	N/A	33.228	316	15	1.13e-41	163	poly(A) RNA polymerase GLD2 isoform 2 [Homo sapiens]	TRUE	TENT2
XP_025109952.1	NP_001375044.1	0	N/A	33.228	316	15	1.13e-41	163	poly(A) RNA polymerase GLD2 isoform 2 [Homo sapiens]	TRUE	TENT2
XP_025109952.1	NP_001375043.1	0	N/A	33.228	316	15	1.13e-41	163	poly(A) RNA polymerase GLD2 isoform 2 [Homo sapiens]	TRUE	TENT2
XP_025109952.1	NP_001336483.1	0	N/A	33.228	316	15	1.13e-41	163	poly(A) RNA polymerase GLD2 isoform 2 [Homo sapiens]	TRUE	TENT2
XP_025109952.1	NP_001284673.1	0	N/A	33.228	316	15	1.13e-41	163	poly(A) RNA polymerase GLD2 isoform 2 [Homo sapiens]	TRUE	TENT2
XP_025109952.1	NP_001375060.1	0	N/A	32.188	320	15	4.87e-40	158	poly(A) RNA polymerase GLD2 isoform 11 [Homo sapiens]	TRUE	TENT2
XP_025109952.1	NP_001375042.1	0	N/A	32.188	320	15	5.39e-40	158	poly(A) RNA polymerase GLD2 isoform 16 [Homo sapiens]	TRUE	TENT2
XP_025109952.1	XP_047272808.1	0	N/A	32.188	320	15	5.91e-40	158	poly(A) RNA polymerase GLD2 isoform X3 [Homo sapiens]	TRUE	TENT2
XP_025109952.1	XP_047272807.1	0	N/A	32.188	320	15	5.91e-40	158	poly(A) RNA polymerase GLD2 isoform X3 [Homo sapiens]	TRUE	TENT2
XP_025109952.1	XP_047272806.1	0	N/A	32.188	320	15	5.91e-40	158	poly(A) RNA polymerase GLD2 isoform X3 [Homo sapiens]	TRUE	TENT2
XP_025109952.1	NP_776158.2	0	N/A	32.188	320	15	5.91e-40	158	poly(A) RNA polymerase GLD2 isoform 1 [Homo sapiens]	TRUE	TENT2
XP_025115205.1	XP_047290433.1	0	N/A	67.925	318	46	1.52e-158	468	terminal nucleotidyltransferase 4B isoform X6 [Homo sapiens]	TRUE	TENT4B
XP_025115205.1	XP_011521580.1	0	N/A	67.925	318	46	1.83e-158	469	terminal nucleotidyltransferase 4B isoform X5 [Homo sapiens]	TRUE	TENT4B
XP_025115205.1	NP_001035375.2	0	N/A	67.398	319	46	5.93e-156	468	terminal nucleotidyltransferase 4B isoform b [Homo sapiens]	TRUE	TENT4B
XP_025115205.1	XP_011521578.1	0	N/A	67.398	319	46	6.12e-156	468	terminal nucleotidyltransferase 4B isoform X2 [Homo sapiens]	TRUE	TENT4B
XP_025115205.1	XP_047290432.1	0	N/A	67.398	319	46	7.09e-156	467	terminal nucleotidyltransferase 4B isoform X4 [Homo sapiens]	TRUE	TENT4B
XP_025115205.1	NP_001352252.1	0	N/A	67.398	319	46	9.58e-156	468	terminal nucleotidyltransferase 4B isoform c [Homo sapiens]	TRUE	TENT4B
XP_025115205.1	NP_001035374.2	0	N/A	67.398	319	46	1.06e-155	469	terminal nucleotidyltransferase 4B isoform a [Homo sapiens]	TRUE	TENT4B
XP_025115205.1	XP_011521577.1	0	N/A	67.398	319	46	1.09e-155	469	terminal nucleotidyltransferase 4B isoform X1 [Homo sapiens]	TRUE	TENT4B
XP_025115205.1	XP_047290431.1	0	N/A	67.398	319	46	1.51e-155	467	terminal nucleotidyltransferase 4B isoform X3 [Homo sapiens]	TRUE	TENT4B
XP_025115205.1	NP_001352253.1	0	N/A	67.398	319	46	3.97e-155	468	terminal nucleotidyltransferase 4B isoform d [Homo sapiens]	TRUE	TENT4B
XP_025115205.1	NP_001165276.2	0	N/A	61.584	341	48	6.87e-147	449	terminal nucleotidyltransferase 4A isoform 2 [Homo sapiens]	TRUE	TENT4A
XP_025115205.1	NP_008930.2	0	N/A	61.584	341	48	6.98e-147	449	terminal nucleotidyltransferase 4A isoform 1 [Homo sapiens]	TRUE	TENT4A
XP_025115205.1	XP_047272622.1	0	N/A	61.515	330	47	8.38e-143	430	terminal nucleotidyltransferase 4A isoform X1 [Homo sapiens]	TRUE	TENT4A
XP_025115205.1	XP_047272621.1	0	N/A	61.515	330	47	8.38e-143	430	terminal nucleotidyltransferase 4A isoform X1 [Homo sapiens]	TRUE	TENT4A
XP_025115205.1	XP_047272620.1	0	N/A	61.515	330	47	8.38e-143	430	terminal nucleotidyltransferase 4A isoform X1 [Homo sapiens]	TRUE	TENT4A
XP_025115205.1	XP_047272624.1	0	N/A	61.059	321	45	1.69e-137	416	terminal nucleotidyltransferase 4A isoform X3 [Homo sapiens]	TRUE	TENT4A
XP_025115205.1	XP_047272623.1	0	N/A	61.059	321	45	1.92e-137	416	terminal nucleotidyltransferase 4A isoform X2 [Homo sapiens]	TRUE	TENT4A
XP_025115205.1	XP_016864477.1	0	N/A	61.059	321	45	1.92e-137	416	terminal nucleotidyltransferase 4A isoform X2 [Homo sapiens]	TRUE	TENT4A
XP_025115205.1	NP_001375059.1	0	N/A	22.54	315	40	3.86e-11	68.6	poly(A) RNA polymerase GLD2 isoform 10 [Homo sapiens]	TRUE	TENT2
XP_025115205.1	XP_047272811.1	0	N/A	22.54	315	40	4.08e-11	68.6	poly(A) RNA polymerase GLD2 isoform X4 [Homo sapiens]	TRUE	TENT2
XP_025115205.1	XP_047272810.1	0	N/A	22.54	315	40	4.08e-11	68.6	poly(A) RNA polymerase GLD2 isoform X4 [Homo sapiens]	TRUE	TENT2
XP_025115205.1	XP_047272809.1	0	N/A	22.54	315	40	4.08e-11	68.6	poly(A) RNA polymerase GLD2 isoform X4 [Homo sapiens]	TRUE	TENT2
XP_025115205.1	NP_001375058.1	0	N/A	22.54	315	40	4.08e-11	68.6	poly(A) RNA polymerase GLD2 isoform 2 [Homo sapiens]	TRUE	TENT2
XP_025115205.1	NP_001375057.1	0	N/A	22.54	315	40	4.08e-11	68.6	poly(A) RNA polymerase GLD2 isoform 2 [Homo sapiens]	TRUE	TENT2
XP_025115205.1	NP_001375056.1	0	N/A	22.54	315	40	4.08e-11	68.6	poly(A) RNA polymerase GLD2 isoform 2 [Homo sapiens]	TRUE	TENT2
XP_025115205.1	NP_001375055.1	0	N/A	22.54	315	40	4.08e-11	68.6	poly(A) RNA polymerase GLD2 isoform 2 [Homo sapiens]	TRUE	TENT2
XP_025115205.1	NP_001375054.1	0	N/A	22.54	315	40	4.08e-11	68.6	poly(A) RNA polymerase GLD2 isoform 2 [Homo sapiens]	TRUE	TENT2
XP_025115205.1	NP_001375053.1	0	N/A	22.54	315	40	4.08e-11	68.6	poly(A) RNA polymerase GLD2 isoform 2 [Homo sapiens]	TRUE	TENT2
XP_025115205.1	NP_001375052.1	0	N/A	22.54	315	40	4.08e-11	68.6	poly(A) RNA polymerase GLD2 isoform 2 [Homo sapiens]	TRUE	TENT2
XP_025115205.1	NP_001375051.1	0	N/A	22.54	315	40	4.08e-11	68.6	poly(A) RNA polymerase GLD2 isoform 2 [Homo sapiens]	TRUE	TENT2
XP_025115205.1	NP_001375050.1	0	N/A	22.54	315	40	4.08e-11	68.6	poly(A) RNA polymerase GLD2 isoform 2 [Homo sapiens]	TRUE	TENT2
XP_025115205.1	NP_001375049.1	0	N/A	22.54	315	40	4.08e-11	68.6	poly(A) RNA polymerase GLD2 isoform 2 [Homo sapiens]	TRUE	TENT2
XP_025115205.1	NP_001375048.1	0	N/A	22.54	315	40	4.08e-11	68.6	poly(A) RNA polymerase GLD2 isoform 2 [Homo sapiens]	TRUE	TENT2
XP_025115205.1	NP_001375047.1	0	N/A	22.54	315	40	4.08e-11	68.6	poly(A) RNA polymerase GLD2 isoform 2 [Homo sapiens]	TRUE	TENT2
XP_025115205.1	NP_001375046.1	0	N/A	22.54	315	40	4.08e-11	68.6	poly(A) RNA polymerase GLD2 isoform 2 [Homo sapiens]	TRUE	TENT2
XP_025115205.1	NP_001375045.1	0	N/A	22.54	315	40	4.08e-11	68.6	poly(A) RNA polymerase GLD2 isoform 2 [Homo sapiens]	TRUE	TENT2
XP_025115205.1	NP_001375044.1	0	N/A	22.54	315	40	4.08e-11	68.6	poly(A) RNA polymerase GLD2 isoform 2 [Homo sapiens]	TRUE	TENT2
XP_025115205.1	NP_001375043.1	0	N/A	22.54	315	40	4.08e-11	68.6	poly(A) RNA polymerase GLD2 isoform 2 [Homo sapiens]	TRUE	TENT2
XP_025115205.1	NP_001336483.1	0	N/A	22.54	315	40	4.08e-11	68.6	poly(A) RNA polymerase GLD2 isoform 2 [Homo sapiens]	TRUE	TENT2
XP_025115205.1	NP_001284673.1	0	N/A	22.54	315	40	4.08e-11	68.6	poly(A) RNA polymerase GLD2 isoform 2 [Homo sapiens]	TRUE	TENT2
XP_025115205.1	NP_001336477.1	0	N/A	25.837	209	26	4.26e-11	66.6	poly(A) RNA polymerase GLD2 isoform 4 [Homo sapiens]	TRUE	TENT2
XP_025115205.1	NP_001375061.1	0	N/A	22.54	315	40	6.53e-11	67.8	poly(A) RNA polymerase GLD2 isoform 12 [Homo sapiens]	TRUE	TENT2
XP_025115205.1	XP_047272820.1	0	N/A	25.837	209	26	6.68e-11	65.9	poly(A) RNA polymerase GLD2 isoform X11 [Homo sapiens]	TRUE	TENT2
XP_025115205.1	XP_047272808.1	0	N/A	22.741	321	40	1.07e-10	67	poly(A) RNA polymerase GLD2 isoform X3 [Homo sapiens]	TRUE	TENT2
XP_025115205.1	XP_047272807.1	0	N/A	22.741	321	40	1.07e-10	67	poly(A) RNA polymerase GLD2 isoform X3 [Homo sapiens]	TRUE	TENT2
XP_025115205.1	XP_047272806.1	0	N/A	22.741	321	40	1.07e-10	67	poly(A) RNA polymerase GLD2 isoform X3 [Homo sapiens]	TRUE	TENT2
XP_025115205.1	NP_776158.2	0	N/A	22.741	321	40	1.07e-10	67	poly(A) RNA polymerase GLD2 isoform 1 [Homo sapiens]	TRUE	TENT2
XP_025115205.1	NP_001375041.1	0	N/A	22.741	321	40	1.07e-10	67	poly(A) RNA polymerase GLD2 isoform 1 [Homo sapiens]	TRUE	TENT2
XP_025115205.1	NP_001375040.1	0	N/A	22.741	321	40	1.07e-10	67	poly(A) RNA polymerase GLD2 isoform 1 [Homo sapiens]	TRUE	TENT2
XP_025115205.1	NP_001375039.1	0	N/A	22.741	321	40	1.07e-10	67	poly(A) RNA polymerase GLD2 isoform 1 [Homo sapiens]	TRUE	TENT2
XP_025115205.1	NP_001375038.1	0	N/A	22.741	321	40	1.07e-10	67	poly(A) RNA polymerase GLD2 isoform 1 [Homo sapiens]	TRUE	TENT2
XP_025115205.1	NP_001375037.1	0	N/A	22.741	321	40	1.07e-10	67	poly(A) RNA polymerase GLD2 isoform 1 [Homo sapiens]	TRUE	TENT2
XP_025115205.1	NP_001375036.1	0	N/A	22.741	321	40	1.07e-10	67	poly(A) RNA polymerase GLD2 isoform 1 [Homo sapiens]	TRUE	TENT2
XP_025115205.1	NP_001375035.1	0	N/A	22.741	321	40	1.07e-10	67	poly(A) RNA polymerase GLD2 isoform 1 [Homo sapiens]	TRUE	TENT2
XP_025115205.1	NP_001375034.1	0	N/A	22.741	321	40	1.07e-10	67	poly(A) RNA polymerase GLD2 isoform 1 [Homo sapiens]	TRUE	TENT2
XP_025115205.1	NP_001375032.1	0	N/A	22.741	321	40	1.07e-10	67	poly(A) RNA polymerase GLD2 isoform 1 [Homo sapiens]	TRUE	TENT2
XP_025115205.1	NP_001375031.1	0	N/A	22.741	321	40	1.07e-10	67	poly(A) RNA polymerase GLD2 isoform 1 [Homo sapiens]	TRUE	TENT2
XP_025115205.1	NP_001336482.1	0	N/A	22.741	321	40	1.07e-10	67	poly(A) RNA polymerase GLD2 isoform 1 [Homo sapiens]	TRUE	TENT2
XP_025115205.1	NP_001336481.1	0	N/A	22.741	321	40	1.07e-10	67	poly(A) RNA polymerase GLD2 isoform 1 [Homo sapiens]	TRUE	TENT2
XP_025115205.1	NP_001107866.1	0	N/A	22.741	321	40	1.07e-10	67	poly(A) RNA polymerase GLD2 isoform 1 [Homo sapiens]	TRUE	TENT2
XP_025115205.1	NP_001107865.1	0	N/A	22.741	321	40	1.07e-10	67	poly(A) RNA polymerase GLD2 isoform 1 [Homo sapiens]	TRUE	TENT2
XP_025115205.1	NP_001375042.1	0	N/A	22.741	321	40	1.13e-10	67	poly(A) RNA polymerase GLD2 isoform 16 [Homo sapiens]	TRUE	TENT2
XP_025115205.1	NP_001375060.1	0	N/A	22.741	321	40	2.09e-10	66.2	poly(A) RNA polymerase GLD2 isoform 11 [Homo sapiens]	TRUE	TENT2
XP_025115205.1	NP_001375065.1	0	N/A	23.028	317	40	2.45e-10	65.5	poly(A) RNA polymerase GLD2 isoform 14 [Homo sapiens]	TRUE	TENT2
XP_025115205.1	NP_001375027.1	0	N/A	25.837	209	26	2.58e-10	65.9	poly(A) RNA polymerase GLD2 isoform 7 [Homo sapiens]	TRUE	TENT2
XP_025115205.1	NP_001375030.1	0	N/A	25.837	209	26	2.59e-10	65.9	poly(A) RNA polymerase GLD2 isoform 9 [Homo sapiens]	TRUE	TENT2
XP_025115205.1	XP_047272805.1	0	N/A	25.837	209	26	2.71e-10	65.9	poly(A) RNA polymerase GLD2 isoform X2 [Homo sapiens]	TRUE	TENT2
XP_025115205.1	XP_047272804.1	0	N/A	25.837	209	26	2.71e-10	65.9	poly(A) RNA polymerase GLD2 isoform X2 [Homo sapiens]	TRUE	TENT2
XP_025115205.1	XP_047272803.1	0	N/A	25.837	209	26	2.71e-10	65.9	poly(A) RNA polymerase GLD2 isoform X2 [Homo sapiens]	TRUE	TENT2
XP_025115205.1	XP_047272802.1	0	N/A	25.837	209	26	2.71e-10	65.9	poly(A) RNA polymerase GLD2 isoform X2 [Homo sapiens]	TRUE	TENT2
XP_025115205.1	XP_016864641.1	0	N/A	25.837	209	26	2.71e-10	65.9	poly(A) RNA polymerase GLD2 isoform X2 [Homo sapiens]	TRUE	TENT2
XP_025115205.1	NP_001375026.1	0	N/A	25.837	209	26	2.71e-10	65.9	poly(A) RNA polymerase GLD2 isoform 6 [Homo sapiens]	TRUE	TENT2
XP_025115205.1	NP_001375025.1	0	N/A	25.837	209	26	2.71e-10	65.9	poly(A) RNA polymerase GLD2 isoform 6 [Homo sapiens]	TRUE	TENT2
XP_025115205.1	NP_001375024.1	0	N/A	25.837	209	26	2.71e-10	65.9	poly(A) RNA polymerase GLD2 isoform 6 [Homo sapiens]	TRUE	TENT2
XP_025115205.1	NP_001336480.1	0	N/A	25.837	209	26	2.71e-10	65.9	poly(A) RNA polymerase GLD2 isoform 6 [Homo sapiens]	TRUE	TENT2
XP_025115205.1	XP_047272801.1	0	N/A	25.837	209	26	3.03e-10	65.9	poly(A) RNA polymerase GLD2 isoform X1 [Homo sapiens]	TRUE	TENT2
XP_025115205.1	XP_047272800.1	0	N/A	25.837	209	26	3.03e-10	65.9	poly(A) RNA polymerase GLD2 isoform X1 [Homo sapiens]	TRUE	TENT2
XP_025115205.1	XP_011541527.1	0	N/A	25.837	209	26	3.03e-10	65.9	poly(A) RNA polymerase GLD2 isoform X1 [Homo sapiens]	TRUE	TENT2
XP_025115205.1	XP_011541526.1	0	N/A	25.837	209	26	3.03e-10	65.9	poly(A) RNA polymerase GLD2 isoform X1 [Homo sapiens]	TRUE	TENT2
XP_025115205.1	XP_011541523.1	0	N/A	25.837	209	26	3.03e-10	65.9	poly(A) RNA polymerase GLD2 isoform X1 [Homo sapiens]	TRUE	TENT2
XP_025115205.1	XP_011541522.1	0	N/A	25.837	209	26	3.03e-10	65.9	poly(A) RNA polymerase GLD2 isoform X1 [Homo sapiens]	TRUE	TENT2
XP_025115205.1	NP_001375023.1	0	N/A	25.837	209	26	3.03e-10	65.9	poly(A) RNA polymerase GLD2 isoform 5 [Homo sapiens]	TRUE	TENT2
XP_025115205.1	NP_001375022.1	0	N/A	25.837	209	26	3.03e-10	65.9	poly(A) RNA polymerase GLD2 isoform 5 [Homo sapiens]	TRUE	TENT2
XP_025115205.1	NP_001336479.1	0	N/A	25.837	209	26	3.03e-10	65.9	poly(A) RNA polymerase GLD2 isoform 5 [Homo sapiens]	TRUE	TENT2
XP_025115205.1	NP_001336478.1	0	N/A	25.837	209	26	3.03e-10	65.9	poly(A) RNA polymerase GLD2 isoform 5 [Homo sapiens]	TRUE	TENT2
XP_025115205.1	NP_001375029.1	0	N/A	25.837	209	26	3.52e-10	65.5	poly(A) RNA polymerase GLD2 isoform 8 [Homo sapiens]	TRUE	TENT2
XP_025115205.1	NP_001375028.1	0	N/A	25.837	209	26	3.52e-10	65.5	poly(A) RNA polymerase GLD2 isoform 8 [Homo sapiens]	TRUE	TENT2
XP_025115205.1	NP_001317647.1	0	N/A	28.729	181	25	4.89e-08	58.9	terminal uridylyltransferase 7 isoform 3 [Homo sapiens]	TRUE	Tut7
XP_025115205.1	XP_011517317.1	0	N/A	28.729	181	25	5.84e-08	59.3	terminal uridylyltransferase 7 isoform X3 [Homo sapiens]	TRUE	Tut7
XP_025115205.1	XP_047279823.1	0	N/A	28.729	181	25	5.95e-08	58.9	terminal uridylyltransferase 7 isoform X2 [Homo sapiens]	TRUE	Tut7
XP_025115205.1	XP_006717346.1	0	N/A	28.729	181	25	5.95e-08	58.9	terminal uridylyltransferase 7 isoform X2 [Homo sapiens]	TRUE	Tut7
XP_025115205.1	XP_011517318.1	0	N/A	28.729	181	25	6.17e-08	58.9	terminal uridylyltransferase 7 isoform X5 [Homo sapiens]	TRUE	Tut7
XP_025115205.1	XP_016870620.1	0	N/A	28.729	181	25	6.33e-08	58.9	terminal uridylyltransferase 7 isoform X4 [Homo sapiens]	TRUE	Tut7
XP_025115205.1	XP_016870619.1	0	N/A	28.729	181	25	6.33e-08	58.9	terminal uridylyltransferase 7 isoform X4 [Homo sapiens]	TRUE	Tut7
XP_025115205.1	NP_078893.2	0	N/A	28.729	181	25	6.33e-08	58.9	terminal uridylyltransferase 7 isoform 1 [Homo sapiens]	TRUE	Tut7
XP_025115205.1	NP_001171988.1	0	N/A	28.729	181	25	6.33e-08	58.9	terminal uridylyltransferase 7 isoform 1 [Homo sapiens]	TRUE	Tut7
XP_025115205.1	XP_047279825.1	0	N/A	28.729	181	25	6.59e-08	58.9	terminal uridylyltransferase 7 isoform X6 [Homo sapiens]	TRUE	Tut7
XP_025115205.1	XP_047279824.1	0	N/A	28.729	181	25	6.59e-08	58.9	terminal uridylyltransferase 7 isoform X6 [Homo sapiens]	TRUE	Tut7
XP_025115205.1	XP_005252264.1	0	N/A	28.729	181	25	6.59e-08	58.9	terminal uridylyltransferase 7 isoform X6 [Homo sapiens]	TRUE	Tut7
XP_025115205.1	XP_005252265.1	0	N/A	28.729	181	25	7.15e-08	58.9	terminal uridylyltransferase 7 isoform X7 [Homo sapiens]	TRUE	Tut7
XP_025171211.1	NP_001317647.1	0	N/A	34.713	314	27	2.21e-46	182	terminal uridylyltransferase 7 isoform 3 [Homo sapiens]	TRUE	Tut7
XP_025171211.1	XP_047279823.1	0	N/A	34.713	314	27	2.05e-45	181	terminal uridylyltransferase 7 isoform X2 [Homo sapiens]	TRUE	Tut7
XP_025171211.1	XP_006717346.1	0	N/A	34.713	314	27	2.05e-45	181	terminal uridylyltransferase 7 isoform X2 [Homo sapiens]	TRUE	Tut7
XP_025171211.1	XP_011517318.1	0	N/A	34.713	314	27	2.21e-45	181	terminal uridylyltransferase 7 isoform X5 [Homo sapiens]	TRUE	Tut7
XP_025171211.1	XP_016870620.1	0	N/A	34.713	314	27	2.42e-45	181	terminal uridylyltransferase 7 isoform X4 [Homo sapiens]	TRUE	Tut7
XP_025171211.1	XP_016870619.1	0	N/A	34.713	314	27	2.42e-45	181	terminal uridylyltransferase 7 isoform X4 [Homo sapiens]	TRUE	Tut7
XP_025171211.1	NP_078893.2	0	N/A	34.713	314	27	2.42e-45	181	terminal uridylyltransferase 7 isoform 1 [Homo sapiens]	TRUE	Tut7
XP_025171211.1	NP_001171988.1	0	N/A	34.713	314	27	2.42e-45	181	terminal uridylyltransferase 7 isoform 1 [Homo sapiens]	TRUE	Tut7
XP_025171211.1	XP_047279825.1	0	N/A	34.713	314	27	2.45e-45	181	terminal uridylyltransferase 7 isoform X6 [Homo sapiens]	TRUE	Tut7
XP_025171211.1	XP_047279824.1	0	N/A	34.713	314	27	2.45e-45	181	terminal uridylyltransferase 7 isoform X6 [Homo sapiens]	TRUE	Tut7
XP_025171211.1	XP_005252264.1	0	N/A	34.713	314	27	2.45e-45	181	terminal uridylyltransferase 7 isoform X6 [Homo sapiens]	TRUE	Tut7
XP_025171211.1	XP_011517317.1	0	N/A	34.713	314	27	2.64e-45	181	terminal uridylyltransferase 7 isoform X3 [Homo sapiens]	TRUE	Tut7
XP_025171211.1	XP_005252265.1	0	N/A	34.713	314	27	2.81e-45	181	terminal uridylyltransferase 7 isoform X7 [Homo sapiens]	TRUE	Tut7
XP_025171211.1	XP_011517316.1	0	N/A	34.713	314	27	2.96e-45	181	terminal uridylyltransferase 7 isoform X1 [Homo sapiens]	TRUE	Tut7
XP_025171211.1	XP_011517315.1	0	N/A	34.713	314	27	2.96e-45	181	terminal uridylyltransferase 7 isoform X1 [Homo sapiens]	TRUE	Tut7
XP_025171211.1	XP_011517314.1	0	N/A	34.713	314	27	2.96e-45	181	terminal uridylyltransferase 7 isoform X1 [Homo sapiens]	TRUE	Tut7
XP_025171211.1	XP_011517313.1	0	N/A	34.713	314	27	2.96e-45	181	terminal uridylyltransferase 7 isoform X1 [Homo sapiens]	TRUE	Tut7
XP_025171211.1	XP_047272384.1	0	N/A	34.783	299	26	9.19e-42	168	terminal uridylyltransferase 4 isoform X46 [Homo sapiens]	TRUE	Tut4
XP_025171211.1	XP_016856292.1	0	N/A	34.783	299	26	1.87e-41	169	terminal uridylyltransferase 4 isoform X9 [Homo sapiens]	TRUE	Tut4
XP_025171211.1	XP_016856297.1	0	N/A	34.783	299	26	2.03e-41	169	terminal uridylyltransferase 4 isoform X36 [Homo sapiens]	TRUE	Tut4
XP_025171211.1	XP_047272285.1	0	N/A	34.783	299	26	2.09e-41	169	terminal uridylyltransferase 4 isoform X7 [Homo sapiens]	TRUE	Tut4
XP_025171211.1	XP_005270739.1	0	N/A	34.783	299	26	2.22e-41	168	terminal uridylyltransferase 4 isoform X33 [Homo sapiens]	TRUE	Tut4
XP_025171211.1	XP_016856299.1	0	N/A	34.783	299	26	2.32e-41	168	terminal uridylyltransferase 4 isoform X40 [Homo sapiens]	TRUE	Tut4
XP_025171211.1	XP_047272365.1	0	N/A	34.783	299	26	2.32e-41	168	terminal uridylyltransferase 4 isoform X38 [Homo sapiens]	TRUE	Tut4
XP_025171211.1	XP_016856293.1	0	N/A	34.783	299	26	2.41e-41	168	terminal uridylyltransferase 4 isoform X16 [Homo sapiens]	TRUE	Tut4
XP_025171211.1	XP_047272280.1	0	N/A	34.783	299	26	2.43e-41	168	terminal uridylyltransferase 4 isoform X3 [Homo sapiens]	TRUE	Tut4
XP_025171211.1	XP_005270736.1	0	N/A	34.783	299	26	2.43e-41	168	terminal uridylyltransferase 4 isoform X3 [Homo sapiens]	TRUE	Tut4
XP_025171211.1	XP_047272283.1	0	N/A	34.783	299	26	2.5e-41	168	terminal uridylyltransferase 4 isoform X6 [Homo sapiens]	TRUE	Tut4
XP_025171211.1	XP_005270737.1	0	N/A	34.783	299	26	2.5e-41	168	terminal uridylyltransferase 4 isoform X6 [Homo sapiens]	TRUE	Tut4
XP_025171211.1	XP_047272288.1	0	N/A	34.783	299	26	2.58e-41	168	terminal uridylyltransferase 4 isoform X10 [Homo sapiens]	TRUE	Tut4
XP_025171211.1	XP_047272281.1	0	N/A	34.783	299	26	2.6e-41	168	terminal uridylyltransferase 4 isoform X4 [Homo sapiens]	TRUE	Tut4
XP_025171211.1	NP_001009881.1	0	N/A	34.783	299	26	2.6e-41	168	terminal uridylyltransferase 4 isoform a [Homo sapiens]	TRUE	Tut4
XP_025171211.1	XP_005270735.1	0	N/A	34.783	299	26	2.63e-41	168	terminal uridylyltransferase 4 isoform X2 [Homo sapiens]	TRUE	Tut4
XP_025171211.1	XP_011539399.1	0	N/A	34.783	299	26	2.63e-41	168	terminal uridylyltransferase 4 isoform X1 [Homo sapiens]	TRUE	Tut4
XP_025171211.1	XP_005270733.1	0	N/A	34.783	299	26	2.63e-41	168	terminal uridylyltransferase 4 isoform X1 [Homo sapiens]	TRUE	Tut4
XP_025171211.1	XP_011539401.1	0	N/A	34.783	299	26	2.7e-41	168	terminal uridylyltransferase 4 isoform X29 [Homo sapiens]	TRUE	Tut4
XP_025171211.1	XP_047272345.1	0	N/A	34.783	299	26	2.91e-41	168	terminal uridylyltransferase 4 isoform X31 [Homo sapiens]	TRUE	Tut4
XP_025171211.1	XP_047272282.1	0	N/A	34.783	299	26	2.98e-41	168	terminal uridylyltransferase 4 isoform X5 [Homo sapiens]	TRUE	Tut4
XP_025171211.1	NP_056084.1	0	N/A	34.783	299	26	2.98e-41	168	terminal uridylyltransferase 4 isoform b [Homo sapiens]	TRUE	Tut4
XP_025171211.1	XP_016856295.1	0	N/A	34.783	299	26	3.41e-41	168	terminal uridylyltransferase 4 isoform X25 [Homo sapiens]	TRUE	Tut4
XP_025171211.1	XP_047272337.1	0	N/A	34.783	299	26	3.75e-41	168	terminal uridylyltransferase 4 isoform X27 [Homo sapiens]	TRUE	Tut4
XP_025171211.1	XP_016856296.1	0	N/A	34.783	299	26	3.9e-41	167	terminal uridylyltransferase 4 isoform X28 [Homo sapiens]	TRUE	Tut4
XP_025171211.1	XP_047272325.1	0	N/A	34.783	299	26	3.93e-41	167	terminal uridylyltransferase 4 isoform X23 [Homo sapiens]	TRUE	Tut4
XP_025171211.1	XP_047272290.1	0	N/A	36.431	269	23	8.06e-40	164	terminal uridylyltransferase 4 isoform X11 [Homo sapiens]	TRUE	Tut4
XP_025171211.1	XP_047272372.1	0	N/A	36.431	269	23	8.2e-40	163	terminal uridylyltransferase 4 isoform X42 [Homo sapiens]	TRUE	Tut4
XP_025171211.1	XP_047272305.1	0	N/A	36.431	269	23	8.39e-40	163	terminal uridylyltransferase 4 isoform X17 [Homo sapiens]	TRUE	Tut4
XP_025171211.1	XP_047272286.1	0	N/A	36.431	269	23	8.96e-40	163	terminal uridylyltransferase 4 isoform X8 [Homo sapiens]	TRUE	Tut4
XP_025171211.1	XP_047272295.1	0	N/A	36.431	269	23	9.08e-40	163	terminal uridylyltransferase 4 isoform X12 [Homo sapiens]	TRUE	Tut4
XP_025171211.1	XP_047272296.1	0	N/A	36.431	269	23	9.24e-40	163	terminal uridylyltransferase 4 isoform X13 [Homo sapiens]	TRUE	Tut4
XP_025171211.1	XP_047272344.1	0	N/A	36.431	269	23	1.39e-39	162	terminal uridylyltransferase 4 isoform X30 [Homo sapiens]	TRUE	Tut4
XP_025171211.1	XP_047272350.1	0	N/A	36.431	269	23	1.51e-39	162	terminal uridylyltransferase 4 isoform X34 [Homo sapiens]	TRUE	Tut4
XP_025171211.1	NP_001172003.1	0	N/A	35.714	252	22	9.61e-38	156	terminal uridylyltransferase 7 isoform 2 [Homo sapiens]	TRUE	Tut7
XP_025171211.1	NP_001375059.1	0	N/A	31.9	279	24	3.14e-31	131	poly(A) RNA polymerase GLD2 isoform 10 [Homo sapiens]	TRUE	TENT2
XP_025171211.1	XP_047272811.1	0	N/A	31.9	279	24	3.18e-31	131	poly(A) RNA polymerase GLD2 isoform X4 [Homo sapiens]	TRUE	TENT2
XP_025171211.1	XP_047272810.1	0	N/A	31.9	279	24	3.18e-31	131	poly(A) RNA polymerase GLD2 isoform X4 [Homo sapiens]	TRUE	TENT2
XP_025171211.1	XP_047272809.1	0	N/A	31.9	279	24	3.18e-31	131	poly(A) RNA polymerase GLD2 isoform X4 [Homo sapiens]	TRUE	TENT2
XP_025171211.1	NP_001375058.1	0	N/A	31.9	279	24	3.18e-31	131	poly(A) RNA polymerase GLD2 isoform 2 [Homo sapiens]	TRUE	TENT2
XP_025171211.1	NP_001375057.1	0	N/A	31.9	279	24	3.18e-31	131	poly(A) RNA polymerase GLD2 isoform 2 [Homo sapiens]	TRUE	TENT2
XP_025171211.1	NP_001375056.1	0	N/A	31.9	279	24	3.18e-31	131	poly(A) RNA polymerase GLD2 isoform 2 [Homo sapiens]	TRUE	TENT2
XP_025171211.1	NP_001375055.1	0	N/A	31.9	279	24	3.18e-31	131	poly(A) RNA polymerase GLD2 isoform 2 [Homo sapiens]	TRUE	TENT2
XP_025171211.1	NP_001375054.1	0	N/A	31.9	279	24	3.18e-31	131	poly(A) RNA polymerase GLD2 isoform 2 [Homo sapiens]	TRUE	TENT2
XP_025171211.1	NP_001375053.1	0	N/A	31.9	279	24	3.18e-31	131	poly(A) RNA polymerase GLD2 isoform 2 [Homo sapiens]	TRUE	TENT2
XP_025171211.1	NP_001375052.1	0	N/A	31.9	279	24	3.18e-31	131	poly(A) RNA polymerase GLD2 isoform 2 [Homo sapiens]	TRUE	TENT2
XP_025171211.1	NP_001375051.1	0	N/A	31.9	279	24	3.18e-31	131	poly(A) RNA polymerase GLD2 isoform 2 [Homo sapiens]	TRUE	TENT2
XP_025171211.1	NP_001375050.1	0	N/A	31.9	279	24	3.18e-31	131	poly(A) RNA polymerase GLD2 isoform 2 [Homo sapiens]	TRUE	TENT2
XP_025171211.1	NP_001375049.1	0	N/A	31.9	279	24	3.18e-31	131	poly(A) RNA polymerase GLD2 isoform 2 [Homo sapiens]	TRUE	TENT2
XP_025171211.1	NP_001375048.1	0	N/A	31.9	279	24	3.18e-31	131	poly(A) RNA polymerase GLD2 isoform 2 [Homo sapiens]	TRUE	TENT2
XP_025171211.1	NP_001375047.1	0	N/A	31.9	279	24	3.18e-31	131	poly(A) RNA polymerase GLD2 isoform 2 [Homo sapiens]	TRUE	TENT2
XP_025171211.1	NP_001375046.1	0	N/A	31.9	279	24	3.18e-31	131	poly(A) RNA polymerase GLD2 isoform 2 [Homo sapiens]	TRUE	TENT2
XP_025171211.1	NP_001375045.1	0	N/A	31.9	279	24	3.18e-31	131	poly(A) RNA polymerase GLD2 isoform 2 [Homo sapiens]	TRUE	TENT2
XP_025171211.1	NP_001375044.1	0	N/A	31.9	279	24	3.18e-31	131	poly(A) RNA polymerase GLD2 isoform 2 [Homo sapiens]	TRUE	TENT2
XP_025171211.1	NP_001375043.1	0	N/A	31.9	279	24	3.18e-31	131	poly(A) RNA polymerase GLD2 isoform 2 [Homo sapiens]	TRUE	TENT2
XP_025171211.1	NP_001336483.1	0	N/A	31.9	279	24	3.18e-31	131	poly(A) RNA polymerase GLD2 isoform 2 [Homo sapiens]	TRUE	TENT2
XP_025171211.1	NP_001284673.1	0	N/A	31.9	279	24	3.18e-31	131	poly(A) RNA polymerase GLD2 isoform 2 [Homo sapiens]	TRUE	TENT2
XP_025171211.1	NP_001375061.1	0	N/A	31.9	279	24	3.65e-31	130	poly(A) RNA polymerase GLD2 isoform 12 [Homo sapiens]	TRUE	TENT2
XP_025171211.1	NP_001375030.1	0	N/A	31.317	281	24	7.18e-31	130	poly(A) RNA polymerase GLD2 isoform 9 [Homo sapiens]	TRUE	TENT2
XP_025171211.1	NP_001375042.1	0	N/A	31.449	283	24	2.5e-30	129	poly(A) RNA polymerase GLD2 isoform 16 [Homo sapiens]	TRUE	TENT2
XP_025171211.1	XP_047272808.1	0	N/A	31.449	283	24	2.66e-30	128	poly(A) RNA polymerase GLD2 isoform X3 [Homo sapiens]	TRUE	TENT2
XP_025171211.1	XP_047272807.1	0	N/A	31.449	283	24	2.66e-30	128	poly(A) RNA polymerase GLD2 isoform X3 [Homo sapiens]	TRUE	TENT2
XP_025171211.1	XP_047272806.1	0	N/A	31.449	283	24	2.66e-30	128	poly(A) RNA polymerase GLD2 isoform X3 [Homo sapiens]	TRUE	TENT2
XP_025171211.1	NP_776158.2	0	N/A	31.449	283	24	2.66e-30	128	poly(A) RNA polymerase GLD2 isoform 1 [Homo sapiens]	TRUE	TENT2
XP_025171211.1	NP_001375041.1	0	N/A	31.449	283	24	2.66e-30	128	poly(A) RNA polymerase GLD2 isoform 1 [Homo sapiens]	TRUE	TENT2
XP_025171211.1	NP_001375040.1	0	N/A	31.449	283	24	2.66e-30	128	poly(A) RNA polymerase GLD2 isoform 1 [Homo sapiens]	TRUE	TENT2
XP_025171211.1	NP_001375039.1	0	N/A	31.449	283	24	2.66e-30	128	poly(A) RNA polymerase GLD2 isoform 1 [Homo sapiens]	TRUE	TENT2
XP_025171211.1	NP_001375038.1	0	N/A	31.449	283	24	2.66e-30	128	poly(A) RNA polymerase GLD2 isoform 1 [Homo sapiens]	TRUE	TENT2
XP_025171211.1	NP_001375037.1	0	N/A	31.449	283	24	2.66e-30	128	poly(A) RNA polymerase GLD2 isoform 1 [Homo sapiens]	TRUE	TENT2
XP_025171211.1	NP_001375036.1	0	N/A	31.449	283	24	2.66e-30	128	poly(A) RNA polymerase GLD2 isoform 1 [Homo sapiens]	TRUE	TENT2
XP_025171211.1	NP_001375035.1	0	N/A	31.449	283	24	2.66e-30	128	poly(A) RNA polymerase GLD2 isoform 1 [Homo sapiens]	TRUE	TENT2
XP_025171211.1	NP_001375034.1	0	N/A	31.449	283	24	2.66e-30	128	poly(A) RNA polymerase GLD2 isoform 1 [Homo sapiens]	TRUE	TENT2
XP_025171211.1	NP_001375032.1	0	N/A	31.449	283	24	2.66e-30	128	poly(A) RNA polymerase GLD2 isoform 1 [Homo sapiens]	TRUE	TENT2
XP_025171211.1	NP_001375031.1	0	N/A	31.449	283	24	2.66e-30	128	poly(A) RNA polymerase GLD2 isoform 1 [Homo sapiens]	TRUE	TENT2
XP_025171211.1	NP_001336482.1	0	N/A	31.449	283	24	2.66e-30	128	poly(A) RNA polymerase GLD2 isoform 1 [Homo sapiens]	TRUE	TENT2
XP_025171211.1	NP_001336481.1	0	N/A	31.449	283	24	2.66e-30	128	poly(A) RNA polymerase GLD2 isoform 1 [Homo sapiens]	TRUE	TENT2
XP_025171211.1	NP_001107866.1	0	N/A	31.449	283	24	2.66e-30	128	poly(A) RNA polymerase GLD2 isoform 1 [Homo sapiens]	TRUE	TENT2
XP_025171211.1	NP_001107865.1	0	N/A	31.449	283	24	2.66e-30	128	poly(A) RNA polymerase GLD2 isoform 1 [Homo sapiens]	TRUE	TENT2
XP_025171211.1	NP_001375065.1	0	N/A	31.9	279	24	2.74e-30	126	poly(A) RNA polymerase GLD2 isoform 14 [Homo sapiens]	TRUE	TENT2
XP_025171211.1	NP_001375060.1	0	N/A	31.449	283	24	3.5e-30	127	poly(A) RNA polymerase GLD2 isoform 11 [Homo sapiens]	TRUE	TENT2
XP_025171211.1	NP_001375029.1	0	N/A	30.877	285	24	5.42e-30	127	poly(A) RNA polymerase GLD2 isoform 8 [Homo sapiens]	TRUE	TENT2
XP_025171211.1	NP_001375028.1	0	N/A	30.877	285	24	5.42e-30	127	poly(A) RNA polymerase GLD2 isoform 8 [Homo sapiens]	TRUE	TENT2
XP_025171211.1	XP_047272805.1	0	N/A	29.043	303	24	6.64e-28	121	poly(A) RNA polymerase GLD2 isoform X2 [Homo sapiens]	TRUE	TENT2
XP_025174358.2	NP_001035375.2	0	N/A	37.92	327	53	2.24e-56	204	terminal nucleotidyltransferase 4B isoform b [Homo sapiens]	TRUE	TENT4B
XP_025174358.2	XP_011521578.1	0	N/A	37.92	327	53	2.28e-56	204	terminal nucleotidyltransferase 4B isoform X2 [Homo sapiens]	TRUE	TENT4B
XP_025174358.2	NP_008930.2	0	N/A	35.608	337	54	3.08e-56	205	terminal nucleotidyltransferase 4A isoform 1 [Homo sapiens]	TRUE	TENT4A
XP_025174358.2	NP_001165276.2	0	N/A	35.608	337	54	3.37e-56	205	terminal nucleotidyltransferase 4A isoform 2 [Homo sapiens]	TRUE	TENT4A
XP_025174358.2	XP_047290432.1	0	N/A	37.092	337	54	3.67e-56	203	terminal nucleotidyltransferase 4B isoform X4 [Homo sapiens]	TRUE	TENT4B
XP_025174358.2	NP_001035374.2	0	N/A	37.092	337	54	4.05e-56	204	terminal nucleotidyltransferase 4B isoform a [Homo sapiens]	TRUE	TENT4B
XP_025174358.2	XP_011521577.1	0	N/A	37.092	337	54	4.11e-56	204	terminal nucleotidyltransferase 4B isoform X1 [Homo sapiens]	TRUE	TENT4B
XP_025174358.2	XP_047290433.1	0	N/A	38.835	309	50	4.42e-56	199	terminal nucleotidyltransferase 4B isoform X6 [Homo sapiens]	TRUE	TENT4B
XP_025174358.2	NP_001352252.1	0	N/A	37.092	337	54	6.74e-56	203	terminal nucleotidyltransferase 4B isoform c [Homo sapiens]	TRUE	TENT4B
XP_025174358.2	XP_047290431.1	0	N/A	37.092	337	54	8.07e-56	202	terminal nucleotidyltransferase 4B isoform X3 [Homo sapiens]	TRUE	TENT4B
XP_025174358.2	XP_011521580.1	0	N/A	37.931	319	51	1.15e-55	199	terminal nucleotidyltransferase 4B isoform X5 [Homo sapiens]	TRUE	TENT4B
XP_025174358.2	NP_001352253.1	0	N/A	37.092	337	54	1.32e-55	202	terminal nucleotidyltransferase 4B isoform d [Homo sapiens]	TRUE	TENT4B
XP_025174358.2	XP_047272622.1	0	N/A	35.39	308	50	1.12e-51	188	terminal nucleotidyltransferase 4A isoform X1 [Homo sapiens]	TRUE	TENT4A
XP_025174358.2	XP_047272621.1	0	N/A	35.39	308	50	1.12e-51	188	terminal nucleotidyltransferase 4A isoform X1 [Homo sapiens]	TRUE	TENT4A
XP_025174358.2	XP_047272620.1	0	N/A	35.39	308	50	1.12e-51	188	terminal nucleotidyltransferase 4A isoform X1 [Homo sapiens]	TRUE	TENT4A
XP_025174358.2	XP_047272624.1	0	N/A	35.932	295	48	2.63e-51	187	terminal nucleotidyltransferase 4A isoform X3 [Homo sapiens]	TRUE	TENT4A
XP_025174358.2	XP_047272623.1	0	N/A	35.932	295	48	2.84e-51	187	terminal nucleotidyltransferase 4A isoform X2 [Homo sapiens]	TRUE	TENT4A
XP_025174358.2	XP_016864477.1	0	N/A	35.932	295	48	2.84e-51	187	terminal nucleotidyltransferase 4A isoform X2 [Homo sapiens]	TRUE	TENT4A
XP_025174358.2	NP_001375060.1	0	N/A	24.648	284	39	1.57e-14	79	poly(A) RNA polymerase GLD2 isoform 11 [Homo sapiens]	TRUE	TENT2
XP_025174358.2	NP_001375065.1	0	N/A	24.643	280	39	1.86e-14	77.8	poly(A) RNA polymerase GLD2 isoform 14 [Homo sapiens]	TRUE	TENT2
XP_025174358.2	XP_047272808.1	0	N/A	24.648	284	39	2.05e-14	78.6	poly(A) RNA polymerase GLD2 isoform X3 [Homo sapiens]	TRUE	TENT2
XP_025174358.2	XP_047272807.1	0	N/A	24.648	284	39	2.05e-14	78.6	poly(A) RNA polymerase GLD2 isoform X3 [Homo sapiens]	TRUE	TENT2
XP_025174358.2	XP_047272806.1	0	N/A	24.648	284	39	2.05e-14	78.6	poly(A) RNA polymerase GLD2 isoform X3 [Homo sapiens]	TRUE	TENT2
XP_025174358.2	NP_776158.2	0	N/A	24.648	284	39	2.05e-14	78.6	poly(A) RNA polymerase GLD2 isoform 1 [Homo sapiens]	TRUE	TENT2
XP_025174358.2	NP_001375041.1	0	N/A	24.648	284	39	2.05e-14	78.6	poly(A) RNA polymerase GLD2 isoform 1 [Homo sapiens]	TRUE	TENT2
XP_025174358.2	NP_001375040.1	0	N/A	24.648	284	39	2.05e-14	78.6	poly(A) RNA polymerase GLD2 isoform 1 [Homo sapiens]	TRUE	TENT2
XP_025174358.2	NP_001375039.1	0	N/A	24.648	284	39	2.05e-14	78.6	poly(A) RNA polymerase GLD2 isoform 1 [Homo sapiens]	TRUE	TENT2
XP_025174358.2	NP_001375038.1	0	N/A	24.648	284	39	2.05e-14	78.6	poly(A) RNA polymerase GLD2 isoform 1 [Homo sapiens]	TRUE	TENT2
XP_025174358.2	NP_001375037.1	0	N/A	24.648	284	39	2.05e-14	78.6	poly(A) RNA polymerase GLD2 isoform 1 [Homo sapiens]	TRUE	TENT2
XP_025174358.2	NP_001375036.1	0	N/A	24.648	284	39	2.05e-14	78.6	poly(A) RNA polymerase GLD2 isoform 1 [Homo sapiens]	TRUE	TENT2
XP_025174358.2	NP_001375035.1	0	N/A	24.648	284	39	2.05e-14	78.6	poly(A) RNA polymerase GLD2 isoform 1 [Homo sapiens]	TRUE	TENT2
XP_025174358.2	NP_001375034.1	0	N/A	24.648	284	39	2.05e-14	78.6	poly(A) RNA polymerase GLD2 isoform 1 [Homo sapiens]	TRUE	TENT2
XP_025174358.2	NP_001375032.1	0	N/A	24.648	284	39	2.05e-14	78.6	poly(A) RNA polymerase GLD2 isoform 1 [Homo sapiens]	TRUE	TENT2
XP_025174358.2	NP_001375031.1	0	N/A	24.648	284	39	2.05e-14	78.6	poly(A) RNA polymerase GLD2 isoform 1 [Homo sapiens]	TRUE	TENT2
XP_025174358.2	NP_001336482.1	0	N/A	24.648	284	39	2.05e-14	78.6	poly(A) RNA polymerase GLD2 isoform 1 [Homo sapiens]	TRUE	TENT2
XP_025174358.2	NP_001336481.1	0	N/A	24.648	284	39	2.05e-14	78.6	poly(A) RNA polymerase GLD2 isoform 1 [Homo sapiens]	TRUE	TENT2
XP_025174358.2	NP_001107866.1	0	N/A	24.648	284	39	2.05e-14	78.6	poly(A) RNA polymerase GLD2 isoform 1 [Homo sapiens]	TRUE	TENT2
XP_025174358.2	NP_001107865.1	0	N/A	24.648	284	39	2.05e-14	78.6	poly(A) RNA polymerase GLD2 isoform 1 [Homo sapiens]	TRUE	TENT2
XP_025174358.2	NP_001375042.1	0	N/A	24.648	284	39	2.31e-14	78.6	poly(A) RNA polymerase GLD2 isoform 16 [Homo sapiens]	TRUE	TENT2
XP_025174358.2	NP_001375061.1	0	N/A	24.643	280	39	2.36e-14	78.2	poly(A) RNA polymerase GLD2 isoform 12 [Homo sapiens]	TRUE	TENT2
XP_025174358.2	XP_047272811.1	0	N/A	24.211	285	40	3e-14	78.2	poly(A) RNA polymerase GLD2 isoform X4 [Homo sapiens]	TRUE	TENT2
XP_025174358.2	XP_047272810.1	0	N/A	24.211	285	40	3e-14	78.2	poly(A) RNA polymerase GLD2 isoform X4 [Homo sapiens]	TRUE	TENT2
XP_025174358.2	XP_047272809.1	0	N/A	24.211	285	40	3e-14	78.2	poly(A) RNA polymerase GLD2 isoform X4 [Homo sapiens]	TRUE	TENT2
XP_025174358.2	NP_001375058.1	0	N/A	24.211	285	40	3e-14	78.2	poly(A) RNA polymerase GLD2 isoform 2 [Homo sapiens]	TRUE	TENT2
XP_025174358.2	NP_001375057.1	0	N/A	24.211	285	40	3e-14	78.2	poly(A) RNA polymerase GLD2 isoform 2 [Homo sapiens]	TRUE	TENT2
XP_025174358.2	NP_001375056.1	0	N/A	24.211	285	40	3e-14	78.2	poly(A) RNA polymerase GLD2 isoform 2 [Homo sapiens]	TRUE	TENT2
XP_025174358.2	NP_001375055.1	0	N/A	24.211	285	40	3e-14	78.2	poly(A) RNA polymerase GLD2 isoform 2 [Homo sapiens]	TRUE	TENT2
XP_025174358.2	NP_001375054.1	0	N/A	24.211	285	40	3e-14	78.2	poly(A) RNA polymerase GLD2 isoform 2 [Homo sapiens]	TRUE	TENT2
XP_025174358.2	NP_001375053.1	0	N/A	24.211	285	40	3e-14	78.2	poly(A) RNA polymerase GLD2 isoform 2 [Homo sapiens]	TRUE	TENT2
XP_025174358.2	NP_001375052.1	0	N/A	24.211	285	40	3e-14	78.2	poly(A) RNA polymerase GLD2 isoform 2 [Homo sapiens]	TRUE	TENT2
XP_025174358.2	NP_001375051.1	0	N/A	24.211	285	40	3e-14	78.2	poly(A) RNA polymerase GLD2 isoform 2 [Homo sapiens]	TRUE	TENT2
XP_025174358.2	NP_001375050.1	0	N/A	24.211	285	40	3e-14	78.2	poly(A) RNA polymerase GLD2 isoform 2 [Homo sapiens]	TRUE	TENT2
XP_025174358.2	NP_001375049.1	0	N/A	24.211	285	40	3e-14	78.2	poly(A) RNA polymerase GLD2 isoform 2 [Homo sapiens]	TRUE	TENT2
XP_025174358.2	NP_001375048.1	0	N/A	24.211	285	40	3e-14	78.2	poly(A) RNA polymerase GLD2 isoform 2 [Homo sapiens]	TRUE	TENT2
XP_025174358.2	NP_001375047.1	0	N/A	24.211	285	40	3e-14	78.2	poly(A) RNA polymerase GLD2 isoform 2 [Homo sapiens]	TRUE	TENT2
XP_025174358.2	NP_001375046.1	0	N/A	24.211	285	40	3e-14	78.2	poly(A) RNA polymerase GLD2 isoform 2 [Homo sapiens]	TRUE	TENT2
XP_025174358.2	NP_001375045.1	0	N/A	24.211	285	40	3e-14	78.2	poly(A) RNA polymerase GLD2 isoform 2 [Homo sapiens]	TRUE	TENT2
XP_025174358.2	NP_001375044.1	0	N/A	24.211	285	40	3e-14	78.2	poly(A) RNA polymerase GLD2 isoform 2 [Homo sapiens]	TRUE	TENT2
XP_025174358.2	NP_001375043.1	0	N/A	24.211	285	40	3e-14	78.2	poly(A) RNA polymerase GLD2 isoform 2 [Homo sapiens]	TRUE	TENT2
XP_025174358.2	NP_001336483.1	0	N/A	24.211	285	40	3e-14	78.2	poly(A) RNA polymerase GLD2 isoform 2 [Homo sapiens]	TRUE	TENT2
XP_025174358.2	NP_001284673.1	0	N/A	24.211	285	40	3e-14	78.2	poly(A) RNA polymerase GLD2 isoform 2 [Homo sapiens]	TRUE	TENT2
XP_025174358.2	NP_001375059.1	0	N/A	24.211	285	40	3.41e-14	77.8	poly(A) RNA polymerase GLD2 isoform 10 [Homo sapiens]	TRUE	TENT2
XP_025174358.2	NP_001375029.1	0	N/A	24.46	278	38	4.31e-13	74.3	poly(A) RNA polymerase GLD2 isoform 8 [Homo sapiens]	TRUE	TENT2
XP_025174358.2	NP_001375028.1	0	N/A	24.46	278	38	4.31e-13	74.3	poly(A) RNA polymerase GLD2 isoform 8 [Homo sapiens]	TRUE	TENT2
XP_025174358.2	NP_001375030.1	0	N/A	24.453	274	38	6.73e-13	73.9	poly(A) RNA polymerase GLD2 isoform 9 [Homo sapiens]	TRUE	TENT2
XP_025174358.2	NP_001336477.1	0	N/A	25	244	34	5.75e-12	68.9	poly(A) RNA polymerase GLD2 isoform 4 [Homo sapiens]	TRUE	TENT2
XP_025174358.2	XP_047272820.1	0	N/A	24.885	217	30	4.12e-11	66.2	poly(A) RNA polymerase GLD2 isoform X11 [Homo sapiens]	TRUE	TENT2
XP_025174358.2	XP_047272801.1	0	N/A	21.753	308	39	4.96e-11	68.2	poly(A) RNA polymerase GLD2 isoform X1 [Homo sapiens]	TRUE	TENT2
XP_025174358.2	XP_047272800.1	0	N/A	21.753	308	39	4.96e-11	68.2	poly(A) RNA polymerase GLD2 isoform X1 [Homo sapiens]	TRUE	TENT2
XP_025174358.2	XP_011541527.1	0	N/A	21.753	308	39	4.96e-11	68.2	poly(A) RNA polymerase GLD2 isoform X1 [Homo sapiens]	TRUE	TENT2
XP_025174358.2	XP_011541526.1	0	N/A	21.753	308	39	4.96e-11	68.2	poly(A) RNA polymerase GLD2 isoform X1 [Homo sapiens]	TRUE	TENT2
XP_025174358.2	XP_011541523.1	0	N/A	21.753	308	39	4.96e-11	68.2	poly(A) RNA polymerase GLD2 isoform X1 [Homo sapiens]	TRUE	TENT2
XP_025174358.2	XP_011541522.1	0	N/A	21.753	308	39	4.96e-11	68.2	poly(A) RNA polymerase GLD2 isoform X1 [Homo sapiens]	TRUE	TENT2
XP_025174358.2	NP_001375023.1	0	N/A	21.753	308	39	4.96e-11	68.2	poly(A) RNA polymerase GLD2 isoform 5 [Homo sapiens]	TRUE	TENT2
XP_025174358.2	NP_001375022.1	0	N/A	21.753	308	39	4.96e-11	68.2	poly(A) RNA polymerase GLD2 isoform 5 [Homo sapiens]	TRUE	TENT2
XP_025174358.2	NP_001336479.1	0	N/A	21.753	308	39	4.96e-11	68.2	poly(A) RNA polymerase GLD2 isoform 5 [Homo sapiens]	TRUE	TENT2
XP_025174358.2	NP_001336478.1	0	N/A	21.753	308	39	4.96e-11	68.2	poly(A) RNA polymerase GLD2 isoform 5 [Homo sapiens]	TRUE	TENT2
XP_025174358.2	XP_047272805.1	0	N/A	21.711	304	39	8.37e-11	67.4	poly(A) RNA polymerase GLD2 isoform X2 [Homo sapiens]	TRUE	TENT2
XP_025174358.2	XP_047272804.1	0	N/A	21.711	304	39	8.37e-11	67.4	poly(A) RNA polymerase GLD2 isoform X2 [Homo sapiens]	TRUE	TENT2
XP_025174358.2	XP_047272803.1	0	N/A	21.711	304	39	8.37e-11	67.4	poly(A) RNA polymerase GLD2 isoform X2 [Homo sapiens]	TRUE	TENT2
XP_025174358.2	XP_047272802.1	0	N/A	21.711	304	39	8.37e-11	67.4	poly(A) RNA polymerase GLD2 isoform X2 [Homo sapiens]	TRUE	TENT2
XP_025174358.2	XP_016864641.1	0	N/A	21.711	304	39	8.37e-11	67.4	poly(A) RNA polymerase GLD2 isoform X2 [Homo sapiens]	TRUE	TENT2
XP_025174358.2	NP_001375026.1	0	N/A	21.711	304	39	8.37e-11	67.4	poly(A) RNA polymerase GLD2 isoform 6 [Homo sapiens]	TRUE	TENT2
XP_025174358.2	NP_001375025.1	0	N/A	21.711	304	39	8.37e-11	67.4	poly(A) RNA polymerase GLD2 isoform 6 [Homo sapiens]	TRUE	TENT2
XP_025174358.2	NP_001375024.1	0	N/A	21.711	304	39	8.37e-11	67.4	poly(A) RNA polymerase GLD2 isoform 6 [Homo sapiens]	TRUE	TENT2
XP_025174358.2	NP_001336480.1	0	N/A	21.711	304	39	8.37e-11	67.4	poly(A) RNA polymerase GLD2 isoform 6 [Homo sapiens]	TRUE	TENT2
XP_025174358.2	NP_001375027.1	0	N/A	21.711	304	39	8.88e-11	67	poly(A) RNA polymerase GLD2 isoform 7 [Homo sapiens]	TRUE	TENT2
XP_025174358.2	NP_001317647.1	0	N/A	26.471	170	27	1.25e-09	63.9	terminal uridylyltransferase 7 isoform 3 [Homo sapiens]	TRUE	Tut7
XP_025174358.2	XP_011517318.1	0	N/A	27.485	171	27	1.42e-09	63.9	terminal uridylyltransferase 7 isoform X5 [Homo sapiens]	TRUE	Tut7
XP_025174358.2	XP_016870620.1	0	N/A	26.471	170	27	1.46e-09	63.9	terminal uridylyltransferase 7 isoform X4 [Homo sapiens]	TRUE	Tut7
XP_025174358.2	XP_016870619.1	0	N/A	26.471	170	27	1.46e-09	63.9	terminal uridylyltransferase 7 isoform X4 [Homo sapiens]	TRUE	Tut7
XP_025174358.2	NP_078893.2	0	N/A	26.471	170	27	1.46e-09	63.9	terminal uridylyltransferase 7 isoform 1 [Homo sapiens]	TRUE	Tut7
XP_025174358.2	NP_001171988.1	0	N/A	26.471	170	27	1.46e-09	63.9	terminal uridylyltransferase 7 isoform 1 [Homo sapiens]	TRUE	Tut7
XP_025174358.2	XP_047279823.1	0	N/A	27.485	171	27	1.49e-09	63.9	terminal uridylyltransferase 7 isoform X2 [Homo sapiens]	TRUE	Tut7
XP_025174358.2	XP_006717346.1	0	N/A	27.485	171	27	1.49e-09	63.9	terminal uridylyltransferase 7 isoform X2 [Homo sapiens]	TRUE	Tut7
XP_025174358.2	XP_047279825.1	0	N/A	27.485	171	27	1.56e-09	63.9	terminal uridylyltransferase 7 isoform X6 [Homo sapiens]	TRUE	Tut7
XP_025174358.2	XP_047279824.1	0	N/A	27.485	171	27	1.56e-09	63.9	terminal uridylyltransferase 7 isoform X6 [Homo sapiens]	TRUE	Tut7
XP_025174358.2	XP_005252264.1	0	N/A	27.485	171	27	1.56e-09	63.9	terminal uridylyltransferase 7 isoform X6 [Homo sapiens]	TRUE	Tut7
XP_025174358.2	XP_005252265.1	0	N/A	26.471	170	27	1.76e-09	63.9	terminal uridylyltransferase 7 isoform X7 [Homo sapiens]	TRUE	Tut7
XP_025174358.2	XP_011517316.1	0	N/A	27.485	171	27	1.8e-09	63.9	terminal uridylyltransferase 7 isoform X1 [Homo sapiens]	TRUE	Tut7
XP_025875929.2	XP_011517317.1	0	N/A	25.938	320	54	2.1e-19	95.1	terminal uridylyltransferase 7 isoform X3 [Homo sapiens]	TRUE	Tut7
XP_025875929.2	XP_047279823.1	0	N/A	25.938	320	54	2.23e-19	95.1	terminal uridylyltransferase 7 isoform X2 [Homo sapiens]	TRUE	Tut7
XP_025875929.2	XP_006717346.1	0	N/A	25.938	320	54	2.23e-19	95.1	terminal uridylyltransferase 7 isoform X2 [Homo sapiens]	TRUE	Tut7
XP_025875929.2	XP_011517316.1	0	N/A	25.938	320	54	2.28e-19	95.1	terminal uridylyltransferase 7 isoform X1 [Homo sapiens]	TRUE	Tut7
XP_025875929.2	XP_011517315.1	0	N/A	25.938	320	54	2.28e-19	95.1	terminal uridylyltransferase 7 isoform X1 [Homo sapiens]	TRUE	Tut7
XP_025875929.2	XP_011517314.1	0	N/A	25.938	320	54	2.28e-19	95.1	terminal uridylyltransferase 7 isoform X1 [Homo sapiens]	TRUE	Tut7
XP_025875929.2	XP_011517313.1	0	N/A	25.938	320	54	2.28e-19	95.1	terminal uridylyltransferase 7 isoform X1 [Homo sapiens]	TRUE	Tut7
XP_025875929.2	XP_005252265.1	0	N/A	25.938	320	54	2.31e-19	95.1	terminal uridylyltransferase 7 isoform X7 [Homo sapiens]	TRUE	Tut7
XP_025875929.2	XP_011517318.1	0	N/A	25.938	320	54	2.39e-19	95.1	terminal uridylyltransferase 7 isoform X5 [Homo sapiens]	TRUE	Tut7
XP_025875929.2	XP_047279825.1	0	N/A	25.938	320	54	2.47e-19	95.1	terminal uridylyltransferase 7 isoform X6 [Homo sapiens]	TRUE	Tut7
XP_025875929.2	XP_047279824.1	0	N/A	25.938	320	54	2.47e-19	95.1	terminal uridylyltransferase 7 isoform X6 [Homo sapiens]	TRUE	Tut7
XP_025875929.2	XP_005252264.1	0	N/A	25.938	320	54	2.47e-19	95.1	terminal uridylyltransferase 7 isoform X6 [Homo sapiens]	TRUE	Tut7
XP_025875929.2	XP_016870620.1	0	N/A	25.938	320	54	2.71e-19	94.7	terminal uridylyltransferase 7 isoform X4 [Homo sapiens]	TRUE	Tut7
XP_025875929.2	XP_016870619.1	0	N/A	25.938	320	54	2.71e-19	94.7	terminal uridylyltransferase 7 isoform X4 [Homo sapiens]	TRUE	Tut7
XP_025875929.2	NP_078893.2	0	N/A	25.938	320	54	2.71e-19	94.7	terminal uridylyltransferase 7 isoform 1 [Homo sapiens]	TRUE	Tut7
XP_025875929.2	NP_001171988.1	0	N/A	25.938	320	54	2.71e-19	94.7	terminal uridylyltransferase 7 isoform 1 [Homo sapiens]	TRUE	Tut7
XP_025875929.2	NP_001317647.1	0	N/A	25.938	320	54	2.71e-19	94.4	terminal uridylyltransferase 7 isoform 3 [Homo sapiens]	TRUE	Tut7
XP_025875929.2	XP_047272384.1	0	N/A	27.068	266	44	1.41e-18	92.4	terminal uridylyltransferase 4 isoform X46 [Homo sapiens]	TRUE	Tut4
XP_025875929.2	XP_047272345.1	0	N/A	27.068	266	44	2.93e-18	91.7	terminal uridylyltransferase 4 isoform X31 [Homo sapiens]	TRUE	Tut4
XP_025875929.2	XP_016856297.1	0	N/A	27.068	266	44	3.39e-18	91.3	terminal uridylyltransferase 4 isoform X36 [Homo sapiens]	TRUE	Tut4
XP_025875929.2	XP_047272337.1	0	N/A	27.068	266	44	3.42e-18	91.3	terminal uridylyltransferase 4 isoform X27 [Homo sapiens]	TRUE	Tut4
XP_025875929.2	XP_047272344.1	0	N/A	27.068	266	44	3.52e-18	91.3	terminal uridylyltransferase 4 isoform X30 [Homo sapiens]	TRUE	Tut4
XP_025875929.2	XP_011539401.1	0	N/A	27.068	266	44	3.52e-18	91.3	terminal uridylyltransferase 4 isoform X29 [Homo sapiens]	TRUE	Tut4
XP_025875929.2	XP_047272290.1	0	N/A	27.068	266	44	3.56e-18	91.3	terminal uridylyltransferase 4 isoform X11 [Homo sapiens]	TRUE	Tut4
XP_025875929.2	XP_016856295.1	0	N/A	27.068	266	44	3.57e-18	91.3	terminal uridylyltransferase 4 isoform X25 [Homo sapiens]	TRUE	Tut4
XP_025875929.2	XP_016856296.1	0	N/A	27.068	266	44	3.72e-18	91.3	terminal uridylyltransferase 4 isoform X28 [Homo sapiens]	TRUE	Tut4
XP_025875929.2	XP_047272350.1	0	N/A	27.068	266	44	3.74e-18	91.3	terminal uridylyltransferase 4 isoform X34 [Homo sapiens]	TRUE	Tut4
XP_025875929.2	XP_047272372.1	0	N/A	27.068	266	44	3.84e-18	91.3	terminal uridylyltransferase 4 isoform X42 [Homo sapiens]	TRUE	Tut4
XP_025875929.2	XP_047272286.1	0	N/A	27.068	266	44	3.86e-18	91.3	terminal uridylyltransferase 4 isoform X8 [Homo sapiens]	TRUE	Tut4
XP_025875929.2	XP_047272325.1	0	N/A	27.068	266	44	3.9e-18	91.3	terminal uridylyltransferase 4 isoform X23 [Homo sapiens]	TRUE	Tut4
XP_025875929.2	XP_005270739.1	0	N/A	27.068	266	44	3.9e-18	91.3	terminal uridylyltransferase 4 isoform X33 [Homo sapiens]	TRUE	Tut4
XP_025875929.2	XP_047272285.1	0	N/A	27.068	266	44	3.96e-18	91.3	terminal uridylyltransferase 4 isoform X7 [Homo sapiens]	TRUE	Tut4
XP_025875929.2	XP_016856299.1	0	N/A	27.068	266	44	4.03e-18	91.3	terminal uridylyltransferase 4 isoform X40 [Homo sapiens]	TRUE	Tut4
XP_025875929.2	XP_011539399.1	0	N/A	27.068	266	44	4.05e-18	91.3	terminal uridylyltransferase 4 isoform X1 [Homo sapiens]	TRUE	Tut4
XP_025875929.2	XP_005270733.1	0	N/A	27.068	266	44	4.05e-18	91.3	terminal uridylyltransferase 4 isoform X1 [Homo sapiens]	TRUE	Tut4
XP_025875929.2	XP_047272296.1	0	N/A	27.068	266	44	4.06e-18	91.3	terminal uridylyltransferase 4 isoform X13 [Homo sapiens]	TRUE	Tut4
XP_025875929.2	XP_016856292.1	0	N/A	27.068	266	44	4.1e-18	91.3	terminal uridylyltransferase 4 isoform X9 [Homo sapiens]	TRUE	Tut4
XP_025875929.2	XP_047272280.1	0	N/A	27.068	266	44	4.12e-18	91.3	terminal uridylyltransferase 4 isoform X3 [Homo sapiens]	TRUE	Tut4
XP_025875929.2	XP_005270736.1	0	N/A	27.068	266	44	4.12e-18	91.3	terminal uridylyltransferase 4 isoform X3 [Homo sapiens]	TRUE	Tut4
XP_025875929.2	XP_047272295.1	0	N/A	27.068	266	44	4.13e-18	91.3	terminal uridylyltransferase 4 isoform X12 [Homo sapiens]	TRUE	Tut4
XP_025875929.2	XP_047272305.1	0	N/A	27.068	266	44	4.17e-18	91.3	terminal uridylyltransferase 4 isoform X17 [Homo sapiens]	TRUE	Tut4
XP_025875929.2	XP_047272365.1	0	N/A	27.068	266	44	4.18e-18	91.3	terminal uridylyltransferase 4 isoform X38 [Homo sapiens]	TRUE	Tut4
XP_025875929.2	XP_047272283.1	0	N/A	27.068	266	44	4.19e-18	91.3	terminal uridylyltransferase 4 isoform X6 [Homo sapiens]	TRUE	Tut4
XP_025875929.2	XP_005270737.1	0	N/A	27.068	266	44	4.19e-18	91.3	terminal uridylyltransferase 4 isoform X6 [Homo sapiens]	TRUE	Tut4
XP_025875929.2	XP_047272282.1	0	N/A	27.068	266	44	4.26e-18	91.3	terminal uridylyltransferase 4 isoform X5 [Homo sapiens]	TRUE	Tut4
XP_025875929.2	NP_056084.1	0	N/A	27.068	266	44	4.26e-18	91.3	terminal uridylyltransferase 4 isoform b [Homo sapiens]	TRUE	Tut4
XP_025875929.2	XP_047272288.1	0	N/A	27.068	266	44	4.28e-18	91.3	terminal uridylyltransferase 4 isoform X10 [Homo sapiens]	TRUE	Tut4
XP_025875929.2	XP_047272281.1	0	N/A	27.068	266	44	4.3e-18	91.3	terminal uridylyltransferase 4 isoform X4 [Homo sapiens]	TRUE	Tut4
XP_025875929.2	NP_001009881.1	0	N/A	27.068	266	44	4.3e-18	91.3	terminal uridylyltransferase 4 isoform a [Homo sapiens]	TRUE	Tut4
XP_025875929.2	XP_005270735.1	0	N/A	27.068	266	44	4.58e-18	90.9	terminal uridylyltransferase 4 isoform X2 [Homo sapiens]	TRUE	Tut4
XP_025875929.2	XP_016856293.1	0	N/A	27.068	266	44	4.71e-18	90.9	terminal uridylyltransferase 4 isoform X16 [Homo sapiens]	TRUE	Tut4
XP_025875929.2	NP_001172003.1	0	N/A	25.862	232	38	1.15e-15	83.2	terminal uridylyltransferase 7 isoform 2 [Homo sapiens]	TRUE	Tut7
XP_025875929.2	NP_073741.3	0	N/A	28.774	212	36	1.02e-14	80.1	speckle targeted PIP5K1A-regulated poly(A) polymerase isoform 1 [Homo sapiens]	TRUE	Tut1
XP_025875929.2	NP_060579.3	0	N/A	33.884	121	21	9.17e-14	76.6	poly(A) RNA polymerase, mitochondrial precursor [Homo sapiens]	TRUE	mtPAP
XP_025875929.2	NP_001336477.1	0	N/A	35.052	97	18	1.44e-10	64.3	poly(A) RNA polymerase GLD2 isoform 4 [Homo sapiens]	TRUE	TENT2
XP_025875929.2	XP_047272820.1	0	N/A	35.052	97	18	2.15e-10	63.9	poly(A) RNA polymerase GLD2 isoform X11 [Homo sapiens]	TRUE	TENT2
XP_025875929.2	XP_047272805.1	0	N/A	26.531	196	34	2.93e-10	65.5	poly(A) RNA polymerase GLD2 isoform X2 [Homo sapiens]	TRUE	TENT2
XP_025875929.2	XP_047272804.1	0	N/A	26.531	196	34	2.93e-10	65.5	poly(A) RNA polymerase GLD2 isoform X2 [Homo sapiens]	TRUE	TENT2
XP_025875929.2	XP_047272803.1	0	N/A	26.531	196	34	2.93e-10	65.5	poly(A) RNA polymerase GLD2 isoform X2 [Homo sapiens]	TRUE	TENT2
XP_025875929.2	XP_047272802.1	0	N/A	26.531	196	34	2.93e-10	65.5	poly(A) RNA polymerase GLD2 isoform X2 [Homo sapiens]	TRUE	TENT2
XP_025875929.2	XP_016864641.1	0	N/A	26.531	196	34	2.93e-10	65.5	poly(A) RNA polymerase GLD2 isoform X2 [Homo sapiens]	TRUE	TENT2
XP_025875929.2	NP_001375026.1	0	N/A	26.531	196	34	2.93e-10	65.5	poly(A) RNA polymerase GLD2 isoform 6 [Homo sapiens]	TRUE	TENT2
XP_025875929.2	NP_001375025.1	0	N/A	26.531	196	34	2.93e-10	65.5	poly(A) RNA polymerase GLD2 isoform 6 [Homo sapiens]	TRUE	TENT2
XP_025875929.2	NP_001375024.1	0	N/A	26.531	196	34	2.93e-10	65.5	poly(A) RNA polymerase GLD2 isoform 6 [Homo sapiens]	TRUE	TENT2
XP_025875929.2	NP_001336480.1	0	N/A	26.531	196	34	2.93e-10	65.5	poly(A) RNA polymerase GLD2 isoform 6 [Homo sapiens]	TRUE	TENT2
XP_025875929.2	XP_047272801.1	0	N/A	26.531	196	34	2.98e-10	65.5	poly(A) RNA polymerase GLD2 isoform X1 [Homo sapiens]	TRUE	TENT2
XP_025875929.2	XP_047272800.1	0	N/A	26.531	196	34	2.98e-10	65.5	poly(A) RNA polymerase GLD2 isoform X1 [Homo sapiens]	TRUE	TENT2
XP_025875929.2	XP_011541527.1	0	N/A	26.531	196	34	2.98e-10	65.5	poly(A) RNA polymerase GLD2 isoform X1 [Homo sapiens]	TRUE	TENT2
XP_025875929.2	XP_011541526.1	0	N/A	26.531	196	34	2.98e-10	65.5	poly(A) RNA polymerase GLD2 isoform X1 [Homo sapiens]	TRUE	TENT2
XP_025875929.2	XP_011541523.1	0	N/A	26.531	196	34	2.98e-10	65.5	poly(A) RNA polymerase GLD2 isoform X1 [Homo sapiens]	TRUE	TENT2
XP_025875929.2	XP_011541522.1	0	N/A	26.531	196	34	2.98e-10	65.5	poly(A) RNA polymerase GLD2 isoform X1 [Homo sapiens]	TRUE	TENT2
XP_025875929.2	NP_001375023.1	0	N/A	26.531	196	34	2.98e-10	65.5	poly(A) RNA polymerase GLD2 isoform 5 [Homo sapiens]	TRUE	TENT2
XP_025875929.2	NP_001375022.1	0	N/A	26.531	196	34	2.98e-10	65.5	poly(A) RNA polymerase GLD2 isoform 5 [Homo sapiens]	TRUE	TENT2
XP_025875929.2	NP_001336479.1	0	N/A	26.531	196	34	2.98e-10	65.5	poly(A) RNA polymerase GLD2 isoform 5 [Homo sapiens]	TRUE	TENT2
XP_025875929.2	NP_001336478.1	0	N/A	26.531	196	34	2.98e-10	65.5	poly(A) RNA polymerase GLD2 isoform 5 [Homo sapiens]	TRUE	TENT2
XP_025875929.2	NP_001375029.1	0	N/A	26.531	196	34	3.07e-10	65.1	poly(A) RNA polymerase GLD2 isoform 8 [Homo sapiens]	TRUE	TENT2
XP_025875929.2	NP_001375028.1	0	N/A	26.531	196	34	3.07e-10	65.1	poly(A) RNA polymerase GLD2 isoform 8 [Homo sapiens]	TRUE	TENT2
XP_025875929.2	NP_001375027.1	0	N/A	26.531	196	34	3.08e-10	65.1	poly(A) RNA polymerase GLD2 isoform 7 [Homo sapiens]	TRUE	TENT2
XP_025875929.2	NP_001375042.1	0	N/A	26.531	196	34	3.25e-10	65.1	poly(A) RNA polymerase GLD2 isoform 16 [Homo sapiens]	TRUE	TENT2
XP_025875929.2	XP_047272811.1	0	N/A	26.531	196	34	3.26e-10	65.1	poly(A) RNA polymerase GLD2 isoform X4 [Homo sapiens]	TRUE	TENT2
XP_025875929.2	XP_047272810.1	0	N/A	26.531	196	34	3.26e-10	65.1	poly(A) RNA polymerase GLD2 isoform X4 [Homo sapiens]	TRUE	TENT2
XP_025875929.2	XP_047272809.1	0	N/A	26.531	196	34	3.26e-10	65.1	poly(A) RNA polymerase GLD2 isoform X4 [Homo sapiens]	TRUE	TENT2
XP_025875929.2	NP_001375058.1	0	N/A	26.531	196	34	3.26e-10	65.1	poly(A) RNA polymerase GLD2 isoform 2 [Homo sapiens]	TRUE	TENT2
XP_025875929.2	NP_001375057.1	0	N/A	26.531	196	34	3.26e-10	65.1	poly(A) RNA polymerase GLD2 isoform 2 [Homo sapiens]	TRUE	TENT2
XP_025875929.2	NP_001375056.1	0	N/A	26.531	196	34	3.26e-10	65.1	poly(A) RNA polymerase GLD2 isoform 2 [Homo sapiens]	TRUE	TENT2
XP_025875929.2	NP_001375055.1	0	N/A	26.531	196	34	3.26e-10	65.1	poly(A) RNA polymerase GLD2 isoform 2 [Homo sapiens]	TRUE	TENT2
XP_025875929.2	NP_001375054.1	0	N/A	26.531	196	34	3.26e-10	65.1	poly(A) RNA polymerase GLD2 isoform 2 [Homo sapiens]	TRUE	TENT2
XP_025875929.2	NP_001375053.1	0	N/A	26.531	196	34	3.26e-10	65.1	poly(A) RNA polymerase GLD2 isoform 2 [Homo sapiens]	TRUE	TENT2
XP_025875929.2	NP_001375052.1	0	N/A	26.531	196	34	3.26e-10	65.1	poly(A) RNA polymerase GLD2 isoform 2 [Homo sapiens]	TRUE	TENT2
XP_025875929.2	NP_001375051.1	0	N/A	26.531	196	34	3.26e-10	65.1	poly(A) RNA polymerase GLD2 isoform 2 [Homo sapiens]	TRUE	TENT2
XP_025875929.2	NP_001375050.1	0	N/A	26.531	196	34	3.26e-10	65.1	poly(A) RNA polymerase GLD2 isoform 2 [Homo sapiens]	TRUE	TENT2
XP_025875929.2	NP_001375049.1	0	N/A	26.531	196	34	3.26e-10	65.1	poly(A) RNA polymerase GLD2 isoform 2 [Homo sapiens]	TRUE	TENT2
XP_025875929.2	NP_001375048.1	0	N/A	26.531	196	34	3.26e-10	65.1	poly(A) RNA polymerase GLD2 isoform 2 [Homo sapiens]	TRUE	TENT2
XP_025875929.2	NP_001375047.1	0	N/A	26.531	196	34	3.26e-10	65.1	poly(A) RNA polymerase GLD2 isoform 2 [Homo sapiens]	TRUE	TENT2
XP_025875929.2	NP_001375046.1	0	N/A	26.531	196	34	3.26e-10	65.1	poly(A) RNA polymerase GLD2 isoform 2 [Homo sapiens]	TRUE	TENT2
XP_025875929.2	NP_001375045.1	0	N/A	26.531	196	34	3.26e-10	65.1	poly(A) RNA polymerase GLD2 isoform 2 [Homo sapiens]	TRUE	TENT2
XP_025875929.2	NP_001375044.1	0	N/A	26.531	196	34	3.26e-10	65.1	poly(A) RNA polymerase GLD2 isoform 2 [Homo sapiens]	TRUE	TENT2
XP_025875929.2	NP_001375043.1	0	N/A	26.531	196	34	3.26e-10	65.1	poly(A) RNA polymerase GLD2 isoform 2 [Homo sapiens]	TRUE	TENT2
XP_025875929.2	NP_001336483.1	0	N/A	26.531	196	34	3.26e-10	65.1	poly(A) RNA polymerase GLD2 isoform 2 [Homo sapiens]	TRUE	TENT2
XP_025875929.2	NP_001284673.1	0	N/A	26.531	196	34	3.26e-10	65.1	poly(A) RNA polymerase GLD2 isoform 2 [Homo sapiens]	TRUE	TENT2
XP_025878118.1	NP_001336477.1	0	N/A	27.66	235	51	7.26e-17	82.8	poly(A) RNA polymerase GLD2 isoform 4 [Homo sapiens]	TRUE	TENT2
XP_025878118.1	XP_047272820.1	0	N/A	27.132	258	55	7.52e-17	82.4	poly(A) RNA polymerase GLD2 isoform X11 [Homo sapiens]	TRUE	TENT2
XP_025878118.1	XP_047272811.1	0	N/A	25.937	347	74	4.52e-16	82.8	poly(A) RNA polymerase GLD2 isoform X4 [Homo sapiens]	TRUE	TENT2
XP_025878118.1	XP_047272810.1	0	N/A	25.937	347	74	4.52e-16	82.8	poly(A) RNA polymerase GLD2 isoform X4 [Homo sapiens]	TRUE	TENT2
XP_025878118.1	XP_047272809.1	0	N/A	25.937	347	74	4.52e-16	82.8	poly(A) RNA polymerase GLD2 isoform X4 [Homo sapiens]	TRUE	TENT2
XP_025878118.1	NP_001375058.1	0	N/A	25.937	347	74	4.52e-16	82.8	poly(A) RNA polymerase GLD2 isoform 2 [Homo sapiens]	TRUE	TENT2
XP_025878118.1	NP_001375057.1	0	N/A	25.937	347	74	4.52e-16	82.8	poly(A) RNA polymerase GLD2 isoform 2 [Homo sapiens]	TRUE	TENT2
XP_025878118.1	NP_001375056.1	0	N/A	25.937	347	74	4.52e-16	82.8	poly(A) RNA polymerase GLD2 isoform 2 [Homo sapiens]	TRUE	TENT2
XP_025878118.1	NP_001375055.1	0	N/A	25.937	347	74	4.52e-16	82.8	poly(A) RNA polymerase GLD2 isoform 2 [Homo sapiens]	TRUE	TENT2
XP_025878118.1	NP_001375054.1	0	N/A	25.937	347	74	4.52e-16	82.8	poly(A) RNA polymerase GLD2 isoform 2 [Homo sapiens]	TRUE	TENT2
XP_025878118.1	NP_001375053.1	0	N/A	25.937	347	74	4.52e-16	82.8	poly(A) RNA polymerase GLD2 isoform 2 [Homo sapiens]	TRUE	TENT2
XP_025878118.1	NP_001375052.1	0	N/A	25.937	347	74	4.52e-16	82.8	poly(A) RNA polymerase GLD2 isoform 2 [Homo sapiens]	TRUE	TENT2
XP_025878118.1	NP_001375051.1	0	N/A	25.937	347	74	4.52e-16	82.8	poly(A) RNA polymerase GLD2 isoform 2 [Homo sapiens]	TRUE	TENT2
XP_025878118.1	NP_001375050.1	0	N/A	25.937	347	74	4.52e-16	82.8	poly(A) RNA polymerase GLD2 isoform 2 [Homo sapiens]	TRUE	TENT2
XP_025878118.1	NP_001375049.1	0	N/A	25.937	347	74	4.52e-16	82.8	poly(A) RNA polymerase GLD2 isoform 2 [Homo sapiens]	TRUE	TENT2
XP_025878118.1	NP_001375048.1	0	N/A	25.937	347	74	4.52e-16	82.8	poly(A) RNA polymerase GLD2 isoform 2 [Homo sapiens]	TRUE	TENT2
XP_025878118.1	NP_001375047.1	0	N/A	25.937	347	74	4.52e-16	82.8	poly(A) RNA polymerase GLD2 isoform 2 [Homo sapiens]	TRUE	TENT2
XP_025878118.1	NP_001375046.1	0	N/A	25.937	347	74	4.52e-16	82.8	poly(A) RNA polymerase GLD2 isoform 2 [Homo sapiens]	TRUE	TENT2
XP_025878118.1	NP_001375045.1	0	N/A	25.937	347	74	4.52e-16	82.8	poly(A) RNA polymerase GLD2 isoform 2 [Homo sapiens]	TRUE	TENT2
XP_025878118.1	NP_001375044.1	0	N/A	25.937	347	74	4.52e-16	82.8	poly(A) RNA polymerase GLD2 isoform 2 [Homo sapiens]	TRUE	TENT2
XP_025878118.1	NP_001375043.1	0	N/A	25.937	347	74	4.52e-16	82.8	poly(A) RNA polymerase GLD2 isoform 2 [Homo sapiens]	TRUE	TENT2
XP_025878118.1	NP_001336483.1	0	N/A	25.937	347	74	4.52e-16	82.8	poly(A) RNA polymerase GLD2 isoform 2 [Homo sapiens]	TRUE	TENT2
XP_025878118.1	NP_001284673.1	0	N/A	25.937	347	74	4.52e-16	82.8	poly(A) RNA polymerase GLD2 isoform 2 [Homo sapiens]	TRUE	TENT2
XP_025878118.1	NP_001375029.1	0	N/A	26.197	355	74	4.53e-16	82.8	poly(A) RNA polymerase GLD2 isoform 8 [Homo sapiens]	TRUE	TENT2
XP_025878118.1	NP_001375028.1	0	N/A	26.197	355	74	4.53e-16	82.8	poly(A) RNA polymerase GLD2 isoform 8 [Homo sapiens]	TRUE	TENT2
XP_025878118.1	NP_001375042.1	0	N/A	26.801	347	74	4.69e-16	82.8	poly(A) RNA polymerase GLD2 isoform 16 [Homo sapiens]	TRUE	TENT2
XP_025878118.1	XP_047272808.1	0	N/A	26.801	347	74	4.75e-16	82.8	poly(A) RNA polymerase GLD2 isoform X3 [Homo sapiens]	TRUE	TENT2
XP_025878118.1	XP_047272807.1	0	N/A	26.801	347	74	4.75e-16	82.8	poly(A) RNA polymerase GLD2 isoform X3 [Homo sapiens]	TRUE	TENT2
XP_025878118.1	XP_047272806.1	0	N/A	26.801	347	74	4.75e-16	82.8	poly(A) RNA polymerase GLD2 isoform X3 [Homo sapiens]	TRUE	TENT2
XP_025878118.1	NP_776158.2	0	N/A	26.801	347	74	4.75e-16	82.8	poly(A) RNA polymerase GLD2 isoform 1 [Homo sapiens]	TRUE	TENT2
XP_025878118.1	NP_001375041.1	0	N/A	26.801	347	74	4.75e-16	82.8	poly(A) RNA polymerase GLD2 isoform 1 [Homo sapiens]	TRUE	TENT2
XP_025878118.1	NP_001375040.1	0	N/A	26.801	347	74	4.75e-16	82.8	poly(A) RNA polymerase GLD2 isoform 1 [Homo sapiens]	TRUE	TENT2
XP_025878118.1	NP_001375039.1	0	N/A	26.801	347	74	4.75e-16	82.8	poly(A) RNA polymerase GLD2 isoform 1 [Homo sapiens]	TRUE	TENT2
XP_025878118.1	NP_001375038.1	0	N/A	26.801	347	74	4.75e-16	82.8	poly(A) RNA polymerase GLD2 isoform 1 [Homo sapiens]	TRUE	TENT2
XP_025878118.1	NP_001375037.1	0	N/A	26.801	347	74	4.75e-16	82.8	poly(A) RNA polymerase GLD2 isoform 1 [Homo sapiens]	TRUE	TENT2
XP_025878118.1	NP_001375036.1	0	N/A	26.801	347	74	4.75e-16	82.8	poly(A) RNA polymerase GLD2 isoform 1 [Homo sapiens]	TRUE	TENT2
XP_025878118.1	NP_001375035.1	0	N/A	26.801	347	74	4.75e-16	82.8	poly(A) RNA polymerase GLD2 isoform 1 [Homo sapiens]	TRUE	TENT2
XP_025878118.1	NP_001375034.1	0	N/A	26.801	347	74	4.75e-16	82.8	poly(A) RNA polymerase GLD2 isoform 1 [Homo sapiens]	TRUE	TENT2
XP_025878118.1	NP_001375032.1	0	N/A	26.801	347	74	4.75e-16	82.8	poly(A) RNA polymerase GLD2 isoform 1 [Homo sapiens]	TRUE	TENT2
XP_025878118.1	NP_001375031.1	0	N/A	26.801	347	74	4.75e-16	82.8	poly(A) RNA polymerase GLD2 isoform 1 [Homo sapiens]	TRUE	TENT2
XP_025878118.1	NP_001336482.1	0	N/A	26.801	347	74	4.75e-16	82.8	poly(A) RNA polymerase GLD2 isoform 1 [Homo sapiens]	TRUE	TENT2
XP_025878118.1	NP_001336481.1	0	N/A	26.801	347	74	4.75e-16	82.8	poly(A) RNA polymerase GLD2 isoform 1 [Homo sapiens]	TRUE	TENT2
XP_025878118.1	NP_001107866.1	0	N/A	26.801	347	74	4.75e-16	82.8	poly(A) RNA polymerase GLD2 isoform 1 [Homo sapiens]	TRUE	TENT2
XP_025878118.1	NP_001107865.1	0	N/A	26.801	347	74	4.75e-16	82.8	poly(A) RNA polymerase GLD2 isoform 1 [Homo sapiens]	TRUE	TENT2
XP_025878118.1	NP_001375059.1	0	N/A	25.937	347	74	5.06e-16	82.8	poly(A) RNA polymerase GLD2 isoform 10 [Homo sapiens]	TRUE	TENT2
XP_025878118.1	XP_047272805.1	0	N/A	27.132	258	55	5.08e-16	82.8	poly(A) RNA polymerase GLD2 isoform X2 [Homo sapiens]	TRUE	TENT2
XP_025878118.1	XP_047272804.1	0	N/A	27.132	258	55	5.08e-16	82.8	poly(A) RNA polymerase GLD2 isoform X2 [Homo sapiens]	TRUE	TENT2
XP_025878118.1	XP_047272803.1	0	N/A	27.132	258	55	5.08e-16	82.8	poly(A) RNA polymerase GLD2 isoform X2 [Homo sapiens]	TRUE	TENT2
XP_025878118.1	XP_047272802.1	0	N/A	27.132	258	55	5.08e-16	82.8	poly(A) RNA polymerase GLD2 isoform X2 [Homo sapiens]	TRUE	TENT2
XP_025878118.1	XP_016864641.1	0	N/A	27.132	258	55	5.08e-16	82.8	poly(A) RNA polymerase GLD2 isoform X2 [Homo sapiens]	TRUE	TENT2
XP_025878118.1	NP_001375026.1	0	N/A	27.132	258	55	5.08e-16	82.8	poly(A) RNA polymerase GLD2 isoform 6 [Homo sapiens]	TRUE	TENT2
XP_025878118.1	NP_001375025.1	0	N/A	27.132	258	55	5.08e-16	82.8	poly(A) RNA polymerase GLD2 isoform 6 [Homo sapiens]	TRUE	TENT2
XP_025878118.1	NP_001375024.1	0	N/A	27.132	258	55	5.08e-16	82.8	poly(A) RNA polymerase GLD2 isoform 6 [Homo sapiens]	TRUE	TENT2
XP_025878118.1	NP_001336480.1	0	N/A	27.132	258	55	5.08e-16	82.8	poly(A) RNA polymerase GLD2 isoform 6 [Homo sapiens]	TRUE	TENT2
XP_025878118.1	NP_001375027.1	0	N/A	27.132	258	55	5.11e-16	82.8	poly(A) RNA polymerase GLD2 isoform 7 [Homo sapiens]	TRUE	TENT2
XP_025878118.1	NP_001375030.1	0	N/A	25.352	355	74	5.16e-16	82.8	poly(A) RNA polymerase GLD2 isoform 9 [Homo sapiens]	TRUE	TENT2
XP_025878118.1	NP_001375060.1	0	N/A	26.801	347	74	5.59e-16	82.4	poly(A) RNA polymerase GLD2 isoform 11 [Homo sapiens]	TRUE	TENT2
XP_025878118.1	NP_001375061.1	0	N/A	25.937	347	74	6.07e-16	82.4	poly(A) RNA polymerase GLD2 isoform 12 [Homo sapiens]	TRUE	TENT2
XP_025878118.1	XP_047272801.1	0	N/A	27.132	258	55	6.42e-16	82.4	poly(A) RNA polymerase GLD2 isoform X1 [Homo sapiens]	TRUE	TENT2
XP_025878118.1	XP_047272800.1	0	N/A	27.132	258	55	6.42e-16	82.4	poly(A) RNA polymerase GLD2 isoform X1 [Homo sapiens]	TRUE	TENT2
XP_025878118.1	XP_011541527.1	0	N/A	27.132	258	55	6.42e-16	82.4	poly(A) RNA polymerase GLD2 isoform X1 [Homo sapiens]	TRUE	TENT2
XP_025878118.1	XP_011541526.1	0	N/A	27.132	258	55	6.42e-16	82.4	poly(A) RNA polymerase GLD2 isoform X1 [Homo sapiens]	TRUE	TENT2
XP_025878118.1	XP_011541523.1	0	N/A	27.132	258	55	6.42e-16	82.4	poly(A) RNA polymerase GLD2 isoform X1 [Homo sapiens]	TRUE	TENT2
XP_025878118.1	XP_011541522.1	0	N/A	27.132	258	55	6.42e-16	82.4	poly(A) RNA polymerase GLD2 isoform X1 [Homo sapiens]	TRUE	TENT2
XP_025878118.1	NP_001375023.1	0	N/A	27.132	258	55	6.42e-16	82.4	poly(A) RNA polymerase GLD2 isoform 5 [Homo sapiens]	TRUE	TENT2
XP_025878118.1	NP_001375022.1	0	N/A	27.132	258	55	6.42e-16	82.4	poly(A) RNA polymerase GLD2 isoform 5 [Homo sapiens]	TRUE	TENT2
XP_025878118.1	NP_001336479.1	0	N/A	27.132	258	55	6.42e-16	82.4	poly(A) RNA polymerase GLD2 isoform 5 [Homo sapiens]	TRUE	TENT2
XP_025878118.1	NP_001336478.1	0	N/A	27.132	258	55	6.42e-16	82.4	poly(A) RNA polymerase GLD2 isoform 5 [Homo sapiens]	TRUE	TENT2
XP_025878118.1	NP_001375065.1	0	N/A	27.66	235	51	9.02e-16	81.3	poly(A) RNA polymerase GLD2 isoform 14 [Homo sapiens]	TRUE	TENT2
XP_025878118.1	NP_001375066.1	0	N/A	28.054	221	48	7.76e-15	77.4	poly(A) RNA polymerase GLD2 isoform 15 [Homo sapiens]	TRUE	TENT2
XP_025878118.1	NP_060579.3	0	N/A	25.597	293	58	2.87e-14	77.4	poly(A) RNA polymerase, mitochondrial precursor [Homo sapiens]	TRUE	mtPAP
XP_025878118.1	XP_005252265.1	0	N/A	25.17	294	61	1.11e-13	76.3	terminal uridylyltransferase 7 isoform X7 [Homo sapiens]	TRUE	Tut7
XP_025878118.1	XP_011517318.1	0	N/A	25.17	294	61	1.21e-13	76.3	terminal uridylyltransferase 7 isoform X5 [Homo sapiens]	TRUE	Tut7
XP_025878118.1	XP_016870620.1	0	N/A	25.17	294	61	1.23e-13	76.3	terminal uridylyltransferase 7 isoform X4 [Homo sapiens]	TRUE	Tut7
XP_025878118.1	XP_016870619.1	0	N/A	25.17	294	61	1.23e-13	76.3	terminal uridylyltransferase 7 isoform X4 [Homo sapiens]	TRUE	Tut7
XP_025878118.1	NP_078893.2	0	N/A	25.17	294	61	1.23e-13	76.3	terminal uridylyltransferase 7 isoform 1 [Homo sapiens]	TRUE	Tut7
XP_025878118.1	NP_001171988.1	0	N/A	25.17	294	61	1.23e-13	76.3	terminal uridylyltransferase 7 isoform 1 [Homo sapiens]	TRUE	Tut7
XP_025878118.1	XP_047279825.1	0	N/A	25.17	294	61	1.28e-13	76.3	terminal uridylyltransferase 7 isoform X6 [Homo sapiens]	TRUE	Tut7
XP_025878118.1	XP_047279824.1	0	N/A	25.17	294	61	1.28e-13	76.3	terminal uridylyltransferase 7 isoform X6 [Homo sapiens]	TRUE	Tut7
XP_025878118.1	XP_005252264.1	0	N/A	25.17	294	61	1.28e-13	76.3	terminal uridylyltransferase 7 isoform X6 [Homo sapiens]	TRUE	Tut7
XP_025878118.1	XP_011517316.1	0	N/A	25.17	294	61	1.38e-13	76.3	terminal uridylyltransferase 7 isoform X1 [Homo sapiens]	TRUE	Tut7
XP_025878118.1	XP_011517315.1	0	N/A	25.17	294	61	1.38e-13	76.3	terminal uridylyltransferase 7 isoform X1 [Homo sapiens]	TRUE	Tut7
XP_025878118.1	XP_011517314.1	0	N/A	25.17	294	61	1.38e-13	76.3	terminal uridylyltransferase 7 isoform X1 [Homo sapiens]	TRUE	Tut7
XP_025878118.1	XP_011517313.1	0	N/A	25.17	294	61	1.38e-13	76.3	terminal uridylyltransferase 7 isoform X1 [Homo sapiens]	TRUE	Tut7
XP_025878118.1	XP_047279823.1	0	N/A	25.17	294	61	1.42e-13	75.9	terminal uridylyltransferase 7 isoform X2 [Homo sapiens]	TRUE	Tut7
XP_025878118.1	XP_006717346.1	0	N/A	25.17	294	61	1.42e-13	75.9	terminal uridylyltransferase 7 isoform X2 [Homo sapiens]	TRUE	Tut7
XP_025878118.1	NP_001317647.1	0	N/A	25.17	294	61	1.45e-13	75.9	terminal uridylyltransferase 7 isoform 3 [Homo sapiens]	TRUE	Tut7
XP_025878118.1	XP_011517317.1	0	N/A	25.17	294	61	1.5e-13	75.9	terminal uridylyltransferase 7 isoform X3 [Homo sapiens]	TRUE	Tut7
XP_025878118.1	XP_047272344.1	0	N/A	23.582	335	71	1.57e-13	75.9	terminal uridylyltransferase 4 isoform X30 [Homo sapiens]	TRUE	Tut4
XP_025878118.1	XP_047272290.1	0	N/A	23.582	335	71	1.71e-13	75.9	terminal uridylyltransferase 4 isoform X11 [Homo sapiens]	TRUE	Tut4
XP_025878118.1	XP_047272384.1	0	N/A	24.055	291	62	1.79e-13	75.5	terminal uridylyltransferase 4 isoform X46 [Homo sapiens]	TRUE	Tut4
XP_025878118.1	XP_047272350.1	0	N/A	23.582	335	71	2e-13	75.5	terminal uridylyltransferase 4 isoform X34 [Homo sapiens]	TRUE	Tut4
XP_025878118.1	XP_047272286.1	0	N/A	23.582	335	71	2.04e-13	75.5	terminal uridylyltransferase 4 isoform X8 [Homo sapiens]	TRUE	Tut4
XP_025878118.1	XP_047272372.1	0	N/A	23.582	335	71	2.29e-13	75.5	terminal uridylyltransferase 4 isoform X42 [Homo sapiens]	TRUE	Tut4
XP_025878118.1	XP_047272305.1	0	N/A	23.582	335	71	2.39e-13	75.5	terminal uridylyltransferase 4 isoform X17 [Homo sapiens]	TRUE	Tut4
XP_025878118.1	XP_047272296.1	0	N/A	23.582	335	71	2.43e-13	75.5	terminal uridylyltransferase 4 isoform X13 [Homo sapiens]	TRUE	Tut4
XP_025878118.1	XP_047272295.1	0	N/A	23.582	335	71	2.56e-13	75.1	terminal uridylyltransferase 4 isoform X12 [Homo sapiens]	TRUE	Tut4
XP_025878118.1	XP_016856295.1	0	N/A	24.055	291	62	3.88e-13	74.7	terminal uridylyltransferase 4 isoform X25 [Homo sapiens]	TRUE	Tut4
XP_025878118.1	XP_047272325.1	0	N/A	24.055	291	62	4.75e-13	74.3	terminal uridylyltransferase 4 isoform X23 [Homo sapiens]	TRUE	Tut4
XP_025878118.1	XP_047272280.1	0	N/A	24.055	291	62	5.09e-13	74.3	terminal uridylyltransferase 4 isoform X3 [Homo sapiens]	TRUE	Tut4
XP_026294736.1	NP_060579.3	0	N/A	22.845	464	67	9.62e-27	117	poly(A) RNA polymerase, mitochondrial precursor [Homo sapiens]	TRUE	mtPAP
XP_026294736.1	NP_001317647.1	0	N/A	26.42	352	52	1.1e-22	105	terminal uridylyltransferase 7 isoform 3 [Homo sapiens]	TRUE	Tut7
XP_026294736.1	XP_005252265.1	0	N/A	26.42	352	52	1.17e-22	106	terminal uridylyltransferase 7 isoform X7 [Homo sapiens]	TRUE	Tut7
XP_026294736.1	XP_011517318.1	0	N/A	26.42	352	52	1.29e-22	106	terminal uridylyltransferase 7 isoform X5 [Homo sapiens]	TRUE	Tut7
XP_026294736.1	XP_011517317.1	0	N/A	26.42	352	52	1.41e-22	106	terminal uridylyltransferase 7 isoform X3 [Homo sapiens]	TRUE	Tut7
XP_026294736.1	XP_047279825.1	0	N/A	26.42	352	52	1.49e-22	105	terminal uridylyltransferase 7 isoform X6 [Homo sapiens]	TRUE	Tut7
XP_026294736.1	XP_047279824.1	0	N/A	26.42	352	52	1.49e-22	105	terminal uridylyltransferase 7 isoform X6 [Homo sapiens]	TRUE	Tut7
XP_026294736.1	XP_005252264.1	0	N/A	26.42	352	52	1.49e-22	105	terminal uridylyltransferase 7 isoform X6 [Homo sapiens]	TRUE	Tut7
XP_026294736.1	XP_016870620.1	0	N/A	26.42	352	52	1.56e-22	105	terminal uridylyltransferase 7 isoform X4 [Homo sapiens]	TRUE	Tut7
XP_026294736.1	XP_016870619.1	0	N/A	26.42	352	52	1.56e-22	105	terminal uridylyltransferase 7 isoform X4 [Homo sapiens]	TRUE	Tut7
XP_026294736.1	NP_078893.2	0	N/A	26.42	352	52	1.56e-22	105	terminal uridylyltransferase 7 isoform 1 [Homo sapiens]	TRUE	Tut7
XP_026294736.1	NP_001171988.1	0	N/A	26.42	352	52	1.56e-22	105	terminal uridylyltransferase 7 isoform 1 [Homo sapiens]	TRUE	Tut7
XP_026294736.1	XP_011517316.1	0	N/A	26.42	352	52	1.76e-22	105	terminal uridylyltransferase 7 isoform X1 [Homo sapiens]	TRUE	Tut7
XP_026294736.1	XP_011517315.1	0	N/A	26.42	352	52	1.76e-22	105	terminal uridylyltransferase 7 isoform X1 [Homo sapiens]	TRUE	Tut7
XP_026294736.1	XP_011517314.1	0	N/A	26.42	352	52	1.76e-22	105	terminal uridylyltransferase 7 isoform X1 [Homo sapiens]	TRUE	Tut7
XP_026294736.1	XP_011517313.1	0	N/A	26.42	352	52	1.76e-22	105	terminal uridylyltransferase 7 isoform X1 [Homo sapiens]	TRUE	Tut7
XP_026294736.1	XP_047279823.1	0	N/A	26.42	352	52	1.91e-22	105	terminal uridylyltransferase 7 isoform X2 [Homo sapiens]	TRUE	Tut7
XP_026294736.1	XP_006717346.1	0	N/A	26.42	352	52	1.91e-22	105	terminal uridylyltransferase 7 isoform X2 [Homo sapiens]	TRUE	Tut7
XP_026294736.1	NP_001375065.1	0	N/A	30.62	258	37	2.42e-22	101	poly(A) RNA polymerase GLD2 isoform 14 [Homo sapiens]	TRUE	TENT2
XP_026294736.1	NP_001375061.1	0	N/A	30.62	258	37	7.63e-22	101	poly(A) RNA polymerase GLD2 isoform 12 [Homo sapiens]	TRUE	TENT2
XP_026294736.1	XP_047272811.1	0	N/A	30.62	258	37	1.16e-21	101	poly(A) RNA polymerase GLD2 isoform X4 [Homo sapiens]	TRUE	TENT2
XP_026294736.1	XP_047272810.1	0	N/A	30.62	258	37	1.16e-21	101	poly(A) RNA polymerase GLD2 isoform X4 [Homo sapiens]	TRUE	TENT2
XP_026294736.1	XP_047272809.1	0	N/A	30.62	258	37	1.16e-21	101	poly(A) RNA polymerase GLD2 isoform X4 [Homo sapiens]	TRUE	TENT2
XP_026294736.1	NP_001375058.1	0	N/A	30.62	258	37	1.16e-21	101	poly(A) RNA polymerase GLD2 isoform 2 [Homo sapiens]	TRUE	TENT2
XP_026294736.1	NP_001375057.1	0	N/A	30.62	258	37	1.16e-21	101	poly(A) RNA polymerase GLD2 isoform 2 [Homo sapiens]	TRUE	TENT2
XP_026294736.1	NP_001375056.1	0	N/A	30.62	258	37	1.16e-21	101	poly(A) RNA polymerase GLD2 isoform 2 [Homo sapiens]	TRUE	TENT2
XP_026294736.1	NP_001375055.1	0	N/A	30.62	258	37	1.16e-21	101	poly(A) RNA polymerase GLD2 isoform 2 [Homo sapiens]	TRUE	TENT2
XP_026294736.1	NP_001375054.1	0	N/A	30.62	258	37	1.16e-21	101	poly(A) RNA polymerase GLD2 isoform 2 [Homo sapiens]	TRUE	TENT2
XP_026294736.1	NP_001375053.1	0	N/A	30.62	258	37	1.16e-21	101	poly(A) RNA polymerase GLD2 isoform 2 [Homo sapiens]	TRUE	TENT2
XP_026294736.1	NP_001375052.1	0	N/A	30.62	258	37	1.16e-21	101	poly(A) RNA polymerase GLD2 isoform 2 [Homo sapiens]	TRUE	TENT2
XP_026294736.1	NP_001375051.1	0	N/A	30.62	258	37	1.16e-21	101	poly(A) RNA polymerase GLD2 isoform 2 [Homo sapiens]	TRUE	TENT2
XP_026294736.1	NP_001375050.1	0	N/A	30.62	258	37	1.16e-21	101	poly(A) RNA polymerase GLD2 isoform 2 [Homo sapiens]	TRUE	TENT2
XP_026294736.1	NP_001375049.1	0	N/A	30.62	258	37	1.16e-21	101	poly(A) RNA polymerase GLD2 isoform 2 [Homo sapiens]	TRUE	TENT2
XP_026294736.1	NP_001375048.1	0	N/A	30.62	258	37	1.16e-21	101	poly(A) RNA polymerase GLD2 isoform 2 [Homo sapiens]	TRUE	TENT2
XP_026294736.1	NP_001375047.1	0	N/A	30.62	258	37	1.16e-21	101	poly(A) RNA polymerase GLD2 isoform 2 [Homo sapiens]	TRUE	TENT2
XP_026294736.1	NP_001375046.1	0	N/A	30.62	258	37	1.16e-21	101	poly(A) RNA polymerase GLD2 isoform 2 [Homo sapiens]	TRUE	TENT2
XP_026294736.1	NP_001375045.1	0	N/A	30.62	258	37	1.16e-21	101	poly(A) RNA polymerase GLD2 isoform 2 [Homo sapiens]	TRUE	TENT2
XP_026294736.1	NP_001375044.1	0	N/A	30.62	258	37	1.16e-21	101	poly(A) RNA polymerase GLD2 isoform 2 [Homo sapiens]	TRUE	TENT2
XP_026294736.1	NP_001375043.1	0	N/A	30.62	258	37	1.16e-21	101	poly(A) RNA polymerase GLD2 isoform 2 [Homo sapiens]	TRUE	TENT2
XP_026294736.1	NP_001336483.1	0	N/A	30.62	258	37	1.16e-21	101	poly(A) RNA polymerase GLD2 isoform 2 [Homo sapiens]	TRUE	TENT2
XP_026294736.1	NP_001284673.1	0	N/A	30.62	258	37	1.16e-21	101	poly(A) RNA polymerase GLD2 isoform 2 [Homo sapiens]	TRUE	TENT2
XP_026294736.1	NP_073741.3	0	N/A	25.442	283	42	1.21e-21	102	speckle targeted PIP5K1A-regulated poly(A) polymerase isoform 1 [Homo sapiens]	TRUE	Tut1
XP_026294736.1	NP_001375059.1	0	N/A	30.62	258	37	1.22e-21	101	poly(A) RNA polymerase GLD2 isoform 10 [Homo sapiens]	TRUE	TENT2
XP_026294736.1	XP_047272296.1	0	N/A	27.541	305	45	3.17e-21	101	terminal uridylyltransferase 4 isoform X13 [Homo sapiens]	TRUE	Tut4
XP_026294736.1	XP_047272295.1	0	N/A	27.541	305	45	3.2e-21	101	terminal uridylyltransferase 4 isoform X12 [Homo sapiens]	TRUE	Tut4
XP_026294736.1	XP_047272286.1	0	N/A	27.541	305	45	3.2e-21	101	terminal uridylyltransferase 4 isoform X8 [Homo sapiens]	TRUE	Tut4
XP_026294736.1	XP_047272290.1	0	N/A	27.541	305	45	3.26e-21	101	terminal uridylyltransferase 4 isoform X11 [Homo sapiens]	TRUE	Tut4
XP_026294736.1	XP_047272305.1	0	N/A	27.541	305	45	3.55e-21	101	terminal uridylyltransferase 4 isoform X17 [Homo sapiens]	TRUE	Tut4
XP_026294736.1	XP_047272344.1	0	N/A	27.541	305	45	3.69e-21	101	terminal uridylyltransferase 4 isoform X30 [Homo sapiens]	TRUE	Tut4
XP_026294736.1	XP_047272372.1	0	N/A	27.541	305	45	3.81e-21	101	terminal uridylyltransferase 4 isoform X42 [Homo sapiens]	TRUE	Tut4
XP_026294736.1	XP_047272350.1	0	N/A	27.541	305	45	4.15e-21	101	terminal uridylyltransferase 4 isoform X34 [Homo sapiens]	TRUE	Tut4
XP_026294736.1	NP_001375060.1	0	N/A	30.588	255	37	6.65e-21	98.6	poly(A) RNA polymerase GLD2 isoform 11 [Homo sapiens]	TRUE	TENT2
XP_026294736.1	XP_047272808.1	0	N/A	30.588	255	37	9.24e-21	98.6	poly(A) RNA polymerase GLD2 isoform X3 [Homo sapiens]	TRUE	TENT2
XP_026294736.1	XP_047272807.1	0	N/A	30.588	255	37	9.24e-21	98.6	poly(A) RNA polymerase GLD2 isoform X3 [Homo sapiens]	TRUE	TENT2
XP_026294736.1	XP_047272806.1	0	N/A	30.588	255	37	9.24e-21	98.6	poly(A) RNA polymerase GLD2 isoform X3 [Homo sapiens]	TRUE	TENT2
XP_026294736.1	NP_776158.2	0	N/A	30.588	255	37	9.24e-21	98.6	poly(A) RNA polymerase GLD2 isoform 1 [Homo sapiens]	TRUE	TENT2
XP_026294736.1	NP_001375041.1	0	N/A	30.588	255	37	9.24e-21	98.6	poly(A) RNA polymerase GLD2 isoform 1 [Homo sapiens]	TRUE	TENT2
XP_026294736.1	NP_001375040.1	0	N/A	30.588	255	37	9.24e-21	98.6	poly(A) RNA polymerase GLD2 isoform 1 [Homo sapiens]	TRUE	TENT2
XP_026294736.1	NP_001375039.1	0	N/A	30.588	255	37	9.24e-21	98.6	poly(A) RNA polymerase GLD2 isoform 1 [Homo sapiens]	TRUE	TENT2
XP_026294736.1	NP_001375038.1	0	N/A	30.588	255	37	9.24e-21	98.6	poly(A) RNA polymerase GLD2 isoform 1 [Homo sapiens]	TRUE	TENT2
XP_026294736.1	NP_001375037.1	0	N/A	30.588	255	37	9.24e-21	98.6	poly(A) RNA polymerase GLD2 isoform 1 [Homo sapiens]	TRUE	TENT2
XP_026294736.1	NP_001375036.1	0	N/A	30.588	255	37	9.24e-21	98.6	poly(A) RNA polymerase GLD2 isoform 1 [Homo sapiens]	TRUE	TENT2
XP_026294736.1	NP_001375035.1	0	N/A	30.588	255	37	9.24e-21	98.6	poly(A) RNA polymerase GLD2 isoform 1 [Homo sapiens]	TRUE	TENT2
XP_026294736.1	NP_001375034.1	0	N/A	30.588	255	37	9.24e-21	98.6	poly(A) RNA polymerase GLD2 isoform 1 [Homo sapiens]	TRUE	TENT2
XP_026294736.1	NP_001375032.1	0	N/A	30.588	255	37	9.24e-21	98.6	poly(A) RNA polymerase GLD2 isoform 1 [Homo sapiens]	TRUE	TENT2
XP_026294736.1	NP_001375031.1	0	N/A	30.588	255	37	9.24e-21	98.6	poly(A) RNA polymerase GLD2 isoform 1 [Homo sapiens]	TRUE	TENT2
XP_026294736.1	NP_001336482.1	0	N/A	30.588	255	37	9.24e-21	98.6	poly(A) RNA polymerase GLD2 isoform 1 [Homo sapiens]	TRUE	TENT2
XP_026294736.1	NP_001336481.1	0	N/A	30.588	255	37	9.24e-21	98.6	poly(A) RNA polymerase GLD2 isoform 1 [Homo sapiens]	TRUE	TENT2
XP_026294736.1	NP_001107866.1	0	N/A	30.588	255	37	9.24e-21	98.6	poly(A) RNA polymerase GLD2 isoform 1 [Homo sapiens]	TRUE	TENT2
XP_026294736.1	NP_001107865.1	0	N/A	30.588	255	37	9.24e-21	98.6	poly(A) RNA polymerase GLD2 isoform 1 [Homo sapiens]	TRUE	TENT2
XP_026294736.1	NP_001375042.1	0	N/A	30.588	255	37	9.77e-21	98.6	poly(A) RNA polymerase GLD2 isoform 16 [Homo sapiens]	TRUE	TENT2
XP_026294736.1	XP_047272805.1	0	N/A	29.67	273	37	1.33e-20	98.2	poly(A) RNA polymerase GLD2 isoform X2 [Homo sapiens]	TRUE	TENT2
XP_026294736.1	XP_047272804.1	0	N/A	29.67	273	37	1.33e-20	98.2	poly(A) RNA polymerase GLD2 isoform X2 [Homo sapiens]	TRUE	TENT2
XP_026294736.1	XP_047272803.1	0	N/A	29.67	273	37	1.33e-20	98.2	poly(A) RNA polymerase GLD2 isoform X2 [Homo sapiens]	TRUE	TENT2
XP_026294736.1	XP_047272802.1	0	N/A	29.67	273	37	1.33e-20	98.2	poly(A) RNA polymerase GLD2 isoform X2 [Homo sapiens]	TRUE	TENT2
XP_026294736.1	XP_016864641.1	0	N/A	29.67	273	37	1.33e-20	98.2	poly(A) RNA polymerase GLD2 isoform X2 [Homo sapiens]	TRUE	TENT2
XP_026294736.1	NP_001375026.1	0	N/A	29.67	273	37	1.33e-20	98.2	poly(A) RNA polymerase GLD2 isoform 6 [Homo sapiens]	TRUE	TENT2
XP_026294736.1	NP_001375025.1	0	N/A	29.67	273	37	1.33e-20	98.2	poly(A) RNA polymerase GLD2 isoform 6 [Homo sapiens]	TRUE	TENT2
XP_026294736.1	NP_001375024.1	0	N/A	29.67	273	37	1.33e-20	98.2	poly(A) RNA polymerase GLD2 isoform 6 [Homo sapiens]	TRUE	TENT2
XP_026294736.1	NP_001336480.1	0	N/A	29.67	273	37	1.33e-20	98.2	poly(A) RNA polymerase GLD2 isoform 6 [Homo sapiens]	TRUE	TENT2
XP_026294736.1	NP_001375027.1	0	N/A	29.67	273	37	1.39e-20	98.2	poly(A) RNA polymerase GLD2 isoform 7 [Homo sapiens]	TRUE	TENT2
XP_026294736.1	XP_047272282.1	0	N/A	27.336	289	42	9.97e-20	97.1	terminal uridylyltransferase 4 isoform X5 [Homo sapiens]	TRUE	Tut4
XP_026294736.1	NP_056084.1	0	N/A	27.336	289	42	9.97e-20	97.1	terminal uridylyltransferase 4 isoform b [Homo sapiens]	TRUE	Tut4
XP_026294736.1	XP_047272281.1	0	N/A	27.336	289	42	1.01e-19	97.1	terminal uridylyltransferase 4 isoform X4 [Homo sapiens]	TRUE	Tut4
XP_026294736.1	NP_001009881.1	0	N/A	27.336	289	42	1.01e-19	97.1	terminal uridylyltransferase 4 isoform a [Homo sapiens]	TRUE	Tut4
XP_026294736.1	XP_011539399.1	0	N/A	27.336	289	42	1.02e-19	97.1	terminal uridylyltransferase 4 isoform X1 [Homo sapiens]	TRUE	Tut4
XP_026294736.1	XP_005270733.1	0	N/A	27.336	289	42	1.02e-19	97.1	terminal uridylyltransferase 4 isoform X1 [Homo sapiens]	TRUE	Tut4
XP_026294736.1	XP_047272288.1	0	N/A	27.336	289	42	1.03e-19	97.1	terminal uridylyltransferase 4 isoform X10 [Homo sapiens]	TRUE	Tut4
XP_026294736.1	XP_047272283.1	0	N/A	27.336	289	42	1.03e-19	97.1	terminal uridylyltransferase 4 isoform X6 [Homo sapiens]	TRUE	Tut4
XP_026294736.1	XP_005270737.1	0	N/A	27.336	289	42	1.03e-19	97.1	terminal uridylyltransferase 4 isoform X6 [Homo sapiens]	TRUE	Tut4
XP_026294736.1	XP_005270735.1	0	N/A	27.336	289	42	1.06e-19	97.1	terminal uridylyltransferase 4 isoform X2 [Homo sapiens]	TRUE	Tut4
XP_026294736.1	XP_047272280.1	0	N/A	27.336	289	42	1.08e-19	97.1	terminal uridylyltransferase 4 isoform X3 [Homo sapiens]	TRUE	Tut4
XP_026294736.1	XP_005270736.1	0	N/A	27.336	289	42	1.08e-19	97.1	terminal uridylyltransferase 4 isoform X3 [Homo sapiens]	TRUE	Tut4
XP_026294736.1	XP_016856292.1	0	N/A	27.336	289	42	1.12e-19	97.1	terminal uridylyltransferase 4 isoform X9 [Homo sapiens]	TRUE	Tut4
XP_026294736.1	XP_016856299.1	0	N/A	27.336	289	42	1.13e-19	96.7	terminal uridylyltransferase 4 isoform X40 [Homo sapiens]	TRUE	Tut4
XP_026294736.1	XP_016856293.1	0	N/A	27.336	289	42	1.14e-19	97.1	terminal uridylyltransferase 4 isoform X16 [Homo sapiens]	TRUE	Tut4
XP_026294736.1	XP_047272365.1	0	N/A	27.336	289	42	1.15e-19	96.7	terminal uridylyltransferase 4 isoform X38 [Homo sapiens]	TRUE	Tut4
XP_026294736.1	XP_047272285.1	0	N/A	27.336	289	42	1.19e-19	96.7	terminal uridylyltransferase 4 isoform X7 [Homo sapiens]	TRUE	Tut4
XP_026294736.1	XP_005270739.1	0	N/A	27.336	289	42	1.21e-19	96.7	terminal uridylyltransferase 4 isoform X33 [Homo sapiens]	TRUE	Tut4
XP_026294736.1	XP_047272345.1	0	N/A	27.336	289	42	1.28e-19	96.7	terminal uridylyltransferase 4 isoform X31 [Homo sapiens]	TRUE	Tut4
XP_026300859.1	NP_060579.3	0	N/A	32.662	447	84	6.14e-63	217	poly(A) RNA polymerase, mitochondrial precursor [Homo sapiens]	TRUE	mtPAP
XP_026300859.1	NP_073741.3	0	N/A	29.167	240	43	1.58e-29	125	speckle targeted PIP5K1A-regulated poly(A) polymerase isoform 1 [Homo sapiens]	TRUE	Tut1
XP_026300859.1	NP_001375060.1	0	N/A	27.178	287	55	6.33e-22	100	poly(A) RNA polymerase GLD2 isoform 11 [Homo sapiens]	TRUE	TENT2
XP_026300859.1	NP_001375042.1	0	N/A	27.526	287	55	7.74e-22	100	poly(A) RNA polymerase GLD2 isoform 16 [Homo sapiens]	TRUE	TENT2
XP_026300859.1	XP_047272808.1	0	N/A	27.526	287	55	7.86e-22	100	poly(A) RNA polymerase GLD2 isoform X3 [Homo sapiens]	TRUE	TENT2
XP_026300859.1	XP_047272807.1	0	N/A	27.526	287	55	7.86e-22	100	poly(A) RNA polymerase GLD2 isoform X3 [Homo sapiens]	TRUE	TENT2
XP_026300859.1	XP_047272806.1	0	N/A	27.526	287	55	7.86e-22	100	poly(A) RNA polymerase GLD2 isoform X3 [Homo sapiens]	TRUE	TENT2
XP_026300859.1	NP_776158.2	0	N/A	27.526	287	55	7.86e-22	100	poly(A) RNA polymerase GLD2 isoform 1 [Homo sapiens]	TRUE	TENT2
XP_026300859.1	NP_001375041.1	0	N/A	27.526	287	55	7.86e-22	100	poly(A) RNA polymerase GLD2 isoform 1 [Homo sapiens]	TRUE	TENT2
XP_026300859.1	NP_001375040.1	0	N/A	27.526	287	55	7.86e-22	100	poly(A) RNA polymerase GLD2 isoform 1 [Homo sapiens]	TRUE	TENT2
XP_026300859.1	NP_001375039.1	0	N/A	27.526	287	55	7.86e-22	100	poly(A) RNA polymerase GLD2 isoform 1 [Homo sapiens]	TRUE	TENT2
XP_026300859.1	NP_001375038.1	0	N/A	27.526	287	55	7.86e-22	100	poly(A) RNA polymerase GLD2 isoform 1 [Homo sapiens]	TRUE	TENT2
XP_026300859.1	NP_001375037.1	0	N/A	27.526	287	55	7.86e-22	100	poly(A) RNA polymerase GLD2 isoform 1 [Homo sapiens]	TRUE	TENT2
XP_026300859.1	NP_001375036.1	0	N/A	27.526	287	55	7.86e-22	100	poly(A) RNA polymerase GLD2 isoform 1 [Homo sapiens]	TRUE	TENT2
XP_026300859.1	NP_001375035.1	0	N/A	27.526	287	55	7.86e-22	100	poly(A) RNA polymerase GLD2 isoform 1 [Homo sapiens]	TRUE	TENT2
XP_026300859.1	NP_001375034.1	0	N/A	27.526	287	55	7.86e-22	100	poly(A) RNA polymerase GLD2 isoform 1 [Homo sapiens]	TRUE	TENT2
XP_026300859.1	NP_001375032.1	0	N/A	27.526	287	55	7.86e-22	100	poly(A) RNA polymerase GLD2 isoform 1 [Homo sapiens]	TRUE	TENT2
XP_026300859.1	NP_001375031.1	0	N/A	27.526	287	55	7.86e-22	100	poly(A) RNA polymerase GLD2 isoform 1 [Homo sapiens]	TRUE	TENT2
XP_026300859.1	NP_001336482.1	0	N/A	27.526	287	55	7.86e-22	100	poly(A) RNA polymerase GLD2 isoform 1 [Homo sapiens]	TRUE	TENT2
XP_026300859.1	NP_001336481.1	0	N/A	27.526	287	55	7.86e-22	100	poly(A) RNA polymerase GLD2 isoform 1 [Homo sapiens]	TRUE	TENT2
XP_026300859.1	NP_001107866.1	0	N/A	27.526	287	55	7.86e-22	100	poly(A) RNA polymerase GLD2 isoform 1 [Homo sapiens]	TRUE	TENT2
XP_026300859.1	NP_001107865.1	0	N/A	27.526	287	55	7.86e-22	100	poly(A) RNA polymerase GLD2 isoform 1 [Homo sapiens]	TRUE	TENT2
XP_026300859.1	NP_001375065.1	0	N/A	26.797	306	58	1.11e-21	99	poly(A) RNA polymerase GLD2 isoform 14 [Homo sapiens]	TRUE	TENT2
XP_026300859.1	NP_001375061.1	0	N/A	27.178	287	55	2.84e-21	99	poly(A) RNA polymerase GLD2 isoform 12 [Homo sapiens]	TRUE	TENT2
XP_026300859.1	XP_047272811.1	0	N/A	27.178	287	55	3.15e-21	99	poly(A) RNA polymerase GLD2 isoform X4 [Homo sapiens]	TRUE	TENT2
XP_026300859.1	XP_047272810.1	0	N/A	27.178	287	55	3.15e-21	99	poly(A) RNA polymerase GLD2 isoform X4 [Homo sapiens]	TRUE	TENT2
XP_026300859.1	XP_047272809.1	0	N/A	27.178	287	55	3.15e-21	99	poly(A) RNA polymerase GLD2 isoform X4 [Homo sapiens]	TRUE	TENT2
XP_026300859.1	NP_001375058.1	0	N/A	27.178	287	55	3.15e-21	99	poly(A) RNA polymerase GLD2 isoform 2 [Homo sapiens]	TRUE	TENT2
XP_026300859.1	NP_001375057.1	0	N/A	27.178	287	55	3.15e-21	99	poly(A) RNA polymerase GLD2 isoform 2 [Homo sapiens]	TRUE	TENT2
XP_026300859.1	NP_001375056.1	0	N/A	27.178	287	55	3.15e-21	99	poly(A) RNA polymerase GLD2 isoform 2 [Homo sapiens]	TRUE	TENT2
XP_026300859.1	NP_001375055.1	0	N/A	27.178	287	55	3.15e-21	99	poly(A) RNA polymerase GLD2 isoform 2 [Homo sapiens]	TRUE	TENT2
XP_026300859.1	NP_001375054.1	0	N/A	27.178	287	55	3.15e-21	99	poly(A) RNA polymerase GLD2 isoform 2 [Homo sapiens]	TRUE	TENT2
XP_026300859.1	NP_001375053.1	0	N/A	27.178	287	55	3.15e-21	99	poly(A) RNA polymerase GLD2 isoform 2 [Homo sapiens]	TRUE	TENT2
XP_026300859.1	NP_001375052.1	0	N/A	27.178	287	55	3.15e-21	99	poly(A) RNA polymerase GLD2 isoform 2 [Homo sapiens]	TRUE	TENT2
XP_026300859.1	NP_001375051.1	0	N/A	27.178	287	55	3.15e-21	99	poly(A) RNA polymerase GLD2 isoform 2 [Homo sapiens]	TRUE	TENT2
XP_026300859.1	NP_001375050.1	0	N/A	27.178	287	55	3.15e-21	99	poly(A) RNA polymerase GLD2 isoform 2 [Homo sapiens]	TRUE	TENT2
XP_026300859.1	NP_001375049.1	0	N/A	27.178	287	55	3.15e-21	99	poly(A) RNA polymerase GLD2 isoform 2 [Homo sapiens]	TRUE	TENT2
XP_026300859.1	NP_001375048.1	0	N/A	27.178	287	55	3.15e-21	99	poly(A) RNA polymerase GLD2 isoform 2 [Homo sapiens]	TRUE	TENT2
XP_026300859.1	NP_001375047.1	0	N/A	27.178	287	55	3.15e-21	99	poly(A) RNA polymerase GLD2 isoform 2 [Homo sapiens]	TRUE	TENT2
XP_026300859.1	NP_001375046.1	0	N/A	27.178	287	55	3.15e-21	99	poly(A) RNA polymerase GLD2 isoform 2 [Homo sapiens]	TRUE	TENT2
XP_026300859.1	NP_001375045.1	0	N/A	27.178	287	55	3.15e-21	99	poly(A) RNA polymerase GLD2 isoform 2 [Homo sapiens]	TRUE	TENT2
XP_026300859.1	NP_001375044.1	0	N/A	27.178	287	55	3.15e-21	99	poly(A) RNA polymerase GLD2 isoform 2 [Homo sapiens]	TRUE	TENT2
XP_026300859.1	NP_001375043.1	0	N/A	27.178	287	55	3.15e-21	99	poly(A) RNA polymerase GLD2 isoform 2 [Homo sapiens]	TRUE	TENT2
XP_026300859.1	NP_001336483.1	0	N/A	27.178	287	55	3.15e-21	99	poly(A) RNA polymerase GLD2 isoform 2 [Homo sapiens]	TRUE	TENT2
XP_026300859.1	NP_001284673.1	0	N/A	27.178	287	55	3.15e-21	99	poly(A) RNA polymerase GLD2 isoform 2 [Homo sapiens]	TRUE	TENT2
XP_026300859.1	NP_001375059.1	0	N/A	27.178	287	55	3.27e-21	99	poly(A) RNA polymerase GLD2 isoform 10 [Homo sapiens]	TRUE	TENT2
XP_026300859.1	NP_001375029.1	0	N/A	29.482	251	48	1.05e-20	97.4	poly(A) RNA polymerase GLD2 isoform 8 [Homo sapiens]	TRUE	TENT2
XP_026300859.1	NP_001375028.1	0	N/A	29.482	251	48	1.05e-20	97.4	poly(A) RNA polymerase GLD2 isoform 8 [Homo sapiens]	TRUE	TENT2
XP_026300859.1	NP_001375027.1	0	N/A	26.667	300	55	1.17e-20	97.4	poly(A) RNA polymerase GLD2 isoform 7 [Homo sapiens]	TRUE	TENT2
XP_026300859.1	XP_047272805.1	0	N/A	26.667	300	55	1.33e-20	97.1	poly(A) RNA polymerase GLD2 isoform X2 [Homo sapiens]	TRUE	TENT2
XP_026300859.1	XP_047272804.1	0	N/A	26.667	300	55	1.33e-20	97.1	poly(A) RNA polymerase GLD2 isoform X2 [Homo sapiens]	TRUE	TENT2
XP_026300859.1	XP_047272803.1	0	N/A	26.667	300	55	1.33e-20	97.1	poly(A) RNA polymerase GLD2 isoform X2 [Homo sapiens]	TRUE	TENT2
XP_026300859.1	XP_047272802.1	0	N/A	26.667	300	55	1.33e-20	97.1	poly(A) RNA polymerase GLD2 isoform X2 [Homo sapiens]	TRUE	TENT2
XP_026300859.1	XP_016864641.1	0	N/A	26.667	300	55	1.33e-20	97.1	poly(A) RNA polymerase GLD2 isoform X2 [Homo sapiens]	TRUE	TENT2
XP_026300859.1	NP_001375026.1	0	N/A	26.667	300	55	1.33e-20	97.1	poly(A) RNA polymerase GLD2 isoform 6 [Homo sapiens]	TRUE	TENT2
XP_026300859.1	NP_001375025.1	0	N/A	26.667	300	55	1.33e-20	97.1	poly(A) RNA polymerase GLD2 isoform 6 [Homo sapiens]	TRUE	TENT2
XP_026300859.1	NP_001375024.1	0	N/A	26.667	300	55	1.33e-20	97.1	poly(A) RNA polymerase GLD2 isoform 6 [Homo sapiens]	TRUE	TENT2
XP_026300859.1	NP_001336480.1	0	N/A	26.667	300	55	1.33e-20	97.1	poly(A) RNA polymerase GLD2 isoform 6 [Homo sapiens]	TRUE	TENT2
XP_026300859.1	NP_001375030.1	0	N/A	29.482	251	48	3.53e-20	95.9	poly(A) RNA polymerase GLD2 isoform 9 [Homo sapiens]	TRUE	TENT2
XP_026300859.1	XP_047272801.1	0	N/A	26.645	304	55	4.08e-20	95.9	poly(A) RNA polymerase GLD2 isoform X1 [Homo sapiens]	TRUE	TENT2
XP_026300859.1	XP_047272800.1	0	N/A	26.645	304	55	4.08e-20	95.9	poly(A) RNA polymerase GLD2 isoform X1 [Homo sapiens]	TRUE	TENT2
XP_026300859.1	XP_011541527.1	0	N/A	26.645	304	55	4.08e-20	95.9	poly(A) RNA polymerase GLD2 isoform X1 [Homo sapiens]	TRUE	TENT2
XP_026300859.1	XP_011541526.1	0	N/A	26.645	304	55	4.08e-20	95.9	poly(A) RNA polymerase GLD2 isoform X1 [Homo sapiens]	TRUE	TENT2
XP_026300859.1	XP_011541523.1	0	N/A	26.645	304	55	4.08e-20	95.9	poly(A) RNA polymerase GLD2 isoform X1 [Homo sapiens]	TRUE	TENT2
XP_026300859.1	XP_011541522.1	0	N/A	26.645	304	55	4.08e-20	95.9	poly(A) RNA polymerase GLD2 isoform X1 [Homo sapiens]	TRUE	TENT2
XP_026300859.1	NP_001375023.1	0	N/A	26.645	304	55	4.08e-20	95.9	poly(A) RNA polymerase GLD2 isoform 5 [Homo sapiens]	TRUE	TENT2
XP_026300859.1	NP_001375022.1	0	N/A	26.645	304	55	4.08e-20	95.9	poly(A) RNA polymerase GLD2 isoform 5 [Homo sapiens]	TRUE	TENT2
XP_026300859.1	NP_001336479.1	0	N/A	26.645	304	55	4.08e-20	95.9	poly(A) RNA polymerase GLD2 isoform 5 [Homo sapiens]	TRUE	TENT2
XP_026300859.1	NP_001336478.1	0	N/A	26.645	304	55	4.08e-20	95.9	poly(A) RNA polymerase GLD2 isoform 5 [Homo sapiens]	TRUE	TENT2
XP_026300859.1	XP_047272820.1	0	N/A	31.953	169	31	1.53e-17	84.7	poly(A) RNA polymerase GLD2 isoform X11 [Homo sapiens]	TRUE	TENT2
XP_026300859.1	NP_001336477.1	0	N/A	31.953	169	31	2.86e-17	84	poly(A) RNA polymerase GLD2 isoform 4 [Homo sapiens]	TRUE	TENT2
XP_026300859.1	NP_001317647.1	0	N/A	27.083	336	61	3.05e-17	87.4	terminal uridylyltransferase 7 isoform 3 [Homo sapiens]	TRUE	Tut7
XP_026300859.1	XP_011517317.1	0	N/A	27.219	338	61	4.83e-17	87.4	terminal uridylyltransferase 7 isoform X3 [Homo sapiens]	TRUE	Tut7
XP_026300859.1	XP_005252265.1	0	N/A	27.219	338	61	4.86e-17	87.4	terminal uridylyltransferase 7 isoform X7 [Homo sapiens]	TRUE	Tut7
XP_026300859.1	XP_011517316.1	0	N/A	27.219	338	61	4.93e-17	87.4	terminal uridylyltransferase 7 isoform X1 [Homo sapiens]	TRUE	Tut7
XP_026300859.1	XP_011517315.1	0	N/A	27.219	338	61	4.93e-17	87.4	terminal uridylyltransferase 7 isoform X1 [Homo sapiens]	TRUE	Tut7
XP_026300859.1	XP_011517314.1	0	N/A	27.219	338	61	4.93e-17	87.4	terminal uridylyltransferase 7 isoform X1 [Homo sapiens]	TRUE	Tut7
XP_026300859.1	XP_011517313.1	0	N/A	27.219	338	61	4.93e-17	87.4	terminal uridylyltransferase 7 isoform X1 [Homo sapiens]	TRUE	Tut7
XP_026300859.1	XP_047279823.1	0	N/A	27.219	338	61	5.19e-17	87.4	terminal uridylyltransferase 7 isoform X2 [Homo sapiens]	TRUE	Tut7
XP_026300859.1	XP_006717346.1	0	N/A	27.219	338	61	5.19e-17	87.4	terminal uridylyltransferase 7 isoform X2 [Homo sapiens]	TRUE	Tut7
XP_026300859.1	XP_011517318.1	0	N/A	27.219	338	61	5.57e-17	87	terminal uridylyltransferase 7 isoform X5 [Homo sapiens]	TRUE	Tut7
XP_026300859.1	XP_016870620.1	0	N/A	27.219	338	61	6.19e-17	87	terminal uridylyltransferase 7 isoform X4 [Homo sapiens]	TRUE	Tut7
XP_026300859.1	XP_016870619.1	0	N/A	27.219	338	61	6.19e-17	87	terminal uridylyltransferase 7 isoform X4 [Homo sapiens]	TRUE	Tut7
XP_026300859.1	NP_078893.2	0	N/A	27.219	338	61	6.19e-17	87	terminal uridylyltransferase 7 isoform 1 [Homo sapiens]	TRUE	Tut7
XP_026300859.1	NP_001171988.1	0	N/A	27.219	338	61	6.19e-17	87	terminal uridylyltransferase 7 isoform 1 [Homo sapiens]	TRUE	Tut7
XP_026300859.1	XP_047279825.1	0	N/A	27.219	338	61	6.34e-17	87	terminal uridylyltransferase 7 isoform X6 [Homo sapiens]	TRUE	Tut7
XP_026300859.1	XP_047279824.1	0	N/A	27.219	338	61	6.34e-17	87	terminal uridylyltransferase 7 isoform X6 [Homo sapiens]	TRUE	Tut7
XP_026300859.1	XP_005252264.1	0	N/A	27.219	338	61	6.34e-17	87	terminal uridylyltransferase 7 isoform X6 [Homo sapiens]	TRUE	Tut7
XP_026300859.1	XP_047272344.1	0	N/A	27.957	279	51	1.33e-16	85.9	terminal uridylyltransferase 4 isoform X30 [Homo sapiens]	TRUE	Tut4
XP_026300859.1	XP_047272305.1	0	N/A	27.957	279	51	1.4e-16	85.9	terminal uridylyltransferase 4 isoform X17 [Homo sapiens]	TRUE	Tut4
XP_026300859.1	XP_047272296.1	0	N/A	27.957	279	51	1.4e-16	85.9	terminal uridylyltransferase 4 isoform X13 [Homo sapiens]	TRUE	Tut4
XP_026300859.1	XP_047272286.1	0	N/A	27.957	279	51	1.44e-16	85.9	terminal uridylyltransferase 4 isoform X8 [Homo sapiens]	TRUE	Tut4
XP_026300859.1	XP_047272290.1	0	N/A	27.957	279	51	1.46e-16	85.9	terminal uridylyltransferase 4 isoform X11 [Homo sapiens]	TRUE	Tut4
XP_026300859.1	XP_047272295.1	0	N/A	27.957	279	51	1.47e-16	85.9	terminal uridylyltransferase 4 isoform X12 [Homo sapiens]	TRUE	Tut4
XP_026300859.1	XP_047272372.1	0	N/A	27.957	279	51	1.53e-16	85.9	terminal uridylyltransferase 4 isoform X42 [Homo sapiens]	TRUE	Tut4
XP_026300859.1	XP_047272350.1	0	N/A	27.957	279	51	1.65e-16	85.5	terminal uridylyltransferase 4 isoform X34 [Homo sapiens]	TRUE	Tut4
XP_026300859.1	XP_005270735.1	0	N/A	28.253	269	49	5.5e-16	84	terminal uridylyltransferase 4 isoform X2 [Homo sapiens]	TRUE	Tut4
XP_026300859.1	XP_011539401.1	0	N/A	28.253	269	49	5.56e-16	84	terminal uridylyltransferase 4 isoform X29 [Homo sapiens]	TRUE	Tut4
XP_026300859.1	XP_016856297.1	0	N/A	28.253	269	49	5.64e-16	84	terminal uridylyltransferase 4 isoform X36 [Homo sapiens]	TRUE	Tut4
XP_026300859.1	XP_005270739.1	0	N/A	28.253	269	49	5.8e-16	84	terminal uridylyltransferase 4 isoform X33 [Homo sapiens]	TRUE	Tut4
XP_029826437.2	NP_001317647.1	0	N/A	48.148	513	34	1.3e-148	474	terminal uridylyltransferase 7 isoform 3 [Homo sapiens]	TRUE	Tut7
XP_029826437.2	XP_047272384.1	0	N/A	55.841	428	29	2.15e-144	467	terminal uridylyltransferase 4 isoform X46 [Homo sapiens]	TRUE	Tut4
XP_029826437.2	XP_005252265.1	0	N/A	53.409	440	30	7.6e-144	478	terminal uridylyltransferase 7 isoform X7 [Homo sapiens]	TRUE	Tut7
XP_029826437.2	XP_016870620.1	0	N/A	52.902	448	30	5.67e-142	475	terminal uridylyltransferase 7 isoform X4 [Homo sapiens]	TRUE	Tut7
XP_029826437.2	XP_016870619.1	0	N/A	52.902	448	30	5.67e-142	475	terminal uridylyltransferase 7 isoform X4 [Homo sapiens]	TRUE	Tut7
XP_029826437.2	NP_078893.2	0	N/A	52.902	448	30	5.67e-142	475	terminal uridylyltransferase 7 isoform 1 [Homo sapiens]	TRUE	Tut7
XP_029826437.2	NP_001171988.1	0	N/A	52.902	448	30	5.67e-142	475	terminal uridylyltransferase 7 isoform 1 [Homo sapiens]	TRUE	Tut7
XP_029826437.2	XP_047279825.1	0	N/A	52.902	448	30	6.54e-142	475	terminal uridylyltransferase 7 isoform X6 [Homo sapiens]	TRUE	Tut7
XP_029826437.2	XP_047279824.1	0	N/A	52.902	448	30	6.54e-142	475	terminal uridylyltransferase 7 isoform X6 [Homo sapiens]	TRUE	Tut7
XP_029826437.2	XP_005252264.1	0	N/A	52.902	448	30	6.54e-142	475	terminal uridylyltransferase 7 isoform X6 [Homo sapiens]	TRUE	Tut7
XP_029826437.2	XP_047279823.1	0	N/A	52.902	448	30	6.84e-142	476	terminal uridylyltransferase 7 isoform X2 [Homo sapiens]	TRUE	Tut7
XP_029826437.2	XP_006717346.1	0	N/A	52.902	448	30	6.84e-142	476	terminal uridylyltransferase 7 isoform X2 [Homo sapiens]	TRUE	Tut7
XP_029826437.2	XP_011517318.1	0	N/A	52.902	448	30	1.19e-141	474	terminal uridylyltransferase 7 isoform X5 [Homo sapiens]	TRUE	Tut7
XP_029826437.2	XP_011517317.1	0	N/A	52.902	448	30	1.66e-141	475	terminal uridylyltransferase 7 isoform X3 [Homo sapiens]	TRUE	Tut7
XP_029826437.2	XP_011517316.1	0	N/A	52.902	448	30	2.43e-141	474	terminal uridylyltransferase 7 isoform X1 [Homo sapiens]	TRUE	Tut7
XP_029826437.2	XP_011517315.1	0	N/A	52.902	448	30	2.43e-141	474	terminal uridylyltransferase 7 isoform X1 [Homo sapiens]	TRUE	Tut7
XP_029826437.2	XP_011517314.1	0	N/A	52.902	448	30	2.43e-141	474	terminal uridylyltransferase 7 isoform X1 [Homo sapiens]	TRUE	Tut7
XP_029826437.2	XP_011517313.1	0	N/A	52.902	448	30	2.43e-141	474	terminal uridylyltransferase 7 isoform X1 [Homo sapiens]	TRUE	Tut7
XP_029826437.2	XP_005270739.1	0	N/A	55.841	428	29	2.79e-140	471	terminal uridylyltransferase 4 isoform X33 [Homo sapiens]	TRUE	Tut4
XP_029826437.2	XP_016856299.1	0	N/A	56.103	426	29	4.05e-140	471	terminal uridylyltransferase 4 isoform X40 [Homo sapiens]	TRUE	Tut4
XP_029826437.2	XP_047272365.1	0	N/A	55.972	427	29	4.06e-140	471	terminal uridylyltransferase 4 isoform X38 [Homo sapiens]	TRUE	Tut4
XP_029826437.2	XP_016856297.1	0	N/A	56.103	426	29	4.47e-140	471	terminal uridylyltransferase 4 isoform X36 [Homo sapiens]	TRUE	Tut4
XP_029826437.2	XP_047272345.1	0	N/A	56.103	426	29	5.65e-140	471	terminal uridylyltransferase 4 isoform X31 [Homo sapiens]	TRUE	Tut4
XP_029826437.2	XP_047272285.1	0	N/A	55.972	427	29	5.72e-140	472	terminal uridylyltransferase 4 isoform X7 [Homo sapiens]	TRUE	Tut4
XP_029826437.2	XP_011539401.1	0	N/A	55.841	428	29	6.92e-140	471	terminal uridylyltransferase 4 isoform X29 [Homo sapiens]	TRUE	Tut4
XP_029826437.2	XP_016856292.1	0	N/A	56.103	426	29	8.28e-140	471	terminal uridylyltransferase 4 isoform X9 [Homo sapiens]	TRUE	Tut4
XP_029826437.2	XP_047272288.1	0	N/A	55.841	428	29	9.72e-140	471	terminal uridylyltransferase 4 isoform X10 [Homo sapiens]	TRUE	Tut4
XP_029826437.2	XP_016856293.1	0	N/A	56.103	426	29	1.23e-139	471	terminal uridylyltransferase 4 isoform X16 [Homo sapiens]	TRUE	Tut4
XP_029826437.2	XP_016856295.1	0	N/A	56.103	426	29	1.26e-139	470	terminal uridylyltransferase 4 isoform X25 [Homo sapiens]	TRUE	Tut4
XP_029826437.2	XP_047272325.1	0	N/A	55.972	427	29	1.32e-139	470	terminal uridylyltransferase 4 isoform X23 [Homo sapiens]	TRUE	Tut4
XP_029826437.2	XP_011539399.1	0	N/A	55.841	428	29	1.48e-139	471	terminal uridylyltransferase 4 isoform X1 [Homo sapiens]	TRUE	Tut4
XP_029826437.2	XP_005270733.1	0	N/A	55.841	428	29	1.48e-139	471	terminal uridylyltransferase 4 isoform X1 [Homo sapiens]	TRUE	Tut4
XP_029826437.2	XP_047272280.1	0	N/A	56.103	426	29	1.72e-139	471	terminal uridylyltransferase 4 isoform X3 [Homo sapiens]	TRUE	Tut4
XP_029826437.2	XP_005270736.1	0	N/A	56.103	426	29	1.72e-139	471	terminal uridylyltransferase 4 isoform X3 [Homo sapiens]	TRUE	Tut4
XP_029826437.2	XP_047272337.1	0	N/A	55.972	427	29	1.74e-139	470	terminal uridylyltransferase 4 isoform X27 [Homo sapiens]	TRUE	Tut4
XP_029826437.2	XP_047272281.1	0	N/A	55.841	428	29	1.77e-139	471	terminal uridylyltransferase 4 isoform X4 [Homo sapiens]	TRUE	Tut4
XP_029826437.2	NP_001009881.1	0	N/A	55.841	428	29	1.77e-139	471	terminal uridylyltransferase 4 isoform a [Homo sapiens]	TRUE	Tut4
XP_029826437.2	XP_005270735.1	0	N/A	55.972	427	29	2.12e-139	471	terminal uridylyltransferase 4 isoform X2 [Homo sapiens]	TRUE	Tut4
XP_029826437.2	XP_016856296.1	0	N/A	56.103	426	29	2.13e-139	469	terminal uridylyltransferase 4 isoform X28 [Homo sapiens]	TRUE	Tut4
XP_029826437.2	XP_047272283.1	0	N/A	56.103	426	29	2.53e-139	471	terminal uridylyltransferase 4 isoform X6 [Homo sapiens]	TRUE	Tut4
XP_029826437.2	XP_005270737.1	0	N/A	56.103	426	29	2.53e-139	471	terminal uridylyltransferase 4 isoform X6 [Homo sapiens]	TRUE	Tut4
XP_029826437.2	XP_047272282.1	0	N/A	55.972	427	29	2.62e-139	471	terminal uridylyltransferase 4 isoform X5 [Homo sapiens]	TRUE	Tut4
XP_029826437.2	NP_056084.1	0	N/A	55.972	427	29	2.62e-139	471	terminal uridylyltransferase 4 isoform b [Homo sapiens]	TRUE	Tut4
XP_029826437.2	XP_047272372.1	0	N/A	53.991	426	29	2.54e-133	451	terminal uridylyltransferase 4 isoform X42 [Homo sapiens]	TRUE	Tut4
XP_029826437.2	XP_047272344.1	0	N/A	53.864	427	29	6.47e-133	451	terminal uridylyltransferase 4 isoform X30 [Homo sapiens]	TRUE	Tut4
XP_029826437.2	XP_047272295.1	0	N/A	53.864	427	29	9.07e-133	452	terminal uridylyltransferase 4 isoform X12 [Homo sapiens]	TRUE	Tut4
XP_029826437.2	XP_047272286.1	0	N/A	53.864	427	29	1.02e-132	451	terminal uridylyltransferase 4 isoform X8 [Homo sapiens]	TRUE	Tut4
XP_029826437.2	XP_047272350.1	0	N/A	54.118	425	29	1.08e-132	450	terminal uridylyltransferase 4 isoform X34 [Homo sapiens]	TRUE	Tut4
XP_029826437.2	XP_047272290.1	0	N/A	54.118	425	29	1.32e-132	451	terminal uridylyltransferase 4 isoform X11 [Homo sapiens]	TRUE	Tut4
XP_029826437.2	XP_047272296.1	0	N/A	53.991	426	29	1.45e-132	451	terminal uridylyltransferase 4 isoform X13 [Homo sapiens]	TRUE	Tut4
XP_029826437.2	XP_047272305.1	0	N/A	54.118	425	29	1.67e-132	451	terminal uridylyltransferase 4 isoform X17 [Homo sapiens]	TRUE	Tut4
XP_029826437.2	NP_001172003.1	0	N/A	63.699	292	20	2.52e-110	382	terminal uridylyltransferase 7 isoform 2 [Homo sapiens]	TRUE	Tut7
XP_029826437.2	XP_047272373.1	0	N/A	47.897	428	29	4.42e-110	385	terminal uridylyltransferase 4 isoform X43 [Homo sapiens]	TRUE	Tut4
XP_029826437.2	XP_047272377.1	0	N/A	48.122	426	29	6.75e-110	384	terminal uridylyltransferase 4 isoform X44 [Homo sapiens]	TRUE	Tut4
XP_029826437.2	XP_047272320.1	0	N/A	47.897	428	29	7.21e-110	385	terminal uridylyltransferase 4 isoform X22 [Homo sapiens]	TRUE	Tut4
XP_029826437.2	XP_047272311.1	0	N/A	47.897	428	29	7.58e-110	385	terminal uridylyltransferase 4 isoform X21 [Homo sapiens]	TRUE	Tut4
XP_029826437.2	XP_047272369.1	0	N/A	47.897	428	29	7.58e-110	384	terminal uridylyltransferase 4 isoform X41 [Homo sapiens]	TRUE	Tut4
XP_029826437.2	XP_047272348.1	0	N/A	47.897	428	29	9.33e-110	384	terminal uridylyltransferase 4 isoform X32 [Homo sapiens]	TRUE	Tut4
XP_029826437.2	XP_047272327.1	0	N/A	48.009	427	29	1.01e-109	385	terminal uridylyltransferase 4 isoform X24 [Homo sapiens]	TRUE	Tut4
XP_029826437.2	XP_047272336.1	0	N/A	48.122	426	29	1.1e-109	384	terminal uridylyltransferase 4 isoform X26 [Homo sapiens]	TRUE	Tut4
XP_029826437.2	XP_005270738.1	0	N/A	47.897	428	29	1.23e-109	385	terminal uridylyltransferase 4 isoform X14 [Homo sapiens]	TRUE	Tut4
XP_029826437.2	XP_047272354.1	0	N/A	47.897	428	29	1.56e-109	384	terminal uridylyltransferase 4 isoform X35 [Homo sapiens]	TRUE	Tut4
XP_029826437.2	XP_047272303.1	0	N/A	48.009	427	29	1.69e-109	384	terminal uridylyltransferase 4 isoform X15 [Homo sapiens]	TRUE	Tut4
XP_029826437.2	XP_047272306.1	0	N/A	48.122	426	29	2.07e-109	384	terminal uridylyltransferase 4 isoform X18 [Homo sapiens]	TRUE	Tut4
XP_029826437.2	XP_016856294.1	0	N/A	48.122	426	29	2.34e-109	384	terminal uridylyltransferase 4 isoform X20 [Homo sapiens]	TRUE	Tut4
XP_029826437.2	XP_047272307.1	0	N/A	48.009	427	29	2.4e-109	384	terminal uridylyltransferase 4 isoform X19 [Homo sapiens]	TRUE	Tut4
XP_029826437.2	XP_047272367.1	0	N/A	48.122	426	29	2.41e-109	383	terminal uridylyltransferase 4 isoform X39 [Homo sapiens]	TRUE	Tut4
XP_029826437.2	XP_047272362.1	0	N/A	48.009	427	29	2.43e-109	383	terminal uridylyltransferase 4 isoform X37 [Homo sapiens]	TRUE	Tut4
XP_029826437.2	XP_047279826.1	0	N/A	30.404	421	26	1.32e-49	195	terminal uridylyltransferase 7 isoform X8 [Homo sapiens]	TRUE	Tut7
XP_029826437.2	NP_001375061.1	0	N/A	32.026	306	20	2.42e-35	143	poly(A) RNA polymerase GLD2 isoform 12 [Homo sapiens]	TRUE	TENT2
XP_029826437.2	XP_047272811.1	0	N/A	32.026	306	20	2.64e-35	144	poly(A) RNA polymerase GLD2 isoform X4 [Homo sapiens]	TRUE	TENT2
XP_029826437.2	XP_047272810.1	0	N/A	32.026	306	20	2.64e-35	144	poly(A) RNA polymerase GLD2 isoform X4 [Homo sapiens]	TRUE	TENT2
XP_029826437.2	XP_047272809.1	0	N/A	32.026	306	20	2.64e-35	144	poly(A) RNA polymerase GLD2 isoform X4 [Homo sapiens]	TRUE	TENT2
XP_029826437.2	NP_001375058.1	0	N/A	32.026	306	20	2.64e-35	144	poly(A) RNA polymerase GLD2 isoform 2 [Homo sapiens]	TRUE	TENT2
XP_029826437.2	NP_001375057.1	0	N/A	32.026	306	20	2.64e-35	144	poly(A) RNA polymerase GLD2 isoform 2 [Homo sapiens]	TRUE	TENT2
XP_029826437.2	NP_001375056.1	0	N/A	32.026	306	20	2.64e-35	144	poly(A) RNA polymerase GLD2 isoform 2 [Homo sapiens]	TRUE	TENT2
XP_029826437.2	NP_001375055.1	0	N/A	32.026	306	20	2.64e-35	144	poly(A) RNA polymerase GLD2 isoform 2 [Homo sapiens]	TRUE	TENT2
XP_029826437.2	NP_001375054.1	0	N/A	32.026	306	20	2.64e-35	144	poly(A) RNA polymerase GLD2 isoform 2 [Homo sapiens]	TRUE	TENT2
XP_029826437.2	NP_001375053.1	0	N/A	32.026	306	20	2.64e-35	144	poly(A) RNA polymerase GLD2 isoform 2 [Homo sapiens]	TRUE	TENT2
XP_029826437.2	NP_001375052.1	0	N/A	32.026	306	20	2.64e-35	144	poly(A) RNA polymerase GLD2 isoform 2 [Homo sapiens]	TRUE	TENT2
XP_029826437.2	NP_001375051.1	0	N/A	32.026	306	20	2.64e-35	144	poly(A) RNA polymerase GLD2 isoform 2 [Homo sapiens]	TRUE	TENT2
XP_029826437.2	NP_001375050.1	0	N/A	32.026	306	20	2.64e-35	144	poly(A) RNA polymerase GLD2 isoform 2 [Homo sapiens]	TRUE	TENT2
XP_029826437.2	NP_001375049.1	0	N/A	32.026	306	20	2.64e-35	144	poly(A) RNA polymerase GLD2 isoform 2 [Homo sapiens]	TRUE	TENT2
XP_029826437.2	NP_001375048.1	0	N/A	32.026	306	20	2.64e-35	144	poly(A) RNA polymerase GLD2 isoform 2 [Homo sapiens]	TRUE	TENT2
XP_029826437.2	NP_001375047.1	0	N/A	32.026	306	20	2.64e-35	144	poly(A) RNA polymerase GLD2 isoform 2 [Homo sapiens]	TRUE	TENT2
XP_029826437.2	NP_001375046.1	0	N/A	32.026	306	20	2.64e-35	144	poly(A) RNA polymerase GLD2 isoform 2 [Homo sapiens]	TRUE	TENT2
XP_029826437.2	NP_001375045.1	0	N/A	32.026	306	20	2.64e-35	144	poly(A) RNA polymerase GLD2 isoform 2 [Homo sapiens]	TRUE	TENT2
XP_029826437.2	NP_001375044.1	0	N/A	32.026	306	20	2.64e-35	144	poly(A) RNA polymerase GLD2 isoform 2 [Homo sapiens]	TRUE	TENT2
XP_029826437.2	NP_001375043.1	0	N/A	32.026	306	20	2.64e-35	144	poly(A) RNA polymerase GLD2 isoform 2 [Homo sapiens]	TRUE	TENT2
XP_029826437.2	NP_001336483.1	0	N/A	32.026	306	20	2.64e-35	144	poly(A) RNA polymerase GLD2 isoform 2 [Homo sapiens]	TRUE	TENT2
XP_029826437.2	NP_001284673.1	0	N/A	32.026	306	20	2.64e-35	144	poly(A) RNA polymerase GLD2 isoform 2 [Homo sapiens]	TRUE	TENT2
XP_029826437.2	NP_001375059.1	0	N/A	32.026	306	20	2.85e-35	144	poly(A) RNA polymerase GLD2 isoform 10 [Homo sapiens]	TRUE	TENT2
XP_029826437.2	NP_001375065.1	0	N/A	32.026	306	20	4.44e-35	140	poly(A) RNA polymerase GLD2 isoform 14 [Homo sapiens]	TRUE	TENT2
XP_029826437.2	NP_001375042.1	0	N/A	31.613	310	20	9.85e-35	142	poly(A) RNA polymerase GLD2 isoform 16 [Homo sapiens]	TRUE	TENT2
XP_029826437.2	XP_047272808.1	0	N/A	31.613	310	20	1.01e-34	142	poly(A) RNA polymerase GLD2 isoform X3 [Homo sapiens]	TRUE	TENT2
XP_029826437.2	XP_047272807.1	0	N/A	31.613	310	20	1.01e-34	142	poly(A) RNA polymerase GLD2 isoform X3 [Homo sapiens]	TRUE	TENT2
XP_029826437.2	XP_047272806.1	0	N/A	31.613	310	20	1.01e-34	142	poly(A) RNA polymerase GLD2 isoform X3 [Homo sapiens]	TRUE	TENT2
XP_029826437.2	NP_776158.2	0	N/A	31.613	310	20	1.01e-34	142	poly(A) RNA polymerase GLD2 isoform 1 [Homo sapiens]	TRUE	TENT2
XP_029826437.2	NP_001375041.1	0	N/A	31.613	310	20	1.01e-34	142	poly(A) RNA polymerase GLD2 isoform 1 [Homo sapiens]	TRUE	TENT2
XP_029826437.2	NP_001375040.1	0	N/A	31.613	310	20	1.01e-34	142	poly(A) RNA polymerase GLD2 isoform 1 [Homo sapiens]	TRUE	TENT2
XP_029826987.2	NP_060579.3	0	N/A	25.968	439	55	1.11e-38	154	poly(A) RNA polymerase, mitochondrial precursor [Homo sapiens]	TRUE	mtPAP
XP_029826987.2	NP_073741.3	0	N/A	35.16	219	29	2.67e-24	111	speckle targeted PIP5K1A-regulated poly(A) polymerase isoform 1 [Homo sapiens]	TRUE	Tut1
XP_029826987.2	XP_047279823.1	0	N/A	28.808	302	38	6.53e-23	107	terminal uridylyltransferase 7 isoform X2 [Homo sapiens]	TRUE	Tut7
XP_029826987.2	XP_006717346.1	0	N/A	28.808	302	38	6.53e-23	107	terminal uridylyltransferase 7 isoform X2 [Homo sapiens]	TRUE	Tut7
XP_029826987.2	XP_016870620.1	0	N/A	28.808	302	38	6.79e-23	107	terminal uridylyltransferase 7 isoform X4 [Homo sapiens]	TRUE	Tut7
XP_029826987.2	XP_016870619.1	0	N/A	28.808	302	38	6.79e-23	107	terminal uridylyltransferase 7 isoform X4 [Homo sapiens]	TRUE	Tut7
XP_029826987.2	NP_078893.2	0	N/A	28.808	302	38	6.79e-23	107	terminal uridylyltransferase 7 isoform 1 [Homo sapiens]	TRUE	Tut7
XP_029826987.2	NP_001171988.1	0	N/A	28.808	302	38	6.79e-23	107	terminal uridylyltransferase 7 isoform 1 [Homo sapiens]	TRUE	Tut7
XP_029826987.2	XP_011517318.1	0	N/A	28.808	302	38	7.01e-23	107	terminal uridylyltransferase 7 isoform X5 [Homo sapiens]	TRUE	Tut7
XP_029826987.2	XP_005252265.1	0	N/A	28.808	302	38	7.71e-23	107	terminal uridylyltransferase 7 isoform X7 [Homo sapiens]	TRUE	Tut7
XP_029826987.2	XP_047279825.1	0	N/A	28.808	302	38	8.16e-23	107	terminal uridylyltransferase 7 isoform X6 [Homo sapiens]	TRUE	Tut7
XP_029826987.2	XP_047279824.1	0	N/A	28.808	302	38	8.16e-23	107	terminal uridylyltransferase 7 isoform X6 [Homo sapiens]	TRUE	Tut7
XP_029826987.2	XP_005252264.1	0	N/A	28.808	302	38	8.16e-23	107	terminal uridylyltransferase 7 isoform X6 [Homo sapiens]	TRUE	Tut7
XP_029826987.2	XP_011517316.1	0	N/A	28.808	302	38	1.01e-22	107	terminal uridylyltransferase 7 isoform X1 [Homo sapiens]	TRUE	Tut7
XP_029826987.2	XP_011517315.1	0	N/A	28.808	302	38	1.01e-22	107	terminal uridylyltransferase 7 isoform X1 [Homo sapiens]	TRUE	Tut7
XP_029826987.2	XP_011517314.1	0	N/A	28.808	302	38	1.01e-22	107	terminal uridylyltransferase 7 isoform X1 [Homo sapiens]	TRUE	Tut7
XP_029826987.2	XP_011517313.1	0	N/A	28.808	302	38	1.01e-22	107	terminal uridylyltransferase 7 isoform X1 [Homo sapiens]	TRUE	Tut7
XP_029826987.2	XP_011517317.1	0	N/A	28.808	302	38	1.03e-22	107	terminal uridylyltransferase 7 isoform X3 [Homo sapiens]	TRUE	Tut7
XP_029826987.2	NP_001317647.1	0	N/A	28.239	301	38	1.32e-22	106	terminal uridylyltransferase 7 isoform 3 [Homo sapiens]	TRUE	Tut7
XP_029826987.2	NP_001375042.1	0	N/A	26.974	304	39	1.16e-21	101	poly(A) RNA polymerase GLD2 isoform 16 [Homo sapiens]	TRUE	TENT2
XP_029826987.2	NP_001375060.1	0	N/A	26.974	304	39	1.16e-21	101	poly(A) RNA polymerase GLD2 isoform 11 [Homo sapiens]	TRUE	TENT2
XP_029826987.2	XP_047272808.1	0	N/A	26.974	304	39	1.21e-21	101	poly(A) RNA polymerase GLD2 isoform X3 [Homo sapiens]	TRUE	TENT2
XP_029826987.2	XP_047272807.1	0	N/A	26.974	304	39	1.21e-21	101	poly(A) RNA polymerase GLD2 isoform X3 [Homo sapiens]	TRUE	TENT2
XP_029826987.2	XP_047272806.1	0	N/A	26.974	304	39	1.21e-21	101	poly(A) RNA polymerase GLD2 isoform X3 [Homo sapiens]	TRUE	TENT2
XP_029826987.2	NP_776158.2	0	N/A	26.974	304	39	1.21e-21	101	poly(A) RNA polymerase GLD2 isoform 1 [Homo sapiens]	TRUE	TENT2
XP_029826987.2	NP_001375041.1	0	N/A	26.974	304	39	1.21e-21	101	poly(A) RNA polymerase GLD2 isoform 1 [Homo sapiens]	TRUE	TENT2
XP_029826987.2	NP_001375040.1	0	N/A	26.974	304	39	1.21e-21	101	poly(A) RNA polymerase GLD2 isoform 1 [Homo sapiens]	TRUE	TENT2
XP_029826987.2	NP_001375039.1	0	N/A	26.974	304	39	1.21e-21	101	poly(A) RNA polymerase GLD2 isoform 1 [Homo sapiens]	TRUE	TENT2
XP_029826987.2	NP_001375038.1	0	N/A	26.974	304	39	1.21e-21	101	poly(A) RNA polymerase GLD2 isoform 1 [Homo sapiens]	TRUE	TENT2
XP_029826987.2	NP_001375037.1	0	N/A	26.974	304	39	1.21e-21	101	poly(A) RNA polymerase GLD2 isoform 1 [Homo sapiens]	TRUE	TENT2
XP_029826987.2	NP_001375036.1	0	N/A	26.974	304	39	1.21e-21	101	poly(A) RNA polymerase GLD2 isoform 1 [Homo sapiens]	TRUE	TENT2
XP_029826987.2	NP_001375035.1	0	N/A	26.974	304	39	1.21e-21	101	poly(A) RNA polymerase GLD2 isoform 1 [Homo sapiens]	TRUE	TENT2
XP_029826987.2	NP_001375034.1	0	N/A	26.974	304	39	1.21e-21	101	poly(A) RNA polymerase GLD2 isoform 1 [Homo sapiens]	TRUE	TENT2
XP_029826987.2	NP_001375032.1	0	N/A	26.974	304	39	1.21e-21	101	poly(A) RNA polymerase GLD2 isoform 1 [Homo sapiens]	TRUE	TENT2
XP_029826987.2	NP_001375031.1	0	N/A	26.974	304	39	1.21e-21	101	poly(A) RNA polymerase GLD2 isoform 1 [Homo sapiens]	TRUE	TENT2
XP_029826987.2	NP_001336482.1	0	N/A	26.974	304	39	1.21e-21	101	poly(A) RNA polymerase GLD2 isoform 1 [Homo sapiens]	TRUE	TENT2
XP_029826987.2	NP_001336481.1	0	N/A	26.974	304	39	1.21e-21	101	poly(A) RNA polymerase GLD2 isoform 1 [Homo sapiens]	TRUE	TENT2
XP_029826987.2	NP_001107866.1	0	N/A	26.974	304	39	1.21e-21	101	poly(A) RNA polymerase GLD2 isoform 1 [Homo sapiens]	TRUE	TENT2
XP_029826987.2	NP_001107865.1	0	N/A	26.974	304	39	1.21e-21	101	poly(A) RNA polymerase GLD2 isoform 1 [Homo sapiens]	TRUE	TENT2
XP_029826987.2	NP_001375061.1	0	N/A	26.645	304	39	2.05e-20	97.4	poly(A) RNA polymerase GLD2 isoform 12 [Homo sapiens]	TRUE	TENT2
XP_029826987.2	NP_001375059.1	0	N/A	26.645	304	39	2.09e-20	97.8	poly(A) RNA polymerase GLD2 isoform 10 [Homo sapiens]	TRUE	TENT2
XP_029826987.2	NP_001375065.1	0	N/A	26.645	304	39	2.18e-20	96.3	poly(A) RNA polymerase GLD2 isoform 14 [Homo sapiens]	TRUE	TENT2
XP_029826987.2	XP_047272811.1	0	N/A	26.645	304	39	2.26e-20	97.8	poly(A) RNA polymerase GLD2 isoform X4 [Homo sapiens]	TRUE	TENT2
XP_029826987.2	XP_047272810.1	0	N/A	26.645	304	39	2.26e-20	97.8	poly(A) RNA polymerase GLD2 isoform X4 [Homo sapiens]	TRUE	TENT2
XP_029826987.2	XP_047272809.1	0	N/A	26.645	304	39	2.26e-20	97.8	poly(A) RNA polymerase GLD2 isoform X4 [Homo sapiens]	TRUE	TENT2
XP_029826987.2	NP_001375058.1	0	N/A	26.645	304	39	2.26e-20	97.8	poly(A) RNA polymerase GLD2 isoform 2 [Homo sapiens]	TRUE	TENT2
XP_029826987.2	NP_001375057.1	0	N/A	26.645	304	39	2.26e-20	97.8	poly(A) RNA polymerase GLD2 isoform 2 [Homo sapiens]	TRUE	TENT2
XP_029826987.2	NP_001375056.1	0	N/A	26.645	304	39	2.26e-20	97.8	poly(A) RNA polymerase GLD2 isoform 2 [Homo sapiens]	TRUE	TENT2
XP_029826987.2	NP_001375055.1	0	N/A	26.645	304	39	2.26e-20	97.8	poly(A) RNA polymerase GLD2 isoform 2 [Homo sapiens]	TRUE	TENT2
XP_029826987.2	NP_001375054.1	0	N/A	26.645	304	39	2.26e-20	97.8	poly(A) RNA polymerase GLD2 isoform 2 [Homo sapiens]	TRUE	TENT2
XP_029826987.2	NP_001375053.1	0	N/A	26.645	304	39	2.26e-20	97.8	poly(A) RNA polymerase GLD2 isoform 2 [Homo sapiens]	TRUE	TENT2
XP_029826987.2	NP_001375052.1	0	N/A	26.645	304	39	2.26e-20	97.8	poly(A) RNA polymerase GLD2 isoform 2 [Homo sapiens]	TRUE	TENT2
XP_029826987.2	NP_001375051.1	0	N/A	26.645	304	39	2.26e-20	97.8	poly(A) RNA polymerase GLD2 isoform 2 [Homo sapiens]	TRUE	TENT2
XP_029826987.2	NP_001375050.1	0	N/A	26.645	304	39	2.26e-20	97.8	poly(A) RNA polymerase GLD2 isoform 2 [Homo sapiens]	TRUE	TENT2
XP_029826987.2	NP_001375049.1	0	N/A	26.645	304	39	2.26e-20	97.8	poly(A) RNA polymerase GLD2 isoform 2 [Homo sapiens]	TRUE	TENT2
XP_029826987.2	NP_001375048.1	0	N/A	26.645	304	39	2.26e-20	97.8	poly(A) RNA polymerase GLD2 isoform 2 [Homo sapiens]	TRUE	TENT2
XP_029826987.2	NP_001375047.1	0	N/A	26.645	304	39	2.26e-20	97.8	poly(A) RNA polymerase GLD2 isoform 2 [Homo sapiens]	TRUE	TENT2
XP_029826987.2	NP_001375046.1	0	N/A	26.645	304	39	2.26e-20	97.8	poly(A) RNA polymerase GLD2 isoform 2 [Homo sapiens]	TRUE	TENT2
XP_029826987.2	NP_001375045.1	0	N/A	26.645	304	39	2.26e-20	97.8	poly(A) RNA polymerase GLD2 isoform 2 [Homo sapiens]	TRUE	TENT2
XP_029826987.2	NP_001375044.1	0	N/A	26.645	304	39	2.26e-20	97.8	poly(A) RNA polymerase GLD2 isoform 2 [Homo sapiens]	TRUE	TENT2
XP_029826987.2	NP_001375043.1	0	N/A	26.645	304	39	2.26e-20	97.8	poly(A) RNA polymerase GLD2 isoform 2 [Homo sapiens]	TRUE	TENT2
XP_029826987.2	NP_001336483.1	0	N/A	26.645	304	39	2.26e-20	97.8	poly(A) RNA polymerase GLD2 isoform 2 [Homo sapiens]	TRUE	TENT2
XP_029826987.2	NP_001284673.1	0	N/A	26.645	304	39	2.26e-20	97.8	poly(A) RNA polymerase GLD2 isoform 2 [Homo sapiens]	TRUE	TENT2
XP_029826987.2	NP_001375029.1	0	N/A	26.518	313	39	5.75e-20	96.7	poly(A) RNA polymerase GLD2 isoform 8 [Homo sapiens]	TRUE	TENT2
XP_029826987.2	NP_001375028.1	0	N/A	26.518	313	39	5.75e-20	96.7	poly(A) RNA polymerase GLD2 isoform 8 [Homo sapiens]	TRUE	TENT2
XP_029826987.2	XP_047272286.1	0	N/A	26.99	289	37	1.51e-19	97.1	terminal uridylyltransferase 4 isoform X8 [Homo sapiens]	TRUE	Tut4
XP_029826987.2	XP_047272290.1	0	N/A	26.99	289	37	1.84e-19	96.7	terminal uridylyltransferase 4 isoform X11 [Homo sapiens]	TRUE	Tut4
XP_029826987.2	XP_047272295.1	0	N/A	26.99	289	37	2.07e-19	96.7	terminal uridylyltransferase 4 isoform X12 [Homo sapiens]	TRUE	Tut4
XP_029826987.2	XP_047272344.1	0	N/A	26.99	289	37	2.12e-19	96.7	terminal uridylyltransferase 4 isoform X30 [Homo sapiens]	TRUE	Tut4
XP_029826987.2	XP_047272305.1	0	N/A	26.99	289	37	2.16e-19	96.7	terminal uridylyltransferase 4 isoform X17 [Homo sapiens]	TRUE	Tut4
XP_029826987.2	XP_047272372.1	0	N/A	26.99	289	37	2.2e-19	96.3	terminal uridylyltransferase 4 isoform X42 [Homo sapiens]	TRUE	Tut4
XP_029826987.2	XP_047272296.1	0	N/A	26.99	289	37	2.22e-19	96.3	terminal uridylyltransferase 4 isoform X13 [Homo sapiens]	TRUE	Tut4
XP_029826987.2	XP_047272350.1	0	N/A	26.99	289	37	2.87e-19	95.9	terminal uridylyltransferase 4 isoform X34 [Homo sapiens]	TRUE	Tut4
XP_029826987.2	XP_016856297.1	0	N/A	26.644	289	37	3.56e-19	95.9	terminal uridylyltransferase 4 isoform X36 [Homo sapiens]	TRUE	Tut4
XP_029826987.2	XP_011539399.1	0	N/A	26.644	289	37	3.58e-19	95.9	terminal uridylyltransferase 4 isoform X1 [Homo sapiens]	TRUE	Tut4
XP_029826987.2	XP_005270733.1	0	N/A	26.644	289	37	3.58e-19	95.9	terminal uridylyltransferase 4 isoform X1 [Homo sapiens]	TRUE	Tut4
XP_029826987.2	XP_047272285.1	0	N/A	26.644	289	37	3.59e-19	95.9	terminal uridylyltransferase 4 isoform X7 [Homo sapiens]	TRUE	Tut4
XP_029826987.2	XP_016856292.1	0	N/A	26.644	289	37	3.62e-19	95.9	terminal uridylyltransferase 4 isoform X9 [Homo sapiens]	TRUE	Tut4
XP_029826987.2	XP_016856293.1	0	N/A	26.644	289	37	3.65e-19	95.9	terminal uridylyltransferase 4 isoform X16 [Homo sapiens]	TRUE	Tut4
XP_029826987.2	XP_005270735.1	0	N/A	26.644	289	37	3.87e-19	95.5	terminal uridylyltransferase 4 isoform X2 [Homo sapiens]	TRUE	Tut4
XP_029826987.2	XP_047272288.1	0	N/A	26.644	289	37	3.87e-19	95.5	terminal uridylyltransferase 4 isoform X10 [Homo sapiens]	TRUE	Tut4
XP_029826987.2	XP_005270739.1	0	N/A	26.644	289	37	4.22e-19	95.5	terminal uridylyltransferase 4 isoform X33 [Homo sapiens]	TRUE	Tut4
XP_029826987.2	XP_011539401.1	0	N/A	26.644	289	37	4.27e-19	95.5	terminal uridylyltransferase 4 isoform X29 [Homo sapiens]	TRUE	Tut4
XP_029826987.2	XP_047272280.1	0	N/A	26.644	289	37	4.35e-19	95.5	terminal uridylyltransferase 4 isoform X3 [Homo sapiens]	TRUE	Tut4
XP_029826987.2	XP_005270736.1	0	N/A	26.644	289	37	4.35e-19	95.5	terminal uridylyltransferase 4 isoform X3 [Homo sapiens]	TRUE	Tut4
XP_029826987.2	XP_047272283.1	0	N/A	26.644	289	37	4.42e-19	95.5	terminal uridylyltransferase 4 isoform X6 [Homo sapiens]	TRUE	Tut4
XP_029826987.2	XP_005270737.1	0	N/A	26.644	289	37	4.42e-19	95.5	terminal uridylyltransferase 4 isoform X6 [Homo sapiens]	TRUE	Tut4
XP_029826987.2	XP_047272325.1	0	N/A	26.644	289	37	4.45e-19	95.5	terminal uridylyltransferase 4 isoform X23 [Homo sapiens]	TRUE	Tut4
XP_029826987.2	XP_047272345.1	0	N/A	26.644	289	37	4.65e-19	95.5	terminal uridylyltransferase 4 isoform X31 [Homo sapiens]	TRUE	Tut4
XP_029826987.2	XP_047272281.1	0	N/A	26.644	289	37	4.78e-19	95.5	terminal uridylyltransferase 4 isoform X4 [Homo sapiens]	TRUE	Tut4
XP_029826987.2	NP_001009881.1	0	N/A	26.644	289	37	4.78e-19	95.5	terminal uridylyltransferase 4 isoform a [Homo sapiens]	TRUE	Tut4
XP_029826987.2	XP_016856299.1	0	N/A	26.644	289	37	4.79e-19	95.5	terminal uridylyltransferase 4 isoform X40 [Homo sapiens]	TRUE	Tut4
XP_029826987.2	XP_047272282.1	0	N/A	26.644	289	37	4.99e-19	95.5	terminal uridylyltransferase 4 isoform X5 [Homo sapiens]	TRUE	Tut4
XP_029826987.2	NP_056084.1	0	N/A	26.644	289	37	4.99e-19	95.5	terminal uridylyltransferase 4 isoform b [Homo sapiens]	TRUE	Tut4
XP_029826987.2	XP_016856295.1	0	N/A	26.644	289	37	5.23e-19	95.1	terminal uridylyltransferase 4 isoform X25 [Homo sapiens]	TRUE	Tut4
XP_029826987.2	XP_047272365.1	0	N/A	26.644	289	37	5.31e-19	95.1	terminal uridylyltransferase 4 isoform X38 [Homo sapiens]	TRUE	Tut4
XP_029826987.2	XP_016856296.1	0	N/A	26.644	289	37	6.58e-19	94.7	terminal uridylyltransferase 4 isoform X28 [Homo sapiens]	TRUE	Tut4
XP_029826987.2	XP_047272337.1	0	N/A	26.644	289	37	6.99e-19	94.7	terminal uridylyltransferase 4 isoform X27 [Homo sapiens]	TRUE	Tut4
XP_029826987.2	NP_001375030.1	0	N/A	26.198	313	39	9.99e-19	92.8	poly(A) RNA polymerase GLD2 isoform 9 [Homo sapiens]	TRUE	TENT2
XP_029826987.2	XP_047272384.1	0	N/A	27.599	279	36	1.83e-18	93.2	terminal uridylyltransferase 4 isoform X46 [Homo sapiens]	TRUE	Tut4
XP_029828615.2	NP_001317647.1	0	N/A	46.388	526	54	1.79e-143	447	terminal uridylyltransferase 7 isoform 3 [Homo sapiens]	TRUE	Tut7
XP_029828615.2	XP_047272384.1	0	N/A	52.778	432	46	2.19e-139	441	terminal uridylyltransferase 4 isoform X46 [Homo sapiens]	TRUE	Tut4
XP_029828615.2	XP_005252265.1	0	N/A	46.99	515	52	1.1e-137	447	terminal uridylyltransferase 7 isoform X7 [Homo sapiens]	TRUE	Tut7
XP_029828615.2	XP_047279825.1	0	N/A	46.388	526	54	1.31e-136	446	terminal uridylyltransferase 7 isoform X6 [Homo sapiens]	TRUE	Tut7
XP_029828615.2	XP_047279824.1	0	N/A	46.388	526	54	1.31e-136	446	terminal uridylyltransferase 7 isoform X6 [Homo sapiens]	TRUE	Tut7
XP_029828615.2	XP_005252264.1	0	N/A	46.388	526	54	1.31e-136	446	terminal uridylyltransferase 7 isoform X6 [Homo sapiens]	TRUE	Tut7
XP_029828615.2	XP_011517318.1	0	N/A	46.388	526	54	1.56e-136	446	terminal uridylyltransferase 7 isoform X5 [Homo sapiens]	TRUE	Tut7
XP_029828615.2	XP_016870620.1	0	N/A	46.388	526	54	1.62e-136	446	terminal uridylyltransferase 7 isoform X4 [Homo sapiens]	TRUE	Tut7
XP_029828615.2	XP_016870619.1	0	N/A	46.388	526	54	1.62e-136	446	terminal uridylyltransferase 7 isoform X4 [Homo sapiens]	TRUE	Tut7
XP_029828615.2	NP_078893.2	0	N/A	46.388	526	54	1.62e-136	446	terminal uridylyltransferase 7 isoform 1 [Homo sapiens]	TRUE	Tut7
XP_029828615.2	NP_001171988.1	0	N/A	46.388	526	54	1.62e-136	446	terminal uridylyltransferase 7 isoform 1 [Homo sapiens]	TRUE	Tut7
XP_029828615.2	XP_047279823.1	0	N/A	46.388	526	54	3.18e-136	446	terminal uridylyltransferase 7 isoform X2 [Homo sapiens]	TRUE	Tut7
XP_029828615.2	XP_006717346.1	0	N/A	46.388	526	54	3.18e-136	446	terminal uridylyltransferase 7 isoform X2 [Homo sapiens]	TRUE	Tut7
XP_029828615.2	XP_011517316.1	0	N/A	46.388	526	54	3.75e-136	446	terminal uridylyltransferase 7 isoform X1 [Homo sapiens]	TRUE	Tut7
XP_029828615.2	XP_011517315.1	0	N/A	46.388	526	54	3.75e-136	446	terminal uridylyltransferase 7 isoform X1 [Homo sapiens]	TRUE	Tut7
XP_029828615.2	XP_011517314.1	0	N/A	46.388	526	54	3.75e-136	446	terminal uridylyltransferase 7 isoform X1 [Homo sapiens]	TRUE	Tut7
XP_029828615.2	XP_011517313.1	0	N/A	46.388	526	54	3.75e-136	446	terminal uridylyltransferase 7 isoform X1 [Homo sapiens]	TRUE	Tut7
XP_029828615.2	XP_011517317.1	0	N/A	46.388	526	54	4.6e-136	446	terminal uridylyltransferase 7 isoform X3 [Homo sapiens]	TRUE	Tut7
XP_029828615.2	XP_016856299.1	0	N/A	53.037	428	46	1.46e-135	444	terminal uridylyltransferase 4 isoform X40 [Homo sapiens]	TRUE	Tut4
XP_029828615.2	XP_005270739.1	0	N/A	52.668	431	46	1.58e-135	444	terminal uridylyltransferase 4 isoform X33 [Homo sapiens]	TRUE	Tut4
XP_029828615.2	XP_016856297.1	0	N/A	53.037	428	46	2e-135	444	terminal uridylyltransferase 4 isoform X36 [Homo sapiens]	TRUE	Tut4
XP_029828615.2	XP_047272365.1	0	N/A	53.037	428	46	2.13e-135	444	terminal uridylyltransferase 4 isoform X38 [Homo sapiens]	TRUE	Tut4
XP_029828615.2	XP_047272345.1	0	N/A	53.037	428	46	2.38e-135	444	terminal uridylyltransferase 4 isoform X31 [Homo sapiens]	TRUE	Tut4
XP_029828615.2	XP_011539401.1	0	N/A	52.668	431	46	2.73e-135	444	terminal uridylyltransferase 4 isoform X29 [Homo sapiens]	TRUE	Tut4
XP_029828615.2	XP_016856292.1	0	N/A	53.037	428	46	4.49e-135	444	terminal uridylyltransferase 4 isoform X9 [Homo sapiens]	TRUE	Tut4
XP_029828615.2	XP_016856296.1	0	N/A	53.037	428	46	4.83e-135	444	terminal uridylyltransferase 4 isoform X28 [Homo sapiens]	TRUE	Tut4
XP_029828615.2	XP_011539399.1	0	N/A	52.668	431	46	4.91e-135	445	terminal uridylyltransferase 4 isoform X1 [Homo sapiens]	TRUE	Tut4
XP_029828615.2	XP_005270733.1	0	N/A	52.668	431	46	4.91e-135	445	terminal uridylyltransferase 4 isoform X1 [Homo sapiens]	TRUE	Tut4
XP_029828615.2	XP_047272288.1	0	N/A	52.668	431	46	5.2e-135	444	terminal uridylyltransferase 4 isoform X10 [Homo sapiens]	TRUE	Tut4
XP_029828615.2	XP_016856295.1	0	N/A	53.037	428	46	5.5e-135	444	terminal uridylyltransferase 4 isoform X25 [Homo sapiens]	TRUE	Tut4
XP_029828615.2	XP_047272325.1	0	N/A	53.037	428	46	5.73e-135	444	terminal uridylyltransferase 4 isoform X23 [Homo sapiens]	TRUE	Tut4
XP_029828615.2	XP_047272285.1	0	N/A	53.037	428	46	5.75e-135	444	terminal uridylyltransferase 4 isoform X7 [Homo sapiens]	TRUE	Tut4
XP_029828615.2	XP_005270735.1	0	N/A	53.037	428	46	5.82e-135	444	terminal uridylyltransferase 4 isoform X2 [Homo sapiens]	TRUE	Tut4
XP_029828615.2	XP_016856293.1	0	N/A	53.037	428	46	5.93e-135	444	terminal uridylyltransferase 4 isoform X16 [Homo sapiens]	TRUE	Tut4
XP_029828615.2	XP_047272337.1	0	N/A	53.037	428	46	6.23e-135	443	terminal uridylyltransferase 4 isoform X27 [Homo sapiens]	TRUE	Tut4
XP_029828615.2	XP_047272280.1	0	N/A	53.037	428	46	6.34e-135	444	terminal uridylyltransferase 4 isoform X3 [Homo sapiens]	TRUE	Tut4
XP_029828615.2	XP_005270736.1	0	N/A	53.037	428	46	6.34e-135	444	terminal uridylyltransferase 4 isoform X3 [Homo sapiens]	TRUE	Tut4
XP_029828615.2	XP_047272281.1	0	N/A	52.668	431	46	7.13e-135	444	terminal uridylyltransferase 4 isoform X4 [Homo sapiens]	TRUE	Tut4
XP_029828615.2	NP_001009881.1	0	N/A	52.668	431	46	7.13e-135	444	terminal uridylyltransferase 4 isoform a [Homo sapiens]	TRUE	Tut4
XP_029828615.2	XP_047272283.1	0	N/A	53.037	428	46	8.66e-135	444	terminal uridylyltransferase 4 isoform X6 [Homo sapiens]	TRUE	Tut4
XP_029828615.2	XP_005270737.1	0	N/A	53.037	428	46	8.66e-135	444	terminal uridylyltransferase 4 isoform X6 [Homo sapiens]	TRUE	Tut4
XP_029828615.2	XP_047272282.1	0	N/A	53.037	428	46	1.24e-134	444	terminal uridylyltransferase 4 isoform X5 [Homo sapiens]	TRUE	Tut4
XP_029828615.2	NP_056084.1	0	N/A	53.037	428	46	1.24e-134	444	terminal uridylyltransferase 4 isoform b [Homo sapiens]	TRUE	Tut4
XP_029828615.2	XP_047272372.1	0	N/A	50.82	427	46	1.13e-125	417	terminal uridylyltransferase 4 isoform X42 [Homo sapiens]	TRUE	Tut4
XP_029828615.2	XP_047272344.1	0	N/A	50.465	430	46	1.46e-125	417	terminal uridylyltransferase 4 isoform X30 [Homo sapiens]	TRUE	Tut4
XP_029828615.2	XP_047272286.1	0	N/A	50.465	430	46	1.82e-125	418	terminal uridylyltransferase 4 isoform X8 [Homo sapiens]	TRUE	Tut4
XP_029828615.2	XP_047272350.1	0	N/A	50.82	427	46	2.52e-125	416	terminal uridylyltransferase 4 isoform X34 [Homo sapiens]	TRUE	Tut4
XP_029828615.2	XP_047272290.1	0	N/A	50.82	427	46	2.6e-125	417	terminal uridylyltransferase 4 isoform X11 [Homo sapiens]	TRUE	Tut4
XP_029828615.2	XP_047272295.1	0	N/A	50.465	430	46	2.85e-125	417	terminal uridylyltransferase 4 isoform X12 [Homo sapiens]	TRUE	Tut4
XP_029828615.2	XP_047272296.1	0	N/A	50.82	427	46	3.51e-125	417	terminal uridylyltransferase 4 isoform X13 [Homo sapiens]	TRUE	Tut4
XP_029828615.2	XP_047272305.1	0	N/A	50.82	427	46	3.69e-125	417	terminal uridylyltransferase 4 isoform X17 [Homo sapiens]	TRUE	Tut4
XP_029828615.2	NP_001172003.1	0	N/A	59.74	308	33	1.07e-107	363	terminal uridylyltransferase 7 isoform 2 [Homo sapiens]	TRUE	Tut7
XP_029828615.2	XP_047272373.1	0	N/A	45.476	431	46	1.64e-107	366	terminal uridylyltransferase 4 isoform X43 [Homo sapiens]	TRUE	Tut4
XP_029828615.2	XP_047272369.1	0	N/A	45.476	431	46	1.66e-107	366	terminal uridylyltransferase 4 isoform X41 [Homo sapiens]	TRUE	Tut4
XP_029828615.2	XP_047272348.1	0	N/A	45.476	431	46	2e-107	366	terminal uridylyltransferase 4 isoform X32 [Homo sapiens]	TRUE	Tut4
XP_029828615.2	XP_047272311.1	0	N/A	45.476	431	46	2.3e-107	367	terminal uridylyltransferase 4 isoform X21 [Homo sapiens]	TRUE	Tut4
XP_029828615.2	XP_047272306.1	0	N/A	45.794	428	46	2.53e-107	367	terminal uridylyltransferase 4 isoform X18 [Homo sapiens]	TRUE	Tut4
XP_029828615.2	XP_047272354.1	0	N/A	45.476	431	46	2.59e-107	366	terminal uridylyltransferase 4 isoform X35 [Homo sapiens]	TRUE	Tut4
XP_029828615.2	XP_047272377.1	0	N/A	45.794	428	46	2.92e-107	365	terminal uridylyltransferase 4 isoform X44 [Homo sapiens]	TRUE	Tut4
XP_029828615.2	XP_047272367.1	0	N/A	45.794	428	46	3e-107	366	terminal uridylyltransferase 4 isoform X39 [Homo sapiens]	TRUE	Tut4
XP_029828615.2	XP_047272362.1	0	N/A	45.794	428	46	3.12e-107	366	terminal uridylyltransferase 4 isoform X37 [Homo sapiens]	TRUE	Tut4
XP_029828615.2	XP_005270738.1	0	N/A	45.476	431	46	3.24e-107	366	terminal uridylyltransferase 4 isoform X14 [Homo sapiens]	TRUE	Tut4
XP_029828615.2	XP_047272320.1	0	N/A	45.476	431	46	3.53e-107	366	terminal uridylyltransferase 4 isoform X22 [Homo sapiens]	TRUE	Tut4
XP_029828615.2	XP_047272303.1	0	N/A	45.794	428	46	3.58e-107	366	terminal uridylyltransferase 4 isoform X15 [Homo sapiens]	TRUE	Tut4
XP_029828615.2	XP_047272336.1	0	N/A	45.794	428	46	4.27e-107	366	terminal uridylyltransferase 4 isoform X26 [Homo sapiens]	TRUE	Tut4
XP_029828615.2	XP_047272327.1	0	N/A	45.794	428	46	4.48e-107	366	terminal uridylyltransferase 4 isoform X24 [Homo sapiens]	TRUE	Tut4
XP_029828615.2	XP_047272307.1	0	N/A	45.794	428	46	4.81e-107	366	terminal uridylyltransferase 4 isoform X19 [Homo sapiens]	TRUE	Tut4
XP_029828615.2	XP_016856294.1	0	N/A	45.794	428	46	5.12e-107	366	terminal uridylyltransferase 4 isoform X20 [Homo sapiens]	TRUE	Tut4
XP_029828615.2	NP_001375065.1	0	N/A	32.441	299	30	2.64e-36	143	poly(A) RNA polymerase GLD2 isoform 14 [Homo sapiens]	TRUE	TENT2
XP_029828615.2	NP_001375061.1	0	N/A	32.441	299	30	7.18e-36	144	poly(A) RNA polymerase GLD2 isoform 12 [Homo sapiens]	TRUE	TENT2
XP_029828615.2	NP_001375059.1	0	N/A	32.441	299	30	1.02e-35	144	poly(A) RNA polymerase GLD2 isoform 10 [Homo sapiens]	TRUE	TENT2
XP_029828615.2	XP_047272811.1	0	N/A	32.441	299	30	1.16e-35	144	poly(A) RNA polymerase GLD2 isoform X4 [Homo sapiens]	TRUE	TENT2
XP_029828615.2	XP_047272810.1	0	N/A	32.441	299	30	1.16e-35	144	poly(A) RNA polymerase GLD2 isoform X4 [Homo sapiens]	TRUE	TENT2
XP_029828615.2	XP_047272809.1	0	N/A	32.441	299	30	1.16e-35	144	poly(A) RNA polymerase GLD2 isoform X4 [Homo sapiens]	TRUE	TENT2
XP_029828615.2	NP_001375058.1	0	N/A	32.441	299	30	1.16e-35	144	poly(A) RNA polymerase GLD2 isoform 2 [Homo sapiens]	TRUE	TENT2
XP_029828615.2	NP_001375057.1	0	N/A	32.441	299	30	1.16e-35	144	poly(A) RNA polymerase GLD2 isoform 2 [Homo sapiens]	TRUE	TENT2
XP_029828615.2	NP_001375056.1	0	N/A	32.441	299	30	1.16e-35	144	poly(A) RNA polymerase GLD2 isoform 2 [Homo sapiens]	TRUE	TENT2
XP_029828615.2	NP_001375055.1	0	N/A	32.441	299	30	1.16e-35	144	poly(A) RNA polymerase GLD2 isoform 2 [Homo sapiens]	TRUE	TENT2
XP_029828615.2	NP_001375054.1	0	N/A	32.441	299	30	1.16e-35	144	poly(A) RNA polymerase GLD2 isoform 2 [Homo sapiens]	TRUE	TENT2
XP_029828615.2	NP_001375053.1	0	N/A	32.441	299	30	1.16e-35	144	poly(A) RNA polymerase GLD2 isoform 2 [Homo sapiens]	TRUE	TENT2
XP_029828615.2	NP_001375052.1	0	N/A	32.441	299	30	1.16e-35	144	poly(A) RNA polymerase GLD2 isoform 2 [Homo sapiens]	TRUE	TENT2
XP_029828615.2	NP_001375051.1	0	N/A	32.441	299	30	1.16e-35	144	poly(A) RNA polymerase GLD2 isoform 2 [Homo sapiens]	TRUE	TENT2
XP_029828615.2	NP_001375050.1	0	N/A	32.441	299	30	1.16e-35	144	poly(A) RNA polymerase GLD2 isoform 2 [Homo sapiens]	TRUE	TENT2
XP_029828615.2	NP_001375049.1	0	N/A	32.441	299	30	1.16e-35	144	poly(A) RNA polymerase GLD2 isoform 2 [Homo sapiens]	TRUE	TENT2
XP_029828615.2	NP_001375048.1	0	N/A	32.441	299	30	1.16e-35	144	poly(A) RNA polymerase GLD2 isoform 2 [Homo sapiens]	TRUE	TENT2
XP_029828615.2	NP_001375047.1	0	N/A	32.441	299	30	1.16e-35	144	poly(A) RNA polymerase GLD2 isoform 2 [Homo sapiens]	TRUE	TENT2
XP_029828615.2	NP_001375046.1	0	N/A	32.441	299	30	1.16e-35	144	poly(A) RNA polymerase GLD2 isoform 2 [Homo sapiens]	TRUE	TENT2
XP_029828615.2	NP_001375045.1	0	N/A	32.441	299	30	1.16e-35	144	poly(A) RNA polymerase GLD2 isoform 2 [Homo sapiens]	TRUE	TENT2
XP_029828615.2	NP_001375044.1	0	N/A	32.441	299	30	1.16e-35	144	poly(A) RNA polymerase GLD2 isoform 2 [Homo sapiens]	TRUE	TENT2
XP_029828615.2	NP_001375043.1	0	N/A	32.441	299	30	1.16e-35	144	poly(A) RNA polymerase GLD2 isoform 2 [Homo sapiens]	TRUE	TENT2
XP_029828615.2	NP_001336483.1	0	N/A	32.441	299	30	1.16e-35	144	poly(A) RNA polymerase GLD2 isoform 2 [Homo sapiens]	TRUE	TENT2
XP_029828615.2	NP_001284673.1	0	N/A	32.441	299	30	1.16e-35	144	poly(A) RNA polymerase GLD2 isoform 2 [Homo sapiens]	TRUE	TENT2
XP_029828615.2	NP_001375060.1	0	N/A	32.107	299	30	1.81e-35	143	poly(A) RNA polymerase GLD2 isoform 11 [Homo sapiens]	TRUE	TENT2
XP_029828615.2	NP_001375042.1	0	N/A	32.107	299	30	2.57e-35	143	poly(A) RNA polymerase GLD2 isoform 16 [Homo sapiens]	TRUE	TENT2
XP_029828615.2	XP_047272808.1	0	N/A	32.107	299	30	2.71e-35	143	poly(A) RNA polymerase GLD2 isoform X3 [Homo sapiens]	TRUE	TENT2
XP_029828615.2	XP_047272807.1	0	N/A	32.107	299	30	2.71e-35	143	poly(A) RNA polymerase GLD2 isoform X3 [Homo sapiens]	TRUE	TENT2
XP_029828615.2	XP_047272806.1	0	N/A	32.107	299	30	2.71e-35	143	poly(A) RNA polymerase GLD2 isoform X3 [Homo sapiens]	TRUE	TENT2
XP_029828615.2	NP_776158.2	0	N/A	32.107	299	30	2.71e-35	143	poly(A) RNA polymerase GLD2 isoform 1 [Homo sapiens]	TRUE	TENT2
XP_029828615.2	NP_001375041.1	0	N/A	32.107	299	30	2.71e-35	143	poly(A) RNA polymerase GLD2 isoform 1 [Homo sapiens]	TRUE	TENT2
XP_029828615.2	NP_001375040.1	0	N/A	32.107	299	30	2.71e-35	143	poly(A) RNA polymerase GLD2 isoform 1 [Homo sapiens]	TRUE	TENT2
XP_029838900.2	NP_001375061.1	0	N/A	43.413	334	64	5.71e-77	251	poly(A) RNA polymerase GLD2 isoform 12 [Homo sapiens]	TRUE	TENT2
XP_029838900.2	NP_001375065.1	0	N/A	43.636	330	63	6.03e-77	248	poly(A) RNA polymerase GLD2 isoform 14 [Homo sapiens]	TRUE	TENT2
XP_029838900.2	NP_001375059.1	0	N/A	43.413	334	64	8.81e-77	251	poly(A) RNA polymerase GLD2 isoform 10 [Homo sapiens]	TRUE	TENT2
XP_029838900.2	XP_047272811.1	0	N/A	43.413	334	64	9.14e-77	251	poly(A) RNA polymerase GLD2 isoform X4 [Homo sapiens]	TRUE	TENT2
XP_029838900.2	XP_047272810.1	0	N/A	43.413	334	64	9.14e-77	251	poly(A) RNA polymerase GLD2 isoform X4 [Homo sapiens]	TRUE	TENT2
XP_029838900.2	XP_047272809.1	0	N/A	43.413	334	64	9.14e-77	251	poly(A) RNA polymerase GLD2 isoform X4 [Homo sapiens]	TRUE	TENT2
XP_029838900.2	NP_001375058.1	0	N/A	43.413	334	64	9.14e-77	251	poly(A) RNA polymerase GLD2 isoform 2 [Homo sapiens]	TRUE	TENT2
XP_029838900.2	NP_001375057.1	0	N/A	43.413	334	64	9.14e-77	251	poly(A) RNA polymerase GLD2 isoform 2 [Homo sapiens]	TRUE	TENT2
XP_029838900.2	NP_001375056.1	0	N/A	43.413	334	64	9.14e-77	251	poly(A) RNA polymerase GLD2 isoform 2 [Homo sapiens]	TRUE	TENT2
XP_029838900.2	NP_001375055.1	0	N/A	43.413	334	64	9.14e-77	251	poly(A) RNA polymerase GLD2 isoform 2 [Homo sapiens]	TRUE	TENT2
XP_029838900.2	NP_001375054.1	0	N/A	43.413	334	64	9.14e-77	251	poly(A) RNA polymerase GLD2 isoform 2 [Homo sapiens]	TRUE	TENT2
XP_029838900.2	NP_001375053.1	0	N/A	43.413	334	64	9.14e-77	251	poly(A) RNA polymerase GLD2 isoform 2 [Homo sapiens]	TRUE	TENT2
XP_029838900.2	NP_001375052.1	0	N/A	43.413	334	64	9.14e-77	251	poly(A) RNA polymerase GLD2 isoform 2 [Homo sapiens]	TRUE	TENT2
XP_029838900.2	NP_001375051.1	0	N/A	43.413	334	64	9.14e-77	251	poly(A) RNA polymerase GLD2 isoform 2 [Homo sapiens]	TRUE	TENT2
XP_029838900.2	NP_001375050.1	0	N/A	43.413	334	64	9.14e-77	251	poly(A) RNA polymerase GLD2 isoform 2 [Homo sapiens]	TRUE	TENT2
XP_029838900.2	NP_001375049.1	0	N/A	43.413	334	64	9.14e-77	251	poly(A) RNA polymerase GLD2 isoform 2 [Homo sapiens]	TRUE	TENT2
XP_029838900.2	NP_001375048.1	0	N/A	43.413	334	64	9.14e-77	251	poly(A) RNA polymerase GLD2 isoform 2 [Homo sapiens]	TRUE	TENT2
XP_029838900.2	NP_001375047.1	0	N/A	43.413	334	64	9.14e-77	251	poly(A) RNA polymerase GLD2 isoform 2 [Homo sapiens]	TRUE	TENT2
XP_029838900.2	NP_001375046.1	0	N/A	43.413	334	64	9.14e-77	251	poly(A) RNA polymerase GLD2 isoform 2 [Homo sapiens]	TRUE	TENT2
XP_029838900.2	NP_001375045.1	0	N/A	43.413	334	64	9.14e-77	251	poly(A) RNA polymerase GLD2 isoform 2 [Homo sapiens]	TRUE	TENT2
XP_029838900.2	NP_001375044.1	0	N/A	43.413	334	64	9.14e-77	251	poly(A) RNA polymerase GLD2 isoform 2 [Homo sapiens]	TRUE	TENT2
XP_029838900.2	NP_001375043.1	0	N/A	43.413	334	64	9.14e-77	251	poly(A) RNA polymerase GLD2 isoform 2 [Homo sapiens]	TRUE	TENT2
XP_029838900.2	NP_001336483.1	0	N/A	43.413	334	64	9.14e-77	251	poly(A) RNA polymerase GLD2 isoform 2 [Homo sapiens]	TRUE	TENT2
XP_029838900.2	NP_001284673.1	0	N/A	43.413	334	64	9.14e-77	251	poly(A) RNA polymerase GLD2 isoform 2 [Homo sapiens]	TRUE	TENT2
XP_029838900.2	NP_001375060.1	0	N/A	42.899	338	64	3.31e-75	246	poly(A) RNA polymerase GLD2 isoform 11 [Homo sapiens]	TRUE	TENT2
XP_029838900.2	XP_047272808.1	0	N/A	42.899	338	64	4.61e-75	247	poly(A) RNA polymerase GLD2 isoform X3 [Homo sapiens]	TRUE	TENT2
XP_029838900.2	XP_047272807.1	0	N/A	42.899	338	64	4.61e-75	247	poly(A) RNA polymerase GLD2 isoform X3 [Homo sapiens]	TRUE	TENT2
XP_029838900.2	XP_047272806.1	0	N/A	42.899	338	64	4.61e-75	247	poly(A) RNA polymerase GLD2 isoform X3 [Homo sapiens]	TRUE	TENT2
XP_029838900.2	NP_776158.2	0	N/A	42.899	338	64	4.61e-75	247	poly(A) RNA polymerase GLD2 isoform 1 [Homo sapiens]	TRUE	TENT2
XP_029838900.2	NP_001375041.1	0	N/A	42.899	338	64	4.61e-75	247	poly(A) RNA polymerase GLD2 isoform 1 [Homo sapiens]	TRUE	TENT2
XP_029838900.2	NP_001375040.1	0	N/A	42.899	338	64	4.61e-75	247	poly(A) RNA polymerase GLD2 isoform 1 [Homo sapiens]	TRUE	TENT2
XP_029838900.2	NP_001375039.1	0	N/A	42.899	338	64	4.61e-75	247	poly(A) RNA polymerase GLD2 isoform 1 [Homo sapiens]	TRUE	TENT2
XP_029838900.2	NP_001375038.1	0	N/A	42.899	338	64	4.61e-75	247	poly(A) RNA polymerase GLD2 isoform 1 [Homo sapiens]	TRUE	TENT2
XP_029838900.2	NP_001375037.1	0	N/A	42.899	338	64	4.61e-75	247	poly(A) RNA polymerase GLD2 isoform 1 [Homo sapiens]	TRUE	TENT2
XP_029838900.2	NP_001375036.1	0	N/A	42.899	338	64	4.61e-75	247	poly(A) RNA polymerase GLD2 isoform 1 [Homo sapiens]	TRUE	TENT2
XP_029838900.2	NP_001375035.1	0	N/A	42.899	338	64	4.61e-75	247	poly(A) RNA polymerase GLD2 isoform 1 [Homo sapiens]	TRUE	TENT2
XP_029838900.2	NP_001375034.1	0	N/A	42.899	338	64	4.61e-75	247	poly(A) RNA polymerase GLD2 isoform 1 [Homo sapiens]	TRUE	TENT2
XP_029838900.2	NP_001375032.1	0	N/A	42.899	338	64	4.61e-75	247	poly(A) RNA polymerase GLD2 isoform 1 [Homo sapiens]	TRUE	TENT2
XP_029838900.2	NP_001375031.1	0	N/A	42.899	338	64	4.61e-75	247	poly(A) RNA polymerase GLD2 isoform 1 [Homo sapiens]	TRUE	TENT2
XP_029838900.2	NP_001336482.1	0	N/A	42.899	338	64	4.61e-75	247	poly(A) RNA polymerase GLD2 isoform 1 [Homo sapiens]	TRUE	TENT2
XP_029838900.2	NP_001336481.1	0	N/A	42.899	338	64	4.61e-75	247	poly(A) RNA polymerase GLD2 isoform 1 [Homo sapiens]	TRUE	TENT2
XP_029838900.2	NP_001107866.1	0	N/A	42.899	338	64	4.61e-75	247	poly(A) RNA polymerase GLD2 isoform 1 [Homo sapiens]	TRUE	TENT2
XP_029838900.2	NP_001107865.1	0	N/A	42.899	338	64	4.61e-75	247	poly(A) RNA polymerase GLD2 isoform 1 [Homo sapiens]	TRUE	TENT2
XP_029838900.2	NP_001375042.1	0	N/A	42.899	338	64	4.64e-75	247	poly(A) RNA polymerase GLD2 isoform 16 [Homo sapiens]	TRUE	TENT2
XP_029838900.2	NP_001375027.1	0	N/A	40.947	359	64	1.88e-74	246	poly(A) RNA polymerase GLD2 isoform 7 [Homo sapiens]	TRUE	TENT2
XP_029838900.2	XP_047272805.1	0	N/A	40.947	359	64	2.06e-74	246	poly(A) RNA polymerase GLD2 isoform X2 [Homo sapiens]	TRUE	TENT2
XP_029838900.2	XP_047272804.1	0	N/A	40.947	359	64	2.06e-74	246	poly(A) RNA polymerase GLD2 isoform X2 [Homo sapiens]	TRUE	TENT2
XP_029838900.2	XP_047272803.1	0	N/A	40.947	359	64	2.06e-74	246	poly(A) RNA polymerase GLD2 isoform X2 [Homo sapiens]	TRUE	TENT2
XP_029838900.2	XP_047272802.1	0	N/A	40.947	359	64	2.06e-74	246	poly(A) RNA polymerase GLD2 isoform X2 [Homo sapiens]	TRUE	TENT2
XP_029838900.2	XP_016864641.1	0	N/A	40.947	359	64	2.06e-74	246	poly(A) RNA polymerase GLD2 isoform X2 [Homo sapiens]	TRUE	TENT2
XP_029838900.2	NP_001375026.1	0	N/A	40.947	359	64	2.06e-74	246	poly(A) RNA polymerase GLD2 isoform 6 [Homo sapiens]	TRUE	TENT2
XP_029838900.2	NP_001375025.1	0	N/A	40.947	359	64	2.06e-74	246	poly(A) RNA polymerase GLD2 isoform 6 [Homo sapiens]	TRUE	TENT2
XP_029838900.2	NP_001375024.1	0	N/A	40.947	359	64	2.06e-74	246	poly(A) RNA polymerase GLD2 isoform 6 [Homo sapiens]	TRUE	TENT2
XP_029838900.2	NP_001336480.1	0	N/A	40.947	359	64	2.06e-74	246	poly(A) RNA polymerase GLD2 isoform 6 [Homo sapiens]	TRUE	TENT2
XP_029838900.2	NP_001375030.1	0	N/A	42.151	344	64	1.3e-73	243	poly(A) RNA polymerase GLD2 isoform 9 [Homo sapiens]	TRUE	TENT2
XP_029838900.2	XP_047272801.1	0	N/A	40.496	363	64	1.21e-72	241	poly(A) RNA polymerase GLD2 isoform X1 [Homo sapiens]	TRUE	TENT2
XP_029838900.2	XP_047272800.1	0	N/A	40.496	363	64	1.21e-72	241	poly(A) RNA polymerase GLD2 isoform X1 [Homo sapiens]	TRUE	TENT2
XP_029838900.2	XP_011541527.1	0	N/A	40.496	363	64	1.21e-72	241	poly(A) RNA polymerase GLD2 isoform X1 [Homo sapiens]	TRUE	TENT2
XP_029838900.2	XP_011541526.1	0	N/A	40.496	363	64	1.21e-72	241	poly(A) RNA polymerase GLD2 isoform X1 [Homo sapiens]	TRUE	TENT2
XP_029838900.2	XP_011541523.1	0	N/A	40.496	363	64	1.21e-72	241	poly(A) RNA polymerase GLD2 isoform X1 [Homo sapiens]	TRUE	TENT2
XP_029838900.2	XP_011541522.1	0	N/A	40.496	363	64	1.21e-72	241	poly(A) RNA polymerase GLD2 isoform X1 [Homo sapiens]	TRUE	TENT2
XP_029838900.2	NP_001375023.1	0	N/A	40.496	363	64	1.21e-72	241	poly(A) RNA polymerase GLD2 isoform 5 [Homo sapiens]	TRUE	TENT2
XP_029838900.2	NP_001375022.1	0	N/A	40.496	363	64	1.21e-72	241	poly(A) RNA polymerase GLD2 isoform 5 [Homo sapiens]	TRUE	TENT2
XP_029838900.2	NP_001336479.1	0	N/A	40.496	363	64	1.21e-72	241	poly(A) RNA polymerase GLD2 isoform 5 [Homo sapiens]	TRUE	TENT2
XP_029838900.2	NP_001336478.1	0	N/A	40.496	363	64	1.21e-72	241	poly(A) RNA polymerase GLD2 isoform 5 [Homo sapiens]	TRUE	TENT2
XP_029838900.2	NP_001375029.1	0	N/A	41.667	348	64	9.54e-72	238	poly(A) RNA polymerase GLD2 isoform 8 [Homo sapiens]	TRUE	TENT2
XP_029838900.2	NP_001375028.1	0	N/A	41.667	348	64	9.54e-72	238	poly(A) RNA polymerase GLD2 isoform 8 [Homo sapiens]	TRUE	TENT2
XP_029838900.2	NP_001336477.1	0	N/A	45.385	260	50	5.15e-61	203	poly(A) RNA polymerase GLD2 isoform 4 [Homo sapiens]	TRUE	TENT2
XP_029838900.2	XP_047272820.1	0	N/A	46.694	242	46	9.51e-61	202	poly(A) RNA polymerase GLD2 isoform X11 [Homo sapiens]	TRUE	TENT2
XP_029838900.2	NP_001375066.1	0	N/A	47.418	213	41	1.96e-51	179	poly(A) RNA polymerase GLD2 isoform 15 [Homo sapiens]	TRUE	TENT2
XP_029838900.2	XP_047272815.1	0	N/A	35.329	334	64	2.42e-49	177	poly(A) RNA polymerase GLD2 isoform X7 [Homo sapiens]	TRUE	TENT2
XP_029838900.2	NP_001375064.1	0	N/A	35.329	334	64	2.42e-49	177	poly(A) RNA polymerase GLD2 isoform 13 [Homo sapiens]	TRUE	TENT2
XP_029838900.2	NP_001375063.1	0	N/A	35.329	334	64	2.42e-49	177	poly(A) RNA polymerase GLD2 isoform 13 [Homo sapiens]	TRUE	TENT2
XP_029838900.2	XP_047272814.1	0	N/A	34.911	338	64	1.56e-47	172	poly(A) RNA polymerase GLD2 isoform X6 [Homo sapiens]	TRUE	TENT2
XP_029838900.2	XP_047272813.1	0	N/A	34.911	338	64	1.56e-47	172	poly(A) RNA polymerase GLD2 isoform X6 [Homo sapiens]	TRUE	TENT2
XP_029838900.2	XP_047272812.1	0	N/A	34.911	338	64	1.56e-47	172	poly(A) RNA polymerase GLD2 isoform X6 [Homo sapiens]	TRUE	TENT2
XP_029838900.2	NP_001375062.1	0	N/A	34.911	338	64	1.56e-47	172	poly(A) RNA polymerase GLD2 isoform 3 [Homo sapiens]	TRUE	TENT2
XP_029838900.2	NP_001284674.1	0	N/A	34.911	338	64	1.56e-47	172	poly(A) RNA polymerase GLD2 isoform 3 [Homo sapiens]	TRUE	TENT2
XP_029838900.2	XP_011541531.1	0	N/A	33.333	363	64	2.24e-45	167	poly(A) RNA polymerase GLD2 isoform X5 [Homo sapiens]	TRUE	TENT2
XP_029838900.2	XP_047272818.1	0	N/A	45.833	192	36	5.11e-44	160	poly(A) RNA polymerase GLD2 isoform X10 [Homo sapiens]	TRUE	TENT2
XP_029838900.2	XP_047272817.1	0	N/A	42.254	213	36	1.82e-43	160	poly(A) RNA polymerase GLD2 isoform X9 [Homo sapiens]	TRUE	TENT2
XP_029838900.2	XP_047272816.1	0	N/A	41.475	217	36	6.13e-42	155	poly(A) RNA polymerase GLD2 isoform X8 [Homo sapiens]	TRUE	TENT2
XP_029838900.2	XP_047279823.1	0	N/A	31.734	271	50	6.43e-30	127	terminal uridylyltransferase 7 isoform X2 [Homo sapiens]	TRUE	Tut7
XP_029838900.2	XP_006717346.1	0	N/A	31.734	271	50	6.43e-30	127	terminal uridylyltransferase 7 isoform X2 [Homo sapiens]	TRUE	Tut7
XP_029838900.2	XP_016870620.1	0	N/A	31.734	271	50	8.21e-30	127	terminal uridylyltransferase 7 isoform X4 [Homo sapiens]	TRUE	Tut7
XP_029838900.2	XP_016870619.1	0	N/A	31.734	271	50	8.21e-30	127	terminal uridylyltransferase 7 isoform X4 [Homo sapiens]	TRUE	Tut7
XP_029838900.2	NP_078893.2	0	N/A	31.734	271	50	8.21e-30	127	terminal uridylyltransferase 7 isoform 1 [Homo sapiens]	TRUE	Tut7
XP_029838900.2	NP_001171988.1	0	N/A	31.734	271	50	8.21e-30	127	terminal uridylyltransferase 7 isoform 1 [Homo sapiens]	TRUE	Tut7
XP_029838900.2	XP_011517317.1	0	N/A	31.734	271	50	8.21e-30	127	terminal uridylyltransferase 7 isoform X3 [Homo sapiens]	TRUE	Tut7
XP_029838900.2	XP_047279825.1	0	N/A	31.734	271	50	9.55e-30	126	terminal uridylyltransferase 7 isoform X6 [Homo sapiens]	TRUE	Tut7
XP_029838900.2	XP_047279824.1	0	N/A	31.734	271	50	9.55e-30	126	terminal uridylyltransferase 7 isoform X6 [Homo sapiens]	TRUE	Tut7
XP_029838900.2	XP_005252264.1	0	N/A	31.734	271	50	9.55e-30	126	terminal uridylyltransferase 7 isoform X6 [Homo sapiens]	TRUE	Tut7
XP_029838900.2	XP_011517318.1	0	N/A	31.734	271	50	1.05e-29	126	terminal uridylyltransferase 7 isoform X5 [Homo sapiens]	TRUE	Tut7
XP_029838900.2	XP_005252265.1	0	N/A	31.734	271	50	1.43e-29	126	terminal uridylyltransferase 7 isoform X7 [Homo sapiens]	TRUE	Tut7
XP_029838900.2	NP_001317647.1	0	N/A	31.734	271	50	2.64e-29	124	terminal uridylyltransferase 7 isoform 3 [Homo sapiens]	TRUE	Tut7
XP_029838900.2	XP_047272372.1	0	N/A	30.07	286	53	1.13e-27	120	terminal uridylyltransferase 4 isoform X42 [Homo sapiens]	TRUE	Tut4
XP_029838900.2	XP_047272350.1	0	N/A	30.07	286	53	1.17e-27	120	terminal uridylyltransferase 4 isoform X34 [Homo sapiens]	TRUE	Tut4
XP_029838900.2	XP_047272290.1	0	N/A	30.07	286	53	1.37e-27	120	terminal uridylyltransferase 4 isoform X11 [Homo sapiens]	TRUE	Tut4
XP_029838900.2	XP_047272305.1	0	N/A	30.07	286	53	1.45e-27	120	terminal uridylyltransferase 4 isoform X17 [Homo sapiens]	TRUE	Tut4
XP_029838900.2	XP_047272296.1	0	N/A	30.07	286	53	1.46e-27	120	terminal uridylyltransferase 4 isoform X13 [Homo sapiens]	TRUE	Tut4
XP_030827966.1	NP_060579.3	0	N/A	32.5	400	30	1.84e-58	215	poly(A) RNA polymerase, mitochondrial precursor [Homo sapiens]	TRUE	mtPAP
XP_030827966.1	XP_011518528.1	0	N/A	24.891	687	50	1.36e-49	194	PR domain-containing protein 11 isoform X2 [Homo sapiens]	FALSE	NA
XP_030827966.1	XP_011518527.1	0	N/A	24.824	709	52	1.48e-49	195	PR domain-containing protein 11 isoform X1 [Homo sapiens]	FALSE	NA
XP_030827966.1	XP_011518526.1	0	N/A	24.824	709	52	1.48e-49	195	PR domain-containing protein 11 isoform X1 [Homo sapiens]	FALSE	NA
XP_030827966.1	XP_011518524.1	0	N/A	24.824	709	52	1.48e-49	195	PR domain-containing protein 11 isoform X1 [Homo sapiens]	FALSE	NA
XP_030827966.1	NP_001371577.1	0	N/A	24.824	709	52	1.48e-49	195	PR domain-containing protein 11 isoform 1 [Homo sapiens]	FALSE	NA
XP_030827966.1	NP_001243624.1	0	N/A	24.824	709	52	1.48e-49	195	PR domain-containing protein 11 isoform 1 [Homo sapiens]	FALSE	NA
XP_030827966.1	XP_011518530.1	0	N/A	24.824	709	52	2.19e-49	193	PR domain-containing protein 11 isoform X3 [Homo sapiens]	FALSE	NA
XP_030827966.1	XP_011514768.1	0	N/A	25.565	708	51	4.76e-44	175	zinc finger protein 862 isoform X6 [Homo sapiens]	FALSE	NA
XP_030827966.1	XP_011514767.1	0	N/A	24.964	701	51	6.59e-44	175	zinc finger protein 862 isoform X5 [Homo sapiens]	FALSE	NA
XP_030827966.1	XP_024302634.1	0	N/A	24.964	701	51	1.88e-43	175	zinc finger protein 862 isoform X4 [Homo sapiens]	FALSE	NA
XP_030827966.1	NP_001092690.1	0	N/A	24.964	701	51	1.96e-43	175	zinc finger protein 862 [Homo sapiens]	FALSE	NA
XP_030827966.1	XP_011514765.1	0	N/A	25.565	708	51	2.24e-43	175	zinc finger protein 862 isoform X1 [Homo sapiens]	FALSE	NA
XP_030827966.1	XP_006716148.1	0	N/A	25.565	708	51	2.24e-43	175	zinc finger protein 862 isoform X1 [Homo sapiens]	FALSE	NA
XP_030827966.1	XP_016868008.1	0	N/A	25.565	708	51	2.53e-43	175	zinc finger protein 862 isoform X3 [Homo sapiens]	FALSE	NA
XP_030827966.1	XP_011514766.1	0	N/A	25.565	708	51	2.97e-43	175	zinc finger protein 862 isoform X2 [Homo sapiens]	FALSE	NA
XP_030827966.1	NP_073741.3	0	N/A	44.103	195	15	3.17e-40	164	speckle targeted PIP5K1A-regulated poly(A) polymerase isoform 1 [Homo sapiens]	TRUE	Tut1
XP_030827966.1	NP_001354835.1	0	N/A	39.423	208	16	1.38e-39	157	speckle targeted PIP5K1A-regulated poly(A) polymerase isoform 2 [Homo sapiens]	TRUE	Tut1
XP_030827966.1	NP_001375065.1	0	N/A	29.508	244	18	6.76e-21	98.6	poly(A) RNA polymerase GLD2 isoform 14 [Homo sapiens]	TRUE	TENT2
XP_030827966.1	XP_047272811.1	0	N/A	29.508	244	18	1.14e-20	99.8	poly(A) RNA polymerase GLD2 isoform X4 [Homo sapiens]	TRUE	TENT2
XP_030827966.1	XP_047272810.1	0	N/A	29.508	244	18	1.14e-20	99.8	poly(A) RNA polymerase GLD2 isoform X4 [Homo sapiens]	TRUE	TENT2
XP_030827966.1	XP_047272809.1	0	N/A	29.508	244	18	1.14e-20	99.8	poly(A) RNA polymerase GLD2 isoform X4 [Homo sapiens]	TRUE	TENT2
XP_030827966.1	NP_001375058.1	0	N/A	29.508	244	18	1.14e-20	99.8	poly(A) RNA polymerase GLD2 isoform 2 [Homo sapiens]	TRUE	TENT2
XP_030827966.1	NP_001375057.1	0	N/A	29.508	244	18	1.14e-20	99.8	poly(A) RNA polymerase GLD2 isoform 2 [Homo sapiens]	TRUE	TENT2
XP_030827966.1	NP_001375056.1	0	N/A	29.508	244	18	1.14e-20	99.8	poly(A) RNA polymerase GLD2 isoform 2 [Homo sapiens]	TRUE	TENT2
XP_030827966.1	NP_001375055.1	0	N/A	29.508	244	18	1.14e-20	99.8	poly(A) RNA polymerase GLD2 isoform 2 [Homo sapiens]	TRUE	TENT2
XP_030827966.1	NP_001375054.1	0	N/A	29.508	244	18	1.14e-20	99.8	poly(A) RNA polymerase GLD2 isoform 2 [Homo sapiens]	TRUE	TENT2
XP_030827966.1	NP_001375053.1	0	N/A	29.508	244	18	1.14e-20	99.8	poly(A) RNA polymerase GLD2 isoform 2 [Homo sapiens]	TRUE	TENT2
XP_030827966.1	NP_001375052.1	0	N/A	29.508	244	18	1.14e-20	99.8	poly(A) RNA polymerase GLD2 isoform 2 [Homo sapiens]	TRUE	TENT2
XP_030827966.1	NP_001375051.1	0	N/A	29.508	244	18	1.14e-20	99.8	poly(A) RNA polymerase GLD2 isoform 2 [Homo sapiens]	TRUE	TENT2
XP_030827966.1	NP_001375050.1	0	N/A	29.508	244	18	1.14e-20	99.8	poly(A) RNA polymerase GLD2 isoform 2 [Homo sapiens]	TRUE	TENT2
XP_030827966.1	NP_001375049.1	0	N/A	29.508	244	18	1.14e-20	99.8	poly(A) RNA polymerase GLD2 isoform 2 [Homo sapiens]	TRUE	TENT2
XP_030827966.1	NP_001375048.1	0	N/A	29.508	244	18	1.14e-20	99.8	poly(A) RNA polymerase GLD2 isoform 2 [Homo sapiens]	TRUE	TENT2
XP_030827966.1	NP_001375047.1	0	N/A	29.508	244	18	1.14e-20	99.8	poly(A) RNA polymerase GLD2 isoform 2 [Homo sapiens]	TRUE	TENT2
XP_030827966.1	NP_001375046.1	0	N/A	29.508	244	18	1.14e-20	99.8	poly(A) RNA polymerase GLD2 isoform 2 [Homo sapiens]	TRUE	TENT2
XP_030827966.1	NP_001375045.1	0	N/A	29.508	244	18	1.14e-20	99.8	poly(A) RNA polymerase GLD2 isoform 2 [Homo sapiens]	TRUE	TENT2
XP_030827966.1	NP_001375044.1	0	N/A	29.508	244	18	1.14e-20	99.8	poly(A) RNA polymerase GLD2 isoform 2 [Homo sapiens]	TRUE	TENT2
XP_030827966.1	NP_001375043.1	0	N/A	29.508	244	18	1.14e-20	99.8	poly(A) RNA polymerase GLD2 isoform 2 [Homo sapiens]	TRUE	TENT2
XP_030827966.1	NP_001336483.1	0	N/A	29.508	244	18	1.14e-20	99.8	poly(A) RNA polymerase GLD2 isoform 2 [Homo sapiens]	TRUE	TENT2
XP_030827966.1	NP_001284673.1	0	N/A	29.508	244	18	1.14e-20	99.8	poly(A) RNA polymerase GLD2 isoform 2 [Homo sapiens]	TRUE	TENT2
XP_030827966.1	NP_001375061.1	0	N/A	29.508	244	18	1.15e-20	99.4	poly(A) RNA polymerase GLD2 isoform 12 [Homo sapiens]	TRUE	TENT2
XP_030827966.1	NP_001375059.1	0	N/A	29.508	244	18	1.17e-20	99.8	poly(A) RNA polymerase GLD2 isoform 10 [Homo sapiens]	TRUE	TENT2
XP_030827966.1	XP_047272808.1	0	N/A	29.508	244	18	1.67e-20	99.4	poly(A) RNA polymerase GLD2 isoform X3 [Homo sapiens]	TRUE	TENT2
XP_030827966.1	XP_047272807.1	0	N/A	29.508	244	18	1.67e-20	99.4	poly(A) RNA polymerase GLD2 isoform X3 [Homo sapiens]	TRUE	TENT2
XP_030827966.1	XP_047272806.1	0	N/A	29.508	244	18	1.67e-20	99.4	poly(A) RNA polymerase GLD2 isoform X3 [Homo sapiens]	TRUE	TENT2
XP_030827966.1	NP_776158.2	0	N/A	29.508	244	18	1.67e-20	99.4	poly(A) RNA polymerase GLD2 isoform 1 [Homo sapiens]	TRUE	TENT2
XP_030827966.1	NP_001375041.1	0	N/A	29.508	244	18	1.67e-20	99.4	poly(A) RNA polymerase GLD2 isoform 1 [Homo sapiens]	TRUE	TENT2
XP_030827966.1	NP_001375040.1	0	N/A	29.508	244	18	1.67e-20	99.4	poly(A) RNA polymerase GLD2 isoform 1 [Homo sapiens]	TRUE	TENT2
XP_030827966.1	NP_001375039.1	0	N/A	29.508	244	18	1.67e-20	99.4	poly(A) RNA polymerase GLD2 isoform 1 [Homo sapiens]	TRUE	TENT2
XP_030827966.1	NP_001375038.1	0	N/A	29.508	244	18	1.67e-20	99.4	poly(A) RNA polymerase GLD2 isoform 1 [Homo sapiens]	TRUE	TENT2
XP_030827966.1	NP_001375037.1	0	N/A	29.508	244	18	1.67e-20	99.4	poly(A) RNA polymerase GLD2 isoform 1 [Homo sapiens]	TRUE	TENT2
XP_030827966.1	NP_001375036.1	0	N/A	29.508	244	18	1.67e-20	99.4	poly(A) RNA polymerase GLD2 isoform 1 [Homo sapiens]	TRUE	TENT2
XP_030827966.1	NP_001375035.1	0	N/A	29.508	244	18	1.67e-20	99.4	poly(A) RNA polymerase GLD2 isoform 1 [Homo sapiens]	TRUE	TENT2
XP_030827966.1	NP_001375034.1	0	N/A	29.508	244	18	1.67e-20	99.4	poly(A) RNA polymerase GLD2 isoform 1 [Homo sapiens]	TRUE	TENT2
XP_030827966.1	NP_001375032.1	0	N/A	29.508	244	18	1.67e-20	99.4	poly(A) RNA polymerase GLD2 isoform 1 [Homo sapiens]	TRUE	TENT2
XP_030827966.1	NP_001375031.1	0	N/A	29.508	244	18	1.67e-20	99.4	poly(A) RNA polymerase GLD2 isoform 1 [Homo sapiens]	TRUE	TENT2
XP_030827966.1	NP_001336482.1	0	N/A	29.508	244	18	1.67e-20	99.4	poly(A) RNA polymerase GLD2 isoform 1 [Homo sapiens]	TRUE	TENT2
XP_030827966.1	NP_001336481.1	0	N/A	29.508	244	18	1.67e-20	99.4	poly(A) RNA polymerase GLD2 isoform 1 [Homo sapiens]	TRUE	TENT2
XP_030827966.1	NP_001107866.1	0	N/A	29.508	244	18	1.67e-20	99.4	poly(A) RNA polymerase GLD2 isoform 1 [Homo sapiens]	TRUE	TENT2
XP_030827966.1	NP_001107865.1	0	N/A	29.508	244	18	1.67e-20	99.4	poly(A) RNA polymerase GLD2 isoform 1 [Homo sapiens]	TRUE	TENT2
XP_030827966.1	NP_001375042.1	0	N/A	29.508	244	18	1.72e-20	99.4	poly(A) RNA polymerase GLD2 isoform 16 [Homo sapiens]	TRUE	TENT2
XP_030827966.1	NP_001375060.1	0	N/A	29.508	244	18	1.75e-20	99	poly(A) RNA polymerase GLD2 isoform 11 [Homo sapiens]	TRUE	TENT2
XP_030827966.1	XP_047272818.1	0	N/A	30.303	231	17	1.36e-19	94.4	poly(A) RNA polymerase GLD2 isoform X10 [Homo sapiens]	TRUE	TENT2
XP_030827966.1	NP_001375027.1	0	N/A	29.317	249	18	1.53e-19	96.3	poly(A) RNA polymerase GLD2 isoform 7 [Homo sapiens]	TRUE	TENT2
XP_030827966.1	XP_047272805.1	0	N/A	29.317	249	18	1.59e-19	96.3	poly(A) RNA polymerase GLD2 isoform X2 [Homo sapiens]	TRUE	TENT2
XP_030827966.1	XP_047272804.1	0	N/A	29.317	249	18	1.59e-19	96.3	poly(A) RNA polymerase GLD2 isoform X2 [Homo sapiens]	TRUE	TENT2
XP_030827966.1	XP_047272803.1	0	N/A	29.317	249	18	1.59e-19	96.3	poly(A) RNA polymerase GLD2 isoform X2 [Homo sapiens]	TRUE	TENT2
XP_030827966.1	XP_047272802.1	0	N/A	29.317	249	18	1.59e-19	96.3	poly(A) RNA polymerase GLD2 isoform X2 [Homo sapiens]	TRUE	TENT2
XP_030827966.1	XP_016864641.1	0	N/A	29.317	249	18	1.59e-19	96.3	poly(A) RNA polymerase GLD2 isoform X2 [Homo sapiens]	TRUE	TENT2
XP_030827966.1	NP_001375026.1	0	N/A	29.317	249	18	1.59e-19	96.3	poly(A) RNA polymerase GLD2 isoform 6 [Homo sapiens]	TRUE	TENT2
XP_030827966.1	NP_001375025.1	0	N/A	29.317	249	18	1.59e-19	96.3	poly(A) RNA polymerase GLD2 isoform 6 [Homo sapiens]	TRUE	TENT2
XP_030827966.1	NP_001375024.1	0	N/A	29.317	249	18	1.59e-19	96.3	poly(A) RNA polymerase GLD2 isoform 6 [Homo sapiens]	TRUE	TENT2
XP_030827966.1	NP_001336480.1	0	N/A	29.317	249	18	1.59e-19	96.3	poly(A) RNA polymerase GLD2 isoform 6 [Homo sapiens]	TRUE	TENT2
XP_030827966.1	XP_047272801.1	0	N/A	29.555	247	18	5.35e-19	94.7	poly(A) RNA polymerase GLD2 isoform X1 [Homo sapiens]	TRUE	TENT2
XP_030827966.1	XP_047272800.1	0	N/A	29.555	247	18	5.35e-19	94.7	poly(A) RNA polymerase GLD2 isoform X1 [Homo sapiens]	TRUE	TENT2
XP_030827966.1	XP_011541527.1	0	N/A	29.555	247	18	5.35e-19	94.7	poly(A) RNA polymerase GLD2 isoform X1 [Homo sapiens]	TRUE	TENT2
XP_030827966.1	XP_011541526.1	0	N/A	29.555	247	18	5.35e-19	94.7	poly(A) RNA polymerase GLD2 isoform X1 [Homo sapiens]	TRUE	TENT2
XP_030827966.1	XP_011541523.1	0	N/A	29.555	247	18	5.35e-19	94.7	poly(A) RNA polymerase GLD2 isoform X1 [Homo sapiens]	TRUE	TENT2
XP_030827966.1	XP_011541522.1	0	N/A	29.555	247	18	5.35e-19	94.7	poly(A) RNA polymerase GLD2 isoform X1 [Homo sapiens]	TRUE	TENT2
XP_030827966.1	NP_001375023.1	0	N/A	29.555	247	18	5.35e-19	94.7	poly(A) RNA polymerase GLD2 isoform 5 [Homo sapiens]	TRUE	TENT2
XP_030827966.1	NP_001375022.1	0	N/A	29.555	247	18	5.35e-19	94.7	poly(A) RNA polymerase GLD2 isoform 5 [Homo sapiens]	TRUE	TENT2
XP_030827966.1	NP_001336479.1	0	N/A	29.555	247	18	5.35e-19	94.7	poly(A) RNA polymerase GLD2 isoform 5 [Homo sapiens]	TRUE	TENT2
XP_030827966.1	NP_001336478.1	0	N/A	29.555	247	18	5.35e-19	94.7	poly(A) RNA polymerase GLD2 isoform 5 [Homo sapiens]	TRUE	TENT2
XP_030827966.1	NP_001375030.1	0	N/A	29.134	254	18	1.14e-18	93.6	poly(A) RNA polymerase GLD2 isoform 9 [Homo sapiens]	TRUE	TENT2
XP_030827966.1	NP_001375029.1	0	N/A	29.134	254	18	1.37e-18	93.2	poly(A) RNA polymerase GLD2 isoform 8 [Homo sapiens]	TRUE	TENT2
XP_030827966.1	NP_001375028.1	0	N/A	29.134	254	18	1.37e-18	93.2	poly(A) RNA polymerase GLD2 isoform 8 [Homo sapiens]	TRUE	TENT2
XP_030827966.1	XP_047272817.1	0	N/A	30.085	236	17	2.82e-18	90.9	poly(A) RNA polymerase GLD2 isoform X9 [Homo sapiens]	TRUE	TENT2
XP_030827966.1	XP_047272816.1	0	N/A	29.583	240	17	1.07e-17	89.4	poly(A) RNA polymerase GLD2 isoform X8 [Homo sapiens]	TRUE	TENT2
XP_030827966.1	NP_001317647.1	0	N/A	26.538	260	19	1.98e-16	87.8	terminal uridylyltransferase 7 isoform 3 [Homo sapiens]	TRUE	Tut7
XP_030827966.1	XP_047279823.1	0	N/A	26.538	260	19	2.08e-16	88.2	terminal uridylyltransferase 7 isoform X2 [Homo sapiens]	TRUE	Tut7
XP_030827966.1	XP_006717346.1	0	N/A	26.538	260	19	2.08e-16	88.2	terminal uridylyltransferase 7 isoform X2 [Homo sapiens]	TRUE	Tut7
XP_030827966.1	XP_016870620.1	0	N/A	26.538	260	19	2.3e-16	87.8	terminal uridylyltransferase 7 isoform X4 [Homo sapiens]	TRUE	Tut7
XP_030827966.1	XP_016870619.1	0	N/A	26.538	260	19	2.3e-16	87.8	terminal uridylyltransferase 7 isoform X4 [Homo sapiens]	TRUE	Tut7
XP_030827966.1	NP_078893.2	0	N/A	26.538	260	19	2.3e-16	87.8	terminal uridylyltransferase 7 isoform 1 [Homo sapiens]	TRUE	Tut7
XP_030827966.1	NP_001171988.1	0	N/A	26.538	260	19	2.3e-16	87.8	terminal uridylyltransferase 7 isoform 1 [Homo sapiens]	TRUE	Tut7
XP_030827966.1	XP_011517317.1	0	N/A	26.538	260	19	2.4e-16	87.8	terminal uridylyltransferase 7 isoform X3 [Homo sapiens]	TRUE	Tut7
XP_030827966.1	XP_047279825.1	0	N/A	26.538	260	19	2.49e-16	87.8	terminal uridylyltransferase 7 isoform X6 [Homo sapiens]	TRUE	Tut7
XP_030827966.1	XP_047279824.1	0	N/A	26.538	260	19	2.49e-16	87.8	terminal uridylyltransferase 7 isoform X6 [Homo sapiens]	TRUE	Tut7
XP_030827966.1	XP_005252264.1	0	N/A	26.538	260	19	2.49e-16	87.8	terminal uridylyltransferase 7 isoform X6 [Homo sapiens]	TRUE	Tut7
XP_030827966.1	XP_011517318.1	0	N/A	26.538	260	19	2.65e-16	87.8	terminal uridylyltransferase 7 isoform X5 [Homo sapiens]	TRUE	Tut7
XP_030831737.1	NP_001035375.2	0	N/A	54.595	370	42	1.56e-127	399	terminal nucleotidyltransferase 4B isoform b [Homo sapiens]	TRUE	TENT4B
XP_030831737.1	XP_011521578.1	0	N/A	54.595	370	42	1.6e-127	399	terminal nucleotidyltransferase 4B isoform X2 [Homo sapiens]	TRUE	TENT4B
XP_030831737.1	NP_001035374.2	0	N/A	54.595	370	42	2.33e-127	400	terminal nucleotidyltransferase 4B isoform a [Homo sapiens]	TRUE	TENT4B
XP_030831737.1	XP_011521577.1	0	N/A	54.595	370	42	2.4e-127	400	terminal nucleotidyltransferase 4B isoform X1 [Homo sapiens]	TRUE	TENT4B
XP_030831737.1	XP_047290432.1	0	N/A	54.595	370	42	4.53e-127	397	terminal nucleotidyltransferase 4B isoform X4 [Homo sapiens]	TRUE	TENT4B
XP_030831737.1	NP_001352252.1	0	N/A	54.595	370	42	5.05e-127	399	terminal nucleotidyltransferase 4B isoform c [Homo sapiens]	TRUE	TENT4B
XP_030831737.1	XP_047290431.1	0	N/A	54.595	370	42	1.07e-126	397	terminal nucleotidyltransferase 4B isoform X3 [Homo sapiens]	TRUE	TENT4B
XP_030831737.1	NP_001352253.1	0	N/A	54.595	370	42	1.77e-126	398	terminal nucleotidyltransferase 4B isoform d [Homo sapiens]	TRUE	TENT4B
XP_030831737.1	NP_001165276.2	0	N/A	53.763	372	42	2.48e-124	394	terminal nucleotidyltransferase 4A isoform 2 [Homo sapiens]	TRUE	TENT4A
XP_030831737.1	NP_008930.2	0	N/A	53.763	372	42	2.89e-124	394	terminal nucleotidyltransferase 4A isoform 1 [Homo sapiens]	TRUE	TENT4A
XP_030831737.1	XP_047290433.1	0	N/A	58.917	314	37	3.24e-122	379	terminal nucleotidyltransferase 4B isoform X6 [Homo sapiens]	TRUE	TENT4B
XP_030831737.1	XP_011521580.1	0	N/A	58.917	314	37	4.14e-122	380	terminal nucleotidyltransferase 4B isoform X5 [Homo sapiens]	TRUE	TENT4B
XP_030831737.1	XP_047272622.1	0	N/A	57.616	302	36	4.2e-113	357	terminal nucleotidyltransferase 4A isoform X1 [Homo sapiens]	TRUE	TENT4A
XP_030831737.1	XP_047272621.1	0	N/A	57.616	302	36	4.2e-113	357	terminal nucleotidyltransferase 4A isoform X1 [Homo sapiens]	TRUE	TENT4A
XP_030831737.1	XP_047272620.1	0	N/A	57.616	302	36	4.2e-113	357	terminal nucleotidyltransferase 4A isoform X1 [Homo sapiens]	TRUE	TENT4A
XP_030831737.1	XP_047272623.1	0	N/A	58.02	293	35	1.06e-111	353	terminal nucleotidyltransferase 4A isoform X2 [Homo sapiens]	TRUE	TENT4A
XP_030831737.1	XP_016864477.1	0	N/A	58.02	293	35	1.06e-111	353	terminal nucleotidyltransferase 4A isoform X2 [Homo sapiens]	TRUE	TENT4A
XP_030831737.1	XP_047272624.1	0	N/A	58.02	293	35	1.22e-111	353	terminal nucleotidyltransferase 4A isoform X3 [Homo sapiens]	TRUE	TENT4A
XP_030831737.1	XP_047272808.1	0	N/A	25.095	263	26	5.71e-10	65.1	poly(A) RNA polymerase GLD2 isoform X3 [Homo sapiens]	TRUE	TENT2
XP_030831737.1	XP_047272807.1	0	N/A	25.095	263	26	5.71e-10	65.1	poly(A) RNA polymerase GLD2 isoform X3 [Homo sapiens]	TRUE	TENT2
XP_030831737.1	XP_047272806.1	0	N/A	25.095	263	26	5.71e-10	65.1	poly(A) RNA polymerase GLD2 isoform X3 [Homo sapiens]	TRUE	TENT2
XP_030831737.1	NP_776158.2	0	N/A	25.095	263	26	5.71e-10	65.1	poly(A) RNA polymerase GLD2 isoform 1 [Homo sapiens]	TRUE	TENT2
XP_030831737.1	NP_001375041.1	0	N/A	25.095	263	26	5.71e-10	65.1	poly(A) RNA polymerase GLD2 isoform 1 [Homo sapiens]	TRUE	TENT2
XP_030831737.1	NP_001375040.1	0	N/A	25.095	263	26	5.71e-10	65.1	poly(A) RNA polymerase GLD2 isoform 1 [Homo sapiens]	TRUE	TENT2
XP_030831737.1	NP_001375039.1	0	N/A	25.095	263	26	5.71e-10	65.1	poly(A) RNA polymerase GLD2 isoform 1 [Homo sapiens]	TRUE	TENT2
XP_030831737.1	NP_001375038.1	0	N/A	25.095	263	26	5.71e-10	65.1	poly(A) RNA polymerase GLD2 isoform 1 [Homo sapiens]	TRUE	TENT2
XP_030831737.1	NP_001375037.1	0	N/A	25.095	263	26	5.71e-10	65.1	poly(A) RNA polymerase GLD2 isoform 1 [Homo sapiens]	TRUE	TENT2
XP_030831737.1	NP_001375036.1	0	N/A	25.095	263	26	5.71e-10	65.1	poly(A) RNA polymerase GLD2 isoform 1 [Homo sapiens]	TRUE	TENT2
XP_030831737.1	NP_001375035.1	0	N/A	25.095	263	26	5.71e-10	65.1	poly(A) RNA polymerase GLD2 isoform 1 [Homo sapiens]	TRUE	TENT2
XP_030831737.1	NP_001375034.1	0	N/A	25.095	263	26	5.71e-10	65.1	poly(A) RNA polymerase GLD2 isoform 1 [Homo sapiens]	TRUE	TENT2
XP_030831737.1	NP_001375032.1	0	N/A	25.095	263	26	5.71e-10	65.1	poly(A) RNA polymerase GLD2 isoform 1 [Homo sapiens]	TRUE	TENT2
XP_030831737.1	NP_001375031.1	0	N/A	25.095	263	26	5.71e-10	65.1	poly(A) RNA polymerase GLD2 isoform 1 [Homo sapiens]	TRUE	TENT2
XP_030831737.1	NP_001336482.1	0	N/A	25.095	263	26	5.71e-10	65.1	poly(A) RNA polymerase GLD2 isoform 1 [Homo sapiens]	TRUE	TENT2
XP_030831737.1	NP_001336481.1	0	N/A	25.095	263	26	5.71e-10	65.1	poly(A) RNA polymerase GLD2 isoform 1 [Homo sapiens]	TRUE	TENT2
XP_030831737.1	NP_001107866.1	0	N/A	25.095	263	26	5.71e-10	65.1	poly(A) RNA polymerase GLD2 isoform 1 [Homo sapiens]	TRUE	TENT2
XP_030831737.1	NP_001107865.1	0	N/A	25.095	263	26	5.71e-10	65.1	poly(A) RNA polymerase GLD2 isoform 1 [Homo sapiens]	TRUE	TENT2
XP_030831737.1	NP_001375042.1	0	N/A	25.095	263	26	6.72e-10	65.1	poly(A) RNA polymerase GLD2 isoform 16 [Homo sapiens]	TRUE	TENT2
XP_030831737.1	NP_001375060.1	0	N/A	25.095	263	26	1.02e-09	64.3	poly(A) RNA polymerase GLD2 isoform 11 [Homo sapiens]	TRUE	TENT2
XP_030831737.1	XP_047279823.1	0	N/A	25.134	187	22	6.14e-09	62.8	terminal uridylyltransferase 7 isoform X2 [Homo sapiens]	TRUE	Tut7
XP_030831737.1	XP_006717346.1	0	N/A	25.134	187	22	6.14e-09	62.8	terminal uridylyltransferase 7 isoform X2 [Homo sapiens]	TRUE	Tut7
XP_030831737.1	XP_047279825.1	0	N/A	25.134	187	22	7.09e-09	62.4	terminal uridylyltransferase 7 isoform X6 [Homo sapiens]	TRUE	Tut7
XP_030831737.1	XP_047279824.1	0	N/A	25.134	187	22	7.09e-09	62.4	terminal uridylyltransferase 7 isoform X6 [Homo sapiens]	TRUE	Tut7
XP_030831737.1	XP_005252264.1	0	N/A	25.134	187	22	7.09e-09	62.4	terminal uridylyltransferase 7 isoform X6 [Homo sapiens]	TRUE	Tut7
XP_030831737.1	XP_016870620.1	0	N/A	25.134	187	22	7.35e-09	62.4	terminal uridylyltransferase 7 isoform X4 [Homo sapiens]	TRUE	Tut7
XP_030831737.1	XP_016870619.1	0	N/A	25.134	187	22	7.35e-09	62.4	terminal uridylyltransferase 7 isoform X4 [Homo sapiens]	TRUE	Tut7
XP_030831737.1	NP_078893.2	0	N/A	25.134	187	22	7.35e-09	62.4	terminal uridylyltransferase 7 isoform 1 [Homo sapiens]	TRUE	Tut7
XP_030831737.1	NP_001171988.1	0	N/A	25.134	187	22	7.35e-09	62.4	terminal uridylyltransferase 7 isoform 1 [Homo sapiens]	TRUE	Tut7
XP_030831737.1	XP_011517317.1	0	N/A	25.134	187	22	7.78e-09	62.4	terminal uridylyltransferase 7 isoform X3 [Homo sapiens]	TRUE	Tut7
XP_030831737.1	XP_005252265.1	0	N/A	25.134	187	22	7.81e-09	62.4	terminal uridylyltransferase 7 isoform X7 [Homo sapiens]	TRUE	Tut7
XP_030831737.1	XP_011517318.1	0	N/A	25.134	187	22	8e-09	62.4	terminal uridylyltransferase 7 isoform X5 [Homo sapiens]	TRUE	Tut7
XP_030831737.1	NP_001317647.1	0	N/A	25.134	187	22	9.16e-09	62	terminal uridylyltransferase 7 isoform 3 [Homo sapiens]	TRUE	Tut7
XP_030831737.1	XP_011517316.1	0	N/A	25.134	187	22	1.01e-08	62	terminal uridylyltransferase 7 isoform X1 [Homo sapiens]	TRUE	Tut7
XP_030831737.1	XP_011517315.1	0	N/A	25.134	187	22	1.01e-08	62	terminal uridylyltransferase 7 isoform X1 [Homo sapiens]	TRUE	Tut7
XP_030831737.1	XP_011517314.1	0	N/A	25.134	187	22	1.01e-08	62	terminal uridylyltransferase 7 isoform X1 [Homo sapiens]	TRUE	Tut7
XP_030831737.1	XP_011517313.1	0	N/A	25.134	187	22	1.01e-08	62	terminal uridylyltransferase 7 isoform X1 [Homo sapiens]	TRUE	Tut7
XP_030831737.1	XP_047272820.1	0	N/A	26.486	185	18	1.96e-08	58.5	poly(A) RNA polymerase GLD2 isoform X11 [Homo sapiens]	TRUE	TENT2
XP_030831737.1	NP_001375029.1	0	N/A	24.727	275	27	4e-08	59.3	poly(A) RNA polymerase GLD2 isoform 8 [Homo sapiens]	TRUE	TENT2
XP_030831737.1	NP_001375028.1	0	N/A	24.727	275	27	4e-08	59.3	poly(A) RNA polymerase GLD2 isoform 8 [Homo sapiens]	TRUE	TENT2
XP_030831737.1	NP_001375059.1	0	N/A	24.427	262	26	4.7e-08	58.9	poly(A) RNA polymerase GLD2 isoform 10 [Homo sapiens]	TRUE	TENT2
XP_030831737.1	XP_047272811.1	0	N/A	24.427	262	26	4.71e-08	58.9	poly(A) RNA polymerase GLD2 isoform X4 [Homo sapiens]	TRUE	TENT2
XP_030831737.1	XP_047272810.1	0	N/A	24.427	262	26	4.71e-08	58.9	poly(A) RNA polymerase GLD2 isoform X4 [Homo sapiens]	TRUE	TENT2
XP_030831737.1	XP_047272809.1	0	N/A	24.427	262	26	4.71e-08	58.9	poly(A) RNA polymerase GLD2 isoform X4 [Homo sapiens]	TRUE	TENT2
XP_030831737.1	NP_001375058.1	0	N/A	24.427	262	26	4.71e-08	58.9	poly(A) RNA polymerase GLD2 isoform 2 [Homo sapiens]	TRUE	TENT2
XP_030831737.1	NP_001375057.1	0	N/A	24.427	262	26	4.71e-08	58.9	poly(A) RNA polymerase GLD2 isoform 2 [Homo sapiens]	TRUE	TENT2
XP_030831737.1	NP_001375056.1	0	N/A	24.427	262	26	4.71e-08	58.9	poly(A) RNA polymerase GLD2 isoform 2 [Homo sapiens]	TRUE	TENT2
XP_030831737.1	NP_001375055.1	0	N/A	24.427	262	26	4.71e-08	58.9	poly(A) RNA polymerase GLD2 isoform 2 [Homo sapiens]	TRUE	TENT2
XP_030831737.1	NP_001375054.1	0	N/A	24.427	262	26	4.71e-08	58.9	poly(A) RNA polymerase GLD2 isoform 2 [Homo sapiens]	TRUE	TENT2
XP_030831737.1	NP_001375053.1	0	N/A	24.427	262	26	4.71e-08	58.9	poly(A) RNA polymerase GLD2 isoform 2 [Homo sapiens]	TRUE	TENT2
XP_030831737.1	NP_001375052.1	0	N/A	24.427	262	26	4.71e-08	58.9	poly(A) RNA polymerase GLD2 isoform 2 [Homo sapiens]	TRUE	TENT2
XP_030831737.1	NP_001375051.1	0	N/A	24.427	262	26	4.71e-08	58.9	poly(A) RNA polymerase GLD2 isoform 2 [Homo sapiens]	TRUE	TENT2
XP_030831737.1	NP_001375050.1	0	N/A	24.427	262	26	4.71e-08	58.9	poly(A) RNA polymerase GLD2 isoform 2 [Homo sapiens]	TRUE	TENT2
XP_030831737.1	NP_001375049.1	0	N/A	24.427	262	26	4.71e-08	58.9	poly(A) RNA polymerase GLD2 isoform 2 [Homo sapiens]	TRUE	TENT2
XP_030831737.1	NP_001375048.1	0	N/A	24.427	262	26	4.71e-08	58.9	poly(A) RNA polymerase GLD2 isoform 2 [Homo sapiens]	TRUE	TENT2
XP_030831737.1	NP_001375047.1	0	N/A	24.427	262	26	4.71e-08	58.9	poly(A) RNA polymerase GLD2 isoform 2 [Homo sapiens]	TRUE	TENT2
XP_030831737.1	NP_001375046.1	0	N/A	24.427	262	26	4.71e-08	58.9	poly(A) RNA polymerase GLD2 isoform 2 [Homo sapiens]	TRUE	TENT2
XP_030831737.1	NP_001375045.1	0	N/A	24.427	262	26	4.71e-08	58.9	poly(A) RNA polymerase GLD2 isoform 2 [Homo sapiens]	TRUE	TENT2
XP_030831737.1	NP_001375044.1	0	N/A	24.427	262	26	4.71e-08	58.9	poly(A) RNA polymerase GLD2 isoform 2 [Homo sapiens]	TRUE	TENT2
XP_030831737.1	NP_001375043.1	0	N/A	24.427	262	26	4.71e-08	58.9	poly(A) RNA polymerase GLD2 isoform 2 [Homo sapiens]	TRUE	TENT2
XP_030831737.1	NP_001336483.1	0	N/A	24.427	262	26	4.71e-08	58.9	poly(A) RNA polymerase GLD2 isoform 2 [Homo sapiens]	TRUE	TENT2
XP_030831737.1	NP_001284673.1	0	N/A	24.427	262	26	4.71e-08	58.9	poly(A) RNA polymerase GLD2 isoform 2 [Homo sapiens]	TRUE	TENT2
XP_030831737.1	NP_001336477.1	0	N/A	26.486	185	18	5.53e-08	57.4	poly(A) RNA polymerase GLD2 isoform 4 [Homo sapiens]	TRUE	TENT2
XP_030831737.1	NP_001375027.1	0	N/A	26.486	185	18	6.32e-08	58.9	poly(A) RNA polymerase GLD2 isoform 7 [Homo sapiens]	TRUE	TENT2
XP_030831737.1	XP_047272805.1	0	N/A	26.486	185	18	6.33e-08	58.9	poly(A) RNA polymerase GLD2 isoform X2 [Homo sapiens]	TRUE	TENT2
XP_030831737.1	XP_047272804.1	0	N/A	26.486	185	18	6.33e-08	58.9	poly(A) RNA polymerase GLD2 isoform X2 [Homo sapiens]	TRUE	TENT2
XP_030831737.1	XP_047272803.1	0	N/A	26.486	185	18	6.33e-08	58.9	poly(A) RNA polymerase GLD2 isoform X2 [Homo sapiens]	TRUE	TENT2
XP_030831737.1	XP_047272802.1	0	N/A	26.486	185	18	6.33e-08	58.9	poly(A) RNA polymerase GLD2 isoform X2 [Homo sapiens]	TRUE	TENT2
XP_030831737.1	XP_016864641.1	0	N/A	26.486	185	18	6.33e-08	58.9	poly(A) RNA polymerase GLD2 isoform X2 [Homo sapiens]	TRUE	TENT2
XP_030831737.1	NP_001375026.1	0	N/A	26.486	185	18	6.33e-08	58.9	poly(A) RNA polymerase GLD2 isoform 6 [Homo sapiens]	TRUE	TENT2
XP_030831737.1	NP_001375025.1	0	N/A	26.486	185	18	6.33e-08	58.9	poly(A) RNA polymerase GLD2 isoform 6 [Homo sapiens]	TRUE	TENT2
XP_030831737.1	NP_001375024.1	0	N/A	26.486	185	18	6.33e-08	58.9	poly(A) RNA polymerase GLD2 isoform 6 [Homo sapiens]	TRUE	TENT2
XP_030831737.1	NP_001336480.1	0	N/A	26.486	185	18	6.33e-08	58.9	poly(A) RNA polymerase GLD2 isoform 6 [Homo sapiens]	TRUE	TENT2
XP_030831737.1	NP_001375061.1	0	N/A	24.427	262	26	6.36e-08	58.5	poly(A) RNA polymerase GLD2 isoform 12 [Homo sapiens]	TRUE	TENT2
XP_030831737.1	NP_001375030.1	0	N/A	26.486	185	18	7.4e-08	58.5	poly(A) RNA polymerase GLD2 isoform 9 [Homo sapiens]	TRUE	TENT2
XP_030831737.1	XP_047272801.1	0	N/A	26.486	185	18	8.93e-08	58.2	poly(A) RNA polymerase GLD2 isoform X1 [Homo sapiens]	TRUE	TENT2
XP_030831737.1	XP_047272800.1	0	N/A	26.486	185	18	8.93e-08	58.2	poly(A) RNA polymerase GLD2 isoform X1 [Homo sapiens]	TRUE	TENT2
XP_030831737.1	XP_011541527.1	0	N/A	26.486	185	18	8.93e-08	58.2	poly(A) RNA polymerase GLD2 isoform X1 [Homo sapiens]	TRUE	TENT2
XP_030831737.1	XP_011541526.1	0	N/A	26.486	185	18	8.93e-08	58.2	poly(A) RNA polymerase GLD2 isoform X1 [Homo sapiens]	TRUE	TENT2
XP_030831737.1	XP_011541523.1	0	N/A	26.486	185	18	8.93e-08	58.2	poly(A) RNA polymerase GLD2 isoform X1 [Homo sapiens]	TRUE	TENT2
XP_030831737.1	XP_011541522.1	0	N/A	26.486	185	18	8.93e-08	58.2	poly(A) RNA polymerase GLD2 isoform X1 [Homo sapiens]	TRUE	TENT2
XP_030831737.1	NP_001375023.1	0	N/A	26.486	185	18	8.93e-08	58.2	poly(A) RNA polymerase GLD2 isoform 5 [Homo sapiens]	TRUE	TENT2
XP_030833126.1	NP_001375065.1	0	N/A	39.222	334	58	1.49e-61	209	poly(A) RNA polymerase GLD2 isoform 14 [Homo sapiens]	TRUE	TENT2
XP_030833126.1	NP_001375061.1	0	N/A	39.222	334	58	5.27e-61	210	poly(A) RNA polymerase GLD2 isoform 12 [Homo sapiens]	TRUE	TENT2
XP_030833126.1	XP_047272811.1	0	N/A	39.222	334	58	6.24e-61	211	poly(A) RNA polymerase GLD2 isoform X4 [Homo sapiens]	TRUE	TENT2
XP_030833126.1	XP_047272810.1	0	N/A	39.222	334	58	6.24e-61	211	poly(A) RNA polymerase GLD2 isoform X4 [Homo sapiens]	TRUE	TENT2
XP_030833126.1	XP_047272809.1	0	N/A	39.222	334	58	6.24e-61	211	poly(A) RNA polymerase GLD2 isoform X4 [Homo sapiens]	TRUE	TENT2
XP_030833126.1	NP_001375058.1	0	N/A	39.222	334	58	6.24e-61	211	poly(A) RNA polymerase GLD2 isoform 2 [Homo sapiens]	TRUE	TENT2
XP_030833126.1	NP_001375057.1	0	N/A	39.222	334	58	6.24e-61	211	poly(A) RNA polymerase GLD2 isoform 2 [Homo sapiens]	TRUE	TENT2
XP_030833126.1	NP_001375056.1	0	N/A	39.222	334	58	6.24e-61	211	poly(A) RNA polymerase GLD2 isoform 2 [Homo sapiens]	TRUE	TENT2
XP_030833126.1	NP_001375055.1	0	N/A	39.222	334	58	6.24e-61	211	poly(A) RNA polymerase GLD2 isoform 2 [Homo sapiens]	TRUE	TENT2
XP_030833126.1	NP_001375054.1	0	N/A	39.222	334	58	6.24e-61	211	poly(A) RNA polymerase GLD2 isoform 2 [Homo sapiens]	TRUE	TENT2
XP_030833126.1	NP_001375053.1	0	N/A	39.222	334	58	6.24e-61	211	poly(A) RNA polymerase GLD2 isoform 2 [Homo sapiens]	TRUE	TENT2
XP_030833126.1	NP_001375052.1	0	N/A	39.222	334	58	6.24e-61	211	poly(A) RNA polymerase GLD2 isoform 2 [Homo sapiens]	TRUE	TENT2
XP_030833126.1	NP_001375051.1	0	N/A	39.222	334	58	6.24e-61	211	poly(A) RNA polymerase GLD2 isoform 2 [Homo sapiens]	TRUE	TENT2
XP_030833126.1	NP_001375050.1	0	N/A	39.222	334	58	6.24e-61	211	poly(A) RNA polymerase GLD2 isoform 2 [Homo sapiens]	TRUE	TENT2
XP_030833126.1	NP_001375049.1	0	N/A	39.222	334	58	6.24e-61	211	poly(A) RNA polymerase GLD2 isoform 2 [Homo sapiens]	TRUE	TENT2
XP_030833126.1	NP_001375048.1	0	N/A	39.222	334	58	6.24e-61	211	poly(A) RNA polymerase GLD2 isoform 2 [Homo sapiens]	TRUE	TENT2
XP_030833126.1	NP_001375047.1	0	N/A	39.222	334	58	6.24e-61	211	poly(A) RNA polymerase GLD2 isoform 2 [Homo sapiens]	TRUE	TENT2
XP_030833126.1	NP_001375046.1	0	N/A	39.222	334	58	6.24e-61	211	poly(A) RNA polymerase GLD2 isoform 2 [Homo sapiens]	TRUE	TENT2
XP_030833126.1	NP_001375045.1	0	N/A	39.222	334	58	6.24e-61	211	poly(A) RNA polymerase GLD2 isoform 2 [Homo sapiens]	TRUE	TENT2
XP_030833126.1	NP_001375044.1	0	N/A	39.222	334	58	6.24e-61	211	poly(A) RNA polymerase GLD2 isoform 2 [Homo sapiens]	TRUE	TENT2
XP_030833126.1	NP_001375043.1	0	N/A	39.222	334	58	6.24e-61	211	poly(A) RNA polymerase GLD2 isoform 2 [Homo sapiens]	TRUE	TENT2
XP_030833126.1	NP_001336483.1	0	N/A	39.222	334	58	6.24e-61	211	poly(A) RNA polymerase GLD2 isoform 2 [Homo sapiens]	TRUE	TENT2
XP_030833126.1	NP_001284673.1	0	N/A	39.222	334	58	6.24e-61	211	poly(A) RNA polymerase GLD2 isoform 2 [Homo sapiens]	TRUE	TENT2
XP_030833126.1	NP_001375059.1	0	N/A	39.222	334	58	6.29e-61	211	poly(A) RNA polymerase GLD2 isoform 10 [Homo sapiens]	TRUE	TENT2
XP_030833126.1	NP_001375060.1	0	N/A	38.757	338	58	1.03e-58	204	poly(A) RNA polymerase GLD2 isoform 11 [Homo sapiens]	TRUE	TENT2
XP_030833126.1	XP_047272808.1	0	N/A	38.757	338	58	1.41e-58	205	poly(A) RNA polymerase GLD2 isoform X3 [Homo sapiens]	TRUE	TENT2
XP_030833126.1	XP_047272807.1	0	N/A	38.757	338	58	1.41e-58	205	poly(A) RNA polymerase GLD2 isoform X3 [Homo sapiens]	TRUE	TENT2
XP_030833126.1	XP_047272806.1	0	N/A	38.757	338	58	1.41e-58	205	poly(A) RNA polymerase GLD2 isoform X3 [Homo sapiens]	TRUE	TENT2
XP_030833126.1	NP_776158.2	0	N/A	38.757	338	58	1.41e-58	205	poly(A) RNA polymerase GLD2 isoform 1 [Homo sapiens]	TRUE	TENT2
XP_030833126.1	NP_001375041.1	0	N/A	38.757	338	58	1.41e-58	205	poly(A) RNA polymerase GLD2 isoform 1 [Homo sapiens]	TRUE	TENT2
XP_030833126.1	NP_001375040.1	0	N/A	38.757	338	58	1.41e-58	205	poly(A) RNA polymerase GLD2 isoform 1 [Homo sapiens]	TRUE	TENT2
XP_030833126.1	NP_001375039.1	0	N/A	38.757	338	58	1.41e-58	205	poly(A) RNA polymerase GLD2 isoform 1 [Homo sapiens]	TRUE	TENT2
XP_030833126.1	NP_001375038.1	0	N/A	38.757	338	58	1.41e-58	205	poly(A) RNA polymerase GLD2 isoform 1 [Homo sapiens]	TRUE	TENT2
XP_030833126.1	NP_001375037.1	0	N/A	38.757	338	58	1.41e-58	205	poly(A) RNA polymerase GLD2 isoform 1 [Homo sapiens]	TRUE	TENT2
XP_030833126.1	NP_001375036.1	0	N/A	38.757	338	58	1.41e-58	205	poly(A) RNA polymerase GLD2 isoform 1 [Homo sapiens]	TRUE	TENT2
XP_030833126.1	NP_001375035.1	0	N/A	38.757	338	58	1.41e-58	205	poly(A) RNA polymerase GLD2 isoform 1 [Homo sapiens]	TRUE	TENT2
XP_030833126.1	NP_001375034.1	0	N/A	38.757	338	58	1.41e-58	205	poly(A) RNA polymerase GLD2 isoform 1 [Homo sapiens]	TRUE	TENT2
XP_030833126.1	NP_001375032.1	0	N/A	38.757	338	58	1.41e-58	205	poly(A) RNA polymerase GLD2 isoform 1 [Homo sapiens]	TRUE	TENT2
XP_030833126.1	NP_001375031.1	0	N/A	38.757	338	58	1.41e-58	205	poly(A) RNA polymerase GLD2 isoform 1 [Homo sapiens]	TRUE	TENT2
XP_030833126.1	NP_001336482.1	0	N/A	38.757	338	58	1.41e-58	205	poly(A) RNA polymerase GLD2 isoform 1 [Homo sapiens]	TRUE	TENT2
XP_030833126.1	NP_001336481.1	0	N/A	38.757	338	58	1.41e-58	205	poly(A) RNA polymerase GLD2 isoform 1 [Homo sapiens]	TRUE	TENT2
XP_030833126.1	NP_001107866.1	0	N/A	38.757	338	58	1.41e-58	205	poly(A) RNA polymerase GLD2 isoform 1 [Homo sapiens]	TRUE	TENT2
XP_030833126.1	NP_001107865.1	0	N/A	38.757	338	58	1.41e-58	205	poly(A) RNA polymerase GLD2 isoform 1 [Homo sapiens]	TRUE	TENT2
XP_030833126.1	NP_001375042.1	0	N/A	38.757	338	58	1.51e-58	204	poly(A) RNA polymerase GLD2 isoform 16 [Homo sapiens]	TRUE	TENT2
XP_030833126.1	NP_001375030.1	0	N/A	38.081	344	58	7.57e-58	203	poly(A) RNA polymerase GLD2 isoform 9 [Homo sapiens]	TRUE	TENT2
XP_030833126.1	NP_001375027.1	0	N/A	36.49	359	58	8.73e-57	200	poly(A) RNA polymerase GLD2 isoform 7 [Homo sapiens]	TRUE	TENT2
XP_030833126.1	XP_047272805.1	0	N/A	36.49	359	58	8.92e-57	200	poly(A) RNA polymerase GLD2 isoform X2 [Homo sapiens]	TRUE	TENT2
XP_030833126.1	XP_047272804.1	0	N/A	36.49	359	58	8.92e-57	200	poly(A) RNA polymerase GLD2 isoform X2 [Homo sapiens]	TRUE	TENT2
XP_030833126.1	XP_047272803.1	0	N/A	36.49	359	58	8.92e-57	200	poly(A) RNA polymerase GLD2 isoform X2 [Homo sapiens]	TRUE	TENT2
XP_030833126.1	XP_047272802.1	0	N/A	36.49	359	58	8.92e-57	200	poly(A) RNA polymerase GLD2 isoform X2 [Homo sapiens]	TRUE	TENT2
XP_030833126.1	XP_016864641.1	0	N/A	36.49	359	58	8.92e-57	200	poly(A) RNA polymerase GLD2 isoform X2 [Homo sapiens]	TRUE	TENT2
XP_030833126.1	NP_001375026.1	0	N/A	36.49	359	58	8.92e-57	200	poly(A) RNA polymerase GLD2 isoform 6 [Homo sapiens]	TRUE	TENT2
XP_030833126.1	NP_001375025.1	0	N/A	36.49	359	58	8.92e-57	200	poly(A) RNA polymerase GLD2 isoform 6 [Homo sapiens]	TRUE	TENT2
XP_030833126.1	NP_001375024.1	0	N/A	36.49	359	58	8.92e-57	200	poly(A) RNA polymerase GLD2 isoform 6 [Homo sapiens]	TRUE	TENT2
XP_030833126.1	NP_001336480.1	0	N/A	36.49	359	58	8.92e-57	200	poly(A) RNA polymerase GLD2 isoform 6 [Homo sapiens]	TRUE	TENT2
XP_030833126.1	NP_001375029.1	0	N/A	37.644	348	58	1.55e-55	197	poly(A) RNA polymerase GLD2 isoform 8 [Homo sapiens]	TRUE	TENT2
XP_030833126.1	NP_001375028.1	0	N/A	37.644	348	58	1.55e-55	197	poly(A) RNA polymerase GLD2 isoform 8 [Homo sapiens]	TRUE	TENT2
XP_030833126.1	XP_047272801.1	0	N/A	36.088	363	58	2.04e-54	194	poly(A) RNA polymerase GLD2 isoform X1 [Homo sapiens]	TRUE	TENT2
XP_030833126.1	XP_047272800.1	0	N/A	36.088	363	58	2.04e-54	194	poly(A) RNA polymerase GLD2 isoform X1 [Homo sapiens]	TRUE	TENT2
XP_030833126.1	XP_011541527.1	0	N/A	36.088	363	58	2.04e-54	194	poly(A) RNA polymerase GLD2 isoform X1 [Homo sapiens]	TRUE	TENT2
XP_030833126.1	XP_011541526.1	0	N/A	36.088	363	58	2.04e-54	194	poly(A) RNA polymerase GLD2 isoform X1 [Homo sapiens]	TRUE	TENT2
XP_030833126.1	XP_011541523.1	0	N/A	36.088	363	58	2.04e-54	194	poly(A) RNA polymerase GLD2 isoform X1 [Homo sapiens]	TRUE	TENT2
XP_030833126.1	XP_011541522.1	0	N/A	36.088	363	58	2.04e-54	194	poly(A) RNA polymerase GLD2 isoform X1 [Homo sapiens]	TRUE	TENT2
XP_030833126.1	NP_001375023.1	0	N/A	36.088	363	58	2.04e-54	194	poly(A) RNA polymerase GLD2 isoform 5 [Homo sapiens]	TRUE	TENT2
XP_030833126.1	NP_001375022.1	0	N/A	36.088	363	58	2.04e-54	194	poly(A) RNA polymerase GLD2 isoform 5 [Homo sapiens]	TRUE	TENT2
XP_030833126.1	NP_001336479.1	0	N/A	36.088	363	58	2.04e-54	194	poly(A) RNA polymerase GLD2 isoform 5 [Homo sapiens]	TRUE	TENT2
XP_030833126.1	NP_001336478.1	0	N/A	36.088	363	58	2.04e-54	194	poly(A) RNA polymerase GLD2 isoform 5 [Homo sapiens]	TRUE	TENT2
XP_030833126.1	NP_001336477.1	0	N/A	39.773	264	46	2.03e-44	160	poly(A) RNA polymerase GLD2 isoform 4 [Homo sapiens]	TRUE	TENT2
XP_030833126.1	XP_047272820.1	0	N/A	40.833	240	42	7.65e-43	156	poly(A) RNA polymerase GLD2 isoform X11 [Homo sapiens]	TRUE	TENT2
XP_030833126.1	XP_047272818.1	0	N/A	44.444	189	32	1.13e-40	152	poly(A) RNA polymerase GLD2 isoform X10 [Homo sapiens]	TRUE	TENT2
XP_030833126.1	XP_047272817.1	0	N/A	40	210	32	9.36e-39	148	poly(A) RNA polymerase GLD2 isoform X9 [Homo sapiens]	TRUE	TENT2
XP_030833126.1	NP_001375066.1	0	N/A	40.741	216	38	6.82e-38	143	poly(A) RNA polymerase GLD2 isoform 15 [Homo sapiens]	TRUE	TENT2
XP_030833126.1	XP_047272816.1	0	N/A	39.252	214	32	1.38e-36	142	poly(A) RNA polymerase GLD2 isoform X8 [Homo sapiens]	TRUE	TENT2
XP_030833126.1	NP_001317647.1	0	N/A	34.532	278	48	7.81e-34	139	terminal uridylyltransferase 7 isoform 3 [Homo sapiens]	TRUE	Tut7
XP_030833126.1	XP_047279823.1	0	N/A	34.532	278	48	9.91e-34	139	terminal uridylyltransferase 7 isoform X2 [Homo sapiens]	TRUE	Tut7
XP_030833126.1	XP_006717346.1	0	N/A	34.532	278	48	9.91e-34	139	terminal uridylyltransferase 7 isoform X2 [Homo sapiens]	TRUE	Tut7
XP_030833126.1	XP_047279825.1	0	N/A	34.532	278	48	1.07e-33	139	terminal uridylyltransferase 7 isoform X6 [Homo sapiens]	TRUE	Tut7
XP_030833126.1	XP_047279824.1	0	N/A	34.532	278	48	1.07e-33	139	terminal uridylyltransferase 7 isoform X6 [Homo sapiens]	TRUE	Tut7
XP_030833126.1	XP_005252264.1	0	N/A	34.532	278	48	1.07e-33	139	terminal uridylyltransferase 7 isoform X6 [Homo sapiens]	TRUE	Tut7
XP_030833126.1	XP_016870620.1	0	N/A	34.532	278	48	1.09e-33	139	terminal uridylyltransferase 7 isoform X4 [Homo sapiens]	TRUE	Tut7
XP_030833126.1	XP_016870619.1	0	N/A	34.532	278	48	1.09e-33	139	terminal uridylyltransferase 7 isoform X4 [Homo sapiens]	TRUE	Tut7
XP_030833126.1	NP_078893.2	0	N/A	34.532	278	48	1.09e-33	139	terminal uridylyltransferase 7 isoform 1 [Homo sapiens]	TRUE	Tut7
XP_030833126.1	NP_001171988.1	0	N/A	34.532	278	48	1.09e-33	139	terminal uridylyltransferase 7 isoform 1 [Homo sapiens]	TRUE	Tut7
XP_030833126.1	XP_005252265.1	0	N/A	34.532	278	48	1.15e-33	139	terminal uridylyltransferase 7 isoform X7 [Homo sapiens]	TRUE	Tut7
XP_030833126.1	XP_011517316.1	0	N/A	34.532	278	48	1.17e-33	139	terminal uridylyltransferase 7 isoform X1 [Homo sapiens]	TRUE	Tut7
XP_030833126.1	XP_011517315.1	0	N/A	34.532	278	48	1.17e-33	139	terminal uridylyltransferase 7 isoform X1 [Homo sapiens]	TRUE	Tut7
XP_030833126.1	XP_011517314.1	0	N/A	34.532	278	48	1.17e-33	139	terminal uridylyltransferase 7 isoform X1 [Homo sapiens]	TRUE	Tut7
XP_030833126.1	XP_011517313.1	0	N/A	34.532	278	48	1.17e-33	139	terminal uridylyltransferase 7 isoform X1 [Homo sapiens]	TRUE	Tut7
XP_030833126.1	XP_011517317.1	0	N/A	34.532	278	48	1.21e-33	139	terminal uridylyltransferase 7 isoform X3 [Homo sapiens]	TRUE	Tut7
XP_030833126.1	XP_011517318.1	0	N/A	34.532	278	48	1.47e-33	139	terminal uridylyltransferase 7 isoform X5 [Homo sapiens]	TRUE	Tut7
XP_030833126.1	XP_047272815.1	0	N/A	31.437	334	58	2.31e-33	134	poly(A) RNA polymerase GLD2 isoform X7 [Homo sapiens]	TRUE	TENT2
XP_030833126.1	NP_001375064.1	0	N/A	31.437	334	58	2.31e-33	134	poly(A) RNA polymerase GLD2 isoform 13 [Homo sapiens]	TRUE	TENT2
XP_030833126.1	NP_001375063.1	0	N/A	31.437	334	58	2.31e-33	134	poly(A) RNA polymerase GLD2 isoform 13 [Homo sapiens]	TRUE	TENT2
XP_030833126.1	XP_047272305.1	0	N/A	34.201	269	47	1.62e-32	136	terminal uridylyltransferase 4 isoform X17 [Homo sapiens]	TRUE	Tut4
XP_030833126.1	XP_047272296.1	0	N/A	34.201	269	47	1.85e-32	135	terminal uridylyltransferase 4 isoform X13 [Homo sapiens]	TRUE	Tut4
XP_030833126.1	XP_047272295.1	0	N/A	34.201	269	47	1.85e-32	135	terminal uridylyltransferase 4 isoform X12 [Homo sapiens]	TRUE	Tut4
XP_030833126.1	XP_047272372.1	0	N/A	34.201	269	47	1.9e-32	135	terminal uridylyltransferase 4 isoform X42 [Homo sapiens]	TRUE	Tut4
XP_030833126.1	XP_047272286.1	0	N/A	34.201	269	47	2.03e-32	135	terminal uridylyltransferase 4 isoform X8 [Homo sapiens]	TRUE	Tut4
XP_030833126.1	XP_047272290.1	0	N/A	34.201	269	47	2.1e-32	135	terminal uridylyltransferase 4 isoform X11 [Homo sapiens]	TRUE	Tut4
XP_030833126.1	XP_047272350.1	0	N/A	34.201	269	47	2.3e-32	135	terminal uridylyltransferase 4 isoform X34 [Homo sapiens]	TRUE	Tut4
XP_030852755.1	XP_016856296.1	0	N/A	40.264	986	50	0	736	terminal uridylyltransferase 4 isoform X28 [Homo sapiens]	TRUE	Tut4
XP_030852755.1	XP_016856295.1	0	N/A	40.264	986	50	0	736	terminal uridylyltransferase 4 isoform X25 [Homo sapiens]	TRUE	Tut4
XP_030852755.1	XP_047272325.1	0	N/A	40.283	988	50	0	735	terminal uridylyltransferase 4 isoform X23 [Homo sapiens]	TRUE	Tut4
XP_030852755.1	XP_047272337.1	0	N/A	40.283	988	50	0	734	terminal uridylyltransferase 4 isoform X27 [Homo sapiens]	TRUE	Tut4
XP_030852755.1	XP_047272350.1	0	N/A	39.655	986	50	0	717	terminal uridylyltransferase 4 isoform X34 [Homo sapiens]	TRUE	Tut4
XP_030852755.1	XP_047272344.1	0	N/A	39.474	988	50	0	717	terminal uridylyltransferase 4 isoform X30 [Homo sapiens]	TRUE	Tut4
XP_030852755.1	XP_047272345.1	0	N/A	38.945	986	50	0	690	terminal uridylyltransferase 4 isoform X31 [Homo sapiens]	TRUE	Tut4
XP_030852755.1	XP_011539401.1	0	N/A	38.765	988	50	0	689	terminal uridylyltransferase 4 isoform X29 [Homo sapiens]	TRUE	Tut4
XP_030852755.1	XP_016856299.1	0	N/A	38.72	984	50	0	684	terminal uridylyltransferase 4 isoform X40 [Homo sapiens]	TRUE	Tut4
XP_030852755.1	XP_016856297.1	0	N/A	38.72	984	50	0	683	terminal uridylyltransferase 4 isoform X36 [Homo sapiens]	TRUE	Tut4
XP_030852755.1	XP_005270739.1	0	N/A	38.54	986	50	0	682	terminal uridylyltransferase 4 isoform X33 [Homo sapiens]	TRUE	Tut4
XP_030852755.1	XP_047272365.1	0	N/A	38.742	986	50	0	682	terminal uridylyltransferase 4 isoform X38 [Homo sapiens]	TRUE	Tut4
XP_030852755.1	XP_047272372.1	0	N/A	38.134	986	50	0	664	terminal uridylyltransferase 4 isoform X42 [Homo sapiens]	TRUE	Tut4
XP_030852755.1	XP_047272367.1	0	N/A	37.12	986	50	0	649	terminal uridylyltransferase 4 isoform X39 [Homo sapiens]	TRUE	Tut4
XP_030852755.1	XP_047272362.1	0	N/A	37.146	988	50	0	647	terminal uridylyltransferase 4 isoform X37 [Homo sapiens]	TRUE	Tut4
XP_030852755.1	XP_047272354.1	0	N/A	36.943	988	50	0	647	terminal uridylyltransferase 4 isoform X35 [Homo sapiens]	TRUE	Tut4
XP_030852755.1	XP_047272348.1	0	N/A	36.943	988	50	0	647	terminal uridylyltransferase 4 isoform X32 [Homo sapiens]	TRUE	Tut4
XP_030852755.1	XP_047272369.1	0	N/A	35.628	988	50	0	601	terminal uridylyltransferase 4 isoform X41 [Homo sapiens]	TRUE	Tut4
XP_030852755.1	XP_047272377.1	0	N/A	35.569	984	50	0	595	terminal uridylyltransferase 4 isoform X44 [Homo sapiens]	TRUE	Tut4
XP_030852755.1	XP_047272373.1	0	N/A	35.396	986	50	0	593	terminal uridylyltransferase 4 isoform X43 [Homo sapiens]	TRUE	Tut4
XP_030852755.1	XP_016856293.1	0	N/A	42.475	711	36	4.61e-165	550	terminal uridylyltransferase 4 isoform X16 [Homo sapiens]	TRUE	Tut4
XP_030852755.1	XP_016856292.1	0	N/A	42.475	711	36	4.78e-165	551	terminal uridylyltransferase 4 isoform X9 [Homo sapiens]	TRUE	Tut4
XP_030852755.1	XP_047272283.1	0	N/A	42.475	711	36	1.02e-164	550	terminal uridylyltransferase 4 isoform X6 [Homo sapiens]	TRUE	Tut4
XP_030852755.1	XP_005270737.1	0	N/A	42.475	711	36	1.02e-164	550	terminal uridylyltransferase 4 isoform X6 [Homo sapiens]	TRUE	Tut4
XP_030852755.1	XP_047272288.1	0	N/A	42.216	713	36	1.79e-164	549	terminal uridylyltransferase 4 isoform X10 [Homo sapiens]	TRUE	Tut4
XP_030852755.1	XP_047272280.1	0	N/A	42.475	711	36	2.36e-164	549	terminal uridylyltransferase 4 isoform X3 [Homo sapiens]	TRUE	Tut4
XP_030852755.1	XP_005270736.1	0	N/A	42.475	711	36	2.36e-164	549	terminal uridylyltransferase 4 isoform X3 [Homo sapiens]	TRUE	Tut4
XP_030852755.1	XP_047272285.1	0	N/A	42.496	713	36	2.43e-164	549	terminal uridylyltransferase 4 isoform X7 [Homo sapiens]	TRUE	Tut4
XP_030852755.1	XP_047272282.1	0	N/A	42.496	713	36	4.21e-164	548	terminal uridylyltransferase 4 isoform X5 [Homo sapiens]	TRUE	Tut4
XP_030852755.1	NP_056084.1	0	N/A	42.496	713	36	4.21e-164	548	terminal uridylyltransferase 4 isoform b [Homo sapiens]	TRUE	Tut4
XP_030852755.1	XP_047272281.1	0	N/A	42.216	713	36	5.07e-164	548	terminal uridylyltransferase 4 isoform X4 [Homo sapiens]	TRUE	Tut4
XP_030852755.1	NP_001009881.1	0	N/A	42.216	713	36	5.07e-164	548	terminal uridylyltransferase 4 isoform a [Homo sapiens]	TRUE	Tut4
XP_030852755.1	XP_005270735.1	0	N/A	42.496	713	36	8.11e-164	548	terminal uridylyltransferase 4 isoform X2 [Homo sapiens]	TRUE	Tut4
XP_030852755.1	XP_011539399.1	0	N/A	42.216	713	36	9.56e-164	548	terminal uridylyltransferase 4 isoform X1 [Homo sapiens]	TRUE	Tut4
XP_030852755.1	XP_005270733.1	0	N/A	42.216	713	36	9.56e-164	548	terminal uridylyltransferase 4 isoform X1 [Homo sapiens]	TRUE	Tut4
XP_030852755.1	XP_047272305.1	0	N/A	41.632	711	36	2.84e-158	531	terminal uridylyltransferase 4 isoform X17 [Homo sapiens]	TRUE	Tut4
XP_030852755.1	XP_047272290.1	0	N/A	41.632	711	36	3.1e-158	531	terminal uridylyltransferase 4 isoform X11 [Homo sapiens]	TRUE	Tut4
XP_030852755.1	XP_047272296.1	0	N/A	41.655	713	36	8.28e-158	530	terminal uridylyltransferase 4 isoform X13 [Homo sapiens]	TRUE	Tut4
XP_030852755.1	XP_047272295.1	0	N/A	41.374	713	36	1.03e-157	530	terminal uridylyltransferase 4 isoform X12 [Homo sapiens]	TRUE	Tut4
XP_030852755.1	XP_047272286.1	0	N/A	41.374	713	36	1.1e-157	530	terminal uridylyltransferase 4 isoform X8 [Homo sapiens]	TRUE	Tut4
XP_030852755.1	NP_001317647.1	0	N/A	47.255	510	26	1.05e-144	471	terminal uridylyltransferase 7 isoform 3 [Homo sapiens]	TRUE	Tut7
XP_030852755.1	XP_047272384.1	0	N/A	51.448	449	23	2.46e-143	471	terminal uridylyltransferase 4 isoform X46 [Homo sapiens]	TRUE	Tut4
XP_030852755.1	XP_005252265.1	0	N/A	46.565	524	27	8.25e-140	474	terminal uridylyltransferase 7 isoform X7 [Homo sapiens]	TRUE	Tut7
XP_030852755.1	XP_016870620.1	0	N/A	47.151	509	26	4.95e-138	471	terminal uridylyltransferase 7 isoform X4 [Homo sapiens]	TRUE	Tut7
XP_030852755.1	XP_016870619.1	0	N/A	47.151	509	26	4.95e-138	471	terminal uridylyltransferase 7 isoform X4 [Homo sapiens]	TRUE	Tut7
XP_030852755.1	NP_078893.2	0	N/A	47.151	509	26	4.95e-138	471	terminal uridylyltransferase 7 isoform 1 [Homo sapiens]	TRUE	Tut7
XP_030852755.1	NP_001171988.1	0	N/A	47.151	509	26	4.95e-138	471	terminal uridylyltransferase 7 isoform 1 [Homo sapiens]	TRUE	Tut7
XP_030852755.1	XP_047279823.1	0	N/A	47.151	509	26	6.03e-138	472	terminal uridylyltransferase 7 isoform X2 [Homo sapiens]	TRUE	Tut7
XP_030852755.1	XP_006717346.1	0	N/A	47.151	509	26	6.03e-138	472	terminal uridylyltransferase 7 isoform X2 [Homo sapiens]	TRUE	Tut7
XP_030852755.1	XP_047279825.1	0	N/A	47.255	510	26	6.27e-138	471	terminal uridylyltransferase 7 isoform X6 [Homo sapiens]	TRUE	Tut7
XP_030852755.1	XP_047279824.1	0	N/A	47.255	510	26	6.27e-138	471	terminal uridylyltransferase 7 isoform X6 [Homo sapiens]	TRUE	Tut7
XP_030852755.1	XP_005252264.1	0	N/A	47.255	510	26	6.27e-138	471	terminal uridylyltransferase 7 isoform X6 [Homo sapiens]	TRUE	Tut7
XP_030852755.1	XP_011517318.1	0	N/A	47.255	510	26	6.91e-138	471	terminal uridylyltransferase 7 isoform X5 [Homo sapiens]	TRUE	Tut7
XP_030852755.1	XP_011517317.1	0	N/A	47.255	510	26	1.14e-137	471	terminal uridylyltransferase 7 isoform X3 [Homo sapiens]	TRUE	Tut7
XP_030852755.1	XP_011517316.1	0	N/A	47.151	509	26	3.13e-137	470	terminal uridylyltransferase 7 isoform X1 [Homo sapiens]	TRUE	Tut7
XP_030852755.1	XP_011517315.1	0	N/A	47.151	509	26	3.13e-137	470	terminal uridylyltransferase 7 isoform X1 [Homo sapiens]	TRUE	Tut7
XP_030852755.1	XP_011517314.1	0	N/A	47.151	509	26	3.13e-137	470	terminal uridylyltransferase 7 isoform X1 [Homo sapiens]	TRUE	Tut7
XP_030852755.1	XP_011517313.1	0	N/A	47.151	509	26	3.13e-137	470	terminal uridylyltransferase 7 isoform X1 [Homo sapiens]	TRUE	Tut7
XP_030852755.1	XP_047272336.1	0	N/A	38.115	711	36	1.97e-134	462	terminal uridylyltransferase 4 isoform X26 [Homo sapiens]	TRUE	Tut4
XP_030852755.1	XP_016856294.1	0	N/A	38.115	711	36	5.09e-134	462	terminal uridylyltransferase 4 isoform X20 [Homo sapiens]	TRUE	Tut4
XP_030852755.1	XP_047272306.1	0	N/A	38.115	711	36	5.87e-134	462	terminal uridylyltransferase 4 isoform X18 [Homo sapiens]	TRUE	Tut4
XP_030852755.1	XP_047272327.1	0	N/A	38.149	713	36	7.03e-134	461	terminal uridylyltransferase 4 isoform X24 [Homo sapiens]	TRUE	Tut4
XP_030852755.1	XP_047272320.1	0	N/A	37.868	713	36	7.7e-134	461	terminal uridylyltransferase 4 isoform X22 [Homo sapiens]	TRUE	Tut4
XP_030852755.1	XP_047272311.1	0	N/A	37.868	713	36	1.06e-133	461	terminal uridylyltransferase 4 isoform X21 [Homo sapiens]	TRUE	Tut4
XP_030852755.1	XP_047272303.1	0	N/A	38.149	713	36	1.76e-133	460	terminal uridylyltransferase 4 isoform X15 [Homo sapiens]	TRUE	Tut4
XP_030852755.1	XP_047272307.1	0	N/A	38.149	713	36	1.86e-133	460	terminal uridylyltransferase 4 isoform X19 [Homo sapiens]	TRUE	Tut4
XP_030852755.1	XP_005270738.1	0	N/A	37.868	713	36	2.15e-133	460	terminal uridylyltransferase 4 isoform X14 [Homo sapiens]	TRUE	Tut4
XP_030852755.1	NP_001172003.1	0	N/A	56.803	294	15	2.43e-101	358	terminal uridylyltransferase 7 isoform 2 [Homo sapiens]	TRUE	Tut7
XP_030852755.1	XP_016856307.1	0	N/A	30.057	702	36	2.31e-90	319	terminal uridylyltransferase 4 isoform X45 [Homo sapiens]	TRUE	Tut4
XP_030852755.1	XP_047279826.1	0	N/A	30	440	20	3.99e-55	213	terminal uridylyltransferase 7 isoform X8 [Homo sapiens]	TRUE	Tut7
XP_030852755.1	XP_047272811.1	0	N/A	32.026	306	15	1.59e-30	130	poly(A) RNA polymerase GLD2 isoform X4 [Homo sapiens]	TRUE	TENT2
XP_030852755.1	XP_047272810.1	0	N/A	32.026	306	15	1.59e-30	130	poly(A) RNA polymerase GLD2 isoform X4 [Homo sapiens]	TRUE	TENT2
XP_030852755.1	XP_047272809.1	0	N/A	32.026	306	15	1.59e-30	130	poly(A) RNA polymerase GLD2 isoform X4 [Homo sapiens]	TRUE	TENT2
XP_030852755.1	NP_001375058.1	0	N/A	32.026	306	15	1.59e-30	130	poly(A) RNA polymerase GLD2 isoform 2 [Homo sapiens]	TRUE	TENT2
XP_030852755.1	NP_001375057.1	0	N/A	32.026	306	15	1.59e-30	130	poly(A) RNA polymerase GLD2 isoform 2 [Homo sapiens]	TRUE	TENT2
XP_030852755.1	NP_001375056.1	0	N/A	32.026	306	15	1.59e-30	130	poly(A) RNA polymerase GLD2 isoform 2 [Homo sapiens]	TRUE	TENT2
XP_030852755.1	NP_001375055.1	0	N/A	32.026	306	15	1.59e-30	130	poly(A) RNA polymerase GLD2 isoform 2 [Homo sapiens]	TRUE	TENT2
XP_030852755.1	NP_001375054.1	0	N/A	32.026	306	15	1.59e-30	130	poly(A) RNA polymerase GLD2 isoform 2 [Homo sapiens]	TRUE	TENT2
XP_030852755.1	NP_001375053.1	0	N/A	32.026	306	15	1.59e-30	130	poly(A) RNA polymerase GLD2 isoform 2 [Homo sapiens]	TRUE	TENT2
XP_030852755.1	NP_001375052.1	0	N/A	32.026	306	15	1.59e-30	130	poly(A) RNA polymerase GLD2 isoform 2 [Homo sapiens]	TRUE	TENT2
XP_030852755.1	NP_001375051.1	0	N/A	32.026	306	15	1.59e-30	130	poly(A) RNA polymerase GLD2 isoform 2 [Homo sapiens]	TRUE	TENT2
XP_030852755.1	NP_001375050.1	0	N/A	32.026	306	15	1.59e-30	130	poly(A) RNA polymerase GLD2 isoform 2 [Homo sapiens]	TRUE	TENT2
XP_030852755.1	NP_001375049.1	0	N/A	32.026	306	15	1.59e-30	130	poly(A) RNA polymerase GLD2 isoform 2 [Homo sapiens]	TRUE	TENT2
XP_030852755.1	NP_001375048.1	0	N/A	32.026	306	15	1.59e-30	130	poly(A) RNA polymerase GLD2 isoform 2 [Homo sapiens]	TRUE	TENT2
XP_030852755.1	NP_001375047.1	0	N/A	32.026	306	15	1.59e-30	130	poly(A) RNA polymerase GLD2 isoform 2 [Homo sapiens]	TRUE	TENT2
XP_030852755.1	NP_001375046.1	0	N/A	32.026	306	15	1.59e-30	130	poly(A) RNA polymerase GLD2 isoform 2 [Homo sapiens]	TRUE	TENT2
XP_030852755.1	NP_001375045.1	0	N/A	32.026	306	15	1.59e-30	130	poly(A) RNA polymerase GLD2 isoform 2 [Homo sapiens]	TRUE	TENT2
XP_030852755.1	NP_001375044.1	0	N/A	32.026	306	15	1.59e-30	130	poly(A) RNA polymerase GLD2 isoform 2 [Homo sapiens]	TRUE	TENT2
XP_030852755.1	NP_001375043.1	0	N/A	32.026	306	15	1.59e-30	130	poly(A) RNA polymerase GLD2 isoform 2 [Homo sapiens]	TRUE	TENT2
XP_030852755.1	NP_001336483.1	0	N/A	32.026	306	15	1.59e-30	130	poly(A) RNA polymerase GLD2 isoform 2 [Homo sapiens]	TRUE	TENT2
XP_030852755.1	NP_001284673.1	0	N/A	32.026	306	15	1.59e-30	130	poly(A) RNA polymerase GLD2 isoform 2 [Homo sapiens]	TRUE	TENT2
XP_030852755.1	NP_001375061.1	0	N/A	32.026	306	15	1.65e-30	129	poly(A) RNA polymerase GLD2 isoform 12 [Homo sapiens]	TRUE	TENT2
XP_030852755.1	NP_001375059.1	0	N/A	32.026	306	15	1.89e-30	130	poly(A) RNA polymerase GLD2 isoform 10 [Homo sapiens]	TRUE	TENT2
XP_030852755.1	NP_001375030.1	0	N/A	33.099	284	14	5.06e-30	129	poly(A) RNA polymerase GLD2 isoform 9 [Homo sapiens]	TRUE	TENT2
XP_030852755.1	NP_001375065.1	0	N/A	32.841	271	14	9e-30	125	poly(A) RNA polymerase GLD2 isoform 14 [Homo sapiens]	TRUE	TENT2
XP_030852755.1	NP_001375060.1	0	N/A	31.613	310	15	3.52e-29	125	poly(A) RNA polymerase GLD2 isoform 11 [Homo sapiens]	TRUE	TENT2
XP_030852755.1	NP_001375042.1	0	N/A	31.613	310	15	3.62e-29	126	poly(A) RNA polymerase GLD2 isoform 16 [Homo sapiens]	TRUE	TENT2
XP_030852755.1	XP_047272808.1	0	N/A	31.613	310	15	3.95e-29	126	poly(A) RNA polymerase GLD2 isoform X3 [Homo sapiens]	TRUE	TENT2
XP_030852755.1	XP_047272807.1	0	N/A	31.613	310	15	3.95e-29	126	poly(A) RNA polymerase GLD2 isoform X3 [Homo sapiens]	TRUE	TENT2
XP_030852755.1	XP_047272806.1	0	N/A	31.613	310	15	3.95e-29	126	poly(A) RNA polymerase GLD2 isoform X3 [Homo sapiens]	TRUE	TENT2
XP_032807421.2	NP_073741.3	0	N/A	43.333	600	66	7.54e-157	482	speckle targeted PIP5K1A-regulated poly(A) polymerase isoform 1 [Homo sapiens]	TRUE	Tut1
XP_032807421.2	NP_001354835.1	0	N/A	40.189	423	45	3.95e-95	309	speckle targeted PIP5K1A-regulated poly(A) polymerase isoform 2 [Homo sapiens]	TRUE	Tut1
XP_032807421.2	NP_060579.3	0	N/A	30.109	548	65	6.78e-72	249	poly(A) RNA polymerase, mitochondrial precursor [Homo sapiens]	TRUE	mtPAP
XP_032807421.2	NP_001317647.1	0	N/A	28.184	369	44	1.21e-34	144	terminal uridylyltransferase 7 isoform 3 [Homo sapiens]	TRUE	Tut7
XP_032807421.2	XP_047279823.1	0	N/A	28.726	369	44	3.69e-34	144	terminal uridylyltransferase 7 isoform X2 [Homo sapiens]	TRUE	Tut7
XP_032807421.2	XP_006717346.1	0	N/A	28.726	369	44	3.69e-34	144	terminal uridylyltransferase 7 isoform X2 [Homo sapiens]	TRUE	Tut7
XP_032807421.2	XP_016870620.1	0	N/A	28.726	369	44	3.88e-34	144	terminal uridylyltransferase 7 isoform X4 [Homo sapiens]	TRUE	Tut7
XP_032807421.2	XP_016870619.1	0	N/A	28.726	369	44	3.88e-34	144	terminal uridylyltransferase 7 isoform X4 [Homo sapiens]	TRUE	Tut7
XP_032807421.2	NP_078893.2	0	N/A	28.726	369	44	3.88e-34	144	terminal uridylyltransferase 7 isoform 1 [Homo sapiens]	TRUE	Tut7
XP_032807421.2	NP_001171988.1	0	N/A	28.726	369	44	3.88e-34	144	terminal uridylyltransferase 7 isoform 1 [Homo sapiens]	TRUE	Tut7
XP_032807421.2	XP_011517318.1	0	N/A	28.726	369	44	4.04e-34	144	terminal uridylyltransferase 7 isoform X5 [Homo sapiens]	TRUE	Tut7
XP_032807421.2	XP_011517317.1	0	N/A	28.726	369	44	4.86e-34	144	terminal uridylyltransferase 7 isoform X3 [Homo sapiens]	TRUE	Tut7
XP_032807421.2	XP_016856293.1	0	N/A	30.117	342	41	5.13e-34	143	terminal uridylyltransferase 4 isoform X16 [Homo sapiens]	TRUE	Tut4
XP_032807421.2	XP_047279825.1	0	N/A	28.726	369	44	5.36e-34	143	terminal uridylyltransferase 7 isoform X6 [Homo sapiens]	TRUE	Tut7
XP_032807421.2	XP_047279824.1	0	N/A	28.726	369	44	5.36e-34	143	terminal uridylyltransferase 7 isoform X6 [Homo sapiens]	TRUE	Tut7
XP_032807421.2	XP_005252264.1	0	N/A	28.726	369	44	5.36e-34	143	terminal uridylyltransferase 7 isoform X6 [Homo sapiens]	TRUE	Tut7
XP_032807421.2	XP_047272288.1	0	N/A	30.117	342	41	5.51e-34	143	terminal uridylyltransferase 4 isoform X10 [Homo sapiens]	TRUE	Tut4
XP_032807421.2	XP_047272281.1	0	N/A	30.117	342	41	5.86e-34	143	terminal uridylyltransferase 4 isoform X4 [Homo sapiens]	TRUE	Tut4
XP_032807421.2	NP_001009881.1	0	N/A	30.117	342	41	5.86e-34	143	terminal uridylyltransferase 4 isoform a [Homo sapiens]	TRUE	Tut4
XP_032807421.2	XP_047272283.1	0	N/A	30.117	342	41	5.95e-34	143	terminal uridylyltransferase 4 isoform X6 [Homo sapiens]	TRUE	Tut4
XP_032807421.2	XP_005270737.1	0	N/A	30.117	342	41	5.95e-34	143	terminal uridylyltransferase 4 isoform X6 [Homo sapiens]	TRUE	Tut4
XP_032807421.2	XP_047272282.1	0	N/A	30.117	342	41	6.01e-34	143	terminal uridylyltransferase 4 isoform X5 [Homo sapiens]	TRUE	Tut4
XP_032807421.2	NP_056084.1	0	N/A	30.117	342	41	6.01e-34	143	terminal uridylyltransferase 4 isoform b [Homo sapiens]	TRUE	Tut4
XP_032807421.2	XP_016856292.1	0	N/A	30.117	342	41	6.02e-34	143	terminal uridylyltransferase 4 isoform X9 [Homo sapiens]	TRUE	Tut4
XP_032807421.2	XP_047272285.1	0	N/A	30.117	342	41	6.02e-34	143	terminal uridylyltransferase 4 isoform X7 [Homo sapiens]	TRUE	Tut4
XP_032807421.2	XP_011517316.1	0	N/A	28.804	368	44	6.18e-34	143	terminal uridylyltransferase 7 isoform X1 [Homo sapiens]	TRUE	Tut7
XP_032807421.2	XP_011517315.1	0	N/A	28.804	368	44	6.18e-34	143	terminal uridylyltransferase 7 isoform X1 [Homo sapiens]	TRUE	Tut7
XP_032807421.2	XP_011517314.1	0	N/A	28.804	368	44	6.18e-34	143	terminal uridylyltransferase 7 isoform X1 [Homo sapiens]	TRUE	Tut7
XP_032807421.2	XP_011517313.1	0	N/A	28.804	368	44	6.18e-34	143	terminal uridylyltransferase 7 isoform X1 [Homo sapiens]	TRUE	Tut7
XP_032807421.2	XP_047272280.1	0	N/A	30.117	342	41	6.23e-34	143	terminal uridylyltransferase 4 isoform X3 [Homo sapiens]	TRUE	Tut4
XP_032807421.2	XP_005270736.1	0	N/A	30.117	342	41	6.23e-34	143	terminal uridylyltransferase 4 isoform X3 [Homo sapiens]	TRUE	Tut4
XP_032807421.2	XP_047272305.1	0	N/A	30.745	322	38	6.37e-34	143	terminal uridylyltransferase 4 isoform X17 [Homo sapiens]	TRUE	Tut4
XP_032807421.2	XP_047272365.1	0	N/A	30.117	342	41	6.64e-34	143	terminal uridylyltransferase 4 isoform X38 [Homo sapiens]	TRUE	Tut4
XP_032807421.2	XP_016856299.1	0	N/A	30.117	342	41	6.74e-34	143	terminal uridylyltransferase 4 isoform X40 [Homo sapiens]	TRUE	Tut4
XP_032807421.2	XP_047272295.1	0	N/A	30.745	322	38	6.96e-34	143	terminal uridylyltransferase 4 isoform X12 [Homo sapiens]	TRUE	Tut4
XP_032807421.2	XP_047272345.1	0	N/A	30.117	342	41	7.04e-34	143	terminal uridylyltransferase 4 isoform X31 [Homo sapiens]	TRUE	Tut4
XP_032807421.2	XP_005270739.1	0	N/A	30.117	342	41	7.14e-34	143	terminal uridylyltransferase 4 isoform X33 [Homo sapiens]	TRUE	Tut4
XP_032807421.2	XP_016856297.1	0	N/A	30.117	342	41	7.19e-34	143	terminal uridylyltransferase 4 isoform X36 [Homo sapiens]	TRUE	Tut4
XP_032807421.2	XP_011539401.1	0	N/A	30.117	342	41	7.36e-34	143	terminal uridylyltransferase 4 isoform X29 [Homo sapiens]	TRUE	Tut4
XP_032807421.2	XP_005252265.1	0	N/A	28.726	369	44	7.37e-34	143	terminal uridylyltransferase 7 isoform X7 [Homo sapiens]	TRUE	Tut7
XP_032807421.2	XP_047272296.1	0	N/A	30.745	322	38	7.53e-34	143	terminal uridylyltransferase 4 isoform X13 [Homo sapiens]	TRUE	Tut4
XP_032807421.2	XP_047272337.1	0	N/A	30.117	342	41	7.61e-34	143	terminal uridylyltransferase 4 isoform X27 [Homo sapiens]	TRUE	Tut4
XP_032807421.2	XP_005270735.1	0	N/A	30.117	342	41	7.62e-34	143	terminal uridylyltransferase 4 isoform X2 [Homo sapiens]	TRUE	Tut4
XP_032807421.2	XP_011539399.1	0	N/A	30.117	342	41	7.69e-34	143	terminal uridylyltransferase 4 isoform X1 [Homo sapiens]	TRUE	Tut4
XP_032807421.2	XP_005270733.1	0	N/A	30.117	342	41	7.69e-34	143	terminal uridylyltransferase 4 isoform X1 [Homo sapiens]	TRUE	Tut4
XP_032807421.2	XP_047272325.1	0	N/A	30.117	342	41	8.32e-34	143	terminal uridylyltransferase 4 isoform X23 [Homo sapiens]	TRUE	Tut4
XP_032807421.2	XP_016856296.1	0	N/A	30.117	342	41	8.44e-34	143	terminal uridylyltransferase 4 isoform X28 [Homo sapiens]	TRUE	Tut4
XP_032807421.2	XP_047272372.1	0	N/A	30.745	322	38	8.51e-34	143	terminal uridylyltransferase 4 isoform X42 [Homo sapiens]	TRUE	Tut4
XP_032807421.2	XP_016856295.1	0	N/A	30.117	342	41	8.53e-34	143	terminal uridylyltransferase 4 isoform X25 [Homo sapiens]	TRUE	Tut4
XP_032807421.2	XP_047272290.1	0	N/A	30.745	322	38	8.89e-34	143	terminal uridylyltransferase 4 isoform X11 [Homo sapiens]	TRUE	Tut4
XP_032807421.2	XP_047272350.1	0	N/A	30.745	322	38	9.02e-34	142	terminal uridylyltransferase 4 isoform X34 [Homo sapiens]	TRUE	Tut4
XP_032807421.2	XP_047272286.1	0	N/A	30.745	322	38	9.14e-34	142	terminal uridylyltransferase 4 isoform X8 [Homo sapiens]	TRUE	Tut4
XP_032807421.2	XP_047272344.1	0	N/A	30.745	322	38	1.06e-33	142	terminal uridylyltransferase 4 isoform X30 [Homo sapiens]	TRUE	Tut4
XP_032807421.2	XP_047272384.1	0	N/A	30.745	322	38	2.47e-33	140	terminal uridylyltransferase 4 isoform X46 [Homo sapiens]	TRUE	Tut4
XP_032807421.2	NP_001172003.1	0	N/A	35.417	240	28	1.78e-31	135	terminal uridylyltransferase 7 isoform 2 [Homo sapiens]	TRUE	Tut7
XP_032807421.2	XP_047272801.1	0	N/A	26.97	330	39	4.74e-23	106	poly(A) RNA polymerase GLD2 isoform X1 [Homo sapiens]	TRUE	TENT2
XP_032807421.2	XP_047272800.1	0	N/A	26.97	330	39	4.74e-23	106	poly(A) RNA polymerase GLD2 isoform X1 [Homo sapiens]	TRUE	TENT2
XP_032807421.2	XP_011541527.1	0	N/A	26.97	330	39	4.74e-23	106	poly(A) RNA polymerase GLD2 isoform X1 [Homo sapiens]	TRUE	TENT2
XP_032807421.2	XP_011541526.1	0	N/A	26.97	330	39	4.74e-23	106	poly(A) RNA polymerase GLD2 isoform X1 [Homo sapiens]	TRUE	TENT2
XP_032807421.2	XP_011541523.1	0	N/A	26.97	330	39	4.74e-23	106	poly(A) RNA polymerase GLD2 isoform X1 [Homo sapiens]	TRUE	TENT2
XP_032807421.2	XP_011541522.1	0	N/A	26.97	330	39	4.74e-23	106	poly(A) RNA polymerase GLD2 isoform X1 [Homo sapiens]	TRUE	TENT2
XP_032807421.2	NP_001375023.1	0	N/A	26.97	330	39	4.74e-23	106	poly(A) RNA polymerase GLD2 isoform 5 [Homo sapiens]	TRUE	TENT2
XP_032807421.2	NP_001375022.1	0	N/A	26.97	330	39	4.74e-23	106	poly(A) RNA polymerase GLD2 isoform 5 [Homo sapiens]	TRUE	TENT2
XP_032807421.2	NP_001336479.1	0	N/A	26.97	330	39	4.74e-23	106	poly(A) RNA polymerase GLD2 isoform 5 [Homo sapiens]	TRUE	TENT2
XP_032807421.2	NP_001336478.1	0	N/A	26.97	330	39	4.74e-23	106	poly(A) RNA polymerase GLD2 isoform 5 [Homo sapiens]	TRUE	TENT2
XP_032807421.2	XP_047272805.1	0	N/A	26.488	336	39	9.27e-23	105	poly(A) RNA polymerase GLD2 isoform X2 [Homo sapiens]	TRUE	TENT2
XP_032807421.2	XP_047272804.1	0	N/A	26.488	336	39	9.27e-23	105	poly(A) RNA polymerase GLD2 isoform X2 [Homo sapiens]	TRUE	TENT2
XP_032807421.2	XP_047272803.1	0	N/A	26.488	336	39	9.27e-23	105	poly(A) RNA polymerase GLD2 isoform X2 [Homo sapiens]	TRUE	TENT2
XP_032807421.2	XP_047272802.1	0	N/A	26.488	336	39	9.27e-23	105	poly(A) RNA polymerase GLD2 isoform X2 [Homo sapiens]	TRUE	TENT2
XP_032807421.2	XP_016864641.1	0	N/A	26.488	336	39	9.27e-23	105	poly(A) RNA polymerase GLD2 isoform X2 [Homo sapiens]	TRUE	TENT2
XP_032807421.2	NP_001375026.1	0	N/A	26.488	336	39	9.27e-23	105	poly(A) RNA polymerase GLD2 isoform 6 [Homo sapiens]	TRUE	TENT2
XP_032807421.2	NP_001375025.1	0	N/A	26.488	336	39	9.27e-23	105	poly(A) RNA polymerase GLD2 isoform 6 [Homo sapiens]	TRUE	TENT2
XP_032807421.2	NP_001375024.1	0	N/A	26.488	336	39	9.27e-23	105	poly(A) RNA polymerase GLD2 isoform 6 [Homo sapiens]	TRUE	TENT2
XP_032807421.2	NP_001336480.1	0	N/A	26.488	336	39	9.27e-23	105	poly(A) RNA polymerase GLD2 isoform 6 [Homo sapiens]	TRUE	TENT2
XP_032807421.2	NP_001375027.1	0	N/A	26.488	336	39	1.02e-22	105	poly(A) RNA polymerase GLD2 isoform 7 [Homo sapiens]	TRUE	TENT2
XP_032807421.2	NP_001375065.1	0	N/A	26.748	329	39	1.9e-22	102	poly(A) RNA polymerase GLD2 isoform 14 [Homo sapiens]	TRUE	TENT2
XP_032807421.2	NP_001375061.1	0	N/A	26.444	329	39	6.53e-22	102	poly(A) RNA polymerase GLD2 isoform 12 [Homo sapiens]	TRUE	TENT2
XP_032807421.2	XP_047272811.1	0	N/A	26.444	329	39	9.13e-22	102	poly(A) RNA polymerase GLD2 isoform X4 [Homo sapiens]	TRUE	TENT2
XP_032807421.2	XP_047272810.1	0	N/A	26.444	329	39	9.13e-22	102	poly(A) RNA polymerase GLD2 isoform X4 [Homo sapiens]	TRUE	TENT2
XP_032807421.2	XP_047272809.1	0	N/A	26.444	329	39	9.13e-22	102	poly(A) RNA polymerase GLD2 isoform X4 [Homo sapiens]	TRUE	TENT2
XP_032807421.2	NP_001375058.1	0	N/A	26.444	329	39	9.13e-22	102	poly(A) RNA polymerase GLD2 isoform 2 [Homo sapiens]	TRUE	TENT2
XP_032807421.2	NP_001375057.1	0	N/A	26.444	329	39	9.13e-22	102	poly(A) RNA polymerase GLD2 isoform 2 [Homo sapiens]	TRUE	TENT2
XP_032807421.2	NP_001375056.1	0	N/A	26.444	329	39	9.13e-22	102	poly(A) RNA polymerase GLD2 isoform 2 [Homo sapiens]	TRUE	TENT2
XP_032807421.2	NP_001375055.1	0	N/A	26.444	329	39	9.13e-22	102	poly(A) RNA polymerase GLD2 isoform 2 [Homo sapiens]	TRUE	TENT2
XP_032807421.2	NP_001375054.1	0	N/A	26.444	329	39	9.13e-22	102	poly(A) RNA polymerase GLD2 isoform 2 [Homo sapiens]	TRUE	TENT2
XP_032807421.2	NP_001375053.1	0	N/A	26.444	329	39	9.13e-22	102	poly(A) RNA polymerase GLD2 isoform 2 [Homo sapiens]	TRUE	TENT2
XP_032807421.2	NP_001375052.1	0	N/A	26.444	329	39	9.13e-22	102	poly(A) RNA polymerase GLD2 isoform 2 [Homo sapiens]	TRUE	TENT2
XP_032807421.2	NP_001375051.1	0	N/A	26.444	329	39	9.13e-22	102	poly(A) RNA polymerase GLD2 isoform 2 [Homo sapiens]	TRUE	TENT2
XP_032807421.2	NP_001375050.1	0	N/A	26.444	329	39	9.13e-22	102	poly(A) RNA polymerase GLD2 isoform 2 [Homo sapiens]	TRUE	TENT2
XP_032807421.2	NP_001375049.1	0	N/A	26.444	329	39	9.13e-22	102	poly(A) RNA polymerase GLD2 isoform 2 [Homo sapiens]	TRUE	TENT2
XP_032807421.2	NP_001375048.1	0	N/A	26.444	329	39	9.13e-22	102	poly(A) RNA polymerase GLD2 isoform 2 [Homo sapiens]	TRUE	TENT2
XP_032807421.2	NP_001375047.1	0	N/A	26.444	329	39	9.13e-22	102	poly(A) RNA polymerase GLD2 isoform 2 [Homo sapiens]	TRUE	TENT2
XP_032807421.2	NP_001375046.1	0	N/A	26.444	329	39	9.13e-22	102	poly(A) RNA polymerase GLD2 isoform 2 [Homo sapiens]	TRUE	TENT2
XP_032807421.2	NP_001375045.1	0	N/A	26.444	329	39	9.13e-22	102	poly(A) RNA polymerase GLD2 isoform 2 [Homo sapiens]	TRUE	TENT2
XP_032807421.2	NP_001375044.1	0	N/A	26.444	329	39	9.13e-22	102	poly(A) RNA polymerase GLD2 isoform 2 [Homo sapiens]	TRUE	TENT2
XP_032807421.2	NP_001375043.1	0	N/A	26.444	329	39	9.13e-22	102	poly(A) RNA polymerase GLD2 isoform 2 [Homo sapiens]	TRUE	TENT2
XP_032807421.2	NP_001336483.1	0	N/A	26.444	329	39	9.13e-22	102	poly(A) RNA polymerase GLD2 isoform 2 [Homo sapiens]	TRUE	TENT2
XP_032807421.2	NP_001284673.1	0	N/A	26.444	329	39	9.13e-22	102	poly(A) RNA polymerase GLD2 isoform 2 [Homo sapiens]	TRUE	TENT2
XP_032807421.2	NP_001375059.1	0	N/A	26.444	329	39	9.56e-22	102	poly(A) RNA polymerase GLD2 isoform 10 [Homo sapiens]	TRUE	TENT2
XP_032807421.2	NP_001375060.1	0	N/A	27.66	329	39	5.95e-21	99.4	poly(A) RNA polymerase GLD2 isoform 11 [Homo sapiens]	TRUE	TENT2
XP_032813420.2	NP_008930.2	0	N/A	62.466	365	45	9.1e-161	488	terminal nucleotidyltransferase 4A isoform 1 [Homo sapiens]	TRUE	TENT4A
XP_032813420.2	NP_001165276.2	0	N/A	62.466	365	45	1.14e-160	488	terminal nucleotidyltransferase 4A isoform 2 [Homo sapiens]	TRUE	TENT4A
XP_032813420.2	NP_001035375.2	0	N/A	60.743	377	46	7.32e-158	476	terminal nucleotidyltransferase 4B isoform b [Homo sapiens]	TRUE	TENT4B
XP_032813420.2	XP_011521578.1	0	N/A	60.743	377	46	7.55e-158	476	terminal nucleotidyltransferase 4B isoform X2 [Homo sapiens]	TRUE	TENT4B
XP_032813420.2	XP_047290432.1	0	N/A	60.743	377	46	7.93e-158	475	terminal nucleotidyltransferase 4B isoform X4 [Homo sapiens]	TRUE	TENT4B
XP_032813420.2	NP_001035374.2	0	N/A	60.743	377	46	1.52e-157	476	terminal nucleotidyltransferase 4B isoform a [Homo sapiens]	TRUE	TENT4B
XP_032813420.2	XP_011521577.1	0	N/A	60.743	377	46	1.56e-157	476	terminal nucleotidyltransferase 4B isoform X1 [Homo sapiens]	TRUE	TENT4B
XP_032813420.2	XP_047290431.1	0	N/A	60.743	377	46	1.83e-157	475	terminal nucleotidyltransferase 4B isoform X3 [Homo sapiens]	TRUE	TENT4B
XP_032813420.2	NP_001352252.1	0	N/A	60.743	377	46	2.07e-157	476	terminal nucleotidyltransferase 4B isoform c [Homo sapiens]	TRUE	TENT4B
XP_032813420.2	NP_001352253.1	0	N/A	60.743	377	46	3.41e-157	476	terminal nucleotidyltransferase 4B isoform d [Homo sapiens]	TRUE	TENT4B
XP_032813420.2	XP_047290433.1	0	N/A	65.823	316	40	2.3e-147	442	terminal nucleotidyltransferase 4B isoform X6 [Homo sapiens]	TRUE	TENT4B
XP_032813420.2	XP_011521580.1	0	N/A	65.823	316	40	3.97e-147	444	terminal nucleotidyltransferase 4B isoform X5 [Homo sapiens]	TRUE	TENT4B
XP_032813420.2	XP_047272622.1	0	N/A	65.677	303	39	4.05e-143	434	terminal nucleotidyltransferase 4A isoform X1 [Homo sapiens]	TRUE	TENT4A
XP_032813420.2	XP_047272621.1	0	N/A	65.677	303	39	4.05e-143	434	terminal nucleotidyltransferase 4A isoform X1 [Homo sapiens]	TRUE	TENT4A
XP_032813420.2	XP_047272620.1	0	N/A	65.677	303	39	4.05e-143	434	terminal nucleotidyltransferase 4A isoform X1 [Homo sapiens]	TRUE	TENT4A
XP_032813420.2	XP_047272624.1	0	N/A	66.327	294	37	3.86e-141	428	terminal nucleotidyltransferase 4A isoform X3 [Homo sapiens]	TRUE	TENT4A
XP_032813420.2	XP_047272623.1	0	N/A	66.327	294	37	4.49e-141	428	terminal nucleotidyltransferase 4A isoform X2 [Homo sapiens]	TRUE	TENT4A
XP_032813420.2	XP_016864477.1	0	N/A	66.327	294	37	4.49e-141	428	terminal nucleotidyltransferase 4A isoform X2 [Homo sapiens]	TRUE	TENT4A
XP_032813420.2	XP_047279823.1	0	N/A	25	184	22	5.58e-09	62.8	terminal uridylyltransferase 7 isoform X2 [Homo sapiens]	TRUE	Tut7
XP_032813420.2	XP_006717346.1	0	N/A	25	184	22	5.58e-09	62.8	terminal uridylyltransferase 7 isoform X2 [Homo sapiens]	TRUE	Tut7
XP_032813420.2	XP_011517317.1	0	N/A	25	184	22	6.39e-09	62.4	terminal uridylyltransferase 7 isoform X3 [Homo sapiens]	TRUE	Tut7
XP_032813420.2	XP_011517316.1	0	N/A	25	184	22	7.03e-09	62.4	terminal uridylyltransferase 7 isoform X1 [Homo sapiens]	TRUE	Tut7
XP_032813420.2	XP_011517315.1	0	N/A	25	184	22	7.03e-09	62.4	terminal uridylyltransferase 7 isoform X1 [Homo sapiens]	TRUE	Tut7
XP_032813420.2	XP_011517314.1	0	N/A	25	184	22	7.03e-09	62.4	terminal uridylyltransferase 7 isoform X1 [Homo sapiens]	TRUE	Tut7
XP_032813420.2	XP_011517313.1	0	N/A	25	184	22	7.03e-09	62.4	terminal uridylyltransferase 7 isoform X1 [Homo sapiens]	TRUE	Tut7
XP_032813420.2	XP_047279825.1	0	N/A	25	184	22	7.08e-09	62.4	terminal uridylyltransferase 7 isoform X6 [Homo sapiens]	TRUE	Tut7
XP_032813420.2	XP_047279824.1	0	N/A	25	184	22	7.08e-09	62.4	terminal uridylyltransferase 7 isoform X6 [Homo sapiens]	TRUE	Tut7
XP_032813420.2	XP_005252264.1	0	N/A	25	184	22	7.08e-09	62.4	terminal uridylyltransferase 7 isoform X6 [Homo sapiens]	TRUE	Tut7
XP_032813420.2	XP_005252265.1	0	N/A	25	184	22	7.41e-09	62.4	terminal uridylyltransferase 7 isoform X7 [Homo sapiens]	TRUE	Tut7
XP_032813420.2	XP_016870620.1	0	N/A	25	184	22	8.63e-09	62	terminal uridylyltransferase 7 isoform X4 [Homo sapiens]	TRUE	Tut7
XP_032813420.2	XP_016870619.1	0	N/A	25	184	22	8.63e-09	62	terminal uridylyltransferase 7 isoform X4 [Homo sapiens]	TRUE	Tut7
XP_032813420.2	NP_078893.2	0	N/A	25	184	22	8.63e-09	62	terminal uridylyltransferase 7 isoform 1 [Homo sapiens]	TRUE	Tut7
XP_032813420.2	NP_001171988.1	0	N/A	25	184	22	8.63e-09	62	terminal uridylyltransferase 7 isoform 1 [Homo sapiens]	TRUE	Tut7
XP_032813420.2	XP_011517318.1	0	N/A	25	184	22	8.7e-09	62	terminal uridylyltransferase 7 isoform X5 [Homo sapiens]	TRUE	Tut7
XP_032813420.2	NP_001317647.1	0	N/A	25	184	22	9.4e-09	61.6	terminal uridylyltransferase 7 isoform 3 [Homo sapiens]	TRUE	Tut7
XP_032813420.2	NP_001336477.1	0	N/A	23.832	214	23	3.67e-07	54.7	poly(A) RNA polymerase GLD2 isoform 4 [Homo sapiens]	TRUE	TENT2
XP_032813420.2	XP_047272820.1	0	N/A	23.832	214	23	7.02e-07	53.9	poly(A) RNA polymerase GLD2 isoform X11 [Homo sapiens]	TRUE	TENT2
XP_032813420.2	XP_047272350.1	0	N/A	20.539	297	33	1.38e-06	55.1	terminal uridylyltransferase 4 isoform X34 [Homo sapiens]	TRUE	Tut4
XP_032813420.2	XP_047272337.1	0	N/A	20.539	297	33	1.52e-06	54.7	terminal uridylyltransferase 4 isoform X27 [Homo sapiens]	TRUE	Tut4
XP_032813420.2	XP_047272344.1	0	N/A	20.539	297	33	1.82e-06	54.7	terminal uridylyltransferase 4 isoform X30 [Homo sapiens]	TRUE	Tut4
XP_032813420.2	XP_047272384.1	0	N/A	22.476	307	32	1.9e-06	54.3	terminal uridylyltransferase 4 isoform X46 [Homo sapiens]	TRUE	Tut4
XP_032813420.2	XP_016856296.1	0	N/A	20.539	297	33	2.02e-06	54.3	terminal uridylyltransferase 4 isoform X28 [Homo sapiens]	TRUE	Tut4
XP_032813420.2	XP_016856295.1	0	N/A	20.539	297	33	2.02e-06	54.3	terminal uridylyltransferase 4 isoform X25 [Homo sapiens]	TRUE	Tut4
XP_032813420.2	XP_047272325.1	0	N/A	20.539	297	33	2.04e-06	54.3	terminal uridylyltransferase 4 isoform X23 [Homo sapiens]	TRUE	Tut4
XP_032813420.2	NP_001375059.1	0	N/A	20.772	337	37	2.23e-06	53.5	poly(A) RNA polymerase GLD2 isoform 10 [Homo sapiens]	TRUE	TENT2
XP_032813420.2	NP_001375042.1	0	N/A	20.354	339	37	2.27e-06	53.5	poly(A) RNA polymerase GLD2 isoform 16 [Homo sapiens]	TRUE	TENT2
XP_032813420.2	XP_047272808.1	0	N/A	20.354	339	37	2.37e-06	53.5	poly(A) RNA polymerase GLD2 isoform X3 [Homo sapiens]	TRUE	TENT2
XP_032813420.2	XP_047272807.1	0	N/A	20.354	339	37	2.37e-06	53.5	poly(A) RNA polymerase GLD2 isoform X3 [Homo sapiens]	TRUE	TENT2
XP_032813420.2	XP_047272806.1	0	N/A	20.354	339	37	2.37e-06	53.5	poly(A) RNA polymerase GLD2 isoform X3 [Homo sapiens]	TRUE	TENT2
XP_032813420.2	NP_776158.2	0	N/A	20.354	339	37	2.37e-06	53.5	poly(A) RNA polymerase GLD2 isoform 1 [Homo sapiens]	TRUE	TENT2
XP_032813420.2	NP_001375041.1	0	N/A	20.354	339	37	2.37e-06	53.5	poly(A) RNA polymerase GLD2 isoform 1 [Homo sapiens]	TRUE	TENT2
XP_032813420.2	NP_001375040.1	0	N/A	20.354	339	37	2.37e-06	53.5	poly(A) RNA polymerase GLD2 isoform 1 [Homo sapiens]	TRUE	TENT2
XP_032813420.2	NP_001375039.1	0	N/A	20.354	339	37	2.37e-06	53.5	poly(A) RNA polymerase GLD2 isoform 1 [Homo sapiens]	TRUE	TENT2
XP_032813420.2	NP_001375038.1	0	N/A	20.354	339	37	2.37e-06	53.5	poly(A) RNA polymerase GLD2 isoform 1 [Homo sapiens]	TRUE	TENT2
XP_032813420.2	NP_001375037.1	0	N/A	20.354	339	37	2.37e-06	53.5	poly(A) RNA polymerase GLD2 isoform 1 [Homo sapiens]	TRUE	TENT2
XP_032813420.2	NP_001375036.1	0	N/A	20.354	339	37	2.37e-06	53.5	poly(A) RNA polymerase GLD2 isoform 1 [Homo sapiens]	TRUE	TENT2
XP_032813420.2	NP_001375035.1	0	N/A	20.354	339	37	2.37e-06	53.5	poly(A) RNA polymerase GLD2 isoform 1 [Homo sapiens]	TRUE	TENT2
XP_032813420.2	NP_001375034.1	0	N/A	20.354	339	37	2.37e-06	53.5	poly(A) RNA polymerase GLD2 isoform 1 [Homo sapiens]	TRUE	TENT2
XP_032813420.2	NP_001375032.1	0	N/A	20.354	339	37	2.37e-06	53.5	poly(A) RNA polymerase GLD2 isoform 1 [Homo sapiens]	TRUE	TENT2
XP_032813420.2	NP_001375031.1	0	N/A	20.354	339	37	2.37e-06	53.5	poly(A) RNA polymerase GLD2 isoform 1 [Homo sapiens]	TRUE	TENT2
XP_032813420.2	NP_001336482.1	0	N/A	20.354	339	37	2.37e-06	53.5	poly(A) RNA polymerase GLD2 isoform 1 [Homo sapiens]	TRUE	TENT2
XP_032813420.2	NP_001336481.1	0	N/A	20.354	339	37	2.37e-06	53.5	poly(A) RNA polymerase GLD2 isoform 1 [Homo sapiens]	TRUE	TENT2
XP_032813420.2	NP_001107866.1	0	N/A	20.354	339	37	2.37e-06	53.5	poly(A) RNA polymerase GLD2 isoform 1 [Homo sapiens]	TRUE	TENT2
XP_032813420.2	NP_001107865.1	0	N/A	20.354	339	37	2.37e-06	53.5	poly(A) RNA polymerase GLD2 isoform 1 [Homo sapiens]	TRUE	TENT2
XP_032813420.2	XP_047272811.1	0	N/A	20.772	337	37	2.48e-06	53.5	poly(A) RNA polymerase GLD2 isoform X4 [Homo sapiens]	TRUE	TENT2
XP_032813420.2	XP_047272810.1	0	N/A	20.772	337	37	2.48e-06	53.5	poly(A) RNA polymerase GLD2 isoform X4 [Homo sapiens]	TRUE	TENT2
XP_032813420.2	XP_047272809.1	0	N/A	20.772	337	37	2.48e-06	53.5	poly(A) RNA polymerase GLD2 isoform X4 [Homo sapiens]	TRUE	TENT2
XP_032813420.2	NP_001375058.1	0	N/A	20.772	337	37	2.48e-06	53.5	poly(A) RNA polymerase GLD2 isoform 2 [Homo sapiens]	TRUE	TENT2
XP_032813420.2	NP_001375057.1	0	N/A	20.772	337	37	2.48e-06	53.5	poly(A) RNA polymerase GLD2 isoform 2 [Homo sapiens]	TRUE	TENT2
XP_032813420.2	NP_001375056.1	0	N/A	20.772	337	37	2.48e-06	53.5	poly(A) RNA polymerase GLD2 isoform 2 [Homo sapiens]	TRUE	TENT2
XP_032813420.2	NP_001375055.1	0	N/A	20.772	337	37	2.48e-06	53.5	poly(A) RNA polymerase GLD2 isoform 2 [Homo sapiens]	TRUE	TENT2
XP_032813420.2	NP_001375054.1	0	N/A	20.772	337	37	2.48e-06	53.5	poly(A) RNA polymerase GLD2 isoform 2 [Homo sapiens]	TRUE	TENT2
XP_032813420.2	NP_001375053.1	0	N/A	20.772	337	37	2.48e-06	53.5	poly(A) RNA polymerase GLD2 isoform 2 [Homo sapiens]	TRUE	TENT2
XP_032813420.2	NP_001375052.1	0	N/A	20.772	337	37	2.48e-06	53.5	poly(A) RNA polymerase GLD2 isoform 2 [Homo sapiens]	TRUE	TENT2
XP_032813420.2	NP_001375051.1	0	N/A	20.772	337	37	2.48e-06	53.5	poly(A) RNA polymerase GLD2 isoform 2 [Homo sapiens]	TRUE	TENT2
XP_032813420.2	NP_001375050.1	0	N/A	20.772	337	37	2.48e-06	53.5	poly(A) RNA polymerase GLD2 isoform 2 [Homo sapiens]	TRUE	TENT2
XP_032813420.2	NP_001375049.1	0	N/A	20.772	337	37	2.48e-06	53.5	poly(A) RNA polymerase GLD2 isoform 2 [Homo sapiens]	TRUE	TENT2
XP_032813420.2	NP_001375048.1	0	N/A	20.772	337	37	2.48e-06	53.5	poly(A) RNA polymerase GLD2 isoform 2 [Homo sapiens]	TRUE	TENT2
XP_032813420.2	NP_001375047.1	0	N/A	20.772	337	37	2.48e-06	53.5	poly(A) RNA polymerase GLD2 isoform 2 [Homo sapiens]	TRUE	TENT2
XP_032813420.2	NP_001375046.1	0	N/A	20.772	337	37	2.48e-06	53.5	poly(A) RNA polymerase GLD2 isoform 2 [Homo sapiens]	TRUE	TENT2
XP_032813420.2	NP_001375045.1	0	N/A	20.772	337	37	2.48e-06	53.5	poly(A) RNA polymerase GLD2 isoform 2 [Homo sapiens]	TRUE	TENT2
XP_032813420.2	NP_001375044.1	0	N/A	20.772	337	37	2.48e-06	53.5	poly(A) RNA polymerase GLD2 isoform 2 [Homo sapiens]	TRUE	TENT2
XP_032813420.2	NP_001375043.1	0	N/A	20.772	337	37	2.48e-06	53.5	poly(A) RNA polymerase GLD2 isoform 2 [Homo sapiens]	TRUE	TENT2
XP_032813420.2	NP_001336483.1	0	N/A	20.772	337	37	2.48e-06	53.5	poly(A) RNA polymerase GLD2 isoform 2 [Homo sapiens]	TRUE	TENT2
XP_032813420.2	NP_001284673.1	0	N/A	20.772	337	37	2.48e-06	53.5	poly(A) RNA polymerase GLD2 isoform 2 [Homo sapiens]	TRUE	TENT2
XP_032813420.2	NP_001375027.1	0	N/A	23.333	240	27	2.5e-06	53.5	poly(A) RNA polymerase GLD2 isoform 7 [Homo sapiens]	TRUE	TENT2
XP_032813420.2	NP_001375030.1	0	N/A	23.333	240	27	2.59e-06	53.5	poly(A) RNA polymerase GLD2 isoform 9 [Homo sapiens]	TRUE	TENT2
XP_032813420.2	XP_047272805.1	0	N/A	23.333	240	27	2.64e-06	53.5	poly(A) RNA polymerase GLD2 isoform X2 [Homo sapiens]	TRUE	TENT2
XP_032813420.2	XP_047272804.1	0	N/A	23.333	240	27	2.64e-06	53.5	poly(A) RNA polymerase GLD2 isoform X2 [Homo sapiens]	TRUE	TENT2
XP_032813420.2	XP_047272803.1	0	N/A	23.333	240	27	2.64e-06	53.5	poly(A) RNA polymerase GLD2 isoform X2 [Homo sapiens]	TRUE	TENT2
XP_032813420.2	XP_047272802.1	0	N/A	23.333	240	27	2.64e-06	53.5	poly(A) RNA polymerase GLD2 isoform X2 [Homo sapiens]	TRUE	TENT2
XP_032813420.2	XP_016864641.1	0	N/A	23.333	240	27	2.64e-06	53.5	poly(A) RNA polymerase GLD2 isoform X2 [Homo sapiens]	TRUE	TENT2
XP_032813420.2	NP_001375026.1	0	N/A	23.333	240	27	2.64e-06	53.5	poly(A) RNA polymerase GLD2 isoform 6 [Homo sapiens]	TRUE	TENT2
XP_032813420.2	NP_001375025.1	0	N/A	23.333	240	27	2.64e-06	53.5	poly(A) RNA polymerase GLD2 isoform 6 [Homo sapiens]	TRUE	TENT2
XP_032813420.2	NP_001375024.1	0	N/A	23.333	240	27	2.64e-06	53.5	poly(A) RNA polymerase GLD2 isoform 6 [Homo sapiens]	TRUE	TENT2
XP_032813420.2	NP_001336480.1	0	N/A	23.333	240	27	2.64e-06	53.5	poly(A) RNA polymerase GLD2 isoform 6 [Homo sapiens]	TRUE	TENT2
XP_032813420.2	XP_047272801.1	0	N/A	23.333	240	27	3.02e-06	53.1	poly(A) RNA polymerase GLD2 isoform X1 [Homo sapiens]	TRUE	TENT2
XP_032813420.2	XP_047272800.1	0	N/A	23.333	240	27	3.02e-06	53.1	poly(A) RNA polymerase GLD2 isoform X1 [Homo sapiens]	TRUE	TENT2
XP_032813420.2	XP_011541527.1	0	N/A	23.333	240	27	3.02e-06	53.1	poly(A) RNA polymerase GLD2 isoform X1 [Homo sapiens]	TRUE	TENT2
XP_032813420.2	XP_011541526.1	0	N/A	23.333	240	27	3.02e-06	53.1	poly(A) RNA polymerase GLD2 isoform X1 [Homo sapiens]	TRUE	TENT2
XP_032814652.2	NP_060579.3	0	N/A	52.446	511	82	0	532	poly(A) RNA polymerase, mitochondrial precursor [Homo sapiens]	TRUE	mtPAP
XP_032814652.2	NP_073741.3	0	N/A	31.086	267	40	7.79e-33	137	speckle targeted PIP5K1A-regulated poly(A) polymerase isoform 1 [Homo sapiens]	TRUE	Tut1
XP_032814652.2	NP_001317647.1	0	N/A	27.174	276	43	1.18e-22	105	terminal uridylyltransferase 7 isoform 3 [Homo sapiens]	TRUE	Tut7
XP_032814652.2	XP_047279823.1	0	N/A	27.174	276	43	1.38e-22	105	terminal uridylyltransferase 7 isoform X2 [Homo sapiens]	TRUE	Tut7
XP_032814652.2	XP_006717346.1	0	N/A	27.174	276	43	1.38e-22	105	terminal uridylyltransferase 7 isoform X2 [Homo sapiens]	TRUE	Tut7
XP_032814652.2	XP_005252265.1	0	N/A	27.174	276	43	1.39e-22	105	terminal uridylyltransferase 7 isoform X7 [Homo sapiens]	TRUE	Tut7
XP_032814652.2	XP_047279825.1	0	N/A	27.174	276	43	1.52e-22	105	terminal uridylyltransferase 7 isoform X6 [Homo sapiens]	TRUE	Tut7
XP_032814652.2	XP_047279824.1	0	N/A	27.174	276	43	1.52e-22	105	terminal uridylyltransferase 7 isoform X6 [Homo sapiens]	TRUE	Tut7
XP_032814652.2	XP_005252264.1	0	N/A	27.174	276	43	1.52e-22	105	terminal uridylyltransferase 7 isoform X6 [Homo sapiens]	TRUE	Tut7
XP_032814652.2	XP_011517316.1	0	N/A	27.174	276	43	1.53e-22	105	terminal uridylyltransferase 7 isoform X1 [Homo sapiens]	TRUE	Tut7
XP_032814652.2	XP_011517315.1	0	N/A	27.174	276	43	1.53e-22	105	terminal uridylyltransferase 7 isoform X1 [Homo sapiens]	TRUE	Tut7
XP_032814652.2	XP_011517314.1	0	N/A	27.174	276	43	1.53e-22	105	terminal uridylyltransferase 7 isoform X1 [Homo sapiens]	TRUE	Tut7
XP_032814652.2	XP_011517313.1	0	N/A	27.174	276	43	1.53e-22	105	terminal uridylyltransferase 7 isoform X1 [Homo sapiens]	TRUE	Tut7
XP_032814652.2	XP_016870620.1	0	N/A	27.174	276	43	1.55e-22	105	terminal uridylyltransferase 7 isoform X4 [Homo sapiens]	TRUE	Tut7
XP_032814652.2	XP_016870619.1	0	N/A	27.174	276	43	1.55e-22	105	terminal uridylyltransferase 7 isoform X4 [Homo sapiens]	TRUE	Tut7
XP_032814652.2	NP_078893.2	0	N/A	27.174	276	43	1.55e-22	105	terminal uridylyltransferase 7 isoform 1 [Homo sapiens]	TRUE	Tut7
XP_032814652.2	NP_001171988.1	0	N/A	27.174	276	43	1.55e-22	105	terminal uridylyltransferase 7 isoform 1 [Homo sapiens]	TRUE	Tut7
XP_032814652.2	XP_011517318.1	0	N/A	27.174	276	43	1.72e-22	105	terminal uridylyltransferase 7 isoform X5 [Homo sapiens]	TRUE	Tut7
XP_032814652.2	XP_011517317.1	0	N/A	27.174	276	43	1.77e-22	105	terminal uridylyltransferase 7 isoform X3 [Homo sapiens]	TRUE	Tut7
XP_032814652.2	XP_047272286.1	0	N/A	25.362	276	43	1e-19	96.7	terminal uridylyltransferase 4 isoform X8 [Homo sapiens]	TRUE	Tut4
XP_032814652.2	XP_047272290.1	0	N/A	25.362	276	43	1.09e-19	96.7	terminal uridylyltransferase 4 isoform X11 [Homo sapiens]	TRUE	Tut4
XP_032814652.2	XP_047272372.1	0	N/A	25.362	276	43	1.13e-19	96.7	terminal uridylyltransferase 4 isoform X42 [Homo sapiens]	TRUE	Tut4
XP_032814652.2	XP_047272296.1	0	N/A	25.362	276	43	1.15e-19	96.7	terminal uridylyltransferase 4 isoform X13 [Homo sapiens]	TRUE	Tut4
XP_032814652.2	XP_047272295.1	0	N/A	25.362	276	43	1.18e-19	96.7	terminal uridylyltransferase 4 isoform X12 [Homo sapiens]	TRUE	Tut4
XP_032814652.2	XP_047272344.1	0	N/A	25.362	276	43	1.21e-19	96.7	terminal uridylyltransferase 4 isoform X30 [Homo sapiens]	TRUE	Tut4
XP_032814652.2	XP_047272305.1	0	N/A	25.362	276	43	1.26e-19	96.7	terminal uridylyltransferase 4 isoform X17 [Homo sapiens]	TRUE	Tut4
XP_032814652.2	XP_047272350.1	0	N/A	25.362	276	43	1.36e-19	96.3	terminal uridylyltransferase 4 isoform X34 [Homo sapiens]	TRUE	Tut4
XP_032814652.2	XP_047272808.1	0	N/A	23.693	287	46	1.08e-18	92	poly(A) RNA polymerase GLD2 isoform X3 [Homo sapiens]	TRUE	TENT2
XP_032814652.2	XP_047272807.1	0	N/A	23.693	287	46	1.08e-18	92	poly(A) RNA polymerase GLD2 isoform X3 [Homo sapiens]	TRUE	TENT2
XP_032814652.2	XP_047272806.1	0	N/A	23.693	287	46	1.08e-18	92	poly(A) RNA polymerase GLD2 isoform X3 [Homo sapiens]	TRUE	TENT2
XP_032814652.2	NP_776158.2	0	N/A	23.693	287	46	1.08e-18	92	poly(A) RNA polymerase GLD2 isoform 1 [Homo sapiens]	TRUE	TENT2
XP_032814652.2	NP_001375041.1	0	N/A	23.693	287	46	1.08e-18	92	poly(A) RNA polymerase GLD2 isoform 1 [Homo sapiens]	TRUE	TENT2
XP_032814652.2	NP_001375040.1	0	N/A	23.693	287	46	1.08e-18	92	poly(A) RNA polymerase GLD2 isoform 1 [Homo sapiens]	TRUE	TENT2
XP_032814652.2	NP_001375039.1	0	N/A	23.693	287	46	1.08e-18	92	poly(A) RNA polymerase GLD2 isoform 1 [Homo sapiens]	TRUE	TENT2
XP_032814652.2	NP_001375038.1	0	N/A	23.693	287	46	1.08e-18	92	poly(A) RNA polymerase GLD2 isoform 1 [Homo sapiens]	TRUE	TENT2
XP_032814652.2	NP_001375037.1	0	N/A	23.693	287	46	1.08e-18	92	poly(A) RNA polymerase GLD2 isoform 1 [Homo sapiens]	TRUE	TENT2
XP_032814652.2	NP_001375036.1	0	N/A	23.693	287	46	1.08e-18	92	poly(A) RNA polymerase GLD2 isoform 1 [Homo sapiens]	TRUE	TENT2
XP_032814652.2	NP_001375035.1	0	N/A	23.693	287	46	1.08e-18	92	poly(A) RNA polymerase GLD2 isoform 1 [Homo sapiens]	TRUE	TENT2
XP_032814652.2	NP_001375034.1	0	N/A	23.693	287	46	1.08e-18	92	poly(A) RNA polymerase GLD2 isoform 1 [Homo sapiens]	TRUE	TENT2
XP_032814652.2	NP_001375032.1	0	N/A	23.693	287	46	1.08e-18	92	poly(A) RNA polymerase GLD2 isoform 1 [Homo sapiens]	TRUE	TENT2
XP_032814652.2	NP_001375031.1	0	N/A	23.693	287	46	1.08e-18	92	poly(A) RNA polymerase GLD2 isoform 1 [Homo sapiens]	TRUE	TENT2
XP_032814652.2	NP_001336482.1	0	N/A	23.693	287	46	1.08e-18	92	poly(A) RNA polymerase GLD2 isoform 1 [Homo sapiens]	TRUE	TENT2
XP_032814652.2	NP_001336481.1	0	N/A	23.693	287	46	1.08e-18	92	poly(A) RNA polymerase GLD2 isoform 1 [Homo sapiens]	TRUE	TENT2
XP_032814652.2	NP_001107866.1	0	N/A	23.693	287	46	1.08e-18	92	poly(A) RNA polymerase GLD2 isoform 1 [Homo sapiens]	TRUE	TENT2
XP_032814652.2	NP_001107865.1	0	N/A	23.693	287	46	1.08e-18	92	poly(A) RNA polymerase GLD2 isoform 1 [Homo sapiens]	TRUE	TENT2
XP_032814652.2	XP_047272285.1	0	N/A	26.25	240	38	1.09e-18	93.6	terminal uridylyltransferase 4 isoform X7 [Homo sapiens]	TRUE	Tut4
XP_032814652.2	XP_047272280.1	0	N/A	26.25	240	38	1.11e-18	93.6	terminal uridylyltransferase 4 isoform X3 [Homo sapiens]	TRUE	Tut4
XP_032814652.2	XP_005270736.1	0	N/A	26.25	240	38	1.11e-18	93.6	terminal uridylyltransferase 4 isoform X3 [Homo sapiens]	TRUE	Tut4
XP_032814652.2	XP_016856292.1	0	N/A	26.25	240	38	1.11e-18	93.6	terminal uridylyltransferase 4 isoform X9 [Homo sapiens]	TRUE	Tut4
XP_032814652.2	XP_016856297.1	0	N/A	26.25	240	38	1.16e-18	93.2	terminal uridylyltransferase 4 isoform X36 [Homo sapiens]	TRUE	Tut4
XP_032814652.2	XP_011539399.1	0	N/A	26.25	240	38	1.18e-18	93.2	terminal uridylyltransferase 4 isoform X1 [Homo sapiens]	TRUE	Tut4
XP_032814652.2	XP_005270733.1	0	N/A	26.25	240	38	1.18e-18	93.2	terminal uridylyltransferase 4 isoform X1 [Homo sapiens]	TRUE	Tut4
XP_032814652.2	NP_001375042.1	0	N/A	23.693	287	46	1.18e-18	91.7	poly(A) RNA polymerase GLD2 isoform 16 [Homo sapiens]	TRUE	TENT2
XP_032814652.2	XP_005270739.1	0	N/A	26.25	240	38	1.21e-18	93.2	terminal uridylyltransferase 4 isoform X33 [Homo sapiens]	TRUE	Tut4
XP_032814652.2	NP_001375060.1	0	N/A	23.693	287	46	1.21e-18	91.7	poly(A) RNA polymerase GLD2 isoform 11 [Homo sapiens]	TRUE	TENT2
XP_032814652.2	XP_016856299.1	0	N/A	26.25	240	38	1.21e-18	93.2	terminal uridylyltransferase 4 isoform X40 [Homo sapiens]	TRUE	Tut4
XP_032814652.2	XP_047272365.1	0	N/A	26.25	240	38	1.22e-18	93.2	terminal uridylyltransferase 4 isoform X38 [Homo sapiens]	TRUE	Tut4
XP_032814652.2	XP_005270735.1	0	N/A	26.25	240	38	1.22e-18	93.2	terminal uridylyltransferase 4 isoform X2 [Homo sapiens]	TRUE	Tut4
XP_032814652.2	XP_047272345.1	0	N/A	26.25	240	38	1.23e-18	93.2	terminal uridylyltransferase 4 isoform X31 [Homo sapiens]	TRUE	Tut4
XP_032814652.2	XP_011539401.1	0	N/A	26.25	240	38	1.25e-18	93.2	terminal uridylyltransferase 4 isoform X29 [Homo sapiens]	TRUE	Tut4
XP_032814652.2	XP_016856295.1	0	N/A	26.25	240	38	1.31e-18	93.2	terminal uridylyltransferase 4 isoform X25 [Homo sapiens]	TRUE	Tut4
XP_032814652.2	XP_047272288.1	0	N/A	26.25	240	38	1.34e-18	93.2	terminal uridylyltransferase 4 isoform X10 [Homo sapiens]	TRUE	Tut4
XP_032814652.2	XP_016856293.1	0	N/A	26.25	240	38	1.35e-18	93.2	terminal uridylyltransferase 4 isoform X16 [Homo sapiens]	TRUE	Tut4
XP_032814652.2	XP_047272282.1	0	N/A	26.25	240	38	1.35e-18	93.2	terminal uridylyltransferase 4 isoform X5 [Homo sapiens]	TRUE	Tut4
XP_032814652.2	NP_056084.1	0	N/A	26.25	240	38	1.35e-18	93.2	terminal uridylyltransferase 4 isoform b [Homo sapiens]	TRUE	Tut4
XP_032814652.2	XP_047272281.1	0	N/A	26.25	240	38	1.37e-18	93.2	terminal uridylyltransferase 4 isoform X4 [Homo sapiens]	TRUE	Tut4
XP_032814652.2	NP_001009881.1	0	N/A	26.25	240	38	1.37e-18	93.2	terminal uridylyltransferase 4 isoform a [Homo sapiens]	TRUE	Tut4
XP_032814652.2	XP_047272337.1	0	N/A	26.25	240	38	1.38e-18	93.2	terminal uridylyltransferase 4 isoform X27 [Homo sapiens]	TRUE	Tut4
XP_032814652.2	XP_047272325.1	0	N/A	26.25	240	38	1.46e-18	93.2	terminal uridylyltransferase 4 isoform X23 [Homo sapiens]	TRUE	Tut4
XP_032814652.2	XP_047272283.1	0	N/A	26.25	240	38	1.47e-18	93.2	terminal uridylyltransferase 4 isoform X6 [Homo sapiens]	TRUE	Tut4
XP_032814652.2	XP_005270737.1	0	N/A	26.25	240	38	1.47e-18	93.2	terminal uridylyltransferase 4 isoform X6 [Homo sapiens]	TRUE	Tut4
XP_032814652.2	XP_016856296.1	0	N/A	26.25	240	38	1.51e-18	93.2	terminal uridylyltransferase 4 isoform X28 [Homo sapiens]	TRUE	Tut4
XP_032814652.2	XP_047272805.1	0	N/A	23.288	292	46	1.71e-18	91.7	poly(A) RNA polymerase GLD2 isoform X2 [Homo sapiens]	TRUE	TENT2
XP_032814652.2	XP_047272804.1	0	N/A	23.288	292	46	1.71e-18	91.7	poly(A) RNA polymerase GLD2 isoform X2 [Homo sapiens]	TRUE	TENT2
XP_032814652.2	XP_047272803.1	0	N/A	23.288	292	46	1.71e-18	91.7	poly(A) RNA polymerase GLD2 isoform X2 [Homo sapiens]	TRUE	TENT2
XP_032814652.2	XP_047272802.1	0	N/A	23.288	292	46	1.71e-18	91.7	poly(A) RNA polymerase GLD2 isoform X2 [Homo sapiens]	TRUE	TENT2
XP_032814652.2	XP_016864641.1	0	N/A	23.288	292	46	1.71e-18	91.7	poly(A) RNA polymerase GLD2 isoform X2 [Homo sapiens]	TRUE	TENT2
XP_032814652.2	NP_001375026.1	0	N/A	23.288	292	46	1.71e-18	91.7	poly(A) RNA polymerase GLD2 isoform 6 [Homo sapiens]	TRUE	TENT2
XP_032814652.2	NP_001375025.1	0	N/A	23.288	292	46	1.71e-18	91.7	poly(A) RNA polymerase GLD2 isoform 6 [Homo sapiens]	TRUE	TENT2
XP_032814652.2	NP_001375024.1	0	N/A	23.288	292	46	1.71e-18	91.7	poly(A) RNA polymerase GLD2 isoform 6 [Homo sapiens]	TRUE	TENT2
XP_032814652.2	NP_001336480.1	0	N/A	23.288	292	46	1.71e-18	91.7	poly(A) RNA polymerase GLD2 isoform 6 [Homo sapiens]	TRUE	TENT2
XP_032814652.2	NP_001375027.1	0	N/A	23.288	292	46	1.78e-18	91.3	poly(A) RNA polymerase GLD2 isoform 7 [Homo sapiens]	TRUE	TENT2
XP_032814652.2	NP_001375065.1	0	N/A	22.997	287	46	2.08e-18	89.7	poly(A) RNA polymerase GLD2 isoform 14 [Homo sapiens]	TRUE	TENT2
XP_032814652.2	XP_047272384.1	0	N/A	26.25	240	38	2.26e-18	92	terminal uridylyltransferase 4 isoform X46 [Homo sapiens]	TRUE	Tut4
XP_032814652.2	XP_047272811.1	0	N/A	22.997	287	46	2.82e-18	90.5	poly(A) RNA polymerase GLD2 isoform X4 [Homo sapiens]	TRUE	TENT2
XP_032814652.2	XP_047272810.1	0	N/A	22.997	287	46	2.82e-18	90.5	poly(A) RNA polymerase GLD2 isoform X4 [Homo sapiens]	TRUE	TENT2
XP_032814652.2	XP_047272809.1	0	N/A	22.997	287	46	2.82e-18	90.5	poly(A) RNA polymerase GLD2 isoform X4 [Homo sapiens]	TRUE	TENT2
XP_032814652.2	NP_001375058.1	0	N/A	22.997	287	46	2.82e-18	90.5	poly(A) RNA polymerase GLD2 isoform 2 [Homo sapiens]	TRUE	TENT2
XP_032814652.2	NP_001375057.1	0	N/A	22.997	287	46	2.82e-18	90.5	poly(A) RNA polymerase GLD2 isoform 2 [Homo sapiens]	TRUE	TENT2
XP_032814652.2	NP_001375056.1	0	N/A	22.997	287	46	2.82e-18	90.5	poly(A) RNA polymerase GLD2 isoform 2 [Homo sapiens]	TRUE	TENT2
XP_032814652.2	NP_001375055.1	0	N/A	22.997	287	46	2.82e-18	90.5	poly(A) RNA polymerase GLD2 isoform 2 [Homo sapiens]	TRUE	TENT2
XP_032814652.2	NP_001375054.1	0	N/A	22.997	287	46	2.82e-18	90.5	poly(A) RNA polymerase GLD2 isoform 2 [Homo sapiens]	TRUE	TENT2
XP_032814652.2	NP_001375053.1	0	N/A	22.997	287	46	2.82e-18	90.5	poly(A) RNA polymerase GLD2 isoform 2 [Homo sapiens]	TRUE	TENT2
XP_032814652.2	NP_001375052.1	0	N/A	22.997	287	46	2.82e-18	90.5	poly(A) RNA polymerase GLD2 isoform 2 [Homo sapiens]	TRUE	TENT2
XP_032814652.2	NP_001375051.1	0	N/A	22.997	287	46	2.82e-18	90.5	poly(A) RNA polymerase GLD2 isoform 2 [Homo sapiens]	TRUE	TENT2
XP_032814652.2	NP_001375050.1	0	N/A	22.997	287	46	2.82e-18	90.5	poly(A) RNA polymerase GLD2 isoform 2 [Homo sapiens]	TRUE	TENT2
XP_032814652.2	NP_001375049.1	0	N/A	22.997	287	46	2.82e-18	90.5	poly(A) RNA polymerase GLD2 isoform 2 [Homo sapiens]	TRUE	TENT2
XP_032814652.2	NP_001375048.1	0	N/A	22.997	287	46	2.82e-18	90.5	poly(A) RNA polymerase GLD2 isoform 2 [Homo sapiens]	TRUE	TENT2
XP_032814652.2	NP_001375047.1	0	N/A	22.997	287	46	2.82e-18	90.5	poly(A) RNA polymerase GLD2 isoform 2 [Homo sapiens]	TRUE	TENT2
XP_032814652.2	NP_001375046.1	0	N/A	22.997	287	46	2.82e-18	90.5	poly(A) RNA polymerase GLD2 isoform 2 [Homo sapiens]	TRUE	TENT2
XP_032824562.2	NP_001375065.1	0	N/A	56.442	326	64	1.08e-123	368	poly(A) RNA polymerase GLD2 isoform 14 [Homo sapiens]	TRUE	TENT2
XP_032824562.2	NP_001375061.1	0	N/A	56.442	326	64	6.25e-123	369	poly(A) RNA polymerase GLD2 isoform 12 [Homo sapiens]	TRUE	TENT2
XP_032824562.2	NP_001375059.1	0	N/A	56.442	326	64	9.86e-123	369	poly(A) RNA polymerase GLD2 isoform 10 [Homo sapiens]	TRUE	TENT2
XP_032824562.2	XP_047272811.1	0	N/A	56.442	326	64	1.1e-122	369	poly(A) RNA polymerase GLD2 isoform X4 [Homo sapiens]	TRUE	TENT2
XP_032824562.2	XP_047272810.1	0	N/A	56.442	326	64	1.1e-122	369	poly(A) RNA polymerase GLD2 isoform X4 [Homo sapiens]	TRUE	TENT2
XP_032824562.2	XP_047272809.1	0	N/A	56.442	326	64	1.1e-122	369	poly(A) RNA polymerase GLD2 isoform X4 [Homo sapiens]	TRUE	TENT2
XP_032824562.2	NP_001375058.1	0	N/A	56.442	326	64	1.1e-122	369	poly(A) RNA polymerase GLD2 isoform 2 [Homo sapiens]	TRUE	TENT2
XP_032824562.2	NP_001375057.1	0	N/A	56.442	326	64	1.1e-122	369	poly(A) RNA polymerase GLD2 isoform 2 [Homo sapiens]	TRUE	TENT2
XP_032824562.2	NP_001375056.1	0	N/A	56.442	326	64	1.1e-122	369	poly(A) RNA polymerase GLD2 isoform 2 [Homo sapiens]	TRUE	TENT2
XP_032824562.2	NP_001375055.1	0	N/A	56.442	326	64	1.1e-122	369	poly(A) RNA polymerase GLD2 isoform 2 [Homo sapiens]	TRUE	TENT2
XP_032824562.2	NP_001375054.1	0	N/A	56.442	326	64	1.1e-122	369	poly(A) RNA polymerase GLD2 isoform 2 [Homo sapiens]	TRUE	TENT2
XP_032824562.2	NP_001375053.1	0	N/A	56.442	326	64	1.1e-122	369	poly(A) RNA polymerase GLD2 isoform 2 [Homo sapiens]	TRUE	TENT2
XP_032824562.2	NP_001375052.1	0	N/A	56.442	326	64	1.1e-122	369	poly(A) RNA polymerase GLD2 isoform 2 [Homo sapiens]	TRUE	TENT2
XP_032824562.2	NP_001375051.1	0	N/A	56.442	326	64	1.1e-122	369	poly(A) RNA polymerase GLD2 isoform 2 [Homo sapiens]	TRUE	TENT2
XP_032824562.2	NP_001375050.1	0	N/A	56.442	326	64	1.1e-122	369	poly(A) RNA polymerase GLD2 isoform 2 [Homo sapiens]	TRUE	TENT2
XP_032824562.2	NP_001375049.1	0	N/A	56.442	326	64	1.1e-122	369	poly(A) RNA polymerase GLD2 isoform 2 [Homo sapiens]	TRUE	TENT2
XP_032824562.2	NP_001375048.1	0	N/A	56.442	326	64	1.1e-122	369	poly(A) RNA polymerase GLD2 isoform 2 [Homo sapiens]	TRUE	TENT2
XP_032824562.2	NP_001375047.1	0	N/A	56.442	326	64	1.1e-122	369	poly(A) RNA polymerase GLD2 isoform 2 [Homo sapiens]	TRUE	TENT2
XP_032824562.2	NP_001375046.1	0	N/A	56.442	326	64	1.1e-122	369	poly(A) RNA polymerase GLD2 isoform 2 [Homo sapiens]	TRUE	TENT2
XP_032824562.2	NP_001375045.1	0	N/A	56.442	326	64	1.1e-122	369	poly(A) RNA polymerase GLD2 isoform 2 [Homo sapiens]	TRUE	TENT2
XP_032824562.2	NP_001375044.1	0	N/A	56.442	326	64	1.1e-122	369	poly(A) RNA polymerase GLD2 isoform 2 [Homo sapiens]	TRUE	TENT2
XP_032824562.2	NP_001375043.1	0	N/A	56.442	326	64	1.1e-122	369	poly(A) RNA polymerase GLD2 isoform 2 [Homo sapiens]	TRUE	TENT2
XP_032824562.2	NP_001336483.1	0	N/A	56.442	326	64	1.1e-122	369	poly(A) RNA polymerase GLD2 isoform 2 [Homo sapiens]	TRUE	TENT2
XP_032824562.2	NP_001284673.1	0	N/A	56.442	326	64	1.1e-122	369	poly(A) RNA polymerase GLD2 isoform 2 [Homo sapiens]	TRUE	TENT2
XP_032824562.2	NP_001375060.1	0	N/A	56.061	330	64	2.04e-121	365	poly(A) RNA polymerase GLD2 isoform 11 [Homo sapiens]	TRUE	TENT2
XP_032824562.2	NP_001375042.1	0	N/A	56.061	330	64	3.23e-121	366	poly(A) RNA polymerase GLD2 isoform 16 [Homo sapiens]	TRUE	TENT2
XP_032824562.2	XP_047272808.1	0	N/A	56.061	330	64	3.41e-121	366	poly(A) RNA polymerase GLD2 isoform X3 [Homo sapiens]	TRUE	TENT2
XP_032824562.2	XP_047272807.1	0	N/A	56.061	330	64	3.41e-121	366	poly(A) RNA polymerase GLD2 isoform X3 [Homo sapiens]	TRUE	TENT2
XP_032824562.2	XP_047272806.1	0	N/A	56.061	330	64	3.41e-121	366	poly(A) RNA polymerase GLD2 isoform X3 [Homo sapiens]	TRUE	TENT2
XP_032824562.2	NP_776158.2	0	N/A	56.061	330	64	3.41e-121	366	poly(A) RNA polymerase GLD2 isoform 1 [Homo sapiens]	TRUE	TENT2
XP_032824562.2	NP_001375041.1	0	N/A	56.061	330	64	3.41e-121	366	poly(A) RNA polymerase GLD2 isoform 1 [Homo sapiens]	TRUE	TENT2
XP_032824562.2	NP_001375040.1	0	N/A	56.061	330	64	3.41e-121	366	poly(A) RNA polymerase GLD2 isoform 1 [Homo sapiens]	TRUE	TENT2
XP_032824562.2	NP_001375039.1	0	N/A	56.061	330	64	3.41e-121	366	poly(A) RNA polymerase GLD2 isoform 1 [Homo sapiens]	TRUE	TENT2
XP_032824562.2	NP_001375038.1	0	N/A	56.061	330	64	3.41e-121	366	poly(A) RNA polymerase GLD2 isoform 1 [Homo sapiens]	TRUE	TENT2
XP_032824562.2	NP_001375037.1	0	N/A	56.061	330	64	3.41e-121	366	poly(A) RNA polymerase GLD2 isoform 1 [Homo sapiens]	TRUE	TENT2
XP_032824562.2	NP_001375036.1	0	N/A	56.061	330	64	3.41e-121	366	poly(A) RNA polymerase GLD2 isoform 1 [Homo sapiens]	TRUE	TENT2
XP_032824562.2	NP_001375035.1	0	N/A	56.061	330	64	3.41e-121	366	poly(A) RNA polymerase GLD2 isoform 1 [Homo sapiens]	TRUE	TENT2
XP_032824562.2	NP_001375034.1	0	N/A	56.061	330	64	3.41e-121	366	poly(A) RNA polymerase GLD2 isoform 1 [Homo sapiens]	TRUE	TENT2
XP_032824562.2	NP_001375032.1	0	N/A	56.061	330	64	3.41e-121	366	poly(A) RNA polymerase GLD2 isoform 1 [Homo sapiens]	TRUE	TENT2
XP_032824562.2	NP_001375031.1	0	N/A	56.061	330	64	3.41e-121	366	poly(A) RNA polymerase GLD2 isoform 1 [Homo sapiens]	TRUE	TENT2
XP_032824562.2	NP_001336482.1	0	N/A	56.061	330	64	3.41e-121	366	poly(A) RNA polymerase GLD2 isoform 1 [Homo sapiens]	TRUE	TENT2
XP_032824562.2	NP_001336481.1	0	N/A	56.061	330	64	3.41e-121	366	poly(A) RNA polymerase GLD2 isoform 1 [Homo sapiens]	TRUE	TENT2
XP_032824562.2	NP_001107866.1	0	N/A	56.061	330	64	3.41e-121	366	poly(A) RNA polymerase GLD2 isoform 1 [Homo sapiens]	TRUE	TENT2
XP_032824562.2	NP_001107865.1	0	N/A	56.061	330	64	3.41e-121	366	poly(A) RNA polymerase GLD2 isoform 1 [Homo sapiens]	TRUE	TENT2
XP_032824562.2	XP_047272805.1	0	N/A	52.137	351	64	1.1e-119	363	poly(A) RNA polymerase GLD2 isoform X2 [Homo sapiens]	TRUE	TENT2
XP_032824562.2	XP_047272804.1	0	N/A	52.137	351	64	1.1e-119	363	poly(A) RNA polymerase GLD2 isoform X2 [Homo sapiens]	TRUE	TENT2
XP_032824562.2	XP_047272803.1	0	N/A	52.137	351	64	1.1e-119	363	poly(A) RNA polymerase GLD2 isoform X2 [Homo sapiens]	TRUE	TENT2
XP_032824562.2	XP_047272802.1	0	N/A	52.137	351	64	1.1e-119	363	poly(A) RNA polymerase GLD2 isoform X2 [Homo sapiens]	TRUE	TENT2
XP_032824562.2	XP_016864641.1	0	N/A	52.137	351	64	1.1e-119	363	poly(A) RNA polymerase GLD2 isoform X2 [Homo sapiens]	TRUE	TENT2
XP_032824562.2	NP_001375026.1	0	N/A	52.137	351	64	1.1e-119	363	poly(A) RNA polymerase GLD2 isoform 6 [Homo sapiens]	TRUE	TENT2
XP_032824562.2	NP_001375025.1	0	N/A	52.137	351	64	1.1e-119	363	poly(A) RNA polymerase GLD2 isoform 6 [Homo sapiens]	TRUE	TENT2
XP_032824562.2	NP_001375024.1	0	N/A	52.137	351	64	1.1e-119	363	poly(A) RNA polymerase GLD2 isoform 6 [Homo sapiens]	TRUE	TENT2
XP_032824562.2	NP_001336480.1	0	N/A	52.137	351	64	1.1e-119	363	poly(A) RNA polymerase GLD2 isoform 6 [Homo sapiens]	TRUE	TENT2
XP_032824562.2	NP_001375027.1	0	N/A	52.137	351	64	1.12e-119	362	poly(A) RNA polymerase GLD2 isoform 7 [Homo sapiens]	TRUE	TENT2
XP_032824562.2	NP_001375030.1	0	N/A	54.762	336	64	2.01e-119	361	poly(A) RNA polymerase GLD2 isoform 9 [Homo sapiens]	TRUE	TENT2
XP_032824562.2	XP_047272801.1	0	N/A	51.831	355	64	2.69e-118	359	poly(A) RNA polymerase GLD2 isoform X1 [Homo sapiens]	TRUE	TENT2
XP_032824562.2	XP_047272800.1	0	N/A	51.831	355	64	2.69e-118	359	poly(A) RNA polymerase GLD2 isoform X1 [Homo sapiens]	TRUE	TENT2
XP_032824562.2	XP_011541527.1	0	N/A	51.831	355	64	2.69e-118	359	poly(A) RNA polymerase GLD2 isoform X1 [Homo sapiens]	TRUE	TENT2
XP_032824562.2	XP_011541526.1	0	N/A	51.831	355	64	2.69e-118	359	poly(A) RNA polymerase GLD2 isoform X1 [Homo sapiens]	TRUE	TENT2
XP_032824562.2	XP_011541523.1	0	N/A	51.831	355	64	2.69e-118	359	poly(A) RNA polymerase GLD2 isoform X1 [Homo sapiens]	TRUE	TENT2
XP_032824562.2	XP_011541522.1	0	N/A	51.831	355	64	2.69e-118	359	poly(A) RNA polymerase GLD2 isoform X1 [Homo sapiens]	TRUE	TENT2
XP_032824562.2	NP_001375023.1	0	N/A	51.831	355	64	2.69e-118	359	poly(A) RNA polymerase GLD2 isoform 5 [Homo sapiens]	TRUE	TENT2
XP_032824562.2	NP_001375022.1	0	N/A	51.831	355	64	2.69e-118	359	poly(A) RNA polymerase GLD2 isoform 5 [Homo sapiens]	TRUE	TENT2
XP_032824562.2	NP_001336479.1	0	N/A	51.831	355	64	2.69e-118	359	poly(A) RNA polymerase GLD2 isoform 5 [Homo sapiens]	TRUE	TENT2
XP_032824562.2	NP_001336478.1	0	N/A	51.831	355	64	2.69e-118	359	poly(A) RNA polymerase GLD2 isoform 5 [Homo sapiens]	TRUE	TENT2
XP_032824562.2	NP_001375029.1	0	N/A	54.412	340	64	5.64e-118	358	poly(A) RNA polymerase GLD2 isoform 8 [Homo sapiens]	TRUE	TENT2
XP_032824562.2	NP_001375028.1	0	N/A	54.412	340	64	5.64e-118	358	poly(A) RNA polymerase GLD2 isoform 8 [Homo sapiens]	TRUE	TENT2
XP_032824562.2	NP_001336477.1	0	N/A	56.746	252	50	2.15e-93	286	poly(A) RNA polymerase GLD2 isoform 4 [Homo sapiens]	TRUE	TENT2
XP_032824562.2	XP_047272820.1	0	N/A	60.09	223	44	7.87e-91	280	poly(A) RNA polymerase GLD2 isoform X11 [Homo sapiens]	TRUE	TENT2
XP_032824562.2	XP_047272815.1	0	N/A	46.626	326	64	4.43e-89	281	poly(A) RNA polymerase GLD2 isoform X7 [Homo sapiens]	TRUE	TENT2
XP_032824562.2	NP_001375064.1	0	N/A	46.626	326	64	4.43e-89	281	poly(A) RNA polymerase GLD2 isoform 13 [Homo sapiens]	TRUE	TENT2
XP_032824562.2	NP_001375063.1	0	N/A	46.626	326	64	4.43e-89	281	poly(A) RNA polymerase GLD2 isoform 13 [Homo sapiens]	TRUE	TENT2
XP_032824562.2	XP_047272814.1	0	N/A	46.364	330	64	1.19e-87	278	poly(A) RNA polymerase GLD2 isoform X6 [Homo sapiens]	TRUE	TENT2
XP_032824562.2	XP_047272813.1	0	N/A	46.364	330	64	1.19e-87	278	poly(A) RNA polymerase GLD2 isoform X6 [Homo sapiens]	TRUE	TENT2
XP_032824562.2	XP_047272812.1	0	N/A	46.364	330	64	1.19e-87	278	poly(A) RNA polymerase GLD2 isoform X6 [Homo sapiens]	TRUE	TENT2
XP_032824562.2	NP_001375062.1	0	N/A	46.364	330	64	1.19e-87	278	poly(A) RNA polymerase GLD2 isoform 3 [Homo sapiens]	TRUE	TENT2
XP_032824562.2	NP_001284674.1	0	N/A	46.364	330	64	1.19e-87	278	poly(A) RNA polymerase GLD2 isoform 3 [Homo sapiens]	TRUE	TENT2
XP_032824562.2	XP_011541531.1	0	N/A	42.817	355	64	8.02e-85	271	poly(A) RNA polymerase GLD2 isoform X5 [Homo sapiens]	TRUE	TENT2
XP_032824562.2	NP_001375066.1	0	N/A	57.005	207	41	1.62e-77	246	poly(A) RNA polymerase GLD2 isoform 15 [Homo sapiens]	TRUE	TENT2
XP_032824562.2	XP_047272818.1	0	N/A	59.898	197	38	1.9e-69	228	poly(A) RNA polymerase GLD2 isoform X10 [Homo sapiens]	TRUE	TENT2
XP_032824562.2	XP_047272817.1	0	N/A	54.762	210	36	8.69e-68	224	poly(A) RNA polymerase GLD2 isoform X9 [Homo sapiens]	TRUE	TENT2
XP_032824562.2	XP_047272816.1	0	N/A	52.703	222	38	2e-66	221	poly(A) RNA polymerase GLD2 isoform X8 [Homo sapiens]	TRUE	TENT2
XP_032824562.2	NP_001317647.1	0	N/A	33.226	310	60	8.67e-45	170	terminal uridylyltransferase 7 isoform 3 [Homo sapiens]	TRUE	Tut7
XP_032824562.2	XP_005252265.1	0	N/A	33.226	310	60	1.47e-44	171	terminal uridylyltransferase 7 isoform X7 [Homo sapiens]	TRUE	Tut7
XP_032824562.2	XP_047279823.1	0	N/A	33.226	310	60	1.55e-44	171	terminal uridylyltransferase 7 isoform X2 [Homo sapiens]	TRUE	Tut7
XP_032824562.2	XP_006717346.1	0	N/A	33.226	310	60	1.55e-44	171	terminal uridylyltransferase 7 isoform X2 [Homo sapiens]	TRUE	Tut7
XP_032824562.2	XP_011517317.1	0	N/A	33.226	310	60	1.56e-44	171	terminal uridylyltransferase 7 isoform X3 [Homo sapiens]	TRUE	Tut7
XP_032824562.2	XP_011517318.1	0	N/A	33.226	310	60	1.6e-44	171	terminal uridylyltransferase 7 isoform X5 [Homo sapiens]	TRUE	Tut7
XP_032824562.2	XP_047279825.1	0	N/A	33.226	310	60	1.61e-44	171	terminal uridylyltransferase 7 isoform X6 [Homo sapiens]	TRUE	Tut7
XP_032824562.2	XP_047279824.1	0	N/A	33.226	310	60	1.61e-44	171	terminal uridylyltransferase 7 isoform X6 [Homo sapiens]	TRUE	Tut7
XP_032824562.2	XP_005252264.1	0	N/A	33.226	310	60	1.61e-44	171	terminal uridylyltransferase 7 isoform X6 [Homo sapiens]	TRUE	Tut7
XP_032824562.2	XP_016870620.1	0	N/A	33.226	310	60	1.62e-44	171	terminal uridylyltransferase 7 isoform X4 [Homo sapiens]	TRUE	Tut7
XP_032824562.2	XP_016870619.1	0	N/A	33.226	310	60	1.62e-44	171	terminal uridylyltransferase 7 isoform X4 [Homo sapiens]	TRUE	Tut7
XP_032824562.2	NP_078893.2	0	N/A	33.226	310	60	1.62e-44	171	terminal uridylyltransferase 7 isoform 1 [Homo sapiens]	TRUE	Tut7
XP_032824562.2	NP_001171988.1	0	N/A	33.226	310	60	1.62e-44	171	terminal uridylyltransferase 7 isoform 1 [Homo sapiens]	TRUE	Tut7
XP_032824562.2	XP_011517316.1	0	N/A	33.226	310	60	1.62e-44	171	terminal uridylyltransferase 7 isoform X1 [Homo sapiens]	TRUE	Tut7
XP_032824562.2	XP_011517315.1	0	N/A	33.226	310	60	1.62e-44	171	terminal uridylyltransferase 7 isoform X1 [Homo sapiens]	TRUE	Tut7
XP_032824562.2	XP_011517314.1	0	N/A	33.226	310	60	1.62e-44	171	terminal uridylyltransferase 7 isoform X1 [Homo sapiens]	TRUE	Tut7
XP_032824562.2	XP_011517313.1	0	N/A	33.226	310	60	1.62e-44	171	terminal uridylyltransferase 7 isoform X1 [Homo sapiens]	TRUE	Tut7
XP_032824562.2	XP_047272372.1	0	N/A	34.082	267	50	1.49e-40	159	terminal uridylyltransferase 4 isoform X42 [Homo sapiens]	TRUE	Tut4
XP_034323580.1	NP_001375065.1	0	N/A	41.304	322	69	1.23e-76	246	poly(A) RNA polymerase GLD2 isoform 14 [Homo sapiens]	TRUE	TENT2
XP_034323580.1	NP_001375061.1	0	N/A	41.304	322	69	1.3e-76	248	poly(A) RNA polymerase GLD2 isoform 12 [Homo sapiens]	TRUE	TENT2
XP_034323580.1	NP_001375059.1	0	N/A	41.304	322	69	1.76e-76	249	poly(A) RNA polymerase GLD2 isoform 10 [Homo sapiens]	TRUE	TENT2
XP_034323580.1	XP_047272811.1	0	N/A	41.304	322	69	1.94e-76	249	poly(A) RNA polymerase GLD2 isoform X4 [Homo sapiens]	TRUE	TENT2
XP_034323580.1	XP_047272810.1	0	N/A	41.304	322	69	1.94e-76	249	poly(A) RNA polymerase GLD2 isoform X4 [Homo sapiens]	TRUE	TENT2
XP_034323580.1	XP_047272809.1	0	N/A	41.304	322	69	1.94e-76	249	poly(A) RNA polymerase GLD2 isoform X4 [Homo sapiens]	TRUE	TENT2
XP_034323580.1	NP_001375058.1	0	N/A	41.304	322	69	1.94e-76	249	poly(A) RNA polymerase GLD2 isoform 2 [Homo sapiens]	TRUE	TENT2
XP_034323580.1	NP_001375057.1	0	N/A	41.304	322	69	1.94e-76	249	poly(A) RNA polymerase GLD2 isoform 2 [Homo sapiens]	TRUE	TENT2
XP_034323580.1	NP_001375056.1	0	N/A	41.304	322	69	1.94e-76	249	poly(A) RNA polymerase GLD2 isoform 2 [Homo sapiens]	TRUE	TENT2
XP_034323580.1	NP_001375055.1	0	N/A	41.304	322	69	1.94e-76	249	poly(A) RNA polymerase GLD2 isoform 2 [Homo sapiens]	TRUE	TENT2
XP_034323580.1	NP_001375054.1	0	N/A	41.304	322	69	1.94e-76	249	poly(A) RNA polymerase GLD2 isoform 2 [Homo sapiens]	TRUE	TENT2
XP_034323580.1	NP_001375053.1	0	N/A	41.304	322	69	1.94e-76	249	poly(A) RNA polymerase GLD2 isoform 2 [Homo sapiens]	TRUE	TENT2
XP_034323580.1	NP_001375052.1	0	N/A	41.304	322	69	1.94e-76	249	poly(A) RNA polymerase GLD2 isoform 2 [Homo sapiens]	TRUE	TENT2
XP_034323580.1	NP_001375051.1	0	N/A	41.304	322	69	1.94e-76	249	poly(A) RNA polymerase GLD2 isoform 2 [Homo sapiens]	TRUE	TENT2
XP_034323580.1	NP_001375050.1	0	N/A	41.304	322	69	1.94e-76	249	poly(A) RNA polymerase GLD2 isoform 2 [Homo sapiens]	TRUE	TENT2
XP_034323580.1	NP_001375049.1	0	N/A	41.304	322	69	1.94e-76	249	poly(A) RNA polymerase GLD2 isoform 2 [Homo sapiens]	TRUE	TENT2
XP_034323580.1	NP_001375048.1	0	N/A	41.304	322	69	1.94e-76	249	poly(A) RNA polymerase GLD2 isoform 2 [Homo sapiens]	TRUE	TENT2
XP_034323580.1	NP_001375047.1	0	N/A	41.304	322	69	1.94e-76	249	poly(A) RNA polymerase GLD2 isoform 2 [Homo sapiens]	TRUE	TENT2
XP_034323580.1	NP_001375046.1	0	N/A	41.304	322	69	1.94e-76	249	poly(A) RNA polymerase GLD2 isoform 2 [Homo sapiens]	TRUE	TENT2
XP_034323580.1	NP_001375045.1	0	N/A	41.304	322	69	1.94e-76	249	poly(A) RNA polymerase GLD2 isoform 2 [Homo sapiens]	TRUE	TENT2
XP_034323580.1	NP_001375044.1	0	N/A	41.304	322	69	1.94e-76	249	poly(A) RNA polymerase GLD2 isoform 2 [Homo sapiens]	TRUE	TENT2
XP_034323580.1	NP_001375043.1	0	N/A	41.304	322	69	1.94e-76	249	poly(A) RNA polymerase GLD2 isoform 2 [Homo sapiens]	TRUE	TENT2
XP_034323580.1	NP_001336483.1	0	N/A	41.304	322	69	1.94e-76	249	poly(A) RNA polymerase GLD2 isoform 2 [Homo sapiens]	TRUE	TENT2
XP_034323580.1	NP_001284673.1	0	N/A	41.304	322	69	1.94e-76	249	poly(A) RNA polymerase GLD2 isoform 2 [Homo sapiens]	TRUE	TENT2
XP_034323580.1	NP_001375060.1	0	N/A	40.798	326	69	3.98e-74	242	poly(A) RNA polymerase GLD2 isoform 11 [Homo sapiens]	TRUE	TENT2
XP_034323580.1	NP_001375042.1	0	N/A	40.798	326	69	4.91e-74	243	poly(A) RNA polymerase GLD2 isoform 16 [Homo sapiens]	TRUE	TENT2
XP_034323580.1	XP_047272808.1	0	N/A	40.798	326	69	5.37e-74	243	poly(A) RNA polymerase GLD2 isoform X3 [Homo sapiens]	TRUE	TENT2
XP_034323580.1	XP_047272807.1	0	N/A	40.798	326	69	5.37e-74	243	poly(A) RNA polymerase GLD2 isoform X3 [Homo sapiens]	TRUE	TENT2
XP_034323580.1	XP_047272806.1	0	N/A	40.798	326	69	5.37e-74	243	poly(A) RNA polymerase GLD2 isoform X3 [Homo sapiens]	TRUE	TENT2
XP_034323580.1	NP_776158.2	0	N/A	40.798	326	69	5.37e-74	243	poly(A) RNA polymerase GLD2 isoform 1 [Homo sapiens]	TRUE	TENT2
XP_034323580.1	NP_001375041.1	0	N/A	40.798	326	69	5.37e-74	243	poly(A) RNA polymerase GLD2 isoform 1 [Homo sapiens]	TRUE	TENT2
XP_034323580.1	NP_001375040.1	0	N/A	40.798	326	69	5.37e-74	243	poly(A) RNA polymerase GLD2 isoform 1 [Homo sapiens]	TRUE	TENT2
XP_034323580.1	NP_001375039.1	0	N/A	40.798	326	69	5.37e-74	243	poly(A) RNA polymerase GLD2 isoform 1 [Homo sapiens]	TRUE	TENT2
XP_034323580.1	NP_001375038.1	0	N/A	40.798	326	69	5.37e-74	243	poly(A) RNA polymerase GLD2 isoform 1 [Homo sapiens]	TRUE	TENT2
XP_034323580.1	NP_001375037.1	0	N/A	40.798	326	69	5.37e-74	243	poly(A) RNA polymerase GLD2 isoform 1 [Homo sapiens]	TRUE	TENT2
XP_034323580.1	NP_001375036.1	0	N/A	40.798	326	69	5.37e-74	243	poly(A) RNA polymerase GLD2 isoform 1 [Homo sapiens]	TRUE	TENT2
XP_034323580.1	NP_001375035.1	0	N/A	40.798	326	69	5.37e-74	243	poly(A) RNA polymerase GLD2 isoform 1 [Homo sapiens]	TRUE	TENT2
XP_034323580.1	NP_001375034.1	0	N/A	40.798	326	69	5.37e-74	243	poly(A) RNA polymerase GLD2 isoform 1 [Homo sapiens]	TRUE	TENT2
XP_034323580.1	NP_001375032.1	0	N/A	40.798	326	69	5.37e-74	243	poly(A) RNA polymerase GLD2 isoform 1 [Homo sapiens]	TRUE	TENT2
XP_034323580.1	NP_001375031.1	0	N/A	40.798	326	69	5.37e-74	243	poly(A) RNA polymerase GLD2 isoform 1 [Homo sapiens]	TRUE	TENT2
XP_034323580.1	NP_001336482.1	0	N/A	40.798	326	69	5.37e-74	243	poly(A) RNA polymerase GLD2 isoform 1 [Homo sapiens]	TRUE	TENT2
XP_034323580.1	NP_001336481.1	0	N/A	40.798	326	69	5.37e-74	243	poly(A) RNA polymerase GLD2 isoform 1 [Homo sapiens]	TRUE	TENT2
XP_034323580.1	NP_001107866.1	0	N/A	40.798	326	69	5.37e-74	243	poly(A) RNA polymerase GLD2 isoform 1 [Homo sapiens]	TRUE	TENT2
XP_034323580.1	NP_001107865.1	0	N/A	40.798	326	69	5.37e-74	243	poly(A) RNA polymerase GLD2 isoform 1 [Homo sapiens]	TRUE	TENT2
XP_034323580.1	NP_001375030.1	0	N/A	43.403	288	61	6.12e-74	243	poly(A) RNA polymerase GLD2 isoform 9 [Homo sapiens]	TRUE	TENT2
XP_034323580.1	NP_001375027.1	0	N/A	38.617	347	69	1.46e-73	242	poly(A) RNA polymerase GLD2 isoform 7 [Homo sapiens]	TRUE	TENT2
XP_034323580.1	XP_047272805.1	0	N/A	38.617	347	69	1.51e-73	242	poly(A) RNA polymerase GLD2 isoform X2 [Homo sapiens]	TRUE	TENT2
XP_034323580.1	XP_047272804.1	0	N/A	38.617	347	69	1.51e-73	242	poly(A) RNA polymerase GLD2 isoform X2 [Homo sapiens]	TRUE	TENT2
XP_034323580.1	XP_047272803.1	0	N/A	38.617	347	69	1.51e-73	242	poly(A) RNA polymerase GLD2 isoform X2 [Homo sapiens]	TRUE	TENT2
XP_034323580.1	XP_047272802.1	0	N/A	38.617	347	69	1.51e-73	242	poly(A) RNA polymerase GLD2 isoform X2 [Homo sapiens]	TRUE	TENT2
XP_034323580.1	XP_016864641.1	0	N/A	38.617	347	69	1.51e-73	242	poly(A) RNA polymerase GLD2 isoform X2 [Homo sapiens]	TRUE	TENT2
XP_034323580.1	NP_001375026.1	0	N/A	38.617	347	69	1.51e-73	242	poly(A) RNA polymerase GLD2 isoform 6 [Homo sapiens]	TRUE	TENT2
XP_034323580.1	NP_001375025.1	0	N/A	38.617	347	69	1.51e-73	242	poly(A) RNA polymerase GLD2 isoform 6 [Homo sapiens]	TRUE	TENT2
XP_034323580.1	NP_001375024.1	0	N/A	38.617	347	69	1.51e-73	242	poly(A) RNA polymerase GLD2 isoform 6 [Homo sapiens]	TRUE	TENT2
XP_034323580.1	NP_001336480.1	0	N/A	38.617	347	69	1.51e-73	242	poly(A) RNA polymerase GLD2 isoform 6 [Homo sapiens]	TRUE	TENT2
XP_034323580.1	NP_001375029.1	0	N/A	42.808	292	61	1.72e-71	236	poly(A) RNA polymerase GLD2 isoform 8 [Homo sapiens]	TRUE	TENT2
XP_034323580.1	NP_001375028.1	0	N/A	42.808	292	61	1.72e-71	236	poly(A) RNA polymerase GLD2 isoform 8 [Homo sapiens]	TRUE	TENT2
XP_034323580.1	XP_047272801.1	0	N/A	38.177	351	69	3.86e-71	236	poly(A) RNA polymerase GLD2 isoform X1 [Homo sapiens]	TRUE	TENT2
XP_034323580.1	XP_047272800.1	0	N/A	38.177	351	69	3.86e-71	236	poly(A) RNA polymerase GLD2 isoform X1 [Homo sapiens]	TRUE	TENT2
XP_034323580.1	XP_011541527.1	0	N/A	38.177	351	69	3.86e-71	236	poly(A) RNA polymerase GLD2 isoform X1 [Homo sapiens]	TRUE	TENT2
XP_034323580.1	XP_011541526.1	0	N/A	38.177	351	69	3.86e-71	236	poly(A) RNA polymerase GLD2 isoform X1 [Homo sapiens]	TRUE	TENT2
XP_034323580.1	XP_011541523.1	0	N/A	38.177	351	69	3.86e-71	236	poly(A) RNA polymerase GLD2 isoform X1 [Homo sapiens]	TRUE	TENT2
XP_034323580.1	XP_011541522.1	0	N/A	38.177	351	69	3.86e-71	236	poly(A) RNA polymerase GLD2 isoform X1 [Homo sapiens]	TRUE	TENT2
XP_034323580.1	NP_001375023.1	0	N/A	38.177	351	69	3.86e-71	236	poly(A) RNA polymerase GLD2 isoform 5 [Homo sapiens]	TRUE	TENT2
XP_034323580.1	NP_001375022.1	0	N/A	38.177	351	69	3.86e-71	236	poly(A) RNA polymerase GLD2 isoform 5 [Homo sapiens]	TRUE	TENT2
XP_034323580.1	NP_001336479.1	0	N/A	38.177	351	69	3.86e-71	236	poly(A) RNA polymerase GLD2 isoform 5 [Homo sapiens]	TRUE	TENT2
XP_034323580.1	NP_001336478.1	0	N/A	38.177	351	69	3.86e-71	236	poly(A) RNA polymerase GLD2 isoform 5 [Homo sapiens]	TRUE	TENT2
XP_034323580.1	NP_001336477.1	0	N/A	43.529	255	54	1.47e-62	206	poly(A) RNA polymerase GLD2 isoform 4 [Homo sapiens]	TRUE	TENT2
XP_034323580.1	XP_047272820.1	0	N/A	42.276	246	53	4.83e-60	199	poly(A) RNA polymerase GLD2 isoform X11 [Homo sapiens]	TRUE	TENT2
XP_034323580.1	NP_001375066.1	0	N/A	40.426	235	50	2.96e-52	179	poly(A) RNA polymerase GLD2 isoform 15 [Homo sapiens]	TRUE	TENT2
XP_034323580.1	XP_047272815.1	0	N/A	32.298	322	69	2.93e-48	173	poly(A) RNA polymerase GLD2 isoform X7 [Homo sapiens]	TRUE	TENT2
XP_034323580.1	NP_001375064.1	0	N/A	32.298	322	69	2.93e-48	173	poly(A) RNA polymerase GLD2 isoform 13 [Homo sapiens]	TRUE	TENT2
XP_034323580.1	NP_001375063.1	0	N/A	32.298	322	69	2.93e-48	173	poly(A) RNA polymerase GLD2 isoform 13 [Homo sapiens]	TRUE	TENT2
XP_034323580.1	XP_047272814.1	0	N/A	31.902	326	69	6.88e-46	167	poly(A) RNA polymerase GLD2 isoform X6 [Homo sapiens]	TRUE	TENT2
XP_034323580.1	XP_047272813.1	0	N/A	31.902	326	69	6.88e-46	167	poly(A) RNA polymerase GLD2 isoform X6 [Homo sapiens]	TRUE	TENT2
XP_034323580.1	XP_047272812.1	0	N/A	31.902	326	69	6.88e-46	167	poly(A) RNA polymerase GLD2 isoform X6 [Homo sapiens]	TRUE	TENT2
XP_034323580.1	NP_001375062.1	0	N/A	31.902	326	69	6.88e-46	167	poly(A) RNA polymerase GLD2 isoform 3 [Homo sapiens]	TRUE	TENT2
XP_034323580.1	NP_001284674.1	0	N/A	31.902	326	69	6.88e-46	167	poly(A) RNA polymerase GLD2 isoform 3 [Homo sapiens]	TRUE	TENT2
XP_034323580.1	XP_047272818.1	0	N/A	46.524	187	39	3.76e-44	160	poly(A) RNA polymerase GLD2 isoform X10 [Homo sapiens]	TRUE	TENT2
XP_034323580.1	XP_047272817.1	0	N/A	42.308	208	39	1.49e-43	159	poly(A) RNA polymerase GLD2 isoform X9 [Homo sapiens]	TRUE	TENT2
XP_034323580.1	XP_011541531.1	0	N/A	29.915	351	69	3.9e-43	160	poly(A) RNA polymerase GLD2 isoform X5 [Homo sapiens]	TRUE	TENT2
XP_034323580.1	XP_047272816.1	0	N/A	41.509	212	39	2.94e-41	153	poly(A) RNA polymerase GLD2 isoform X8 [Homo sapiens]	TRUE	TENT2
XP_034323580.1	XP_005252265.1	0	N/A	31.498	327	68	1.55e-33	137	terminal uridylyltransferase 7 isoform X7 [Homo sapiens]	TRUE	Tut7
XP_034323580.1	XP_047279823.1	0	N/A	31.498	327	68	2.13e-33	136	terminal uridylyltransferase 7 isoform X2 [Homo sapiens]	TRUE	Tut7
XP_034323580.1	XP_006717346.1	0	N/A	31.498	327	68	2.13e-33	136	terminal uridylyltransferase 7 isoform X2 [Homo sapiens]	TRUE	Tut7
XP_034323580.1	XP_047279825.1	0	N/A	31.498	327	68	2.22e-33	136	terminal uridylyltransferase 7 isoform X6 [Homo sapiens]	TRUE	Tut7
XP_034323580.1	XP_047279824.1	0	N/A	31.498	327	68	2.22e-33	136	terminal uridylyltransferase 7 isoform X6 [Homo sapiens]	TRUE	Tut7
XP_034323580.1	XP_005252264.1	0	N/A	31.498	327	68	2.22e-33	136	terminal uridylyltransferase 7 isoform X6 [Homo sapiens]	TRUE	Tut7
XP_034323580.1	XP_011517318.1	0	N/A	31.498	327	68	2.24e-33	136	terminal uridylyltransferase 7 isoform X5 [Homo sapiens]	TRUE	Tut7
XP_034323580.1	XP_016870620.1	0	N/A	31.498	327	68	2.25e-33	136	terminal uridylyltransferase 7 isoform X4 [Homo sapiens]	TRUE	Tut7
XP_034323580.1	XP_016870619.1	0	N/A	31.498	327	68	2.25e-33	136	terminal uridylyltransferase 7 isoform X4 [Homo sapiens]	TRUE	Tut7
XP_034323580.1	NP_078893.2	0	N/A	31.498	327	68	2.25e-33	136	terminal uridylyltransferase 7 isoform 1 [Homo sapiens]	TRUE	Tut7
XP_034323580.1	NP_001171988.1	0	N/A	31.498	327	68	2.25e-33	136	terminal uridylyltransferase 7 isoform 1 [Homo sapiens]	TRUE	Tut7
XP_034323580.1	XP_011517316.1	0	N/A	31.498	327	68	2.34e-33	136	terminal uridylyltransferase 7 isoform X1 [Homo sapiens]	TRUE	Tut7
XP_034323580.1	XP_011517315.1	0	N/A	31.498	327	68	2.34e-33	136	terminal uridylyltransferase 7 isoform X1 [Homo sapiens]	TRUE	Tut7
XP_034323580.1	XP_011517314.1	0	N/A	31.498	327	68	2.34e-33	136	terminal uridylyltransferase 7 isoform X1 [Homo sapiens]	TRUE	Tut7
XP_034323580.1	XP_011517313.1	0	N/A	31.498	327	68	2.34e-33	136	terminal uridylyltransferase 7 isoform X1 [Homo sapiens]	TRUE	Tut7
XP_034323580.1	NP_001317647.1	0	N/A	31.498	327	68	2.35e-33	135	terminal uridylyltransferase 7 isoform 3 [Homo sapiens]	TRUE	Tut7
XP_034323580.1	XP_011517317.1	0	N/A	31.498	327	68	2.35e-33	136	terminal uridylyltransferase 7 isoform X3 [Homo sapiens]	TRUE	Tut7
XP_034323580.1	XP_047272290.1	0	N/A	29.487	312	65	8.86e-30	125	terminal uridylyltransferase 4 isoform X11 [Homo sapiens]	TRUE	Tut4
XP_035657908.1	NP_060579.3	0	N/A	48	500	80	1.35e-160	474	poly(A) RNA polymerase, mitochondrial precursor [Homo sapiens]	TRUE	mtPAP
XP_035657908.1	NP_073741.3	0	N/A	34.025	241	37	7.74e-35	143	speckle targeted PIP5K1A-regulated poly(A) polymerase isoform 1 [Homo sapiens]	TRUE	Tut1
XP_035657908.1	XP_005252265.1	0	N/A	28.819	288	45	8.01e-23	106	terminal uridylyltransferase 7 isoform X7 [Homo sapiens]	TRUE	Tut7
XP_035657908.1	XP_047279823.1	0	N/A	28.819	288	45	8.96e-23	106	terminal uridylyltransferase 7 isoform X2 [Homo sapiens]	TRUE	Tut7
XP_035657908.1	XP_006717346.1	0	N/A	28.819	288	45	8.96e-23	106	terminal uridylyltransferase 7 isoform X2 [Homo sapiens]	TRUE	Tut7
XP_035657908.1	XP_011517316.1	0	N/A	28.819	288	45	9.06e-23	106	terminal uridylyltransferase 7 isoform X1 [Homo sapiens]	TRUE	Tut7
XP_035657908.1	XP_011517315.1	0	N/A	28.819	288	45	9.06e-23	106	terminal uridylyltransferase 7 isoform X1 [Homo sapiens]	TRUE	Tut7
XP_035657908.1	XP_011517314.1	0	N/A	28.819	288	45	9.06e-23	106	terminal uridylyltransferase 7 isoform X1 [Homo sapiens]	TRUE	Tut7
XP_035657908.1	XP_011517313.1	0	N/A	28.819	288	45	9.06e-23	106	terminal uridylyltransferase 7 isoform X1 [Homo sapiens]	TRUE	Tut7
XP_035657908.1	XP_011517317.1	0	N/A	28.819	288	45	9.11e-23	106	terminal uridylyltransferase 7 isoform X3 [Homo sapiens]	TRUE	Tut7
XP_035657908.1	XP_016870620.1	0	N/A	28.819	288	45	9.67e-23	106	terminal uridylyltransferase 7 isoform X4 [Homo sapiens]	TRUE	Tut7
XP_035657908.1	XP_016870619.1	0	N/A	28.819	288	45	9.67e-23	106	terminal uridylyltransferase 7 isoform X4 [Homo sapiens]	TRUE	Tut7
XP_035657908.1	NP_078893.2	0	N/A	28.819	288	45	9.67e-23	106	terminal uridylyltransferase 7 isoform 1 [Homo sapiens]	TRUE	Tut7
XP_035657908.1	NP_001171988.1	0	N/A	28.819	288	45	9.67e-23	106	terminal uridylyltransferase 7 isoform 1 [Homo sapiens]	TRUE	Tut7
XP_035657908.1	XP_047279825.1	0	N/A	28.819	288	45	9.8e-23	106	terminal uridylyltransferase 7 isoform X6 [Homo sapiens]	TRUE	Tut7
XP_035657908.1	XP_047279824.1	0	N/A	28.819	288	45	9.8e-23	106	terminal uridylyltransferase 7 isoform X6 [Homo sapiens]	TRUE	Tut7
XP_035657908.1	XP_005252264.1	0	N/A	28.819	288	45	9.8e-23	106	terminal uridylyltransferase 7 isoform X6 [Homo sapiens]	TRUE	Tut7
XP_035657908.1	XP_011517318.1	0	N/A	28.819	288	45	1e-22	106	terminal uridylyltransferase 7 isoform X5 [Homo sapiens]	TRUE	Tut7
XP_035657908.1	NP_001317647.1	0	N/A	28.819	288	45	1.19e-22	105	terminal uridylyltransferase 7 isoform 3 [Homo sapiens]	TRUE	Tut7
XP_035657908.1	XP_005270739.1	0	N/A	26.545	275	42	1.3e-18	93.2	terminal uridylyltransferase 4 isoform X33 [Homo sapiens]	TRUE	Tut4
XP_035657908.1	XP_047272345.1	0	N/A	26.545	275	42	1.32e-18	93.2	terminal uridylyltransferase 4 isoform X31 [Homo sapiens]	TRUE	Tut4
XP_035657908.1	XP_011539401.1	0	N/A	26.545	275	42	1.34e-18	93.2	terminal uridylyltransferase 4 isoform X29 [Homo sapiens]	TRUE	Tut4
XP_035657908.1	XP_016856296.1	0	N/A	26.545	275	42	1.37e-18	93.2	terminal uridylyltransferase 4 isoform X28 [Homo sapiens]	TRUE	Tut4
XP_035657908.1	XP_047272337.1	0	N/A	26.545	275	42	1.41e-18	93.2	terminal uridylyltransferase 4 isoform X27 [Homo sapiens]	TRUE	Tut4
XP_035657908.1	XP_047272344.1	0	N/A	26.545	275	42	1.41e-18	93.2	terminal uridylyltransferase 4 isoform X30 [Homo sapiens]	TRUE	Tut4
XP_035657908.1	XP_047272295.1	0	N/A	26.545	275	42	1.42e-18	93.2	terminal uridylyltransferase 4 isoform X12 [Homo sapiens]	TRUE	Tut4
XP_035657908.1	XP_047272288.1	0	N/A	26.545	275	42	1.44e-18	93.2	terminal uridylyltransferase 4 isoform X10 [Homo sapiens]	TRUE	Tut4
XP_035657908.1	XP_047272325.1	0	N/A	26.545	275	42	1.45e-18	93.2	terminal uridylyltransferase 4 isoform X23 [Homo sapiens]	TRUE	Tut4
XP_035657908.1	XP_047272296.1	0	N/A	26.545	275	42	1.47e-18	93.2	terminal uridylyltransferase 4 isoform X13 [Homo sapiens]	TRUE	Tut4
XP_035657908.1	XP_047272305.1	0	N/A	26.545	275	42	1.48e-18	93.2	terminal uridylyltransferase 4 isoform X17 [Homo sapiens]	TRUE	Tut4
XP_035657908.1	XP_016856292.1	0	N/A	26.545	275	42	1.48e-18	93.2	terminal uridylyltransferase 4 isoform X9 [Homo sapiens]	TRUE	Tut4
XP_035657908.1	XP_016856295.1	0	N/A	26.545	275	42	1.48e-18	93.2	terminal uridylyltransferase 4 isoform X25 [Homo sapiens]	TRUE	Tut4
XP_035657908.1	XP_011539399.1	0	N/A	26.545	275	42	1.49e-18	93.2	terminal uridylyltransferase 4 isoform X1 [Homo sapiens]	TRUE	Tut4
XP_035657908.1	XP_005270733.1	0	N/A	26.545	275	42	1.49e-18	93.2	terminal uridylyltransferase 4 isoform X1 [Homo sapiens]	TRUE	Tut4
XP_035657908.1	XP_016856299.1	0	N/A	26.545	275	42	1.51e-18	93.2	terminal uridylyltransferase 4 isoform X40 [Homo sapiens]	TRUE	Tut4
XP_035657908.1	XP_047272286.1	0	N/A	26.545	275	42	1.51e-18	93.2	terminal uridylyltransferase 4 isoform X8 [Homo sapiens]	TRUE	Tut4
XP_035657908.1	XP_047272350.1	0	N/A	26.545	275	42	1.51e-18	93.2	terminal uridylyltransferase 4 isoform X34 [Homo sapiens]	TRUE	Tut4
XP_035657908.1	XP_047272283.1	0	N/A	26.545	275	42	1.53e-18	93.2	terminal uridylyltransferase 4 isoform X6 [Homo sapiens]	TRUE	Tut4
XP_035657908.1	XP_005270737.1	0	N/A	26.545	275	42	1.53e-18	93.2	terminal uridylyltransferase 4 isoform X6 [Homo sapiens]	TRUE	Tut4
XP_035657908.1	XP_005270735.1	0	N/A	26.545	275	42	1.54e-18	93.2	terminal uridylyltransferase 4 isoform X2 [Homo sapiens]	TRUE	Tut4
XP_035657908.1	XP_047272290.1	0	N/A	26.545	275	42	1.55e-18	92.8	terminal uridylyltransferase 4 isoform X11 [Homo sapiens]	TRUE	Tut4
XP_035657908.1	XP_047272285.1	0	N/A	26.545	275	42	1.56e-18	92.8	terminal uridylyltransferase 4 isoform X7 [Homo sapiens]	TRUE	Tut4
XP_035657908.1	XP_047272365.1	0	N/A	26.545	275	42	1.6e-18	92.8	terminal uridylyltransferase 4 isoform X38 [Homo sapiens]	TRUE	Tut4
XP_035657908.1	XP_047272281.1	0	N/A	26.545	275	42	1.61e-18	92.8	terminal uridylyltransferase 4 isoform X4 [Homo sapiens]	TRUE	Tut4
XP_035657908.1	NP_001009881.1	0	N/A	26.545	275	42	1.61e-18	92.8	terminal uridylyltransferase 4 isoform a [Homo sapiens]	TRUE	Tut4
XP_035657908.1	XP_047272372.1	0	N/A	26.545	275	42	1.64e-18	92.8	terminal uridylyltransferase 4 isoform X42 [Homo sapiens]	TRUE	Tut4
XP_035657908.1	XP_047272282.1	0	N/A	26.545	275	42	1.64e-18	92.8	terminal uridylyltransferase 4 isoform X5 [Homo sapiens]	TRUE	Tut4
XP_035657908.1	NP_056084.1	0	N/A	26.545	275	42	1.64e-18	92.8	terminal uridylyltransferase 4 isoform b [Homo sapiens]	TRUE	Tut4
XP_035657908.1	XP_016856297.1	0	N/A	26.545	275	42	1.66e-18	92.8	terminal uridylyltransferase 4 isoform X36 [Homo sapiens]	TRUE	Tut4
XP_035657908.1	XP_016856293.1	0	N/A	26.545	275	42	1.69e-18	92.8	terminal uridylyltransferase 4 isoform X16 [Homo sapiens]	TRUE	Tut4
XP_035657908.1	XP_047272280.1	0	N/A	26.545	275	42	1.74e-18	92.8	terminal uridylyltransferase 4 isoform X3 [Homo sapiens]	TRUE	Tut4
XP_035657908.1	XP_005270736.1	0	N/A	26.545	275	42	1.74e-18	92.8	terminal uridylyltransferase 4 isoform X3 [Homo sapiens]	TRUE	Tut4
XP_035657908.1	XP_047272384.1	0	N/A	26.545	275	42	2.16e-18	92	terminal uridylyltransferase 4 isoform X46 [Homo sapiens]	TRUE	Tut4
XP_035657908.1	NP_001375060.1	0	N/A	23.158	285	46	2.21e-18	90.9	poly(A) RNA polymerase GLD2 isoform 11 [Homo sapiens]	TRUE	TENT2
XP_035657908.1	XP_047272808.1	0	N/A	23.158	285	46	2.76e-18	90.5	poly(A) RNA polymerase GLD2 isoform X3 [Homo sapiens]	TRUE	TENT2
XP_035657908.1	XP_047272807.1	0	N/A	23.158	285	46	2.76e-18	90.5	poly(A) RNA polymerase GLD2 isoform X3 [Homo sapiens]	TRUE	TENT2
XP_035657908.1	XP_047272806.1	0	N/A	23.158	285	46	2.76e-18	90.5	poly(A) RNA polymerase GLD2 isoform X3 [Homo sapiens]	TRUE	TENT2
XP_035657908.1	NP_776158.2	0	N/A	23.158	285	46	2.76e-18	90.5	poly(A) RNA polymerase GLD2 isoform 1 [Homo sapiens]	TRUE	TENT2
XP_035657908.1	NP_001375041.1	0	N/A	23.158	285	46	2.76e-18	90.5	poly(A) RNA polymerase GLD2 isoform 1 [Homo sapiens]	TRUE	TENT2
XP_035657908.1	NP_001375040.1	0	N/A	23.158	285	46	2.76e-18	90.5	poly(A) RNA polymerase GLD2 isoform 1 [Homo sapiens]	TRUE	TENT2
XP_035657908.1	NP_001375039.1	0	N/A	23.158	285	46	2.76e-18	90.5	poly(A) RNA polymerase GLD2 isoform 1 [Homo sapiens]	TRUE	TENT2
XP_035657908.1	NP_001375038.1	0	N/A	23.158	285	46	2.76e-18	90.5	poly(A) RNA polymerase GLD2 isoform 1 [Homo sapiens]	TRUE	TENT2
XP_035657908.1	NP_001375037.1	0	N/A	23.158	285	46	2.76e-18	90.5	poly(A) RNA polymerase GLD2 isoform 1 [Homo sapiens]	TRUE	TENT2
XP_035657908.1	NP_001375036.1	0	N/A	23.158	285	46	2.76e-18	90.5	poly(A) RNA polymerase GLD2 isoform 1 [Homo sapiens]	TRUE	TENT2
XP_035657908.1	NP_001375035.1	0	N/A	23.158	285	46	2.76e-18	90.5	poly(A) RNA polymerase GLD2 isoform 1 [Homo sapiens]	TRUE	TENT2
XP_035657908.1	NP_001375034.1	0	N/A	23.158	285	46	2.76e-18	90.5	poly(A) RNA polymerase GLD2 isoform 1 [Homo sapiens]	TRUE	TENT2
XP_035657908.1	NP_001375032.1	0	N/A	23.158	285	46	2.76e-18	90.5	poly(A) RNA polymerase GLD2 isoform 1 [Homo sapiens]	TRUE	TENT2
XP_035657908.1	NP_001375031.1	0	N/A	23.158	285	46	2.76e-18	90.5	poly(A) RNA polymerase GLD2 isoform 1 [Homo sapiens]	TRUE	TENT2
XP_035657908.1	NP_001336482.1	0	N/A	23.158	285	46	2.76e-18	90.5	poly(A) RNA polymerase GLD2 isoform 1 [Homo sapiens]	TRUE	TENT2
XP_035657908.1	NP_001336481.1	0	N/A	23.158	285	46	2.76e-18	90.5	poly(A) RNA polymerase GLD2 isoform 1 [Homo sapiens]	TRUE	TENT2
XP_035657908.1	NP_001107866.1	0	N/A	23.158	285	46	2.76e-18	90.5	poly(A) RNA polymerase GLD2 isoform 1 [Homo sapiens]	TRUE	TENT2
XP_035657908.1	NP_001107865.1	0	N/A	23.158	285	46	2.76e-18	90.5	poly(A) RNA polymerase GLD2 isoform 1 [Homo sapiens]	TRUE	TENT2
XP_035657908.1	NP_001375042.1	0	N/A	23.158	285	46	3.03e-18	90.5	poly(A) RNA polymerase GLD2 isoform 16 [Homo sapiens]	TRUE	TENT2
XP_035657908.1	NP_001375065.1	0	N/A	22.456	285	46	3.89e-18	89	poly(A) RNA polymerase GLD2 isoform 14 [Homo sapiens]	TRUE	TENT2
XP_035657908.1	NP_001375061.1	0	N/A	22.456	285	46	6.88e-18	89.4	poly(A) RNA polymerase GLD2 isoform 12 [Homo sapiens]	TRUE	TENT2
XP_035657908.1	XP_047272811.1	0	N/A	22.456	285	46	7.54e-18	89.4	poly(A) RNA polymerase GLD2 isoform X4 [Homo sapiens]	TRUE	TENT2
XP_035657908.1	XP_047272810.1	0	N/A	22.456	285	46	7.54e-18	89.4	poly(A) RNA polymerase GLD2 isoform X4 [Homo sapiens]	TRUE	TENT2
XP_035657908.1	XP_047272809.1	0	N/A	22.456	285	46	7.54e-18	89.4	poly(A) RNA polymerase GLD2 isoform X4 [Homo sapiens]	TRUE	TENT2
XP_035657908.1	NP_001375058.1	0	N/A	22.456	285	46	7.54e-18	89.4	poly(A) RNA polymerase GLD2 isoform 2 [Homo sapiens]	TRUE	TENT2
XP_035657908.1	NP_001375057.1	0	N/A	22.456	285	46	7.54e-18	89.4	poly(A) RNA polymerase GLD2 isoform 2 [Homo sapiens]	TRUE	TENT2
XP_035657908.1	NP_001375056.1	0	N/A	22.456	285	46	7.54e-18	89.4	poly(A) RNA polymerase GLD2 isoform 2 [Homo sapiens]	TRUE	TENT2
XP_035657908.1	NP_001375055.1	0	N/A	22.456	285	46	7.54e-18	89.4	poly(A) RNA polymerase GLD2 isoform 2 [Homo sapiens]	TRUE	TENT2
XP_035657908.1	NP_001375054.1	0	N/A	22.456	285	46	7.54e-18	89.4	poly(A) RNA polymerase GLD2 isoform 2 [Homo sapiens]	TRUE	TENT2
XP_035657908.1	NP_001375053.1	0	N/A	22.456	285	46	7.54e-18	89.4	poly(A) RNA polymerase GLD2 isoform 2 [Homo sapiens]	TRUE	TENT2
XP_035657908.1	NP_001375052.1	0	N/A	22.456	285	46	7.54e-18	89.4	poly(A) RNA polymerase GLD2 isoform 2 [Homo sapiens]	TRUE	TENT2
XP_035657908.1	NP_001375051.1	0	N/A	22.456	285	46	7.54e-18	89.4	poly(A) RNA polymerase GLD2 isoform 2 [Homo sapiens]	TRUE	TENT2
XP_035657908.1	NP_001375050.1	0	N/A	22.456	285	46	7.54e-18	89.4	poly(A) RNA polymerase GLD2 isoform 2 [Homo sapiens]	TRUE	TENT2
XP_035657908.1	NP_001375049.1	0	N/A	22.456	285	46	7.54e-18	89.4	poly(A) RNA polymerase GLD2 isoform 2 [Homo sapiens]	TRUE	TENT2
XP_035657908.1	NP_001375048.1	0	N/A	22.456	285	46	7.54e-18	89.4	poly(A) RNA polymerase GLD2 isoform 2 [Homo sapiens]	TRUE	TENT2
XP_035657908.1	NP_001375047.1	0	N/A	22.456	285	46	7.54e-18	89.4	poly(A) RNA polymerase GLD2 isoform 2 [Homo sapiens]	TRUE	TENT2
XP_035657908.1	NP_001375046.1	0	N/A	22.456	285	46	7.54e-18	89.4	poly(A) RNA polymerase GLD2 isoform 2 [Homo sapiens]	TRUE	TENT2
XP_035657908.1	NP_001375045.1	0	N/A	22.456	285	46	7.54e-18	89.4	poly(A) RNA polymerase GLD2 isoform 2 [Homo sapiens]	TRUE	TENT2
XP_035657908.1	NP_001375044.1	0	N/A	22.456	285	46	7.54e-18	89.4	poly(A) RNA polymerase GLD2 isoform 2 [Homo sapiens]	TRUE	TENT2
XP_035657908.1	NP_001375043.1	0	N/A	22.456	285	46	7.54e-18	89.4	poly(A) RNA polymerase GLD2 isoform 2 [Homo sapiens]	TRUE	TENT2
XP_035657908.1	NP_001336483.1	0	N/A	22.456	285	46	7.54e-18	89.4	poly(A) RNA polymerase GLD2 isoform 2 [Homo sapiens]	TRUE	TENT2
XP_035657908.1	NP_001284673.1	0	N/A	22.456	285	46	7.54e-18	89.4	poly(A) RNA polymerase GLD2 isoform 2 [Homo sapiens]	TRUE	TENT2
XP_035657908.1	NP_001375059.1	0	N/A	22.456	285	46	8.73e-18	89	poly(A) RNA polymerase GLD2 isoform 10 [Homo sapiens]	TRUE	TENT2
XP_035657908.1	NP_001172003.1	0	N/A	29.557	203	31	1.24e-17	90.1	terminal uridylyltransferase 7 isoform 2 [Homo sapiens]	TRUE	Tut7
XP_035657908.1	NP_001375029.1	0	N/A	24.576	236	38	2.15e-17	87.8	poly(A) RNA polymerase GLD2 isoform 8 [Homo sapiens]	TRUE	TENT2
XP_035657908.1	NP_001375028.1	0	N/A	24.576	236	38	2.15e-17	87.8	poly(A) RNA polymerase GLD2 isoform 8 [Homo sapiens]	TRUE	TENT2
XP_035658119.1	NP_073741.3	0	N/A	34.233	593	33	8.36e-84	298	speckle targeted PIP5K1A-regulated poly(A) polymerase isoform 1 [Homo sapiens]	TRUE	Tut1
XP_035658119.1	NP_060579.3	0	N/A	27.417	569	34	9.71e-65	234	poly(A) RNA polymerase, mitochondrial precursor [Homo sapiens]	TRUE	mtPAP
XP_035658119.1	NP_001354835.1	0	N/A	35.149	404	21	7.34e-59	214	speckle targeted PIP5K1A-regulated poly(A) polymerase isoform 2 [Homo sapiens]	TRUE	Tut1
XP_035658119.1	XP_047272290.1	0	N/A	26.585	410	25	3.8e-25	117	terminal uridylyltransferase 4 isoform X11 [Homo sapiens]	TRUE	Tut4
XP_035658119.1	XP_047272286.1	0	N/A	26.585	410	25	3.83e-25	117	terminal uridylyltransferase 4 isoform X8 [Homo sapiens]	TRUE	Tut4
XP_035658119.1	XP_047272372.1	0	N/A	26.585	410	25	3.88e-25	117	terminal uridylyltransferase 4 isoform X42 [Homo sapiens]	TRUE	Tut4
XP_035658119.1	XP_047272305.1	0	N/A	26.585	410	25	4.16e-25	117	terminal uridylyltransferase 4 isoform X17 [Homo sapiens]	TRUE	Tut4
XP_035658119.1	XP_047272295.1	0	N/A	26.585	410	25	4.49e-25	117	terminal uridylyltransferase 4 isoform X12 [Homo sapiens]	TRUE	Tut4
XP_035658119.1	XP_047272296.1	0	N/A	26.585	410	25	4.57e-25	117	terminal uridylyltransferase 4 isoform X13 [Homo sapiens]	TRUE	Tut4
XP_035658119.1	XP_047272350.1	0	N/A	26.585	410	25	4.69e-25	116	terminal uridylyltransferase 4 isoform X34 [Homo sapiens]	TRUE	Tut4
XP_035658119.1	XP_047272344.1	0	N/A	26.585	410	25	4.79e-25	116	terminal uridylyltransferase 4 isoform X30 [Homo sapiens]	TRUE	Tut4
XP_035658119.1	XP_047272285.1	0	N/A	26.25	400	24	1.94e-24	114	terminal uridylyltransferase 4 isoform X7 [Homo sapiens]	TRUE	Tut4
XP_035658119.1	XP_016856292.1	0	N/A	26.25	400	24	1.99e-24	114	terminal uridylyltransferase 4 isoform X9 [Homo sapiens]	TRUE	Tut4
XP_035658119.1	XP_005270739.1	0	N/A	26.25	400	24	2.13e-24	114	terminal uridylyltransferase 4 isoform X33 [Homo sapiens]	TRUE	Tut4
XP_035658119.1	XP_016856297.1	0	N/A	26.25	400	24	2.24e-24	114	terminal uridylyltransferase 4 isoform X36 [Homo sapiens]	TRUE	Tut4
XP_035658119.1	XP_047272288.1	0	N/A	26.25	400	24	2.3e-24	114	terminal uridylyltransferase 4 isoform X10 [Homo sapiens]	TRUE	Tut4
XP_035658119.1	XP_011539401.1	0	N/A	26.25	400	24	2.45e-24	114	terminal uridylyltransferase 4 isoform X29 [Homo sapiens]	TRUE	Tut4
XP_035658119.1	XP_011539399.1	0	N/A	26.25	400	24	2.46e-24	114	terminal uridylyltransferase 4 isoform X1 [Homo sapiens]	TRUE	Tut4
XP_035658119.1	XP_005270733.1	0	N/A	26.25	400	24	2.46e-24	114	terminal uridylyltransferase 4 isoform X1 [Homo sapiens]	TRUE	Tut4
XP_035658119.1	XP_005270735.1	0	N/A	26.25	400	24	2.48e-24	114	terminal uridylyltransferase 4 isoform X2 [Homo sapiens]	TRUE	Tut4
XP_035658119.1	XP_047272345.1	0	N/A	26.25	400	24	2.49e-24	114	terminal uridylyltransferase 4 isoform X31 [Homo sapiens]	TRUE	Tut4
XP_035658119.1	XP_047272283.1	0	N/A	26.25	400	24	2.53e-24	114	terminal uridylyltransferase 4 isoform X6 [Homo sapiens]	TRUE	Tut4
XP_035658119.1	XP_005270737.1	0	N/A	26.25	400	24	2.53e-24	114	terminal uridylyltransferase 4 isoform X6 [Homo sapiens]	TRUE	Tut4
XP_035658119.1	XP_047272280.1	0	N/A	26.25	400	24	2.54e-24	114	terminal uridylyltransferase 4 isoform X3 [Homo sapiens]	TRUE	Tut4
XP_035658119.1	XP_005270736.1	0	N/A	26.25	400	24	2.54e-24	114	terminal uridylyltransferase 4 isoform X3 [Homo sapiens]	TRUE	Tut4
XP_035658119.1	XP_016856293.1	0	N/A	26.25	400	24	2.71e-24	114	terminal uridylyltransferase 4 isoform X16 [Homo sapiens]	TRUE	Tut4
XP_035658119.1	XP_047272282.1	0	N/A	26.25	400	24	2.71e-24	114	terminal uridylyltransferase 4 isoform X5 [Homo sapiens]	TRUE	Tut4
XP_035658119.1	NP_056084.1	0	N/A	26.25	400	24	2.71e-24	114	terminal uridylyltransferase 4 isoform b [Homo sapiens]	TRUE	Tut4
XP_035658119.1	XP_047272365.1	0	N/A	26.25	400	24	2.74e-24	114	terminal uridylyltransferase 4 isoform X38 [Homo sapiens]	TRUE	Tut4
XP_035658119.1	XP_047272281.1	0	N/A	26.25	400	24	2.76e-24	114	terminal uridylyltransferase 4 isoform X4 [Homo sapiens]	TRUE	Tut4
XP_035658119.1	NP_001009881.1	0	N/A	26.25	400	24	2.76e-24	114	terminal uridylyltransferase 4 isoform a [Homo sapiens]	TRUE	Tut4
XP_035658119.1	XP_016856295.1	0	N/A	26.25	400	24	3.02e-24	114	terminal uridylyltransferase 4 isoform X25 [Homo sapiens]	TRUE	Tut4
XP_035658119.1	XP_016856299.1	0	N/A	26.25	400	24	3.05e-24	114	terminal uridylyltransferase 4 isoform X40 [Homo sapiens]	TRUE	Tut4
XP_035658119.1	XP_047272337.1	0	N/A	26.25	400	24	3.18e-24	114	terminal uridylyltransferase 4 isoform X27 [Homo sapiens]	TRUE	Tut4
XP_035658119.1	XP_047272325.1	0	N/A	26.25	400	24	3.21e-24	114	terminal uridylyltransferase 4 isoform X23 [Homo sapiens]	TRUE	Tut4
XP_035658119.1	XP_016856296.1	0	N/A	26.25	400	24	3.23e-24	114	terminal uridylyltransferase 4 isoform X28 [Homo sapiens]	TRUE	Tut4
XP_035658119.1	XP_047272384.1	0	N/A	29.221	308	18	9.32e-24	112	terminal uridylyltransferase 4 isoform X46 [Homo sapiens]	TRUE	Tut4
XP_035658119.1	XP_047279825.1	0	N/A	24.242	396	24	1.21e-23	112	terminal uridylyltransferase 7 isoform X6 [Homo sapiens]	TRUE	Tut7
XP_035658119.1	XP_047279824.1	0	N/A	24.242	396	24	1.21e-23	112	terminal uridylyltransferase 7 isoform X6 [Homo sapiens]	TRUE	Tut7
XP_035658119.1	XP_005252264.1	0	N/A	24.242	396	24	1.21e-23	112	terminal uridylyltransferase 7 isoform X6 [Homo sapiens]	TRUE	Tut7
XP_035658119.1	XP_005252265.1	0	N/A	24.242	396	24	1.23e-23	112	terminal uridylyltransferase 7 isoform X7 [Homo sapiens]	TRUE	Tut7
XP_035658119.1	XP_047279823.1	0	N/A	24.242	396	24	1.25e-23	112	terminal uridylyltransferase 7 isoform X2 [Homo sapiens]	TRUE	Tut7
XP_035658119.1	XP_006717346.1	0	N/A	24.242	396	24	1.25e-23	112	terminal uridylyltransferase 7 isoform X2 [Homo sapiens]	TRUE	Tut7
XP_035658119.1	XP_016870620.1	0	N/A	24.242	396	24	1.28e-23	112	terminal uridylyltransferase 7 isoform X4 [Homo sapiens]	TRUE	Tut7
XP_035658119.1	XP_016870619.1	0	N/A	24.242	396	24	1.28e-23	112	terminal uridylyltransferase 7 isoform X4 [Homo sapiens]	TRUE	Tut7
XP_035658119.1	NP_078893.2	0	N/A	24.242	396	24	1.28e-23	112	terminal uridylyltransferase 7 isoform 1 [Homo sapiens]	TRUE	Tut7
XP_035658119.1	NP_001171988.1	0	N/A	24.242	396	24	1.28e-23	112	terminal uridylyltransferase 7 isoform 1 [Homo sapiens]	TRUE	Tut7
XP_035658119.1	XP_011517317.1	0	N/A	24.242	396	24	1.4e-23	112	terminal uridylyltransferase 7 isoform X3 [Homo sapiens]	TRUE	Tut7
XP_035658119.1	XP_011517318.1	0	N/A	24.242	396	24	1.53e-23	111	terminal uridylyltransferase 7 isoform X5 [Homo sapiens]	TRUE	Tut7
XP_035658119.1	NP_001317647.1	0	N/A	24.242	396	24	1.73e-23	110	terminal uridylyltransferase 7 isoform 3 [Homo sapiens]	TRUE	Tut7
XP_035658119.1	XP_011517316.1	0	N/A	24.242	396	24	1.75e-23	111	terminal uridylyltransferase 7 isoform X1 [Homo sapiens]	TRUE	Tut7
XP_035658119.1	XP_011517315.1	0	N/A	24.242	396	24	1.75e-23	111	terminal uridylyltransferase 7 isoform X1 [Homo sapiens]	TRUE	Tut7
XP_035658119.1	XP_011517314.1	0	N/A	24.242	396	24	1.75e-23	111	terminal uridylyltransferase 7 isoform X1 [Homo sapiens]	TRUE	Tut7
XP_035658119.1	XP_011517313.1	0	N/A	24.242	396	24	1.75e-23	111	terminal uridylyltransferase 7 isoform X1 [Homo sapiens]	TRUE	Tut7
XP_035658119.1	NP_001172003.1	0	N/A	27.304	293	17	8.17e-22	105	terminal uridylyltransferase 7 isoform 2 [Homo sapiens]	TRUE	Tut7
XP_035658119.1	XP_047272303.1	0	N/A	22.613	398	24	7.62e-13	76.6	terminal uridylyltransferase 4 isoform X15 [Homo sapiens]	TRUE	Tut4
XP_035658119.1	XP_005270738.1	0	N/A	22.613	398	24	7.75e-13	76.6	terminal uridylyltransferase 4 isoform X14 [Homo sapiens]	TRUE	Tut4
XP_035658119.1	XP_047272369.1	0	N/A	22.613	398	24	8.16e-13	76.6	terminal uridylyltransferase 4 isoform X41 [Homo sapiens]	TRUE	Tut4
XP_035658119.1	XP_047272311.1	0	N/A	22.613	398	24	8.26e-13	76.6	terminal uridylyltransferase 4 isoform X21 [Homo sapiens]	TRUE	Tut4
XP_035658119.1	XP_047272306.1	0	N/A	22.613	398	24	8.57e-13	76.6	terminal uridylyltransferase 4 isoform X18 [Homo sapiens]	TRUE	Tut4
XP_035658119.1	XP_047272336.1	0	N/A	22.613	398	24	8.97e-13	76.6	terminal uridylyltransferase 4 isoform X26 [Homo sapiens]	TRUE	Tut4
XP_035658119.1	XP_016856294.1	0	N/A	22.613	398	24	9.32e-13	76.6	terminal uridylyltransferase 4 isoform X20 [Homo sapiens]	TRUE	Tut4
XP_035658119.1	XP_047272307.1	0	N/A	22.613	398	24	9.81e-13	76.3	terminal uridylyltransferase 4 isoform X19 [Homo sapiens]	TRUE	Tut4
XP_035658119.1	XP_047272327.1	0	N/A	22.613	398	24	1.03e-12	76.3	terminal uridylyltransferase 4 isoform X24 [Homo sapiens]	TRUE	Tut4
XP_035658119.1	XP_047272320.1	0	N/A	22.613	398	24	1.03e-12	76.3	terminal uridylyltransferase 4 isoform X22 [Homo sapiens]	TRUE	Tut4
XP_035658119.1	XP_047272373.1	0	N/A	22.613	398	24	1.03e-12	76.3	terminal uridylyltransferase 4 isoform X43 [Homo sapiens]	TRUE	Tut4
XP_035658119.1	XP_047272805.1	0	N/A	25	284	17	1.03e-12	75.1	poly(A) RNA polymerase GLD2 isoform X2 [Homo sapiens]	TRUE	TENT2
XP_035658119.1	XP_047272804.1	0	N/A	25	284	17	1.03e-12	75.1	poly(A) RNA polymerase GLD2 isoform X2 [Homo sapiens]	TRUE	TENT2
XP_035658119.1	XP_047272803.1	0	N/A	25	284	17	1.03e-12	75.1	poly(A) RNA polymerase GLD2 isoform X2 [Homo sapiens]	TRUE	TENT2
XP_035658119.1	XP_047272802.1	0	N/A	25	284	17	1.03e-12	75.1	poly(A) RNA polymerase GLD2 isoform X2 [Homo sapiens]	TRUE	TENT2
XP_035658119.1	XP_016864641.1	0	N/A	25	284	17	1.03e-12	75.1	poly(A) RNA polymerase GLD2 isoform X2 [Homo sapiens]	TRUE	TENT2
XP_035658119.1	NP_001375026.1	0	N/A	25	284	17	1.03e-12	75.1	poly(A) RNA polymerase GLD2 isoform 6 [Homo sapiens]	TRUE	TENT2
XP_035658119.1	NP_001375025.1	0	N/A	25	284	17	1.03e-12	75.1	poly(A) RNA polymerase GLD2 isoform 6 [Homo sapiens]	TRUE	TENT2
XP_035658119.1	NP_001375024.1	0	N/A	25	284	17	1.03e-12	75.1	poly(A) RNA polymerase GLD2 isoform 6 [Homo sapiens]	TRUE	TENT2
XP_035658119.1	NP_001336480.1	0	N/A	25	284	17	1.03e-12	75.1	poly(A) RNA polymerase GLD2 isoform 6 [Homo sapiens]	TRUE	TENT2
XP_035658119.1	XP_047272377.1	0	N/A	22.613	398	24	1.06e-12	76.3	terminal uridylyltransferase 4 isoform X44 [Homo sapiens]	TRUE	Tut4
XP_035658119.1	XP_047272348.1	0	N/A	22.613	398	24	1.09e-12	76.3	terminal uridylyltransferase 4 isoform X32 [Homo sapiens]	TRUE	Tut4
XP_035658119.1	NP_001375027.1	0	N/A	25	284	17	1.15e-12	75.1	poly(A) RNA polymerase GLD2 isoform 7 [Homo sapiens]	TRUE	TENT2
XP_035658119.1	XP_047272367.1	0	N/A	22.613	398	24	1.22e-12	76.3	terminal uridylyltransferase 4 isoform X39 [Homo sapiens]	TRUE	Tut4
XP_035658119.1	XP_047272354.1	0	N/A	22.613	398	24	1.23e-12	76.3	terminal uridylyltransferase 4 isoform X35 [Homo sapiens]	TRUE	Tut4
XP_035658119.1	XP_047272362.1	0	N/A	22.613	398	24	1.25e-12	76.3	terminal uridylyltransferase 4 isoform X37 [Homo sapiens]	TRUE	Tut4
XP_035658119.1	XP_047272801.1	0	N/A	26.408	284	17	2.33e-12	74.3	poly(A) RNA polymerase GLD2 isoform X1 [Homo sapiens]	TRUE	TENT2
XP_035658119.1	XP_047272800.1	0	N/A	26.408	284	17	2.33e-12	74.3	poly(A) RNA polymerase GLD2 isoform X1 [Homo sapiens]	TRUE	TENT2
XP_035658119.1	XP_011541527.1	0	N/A	26.408	284	17	2.33e-12	74.3	poly(A) RNA polymerase GLD2 isoform X1 [Homo sapiens]	TRUE	TENT2
XP_035658119.1	XP_011541526.1	0	N/A	26.408	284	17	2.33e-12	74.3	poly(A) RNA polymerase GLD2 isoform X1 [Homo sapiens]	TRUE	TENT2
XP_035658119.1	XP_011541523.1	0	N/A	26.408	284	17	2.33e-12	74.3	poly(A) RNA polymerase GLD2 isoform X1 [Homo sapiens]	TRUE	TENT2
XP_035658119.1	XP_011541522.1	0	N/A	26.408	284	17	2.33e-12	74.3	poly(A) RNA polymerase GLD2 isoform X1 [Homo sapiens]	TRUE	TENT2
XP_035658119.1	NP_001375023.1	0	N/A	26.408	284	17	2.33e-12	74.3	poly(A) RNA polymerase GLD2 isoform 5 [Homo sapiens]	TRUE	TENT2
XP_035658119.1	NP_001375022.1	0	N/A	26.408	284	17	2.33e-12	74.3	poly(A) RNA polymerase GLD2 isoform 5 [Homo sapiens]	TRUE	TENT2
XP_035658119.1	NP_001336479.1	0	N/A	26.408	284	17	2.33e-12	74.3	poly(A) RNA polymerase GLD2 isoform 5 [Homo sapiens]	TRUE	TENT2
XP_035658119.1	NP_001336478.1	0	N/A	26.408	284	17	2.33e-12	74.3	poly(A) RNA polymerase GLD2 isoform 5 [Homo sapiens]	TRUE	TENT2
XP_035658119.1	XP_047272817.1	0	N/A	25.714	210	13	2.86e-10	66.6	poly(A) RNA polymerase GLD2 isoform X9 [Homo sapiens]	TRUE	TENT2
XP_035658119.1	XP_047272820.1	0	N/A	29.747	158	9	5.21e-10	64.3	poly(A) RNA polymerase GLD2 isoform X11 [Homo sapiens]	TRUE	TENT2
XP_035658119.1	NP_001336477.1	0	N/A	29.747	158	9	5.7e-10	64.3	poly(A) RNA polymerase GLD2 isoform 4 [Homo sapiens]	TRUE	TENT2
XP_035658119.1	XP_047272816.1	0	N/A	27.619	210	13	5.81e-10	65.9	poly(A) RNA polymerase GLD2 isoform X8 [Homo sapiens]	TRUE	TENT2
XP_035658119.1	NP_001375065.1	0	N/A	29.747	158	9	1.69e-09	64.3	poly(A) RNA polymerase GLD2 isoform 14 [Homo sapiens]	TRUE	TENT2
XP_035658119.1	XP_047272811.1	0	N/A	29.747	158	9	2.11e-09	64.7	poly(A) RNA polymerase GLD2 isoform X4 [Homo sapiens]	TRUE	TENT2
XP_035658119.1	XP_047272810.1	0	N/A	29.747	158	9	2.11e-09	64.7	poly(A) RNA polymerase GLD2 isoform X4 [Homo sapiens]	TRUE	TENT2
XP_035658119.1	XP_047272809.1	0	N/A	29.747	158	9	2.11e-09	64.7	poly(A) RNA polymerase GLD2 isoform X4 [Homo sapiens]	TRUE	TENT2
XP_035658119.1	NP_001375058.1	0	N/A	29.747	158	9	2.11e-09	64.7	poly(A) RNA polymerase GLD2 isoform 2 [Homo sapiens]	TRUE	TENT2
XP_035667157.1	NP_001375065.1	0	N/A	46.44	323	57	1.21e-90	285	poly(A) RNA polymerase GLD2 isoform 14 [Homo sapiens]	TRUE	TENT2
XP_035667157.1	NP_001375061.1	0	N/A	46.44	323	57	6.05e-90	286	poly(A) RNA polymerase GLD2 isoform 12 [Homo sapiens]	TRUE	TENT2
XP_035667157.1	NP_001375059.1	0	N/A	46.44	323	57	9.87e-90	286	poly(A) RNA polymerase GLD2 isoform 10 [Homo sapiens]	TRUE	TENT2
XP_035667157.1	XP_047272811.1	0	N/A	46.44	323	57	1.26e-89	286	poly(A) RNA polymerase GLD2 isoform X4 [Homo sapiens]	TRUE	TENT2
XP_035667157.1	XP_047272810.1	0	N/A	46.44	323	57	1.26e-89	286	poly(A) RNA polymerase GLD2 isoform X4 [Homo sapiens]	TRUE	TENT2
XP_035667157.1	XP_047272809.1	0	N/A	46.44	323	57	1.26e-89	286	poly(A) RNA polymerase GLD2 isoform X4 [Homo sapiens]	TRUE	TENT2
XP_035667157.1	NP_001375058.1	0	N/A	46.44	323	57	1.26e-89	286	poly(A) RNA polymerase GLD2 isoform 2 [Homo sapiens]	TRUE	TENT2
XP_035667157.1	NP_001375057.1	0	N/A	46.44	323	57	1.26e-89	286	poly(A) RNA polymerase GLD2 isoform 2 [Homo sapiens]	TRUE	TENT2
XP_035667157.1	NP_001375056.1	0	N/A	46.44	323	57	1.26e-89	286	poly(A) RNA polymerase GLD2 isoform 2 [Homo sapiens]	TRUE	TENT2
XP_035667157.1	NP_001375055.1	0	N/A	46.44	323	57	1.26e-89	286	poly(A) RNA polymerase GLD2 isoform 2 [Homo sapiens]	TRUE	TENT2
XP_035667157.1	NP_001375054.1	0	N/A	46.44	323	57	1.26e-89	286	poly(A) RNA polymerase GLD2 isoform 2 [Homo sapiens]	TRUE	TENT2
XP_035667157.1	NP_001375053.1	0	N/A	46.44	323	57	1.26e-89	286	poly(A) RNA polymerase GLD2 isoform 2 [Homo sapiens]	TRUE	TENT2
XP_035667157.1	NP_001375052.1	0	N/A	46.44	323	57	1.26e-89	286	poly(A) RNA polymerase GLD2 isoform 2 [Homo sapiens]	TRUE	TENT2
XP_035667157.1	NP_001375051.1	0	N/A	46.44	323	57	1.26e-89	286	poly(A) RNA polymerase GLD2 isoform 2 [Homo sapiens]	TRUE	TENT2
XP_035667157.1	NP_001375050.1	0	N/A	46.44	323	57	1.26e-89	286	poly(A) RNA polymerase GLD2 isoform 2 [Homo sapiens]	TRUE	TENT2
XP_035667157.1	NP_001375049.1	0	N/A	46.44	323	57	1.26e-89	286	poly(A) RNA polymerase GLD2 isoform 2 [Homo sapiens]	TRUE	TENT2
XP_035667157.1	NP_001375048.1	0	N/A	46.44	323	57	1.26e-89	286	poly(A) RNA polymerase GLD2 isoform 2 [Homo sapiens]	TRUE	TENT2
XP_035667157.1	NP_001375047.1	0	N/A	46.44	323	57	1.26e-89	286	poly(A) RNA polymerase GLD2 isoform 2 [Homo sapiens]	TRUE	TENT2
XP_035667157.1	NP_001375046.1	0	N/A	46.44	323	57	1.26e-89	286	poly(A) RNA polymerase GLD2 isoform 2 [Homo sapiens]	TRUE	TENT2
XP_035667157.1	NP_001375045.1	0	N/A	46.44	323	57	1.26e-89	286	poly(A) RNA polymerase GLD2 isoform 2 [Homo sapiens]	TRUE	TENT2
XP_035667157.1	NP_001375044.1	0	N/A	46.44	323	57	1.26e-89	286	poly(A) RNA polymerase GLD2 isoform 2 [Homo sapiens]	TRUE	TENT2
XP_035667157.1	NP_001375043.1	0	N/A	46.44	323	57	1.26e-89	286	poly(A) RNA polymerase GLD2 isoform 2 [Homo sapiens]	TRUE	TENT2
XP_035667157.1	NP_001336483.1	0	N/A	46.44	323	57	1.26e-89	286	poly(A) RNA polymerase GLD2 isoform 2 [Homo sapiens]	TRUE	TENT2
XP_035667157.1	NP_001284673.1	0	N/A	46.44	323	57	1.26e-89	286	poly(A) RNA polymerase GLD2 isoform 2 [Homo sapiens]	TRUE	TENT2
XP_035667157.1	NP_001375060.1	0	N/A	46.012	326	57	2.35e-89	285	poly(A) RNA polymerase GLD2 isoform 11 [Homo sapiens]	TRUE	TENT2
XP_035667157.1	XP_047272808.1	0	N/A	46.012	326	57	6.6e-89	284	poly(A) RNA polymerase GLD2 isoform X3 [Homo sapiens]	TRUE	TENT2
XP_035667157.1	XP_047272807.1	0	N/A	46.012	326	57	6.6e-89	284	poly(A) RNA polymerase GLD2 isoform X3 [Homo sapiens]	TRUE	TENT2
XP_035667157.1	XP_047272806.1	0	N/A	46.012	326	57	6.6e-89	284	poly(A) RNA polymerase GLD2 isoform X3 [Homo sapiens]	TRUE	TENT2
XP_035667157.1	NP_776158.2	0	N/A	46.012	326	57	6.6e-89	284	poly(A) RNA polymerase GLD2 isoform 1 [Homo sapiens]	TRUE	TENT2
XP_035667157.1	NP_001375041.1	0	N/A	46.012	326	57	6.6e-89	284	poly(A) RNA polymerase GLD2 isoform 1 [Homo sapiens]	TRUE	TENT2
XP_035667157.1	NP_001375040.1	0	N/A	46.012	326	57	6.6e-89	284	poly(A) RNA polymerase GLD2 isoform 1 [Homo sapiens]	TRUE	TENT2
XP_035667157.1	NP_001375039.1	0	N/A	46.012	326	57	6.6e-89	284	poly(A) RNA polymerase GLD2 isoform 1 [Homo sapiens]	TRUE	TENT2
XP_035667157.1	NP_001375038.1	0	N/A	46.012	326	57	6.6e-89	284	poly(A) RNA polymerase GLD2 isoform 1 [Homo sapiens]	TRUE	TENT2
XP_035667157.1	NP_001375037.1	0	N/A	46.012	326	57	6.6e-89	284	poly(A) RNA polymerase GLD2 isoform 1 [Homo sapiens]	TRUE	TENT2
XP_035667157.1	NP_001375036.1	0	N/A	46.012	326	57	6.6e-89	284	poly(A) RNA polymerase GLD2 isoform 1 [Homo sapiens]	TRUE	TENT2
XP_035667157.1	NP_001375035.1	0	N/A	46.012	326	57	6.6e-89	284	poly(A) RNA polymerase GLD2 isoform 1 [Homo sapiens]	TRUE	TENT2
XP_035667157.1	NP_001375034.1	0	N/A	46.012	326	57	6.6e-89	284	poly(A) RNA polymerase GLD2 isoform 1 [Homo sapiens]	TRUE	TENT2
XP_035667157.1	NP_001375032.1	0	N/A	46.012	326	57	6.6e-89	284	poly(A) RNA polymerase GLD2 isoform 1 [Homo sapiens]	TRUE	TENT2
XP_035667157.1	NP_001375031.1	0	N/A	46.012	326	57	6.6e-89	284	poly(A) RNA polymerase GLD2 isoform 1 [Homo sapiens]	TRUE	TENT2
XP_035667157.1	NP_001336482.1	0	N/A	46.012	326	57	6.6e-89	284	poly(A) RNA polymerase GLD2 isoform 1 [Homo sapiens]	TRUE	TENT2
XP_035667157.1	NP_001336481.1	0	N/A	46.012	326	57	6.6e-89	284	poly(A) RNA polymerase GLD2 isoform 1 [Homo sapiens]	TRUE	TENT2
XP_035667157.1	NP_001107866.1	0	N/A	46.012	326	57	6.6e-89	284	poly(A) RNA polymerase GLD2 isoform 1 [Homo sapiens]	TRUE	TENT2
XP_035667157.1	NP_001107865.1	0	N/A	46.012	326	57	6.6e-89	284	poly(A) RNA polymerase GLD2 isoform 1 [Homo sapiens]	TRUE	TENT2
XP_035667157.1	NP_001375042.1	0	N/A	46.012	326	57	6.99e-89	284	poly(A) RNA polymerase GLD2 isoform 16 [Homo sapiens]	TRUE	TENT2
XP_035667157.1	NP_001375030.1	0	N/A	45.045	333	57	3.52e-86	277	poly(A) RNA polymerase GLD2 isoform 9 [Homo sapiens]	TRUE	TENT2
XP_035667157.1	NP_001375027.1	0	N/A	43.391	348	57	9.26e-86	277	poly(A) RNA polymerase GLD2 isoform 7 [Homo sapiens]	TRUE	TENT2
XP_035667157.1	XP_047272805.1	0	N/A	43.391	348	57	9.41e-86	277	poly(A) RNA polymerase GLD2 isoform X2 [Homo sapiens]	TRUE	TENT2
XP_035667157.1	XP_047272804.1	0	N/A	43.391	348	57	9.41e-86	277	poly(A) RNA polymerase GLD2 isoform X2 [Homo sapiens]	TRUE	TENT2
XP_035667157.1	XP_047272803.1	0	N/A	43.391	348	57	9.41e-86	277	poly(A) RNA polymerase GLD2 isoform X2 [Homo sapiens]	TRUE	TENT2
XP_035667157.1	XP_047272802.1	0	N/A	43.391	348	57	9.41e-86	277	poly(A) RNA polymerase GLD2 isoform X2 [Homo sapiens]	TRUE	TENT2
XP_035667157.1	XP_016864641.1	0	N/A	43.391	348	57	9.41e-86	277	poly(A) RNA polymerase GLD2 isoform X2 [Homo sapiens]	TRUE	TENT2
XP_035667157.1	NP_001375026.1	0	N/A	43.391	348	57	9.41e-86	277	poly(A) RNA polymerase GLD2 isoform 6 [Homo sapiens]	TRUE	TENT2
XP_035667157.1	NP_001375025.1	0	N/A	43.391	348	57	9.41e-86	277	poly(A) RNA polymerase GLD2 isoform 6 [Homo sapiens]	TRUE	TENT2
XP_035667157.1	NP_001375024.1	0	N/A	43.391	348	57	9.41e-86	277	poly(A) RNA polymerase GLD2 isoform 6 [Homo sapiens]	TRUE	TENT2
XP_035667157.1	NP_001336480.1	0	N/A	43.391	348	57	9.41e-86	277	poly(A) RNA polymerase GLD2 isoform 6 [Homo sapiens]	TRUE	TENT2
XP_035667157.1	NP_001375029.1	0	N/A	44.643	336	57	1.27e-85	276	poly(A) RNA polymerase GLD2 isoform 8 [Homo sapiens]	TRUE	TENT2
XP_035667157.1	NP_001375028.1	0	N/A	44.643	336	57	1.27e-85	276	poly(A) RNA polymerase GLD2 isoform 8 [Homo sapiens]	TRUE	TENT2
XP_035667157.1	XP_047272801.1	0	N/A	43.02	351	57	3.67e-85	275	poly(A) RNA polymerase GLD2 isoform X1 [Homo sapiens]	TRUE	TENT2
XP_035667157.1	XP_047272800.1	0	N/A	43.02	351	57	3.67e-85	275	poly(A) RNA polymerase GLD2 isoform X1 [Homo sapiens]	TRUE	TENT2
XP_035667157.1	XP_011541527.1	0	N/A	43.02	351	57	3.67e-85	275	poly(A) RNA polymerase GLD2 isoform X1 [Homo sapiens]	TRUE	TENT2
XP_035667157.1	XP_011541526.1	0	N/A	43.02	351	57	3.67e-85	275	poly(A) RNA polymerase GLD2 isoform X1 [Homo sapiens]	TRUE	TENT2
XP_035667157.1	XP_011541523.1	0	N/A	43.02	351	57	3.67e-85	275	poly(A) RNA polymerase GLD2 isoform X1 [Homo sapiens]	TRUE	TENT2
XP_035667157.1	XP_011541522.1	0	N/A	43.02	351	57	3.67e-85	275	poly(A) RNA polymerase GLD2 isoform X1 [Homo sapiens]	TRUE	TENT2
XP_035667157.1	NP_001375023.1	0	N/A	43.02	351	57	3.67e-85	275	poly(A) RNA polymerase GLD2 isoform 5 [Homo sapiens]	TRUE	TENT2
XP_035667157.1	NP_001375022.1	0	N/A	43.02	351	57	3.67e-85	275	poly(A) RNA polymerase GLD2 isoform 5 [Homo sapiens]	TRUE	TENT2
XP_035667157.1	NP_001336479.1	0	N/A	43.02	351	57	3.67e-85	275	poly(A) RNA polymerase GLD2 isoform 5 [Homo sapiens]	TRUE	TENT2
XP_035667157.1	NP_001336478.1	0	N/A	43.02	351	57	3.67e-85	275	poly(A) RNA polymerase GLD2 isoform 5 [Homo sapiens]	TRUE	TENT2
XP_035667157.1	NP_001336477.1	0	N/A	49.225	258	45	2.68e-73	236	poly(A) RNA polymerase GLD2 isoform 4 [Homo sapiens]	TRUE	TENT2
XP_035667157.1	XP_047272820.1	0	N/A	48.458	227	41	4.96e-67	220	poly(A) RNA polymerase GLD2 isoform X11 [Homo sapiens]	TRUE	TENT2
XP_035667157.1	XP_047272815.1	0	N/A	38.39	323	57	2.18e-62	213	poly(A) RNA polymerase GLD2 isoform X7 [Homo sapiens]	TRUE	TENT2
XP_035667157.1	NP_001375064.1	0	N/A	38.39	323	57	2.18e-62	213	poly(A) RNA polymerase GLD2 isoform 13 [Homo sapiens]	TRUE	TENT2
XP_035667157.1	NP_001375063.1	0	N/A	38.39	323	57	2.18e-62	213	poly(A) RNA polymerase GLD2 isoform 13 [Homo sapiens]	TRUE	TENT2
XP_035667157.1	XP_047272814.1	0	N/A	38.037	326	57	9.17e-62	212	poly(A) RNA polymerase GLD2 isoform X6 [Homo sapiens]	TRUE	TENT2
XP_035667157.1	XP_047272813.1	0	N/A	38.037	326	57	9.17e-62	212	poly(A) RNA polymerase GLD2 isoform X6 [Homo sapiens]	TRUE	TENT2
XP_035667157.1	XP_047272812.1	0	N/A	38.037	326	57	9.17e-62	212	poly(A) RNA polymerase GLD2 isoform X6 [Homo sapiens]	TRUE	TENT2
XP_035667157.1	NP_001375062.1	0	N/A	38.037	326	57	9.17e-62	212	poly(A) RNA polymerase GLD2 isoform 3 [Homo sapiens]	TRUE	TENT2
XP_035667157.1	NP_001284674.1	0	N/A	38.037	326	57	9.17e-62	212	poly(A) RNA polymerase GLD2 isoform 3 [Homo sapiens]	TRUE	TENT2
XP_035667157.1	XP_011541531.1	0	N/A	35.613	351	57	5.11e-58	202	poly(A) RNA polymerase GLD2 isoform X5 [Homo sapiens]	TRUE	TENT2
XP_035667157.1	XP_047272818.1	0	N/A	52.381	189	33	6.84e-56	193	poly(A) RNA polymerase GLD2 isoform X10 [Homo sapiens]	TRUE	TENT2
XP_035667157.1	NP_001375066.1	0	N/A	45.588	204	36	3.46e-53	184	poly(A) RNA polymerase GLD2 isoform 15 [Homo sapiens]	TRUE	TENT2
XP_035667157.1	XP_047272817.1	0	N/A	47.393	211	33	1.65e-52	185	poly(A) RNA polymerase GLD2 isoform X9 [Homo sapiens]	TRUE	TENT2
XP_035667157.1	XP_047272816.1	0	N/A	46.729	214	33	4.44e-52	184	poly(A) RNA polymerase GLD2 isoform X8 [Homo sapiens]	TRUE	TENT2
XP_035667157.1	XP_005252265.1	0	N/A	31.707	369	63	8.88e-38	152	terminal uridylyltransferase 7 isoform X7 [Homo sapiens]	TRUE	Tut7
XP_035667157.1	XP_011517316.1	0	N/A	31.707	369	63	9.17e-38	152	terminal uridylyltransferase 7 isoform X1 [Homo sapiens]	TRUE	Tut7
XP_035667157.1	XP_011517315.1	0	N/A	31.707	369	63	9.17e-38	152	terminal uridylyltransferase 7 isoform X1 [Homo sapiens]	TRUE	Tut7
XP_035667157.1	XP_011517314.1	0	N/A	31.707	369	63	9.17e-38	152	terminal uridylyltransferase 7 isoform X1 [Homo sapiens]	TRUE	Tut7
XP_035667157.1	XP_011517313.1	0	N/A	31.707	369	63	9.17e-38	152	terminal uridylyltransferase 7 isoform X1 [Homo sapiens]	TRUE	Tut7
XP_035667157.1	NP_001317647.1	0	N/A	31.707	369	63	1.08e-37	150	terminal uridylyltransferase 7 isoform 3 [Homo sapiens]	TRUE	Tut7
XP_035667157.1	XP_011517318.1	0	N/A	31.707	369	63	1.35e-37	151	terminal uridylyltransferase 7 isoform X5 [Homo sapiens]	TRUE	Tut7
XP_035667157.1	XP_011517317.1	0	N/A	31.707	369	63	1.43e-37	151	terminal uridylyltransferase 7 isoform X3 [Homo sapiens]	TRUE	Tut7
XP_035667157.1	XP_016870620.1	0	N/A	31.707	369	63	1.46e-37	151	terminal uridylyltransferase 7 isoform X4 [Homo sapiens]	TRUE	Tut7
XP_035667157.1	XP_016870619.1	0	N/A	31.707	369	63	1.46e-37	151	terminal uridylyltransferase 7 isoform X4 [Homo sapiens]	TRUE	Tut7
XP_035667157.1	NP_078893.2	0	N/A	31.707	369	63	1.46e-37	151	terminal uridylyltransferase 7 isoform 1 [Homo sapiens]	TRUE	Tut7
XP_035667157.1	NP_001171988.1	0	N/A	31.707	369	63	1.46e-37	151	terminal uridylyltransferase 7 isoform 1 [Homo sapiens]	TRUE	Tut7
XP_035667157.1	XP_047279825.1	0	N/A	31.707	369	63	1.5e-37	151	terminal uridylyltransferase 7 isoform X6 [Homo sapiens]	TRUE	Tut7
XP_035667157.1	XP_047279824.1	0	N/A	31.707	369	63	1.5e-37	151	terminal uridylyltransferase 7 isoform X6 [Homo sapiens]	TRUE	Tut7
XP_035667157.1	XP_005252264.1	0	N/A	31.707	369	63	1.5e-37	151	terminal uridylyltransferase 7 isoform X6 [Homo sapiens]	TRUE	Tut7
XP_035667157.1	XP_047279823.1	0	N/A	31.707	369	63	1.56e-37	151	terminal uridylyltransferase 7 isoform X2 [Homo sapiens]	TRUE	Tut7
XP_035667157.1	XP_006717346.1	0	N/A	31.707	369	63	1.56e-37	151	terminal uridylyltransferase 7 isoform X2 [Homo sapiens]	TRUE	Tut7
XP_035667157.1	XP_047272350.1	0	N/A	32.77	296	52	3.2e-34	141	terminal uridylyltransferase 4 isoform X34 [Homo sapiens]	TRUE	Tut4
XP_035678443.1	NP_001035375.2	0	N/A	64.844	384	47	1.57e-169	505	terminal nucleotidyltransferase 4B isoform b [Homo sapiens]	TRUE	TENT4B
XP_035678443.1	XP_011521578.1	0	N/A	64.844	384	47	1.62e-169	505	terminal nucleotidyltransferase 4B isoform X2 [Homo sapiens]	TRUE	TENT4B
XP_035678443.1	XP_047290432.1	0	N/A	65.013	383	47	2.48e-169	504	terminal nucleotidyltransferase 4B isoform X4 [Homo sapiens]	TRUE	TENT4B
XP_035678443.1	NP_001035374.2	0	N/A	65.782	377	46	3.66e-169	506	terminal nucleotidyltransferase 4B isoform a [Homo sapiens]	TRUE	TENT4B
XP_035678443.1	XP_011521577.1	0	N/A	65.782	377	46	3.78e-169	506	terminal nucleotidyltransferase 4B isoform X1 [Homo sapiens]	TRUE	TENT4B
XP_035678443.1	NP_001352252.1	0	N/A	65.782	377	46	5.99e-169	505	terminal nucleotidyltransferase 4B isoform c [Homo sapiens]	TRUE	TENT4B
XP_035678443.1	XP_047290431.1	0	N/A	65.013	383	47	8.85e-169	504	terminal nucleotidyltransferase 4B isoform X3 [Homo sapiens]	TRUE	TENT4B
XP_035678443.1	NP_001352253.1	0	N/A	65.782	377	46	1.48e-168	504	terminal nucleotidyltransferase 4B isoform d [Homo sapiens]	TRUE	TENT4B
XP_035678443.1	NP_001165276.2	0	N/A	61.578	393	47	2.7e-166	501	terminal nucleotidyltransferase 4A isoform 2 [Homo sapiens]	TRUE	TENT4A
XP_035678443.1	NP_008930.2	0	N/A	61.578	393	47	2.85e-166	501	terminal nucleotidyltransferase 4A isoform 1 [Homo sapiens]	TRUE	TENT4A
XP_035678443.1	XP_047290433.1	0	N/A	69.419	327	42	2.51e-159	473	terminal nucleotidyltransferase 4B isoform X6 [Homo sapiens]	TRUE	TENT4B
XP_035678443.1	XP_011521580.1	0	N/A	70.405	321	41	4.64e-159	474	terminal nucleotidyltransferase 4B isoform X5 [Homo sapiens]	TRUE	TENT4B
XP_035678443.1	XP_047272622.1	0	N/A	68.387	310	40	1.26e-149	450	terminal nucleotidyltransferase 4A isoform X1 [Homo sapiens]	TRUE	TENT4A
XP_035678443.1	XP_047272621.1	0	N/A	68.387	310	40	1.26e-149	450	terminal nucleotidyltransferase 4A isoform X1 [Homo sapiens]	TRUE	TENT4A
XP_035678443.1	XP_047272620.1	0	N/A	68.387	310	40	1.26e-149	450	terminal nucleotidyltransferase 4A isoform X1 [Homo sapiens]	TRUE	TENT4A
XP_035678443.1	XP_047272624.1	0	N/A	68.439	301	39	2.63e-146	441	terminal nucleotidyltransferase 4A isoform X3 [Homo sapiens]	TRUE	TENT4A
XP_035678443.1	XP_047272623.1	0	N/A	68.439	301	39	3e-146	441	terminal nucleotidyltransferase 4A isoform X2 [Homo sapiens]	TRUE	TENT4A
XP_035678443.1	XP_016864477.1	0	N/A	68.439	301	39	3e-146	441	terminal nucleotidyltransferase 4A isoform X2 [Homo sapiens]	TRUE	TENT4A
XP_035678443.1	XP_047279823.1	0	N/A	29.189	185	23	1.04e-13	78.2	terminal uridylyltransferase 7 isoform X2 [Homo sapiens]	TRUE	Tut7
XP_035678443.1	XP_006717346.1	0	N/A	29.189	185	23	1.04e-13	78.2	terminal uridylyltransferase 7 isoform X2 [Homo sapiens]	TRUE	Tut7
XP_035678443.1	XP_011517318.1	0	N/A	29.189	185	23	1.32e-13	77.8	terminal uridylyltransferase 7 isoform X5 [Homo sapiens]	TRUE	Tut7
XP_035678443.1	XP_016870620.1	0	N/A	29.189	185	23	1.32e-13	77.8	terminal uridylyltransferase 7 isoform X4 [Homo sapiens]	TRUE	Tut7
XP_035678443.1	XP_016870619.1	0	N/A	29.189	185	23	1.32e-13	77.8	terminal uridylyltransferase 7 isoform X4 [Homo sapiens]	TRUE	Tut7
XP_035678443.1	NP_078893.2	0	N/A	29.189	185	23	1.32e-13	77.8	terminal uridylyltransferase 7 isoform 1 [Homo sapiens]	TRUE	Tut7
XP_035678443.1	NP_001171988.1	0	N/A	29.189	185	23	1.32e-13	77.8	terminal uridylyltransferase 7 isoform 1 [Homo sapiens]	TRUE	Tut7
XP_035678443.1	XP_011517317.1	0	N/A	29.189	185	23	1.37e-13	77.8	terminal uridylyltransferase 7 isoform X3 [Homo sapiens]	TRUE	Tut7
XP_035678443.1	XP_047279825.1	0	N/A	29.189	185	23	1.43e-13	77.4	terminal uridylyltransferase 7 isoform X6 [Homo sapiens]	TRUE	Tut7
XP_035678443.1	XP_047279824.1	0	N/A	29.189	185	23	1.43e-13	77.4	terminal uridylyltransferase 7 isoform X6 [Homo sapiens]	TRUE	Tut7
XP_035678443.1	XP_005252264.1	0	N/A	29.189	185	23	1.43e-13	77.4	terminal uridylyltransferase 7 isoform X6 [Homo sapiens]	TRUE	Tut7
XP_035678443.1	XP_011517316.1	0	N/A	29.189	185	23	1.7e-13	77.4	terminal uridylyltransferase 7 isoform X1 [Homo sapiens]	TRUE	Tut7
XP_035678443.1	XP_011517315.1	0	N/A	29.189	185	23	1.7e-13	77.4	terminal uridylyltransferase 7 isoform X1 [Homo sapiens]	TRUE	Tut7
XP_035678443.1	XP_011517314.1	0	N/A	29.189	185	23	1.7e-13	77.4	terminal uridylyltransferase 7 isoform X1 [Homo sapiens]	TRUE	Tut7
XP_035678443.1	XP_011517313.1	0	N/A	29.189	185	23	1.7e-13	77.4	terminal uridylyltransferase 7 isoform X1 [Homo sapiens]	TRUE	Tut7
XP_035678443.1	XP_005252265.1	0	N/A	29.189	185	23	1.75e-13	77.4	terminal uridylyltransferase 7 isoform X7 [Homo sapiens]	TRUE	Tut7
XP_035678443.1	NP_001317647.1	0	N/A	29.189	185	23	1.95e-13	76.6	terminal uridylyltransferase 7 isoform 3 [Homo sapiens]	TRUE	Tut7
XP_035678443.1	XP_047272808.1	0	N/A	22.801	307	34	7.14e-13	74.3	poly(A) RNA polymerase GLD2 isoform X3 [Homo sapiens]	TRUE	TENT2
XP_035678443.1	XP_047272807.1	0	N/A	22.801	307	34	7.14e-13	74.3	poly(A) RNA polymerase GLD2 isoform X3 [Homo sapiens]	TRUE	TENT2
XP_035678443.1	XP_047272806.1	0	N/A	22.801	307	34	7.14e-13	74.3	poly(A) RNA polymerase GLD2 isoform X3 [Homo sapiens]	TRUE	TENT2
XP_035678443.1	NP_776158.2	0	N/A	22.801	307	34	7.14e-13	74.3	poly(A) RNA polymerase GLD2 isoform 1 [Homo sapiens]	TRUE	TENT2
XP_035678443.1	NP_001375041.1	0	N/A	22.801	307	34	7.14e-13	74.3	poly(A) RNA polymerase GLD2 isoform 1 [Homo sapiens]	TRUE	TENT2
XP_035678443.1	NP_001375040.1	0	N/A	22.801	307	34	7.14e-13	74.3	poly(A) RNA polymerase GLD2 isoform 1 [Homo sapiens]	TRUE	TENT2
XP_035678443.1	NP_001375039.1	0	N/A	22.801	307	34	7.14e-13	74.3	poly(A) RNA polymerase GLD2 isoform 1 [Homo sapiens]	TRUE	TENT2
XP_035678443.1	NP_001375038.1	0	N/A	22.801	307	34	7.14e-13	74.3	poly(A) RNA polymerase GLD2 isoform 1 [Homo sapiens]	TRUE	TENT2
XP_035678443.1	NP_001375037.1	0	N/A	22.801	307	34	7.14e-13	74.3	poly(A) RNA polymerase GLD2 isoform 1 [Homo sapiens]	TRUE	TENT2
XP_035678443.1	NP_001375036.1	0	N/A	22.801	307	34	7.14e-13	74.3	poly(A) RNA polymerase GLD2 isoform 1 [Homo sapiens]	TRUE	TENT2
XP_035678443.1	NP_001375035.1	0	N/A	22.801	307	34	7.14e-13	74.3	poly(A) RNA polymerase GLD2 isoform 1 [Homo sapiens]	TRUE	TENT2
XP_035678443.1	NP_001375034.1	0	N/A	22.801	307	34	7.14e-13	74.3	poly(A) RNA polymerase GLD2 isoform 1 [Homo sapiens]	TRUE	TENT2
XP_035678443.1	NP_001375032.1	0	N/A	22.801	307	34	7.14e-13	74.3	poly(A) RNA polymerase GLD2 isoform 1 [Homo sapiens]	TRUE	TENT2
XP_035678443.1	NP_001375031.1	0	N/A	22.801	307	34	7.14e-13	74.3	poly(A) RNA polymerase GLD2 isoform 1 [Homo sapiens]	TRUE	TENT2
XP_035678443.1	NP_001336482.1	0	N/A	22.801	307	34	7.14e-13	74.3	poly(A) RNA polymerase GLD2 isoform 1 [Homo sapiens]	TRUE	TENT2
XP_035678443.1	NP_001336481.1	0	N/A	22.801	307	34	7.14e-13	74.3	poly(A) RNA polymerase GLD2 isoform 1 [Homo sapiens]	TRUE	TENT2
XP_035678443.1	NP_001107866.1	0	N/A	22.801	307	34	7.14e-13	74.3	poly(A) RNA polymerase GLD2 isoform 1 [Homo sapiens]	TRUE	TENT2
XP_035678443.1	NP_001107865.1	0	N/A	22.801	307	34	7.14e-13	74.3	poly(A) RNA polymerase GLD2 isoform 1 [Homo sapiens]	TRUE	TENT2
XP_035678443.1	NP_001375042.1	0	N/A	22.801	307	34	7.24e-13	74.3	poly(A) RNA polymerase GLD2 isoform 16 [Homo sapiens]	TRUE	TENT2
XP_035678443.1	NP_001375060.1	0	N/A	22.801	307	34	1.23e-12	73.6	poly(A) RNA polymerase GLD2 isoform 11 [Homo sapiens]	TRUE	TENT2
XP_035678443.1	NP_001375059.1	0	N/A	22.977	309	34	1.53e-12	73.2	poly(A) RNA polymerase GLD2 isoform 10 [Homo sapiens]	TRUE	TENT2
XP_035678443.1	XP_047272811.1	0	N/A	22.977	309	34	1.66e-12	73.2	poly(A) RNA polymerase GLD2 isoform X4 [Homo sapiens]	TRUE	TENT2
XP_035678443.1	XP_047272810.1	0	N/A	22.977	309	34	1.66e-12	73.2	poly(A) RNA polymerase GLD2 isoform X4 [Homo sapiens]	TRUE	TENT2
XP_035678443.1	XP_047272809.1	0	N/A	22.977	309	34	1.66e-12	73.2	poly(A) RNA polymerase GLD2 isoform X4 [Homo sapiens]	TRUE	TENT2
XP_035678443.1	NP_001375058.1	0	N/A	22.977	309	34	1.66e-12	73.2	poly(A) RNA polymerase GLD2 isoform 2 [Homo sapiens]	TRUE	TENT2
XP_035678443.1	NP_001375057.1	0	N/A	22.977	309	34	1.66e-12	73.2	poly(A) RNA polymerase GLD2 isoform 2 [Homo sapiens]	TRUE	TENT2
XP_035678443.1	NP_001375056.1	0	N/A	22.977	309	34	1.66e-12	73.2	poly(A) RNA polymerase GLD2 isoform 2 [Homo sapiens]	TRUE	TENT2
XP_035678443.1	NP_001375055.1	0	N/A	22.977	309	34	1.66e-12	73.2	poly(A) RNA polymerase GLD2 isoform 2 [Homo sapiens]	TRUE	TENT2
XP_035678443.1	NP_001375054.1	0	N/A	22.977	309	34	1.66e-12	73.2	poly(A) RNA polymerase GLD2 isoform 2 [Homo sapiens]	TRUE	TENT2
XP_035678443.1	NP_001375053.1	0	N/A	22.977	309	34	1.66e-12	73.2	poly(A) RNA polymerase GLD2 isoform 2 [Homo sapiens]	TRUE	TENT2
XP_035678443.1	NP_001375052.1	0	N/A	22.977	309	34	1.66e-12	73.2	poly(A) RNA polymerase GLD2 isoform 2 [Homo sapiens]	TRUE	TENT2
XP_035678443.1	NP_001375051.1	0	N/A	22.977	309	34	1.66e-12	73.2	poly(A) RNA polymerase GLD2 isoform 2 [Homo sapiens]	TRUE	TENT2
XP_035678443.1	NP_001375050.1	0	N/A	22.977	309	34	1.66e-12	73.2	poly(A) RNA polymerase GLD2 isoform 2 [Homo sapiens]	TRUE	TENT2
XP_035678443.1	NP_001375049.1	0	N/A	22.977	309	34	1.66e-12	73.2	poly(A) RNA polymerase GLD2 isoform 2 [Homo sapiens]	TRUE	TENT2
XP_035678443.1	NP_001375048.1	0	N/A	22.977	309	34	1.66e-12	73.2	poly(A) RNA polymerase GLD2 isoform 2 [Homo sapiens]	TRUE	TENT2
XP_035678443.1	NP_001375047.1	0	N/A	22.977	309	34	1.66e-12	73.2	poly(A) RNA polymerase GLD2 isoform 2 [Homo sapiens]	TRUE	TENT2
XP_035678443.1	NP_001375046.1	0	N/A	22.977	309	34	1.66e-12	73.2	poly(A) RNA polymerase GLD2 isoform 2 [Homo sapiens]	TRUE	TENT2
XP_035678443.1	NP_001375045.1	0	N/A	22.977	309	34	1.66e-12	73.2	poly(A) RNA polymerase GLD2 isoform 2 [Homo sapiens]	TRUE	TENT2
XP_035678443.1	NP_001375044.1	0	N/A	22.977	309	34	1.66e-12	73.2	poly(A) RNA polymerase GLD2 isoform 2 [Homo sapiens]	TRUE	TENT2
XP_035678443.1	NP_001375043.1	0	N/A	22.977	309	34	1.66e-12	73.2	poly(A) RNA polymerase GLD2 isoform 2 [Homo sapiens]	TRUE	TENT2
XP_035678443.1	NP_001336483.1	0	N/A	22.977	309	34	1.66e-12	73.2	poly(A) RNA polymerase GLD2 isoform 2 [Homo sapiens]	TRUE	TENT2
XP_035678443.1	NP_001284673.1	0	N/A	22.977	309	34	1.66e-12	73.2	poly(A) RNA polymerase GLD2 isoform 2 [Homo sapiens]	TRUE	TENT2
XP_035678443.1	NP_001375061.1	0	N/A	22.977	309	34	2.96e-12	72	poly(A) RNA polymerase GLD2 isoform 12 [Homo sapiens]	TRUE	TENT2
XP_035678443.1	NP_001336477.1	0	N/A	25.616	203	22	1.95e-11	67.8	poly(A) RNA polymerase GLD2 isoform 4 [Homo sapiens]	TRUE	TENT2
XP_035678443.1	NP_001375065.1	0	N/A	22.977	309	34	2.45e-11	68.6	poly(A) RNA polymerase GLD2 isoform 14 [Homo sapiens]	TRUE	TENT2
XP_035678443.1	XP_047272820.1	0	N/A	26.108	203	22	3.05e-11	67	poly(A) RNA polymerase GLD2 isoform X11 [Homo sapiens]	TRUE	TENT2
XP_035678443.1	XP_047272805.1	0	N/A	26.108	203	22	5.52e-11	68.2	poly(A) RNA polymerase GLD2 isoform X2 [Homo sapiens]	TRUE	TENT2
XP_035678443.1	XP_047272804.1	0	N/A	26.108	203	22	5.52e-11	68.2	poly(A) RNA polymerase GLD2 isoform X2 [Homo sapiens]	TRUE	TENT2
XP_035678443.1	XP_047272803.1	0	N/A	26.108	203	22	5.52e-11	68.2	poly(A) RNA polymerase GLD2 isoform X2 [Homo sapiens]	TRUE	TENT2
XP_035678443.1	XP_047272802.1	0	N/A	26.108	203	22	5.52e-11	68.2	poly(A) RNA polymerase GLD2 isoform X2 [Homo sapiens]	TRUE	TENT2
XP_035678443.1	XP_016864641.1	0	N/A	26.108	203	22	5.52e-11	68.2	poly(A) RNA polymerase GLD2 isoform X2 [Homo sapiens]	TRUE	TENT2
XP_035678443.1	NP_001375026.1	0	N/A	26.108	203	22	5.52e-11	68.2	poly(A) RNA polymerase GLD2 isoform 6 [Homo sapiens]	TRUE	TENT2
XP_035678443.1	NP_001375025.1	0	N/A	26.108	203	22	5.52e-11	68.2	poly(A) RNA polymerase GLD2 isoform 6 [Homo sapiens]	TRUE	TENT2
XP_035678443.1	NP_001375024.1	0	N/A	26.108	203	22	5.52e-11	68.2	poly(A) RNA polymerase GLD2 isoform 6 [Homo sapiens]	TRUE	TENT2
XP_035678443.1	NP_001336480.1	0	N/A	26.108	203	22	5.52e-11	68.2	poly(A) RNA polymerase GLD2 isoform 6 [Homo sapiens]	TRUE	TENT2
XP_035678443.1	NP_001375027.1	0	N/A	26.108	203	22	5.65e-11	68.2	poly(A) RNA polymerase GLD2 isoform 7 [Homo sapiens]	TRUE	TENT2
XP_035678443.1	NP_001375030.1	0	N/A	26.108	203	22	6.28e-11	68.2	poly(A) RNA polymerase GLD2 isoform 9 [Homo sapiens]	TRUE	TENT2
XP_035678443.1	XP_047272801.1	0	N/A	26.108	203	22	7.42e-11	67.8	poly(A) RNA polymerase GLD2 isoform X1 [Homo sapiens]	TRUE	TENT2
XP_035678443.1	XP_047272800.1	0	N/A	26.108	203	22	7.42e-11	67.8	poly(A) RNA polymerase GLD2 isoform X1 [Homo sapiens]	TRUE	TENT2
XP_035678443.1	XP_011541527.1	0	N/A	26.108	203	22	7.42e-11	67.8	poly(A) RNA polymerase GLD2 isoform X1 [Homo sapiens]	TRUE	TENT2
XP_035678443.1	XP_011541526.1	0	N/A	26.108	203	22	7.42e-11	67.8	poly(A) RNA polymerase GLD2 isoform X1 [Homo sapiens]	TRUE	TENT2
XP_035678443.1	XP_011541523.1	0	N/A	26.108	203	22	7.42e-11	67.8	poly(A) RNA polymerase GLD2 isoform X1 [Homo sapiens]	TRUE	TENT2
XP_035678443.1	XP_011541522.1	0	N/A	26.108	203	22	7.42e-11	67.8	poly(A) RNA polymerase GLD2 isoform X1 [Homo sapiens]	TRUE	TENT2
XP_035678443.1	NP_001375023.1	0	N/A	26.108	203	22	7.42e-11	67.8	poly(A) RNA polymerase GLD2 isoform 5 [Homo sapiens]	TRUE	TENT2
XP_035678443.1	NP_001375022.1	0	N/A	26.108	203	22	7.42e-11	67.8	poly(A) RNA polymerase GLD2 isoform 5 [Homo sapiens]	TRUE	TENT2
XP_035699267.1	XP_047272384.1	0	N/A	60.659	455	28	4.33e-180	566	terminal uridylyltransferase 4 isoform X46 [Homo sapiens]	TRUE	Tut4
XP_035699267.1	NP_001317647.1	0	N/A	56.341	481	29	5.1e-177	553	terminal uridylyltransferase 7 isoform 3 [Homo sapiens]	TRUE	Tut7
XP_035699267.1	XP_005270739.1	0	N/A	60.526	456	28	9.28e-176	572	terminal uridylyltransferase 4 isoform X33 [Homo sapiens]	TRUE	Tut4
XP_035699267.1	XP_047272365.1	0	N/A	60.659	455	28	1.66e-175	572	terminal uridylyltransferase 4 isoform X38 [Homo sapiens]	TRUE	Tut4
XP_035699267.1	XP_016856299.1	0	N/A	60.793	454	28	1.81e-175	572	terminal uridylyltransferase 4 isoform X40 [Homo sapiens]	TRUE	Tut4
XP_035699267.1	XP_016856297.1	0	N/A	60.793	454	28	1.96e-175	572	terminal uridylyltransferase 4 isoform X36 [Homo sapiens]	TRUE	Tut4
XP_035699267.1	XP_011539401.1	0	N/A	60.526	456	28	2.45e-175	572	terminal uridylyltransferase 4 isoform X29 [Homo sapiens]	TRUE	Tut4
XP_035699267.1	XP_047272345.1	0	N/A	60.793	454	28	4.01e-175	571	terminal uridylyltransferase 4 isoform X31 [Homo sapiens]	TRUE	Tut4
XP_035699267.1	XP_047272288.1	0	N/A	60.526	456	28	5.59e-175	572	terminal uridylyltransferase 4 isoform X10 [Homo sapiens]	TRUE	Tut4
XP_035699267.1	XP_047272325.1	0	N/A	60.659	455	28	5.78e-175	571	terminal uridylyltransferase 4 isoform X23 [Homo sapiens]	TRUE	Tut4
XP_035699267.1	XP_047272285.1	0	N/A	60.659	455	28	6.45e-175	572	terminal uridylyltransferase 4 isoform X7 [Homo sapiens]	TRUE	Tut4
XP_035699267.1	XP_016856293.1	0	N/A	60.793	454	28	6.82e-175	572	terminal uridylyltransferase 4 isoform X16 [Homo sapiens]	TRUE	Tut4
XP_035699267.1	XP_016856292.1	0	N/A	60.793	454	28	8.11e-175	572	terminal uridylyltransferase 4 isoform X9 [Homo sapiens]	TRUE	Tut4
XP_035699267.1	XP_047272337.1	0	N/A	60.659	455	28	8.91e-175	570	terminal uridylyltransferase 4 isoform X27 [Homo sapiens]	TRUE	Tut4
XP_035699267.1	XP_016856295.1	0	N/A	60.793	454	28	9.55e-175	570	terminal uridylyltransferase 4 isoform X25 [Homo sapiens]	TRUE	Tut4
XP_035699267.1	XP_011539399.1	0	N/A	60.526	456	28	1.09e-174	572	terminal uridylyltransferase 4 isoform X1 [Homo sapiens]	TRUE	Tut4
XP_035699267.1	XP_005270733.1	0	N/A	60.526	456	28	1.09e-174	572	terminal uridylyltransferase 4 isoform X1 [Homo sapiens]	TRUE	Tut4
XP_035699267.1	XP_016856296.1	0	N/A	60.793	454	28	1.2e-174	570	terminal uridylyltransferase 4 isoform X28 [Homo sapiens]	TRUE	Tut4
XP_035699267.1	XP_047272281.1	0	N/A	60.526	456	28	1.23e-174	572	terminal uridylyltransferase 4 isoform X4 [Homo sapiens]	TRUE	Tut4
XP_035699267.1	NP_001009881.1	0	N/A	60.526	456	28	1.23e-174	572	terminal uridylyltransferase 4 isoform a [Homo sapiens]	TRUE	Tut4
XP_035699267.1	XP_005270735.1	0	N/A	60.659	455	28	1.24e-174	572	terminal uridylyltransferase 4 isoform X2 [Homo sapiens]	TRUE	Tut4
XP_035699267.1	XP_047272282.1	0	N/A	60.659	455	28	1.67e-174	572	terminal uridylyltransferase 4 isoform X5 [Homo sapiens]	TRUE	Tut4
XP_035699267.1	NP_056084.1	0	N/A	60.659	455	28	1.67e-174	572	terminal uridylyltransferase 4 isoform b [Homo sapiens]	TRUE	Tut4
XP_035699267.1	XP_047272283.1	0	N/A	60.793	454	28	2.1e-174	571	terminal uridylyltransferase 4 isoform X6 [Homo sapiens]	TRUE	Tut4
XP_035699267.1	XP_005270737.1	0	N/A	60.793	454	28	2.1e-174	571	terminal uridylyltransferase 4 isoform X6 [Homo sapiens]	TRUE	Tut4
XP_035699267.1	XP_047272280.1	0	N/A	60.793	454	28	2.49e-174	571	terminal uridylyltransferase 4 isoform X3 [Homo sapiens]	TRUE	Tut4
XP_035699267.1	XP_005270736.1	0	N/A	60.793	454	28	2.49e-174	571	terminal uridylyltransferase 4 isoform X3 [Homo sapiens]	TRUE	Tut4
XP_035699267.1	XP_005252265.1	0	N/A	60	435	27	2.57e-171	556	terminal uridylyltransferase 7 isoform X7 [Homo sapiens]	TRUE	Tut7
XP_035699267.1	XP_047279825.1	0	N/A	56.341	481	29	1.25e-169	554	terminal uridylyltransferase 7 isoform X6 [Homo sapiens]	TRUE	Tut7
XP_035699267.1	XP_047279824.1	0	N/A	56.341	481	29	1.25e-169	554	terminal uridylyltransferase 7 isoform X6 [Homo sapiens]	TRUE	Tut7
XP_035699267.1	XP_005252264.1	0	N/A	56.341	481	29	1.25e-169	554	terminal uridylyltransferase 7 isoform X6 [Homo sapiens]	TRUE	Tut7
XP_035699267.1	XP_016870620.1	0	N/A	56.341	481	29	1.87e-169	554	terminal uridylyltransferase 7 isoform X4 [Homo sapiens]	TRUE	Tut7
XP_035699267.1	XP_016870619.1	0	N/A	56.341	481	29	1.87e-169	554	terminal uridylyltransferase 7 isoform X4 [Homo sapiens]	TRUE	Tut7
XP_035699267.1	NP_078893.2	0	N/A	56.341	481	29	1.87e-169	554	terminal uridylyltransferase 7 isoform 1 [Homo sapiens]	TRUE	Tut7
XP_035699267.1	NP_001171988.1	0	N/A	56.341	481	29	1.87e-169	554	terminal uridylyltransferase 7 isoform 1 [Homo sapiens]	TRUE	Tut7
XP_035699267.1	XP_047279823.1	0	N/A	56.341	481	29	2.8e-169	555	terminal uridylyltransferase 7 isoform X2 [Homo sapiens]	TRUE	Tut7
XP_035699267.1	XP_006717346.1	0	N/A	56.341	481	29	2.8e-169	555	terminal uridylyltransferase 7 isoform X2 [Homo sapiens]	TRUE	Tut7
XP_035699267.1	XP_011517318.1	0	N/A	56.341	481	29	2.8e-169	553	terminal uridylyltransferase 7 isoform X5 [Homo sapiens]	TRUE	Tut7
XP_035699267.1	XP_011517317.1	0	N/A	56.341	481	29	8.42e-169	553	terminal uridylyltransferase 7 isoform X3 [Homo sapiens]	TRUE	Tut7
XP_035699267.1	XP_011517316.1	0	N/A	56.341	481	29	1.32e-168	553	terminal uridylyltransferase 7 isoform X1 [Homo sapiens]	TRUE	Tut7
XP_035699267.1	XP_011517315.1	0	N/A	56.341	481	29	1.32e-168	553	terminal uridylyltransferase 7 isoform X1 [Homo sapiens]	TRUE	Tut7
XP_035699267.1	XP_011517314.1	0	N/A	56.341	481	29	1.32e-168	553	terminal uridylyltransferase 7 isoform X1 [Homo sapiens]	TRUE	Tut7
XP_035699267.1	XP_011517313.1	0	N/A	56.341	481	29	1.32e-168	553	terminal uridylyltransferase 7 isoform X1 [Homo sapiens]	TRUE	Tut7
XP_035699267.1	XP_047272372.1	0	N/A	58.59	454	28	5.96e-166	545	terminal uridylyltransferase 4 isoform X42 [Homo sapiens]	TRUE	Tut4
XP_035699267.1	XP_047272344.1	0	N/A	58.462	455	28	2.76e-165	544	terminal uridylyltransferase 4 isoform X30 [Homo sapiens]	TRUE	Tut4
XP_035699267.1	XP_047272350.1	0	N/A	58.72	453	28	4.04e-165	543	terminal uridylyltransferase 4 isoform X34 [Homo sapiens]	TRUE	Tut4
XP_035699267.1	XP_047272296.1	0	N/A	58.59	454	28	4.51e-165	545	terminal uridylyltransferase 4 isoform X13 [Homo sapiens]	TRUE	Tut4
XP_035699267.1	XP_047272295.1	0	N/A	58.462	455	28	4.73e-165	545	terminal uridylyltransferase 4 isoform X12 [Homo sapiens]	TRUE	Tut4
XP_035699267.1	XP_047272286.1	0	N/A	58.462	455	28	4.79e-165	545	terminal uridylyltransferase 4 isoform X8 [Homo sapiens]	TRUE	Tut4
XP_035699267.1	XP_047272305.1	0	N/A	58.72	453	28	7.46e-165	544	terminal uridylyltransferase 4 isoform X17 [Homo sapiens]	TRUE	Tut4
XP_035699267.1	XP_047272290.1	0	N/A	58.72	453	28	8.44e-165	544	terminal uridylyltransferase 4 isoform X11 [Homo sapiens]	TRUE	Tut4
XP_035699267.1	XP_047272377.1	0	N/A	53.524	454	28	2.48e-144	485	terminal uridylyltransferase 4 isoform X44 [Homo sapiens]	TRUE	Tut4
XP_035699267.1	XP_047272373.1	0	N/A	53.289	456	28	2.59e-144	485	terminal uridylyltransferase 4 isoform X43 [Homo sapiens]	TRUE	Tut4
XP_035699267.1	XP_047272369.1	0	N/A	53.289	456	28	5.1e-144	484	terminal uridylyltransferase 4 isoform X41 [Homo sapiens]	TRUE	Tut4
XP_035699267.1	XP_047272348.1	0	N/A	53.289	456	28	9.04e-144	484	terminal uridylyltransferase 4 isoform X32 [Homo sapiens]	TRUE	Tut4
XP_035699267.1	XP_047272311.1	0	N/A	53.289	456	28	1.01e-143	485	terminal uridylyltransferase 4 isoform X21 [Homo sapiens]	TRUE	Tut4
XP_035699267.1	XP_047272336.1	0	N/A	53.524	454	28	1.08e-143	484	terminal uridylyltransferase 4 isoform X26 [Homo sapiens]	TRUE	Tut4
XP_035699267.1	XP_047272320.1	0	N/A	53.289	456	28	1.12e-143	484	terminal uridylyltransferase 4 isoform X22 [Homo sapiens]	TRUE	Tut4
XP_035699267.1	XP_047272327.1	0	N/A	53.407	455	28	1.16e-143	484	terminal uridylyltransferase 4 isoform X24 [Homo sapiens]	TRUE	Tut4
XP_035699267.1	XP_047272354.1	0	N/A	53.289	456	28	1.35e-143	484	terminal uridylyltransferase 4 isoform X35 [Homo sapiens]	TRUE	Tut4
XP_035699267.1	XP_047272362.1	0	N/A	53.407	455	28	1.5e-143	483	terminal uridylyltransferase 4 isoform X37 [Homo sapiens]	TRUE	Tut4
XP_035699267.1	XP_005270738.1	0	N/A	53.289	456	28	2.04e-143	484	terminal uridylyltransferase 4 isoform X14 [Homo sapiens]	TRUE	Tut4
XP_035699267.1	XP_047272367.1	0	N/A	53.524	454	28	2.05e-143	483	terminal uridylyltransferase 4 isoform X39 [Homo sapiens]	TRUE	Tut4
XP_035699267.1	XP_047272303.1	0	N/A	53.407	455	28	2.44e-143	484	terminal uridylyltransferase 4 isoform X15 [Homo sapiens]	TRUE	Tut4
XP_035699267.1	XP_047272307.1	0	N/A	53.407	455	28	2.69e-143	484	terminal uridylyltransferase 4 isoform X19 [Homo sapiens]	TRUE	Tut4
XP_035699267.1	XP_047272306.1	0	N/A	53.524	454	28	2.98e-143	484	terminal uridylyltransferase 4 isoform X18 [Homo sapiens]	TRUE	Tut4
XP_035699267.1	XP_016856294.1	0	N/A	53.524	454	28	3.21e-143	484	terminal uridylyltransferase 4 isoform X20 [Homo sapiens]	TRUE	Tut4
XP_035699267.1	NP_001172003.1	0	N/A	58.48	342	21	5.48e-120	411	terminal uridylyltransferase 7 isoform 2 [Homo sapiens]	TRUE	Tut7
XP_035699267.1	XP_047279826.1	0	N/A	31.721	517	30	4.76e-75	275	terminal uridylyltransferase 7 isoform X8 [Homo sapiens]	TRUE	Tut7
XP_035699267.1	XP_016856307.1	0	N/A	35.78	327	20	3.8e-47	187	terminal uridylyltransferase 4 isoform X45 [Homo sapiens]	TRUE	Tut4
XP_035699267.1	NP_001375059.1	0	N/A	30.341	323	20	1.34e-37	151	poly(A) RNA polymerase GLD2 isoform 10 [Homo sapiens]	TRUE	TENT2
XP_035699267.1	XP_047272811.1	0	N/A	30.341	323	20	1.35e-37	151	poly(A) RNA polymerase GLD2 isoform X4 [Homo sapiens]	TRUE	TENT2
XP_035699267.1	XP_047272810.1	0	N/A	30.341	323	20	1.35e-37	151	poly(A) RNA polymerase GLD2 isoform X4 [Homo sapiens]	TRUE	TENT2
XP_035699267.1	XP_047272809.1	0	N/A	30.341	323	20	1.35e-37	151	poly(A) RNA polymerase GLD2 isoform X4 [Homo sapiens]	TRUE	TENT2
XP_035699267.1	NP_001375058.1	0	N/A	30.341	323	20	1.35e-37	151	poly(A) RNA polymerase GLD2 isoform 2 [Homo sapiens]	TRUE	TENT2
XP_035699267.1	NP_001375057.1	0	N/A	30.341	323	20	1.35e-37	151	poly(A) RNA polymerase GLD2 isoform 2 [Homo sapiens]	TRUE	TENT2
XP_035699267.1	NP_001375056.1	0	N/A	30.341	323	20	1.35e-37	151	poly(A) RNA polymerase GLD2 isoform 2 [Homo sapiens]	TRUE	TENT2
XP_035699267.1	NP_001375055.1	0	N/A	30.341	323	20	1.35e-37	151	poly(A) RNA polymerase GLD2 isoform 2 [Homo sapiens]	TRUE	TENT2
XP_035699267.1	NP_001375054.1	0	N/A	30.341	323	20	1.35e-37	151	poly(A) RNA polymerase GLD2 isoform 2 [Homo sapiens]	TRUE	TENT2
XP_035699267.1	NP_001375053.1	0	N/A	30.341	323	20	1.35e-37	151	poly(A) RNA polymerase GLD2 isoform 2 [Homo sapiens]	TRUE	TENT2
XP_035699267.1	NP_001375052.1	0	N/A	30.341	323	20	1.35e-37	151	poly(A) RNA polymerase GLD2 isoform 2 [Homo sapiens]	TRUE	TENT2
XP_035699267.1	NP_001375051.1	0	N/A	30.341	323	20	1.35e-37	151	poly(A) RNA polymerase GLD2 isoform 2 [Homo sapiens]	TRUE	TENT2
XP_035699267.1	NP_001375050.1	0	N/A	30.341	323	20	1.35e-37	151	poly(A) RNA polymerase GLD2 isoform 2 [Homo sapiens]	TRUE	TENT2
XP_035699267.1	NP_001375049.1	0	N/A	30.341	323	20	1.35e-37	151	poly(A) RNA polymerase GLD2 isoform 2 [Homo sapiens]	TRUE	TENT2
XP_035699267.1	NP_001375048.1	0	N/A	30.341	323	20	1.35e-37	151	poly(A) RNA polymerase GLD2 isoform 2 [Homo sapiens]	TRUE	TENT2
XP_035699267.1	NP_001375047.1	0	N/A	30.341	323	20	1.35e-37	151	poly(A) RNA polymerase GLD2 isoform 2 [Homo sapiens]	TRUE	TENT2
XP_035699267.1	NP_001375046.1	0	N/A	30.341	323	20	1.35e-37	151	poly(A) RNA polymerase GLD2 isoform 2 [Homo sapiens]	TRUE	TENT2
XP_035699267.1	NP_001375045.1	0	N/A	30.341	323	20	1.35e-37	151	poly(A) RNA polymerase GLD2 isoform 2 [Homo sapiens]	TRUE	TENT2
XP_035699267.1	NP_001375044.1	0	N/A	30.341	323	20	1.35e-37	151	poly(A) RNA polymerase GLD2 isoform 2 [Homo sapiens]	TRUE	TENT2
XP_035699267.1	NP_001375043.1	0	N/A	30.341	323	20	1.35e-37	151	poly(A) RNA polymerase GLD2 isoform 2 [Homo sapiens]	TRUE	TENT2
XP_035699267.1	NP_001336483.1	0	N/A	30.341	323	20	1.35e-37	151	poly(A) RNA polymerase GLD2 isoform 2 [Homo sapiens]	TRUE	TENT2
XP_035699267.1	NP_001284673.1	0	N/A	30.341	323	20	1.35e-37	151	poly(A) RNA polymerase GLD2 isoform 2 [Homo sapiens]	TRUE	TENT2
XP_035699267.1	NP_001375061.1	0	N/A	30.031	323	20	1.76e-37	150	poly(A) RNA polymerase GLD2 isoform 12 [Homo sapiens]	TRUE	TENT2
XP_035699267.1	NP_001375065.1	0	N/A	30.031	323	20	3.49e-37	147	poly(A) RNA polymerase GLD2 isoform 14 [Homo sapiens]	TRUE	TENT2
XP_035699267.1	XP_047272808.1	0	N/A	29.969	327	20	4.38e-36	146	poly(A) RNA polymerase GLD2 isoform X3 [Homo sapiens]	TRUE	TENT2
XP_035699267.1	XP_047272807.1	0	N/A	29.969	327	20	4.38e-36	146	poly(A) RNA polymerase GLD2 isoform X3 [Homo sapiens]	TRUE	TENT2
XP_035699267.1	XP_047272806.1	0	N/A	29.969	327	20	4.38e-36	146	poly(A) RNA polymerase GLD2 isoform X3 [Homo sapiens]	TRUE	TENT2
XP_035699267.1	NP_776158.2	0	N/A	29.969	327	20	4.38e-36	146	poly(A) RNA polymerase GLD2 isoform 1 [Homo sapiens]	TRUE	TENT2
XP_035699267.1	NP_001375041.1	0	N/A	29.969	327	20	4.38e-36	146	poly(A) RNA polymerase GLD2 isoform 1 [Homo sapiens]	TRUE	TENT2
XP_035699267.1	NP_001375040.1	0	N/A	29.969	327	20	4.38e-36	146	poly(A) RNA polymerase GLD2 isoform 1 [Homo sapiens]	TRUE	TENT2
XP_037873064.1	NP_060579.3	0	N/A	32.331	532	86	2.26e-84	276	poly(A) RNA polymerase, mitochondrial precursor [Homo sapiens]	TRUE	mtPAP
XP_037873064.1	NP_073741.3	0	N/A	35.039	254	41	6.28e-30	128	speckle targeted PIP5K1A-regulated poly(A) polymerase isoform 1 [Homo sapiens]	TRUE	Tut1
XP_037873064.1	NP_001375060.1	0	N/A	28.912	294	49	1.15e-22	103	poly(A) RNA polymerase GLD2 isoform 11 [Homo sapiens]	TRUE	TENT2
XP_037873064.1	NP_001375042.1	0	N/A	28.912	294	49	1.31e-22	103	poly(A) RNA polymerase GLD2 isoform 16 [Homo sapiens]	TRUE	TENT2
XP_037873064.1	XP_047272808.1	0	N/A	28.912	294	49	1.33e-22	103	poly(A) RNA polymerase GLD2 isoform X3 [Homo sapiens]	TRUE	TENT2
XP_037873064.1	XP_047272807.1	0	N/A	28.912	294	49	1.33e-22	103	poly(A) RNA polymerase GLD2 isoform X3 [Homo sapiens]	TRUE	TENT2
XP_037873064.1	XP_047272806.1	0	N/A	28.912	294	49	1.33e-22	103	poly(A) RNA polymerase GLD2 isoform X3 [Homo sapiens]	TRUE	TENT2
XP_037873064.1	NP_776158.2	0	N/A	28.912	294	49	1.33e-22	103	poly(A) RNA polymerase GLD2 isoform 1 [Homo sapiens]	TRUE	TENT2
XP_037873064.1	NP_001375041.1	0	N/A	28.912	294	49	1.33e-22	103	poly(A) RNA polymerase GLD2 isoform 1 [Homo sapiens]	TRUE	TENT2
XP_037873064.1	NP_001375040.1	0	N/A	28.912	294	49	1.33e-22	103	poly(A) RNA polymerase GLD2 isoform 1 [Homo sapiens]	TRUE	TENT2
XP_037873064.1	NP_001375039.1	0	N/A	28.912	294	49	1.33e-22	103	poly(A) RNA polymerase GLD2 isoform 1 [Homo sapiens]	TRUE	TENT2
XP_037873064.1	NP_001375038.1	0	N/A	28.912	294	49	1.33e-22	103	poly(A) RNA polymerase GLD2 isoform 1 [Homo sapiens]	TRUE	TENT2
XP_037873064.1	NP_001375037.1	0	N/A	28.912	294	49	1.33e-22	103	poly(A) RNA polymerase GLD2 isoform 1 [Homo sapiens]	TRUE	TENT2
XP_037873064.1	NP_001375036.1	0	N/A	28.912	294	49	1.33e-22	103	poly(A) RNA polymerase GLD2 isoform 1 [Homo sapiens]	TRUE	TENT2
XP_037873064.1	NP_001375035.1	0	N/A	28.912	294	49	1.33e-22	103	poly(A) RNA polymerase GLD2 isoform 1 [Homo sapiens]	TRUE	TENT2
XP_037873064.1	NP_001375034.1	0	N/A	28.912	294	49	1.33e-22	103	poly(A) RNA polymerase GLD2 isoform 1 [Homo sapiens]	TRUE	TENT2
XP_037873064.1	NP_001375032.1	0	N/A	28.912	294	49	1.33e-22	103	poly(A) RNA polymerase GLD2 isoform 1 [Homo sapiens]	TRUE	TENT2
XP_037873064.1	NP_001375031.1	0	N/A	28.912	294	49	1.33e-22	103	poly(A) RNA polymerase GLD2 isoform 1 [Homo sapiens]	TRUE	TENT2
XP_037873064.1	NP_001336482.1	0	N/A	28.912	294	49	1.33e-22	103	poly(A) RNA polymerase GLD2 isoform 1 [Homo sapiens]	TRUE	TENT2
XP_037873064.1	NP_001336481.1	0	N/A	28.912	294	49	1.33e-22	103	poly(A) RNA polymerase GLD2 isoform 1 [Homo sapiens]	TRUE	TENT2
XP_037873064.1	NP_001107866.1	0	N/A	28.912	294	49	1.33e-22	103	poly(A) RNA polymerase GLD2 isoform 1 [Homo sapiens]	TRUE	TENT2
XP_037873064.1	NP_001107865.1	0	N/A	28.912	294	49	1.33e-22	103	poly(A) RNA polymerase GLD2 isoform 1 [Homo sapiens]	TRUE	TENT2
XP_037873064.1	NP_001375065.1	0	N/A	28.571	294	49	3.32e-22	100	poly(A) RNA polymerase GLD2 isoform 14 [Homo sapiens]	TRUE	TENT2
XP_037873064.1	NP_001375029.1	0	N/A	29.605	304	49	4.66e-22	102	poly(A) RNA polymerase GLD2 isoform 8 [Homo sapiens]	TRUE	TENT2
XP_037873064.1	NP_001375028.1	0	N/A	29.605	304	49	4.66e-22	102	poly(A) RNA polymerase GLD2 isoform 8 [Homo sapiens]	TRUE	TENT2
XP_037873064.1	NP_001375061.1	0	N/A	28.571	294	49	9.3e-22	100	poly(A) RNA polymerase GLD2 isoform 12 [Homo sapiens]	TRUE	TENT2
XP_037873064.1	XP_047272811.1	0	N/A	28.571	294	49	1.04e-21	101	poly(A) RNA polymerase GLD2 isoform X4 [Homo sapiens]	TRUE	TENT2
XP_037873064.1	XP_047272810.1	0	N/A	28.571	294	49	1.04e-21	101	poly(A) RNA polymerase GLD2 isoform X4 [Homo sapiens]	TRUE	TENT2
XP_037873064.1	XP_047272809.1	0	N/A	28.571	294	49	1.04e-21	101	poly(A) RNA polymerase GLD2 isoform X4 [Homo sapiens]	TRUE	TENT2
XP_037873064.1	NP_001375058.1	0	N/A	28.571	294	49	1.04e-21	101	poly(A) RNA polymerase GLD2 isoform 2 [Homo sapiens]	TRUE	TENT2
XP_037873064.1	NP_001375057.1	0	N/A	28.571	294	49	1.04e-21	101	poly(A) RNA polymerase GLD2 isoform 2 [Homo sapiens]	TRUE	TENT2
XP_037873064.1	NP_001375056.1	0	N/A	28.571	294	49	1.04e-21	101	poly(A) RNA polymerase GLD2 isoform 2 [Homo sapiens]	TRUE	TENT2
XP_037873064.1	NP_001375055.1	0	N/A	28.571	294	49	1.04e-21	101	poly(A) RNA polymerase GLD2 isoform 2 [Homo sapiens]	TRUE	TENT2
XP_037873064.1	NP_001375054.1	0	N/A	28.571	294	49	1.04e-21	101	poly(A) RNA polymerase GLD2 isoform 2 [Homo sapiens]	TRUE	TENT2
XP_037873064.1	NP_001375053.1	0	N/A	28.571	294	49	1.04e-21	101	poly(A) RNA polymerase GLD2 isoform 2 [Homo sapiens]	TRUE	TENT2
XP_037873064.1	NP_001375052.1	0	N/A	28.571	294	49	1.04e-21	101	poly(A) RNA polymerase GLD2 isoform 2 [Homo sapiens]	TRUE	TENT2
XP_037873064.1	NP_001375051.1	0	N/A	28.571	294	49	1.04e-21	101	poly(A) RNA polymerase GLD2 isoform 2 [Homo sapiens]	TRUE	TENT2
XP_037873064.1	NP_001375050.1	0	N/A	28.571	294	49	1.04e-21	101	poly(A) RNA polymerase GLD2 isoform 2 [Homo sapiens]	TRUE	TENT2
XP_037873064.1	NP_001375049.1	0	N/A	28.571	294	49	1.04e-21	101	poly(A) RNA polymerase GLD2 isoform 2 [Homo sapiens]	TRUE	TENT2
XP_037873064.1	NP_001375048.1	0	N/A	28.571	294	49	1.04e-21	101	poly(A) RNA polymerase GLD2 isoform 2 [Homo sapiens]	TRUE	TENT2
XP_037873064.1	NP_001375047.1	0	N/A	28.571	294	49	1.04e-21	101	poly(A) RNA polymerase GLD2 isoform 2 [Homo sapiens]	TRUE	TENT2
XP_037873064.1	NP_001375046.1	0	N/A	28.571	294	49	1.04e-21	101	poly(A) RNA polymerase GLD2 isoform 2 [Homo sapiens]	TRUE	TENT2
XP_037873064.1	NP_001375045.1	0	N/A	28.571	294	49	1.04e-21	101	poly(A) RNA polymerase GLD2 isoform 2 [Homo sapiens]	TRUE	TENT2
XP_037873064.1	NP_001375044.1	0	N/A	28.571	294	49	1.04e-21	101	poly(A) RNA polymerase GLD2 isoform 2 [Homo sapiens]	TRUE	TENT2
XP_037873064.1	NP_001375043.1	0	N/A	28.571	294	49	1.04e-21	101	poly(A) RNA polymerase GLD2 isoform 2 [Homo sapiens]	TRUE	TENT2
XP_037873064.1	NP_001336483.1	0	N/A	28.571	294	49	1.04e-21	101	poly(A) RNA polymerase GLD2 isoform 2 [Homo sapiens]	TRUE	TENT2
XP_037873064.1	NP_001284673.1	0	N/A	28.571	294	49	1.04e-21	101	poly(A) RNA polymerase GLD2 isoform 2 [Homo sapiens]	TRUE	TENT2
XP_037873064.1	NP_001375059.1	0	N/A	28.571	294	49	1.04e-21	101	poly(A) RNA polymerase GLD2 isoform 10 [Homo sapiens]	TRUE	TENT2
XP_037873064.1	NP_001375030.1	0	N/A	29.276	304	49	4.01e-21	99.4	poly(A) RNA polymerase GLD2 isoform 9 [Homo sapiens]	TRUE	TENT2
XP_037873064.1	XP_047272801.1	0	N/A	27.451	306	48	5.23e-20	96.3	poly(A) RNA polymerase GLD2 isoform X1 [Homo sapiens]	TRUE	TENT2
XP_037873064.1	XP_047272800.1	0	N/A	27.451	306	48	5.23e-20	96.3	poly(A) RNA polymerase GLD2 isoform X1 [Homo sapiens]	TRUE	TENT2
XP_037873064.1	XP_011541527.1	0	N/A	27.451	306	48	5.23e-20	96.3	poly(A) RNA polymerase GLD2 isoform X1 [Homo sapiens]	TRUE	TENT2
XP_037873064.1	XP_011541526.1	0	N/A	27.451	306	48	5.23e-20	96.3	poly(A) RNA polymerase GLD2 isoform X1 [Homo sapiens]	TRUE	TENT2
XP_037873064.1	XP_011541523.1	0	N/A	27.451	306	48	5.23e-20	96.3	poly(A) RNA polymerase GLD2 isoform X1 [Homo sapiens]	TRUE	TENT2
XP_037873064.1	XP_011541522.1	0	N/A	27.451	306	48	5.23e-20	96.3	poly(A) RNA polymerase GLD2 isoform X1 [Homo sapiens]	TRUE	TENT2
XP_037873064.1	NP_001375023.1	0	N/A	27.451	306	48	5.23e-20	96.3	poly(A) RNA polymerase GLD2 isoform 5 [Homo sapiens]	TRUE	TENT2
XP_037873064.1	NP_001375022.1	0	N/A	27.451	306	48	5.23e-20	96.3	poly(A) RNA polymerase GLD2 isoform 5 [Homo sapiens]	TRUE	TENT2
XP_037873064.1	NP_001336479.1	0	N/A	27.451	306	48	5.23e-20	96.3	poly(A) RNA polymerase GLD2 isoform 5 [Homo sapiens]	TRUE	TENT2
XP_037873064.1	NP_001336478.1	0	N/A	27.451	306	48	5.23e-20	96.3	poly(A) RNA polymerase GLD2 isoform 5 [Homo sapiens]	TRUE	TENT2
XP_037873064.1	NP_001375027.1	0	N/A	27.152	302	48	6.15e-20	95.9	poly(A) RNA polymerase GLD2 isoform 7 [Homo sapiens]	TRUE	TENT2
XP_037873064.1	XP_047272805.1	0	N/A	27.152	302	48	6.58e-20	95.9	poly(A) RNA polymerase GLD2 isoform X2 [Homo sapiens]	TRUE	TENT2
XP_037873064.1	XP_047272804.1	0	N/A	27.152	302	48	6.58e-20	95.9	poly(A) RNA polymerase GLD2 isoform X2 [Homo sapiens]	TRUE	TENT2
XP_037873064.1	XP_047272803.1	0	N/A	27.152	302	48	6.58e-20	95.9	poly(A) RNA polymerase GLD2 isoform X2 [Homo sapiens]	TRUE	TENT2
XP_037873064.1	XP_047272802.1	0	N/A	27.152	302	48	6.58e-20	95.9	poly(A) RNA polymerase GLD2 isoform X2 [Homo sapiens]	TRUE	TENT2
XP_037873064.1	XP_016864641.1	0	N/A	27.152	302	48	6.58e-20	95.9	poly(A) RNA polymerase GLD2 isoform X2 [Homo sapiens]	TRUE	TENT2
XP_037873064.1	NP_001375026.1	0	N/A	27.152	302	48	6.58e-20	95.9	poly(A) RNA polymerase GLD2 isoform 6 [Homo sapiens]	TRUE	TENT2
XP_037873064.1	NP_001375025.1	0	N/A	27.152	302	48	6.58e-20	95.9	poly(A) RNA polymerase GLD2 isoform 6 [Homo sapiens]	TRUE	TENT2
XP_037873064.1	NP_001375024.1	0	N/A	27.152	302	48	6.58e-20	95.9	poly(A) RNA polymerase GLD2 isoform 6 [Homo sapiens]	TRUE	TENT2
XP_037873064.1	NP_001336480.1	0	N/A	27.152	302	48	6.58e-20	95.9	poly(A) RNA polymerase GLD2 isoform 6 [Homo sapiens]	TRUE	TENT2
XP_037873064.1	NP_001336477.1	0	N/A	31.818	198	33	2.76e-18	87.4	poly(A) RNA polymerase GLD2 isoform 4 [Homo sapiens]	TRUE	TENT2
XP_037873064.1	XP_047272820.1	0	N/A	31.746	189	31	1.18e-17	85.5	poly(A) RNA polymerase GLD2 isoform X11 [Homo sapiens]	TRUE	TENT2
XP_037873064.1	NP_001317647.1	0	N/A	24.62	329	54	2.77e-17	88.6	terminal uridylyltransferase 7 isoform 3 [Homo sapiens]	TRUE	Tut7
XP_037873064.1	XP_011517316.1	0	N/A	24.62	329	54	4.07e-17	88.2	terminal uridylyltransferase 7 isoform X1 [Homo sapiens]	TRUE	Tut7
XP_037873064.1	XP_011517315.1	0	N/A	24.62	329	54	4.07e-17	88.2	terminal uridylyltransferase 7 isoform X1 [Homo sapiens]	TRUE	Tut7
XP_037873064.1	XP_011517314.1	0	N/A	24.62	329	54	4.07e-17	88.2	terminal uridylyltransferase 7 isoform X1 [Homo sapiens]	TRUE	Tut7
XP_037873064.1	XP_011517313.1	0	N/A	24.62	329	54	4.07e-17	88.2	terminal uridylyltransferase 7 isoform X1 [Homo sapiens]	TRUE	Tut7
XP_037873064.1	XP_011517318.1	0	N/A	24.62	329	54	4.09e-17	88.2	terminal uridylyltransferase 7 isoform X5 [Homo sapiens]	TRUE	Tut7
XP_037873064.1	XP_005252265.1	0	N/A	24.62	329	54	4.28e-17	88.2	terminal uridylyltransferase 7 isoform X7 [Homo sapiens]	TRUE	Tut7
XP_037873064.1	XP_047279825.1	0	N/A	24.62	329	54	4.33e-17	88.2	terminal uridylyltransferase 7 isoform X6 [Homo sapiens]	TRUE	Tut7
XP_037873064.1	XP_047279824.1	0	N/A	24.62	329	54	4.33e-17	88.2	terminal uridylyltransferase 7 isoform X6 [Homo sapiens]	TRUE	Tut7
XP_037873064.1	XP_005252264.1	0	N/A	24.62	329	54	4.33e-17	88.2	terminal uridylyltransferase 7 isoform X6 [Homo sapiens]	TRUE	Tut7
XP_037873064.1	XP_011517317.1	0	N/A	24.62	329	54	4.7e-17	88.2	terminal uridylyltransferase 7 isoform X3 [Homo sapiens]	TRUE	Tut7
XP_037873064.1	XP_047279823.1	0	N/A	26.82	261	43	4.74e-17	88.2	terminal uridylyltransferase 7 isoform X2 [Homo sapiens]	TRUE	Tut7
XP_037873064.1	XP_006717346.1	0	N/A	26.82	261	43	4.74e-17	88.2	terminal uridylyltransferase 7 isoform X2 [Homo sapiens]	TRUE	Tut7
XP_037873064.1	XP_016870620.1	0	N/A	26.82	261	43	4.99e-17	88.2	terminal uridylyltransferase 7 isoform X4 [Homo sapiens]	TRUE	Tut7
XP_037873064.1	XP_016870619.1	0	N/A	26.82	261	43	4.99e-17	88.2	terminal uridylyltransferase 7 isoform X4 [Homo sapiens]	TRUE	Tut7
XP_037873064.1	NP_078893.2	0	N/A	26.82	261	43	4.99e-17	88.2	terminal uridylyltransferase 7 isoform 1 [Homo sapiens]	TRUE	Tut7
XP_037873064.1	NP_001171988.1	0	N/A	26.82	261	43	4.99e-17	88.2	terminal uridylyltransferase 7 isoform 1 [Homo sapiens]	TRUE	Tut7
XP_037873064.1	XP_047272305.1	0	N/A	27.562	283	47	1.68e-16	86.3	terminal uridylyltransferase 4 isoform X17 [Homo sapiens]	TRUE	Tut4
XP_037873064.1	XP_047272295.1	0	N/A	27.562	283	47	1.7e-16	86.3	terminal uridylyltransferase 4 isoform X12 [Homo sapiens]	TRUE	Tut4
XP_037873064.1	XP_047272350.1	0	N/A	27.562	283	47	1.75e-16	86.3	terminal uridylyltransferase 4 isoform X34 [Homo sapiens]	TRUE	Tut4
XP_037873064.1	XP_047272296.1	0	N/A	27.562	283	47	1.8e-16	86.3	terminal uridylyltransferase 4 isoform X13 [Homo sapiens]	TRUE	Tut4
XP_037873064.1	XP_047272286.1	0	N/A	27.562	283	47	1.82e-16	86.3	terminal uridylyltransferase 4 isoform X8 [Homo sapiens]	TRUE	Tut4
XP_037873064.1	XP_047272372.1	0	N/A	27.562	283	47	1.83e-16	86.3	terminal uridylyltransferase 4 isoform X42 [Homo sapiens]	TRUE	Tut4
XP_037873064.1	XP_047272344.1	0	N/A	27.562	283	47	1.86e-16	86.3	terminal uridylyltransferase 4 isoform X30 [Homo sapiens]	TRUE	Tut4
XP_037873064.1	XP_047272290.1	0	N/A	27.562	283	47	1.87e-16	86.3	terminal uridylyltransferase 4 isoform X11 [Homo sapiens]	TRUE	Tut4
XP_037873064.1	XP_005270739.1	0	N/A	28.571	238	39	5.77e-16	84.7	terminal uridylyltransferase 4 isoform X33 [Homo sapiens]	TRUE	Tut4
XP_037873064.1	XP_047272288.1	0	N/A	28.571	238	39	5.94e-16	84.7	terminal uridylyltransferase 4 isoform X10 [Homo sapiens]	TRUE	Tut4
XP_037873064.1	XP_005270735.1	0	N/A	28.571	238	39	6.08e-16	84.7	terminal uridylyltransferase 4 isoform X2 [Homo sapiens]	TRUE	Tut4
XP_037873064.1	XP_016856297.1	0	N/A	28.571	238	39	6.12e-16	84.7	terminal uridylyltransferase 4 isoform X36 [Homo sapiens]	TRUE	Tut4
XP_037873951.1	NP_001035375.2	0	N/A	59.401	367	59	6.59e-146	438	terminal nucleotidyltransferase 4B isoform b [Homo sapiens]	TRUE	TENT4B
XP_037873951.1	XP_011521578.1	0	N/A	59.401	367	59	6.79e-146	438	terminal nucleotidyltransferase 4B isoform X2 [Homo sapiens]	TRUE	TENT4B
XP_037873951.1	XP_047290432.1	0	N/A	59.401	367	59	6.88e-146	437	terminal nucleotidyltransferase 4B isoform X4 [Homo sapiens]	TRUE	TENT4B
XP_037873951.1	NP_001035374.2	0	N/A	59.401	367	59	1.04e-145	439	terminal nucleotidyltransferase 4B isoform a [Homo sapiens]	TRUE	TENT4B
XP_037873951.1	XP_011521577.1	0	N/A	59.401	367	59	1.08e-145	439	terminal nucleotidyltransferase 4B isoform X1 [Homo sapiens]	TRUE	TENT4B
XP_037873951.1	NP_001352252.1	0	N/A	59.401	367	59	1.21e-145	439	terminal nucleotidyltransferase 4B isoform c [Homo sapiens]	TRUE	TENT4B
XP_037873951.1	XP_047290431.1	0	N/A	59.401	367	59	2.08e-145	437	terminal nucleotidyltransferase 4B isoform X3 [Homo sapiens]	TRUE	TENT4B
XP_037873951.1	NP_001352253.1	0	N/A	59.401	367	59	4.36e-145	438	terminal nucleotidyltransferase 4B isoform d [Homo sapiens]	TRUE	TENT4B
XP_037873951.1	XP_047290433.1	0	N/A	65.049	309	51	2.1e-141	420	terminal nucleotidyltransferase 4B isoform X6 [Homo sapiens]	TRUE	TENT4B
XP_037873951.1	NP_008930.2	0	N/A	56.545	382	62	3.13e-141	430	terminal nucleotidyltransferase 4A isoform 1 [Homo sapiens]	TRUE	TENT4A
XP_037873951.1	NP_001165276.2	0	N/A	56.545	382	62	3.24e-141	430	terminal nucleotidyltransferase 4A isoform 2 [Homo sapiens]	TRUE	TENT4A
XP_037873951.1	XP_011521580.1	0	N/A	65.049	309	51	3.48e-141	421	terminal nucleotidyltransferase 4B isoform X5 [Homo sapiens]	TRUE	TENT4B
XP_037873951.1	XP_047272622.1	0	N/A	60.45	311	52	1.19e-129	392	terminal nucleotidyltransferase 4A isoform X1 [Homo sapiens]	TRUE	TENT4A
XP_037873951.1	XP_047272621.1	0	N/A	60.45	311	52	1.19e-129	392	terminal nucleotidyltransferase 4A isoform X1 [Homo sapiens]	TRUE	TENT4A
XP_037873951.1	XP_047272620.1	0	N/A	60.45	311	52	1.19e-129	392	terminal nucleotidyltransferase 4A isoform X1 [Homo sapiens]	TRUE	TENT4A
XP_037873951.1	XP_047272623.1	0	N/A	60.927	302	50	1.31e-127	387	terminal nucleotidyltransferase 4A isoform X2 [Homo sapiens]	TRUE	TENT4A
XP_037873951.1	XP_016864477.1	0	N/A	60.927	302	50	1.31e-127	387	terminal nucleotidyltransferase 4A isoform X2 [Homo sapiens]	TRUE	TENT4A
XP_037873951.1	XP_047272624.1	0	N/A	60.927	302	50	1.54e-127	387	terminal nucleotidyltransferase 4A isoform X3 [Homo sapiens]	TRUE	TENT4A
XP_037873951.1	NP_001375059.1	0	N/A	25.597	293	44	4.5e-15	80.5	poly(A) RNA polymerase GLD2 isoform 10 [Homo sapiens]	TRUE	TENT2
XP_037873951.1	XP_047272811.1	0	N/A	25.597	293	44	4.76e-15	80.5	poly(A) RNA polymerase GLD2 isoform X4 [Homo sapiens]	TRUE	TENT2
XP_037873951.1	XP_047272810.1	0	N/A	25.597	293	44	4.76e-15	80.5	poly(A) RNA polymerase GLD2 isoform X4 [Homo sapiens]	TRUE	TENT2
XP_037873951.1	XP_047272809.1	0	N/A	25.597	293	44	4.76e-15	80.5	poly(A) RNA polymerase GLD2 isoform X4 [Homo sapiens]	TRUE	TENT2
XP_037873951.1	NP_001375058.1	0	N/A	25.597	293	44	4.76e-15	80.5	poly(A) RNA polymerase GLD2 isoform 2 [Homo sapiens]	TRUE	TENT2
XP_037873951.1	NP_001375057.1	0	N/A	25.597	293	44	4.76e-15	80.5	poly(A) RNA polymerase GLD2 isoform 2 [Homo sapiens]	TRUE	TENT2
XP_037873951.1	NP_001375056.1	0	N/A	25.597	293	44	4.76e-15	80.5	poly(A) RNA polymerase GLD2 isoform 2 [Homo sapiens]	TRUE	TENT2
XP_037873951.1	NP_001375055.1	0	N/A	25.597	293	44	4.76e-15	80.5	poly(A) RNA polymerase GLD2 isoform 2 [Homo sapiens]	TRUE	TENT2
XP_037873951.1	NP_001375054.1	0	N/A	25.597	293	44	4.76e-15	80.5	poly(A) RNA polymerase GLD2 isoform 2 [Homo sapiens]	TRUE	TENT2
XP_037873951.1	NP_001375053.1	0	N/A	25.597	293	44	4.76e-15	80.5	poly(A) RNA polymerase GLD2 isoform 2 [Homo sapiens]	TRUE	TENT2
XP_037873951.1	NP_001375052.1	0	N/A	25.597	293	44	4.76e-15	80.5	poly(A) RNA polymerase GLD2 isoform 2 [Homo sapiens]	TRUE	TENT2
XP_037873951.1	NP_001375051.1	0	N/A	25.597	293	44	4.76e-15	80.5	poly(A) RNA polymerase GLD2 isoform 2 [Homo sapiens]	TRUE	TENT2
XP_037873951.1	NP_001375050.1	0	N/A	25.597	293	44	4.76e-15	80.5	poly(A) RNA polymerase GLD2 isoform 2 [Homo sapiens]	TRUE	TENT2
XP_037873951.1	NP_001375049.1	0	N/A	25.597	293	44	4.76e-15	80.5	poly(A) RNA polymerase GLD2 isoform 2 [Homo sapiens]	TRUE	TENT2
XP_037873951.1	NP_001375048.1	0	N/A	25.597	293	44	4.76e-15	80.5	poly(A) RNA polymerase GLD2 isoform 2 [Homo sapiens]	TRUE	TENT2
XP_037873951.1	NP_001375047.1	0	N/A	25.597	293	44	4.76e-15	80.5	poly(A) RNA polymerase GLD2 isoform 2 [Homo sapiens]	TRUE	TENT2
XP_037873951.1	NP_001375046.1	0	N/A	25.597	293	44	4.76e-15	80.5	poly(A) RNA polymerase GLD2 isoform 2 [Homo sapiens]	TRUE	TENT2
XP_037873951.1	NP_001375045.1	0	N/A	25.597	293	44	4.76e-15	80.5	poly(A) RNA polymerase GLD2 isoform 2 [Homo sapiens]	TRUE	TENT2
XP_037873951.1	NP_001375044.1	0	N/A	25.597	293	44	4.76e-15	80.5	poly(A) RNA polymerase GLD2 isoform 2 [Homo sapiens]	TRUE	TENT2
XP_037873951.1	NP_001375043.1	0	N/A	25.597	293	44	4.76e-15	80.5	poly(A) RNA polymerase GLD2 isoform 2 [Homo sapiens]	TRUE	TENT2
XP_037873951.1	NP_001336483.1	0	N/A	25.597	293	44	4.76e-15	80.5	poly(A) RNA polymerase GLD2 isoform 2 [Homo sapiens]	TRUE	TENT2
XP_037873951.1	NP_001284673.1	0	N/A	25.597	293	44	4.76e-15	80.5	poly(A) RNA polymerase GLD2 isoform 2 [Homo sapiens]	TRUE	TENT2
XP_037873951.1	NP_001375061.1	0	N/A	25.899	278	41	4.91e-15	80.1	poly(A) RNA polymerase GLD2 isoform 12 [Homo sapiens]	TRUE	TENT2
XP_037873951.1	NP_001375065.1	0	N/A	25.597	293	44	1.73e-14	77.8	poly(A) RNA polymerase GLD2 isoform 14 [Homo sapiens]	TRUE	TENT2
XP_037873951.1	NP_001375042.1	0	N/A	24.579	297	44	5.44e-14	77	poly(A) RNA polymerase GLD2 isoform 16 [Homo sapiens]	TRUE	TENT2
XP_037873951.1	XP_047272808.1	0	N/A	24.579	297	44	5.76e-14	77	poly(A) RNA polymerase GLD2 isoform X3 [Homo sapiens]	TRUE	TENT2
XP_037873951.1	XP_047272807.1	0	N/A	24.579	297	44	5.76e-14	77	poly(A) RNA polymerase GLD2 isoform X3 [Homo sapiens]	TRUE	TENT2
XP_037873951.1	XP_047272806.1	0	N/A	24.579	297	44	5.76e-14	77	poly(A) RNA polymerase GLD2 isoform X3 [Homo sapiens]	TRUE	TENT2
XP_037873951.1	NP_776158.2	0	N/A	24.579	297	44	5.76e-14	77	poly(A) RNA polymerase GLD2 isoform 1 [Homo sapiens]	TRUE	TENT2
XP_037873951.1	NP_001375041.1	0	N/A	24.579	297	44	5.76e-14	77	poly(A) RNA polymerase GLD2 isoform 1 [Homo sapiens]	TRUE	TENT2
XP_037873951.1	NP_001375040.1	0	N/A	24.579	297	44	5.76e-14	77	poly(A) RNA polymerase GLD2 isoform 1 [Homo sapiens]	TRUE	TENT2
XP_037873951.1	NP_001375039.1	0	N/A	24.579	297	44	5.76e-14	77	poly(A) RNA polymerase GLD2 isoform 1 [Homo sapiens]	TRUE	TENT2
XP_037873951.1	NP_001375038.1	0	N/A	24.579	297	44	5.76e-14	77	poly(A) RNA polymerase GLD2 isoform 1 [Homo sapiens]	TRUE	TENT2
XP_037873951.1	NP_001375037.1	0	N/A	24.579	297	44	5.76e-14	77	poly(A) RNA polymerase GLD2 isoform 1 [Homo sapiens]	TRUE	TENT2
XP_037873951.1	NP_001375036.1	0	N/A	24.579	297	44	5.76e-14	77	poly(A) RNA polymerase GLD2 isoform 1 [Homo sapiens]	TRUE	TENT2
XP_037873951.1	NP_001375035.1	0	N/A	24.579	297	44	5.76e-14	77	poly(A) RNA polymerase GLD2 isoform 1 [Homo sapiens]	TRUE	TENT2
XP_037873951.1	NP_001375034.1	0	N/A	24.579	297	44	5.76e-14	77	poly(A) RNA polymerase GLD2 isoform 1 [Homo sapiens]	TRUE	TENT2
XP_037873951.1	NP_001375032.1	0	N/A	24.579	297	44	5.76e-14	77	poly(A) RNA polymerase GLD2 isoform 1 [Homo sapiens]	TRUE	TENT2
XP_037873951.1	NP_001375031.1	0	N/A	24.579	297	44	5.76e-14	77	poly(A) RNA polymerase GLD2 isoform 1 [Homo sapiens]	TRUE	TENT2
XP_037873951.1	NP_001336482.1	0	N/A	24.579	297	44	5.76e-14	77	poly(A) RNA polymerase GLD2 isoform 1 [Homo sapiens]	TRUE	TENT2
XP_037873951.1	NP_001336481.1	0	N/A	24.579	297	44	5.76e-14	77	poly(A) RNA polymerase GLD2 isoform 1 [Homo sapiens]	TRUE	TENT2
XP_037873951.1	NP_001107866.1	0	N/A	24.579	297	44	5.76e-14	77	poly(A) RNA polymerase GLD2 isoform 1 [Homo sapiens]	TRUE	TENT2
XP_037873951.1	NP_001107865.1	0	N/A	24.579	297	44	5.76e-14	77	poly(A) RNA polymerase GLD2 isoform 1 [Homo sapiens]	TRUE	TENT2
XP_037873951.1	NP_001375060.1	0	N/A	24.823	282	41	6.84e-14	76.6	poly(A) RNA polymerase GLD2 isoform 11 [Homo sapiens]	TRUE	TENT2
XP_037873951.1	NP_001375030.1	0	N/A	24.415	299	44	2.27e-13	75.1	poly(A) RNA polymerase GLD2 isoform 9 [Homo sapiens]	TRUE	TENT2
XP_037873951.1	XP_047272820.1	0	N/A	26.341	205	30	2.38e-12	69.7	poly(A) RNA polymerase GLD2 isoform X11 [Homo sapiens]	TRUE	TENT2
XP_037873951.1	NP_001336477.1	0	N/A	26.341	205	30	2.44e-12	69.7	poly(A) RNA polymerase GLD2 isoform 4 [Homo sapiens]	TRUE	TENT2
XP_037873951.1	NP_001375029.1	0	N/A	23.432	303	44	2.99e-12	71.6	poly(A) RNA polymerase GLD2 isoform 8 [Homo sapiens]	TRUE	TENT2
XP_037873951.1	NP_001375028.1	0	N/A	23.432	303	44	2.99e-12	71.6	poly(A) RNA polymerase GLD2 isoform 8 [Homo sapiens]	TRUE	TENT2
XP_037873951.1	NP_001375027.1	0	N/A	22.772	303	41	4.93e-12	71.2	poly(A) RNA polymerase GLD2 isoform 7 [Homo sapiens]	TRUE	TENT2
XP_037873951.1	XP_047272805.1	0	N/A	22.772	303	41	5.12e-12	70.9	poly(A) RNA polymerase GLD2 isoform X2 [Homo sapiens]	TRUE	TENT2
XP_037873951.1	XP_047272804.1	0	N/A	22.772	303	41	5.12e-12	70.9	poly(A) RNA polymerase GLD2 isoform X2 [Homo sapiens]	TRUE	TENT2
XP_037873951.1	XP_047272803.1	0	N/A	22.772	303	41	5.12e-12	70.9	poly(A) RNA polymerase GLD2 isoform X2 [Homo sapiens]	TRUE	TENT2
XP_037873951.1	XP_047272802.1	0	N/A	22.772	303	41	5.12e-12	70.9	poly(A) RNA polymerase GLD2 isoform X2 [Homo sapiens]	TRUE	TENT2
XP_037873951.1	XP_016864641.1	0	N/A	22.772	303	41	5.12e-12	70.9	poly(A) RNA polymerase GLD2 isoform X2 [Homo sapiens]	TRUE	TENT2
XP_037873951.1	NP_001375026.1	0	N/A	22.772	303	41	5.12e-12	70.9	poly(A) RNA polymerase GLD2 isoform 6 [Homo sapiens]	TRUE	TENT2
XP_037873951.1	NP_001375025.1	0	N/A	22.772	303	41	5.12e-12	70.9	poly(A) RNA polymerase GLD2 isoform 6 [Homo sapiens]	TRUE	TENT2
XP_037873951.1	NP_001375024.1	0	N/A	22.772	303	41	5.12e-12	70.9	poly(A) RNA polymerase GLD2 isoform 6 [Homo sapiens]	TRUE	TENT2
XP_037873951.1	NP_001336480.1	0	N/A	22.772	303	41	5.12e-12	70.9	poly(A) RNA polymerase GLD2 isoform 6 [Homo sapiens]	TRUE	TENT2
XP_037873951.1	XP_047272801.1	0	N/A	26.341	205	30	1.84e-11	69.3	poly(A) RNA polymerase GLD2 isoform X1 [Homo sapiens]	TRUE	TENT2
XP_037873951.1	XP_047272800.1	0	N/A	26.341	205	30	1.84e-11	69.3	poly(A) RNA polymerase GLD2 isoform X1 [Homo sapiens]	TRUE	TENT2
XP_037873951.1	XP_011541527.1	0	N/A	26.341	205	30	1.84e-11	69.3	poly(A) RNA polymerase GLD2 isoform X1 [Homo sapiens]	TRUE	TENT2
XP_037873951.1	XP_011541526.1	0	N/A	26.341	205	30	1.84e-11	69.3	poly(A) RNA polymerase GLD2 isoform X1 [Homo sapiens]	TRUE	TENT2
XP_037873951.1	XP_011541523.1	0	N/A	26.341	205	30	1.84e-11	69.3	poly(A) RNA polymerase GLD2 isoform X1 [Homo sapiens]	TRUE	TENT2
XP_037873951.1	XP_011541522.1	0	N/A	26.341	205	30	1.84e-11	69.3	poly(A) RNA polymerase GLD2 isoform X1 [Homo sapiens]	TRUE	TENT2
XP_037873951.1	NP_001375023.1	0	N/A	26.341	205	30	1.84e-11	69.3	poly(A) RNA polymerase GLD2 isoform 5 [Homo sapiens]	TRUE	TENT2
XP_037873951.1	NP_001375022.1	0	N/A	26.341	205	30	1.84e-11	69.3	poly(A) RNA polymerase GLD2 isoform 5 [Homo sapiens]	TRUE	TENT2
XP_037873951.1	NP_001336479.1	0	N/A	26.341	205	30	1.84e-11	69.3	poly(A) RNA polymerase GLD2 isoform 5 [Homo sapiens]	TRUE	TENT2
XP_037873951.1	NP_001336478.1	0	N/A	26.341	205	30	1.84e-11	69.3	poly(A) RNA polymerase GLD2 isoform 5 [Homo sapiens]	TRUE	TENT2
XP_037873951.1	XP_047272818.1	0	N/A	28.571	161	26	8.44e-10	63.2	poly(A) RNA polymerase GLD2 isoform X10 [Homo sapiens]	TRUE	TENT2
XP_037873951.1	XP_011517317.1	0	N/A	27.011	174	29	5.65e-09	62	terminal uridylyltransferase 7 isoform X3 [Homo sapiens]	TRUE	Tut7
XP_037873951.1	XP_047279825.1	0	N/A	27.011	174	29	6.17e-09	62	terminal uridylyltransferase 7 isoform X6 [Homo sapiens]	TRUE	Tut7
XP_037873951.1	XP_047279824.1	0	N/A	27.011	174	29	6.17e-09	62	terminal uridylyltransferase 7 isoform X6 [Homo sapiens]	TRUE	Tut7
XP_037873951.1	XP_005252264.1	0	N/A	27.011	174	29	6.17e-09	62	terminal uridylyltransferase 7 isoform X6 [Homo sapiens]	TRUE	Tut7
XP_037873951.1	XP_016870620.1	0	N/A	27.011	174	29	6.23e-09	62	terminal uridylyltransferase 7 isoform X4 [Homo sapiens]	TRUE	Tut7
XP_037873951.1	XP_016870619.1	0	N/A	27.011	174	29	6.23e-09	62	terminal uridylyltransferase 7 isoform X4 [Homo sapiens]	TRUE	Tut7
XP_037873951.1	NP_078893.2	0	N/A	27.011	174	29	6.23e-09	62	terminal uridylyltransferase 7 isoform 1 [Homo sapiens]	TRUE	Tut7
XP_037873951.1	NP_001171988.1	0	N/A	27.011	174	29	6.23e-09	62	terminal uridylyltransferase 7 isoform 1 [Homo sapiens]	TRUE	Tut7
XP_037873951.1	XP_047279823.1	0	N/A	27.011	174	29	6.32e-09	62	terminal uridylyltransferase 7 isoform X2 [Homo sapiens]	TRUE	Tut7
XP_037873951.1	XP_006717346.1	0	N/A	27.011	174	29	6.32e-09	62	terminal uridylyltransferase 7 isoform X2 [Homo sapiens]	TRUE	Tut7
XP_037873951.1	XP_011517318.1	0	N/A	27.011	174	29	6.39e-09	62	terminal uridylyltransferase 7 isoform X5 [Homo sapiens]	TRUE	Tut7
XP_037873951.1	XP_011517316.1	0	N/A	27.011	174	29	6.44e-09	62	terminal uridylyltransferase 7 isoform X1 [Homo sapiens]	TRUE	Tut7
XP_040360272.1	XP_047290433.1	0	N/A	63.95	319	64	3.33e-145	427	terminal nucleotidyltransferase 4B isoform X6 [Homo sapiens]	TRUE	TENT4B
XP_040360272.1	XP_011521580.1	0	N/A	63.95	319	64	5.61e-145	428	terminal nucleotidyltransferase 4B isoform X5 [Homo sapiens]	TRUE	TENT4B
XP_040360272.1	NP_001035375.2	0	N/A	63.95	319	64	3.64e-143	427	terminal nucleotidyltransferase 4B isoform b [Homo sapiens]	TRUE	TENT4B
XP_040360272.1	XP_011521578.1	0	N/A	63.95	319	64	3.75e-143	427	terminal nucleotidyltransferase 4B isoform X2 [Homo sapiens]	TRUE	TENT4B
XP_040360272.1	NP_001352252.1	0	N/A	63.95	319	64	5.47e-143	428	terminal nucleotidyltransferase 4B isoform c [Homo sapiens]	TRUE	TENT4B
XP_040360272.1	XP_047290432.1	0	N/A	63.95	319	64	6.26e-143	427	terminal nucleotidyltransferase 4B isoform X4 [Homo sapiens]	TRUE	TENT4B
XP_040360272.1	NP_001035374.2	0	N/A	63.95	319	64	8.93e-143	428	terminal nucleotidyltransferase 4B isoform a [Homo sapiens]	TRUE	TENT4B
XP_040360272.1	XP_011521577.1	0	N/A	63.95	319	64	9.19e-143	428	terminal nucleotidyltransferase 4B isoform X1 [Homo sapiens]	TRUE	TENT4B
XP_040360272.1	XP_047290431.1	0	N/A	63.95	319	64	1.54e-142	426	terminal nucleotidyltransferase 4B isoform X3 [Homo sapiens]	TRUE	TENT4B
XP_040360272.1	NP_001352253.1	0	N/A	63.95	319	64	2.12e-142	427	terminal nucleotidyltransferase 4B isoform d [Homo sapiens]	TRUE	TENT4B
XP_040360272.1	NP_008930.2	0	N/A	61.392	316	63	6.25e-133	405	terminal nucleotidyltransferase 4A isoform 1 [Homo sapiens]	TRUE	TENT4A
XP_040360272.1	NP_001165276.2	0	N/A	61.392	316	63	7.07e-133	405	terminal nucleotidyltransferase 4A isoform 2 [Homo sapiens]	TRUE	TENT4A
XP_040360272.1	XP_047272622.1	0	N/A	61.921	302	60	2.38e-129	388	terminal nucleotidyltransferase 4A isoform X1 [Homo sapiens]	TRUE	TENT4A
XP_040360272.1	XP_047272621.1	0	N/A	61.921	302	60	2.38e-129	388	terminal nucleotidyltransferase 4A isoform X1 [Homo sapiens]	TRUE	TENT4A
XP_040360272.1	XP_047272620.1	0	N/A	61.921	302	60	2.38e-129	388	terminal nucleotidyltransferase 4A isoform X1 [Homo sapiens]	TRUE	TENT4A
XP_040360272.1	XP_047272623.1	0	N/A	62.457	293	59	1.91e-126	380	terminal nucleotidyltransferase 4A isoform X2 [Homo sapiens]	TRUE	TENT4A
XP_040360272.1	XP_016864477.1	0	N/A	62.457	293	59	1.91e-126	380	terminal nucleotidyltransferase 4A isoform X2 [Homo sapiens]	TRUE	TENT4A
XP_040360272.1	XP_047272624.1	0	N/A	62.457	293	59	2.4e-126	380	terminal nucleotidyltransferase 4A isoform X3 [Homo sapiens]	TRUE	TENT4A
XP_040360272.1	XP_047272811.1	0	N/A	24.768	323	56	1.55e-15	81.3	poly(A) RNA polymerase GLD2 isoform X4 [Homo sapiens]	TRUE	TENT2
XP_040360272.1	XP_047272810.1	0	N/A	24.768	323	56	1.55e-15	81.3	poly(A) RNA polymerase GLD2 isoform X4 [Homo sapiens]	TRUE	TENT2
XP_040360272.1	XP_047272809.1	0	N/A	24.768	323	56	1.55e-15	81.3	poly(A) RNA polymerase GLD2 isoform X4 [Homo sapiens]	TRUE	TENT2
XP_040360272.1	NP_001375058.1	0	N/A	24.768	323	56	1.55e-15	81.3	poly(A) RNA polymerase GLD2 isoform 2 [Homo sapiens]	TRUE	TENT2
XP_040360272.1	NP_001375057.1	0	N/A	24.768	323	56	1.55e-15	81.3	poly(A) RNA polymerase GLD2 isoform 2 [Homo sapiens]	TRUE	TENT2
XP_040360272.1	NP_001375056.1	0	N/A	24.768	323	56	1.55e-15	81.3	poly(A) RNA polymerase GLD2 isoform 2 [Homo sapiens]	TRUE	TENT2
XP_040360272.1	NP_001375055.1	0	N/A	24.768	323	56	1.55e-15	81.3	poly(A) RNA polymerase GLD2 isoform 2 [Homo sapiens]	TRUE	TENT2
XP_040360272.1	NP_001375054.1	0	N/A	24.768	323	56	1.55e-15	81.3	poly(A) RNA polymerase GLD2 isoform 2 [Homo sapiens]	TRUE	TENT2
XP_040360272.1	NP_001375053.1	0	N/A	24.768	323	56	1.55e-15	81.3	poly(A) RNA polymerase GLD2 isoform 2 [Homo sapiens]	TRUE	TENT2
XP_040360272.1	NP_001375052.1	0	N/A	24.768	323	56	1.55e-15	81.3	poly(A) RNA polymerase GLD2 isoform 2 [Homo sapiens]	TRUE	TENT2
XP_040360272.1	NP_001375051.1	0	N/A	24.768	323	56	1.55e-15	81.3	poly(A) RNA polymerase GLD2 isoform 2 [Homo sapiens]	TRUE	TENT2
XP_040360272.1	NP_001375050.1	0	N/A	24.768	323	56	1.55e-15	81.3	poly(A) RNA polymerase GLD2 isoform 2 [Homo sapiens]	TRUE	TENT2
XP_040360272.1	NP_001375049.1	0	N/A	24.768	323	56	1.55e-15	81.3	poly(A) RNA polymerase GLD2 isoform 2 [Homo sapiens]	TRUE	TENT2
XP_040360272.1	NP_001375048.1	0	N/A	24.768	323	56	1.55e-15	81.3	poly(A) RNA polymerase GLD2 isoform 2 [Homo sapiens]	TRUE	TENT2
XP_040360272.1	NP_001375047.1	0	N/A	24.768	323	56	1.55e-15	81.3	poly(A) RNA polymerase GLD2 isoform 2 [Homo sapiens]	TRUE	TENT2
XP_040360272.1	NP_001375046.1	0	N/A	24.768	323	56	1.55e-15	81.3	poly(A) RNA polymerase GLD2 isoform 2 [Homo sapiens]	TRUE	TENT2
XP_040360272.1	NP_001375045.1	0	N/A	24.768	323	56	1.55e-15	81.3	poly(A) RNA polymerase GLD2 isoform 2 [Homo sapiens]	TRUE	TENT2
XP_040360272.1	NP_001375044.1	0	N/A	24.768	323	56	1.55e-15	81.3	poly(A) RNA polymerase GLD2 isoform 2 [Homo sapiens]	TRUE	TENT2
XP_040360272.1	NP_001375043.1	0	N/A	24.768	323	56	1.55e-15	81.3	poly(A) RNA polymerase GLD2 isoform 2 [Homo sapiens]	TRUE	TENT2
XP_040360272.1	NP_001336483.1	0	N/A	24.768	323	56	1.55e-15	81.3	poly(A) RNA polymerase GLD2 isoform 2 [Homo sapiens]	TRUE	TENT2
XP_040360272.1	NP_001284673.1	0	N/A	24.768	323	56	1.55e-15	81.3	poly(A) RNA polymerase GLD2 isoform 2 [Homo sapiens]	TRUE	TENT2
XP_040360272.1	NP_001375059.1	0	N/A	24.768	323	56	1.61e-15	81.3	poly(A) RNA polymerase GLD2 isoform 10 [Homo sapiens]	TRUE	TENT2
XP_040360272.1	NP_001375061.1	0	N/A	24.768	323	56	1.78e-15	81.3	poly(A) RNA polymerase GLD2 isoform 12 [Homo sapiens]	TRUE	TENT2
XP_040360272.1	NP_001375065.1	0	N/A	24.768	323	56	3.05e-15	79.7	poly(A) RNA polymerase GLD2 isoform 14 [Homo sapiens]	TRUE	TENT2
XP_040360272.1	XP_047272808.1	0	N/A	23.853	327	56	3.56e-14	77.4	poly(A) RNA polymerase GLD2 isoform X3 [Homo sapiens]	TRUE	TENT2
XP_040360272.1	XP_047272807.1	0	N/A	23.853	327	56	3.56e-14	77.4	poly(A) RNA polymerase GLD2 isoform X3 [Homo sapiens]	TRUE	TENT2
XP_040360272.1	XP_047272806.1	0	N/A	23.853	327	56	3.56e-14	77.4	poly(A) RNA polymerase GLD2 isoform X3 [Homo sapiens]	TRUE	TENT2
XP_040360272.1	NP_776158.2	0	N/A	23.853	327	56	3.56e-14	77.4	poly(A) RNA polymerase GLD2 isoform 1 [Homo sapiens]	TRUE	TENT2
XP_040360272.1	NP_001375041.1	0	N/A	23.853	327	56	3.56e-14	77.4	poly(A) RNA polymerase GLD2 isoform 1 [Homo sapiens]	TRUE	TENT2
XP_040360272.1	NP_001375040.1	0	N/A	23.853	327	56	3.56e-14	77.4	poly(A) RNA polymerase GLD2 isoform 1 [Homo sapiens]	TRUE	TENT2
XP_040360272.1	NP_001375039.1	0	N/A	23.853	327	56	3.56e-14	77.4	poly(A) RNA polymerase GLD2 isoform 1 [Homo sapiens]	TRUE	TENT2
XP_040360272.1	NP_001375038.1	0	N/A	23.853	327	56	3.56e-14	77.4	poly(A) RNA polymerase GLD2 isoform 1 [Homo sapiens]	TRUE	TENT2
XP_040360272.1	NP_001375037.1	0	N/A	23.853	327	56	3.56e-14	77.4	poly(A) RNA polymerase GLD2 isoform 1 [Homo sapiens]	TRUE	TENT2
XP_040360272.1	NP_001375036.1	0	N/A	23.853	327	56	3.56e-14	77.4	poly(A) RNA polymerase GLD2 isoform 1 [Homo sapiens]	TRUE	TENT2
XP_040360272.1	NP_001375035.1	0	N/A	23.853	327	56	3.56e-14	77.4	poly(A) RNA polymerase GLD2 isoform 1 [Homo sapiens]	TRUE	TENT2
XP_040360272.1	NP_001375034.1	0	N/A	23.853	327	56	3.56e-14	77.4	poly(A) RNA polymerase GLD2 isoform 1 [Homo sapiens]	TRUE	TENT2
XP_040360272.1	NP_001375032.1	0	N/A	23.853	327	56	3.56e-14	77.4	poly(A) RNA polymerase GLD2 isoform 1 [Homo sapiens]	TRUE	TENT2
XP_040360272.1	NP_001375031.1	0	N/A	23.853	327	56	3.56e-14	77.4	poly(A) RNA polymerase GLD2 isoform 1 [Homo sapiens]	TRUE	TENT2
XP_040360272.1	NP_001336482.1	0	N/A	23.853	327	56	3.56e-14	77.4	poly(A) RNA polymerase GLD2 isoform 1 [Homo sapiens]	TRUE	TENT2
XP_040360272.1	NP_001336481.1	0	N/A	23.853	327	56	3.56e-14	77.4	poly(A) RNA polymerase GLD2 isoform 1 [Homo sapiens]	TRUE	TENT2
XP_040360272.1	NP_001107866.1	0	N/A	23.853	327	56	3.56e-14	77.4	poly(A) RNA polymerase GLD2 isoform 1 [Homo sapiens]	TRUE	TENT2
XP_040360272.1	NP_001107865.1	0	N/A	23.853	327	56	3.56e-14	77.4	poly(A) RNA polymerase GLD2 isoform 1 [Homo sapiens]	TRUE	TENT2
XP_040360272.1	NP_001375042.1	0	N/A	23.853	327	56	3.71e-14	77	poly(A) RNA polymerase GLD2 isoform 16 [Homo sapiens]	TRUE	TENT2
XP_040360272.1	NP_001375060.1	0	N/A	23.853	327	56	4.27e-14	77	poly(A) RNA polymerase GLD2 isoform 11 [Homo sapiens]	TRUE	TENT2
XP_040360272.1	NP_001336477.1	0	N/A	26.484	219	38	2.06e-13	72.8	poly(A) RNA polymerase GLD2 isoform 4 [Homo sapiens]	TRUE	TENT2
XP_040360272.1	XP_047272820.1	0	N/A	26.484	219	38	2.63e-13	72.4	poly(A) RNA polymerase GLD2 isoform X11 [Homo sapiens]	TRUE	TENT2
XP_040360272.1	NP_001375030.1	0	N/A	25.352	284	49	7.6e-13	73.2	poly(A) RNA polymerase GLD2 isoform 9 [Homo sapiens]	TRUE	TENT2
XP_040360272.1	NP_001375027.1	0	N/A	23.547	344	56	7.87e-13	73.2	poly(A) RNA polymerase GLD2 isoform 7 [Homo sapiens]	TRUE	TENT2
XP_040360272.1	XP_047272805.1	0	N/A	23.547	344	56	8.1e-13	73.2	poly(A) RNA polymerase GLD2 isoform X2 [Homo sapiens]	TRUE	TENT2
XP_040360272.1	XP_047272804.1	0	N/A	23.547	344	56	8.1e-13	73.2	poly(A) RNA polymerase GLD2 isoform X2 [Homo sapiens]	TRUE	TENT2
XP_040360272.1	XP_047272803.1	0	N/A	23.547	344	56	8.1e-13	73.2	poly(A) RNA polymerase GLD2 isoform X2 [Homo sapiens]	TRUE	TENT2
XP_040360272.1	XP_047272802.1	0	N/A	23.547	344	56	8.1e-13	73.2	poly(A) RNA polymerase GLD2 isoform X2 [Homo sapiens]	TRUE	TENT2
XP_040360272.1	XP_016864641.1	0	N/A	23.547	344	56	8.1e-13	73.2	poly(A) RNA polymerase GLD2 isoform X2 [Homo sapiens]	TRUE	TENT2
XP_040360272.1	NP_001375026.1	0	N/A	23.547	344	56	8.1e-13	73.2	poly(A) RNA polymerase GLD2 isoform 6 [Homo sapiens]	TRUE	TENT2
XP_040360272.1	NP_001375025.1	0	N/A	23.547	344	56	8.1e-13	73.2	poly(A) RNA polymerase GLD2 isoform 6 [Homo sapiens]	TRUE	TENT2
XP_040360272.1	NP_001375024.1	0	N/A	23.547	344	56	8.1e-13	73.2	poly(A) RNA polymerase GLD2 isoform 6 [Homo sapiens]	TRUE	TENT2
XP_040360272.1	NP_001336480.1	0	N/A	23.547	344	56	8.1e-13	73.2	poly(A) RNA polymerase GLD2 isoform 6 [Homo sapiens]	TRUE	TENT2
XP_040360272.1	XP_047272801.1	0	N/A	26.484	219	38	1.2e-12	72.4	poly(A) RNA polymerase GLD2 isoform X1 [Homo sapiens]	TRUE	TENT2
XP_040360272.1	XP_047272800.1	0	N/A	26.484	219	38	1.2e-12	72.4	poly(A) RNA polymerase GLD2 isoform X1 [Homo sapiens]	TRUE	TENT2
XP_040360272.1	XP_011541527.1	0	N/A	26.484	219	38	1.2e-12	72.4	poly(A) RNA polymerase GLD2 isoform X1 [Homo sapiens]	TRUE	TENT2
XP_040360272.1	XP_011541526.1	0	N/A	26.484	219	38	1.2e-12	72.4	poly(A) RNA polymerase GLD2 isoform X1 [Homo sapiens]	TRUE	TENT2
XP_040360272.1	XP_011541523.1	0	N/A	26.484	219	38	1.2e-12	72.4	poly(A) RNA polymerase GLD2 isoform X1 [Homo sapiens]	TRUE	TENT2
XP_040360272.1	XP_011541522.1	0	N/A	26.484	219	38	1.2e-12	72.4	poly(A) RNA polymerase GLD2 isoform X1 [Homo sapiens]	TRUE	TENT2
XP_040360272.1	NP_001375023.1	0	N/A	26.484	219	38	1.2e-12	72.4	poly(A) RNA polymerase GLD2 isoform 5 [Homo sapiens]	TRUE	TENT2
XP_040360272.1	NP_001375022.1	0	N/A	26.484	219	38	1.2e-12	72.4	poly(A) RNA polymerase GLD2 isoform 5 [Homo sapiens]	TRUE	TENT2
XP_040360272.1	NP_001336479.1	0	N/A	26.484	219	38	1.2e-12	72.4	poly(A) RNA polymerase GLD2 isoform 5 [Homo sapiens]	TRUE	TENT2
XP_040360272.1	NP_001336478.1	0	N/A	26.484	219	38	1.2e-12	72.4	poly(A) RNA polymerase GLD2 isoform 5 [Homo sapiens]	TRUE	TENT2
XP_040360272.1	NP_001375029.1	0	N/A	26.484	219	38	1.22e-12	72.4	poly(A) RNA polymerase GLD2 isoform 8 [Homo sapiens]	TRUE	TENT2
XP_040360272.1	NP_001375028.1	0	N/A	26.484	219	38	1.22e-12	72.4	poly(A) RNA polymerase GLD2 isoform 8 [Homo sapiens]	TRUE	TENT2
XP_040360272.1	NP_001317647.1	0	N/A	28.249	177	34	4.39e-11	68.2	terminal uridylyltransferase 7 isoform 3 [Homo sapiens]	TRUE	Tut7
XP_040360272.1	XP_016870620.1	0	N/A	27.933	179	34	7.64e-11	67.4	terminal uridylyltransferase 7 isoform X4 [Homo sapiens]	TRUE	Tut7
XP_040360272.1	XP_016870619.1	0	N/A	27.933	179	34	7.64e-11	67.4	terminal uridylyltransferase 7 isoform X4 [Homo sapiens]	TRUE	Tut7
XP_040360272.1	NP_078893.2	0	N/A	27.933	179	34	7.64e-11	67.4	terminal uridylyltransferase 7 isoform 1 [Homo sapiens]	TRUE	Tut7
XP_040360272.1	NP_001171988.1	0	N/A	27.933	179	34	7.64e-11	67.4	terminal uridylyltransferase 7 isoform 1 [Homo sapiens]	TRUE	Tut7
XP_040360272.1	XP_011517318.1	0	N/A	27.933	179	34	8.11e-11	67.4	terminal uridylyltransferase 7 isoform X5 [Homo sapiens]	TRUE	Tut7
XP_040360272.1	XP_047279823.1	0	N/A	27.933	179	34	8.24e-11	67.4	terminal uridylyltransferase 7 isoform X2 [Homo sapiens]	TRUE	Tut7
XP_040360272.1	XP_006717346.1	0	N/A	27.933	179	34	8.24e-11	67.4	terminal uridylyltransferase 7 isoform X2 [Homo sapiens]	TRUE	Tut7
XP_040360272.1	XP_011517317.1	0	N/A	27.933	179	34	9.29e-11	67.4	terminal uridylyltransferase 7 isoform X3 [Homo sapiens]	TRUE	Tut7
XP_040360272.1	XP_047279825.1	0	N/A	27.933	179	34	9.3e-11	67.4	terminal uridylyltransferase 7 isoform X6 [Homo sapiens]	TRUE	Tut7
XP_040360272.1	XP_047279824.1	0	N/A	27.933	179	34	9.3e-11	67.4	terminal uridylyltransferase 7 isoform X6 [Homo sapiens]	TRUE	Tut7
XP_040360272.1	XP_005252264.1	0	N/A	27.933	179	34	9.3e-11	67.4	terminal uridylyltransferase 7 isoform X6 [Homo sapiens]	TRUE	Tut7
XP_040360272.1	XP_011517316.1	0	N/A	27.933	179	34	9.47e-11	67.4	terminal uridylyltransferase 7 isoform X1 [Homo sapiens]	TRUE	Tut7
XP_042148452.1	NP_060579.3	0	N/A	38.647	207	93	1.3e-40	147	poly(A) RNA polymerase, mitochondrial precursor [Homo sapiens]	TRUE	mtPAP
XP_042148452.1	NP_073741.3	0	N/A	40.323	124	58	3.69e-19	87.4	speckle targeted PIP5K1A-regulated poly(A) polymerase isoform 1 [Homo sapiens]	TRUE	Tut1
XP_042148452.1	XP_047272818.1	0	N/A	30.682	176	83	1.32e-16	79.3	poly(A) RNA polymerase GLD2 isoform X10 [Homo sapiens]	TRUE	TENT2
XP_042148452.1	NP_001375060.1	0	N/A	29.787	188	87	3.99e-16	78.6	poly(A) RNA polymerase GLD2 isoform 11 [Homo sapiens]	TRUE	TENT2
XP_042148452.1	XP_047272808.1	0	N/A	29.787	188	87	4.32e-16	78.6	poly(A) RNA polymerase GLD2 isoform X3 [Homo sapiens]	TRUE	TENT2
XP_042148452.1	XP_047272807.1	0	N/A	29.787	188	87	4.32e-16	78.6	poly(A) RNA polymerase GLD2 isoform X3 [Homo sapiens]	TRUE	TENT2
XP_042148452.1	XP_047272806.1	0	N/A	29.787	188	87	4.32e-16	78.6	poly(A) RNA polymerase GLD2 isoform X3 [Homo sapiens]	TRUE	TENT2
XP_042148452.1	NP_776158.2	0	N/A	29.787	188	87	4.32e-16	78.6	poly(A) RNA polymerase GLD2 isoform 1 [Homo sapiens]	TRUE	TENT2
XP_042148452.1	NP_001375041.1	0	N/A	29.787	188	87	4.32e-16	78.6	poly(A) RNA polymerase GLD2 isoform 1 [Homo sapiens]	TRUE	TENT2
XP_042148452.1	NP_001375040.1	0	N/A	29.787	188	87	4.32e-16	78.6	poly(A) RNA polymerase GLD2 isoform 1 [Homo sapiens]	TRUE	TENT2
XP_042148452.1	NP_001375039.1	0	N/A	29.787	188	87	4.32e-16	78.6	poly(A) RNA polymerase GLD2 isoform 1 [Homo sapiens]	TRUE	TENT2
XP_042148452.1	NP_001375038.1	0	N/A	29.787	188	87	4.32e-16	78.6	poly(A) RNA polymerase GLD2 isoform 1 [Homo sapiens]	TRUE	TENT2
XP_042148452.1	NP_001375037.1	0	N/A	29.787	188	87	4.32e-16	78.6	poly(A) RNA polymerase GLD2 isoform 1 [Homo sapiens]	TRUE	TENT2
XP_042148452.1	NP_001375036.1	0	N/A	29.787	188	87	4.32e-16	78.6	poly(A) RNA polymerase GLD2 isoform 1 [Homo sapiens]	TRUE	TENT2
XP_042148452.1	NP_001375035.1	0	N/A	29.787	188	87	4.32e-16	78.6	poly(A) RNA polymerase GLD2 isoform 1 [Homo sapiens]	TRUE	TENT2
XP_042148452.1	NP_001375034.1	0	N/A	29.787	188	87	4.32e-16	78.6	poly(A) RNA polymerase GLD2 isoform 1 [Homo sapiens]	TRUE	TENT2
XP_042148452.1	NP_001375032.1	0	N/A	29.787	188	87	4.32e-16	78.6	poly(A) RNA polymerase GLD2 isoform 1 [Homo sapiens]	TRUE	TENT2
XP_042148452.1	NP_001375031.1	0	N/A	29.787	188	87	4.32e-16	78.6	poly(A) RNA polymerase GLD2 isoform 1 [Homo sapiens]	TRUE	TENT2
XP_042148452.1	NP_001336482.1	0	N/A	29.787	188	87	4.32e-16	78.6	poly(A) RNA polymerase GLD2 isoform 1 [Homo sapiens]	TRUE	TENT2
XP_042148452.1	NP_001336481.1	0	N/A	29.787	188	87	4.32e-16	78.6	poly(A) RNA polymerase GLD2 isoform 1 [Homo sapiens]	TRUE	TENT2
XP_042148452.1	NP_001107866.1	0	N/A	29.787	188	87	4.32e-16	78.6	poly(A) RNA polymerase GLD2 isoform 1 [Homo sapiens]	TRUE	TENT2
XP_042148452.1	NP_001107865.1	0	N/A	29.787	188	87	4.32e-16	78.6	poly(A) RNA polymerase GLD2 isoform 1 [Homo sapiens]	TRUE	TENT2
XP_042148452.1	NP_001375042.1	0	N/A	29.787	188	87	4.7e-16	78.2	poly(A) RNA polymerase GLD2 isoform 16 [Homo sapiens]	TRUE	TENT2
XP_042148452.1	NP_001375065.1	0	N/A	28.723	188	87	6.42e-16	77.4	poly(A) RNA polymerase GLD2 isoform 14 [Homo sapiens]	TRUE	TENT2
XP_042148452.1	XP_047272811.1	0	N/A	28.723	188	87	1.17e-15	77	poly(A) RNA polymerase GLD2 isoform X4 [Homo sapiens]	TRUE	TENT2
XP_042148452.1	XP_047272810.1	0	N/A	28.723	188	87	1.17e-15	77	poly(A) RNA polymerase GLD2 isoform X4 [Homo sapiens]	TRUE	TENT2
XP_042148452.1	XP_047272809.1	0	N/A	28.723	188	87	1.17e-15	77	poly(A) RNA polymerase GLD2 isoform X4 [Homo sapiens]	TRUE	TENT2
XP_042148452.1	NP_001375058.1	0	N/A	28.723	188	87	1.17e-15	77	poly(A) RNA polymerase GLD2 isoform 2 [Homo sapiens]	TRUE	TENT2
XP_042148452.1	NP_001375057.1	0	N/A	28.723	188	87	1.17e-15	77	poly(A) RNA polymerase GLD2 isoform 2 [Homo sapiens]	TRUE	TENT2
XP_042148452.1	NP_001375056.1	0	N/A	28.723	188	87	1.17e-15	77	poly(A) RNA polymerase GLD2 isoform 2 [Homo sapiens]	TRUE	TENT2
XP_042148452.1	NP_001375055.1	0	N/A	28.723	188	87	1.17e-15	77	poly(A) RNA polymerase GLD2 isoform 2 [Homo sapiens]	TRUE	TENT2
XP_042148452.1	NP_001375054.1	0	N/A	28.723	188	87	1.17e-15	77	poly(A) RNA polymerase GLD2 isoform 2 [Homo sapiens]	TRUE	TENT2
XP_042148452.1	NP_001375053.1	0	N/A	28.723	188	87	1.17e-15	77	poly(A) RNA polymerase GLD2 isoform 2 [Homo sapiens]	TRUE	TENT2
XP_042148452.1	NP_001375052.1	0	N/A	28.723	188	87	1.17e-15	77	poly(A) RNA polymerase GLD2 isoform 2 [Homo sapiens]	TRUE	TENT2
XP_042148452.1	NP_001375051.1	0	N/A	28.723	188	87	1.17e-15	77	poly(A) RNA polymerase GLD2 isoform 2 [Homo sapiens]	TRUE	TENT2
XP_042148452.1	NP_001375050.1	0	N/A	28.723	188	87	1.17e-15	77	poly(A) RNA polymerase GLD2 isoform 2 [Homo sapiens]	TRUE	TENT2
XP_042148452.1	NP_001375049.1	0	N/A	28.723	188	87	1.17e-15	77	poly(A) RNA polymerase GLD2 isoform 2 [Homo sapiens]	TRUE	TENT2
XP_042148452.1	NP_001375048.1	0	N/A	28.723	188	87	1.17e-15	77	poly(A) RNA polymerase GLD2 isoform 2 [Homo sapiens]	TRUE	TENT2
XP_042148452.1	NP_001375047.1	0	N/A	28.723	188	87	1.17e-15	77	poly(A) RNA polymerase GLD2 isoform 2 [Homo sapiens]	TRUE	TENT2
XP_042148452.1	NP_001375046.1	0	N/A	28.723	188	87	1.17e-15	77	poly(A) RNA polymerase GLD2 isoform 2 [Homo sapiens]	TRUE	TENT2
XP_042148452.1	NP_001375045.1	0	N/A	28.723	188	87	1.17e-15	77	poly(A) RNA polymerase GLD2 isoform 2 [Homo sapiens]	TRUE	TENT2
XP_042148452.1	NP_001375044.1	0	N/A	28.723	188	87	1.17e-15	77	poly(A) RNA polymerase GLD2 isoform 2 [Homo sapiens]	TRUE	TENT2
XP_042148452.1	NP_001375043.1	0	N/A	28.723	188	87	1.17e-15	77	poly(A) RNA polymerase GLD2 isoform 2 [Homo sapiens]	TRUE	TENT2
XP_042148452.1	NP_001336483.1	0	N/A	28.723	188	87	1.17e-15	77	poly(A) RNA polymerase GLD2 isoform 2 [Homo sapiens]	TRUE	TENT2
XP_042148452.1	NP_001284673.1	0	N/A	28.723	188	87	1.17e-15	77	poly(A) RNA polymerase GLD2 isoform 2 [Homo sapiens]	TRUE	TENT2
XP_042148452.1	NP_001375061.1	0	N/A	28.723	188	87	1.19e-15	77	poly(A) RNA polymerase GLD2 isoform 12 [Homo sapiens]	TRUE	TENT2
XP_042148452.1	NP_001375059.1	0	N/A	28.723	188	87	1.29e-15	77	poly(A) RNA polymerase GLD2 isoform 10 [Homo sapiens]	TRUE	TENT2
XP_042148452.1	NP_001375029.1	0	N/A	29	200	87	5.52e-14	72.4	poly(A) RNA polymerase GLD2 isoform 8 [Homo sapiens]	TRUE	TENT2
XP_042148452.1	NP_001375028.1	0	N/A	29	200	87	5.52e-14	72.4	poly(A) RNA polymerase GLD2 isoform 8 [Homo sapiens]	TRUE	TENT2
XP_042148452.1	XP_047272817.1	0	N/A	30.412	194	83	7.86e-14	71.6	poly(A) RNA polymerase GLD2 isoform X9 [Homo sapiens]	TRUE	TENT2
XP_042148452.1	NP_001375030.1	0	N/A	28	200	87	1.64e-13	70.9	poly(A) RNA polymerase GLD2 isoform 9 [Homo sapiens]	TRUE	TENT2
XP_042148452.1	NP_001375027.1	0	N/A	29.612	206	87	2.83e-13	70.1	poly(A) RNA polymerase GLD2 isoform 7 [Homo sapiens]	TRUE	TENT2
XP_042148452.1	XP_047272805.1	0	N/A	29.612	206	87	2.83e-13	70.1	poly(A) RNA polymerase GLD2 isoform X2 [Homo sapiens]	TRUE	TENT2
XP_042148452.1	XP_047272804.1	0	N/A	29.612	206	87	2.83e-13	70.1	poly(A) RNA polymerase GLD2 isoform X2 [Homo sapiens]	TRUE	TENT2
XP_042148452.1	XP_047272803.1	0	N/A	29.612	206	87	2.83e-13	70.1	poly(A) RNA polymerase GLD2 isoform X2 [Homo sapiens]	TRUE	TENT2
XP_042148452.1	XP_047272802.1	0	N/A	29.612	206	87	2.83e-13	70.1	poly(A) RNA polymerase GLD2 isoform X2 [Homo sapiens]	TRUE	TENT2
XP_042148452.1	XP_016864641.1	0	N/A	29.612	206	87	2.83e-13	70.1	poly(A) RNA polymerase GLD2 isoform X2 [Homo sapiens]	TRUE	TENT2
XP_042148452.1	NP_001375026.1	0	N/A	29.612	206	87	2.83e-13	70.1	poly(A) RNA polymerase GLD2 isoform 6 [Homo sapiens]	TRUE	TENT2
XP_042148452.1	NP_001375025.1	0	N/A	29.612	206	87	2.83e-13	70.1	poly(A) RNA polymerase GLD2 isoform 6 [Homo sapiens]	TRUE	TENT2
XP_042148452.1	NP_001375024.1	0	N/A	29.612	206	87	2.83e-13	70.1	poly(A) RNA polymerase GLD2 isoform 6 [Homo sapiens]	TRUE	TENT2
XP_042148452.1	NP_001336480.1	0	N/A	29.612	206	87	2.83e-13	70.1	poly(A) RNA polymerase GLD2 isoform 6 [Homo sapiens]	TRUE	TENT2
XP_042148452.1	XP_047272816.1	0	N/A	29.798	198	83	2.94e-13	70.1	poly(A) RNA polymerase GLD2 isoform X8 [Homo sapiens]	TRUE	TENT2
XP_042148452.1	NP_001354835.1	0	N/A	42.045	88	42	4.31e-13	69.7	speckle targeted PIP5K1A-regulated poly(A) polymerase isoform 2 [Homo sapiens]	TRUE	Tut1
XP_042148452.1	XP_047272801.1	0	N/A	29.048	210	87	9.65e-13	68.6	poly(A) RNA polymerase GLD2 isoform X1 [Homo sapiens]	TRUE	TENT2
XP_042148452.1	XP_047272800.1	0	N/A	29.048	210	87	9.65e-13	68.6	poly(A) RNA polymerase GLD2 isoform X1 [Homo sapiens]	TRUE	TENT2
XP_042148452.1	XP_011541527.1	0	N/A	29.048	210	87	9.65e-13	68.6	poly(A) RNA polymerase GLD2 isoform X1 [Homo sapiens]	TRUE	TENT2
XP_042148452.1	XP_011541526.1	0	N/A	29.048	210	87	9.65e-13	68.6	poly(A) RNA polymerase GLD2 isoform X1 [Homo sapiens]	TRUE	TENT2
XP_042148452.1	XP_011541523.1	0	N/A	29.048	210	87	9.65e-13	68.6	poly(A) RNA polymerase GLD2 isoform X1 [Homo sapiens]	TRUE	TENT2
XP_042148452.1	XP_011541522.1	0	N/A	29.048	210	87	9.65e-13	68.6	poly(A) RNA polymerase GLD2 isoform X1 [Homo sapiens]	TRUE	TENT2
XP_042148452.1	NP_001375023.1	0	N/A	29.048	210	87	9.65e-13	68.6	poly(A) RNA polymerase GLD2 isoform 5 [Homo sapiens]	TRUE	TENT2
XP_042148452.1	NP_001375022.1	0	N/A	29.048	210	87	9.65e-13	68.6	poly(A) RNA polymerase GLD2 isoform 5 [Homo sapiens]	TRUE	TENT2
XP_042148452.1	NP_001336479.1	0	N/A	29.048	210	87	9.65e-13	68.6	poly(A) RNA polymerase GLD2 isoform 5 [Homo sapiens]	TRUE	TENT2
XP_042148452.1	NP_001336478.1	0	N/A	29.048	210	87	9.65e-13	68.6	poly(A) RNA polymerase GLD2 isoform 5 [Homo sapiens]	TRUE	TENT2
XP_042148452.1	NP_001336477.1	0	N/A	28.788	132	61	1.59e-10	61.2	poly(A) RNA polymerase GLD2 isoform 4 [Homo sapiens]	TRUE	TENT2
XP_042148452.1	XP_047272820.1	0	N/A	31.193	109	50	1.62e-09	58.5	poly(A) RNA polymerase GLD2 isoform X11 [Homo sapiens]	TRUE	TENT2
XP_042148452.1	XP_016856299.1	0	N/A	26.257	179	84	1.78e-09	59.3	terminal uridylyltransferase 4 isoform X40 [Homo sapiens]	TRUE	Tut4
XP_042148452.1	XP_047272365.1	0	N/A	26.257	179	84	1.78e-09	59.3	terminal uridylyltransferase 4 isoform X38 [Homo sapiens]	TRUE	Tut4
XP_042148452.1	XP_016856297.1	0	N/A	26.257	179	84	1.78e-09	59.3	terminal uridylyltransferase 4 isoform X36 [Homo sapiens]	TRUE	Tut4
XP_042148452.1	XP_005270739.1	0	N/A	26.257	179	84	1.78e-09	59.3	terminal uridylyltransferase 4 isoform X33 [Homo sapiens]	TRUE	Tut4
XP_042148452.1	XP_047272345.1	0	N/A	26.257	179	84	1.79e-09	59.3	terminal uridylyltransferase 4 isoform X31 [Homo sapiens]	TRUE	Tut4
XP_042148452.1	XP_011539401.1	0	N/A	26.257	179	84	1.79e-09	59.3	terminal uridylyltransferase 4 isoform X29 [Homo sapiens]	TRUE	Tut4
XP_042148452.1	XP_016856296.1	0	N/A	26.257	179	84	1.79e-09	59.3	terminal uridylyltransferase 4 isoform X28 [Homo sapiens]	TRUE	Tut4
XP_042148452.1	XP_047272337.1	0	N/A	26.257	179	84	1.79e-09	59.3	terminal uridylyltransferase 4 isoform X27 [Homo sapiens]	TRUE	Tut4
XP_042148452.1	XP_016856295.1	0	N/A	26.257	179	84	1.79e-09	59.3	terminal uridylyltransferase 4 isoform X25 [Homo sapiens]	TRUE	Tut4
XP_042148452.1	XP_047272325.1	0	N/A	26.257	179	84	1.79e-09	59.3	terminal uridylyltransferase 4 isoform X23 [Homo sapiens]	TRUE	Tut4
XP_042148452.1	XP_016856293.1	0	N/A	26.257	179	84	1.79e-09	59.3	terminal uridylyltransferase 4 isoform X16 [Homo sapiens]	TRUE	Tut4
XP_042148452.1	XP_047272288.1	0	N/A	26.257	179	84	1.79e-09	59.3	terminal uridylyltransferase 4 isoform X10 [Homo sapiens]	TRUE	Tut4
XP_042148452.1	XP_016856292.1	0	N/A	26.257	179	84	1.79e-09	59.3	terminal uridylyltransferase 4 isoform X9 [Homo sapiens]	TRUE	Tut4
XP_042148452.1	XP_047272285.1	0	N/A	26.257	179	84	1.79e-09	59.3	terminal uridylyltransferase 4 isoform X7 [Homo sapiens]	TRUE	Tut4
XP_042148452.1	XP_047272283.1	0	N/A	26.257	179	84	1.79e-09	59.3	terminal uridylyltransferase 4 isoform X6 [Homo sapiens]	TRUE	Tut4
XP_042148452.1	XP_005270737.1	0	N/A	26.257	179	84	1.79e-09	59.3	terminal uridylyltransferase 4 isoform X6 [Homo sapiens]	TRUE	Tut4
XP_042148452.1	XP_047272282.1	0	N/A	26.257	179	84	1.8e-09	59.3	terminal uridylyltransferase 4 isoform X5 [Homo sapiens]	TRUE	Tut4
XP_042148452.1	NP_056084.1	0	N/A	26.257	179	84	1.8e-09	59.3	terminal uridylyltransferase 4 isoform b [Homo sapiens]	TRUE	Tut4
XP_042148452.1	XP_047272281.1	0	N/A	26.257	179	84	1.8e-09	59.3	terminal uridylyltransferase 4 isoform X4 [Homo sapiens]	TRUE	Tut4
XP_042148452.1	NP_001009881.1	0	N/A	26.257	179	84	1.8e-09	59.3	terminal uridylyltransferase 4 isoform a [Homo sapiens]	TRUE	Tut4
XP_042148452.1	XP_047272280.1	0	N/A	26.257	179	84	1.8e-09	59.3	terminal uridylyltransferase 4 isoform X3 [Homo sapiens]	TRUE	Tut4
XP_042148452.1	XP_005270736.1	0	N/A	26.257	179	84	1.8e-09	59.3	terminal uridylyltransferase 4 isoform X3 [Homo sapiens]	TRUE	Tut4
XP_042148452.1	XP_005270735.1	0	N/A	26.257	179	84	1.8e-09	59.3	terminal uridylyltransferase 4 isoform X2 [Homo sapiens]	TRUE	Tut4
XP_042148452.1	XP_011539399.1	0	N/A	26.257	179	84	1.8e-09	59.3	terminal uridylyltransferase 4 isoform X1 [Homo sapiens]	TRUE	Tut4
XP_042148452.1	XP_005270733.1	0	N/A	26.257	179	84	1.8e-09	59.3	terminal uridylyltransferase 4 isoform X1 [Homo sapiens]	TRUE	Tut4
XP_042187856.1	NP_008930.2	0	N/A	67.77	574	98	0	730	terminal nucleotidyltransferase 4A isoform 1 [Homo sapiens]	TRUE	TENT4A
XP_042187856.1	NP_001165276.2	0	N/A	67.596	574	98	0	723	terminal nucleotidyltransferase 4A isoform 2 [Homo sapiens]	TRUE	TENT4A
XP_042187856.1	XP_047272622.1	0	N/A	67.518	548	94	0	686	terminal nucleotidyltransferase 4A isoform X1 [Homo sapiens]	TRUE	TENT4A
XP_042187856.1	XP_047272621.1	0	N/A	67.518	548	94	0	686	terminal nucleotidyltransferase 4A isoform X1 [Homo sapiens]	TRUE	TENT4A
XP_042187856.1	XP_047272620.1	0	N/A	67.518	548	94	0	686	terminal nucleotidyltransferase 4A isoform X1 [Homo sapiens]	TRUE	TENT4A
XP_042187856.1	XP_047272623.1	0	N/A	67.347	539	92	0	672	terminal nucleotidyltransferase 4A isoform X2 [Homo sapiens]	TRUE	TENT4A
XP_042187856.1	XP_016864477.1	0	N/A	67.347	539	92	0	672	terminal nucleotidyltransferase 4A isoform X2 [Homo sapiens]	TRUE	TENT4A
XP_042187856.1	XP_047272624.1	0	N/A	67.161	539	92	0	665	terminal nucleotidyltransferase 4A isoform X3 [Homo sapiens]	TRUE	TENT4A
XP_042187856.1	XP_011521577.1	0	N/A	73.497	366	63	0	555	terminal nucleotidyltransferase 4B isoform X1 [Homo sapiens]	TRUE	TENT4B
XP_042187856.1	NP_001352252.1	0	N/A	73.497	366	63	0	555	terminal nucleotidyltransferase 4B isoform c [Homo sapiens]	TRUE	TENT4B
XP_042187856.1	NP_001035374.2	0	N/A	73.497	366	63	0	555	terminal nucleotidyltransferase 4B isoform a [Homo sapiens]	TRUE	TENT4B
XP_042187856.1	NP_001352253.1	0	N/A	73.497	366	63	0	553	terminal nucleotidyltransferase 4B isoform d [Homo sapiens]	TRUE	TENT4B
XP_042187856.1	XP_047290432.1	0	N/A	76.901	342	60	0	549	terminal nucleotidyltransferase 4B isoform X4 [Homo sapiens]	TRUE	TENT4B
XP_042187856.1	XP_047290431.1	0	N/A	76.901	342	60	0	549	terminal nucleotidyltransferase 4B isoform X3 [Homo sapiens]	TRUE	TENT4B
XP_042187856.1	XP_011521578.1	0	N/A	76.901	342	60	0	549	terminal nucleotidyltransferase 4B isoform X2 [Homo sapiens]	TRUE	TENT4B
XP_042187856.1	NP_001035375.2	0	N/A	76.901	342	60	0	549	terminal nucleotidyltransferase 4B isoform b [Homo sapiens]	TRUE	TENT4B
XP_042187856.1	XP_011521580.1	0	N/A	73.926	349	60	0	531	terminal nucleotidyltransferase 4B isoform X5 [Homo sapiens]	TRUE	TENT4B
XP_042187856.1	XP_047290433.1	0	N/A	77.538	325	57	0	525	terminal nucleotidyltransferase 4B isoform X6 [Homo sapiens]	TRUE	TENT4B
XP_042187856.1	XP_047272808.1	0	N/A	24.055	291	43	3.22e-10	65.1	poly(A) RNA polymerase GLD2 isoform X3 [Homo sapiens]	TRUE	TENT2
XP_042187856.1	XP_047272807.1	0	N/A	24.055	291	43	3.22e-10	65.1	poly(A) RNA polymerase GLD2 isoform X3 [Homo sapiens]	TRUE	TENT2
XP_042187856.1	XP_047272806.1	0	N/A	24.055	291	43	3.22e-10	65.1	poly(A) RNA polymerase GLD2 isoform X3 [Homo sapiens]	TRUE	TENT2
XP_042187856.1	NP_776158.2	0	N/A	24.055	291	43	3.22e-10	65.1	poly(A) RNA polymerase GLD2 isoform 1 [Homo sapiens]	TRUE	TENT2
XP_042187856.1	NP_001375041.1	0	N/A	24.055	291	43	3.22e-10	65.1	poly(A) RNA polymerase GLD2 isoform 1 [Homo sapiens]	TRUE	TENT2
XP_042187856.1	NP_001375040.1	0	N/A	24.055	291	43	3.22e-10	65.1	poly(A) RNA polymerase GLD2 isoform 1 [Homo sapiens]	TRUE	TENT2
XP_042187856.1	NP_001375039.1	0	N/A	24.055	291	43	3.22e-10	65.1	poly(A) RNA polymerase GLD2 isoform 1 [Homo sapiens]	TRUE	TENT2
XP_042187856.1	NP_001375038.1	0	N/A	24.055	291	43	3.22e-10	65.1	poly(A) RNA polymerase GLD2 isoform 1 [Homo sapiens]	TRUE	TENT2
XP_042187856.1	NP_001375037.1	0	N/A	24.055	291	43	3.22e-10	65.1	poly(A) RNA polymerase GLD2 isoform 1 [Homo sapiens]	TRUE	TENT2
XP_042187856.1	NP_001375036.1	0	N/A	24.055	291	43	3.22e-10	65.1	poly(A) RNA polymerase GLD2 isoform 1 [Homo sapiens]	TRUE	TENT2
XP_042187856.1	NP_001375035.1	0	N/A	24.055	291	43	3.22e-10	65.1	poly(A) RNA polymerase GLD2 isoform 1 [Homo sapiens]	TRUE	TENT2
XP_042187856.1	NP_001375034.1	0	N/A	24.055	291	43	3.22e-10	65.1	poly(A) RNA polymerase GLD2 isoform 1 [Homo sapiens]	TRUE	TENT2
XP_042187856.1	NP_001375032.1	0	N/A	24.055	291	43	3.22e-10	65.1	poly(A) RNA polymerase GLD2 isoform 1 [Homo sapiens]	TRUE	TENT2
XP_042187856.1	NP_001375031.1	0	N/A	24.055	291	43	3.22e-10	65.1	poly(A) RNA polymerase GLD2 isoform 1 [Homo sapiens]	TRUE	TENT2
XP_042187856.1	NP_001336482.1	0	N/A	24.055	291	43	3.22e-10	65.1	poly(A) RNA polymerase GLD2 isoform 1 [Homo sapiens]	TRUE	TENT2
XP_042187856.1	NP_001336481.1	0	N/A	24.055	291	43	3.22e-10	65.1	poly(A) RNA polymerase GLD2 isoform 1 [Homo sapiens]	TRUE	TENT2
XP_042187856.1	NP_001107866.1	0	N/A	24.055	291	43	3.22e-10	65.1	poly(A) RNA polymerase GLD2 isoform 1 [Homo sapiens]	TRUE	TENT2
XP_042187856.1	NP_001107865.1	0	N/A	24.055	291	43	3.22e-10	65.1	poly(A) RNA polymerase GLD2 isoform 1 [Homo sapiens]	TRUE	TENT2
XP_042187856.1	NP_001375042.1	0	N/A	24.055	291	43	3.7e-10	65.1	poly(A) RNA polymerase GLD2 isoform 16 [Homo sapiens]	TRUE	TENT2
XP_042187856.1	NP_001375060.1	0	N/A	24.055	291	43	4.03e-10	64.7	poly(A) RNA polymerase GLD2 isoform 11 [Homo sapiens]	TRUE	TENT2
XP_042187856.1	NP_001375059.1	0	N/A	24.39	287	43	5.53e-10	64.3	poly(A) RNA polymerase GLD2 isoform 10 [Homo sapiens]	TRUE	TENT2
XP_042187856.1	XP_047272811.1	0	N/A	24.39	287	43	6e-10	64.3	poly(A) RNA polymerase GLD2 isoform X4 [Homo sapiens]	TRUE	TENT2
XP_042187856.1	XP_047272810.1	0	N/A	24.39	287	43	6e-10	64.3	poly(A) RNA polymerase GLD2 isoform X4 [Homo sapiens]	TRUE	TENT2
XP_042187856.1	XP_047272809.1	0	N/A	24.39	287	43	6e-10	64.3	poly(A) RNA polymerase GLD2 isoform X4 [Homo sapiens]	TRUE	TENT2
XP_042187856.1	NP_001375058.1	0	N/A	24.39	287	43	6e-10	64.3	poly(A) RNA polymerase GLD2 isoform 2 [Homo sapiens]	TRUE	TENT2
XP_042187856.1	NP_001375057.1	0	N/A	24.39	287	43	6e-10	64.3	poly(A) RNA polymerase GLD2 isoform 2 [Homo sapiens]	TRUE	TENT2
XP_042187856.1	NP_001375056.1	0	N/A	24.39	287	43	6e-10	64.3	poly(A) RNA polymerase GLD2 isoform 2 [Homo sapiens]	TRUE	TENT2
XP_042187856.1	NP_001375055.1	0	N/A	24.39	287	43	6e-10	64.3	poly(A) RNA polymerase GLD2 isoform 2 [Homo sapiens]	TRUE	TENT2
XP_042187856.1	NP_001375054.1	0	N/A	24.39	287	43	6e-10	64.3	poly(A) RNA polymerase GLD2 isoform 2 [Homo sapiens]	TRUE	TENT2
XP_042187856.1	NP_001375053.1	0	N/A	24.39	287	43	6e-10	64.3	poly(A) RNA polymerase GLD2 isoform 2 [Homo sapiens]	TRUE	TENT2
XP_042187856.1	NP_001375052.1	0	N/A	24.39	287	43	6e-10	64.3	poly(A) RNA polymerase GLD2 isoform 2 [Homo sapiens]	TRUE	TENT2
XP_042187856.1	NP_001375051.1	0	N/A	24.39	287	43	6e-10	64.3	poly(A) RNA polymerase GLD2 isoform 2 [Homo sapiens]	TRUE	TENT2
XP_042187856.1	NP_001375050.1	0	N/A	24.39	287	43	6e-10	64.3	poly(A) RNA polymerase GLD2 isoform 2 [Homo sapiens]	TRUE	TENT2
XP_042187856.1	NP_001375049.1	0	N/A	24.39	287	43	6e-10	64.3	poly(A) RNA polymerase GLD2 isoform 2 [Homo sapiens]	TRUE	TENT2
XP_042187856.1	NP_001375048.1	0	N/A	24.39	287	43	6e-10	64.3	poly(A) RNA polymerase GLD2 isoform 2 [Homo sapiens]	TRUE	TENT2
XP_042187856.1	NP_001375047.1	0	N/A	24.39	287	43	6e-10	64.3	poly(A) RNA polymerase GLD2 isoform 2 [Homo sapiens]	TRUE	TENT2
XP_042187856.1	NP_001375046.1	0	N/A	24.39	287	43	6e-10	64.3	poly(A) RNA polymerase GLD2 isoform 2 [Homo sapiens]	TRUE	TENT2
XP_042187856.1	NP_001375045.1	0	N/A	24.39	287	43	6e-10	64.3	poly(A) RNA polymerase GLD2 isoform 2 [Homo sapiens]	TRUE	TENT2
XP_042187856.1	NP_001375044.1	0	N/A	24.39	287	43	6e-10	64.3	poly(A) RNA polymerase GLD2 isoform 2 [Homo sapiens]	TRUE	TENT2
XP_042187856.1	NP_001375043.1	0	N/A	24.39	287	43	6e-10	64.3	poly(A) RNA polymerase GLD2 isoform 2 [Homo sapiens]	TRUE	TENT2
XP_042187856.1	NP_001336483.1	0	N/A	24.39	287	43	6e-10	64.3	poly(A) RNA polymerase GLD2 isoform 2 [Homo sapiens]	TRUE	TENT2
XP_042187856.1	NP_001284673.1	0	N/A	24.39	287	43	6e-10	64.3	poly(A) RNA polymerase GLD2 isoform 2 [Homo sapiens]	TRUE	TENT2
XP_042187856.1	NP_001375061.1	0	N/A	24.39	287	43	7.25e-10	63.9	poly(A) RNA polymerase GLD2 isoform 12 [Homo sapiens]	TRUE	TENT2
XP_042187856.1	NP_001375065.1	0	N/A	24.39	287	43	1.16e-09	62.8	poly(A) RNA polymerase GLD2 isoform 14 [Homo sapiens]	TRUE	TENT2
XP_042187856.1	NP_001336477.1	0	N/A	25.604	207	30	1.6e-09	61.2	poly(A) RNA polymerase GLD2 isoform 4 [Homo sapiens]	TRUE	TENT2
XP_042187856.1	XP_047272820.1	0	N/A	25.604	207	30	1.72e-09	61.2	poly(A) RNA polymerase GLD2 isoform X11 [Homo sapiens]	TRUE	TENT2
XP_042187856.1	NP_001375027.1	0	N/A	25.604	207	30	5.26e-09	61.2	poly(A) RNA polymerase GLD2 isoform 7 [Homo sapiens]	TRUE	TENT2
XP_042187856.1	XP_047272805.1	0	N/A	25.604	207	30	5.37e-09	61.2	poly(A) RNA polymerase GLD2 isoform X2 [Homo sapiens]	TRUE	TENT2
XP_042187856.1	XP_047272804.1	0	N/A	25.604	207	30	5.37e-09	61.2	poly(A) RNA polymerase GLD2 isoform X2 [Homo sapiens]	TRUE	TENT2
XP_042187856.1	XP_047272803.1	0	N/A	25.604	207	30	5.37e-09	61.2	poly(A) RNA polymerase GLD2 isoform X2 [Homo sapiens]	TRUE	TENT2
XP_042187856.1	XP_047272802.1	0	N/A	25.604	207	30	5.37e-09	61.2	poly(A) RNA polymerase GLD2 isoform X2 [Homo sapiens]	TRUE	TENT2
XP_042187856.1	XP_016864641.1	0	N/A	25.604	207	30	5.37e-09	61.2	poly(A) RNA polymerase GLD2 isoform X2 [Homo sapiens]	TRUE	TENT2
XP_042187856.1	NP_001375026.1	0	N/A	25.604	207	30	5.37e-09	61.2	poly(A) RNA polymerase GLD2 isoform 6 [Homo sapiens]	TRUE	TENT2
XP_042187856.1	NP_001375025.1	0	N/A	25.604	207	30	5.37e-09	61.2	poly(A) RNA polymerase GLD2 isoform 6 [Homo sapiens]	TRUE	TENT2
XP_042187856.1	NP_001375024.1	0	N/A	25.604	207	30	5.37e-09	61.2	poly(A) RNA polymerase GLD2 isoform 6 [Homo sapiens]	TRUE	TENT2
XP_042187856.1	NP_001336480.1	0	N/A	25.604	207	30	5.37e-09	61.2	poly(A) RNA polymerase GLD2 isoform 6 [Homo sapiens]	TRUE	TENT2
XP_042187856.1	XP_047272801.1	0	N/A	25.604	207	30	6.38e-09	61.2	poly(A) RNA polymerase GLD2 isoform X1 [Homo sapiens]	TRUE	TENT2
XP_042187856.1	XP_047272800.1	0	N/A	25.604	207	30	6.38e-09	61.2	poly(A) RNA polymerase GLD2 isoform X1 [Homo sapiens]	TRUE	TENT2
XP_042187856.1	XP_011541527.1	0	N/A	25.604	207	30	6.38e-09	61.2	poly(A) RNA polymerase GLD2 isoform X1 [Homo sapiens]	TRUE	TENT2
XP_042187856.1	XP_011541526.1	0	N/A	25.604	207	30	6.38e-09	61.2	poly(A) RNA polymerase GLD2 isoform X1 [Homo sapiens]	TRUE	TENT2
XP_042187856.1	XP_011541523.1	0	N/A	25.604	207	30	6.38e-09	61.2	poly(A) RNA polymerase GLD2 isoform X1 [Homo sapiens]	TRUE	TENT2
XP_042187856.1	XP_011541522.1	0	N/A	25.604	207	30	6.38e-09	61.2	poly(A) RNA polymerase GLD2 isoform X1 [Homo sapiens]	TRUE	TENT2
XP_042187856.1	NP_001375023.1	0	N/A	25.604	207	30	6.38e-09	61.2	poly(A) RNA polymerase GLD2 isoform 5 [Homo sapiens]	TRUE	TENT2
XP_042187856.1	NP_001375022.1	0	N/A	25.604	207	30	6.38e-09	61.2	poly(A) RNA polymerase GLD2 isoform 5 [Homo sapiens]	TRUE	TENT2
XP_042187856.1	NP_001336479.1	0	N/A	25.604	207	30	6.38e-09	61.2	poly(A) RNA polymerase GLD2 isoform 5 [Homo sapiens]	TRUE	TENT2
XP_042187856.1	NP_001336478.1	0	N/A	25.604	207	30	6.38e-09	61.2	poly(A) RNA polymerase GLD2 isoform 5 [Homo sapiens]	TRUE	TENT2
XP_042187856.1	NP_001375029.1	0	N/A	22.924	301	44	6.72e-09	61.2	poly(A) RNA polymerase GLD2 isoform 8 [Homo sapiens]	TRUE	TENT2
XP_042187856.1	NP_001375028.1	0	N/A	22.924	301	44	6.72e-09	61.2	poly(A) RNA polymerase GLD2 isoform 8 [Homo sapiens]	TRUE	TENT2
XP_042187856.1	NP_001375030.1	0	N/A	25.604	207	30	7.15e-09	60.8	poly(A) RNA polymerase GLD2 isoform 9 [Homo sapiens]	TRUE	TENT2
XP_042187856.1	XP_005252265.1	0	N/A	25	184	31	1.17e-08	60.8	terminal uridylyltransferase 7 isoform X7 [Homo sapiens]	TRUE	Tut7
XP_042187856.1	XP_011517316.1	0	N/A	25	184	31	1.24e-08	60.8	terminal uridylyltransferase 7 isoform X1 [Homo sapiens]	TRUE	Tut7
XP_042187856.1	XP_011517315.1	0	N/A	25	184	31	1.24e-08	60.8	terminal uridylyltransferase 7 isoform X1 [Homo sapiens]	TRUE	Tut7
XP_042187856.1	XP_011517314.1	0	N/A	25	184	31	1.24e-08	60.8	terminal uridylyltransferase 7 isoform X1 [Homo sapiens]	TRUE	Tut7
XP_042187856.1	XP_011517313.1	0	N/A	25	184	31	1.24e-08	60.8	terminal uridylyltransferase 7 isoform X1 [Homo sapiens]	TRUE	Tut7
XP_042187856.1	XP_011517317.1	0	N/A	25	184	31	1.37e-08	60.8	terminal uridylyltransferase 7 isoform X3 [Homo sapiens]	TRUE	Tut7
XP_042187856.1	XP_047279823.1	0	N/A	25	184	31	1.4e-08	60.8	terminal uridylyltransferase 7 isoform X2 [Homo sapiens]	TRUE	Tut7
XP_042187856.1	XP_006717346.1	0	N/A	25	184	31	1.4e-08	60.8	terminal uridylyltransferase 7 isoform X2 [Homo sapiens]	TRUE	Tut7
XP_042187856.1	XP_011517318.1	0	N/A	25	184	31	1.42e-08	60.8	terminal uridylyltransferase 7 isoform X5 [Homo sapiens]	TRUE	Tut7
XP_042187856.1	XP_016870620.1	0	N/A	25	184	31	1.44e-08	60.5	terminal uridylyltransferase 7 isoform X4 [Homo sapiens]	TRUE	Tut7
XP_042187856.1	XP_016870619.1	0	N/A	25	184	31	1.44e-08	60.5	terminal uridylyltransferase 7 isoform X4 [Homo sapiens]	TRUE	Tut7
XP_042187856.1	NP_078893.2	0	N/A	25	184	31	1.44e-08	60.5	terminal uridylyltransferase 7 isoform 1 [Homo sapiens]	TRUE	Tut7
XP_042187856.1	NP_001171988.1	0	N/A	25	184	31	1.44e-08	60.5	terminal uridylyltransferase 7 isoform 1 [Homo sapiens]	TRUE	Tut7
XP_042188530.1	NP_060579.3	0	N/A	60.728	522	90	0	647	poly(A) RNA polymerase, mitochondrial precursor [Homo sapiens]	TRUE	mtPAP
XP_042188530.1	NP_073741.3	0	N/A	31.298	262	43	9.69e-42	163	speckle targeted PIP5K1A-regulated poly(A) polymerase isoform 1 [Homo sapiens]	TRUE	Tut1
XP_042188530.1	XP_047272285.1	0	N/A	26.923	312	53	2.35e-22	104	terminal uridylyltransferase 4 isoform X7 [Homo sapiens]	TRUE	Tut4
XP_042188530.1	XP_047272280.1	0	N/A	26.923	312	53	2.38e-22	104	terminal uridylyltransferase 4 isoform X3 [Homo sapiens]	TRUE	Tut4
XP_042188530.1	XP_005270736.1	0	N/A	26.923	312	53	2.38e-22	104	terminal uridylyltransferase 4 isoform X3 [Homo sapiens]	TRUE	Tut4
XP_042188530.1	XP_016856295.1	0	N/A	26.923	312	53	2.41e-22	104	terminal uridylyltransferase 4 isoform X25 [Homo sapiens]	TRUE	Tut4
XP_042188530.1	XP_016856292.1	0	N/A	26.923	312	53	2.45e-22	104	terminal uridylyltransferase 4 isoform X9 [Homo sapiens]	TRUE	Tut4
XP_042188530.1	XP_047272325.1	0	N/A	26.923	312	53	2.47e-22	104	terminal uridylyltransferase 4 isoform X23 [Homo sapiens]	TRUE	Tut4
XP_042188530.1	XP_011539399.1	0	N/A	26.923	312	53	2.55e-22	104	terminal uridylyltransferase 4 isoform X1 [Homo sapiens]	TRUE	Tut4
XP_042188530.1	XP_005270733.1	0	N/A	26.923	312	53	2.55e-22	104	terminal uridylyltransferase 4 isoform X1 [Homo sapiens]	TRUE	Tut4
XP_042188530.1	XP_047272345.1	0	N/A	26.923	312	53	2.57e-22	104	terminal uridylyltransferase 4 isoform X31 [Homo sapiens]	TRUE	Tut4
XP_042188530.1	XP_005270735.1	0	N/A	26.923	312	53	2.6e-22	104	terminal uridylyltransferase 4 isoform X2 [Homo sapiens]	TRUE	Tut4
XP_042188530.1	XP_016856293.1	0	N/A	26.923	312	53	2.6e-22	104	terminal uridylyltransferase 4 isoform X16 [Homo sapiens]	TRUE	Tut4
XP_042188530.1	XP_016856297.1	0	N/A	26.923	312	53	2.77e-22	104	terminal uridylyltransferase 4 isoform X36 [Homo sapiens]	TRUE	Tut4
XP_042188530.1	XP_005270739.1	0	N/A	26.923	312	53	2.8e-22	104	terminal uridylyltransferase 4 isoform X33 [Homo sapiens]	TRUE	Tut4
XP_042188530.1	XP_047272283.1	0	N/A	26.923	312	53	2.83e-22	104	terminal uridylyltransferase 4 isoform X6 [Homo sapiens]	TRUE	Tut4
XP_042188530.1	XP_005270737.1	0	N/A	26.923	312	53	2.83e-22	104	terminal uridylyltransferase 4 isoform X6 [Homo sapiens]	TRUE	Tut4
XP_042188530.1	XP_016856299.1	0	N/A	26.923	312	53	2.84e-22	104	terminal uridylyltransferase 4 isoform X40 [Homo sapiens]	TRUE	Tut4
XP_042188530.1	XP_047272282.1	0	N/A	26.923	312	53	2.86e-22	104	terminal uridylyltransferase 4 isoform X5 [Homo sapiens]	TRUE	Tut4
XP_042188530.1	NP_056084.1	0	N/A	26.923	312	53	2.86e-22	104	terminal uridylyltransferase 4 isoform b [Homo sapiens]	TRUE	Tut4
XP_042188530.1	XP_047272365.1	0	N/A	26.923	312	53	2.92e-22	104	terminal uridylyltransferase 4 isoform X38 [Homo sapiens]	TRUE	Tut4
XP_042188530.1	XP_011539401.1	0	N/A	26.923	312	53	2.93e-22	104	terminal uridylyltransferase 4 isoform X29 [Homo sapiens]	TRUE	Tut4
XP_042188530.1	XP_047272337.1	0	N/A	26.923	312	53	2.95e-22	104	terminal uridylyltransferase 4 isoform X27 [Homo sapiens]	TRUE	Tut4
XP_042188530.1	XP_047272288.1	0	N/A	26.923	312	53	2.95e-22	104	terminal uridylyltransferase 4 isoform X10 [Homo sapiens]	TRUE	Tut4
XP_042188530.1	XP_047272281.1	0	N/A	26.923	312	53	3.07e-22	104	terminal uridylyltransferase 4 isoform X4 [Homo sapiens]	TRUE	Tut4
XP_042188530.1	NP_001009881.1	0	N/A	26.923	312	53	3.07e-22	104	terminal uridylyltransferase 4 isoform a [Homo sapiens]	TRUE	Tut4
XP_042188530.1	XP_016856296.1	0	N/A	26.923	312	53	3.27e-22	104	terminal uridylyltransferase 4 isoform X28 [Homo sapiens]	TRUE	Tut4
XP_042188530.1	XP_047272384.1	0	N/A	26.923	312	53	6.3e-22	103	terminal uridylyltransferase 4 isoform X46 [Homo sapiens]	TRUE	Tut4
XP_042188530.1	XP_047272290.1	0	N/A	27.305	282	47	1.51e-21	102	terminal uridylyltransferase 4 isoform X11 [Homo sapiens]	TRUE	Tut4
XP_042188530.1	XP_047272286.1	0	N/A	27.305	282	47	1.51e-21	102	terminal uridylyltransferase 4 isoform X8 [Homo sapiens]	TRUE	Tut4
XP_042188530.1	XP_047272372.1	0	N/A	27.305	282	47	1.77e-21	102	terminal uridylyltransferase 4 isoform X42 [Homo sapiens]	TRUE	Tut4
XP_042188530.1	XP_047272296.1	0	N/A	27.305	282	47	1.8e-21	102	terminal uridylyltransferase 4 isoform X13 [Homo sapiens]	TRUE	Tut4
XP_042188530.1	XP_047272295.1	0	N/A	27.305	282	47	1.8e-21	102	terminal uridylyltransferase 4 isoform X12 [Homo sapiens]	TRUE	Tut4
XP_042188530.1	XP_047272305.1	0	N/A	27.305	282	47	1.81e-21	102	terminal uridylyltransferase 4 isoform X17 [Homo sapiens]	TRUE	Tut4
XP_042188530.1	XP_047272344.1	0	N/A	27.305	282	47	1.82e-21	102	terminal uridylyltransferase 4 isoform X30 [Homo sapiens]	TRUE	Tut4
XP_042188530.1	XP_047272350.1	0	N/A	27.305	282	47	1.87e-21	102	terminal uridylyltransferase 4 isoform X34 [Homo sapiens]	TRUE	Tut4
XP_042188530.1	NP_001317647.1	0	N/A	27.2	250	42	2.25e-19	94.7	terminal uridylyltransferase 7 isoform 3 [Homo sapiens]	TRUE	Tut7
XP_042188530.1	XP_005252265.1	0	N/A	26.316	247	42	2.81e-19	95.1	terminal uridylyltransferase 7 isoform X7 [Homo sapiens]	TRUE	Tut7
XP_042188530.1	XP_011517318.1	0	N/A	27.2	250	42	2.96e-19	95.1	terminal uridylyltransferase 7 isoform X5 [Homo sapiens]	TRUE	Tut7
XP_042188530.1	XP_011517317.1	0	N/A	27.2	250	42	3.01e-19	95.1	terminal uridylyltransferase 7 isoform X3 [Homo sapiens]	TRUE	Tut7
XP_042188530.1	XP_016870620.1	0	N/A	26.316	247	42	3.07e-19	94.7	terminal uridylyltransferase 7 isoform X4 [Homo sapiens]	TRUE	Tut7
XP_042188530.1	XP_016870619.1	0	N/A	26.316	247	42	3.07e-19	94.7	terminal uridylyltransferase 7 isoform X4 [Homo sapiens]	TRUE	Tut7
XP_042188530.1	NP_078893.2	0	N/A	26.316	247	42	3.07e-19	94.7	terminal uridylyltransferase 7 isoform 1 [Homo sapiens]	TRUE	Tut7
XP_042188530.1	NP_001171988.1	0	N/A	26.316	247	42	3.07e-19	94.7	terminal uridylyltransferase 7 isoform 1 [Homo sapiens]	TRUE	Tut7
XP_042188530.1	XP_011517316.1	0	N/A	27.2	250	42	3.39e-19	94.7	terminal uridylyltransferase 7 isoform X1 [Homo sapiens]	TRUE	Tut7
XP_042188530.1	XP_011517315.1	0	N/A	27.2	250	42	3.39e-19	94.7	terminal uridylyltransferase 7 isoform X1 [Homo sapiens]	TRUE	Tut7
XP_042188530.1	XP_011517314.1	0	N/A	27.2	250	42	3.39e-19	94.7	terminal uridylyltransferase 7 isoform X1 [Homo sapiens]	TRUE	Tut7
XP_042188530.1	XP_011517313.1	0	N/A	27.2	250	42	3.39e-19	94.7	terminal uridylyltransferase 7 isoform X1 [Homo sapiens]	TRUE	Tut7
XP_042188530.1	XP_047279823.1	0	N/A	26.316	247	42	3.44e-19	94.7	terminal uridylyltransferase 7 isoform X2 [Homo sapiens]	TRUE	Tut7
XP_042188530.1	XP_006717346.1	0	N/A	26.316	247	42	3.44e-19	94.7	terminal uridylyltransferase 7 isoform X2 [Homo sapiens]	TRUE	Tut7
XP_042188530.1	XP_047279825.1	0	N/A	27.2	250	42	3.45e-19	94.7	terminal uridylyltransferase 7 isoform X6 [Homo sapiens]	TRUE	Tut7
XP_042188530.1	XP_047279824.1	0	N/A	27.2	250	42	3.45e-19	94.7	terminal uridylyltransferase 7 isoform X6 [Homo sapiens]	TRUE	Tut7
XP_042188530.1	XP_005252264.1	0	N/A	27.2	250	42	3.45e-19	94.7	terminal uridylyltransferase 7 isoform X6 [Homo sapiens]	TRUE	Tut7
XP_042188530.1	NP_001375065.1	0	N/A	24.83	294	50	1.66e-17	87	poly(A) RNA polymerase GLD2 isoform 14 [Homo sapiens]	TRUE	TENT2
XP_042188530.1	NP_001375060.1	0	N/A	25.85	294	50	3.2e-17	87	poly(A) RNA polymerase GLD2 isoform 11 [Homo sapiens]	TRUE	TENT2
XP_042188530.1	NP_001375042.1	0	N/A	25.85	294	50	3.21e-17	87	poly(A) RNA polymerase GLD2 isoform 16 [Homo sapiens]	TRUE	TENT2
XP_042188530.1	XP_047272808.1	0	N/A	25.85	294	50	3.34e-17	87	poly(A) RNA polymerase GLD2 isoform X3 [Homo sapiens]	TRUE	TENT2
XP_042188530.1	XP_047272807.1	0	N/A	25.85	294	50	3.34e-17	87	poly(A) RNA polymerase GLD2 isoform X3 [Homo sapiens]	TRUE	TENT2
XP_042188530.1	XP_047272806.1	0	N/A	25.85	294	50	3.34e-17	87	poly(A) RNA polymerase GLD2 isoform X3 [Homo sapiens]	TRUE	TENT2
XP_042188530.1	NP_776158.2	0	N/A	25.85	294	50	3.34e-17	87	poly(A) RNA polymerase GLD2 isoform 1 [Homo sapiens]	TRUE	TENT2
XP_042188530.1	NP_001375041.1	0	N/A	25.85	294	50	3.34e-17	87	poly(A) RNA polymerase GLD2 isoform 1 [Homo sapiens]	TRUE	TENT2
XP_042188530.1	NP_001375040.1	0	N/A	25.85	294	50	3.34e-17	87	poly(A) RNA polymerase GLD2 isoform 1 [Homo sapiens]	TRUE	TENT2
XP_042188530.1	NP_001375039.1	0	N/A	25.85	294	50	3.34e-17	87	poly(A) RNA polymerase GLD2 isoform 1 [Homo sapiens]	TRUE	TENT2
XP_042188530.1	NP_001375038.1	0	N/A	25.85	294	50	3.34e-17	87	poly(A) RNA polymerase GLD2 isoform 1 [Homo sapiens]	TRUE	TENT2
XP_042188530.1	NP_001375037.1	0	N/A	25.85	294	50	3.34e-17	87	poly(A) RNA polymerase GLD2 isoform 1 [Homo sapiens]	TRUE	TENT2
XP_042188530.1	NP_001375036.1	0	N/A	25.85	294	50	3.34e-17	87	poly(A) RNA polymerase GLD2 isoform 1 [Homo sapiens]	TRUE	TENT2
XP_042188530.1	NP_001375035.1	0	N/A	25.85	294	50	3.34e-17	87	poly(A) RNA polymerase GLD2 isoform 1 [Homo sapiens]	TRUE	TENT2
XP_042188530.1	NP_001375034.1	0	N/A	25.85	294	50	3.34e-17	87	poly(A) RNA polymerase GLD2 isoform 1 [Homo sapiens]	TRUE	TENT2
XP_042188530.1	NP_001375032.1	0	N/A	25.85	294	50	3.34e-17	87	poly(A) RNA polymerase GLD2 isoform 1 [Homo sapiens]	TRUE	TENT2
XP_042188530.1	NP_001375031.1	0	N/A	25.85	294	50	3.34e-17	87	poly(A) RNA polymerase GLD2 isoform 1 [Homo sapiens]	TRUE	TENT2
XP_042188530.1	NP_001336482.1	0	N/A	25.85	294	50	3.34e-17	87	poly(A) RNA polymerase GLD2 isoform 1 [Homo sapiens]	TRUE	TENT2
XP_042188530.1	NP_001336481.1	0	N/A	25.85	294	50	3.34e-17	87	poly(A) RNA polymerase GLD2 isoform 1 [Homo sapiens]	TRUE	TENT2
XP_042188530.1	NP_001107866.1	0	N/A	25.85	294	50	3.34e-17	87	poly(A) RNA polymerase GLD2 isoform 1 [Homo sapiens]	TRUE	TENT2
XP_042188530.1	NP_001107865.1	0	N/A	25.85	294	50	3.34e-17	87	poly(A) RNA polymerase GLD2 isoform 1 [Homo sapiens]	TRUE	TENT2
XP_042188530.1	NP_001375059.1	0	N/A	24.83	294	50	3.63e-17	87	poly(A) RNA polymerase GLD2 isoform 10 [Homo sapiens]	TRUE	TENT2
XP_042188530.1	NP_001375061.1	0	N/A	24.83	294	50	3.64e-17	86.7	poly(A) RNA polymerase GLD2 isoform 12 [Homo sapiens]	TRUE	TENT2
XP_042188530.1	XP_047272811.1	0	N/A	24.83	294	50	3.65e-17	87	poly(A) RNA polymerase GLD2 isoform X4 [Homo sapiens]	TRUE	TENT2
XP_042188530.1	XP_047272810.1	0	N/A	24.83	294	50	3.65e-17	87	poly(A) RNA polymerase GLD2 isoform X4 [Homo sapiens]	TRUE	TENT2
XP_042188530.1	XP_047272809.1	0	N/A	24.83	294	50	3.65e-17	87	poly(A) RNA polymerase GLD2 isoform X4 [Homo sapiens]	TRUE	TENT2
XP_042188530.1	NP_001375058.1	0	N/A	24.83	294	50	3.65e-17	87	poly(A) RNA polymerase GLD2 isoform 2 [Homo sapiens]	TRUE	TENT2
XP_042188530.1	NP_001375057.1	0	N/A	24.83	294	50	3.65e-17	87	poly(A) RNA polymerase GLD2 isoform 2 [Homo sapiens]	TRUE	TENT2
XP_042188530.1	NP_001375056.1	0	N/A	24.83	294	50	3.65e-17	87	poly(A) RNA polymerase GLD2 isoform 2 [Homo sapiens]	TRUE	TENT2
XP_042188530.1	NP_001375055.1	0	N/A	24.83	294	50	3.65e-17	87	poly(A) RNA polymerase GLD2 isoform 2 [Homo sapiens]	TRUE	TENT2
XP_042188530.1	NP_001375054.1	0	N/A	24.83	294	50	3.65e-17	87	poly(A) RNA polymerase GLD2 isoform 2 [Homo sapiens]	TRUE	TENT2
XP_042188530.1	NP_001375053.1	0	N/A	24.83	294	50	3.65e-17	87	poly(A) RNA polymerase GLD2 isoform 2 [Homo sapiens]	TRUE	TENT2
XP_042188530.1	NP_001375052.1	0	N/A	24.83	294	50	3.65e-17	87	poly(A) RNA polymerase GLD2 isoform 2 [Homo sapiens]	TRUE	TENT2
XP_042188530.1	NP_001375051.1	0	N/A	24.83	294	50	3.65e-17	87	poly(A) RNA polymerase GLD2 isoform 2 [Homo sapiens]	TRUE	TENT2
XP_042188530.1	NP_001375050.1	0	N/A	24.83	294	50	3.65e-17	87	poly(A) RNA polymerase GLD2 isoform 2 [Homo sapiens]	TRUE	TENT2
XP_042188530.1	NP_001375049.1	0	N/A	24.83	294	50	3.65e-17	87	poly(A) RNA polymerase GLD2 isoform 2 [Homo sapiens]	TRUE	TENT2
XP_042188530.1	NP_001375048.1	0	N/A	24.83	294	50	3.65e-17	87	poly(A) RNA polymerase GLD2 isoform 2 [Homo sapiens]	TRUE	TENT2
XP_042188530.1	NP_001375047.1	0	N/A	24.83	294	50	3.65e-17	87	poly(A) RNA polymerase GLD2 isoform 2 [Homo sapiens]	TRUE	TENT2
XP_042188530.1	NP_001375046.1	0	N/A	24.83	294	50	3.65e-17	87	poly(A) RNA polymerase GLD2 isoform 2 [Homo sapiens]	TRUE	TENT2
XP_042188530.1	NP_001375045.1	0	N/A	24.83	294	50	3.65e-17	87	poly(A) RNA polymerase GLD2 isoform 2 [Homo sapiens]	TRUE	TENT2
XP_042188530.1	NP_001375044.1	0	N/A	24.83	294	50	3.65e-17	87	poly(A) RNA polymerase GLD2 isoform 2 [Homo sapiens]	TRUE	TENT2
XP_042188530.1	NP_001375043.1	0	N/A	24.83	294	50	3.65e-17	87	poly(A) RNA polymerase GLD2 isoform 2 [Homo sapiens]	TRUE	TENT2
XP_042188530.1	NP_001336483.1	0	N/A	24.83	294	50	3.65e-17	87	poly(A) RNA polymerase GLD2 isoform 2 [Homo sapiens]	TRUE	TENT2
XP_042188530.1	NP_001284673.1	0	N/A	24.83	294	50	3.65e-17	87	poly(A) RNA polymerase GLD2 isoform 2 [Homo sapiens]	TRUE	TENT2
XP_042188530.1	NP_001375027.1	0	N/A	24.415	299	50	7.34e-17	86.3	poly(A) RNA polymerase GLD2 isoform 7 [Homo sapiens]	TRUE	TENT2
XP_042188530.1	XP_047272805.1	0	N/A	24.415	299	50	7.37e-17	86.3	poly(A) RNA polymerase GLD2 isoform X2 [Homo sapiens]	TRUE	TENT2
XP_042188530.1	XP_047272804.1	0	N/A	24.415	299	50	7.37e-17	86.3	poly(A) RNA polymerase GLD2 isoform X2 [Homo sapiens]	TRUE	TENT2
XP_042188647.1	XP_011521577.1	0	N/A	64.643	560	85	0	647	terminal nucleotidyltransferase 4B isoform X1 [Homo sapiens]	TRUE	TENT4B
XP_042188647.1	NP_001035374.2	0	N/A	64.643	560	85	0	647	terminal nucleotidyltransferase 4B isoform a [Homo sapiens]	TRUE	TENT4B
XP_042188647.1	NP_001352252.1	0	N/A	64.643	560	85	0	646	terminal nucleotidyltransferase 4B isoform c [Homo sapiens]	TRUE	TENT4B
XP_042188647.1	NP_001352253.1	0	N/A	64.643	560	85	0	644	terminal nucleotidyltransferase 4B isoform d [Homo sapiens]	TRUE	TENT4B
XP_042188647.1	XP_011521580.1	0	N/A	66.467	501	78	0	602	terminal nucleotidyltransferase 4B isoform X5 [Homo sapiens]	TRUE	TENT4B
XP_042188647.1	XP_011521578.1	0	N/A	58.802	551	85	0	583	terminal nucleotidyltransferase 4B isoform X2 [Homo sapiens]	TRUE	TENT4B
XP_042188647.1	NP_001035375.2	0	N/A	58.802	551	85	0	583	terminal nucleotidyltransferase 4B isoform b [Homo sapiens]	TRUE	TENT4B
XP_042188647.1	XP_047290431.1	0	N/A	58.802	551	85	0	583	terminal nucleotidyltransferase 4B isoform X3 [Homo sapiens]	TRUE	TENT4B
XP_042188647.1	XP_047290432.1	0	N/A	58.802	551	85	0	582	terminal nucleotidyltransferase 4B isoform X4 [Homo sapiens]	TRUE	TENT4B
XP_042188647.1	XP_047290433.1	0	N/A	59.959	492	78	0	539	terminal nucleotidyltransferase 4B isoform X6 [Homo sapiens]	TRUE	TENT4B
XP_042188647.1	NP_001165276.2	0	N/A	66.485	367	56	1.04e-171	510	terminal nucleotidyltransferase 4A isoform 2 [Homo sapiens]	TRUE	TENT4A
XP_042188647.1	NP_008930.2	0	N/A	66.485	367	56	1.09e-171	510	terminal nucleotidyltransferase 4A isoform 1 [Homo sapiens]	TRUE	TENT4A
XP_042188647.1	XP_047272622.1	0	N/A	70.861	302	48	2.09e-153	455	terminal nucleotidyltransferase 4A isoform X1 [Homo sapiens]	TRUE	TENT4A
XP_042188647.1	XP_047272621.1	0	N/A	70.861	302	48	2.09e-153	455	terminal nucleotidyltransferase 4A isoform X1 [Homo sapiens]	TRUE	TENT4A
XP_042188647.1	XP_047272620.1	0	N/A	70.861	302	48	2.09e-153	455	terminal nucleotidyltransferase 4A isoform X1 [Homo sapiens]	TRUE	TENT4A
XP_042188647.1	XP_047272624.1	0	N/A	71.331	293	47	1.56e-150	447	terminal nucleotidyltransferase 4A isoform X3 [Homo sapiens]	TRUE	TENT4A
XP_042188647.1	XP_047272623.1	0	N/A	71.331	293	47	1.6e-150	447	terminal nucleotidyltransferase 4A isoform X2 [Homo sapiens]	TRUE	TENT4A
XP_042188647.1	XP_016864477.1	0	N/A	71.331	293	47	1.6e-150	447	terminal nucleotidyltransferase 4A isoform X2 [Homo sapiens]	TRUE	TENT4A
XP_042188647.1	XP_047272808.1	0	N/A	22.436	312	43	1.29e-11	69.7	poly(A) RNA polymerase GLD2 isoform X3 [Homo sapiens]	TRUE	TENT2
XP_042188647.1	XP_047272807.1	0	N/A	22.436	312	43	1.29e-11	69.7	poly(A) RNA polymerase GLD2 isoform X3 [Homo sapiens]	TRUE	TENT2
XP_042188647.1	XP_047272806.1	0	N/A	22.436	312	43	1.29e-11	69.7	poly(A) RNA polymerase GLD2 isoform X3 [Homo sapiens]	TRUE	TENT2
XP_042188647.1	NP_776158.2	0	N/A	22.436	312	43	1.29e-11	69.7	poly(A) RNA polymerase GLD2 isoform 1 [Homo sapiens]	TRUE	TENT2
XP_042188647.1	NP_001375041.1	0	N/A	22.436	312	43	1.29e-11	69.7	poly(A) RNA polymerase GLD2 isoform 1 [Homo sapiens]	TRUE	TENT2
XP_042188647.1	NP_001375040.1	0	N/A	22.436	312	43	1.29e-11	69.7	poly(A) RNA polymerase GLD2 isoform 1 [Homo sapiens]	TRUE	TENT2
XP_042188647.1	NP_001375039.1	0	N/A	22.436	312	43	1.29e-11	69.7	poly(A) RNA polymerase GLD2 isoform 1 [Homo sapiens]	TRUE	TENT2
XP_042188647.1	NP_001375038.1	0	N/A	22.436	312	43	1.29e-11	69.7	poly(A) RNA polymerase GLD2 isoform 1 [Homo sapiens]	TRUE	TENT2
XP_042188647.1	NP_001375037.1	0	N/A	22.436	312	43	1.29e-11	69.7	poly(A) RNA polymerase GLD2 isoform 1 [Homo sapiens]	TRUE	TENT2
XP_042188647.1	NP_001375036.1	0	N/A	22.436	312	43	1.29e-11	69.7	poly(A) RNA polymerase GLD2 isoform 1 [Homo sapiens]	TRUE	TENT2
XP_042188647.1	NP_001375035.1	0	N/A	22.436	312	43	1.29e-11	69.7	poly(A) RNA polymerase GLD2 isoform 1 [Homo sapiens]	TRUE	TENT2
XP_042188647.1	NP_001375034.1	0	N/A	22.436	312	43	1.29e-11	69.7	poly(A) RNA polymerase GLD2 isoform 1 [Homo sapiens]	TRUE	TENT2
XP_042188647.1	NP_001375032.1	0	N/A	22.436	312	43	1.29e-11	69.7	poly(A) RNA polymerase GLD2 isoform 1 [Homo sapiens]	TRUE	TENT2
XP_042188647.1	NP_001375031.1	0	N/A	22.436	312	43	1.29e-11	69.7	poly(A) RNA polymerase GLD2 isoform 1 [Homo sapiens]	TRUE	TENT2
XP_042188647.1	NP_001336482.1	0	N/A	22.436	312	43	1.29e-11	69.7	poly(A) RNA polymerase GLD2 isoform 1 [Homo sapiens]	TRUE	TENT2
XP_042188647.1	NP_001336481.1	0	N/A	22.436	312	43	1.29e-11	69.7	poly(A) RNA polymerase GLD2 isoform 1 [Homo sapiens]	TRUE	TENT2
XP_042188647.1	NP_001107866.1	0	N/A	22.436	312	43	1.29e-11	69.7	poly(A) RNA polymerase GLD2 isoform 1 [Homo sapiens]	TRUE	TENT2
XP_042188647.1	NP_001107865.1	0	N/A	22.436	312	43	1.29e-11	69.7	poly(A) RNA polymerase GLD2 isoform 1 [Homo sapiens]	TRUE	TENT2
XP_042188647.1	NP_001375042.1	0	N/A	22.436	312	43	1.31e-11	69.7	poly(A) RNA polymerase GLD2 isoform 16 [Homo sapiens]	TRUE	TENT2
XP_042188647.1	NP_001375060.1	0	N/A	22.436	312	43	1.92e-11	69.3	poly(A) RNA polymerase GLD2 isoform 11 [Homo sapiens]	TRUE	TENT2
XP_042188647.1	NP_001317647.1	0	N/A	28.804	184	28	2.03e-11	69.7	terminal uridylyltransferase 7 isoform 3 [Homo sapiens]	TRUE	Tut7
XP_042188647.1	XP_047279823.1	0	N/A	28.804	184	28	2.8e-11	69.7	terminal uridylyltransferase 7 isoform X2 [Homo sapiens]	TRUE	Tut7
XP_042188647.1	XP_006717346.1	0	N/A	28.804	184	28	2.8e-11	69.7	terminal uridylyltransferase 7 isoform X2 [Homo sapiens]	TRUE	Tut7
XP_042188647.1	XP_011517318.1	0	N/A	28.804	184	28	3.08e-11	69.3	terminal uridylyltransferase 7 isoform X5 [Homo sapiens]	TRUE	Tut7
XP_042188647.1	XP_011517317.1	0	N/A	28.804	184	28	3.1e-11	69.3	terminal uridylyltransferase 7 isoform X3 [Homo sapiens]	TRUE	Tut7
XP_042188647.1	XP_016870620.1	0	N/A	28.804	184	28	3.19e-11	69.3	terminal uridylyltransferase 7 isoform X4 [Homo sapiens]	TRUE	Tut7
XP_042188647.1	XP_016870619.1	0	N/A	28.804	184	28	3.19e-11	69.3	terminal uridylyltransferase 7 isoform X4 [Homo sapiens]	TRUE	Tut7
XP_042188647.1	NP_078893.2	0	N/A	28.804	184	28	3.19e-11	69.3	terminal uridylyltransferase 7 isoform 1 [Homo sapiens]	TRUE	Tut7
XP_042188647.1	NP_001171988.1	0	N/A	28.804	184	28	3.19e-11	69.3	terminal uridylyltransferase 7 isoform 1 [Homo sapiens]	TRUE	Tut7
XP_042188647.1	XP_047279825.1	0	N/A	28.804	184	28	3.27e-11	69.3	terminal uridylyltransferase 7 isoform X6 [Homo sapiens]	TRUE	Tut7
XP_042188647.1	XP_047279824.1	0	N/A	28.804	184	28	3.27e-11	69.3	terminal uridylyltransferase 7 isoform X6 [Homo sapiens]	TRUE	Tut7
XP_042188647.1	XP_005252264.1	0	N/A	28.804	184	28	3.27e-11	69.3	terminal uridylyltransferase 7 isoform X6 [Homo sapiens]	TRUE	Tut7
XP_042188647.1	XP_005252265.1	0	N/A	28.804	184	28	4.12e-11	68.9	terminal uridylyltransferase 7 isoform X7 [Homo sapiens]	TRUE	Tut7
XP_042188647.1	XP_011517316.1	0	N/A	28.804	184	28	4.23e-11	68.9	terminal uridylyltransferase 7 isoform X1 [Homo sapiens]	TRUE	Tut7
XP_042188647.1	XP_011517315.1	0	N/A	28.804	184	28	4.23e-11	68.9	terminal uridylyltransferase 7 isoform X1 [Homo sapiens]	TRUE	Tut7
XP_042188647.1	XP_011517314.1	0	N/A	28.804	184	28	4.23e-11	68.9	terminal uridylyltransferase 7 isoform X1 [Homo sapiens]	TRUE	Tut7
XP_042188647.1	XP_011517313.1	0	N/A	28.804	184	28	4.23e-11	68.9	terminal uridylyltransferase 7 isoform X1 [Homo sapiens]	TRUE	Tut7
XP_042188647.1	NP_001336477.1	0	N/A	25.98	204	28	4.9e-11	66.2	poly(A) RNA polymerase GLD2 isoform 4 [Homo sapiens]	TRUE	TENT2
XP_042188647.1	XP_047272820.1	0	N/A	25.98	204	28	5.16e-11	65.9	poly(A) RNA polymerase GLD2 isoform X11 [Homo sapiens]	TRUE	TENT2
XP_042188647.1	XP_047272811.1	0	N/A	22.436	312	43	7.01e-11	67.4	poly(A) RNA polymerase GLD2 isoform X4 [Homo sapiens]	TRUE	TENT2
XP_042188647.1	XP_047272810.1	0	N/A	22.436	312	43	7.01e-11	67.4	poly(A) RNA polymerase GLD2 isoform X4 [Homo sapiens]	TRUE	TENT2
XP_042188647.1	XP_047272809.1	0	N/A	22.436	312	43	7.01e-11	67.4	poly(A) RNA polymerase GLD2 isoform X4 [Homo sapiens]	TRUE	TENT2
XP_042188647.1	NP_001375058.1	0	N/A	22.436	312	43	7.01e-11	67.4	poly(A) RNA polymerase GLD2 isoform 2 [Homo sapiens]	TRUE	TENT2
XP_042188647.1	NP_001375057.1	0	N/A	22.436	312	43	7.01e-11	67.4	poly(A) RNA polymerase GLD2 isoform 2 [Homo sapiens]	TRUE	TENT2
XP_042188647.1	NP_001375056.1	0	N/A	22.436	312	43	7.01e-11	67.4	poly(A) RNA polymerase GLD2 isoform 2 [Homo sapiens]	TRUE	TENT2
XP_042188647.1	NP_001375055.1	0	N/A	22.436	312	43	7.01e-11	67.4	poly(A) RNA polymerase GLD2 isoform 2 [Homo sapiens]	TRUE	TENT2
XP_042188647.1	NP_001375054.1	0	N/A	22.436	312	43	7.01e-11	67.4	poly(A) RNA polymerase GLD2 isoform 2 [Homo sapiens]	TRUE	TENT2
XP_042188647.1	NP_001375053.1	0	N/A	22.436	312	43	7.01e-11	67.4	poly(A) RNA polymerase GLD2 isoform 2 [Homo sapiens]	TRUE	TENT2
XP_042188647.1	NP_001375052.1	0	N/A	22.436	312	43	7.01e-11	67.4	poly(A) RNA polymerase GLD2 isoform 2 [Homo sapiens]	TRUE	TENT2
XP_042188647.1	NP_001375051.1	0	N/A	22.436	312	43	7.01e-11	67.4	poly(A) RNA polymerase GLD2 isoform 2 [Homo sapiens]	TRUE	TENT2
XP_042188647.1	NP_001375050.1	0	N/A	22.436	312	43	7.01e-11	67.4	poly(A) RNA polymerase GLD2 isoform 2 [Homo sapiens]	TRUE	TENT2
XP_042188647.1	NP_001375049.1	0	N/A	22.436	312	43	7.01e-11	67.4	poly(A) RNA polymerase GLD2 isoform 2 [Homo sapiens]	TRUE	TENT2
XP_042188647.1	NP_001375048.1	0	N/A	22.436	312	43	7.01e-11	67.4	poly(A) RNA polymerase GLD2 isoform 2 [Homo sapiens]	TRUE	TENT2
XP_042188647.1	NP_001375047.1	0	N/A	22.436	312	43	7.01e-11	67.4	poly(A) RNA polymerase GLD2 isoform 2 [Homo sapiens]	TRUE	TENT2
XP_042188647.1	NP_001375046.1	0	N/A	22.436	312	43	7.01e-11	67.4	poly(A) RNA polymerase GLD2 isoform 2 [Homo sapiens]	TRUE	TENT2
XP_042188647.1	NP_001375045.1	0	N/A	22.436	312	43	7.01e-11	67.4	poly(A) RNA polymerase GLD2 isoform 2 [Homo sapiens]	TRUE	TENT2
XP_042188647.1	NP_001375044.1	0	N/A	22.436	312	43	7.01e-11	67.4	poly(A) RNA polymerase GLD2 isoform 2 [Homo sapiens]	TRUE	TENT2
XP_042188647.1	NP_001375043.1	0	N/A	22.436	312	43	7.01e-11	67.4	poly(A) RNA polymerase GLD2 isoform 2 [Homo sapiens]	TRUE	TENT2
XP_042188647.1	NP_001336483.1	0	N/A	22.436	312	43	7.01e-11	67.4	poly(A) RNA polymerase GLD2 isoform 2 [Homo sapiens]	TRUE	TENT2
XP_042188647.1	NP_001284673.1	0	N/A	22.436	312	43	7.01e-11	67.4	poly(A) RNA polymerase GLD2 isoform 2 [Homo sapiens]	TRUE	TENT2
XP_042188647.1	NP_001375059.1	0	N/A	22.436	312	43	7.24e-11	67.4	poly(A) RNA polymerase GLD2 isoform 10 [Homo sapiens]	TRUE	TENT2
XP_042188647.1	NP_001375061.1	0	N/A	22.436	312	43	1.01e-10	67	poly(A) RNA polymerase GLD2 isoform 12 [Homo sapiens]	TRUE	TENT2
XP_042188647.1	NP_001375065.1	0	N/A	22.436	312	43	2.58e-10	65.1	poly(A) RNA polymerase GLD2 isoform 14 [Homo sapiens]	TRUE	TENT2
XP_042188647.1	NP_001375030.1	0	N/A	25.98	204	28	2.67e-10	65.9	poly(A) RNA polymerase GLD2 isoform 9 [Homo sapiens]	TRUE	TENT2
XP_042188647.1	NP_001375027.1	0	N/A	25.98	204	28	2.87e-10	65.5	poly(A) RNA polymerase GLD2 isoform 7 [Homo sapiens]	TRUE	TENT2
XP_042188647.1	NP_001375029.1	0	N/A	25.98	204	28	3.01e-10	65.5	poly(A) RNA polymerase GLD2 isoform 8 [Homo sapiens]	TRUE	TENT2
XP_042188647.1	NP_001375028.1	0	N/A	25.98	204	28	3.01e-10	65.5	poly(A) RNA polymerase GLD2 isoform 8 [Homo sapiens]	TRUE	TENT2
XP_042188647.1	XP_047272805.1	0	N/A	25.98	204	28	3.06e-10	65.5	poly(A) RNA polymerase GLD2 isoform X2 [Homo sapiens]	TRUE	TENT2
XP_042188647.1	XP_047272804.1	0	N/A	25.98	204	28	3.06e-10	65.5	poly(A) RNA polymerase GLD2 isoform X2 [Homo sapiens]	TRUE	TENT2
XP_042188647.1	XP_047272803.1	0	N/A	25.98	204	28	3.06e-10	65.5	poly(A) RNA polymerase GLD2 isoform X2 [Homo sapiens]	TRUE	TENT2
XP_042188647.1	XP_047272802.1	0	N/A	25.98	204	28	3.06e-10	65.5	poly(A) RNA polymerase GLD2 isoform X2 [Homo sapiens]	TRUE	TENT2
XP_042188647.1	XP_016864641.1	0	N/A	25.98	204	28	3.06e-10	65.5	poly(A) RNA polymerase GLD2 isoform X2 [Homo sapiens]	TRUE	TENT2
XP_042188647.1	NP_001375026.1	0	N/A	25.98	204	28	3.06e-10	65.5	poly(A) RNA polymerase GLD2 isoform 6 [Homo sapiens]	TRUE	TENT2
XP_042188647.1	NP_001375025.1	0	N/A	25.98	204	28	3.06e-10	65.5	poly(A) RNA polymerase GLD2 isoform 6 [Homo sapiens]	TRUE	TENT2
XP_042188647.1	NP_001375024.1	0	N/A	25.98	204	28	3.06e-10	65.5	poly(A) RNA polymerase GLD2 isoform 6 [Homo sapiens]	TRUE	TENT2
XP_042188647.1	NP_001336480.1	0	N/A	25.98	204	28	3.06e-10	65.5	poly(A) RNA polymerase GLD2 isoform 6 [Homo sapiens]	TRUE	TENT2
XP_042188647.1	XP_047272801.1	0	N/A	25.98	204	28	3.51e-10	65.5	poly(A) RNA polymerase GLD2 isoform X1 [Homo sapiens]	TRUE	TENT2
XP_042188647.1	XP_047272800.1	0	N/A	25.98	204	28	3.51e-10	65.5	poly(A) RNA polymerase GLD2 isoform X1 [Homo sapiens]	TRUE	TENT2
XP_042188647.1	XP_011541527.1	0	N/A	25.98	204	28	3.51e-10	65.5	poly(A) RNA polymerase GLD2 isoform X1 [Homo sapiens]	TRUE	TENT2
XP_042188647.1	XP_011541526.1	0	N/A	25.98	204	28	3.51e-10	65.5	poly(A) RNA polymerase GLD2 isoform X1 [Homo sapiens]	TRUE	TENT2
XP_042188647.1	XP_011541523.1	0	N/A	25.98	204	28	3.51e-10	65.5	poly(A) RNA polymerase GLD2 isoform X1 [Homo sapiens]	TRUE	TENT2
XP_042188647.1	XP_011541522.1	0	N/A	25.98	204	28	3.51e-10	65.5	poly(A) RNA polymerase GLD2 isoform X1 [Homo sapiens]	TRUE	TENT2
XP_042191906.1	XP_016856292.1	0	N/A	64.048	840	48	0	1041	terminal uridylyltransferase 4 isoform X9 [Homo sapiens]	TRUE	Tut4
XP_042191906.1	XP_047272280.1	0	N/A	64.048	840	48	0	1041	terminal uridylyltransferase 4 isoform X3 [Homo sapiens]	TRUE	Tut4
XP_042191906.1	XP_005270736.1	0	N/A	64.048	840	48	0	1041	terminal uridylyltransferase 4 isoform X3 [Homo sapiens]	TRUE	Tut4
XP_042191906.1	XP_016856297.1	0	N/A	64.048	840	48	0	1040	terminal uridylyltransferase 4 isoform X36 [Homo sapiens]	TRUE	Tut4
XP_042191906.1	XP_047272345.1	0	N/A	64.048	840	48	0	1040	terminal uridylyltransferase 4 isoform X31 [Homo sapiens]	TRUE	Tut4
XP_042191906.1	XP_016856295.1	0	N/A	64.048	840	48	0	1040	terminal uridylyltransferase 4 isoform X25 [Homo sapiens]	TRUE	Tut4
XP_042191906.1	XP_047272285.1	0	N/A	63.626	844	48	0	1037	terminal uridylyltransferase 4 isoform X7 [Homo sapiens]	TRUE	Tut4
XP_042191906.1	XP_005270735.1	0	N/A	63.626	844	48	0	1036	terminal uridylyltransferase 4 isoform X2 [Homo sapiens]	TRUE	Tut4
XP_042191906.1	XP_047272325.1	0	N/A	63.626	844	48	0	1035	terminal uridylyltransferase 4 isoform X23 [Homo sapiens]	TRUE	Tut4
XP_042191906.1	XP_005270739.1	0	N/A	63.55	845	48	0	1035	terminal uridylyltransferase 4 isoform X33 [Homo sapiens]	TRUE	Tut4
XP_042191906.1	XP_011539399.1	0	N/A	63.55	845	48	0	1035	terminal uridylyltransferase 4 isoform X1 [Homo sapiens]	TRUE	Tut4
XP_042191906.1	XP_005270733.1	0	N/A	63.55	845	48	0	1035	terminal uridylyltransferase 4 isoform X1 [Homo sapiens]	TRUE	Tut4
XP_042191906.1	XP_011539401.1	0	N/A	63.55	845	48	0	1034	terminal uridylyltransferase 4 isoform X29 [Homo sapiens]	TRUE	Tut4
XP_042191906.1	XP_047272283.1	0	N/A	64.938	810	47	0	1030	terminal uridylyltransferase 4 isoform X6 [Homo sapiens]	TRUE	Tut4
XP_042191906.1	XP_016856293.1	0	N/A	64.938	810	47	0	1030	terminal uridylyltransferase 4 isoform X16 [Homo sapiens]	TRUE	Tut4
XP_042191906.1	XP_005270737.1	0	N/A	64.938	810	47	0	1030	terminal uridylyltransferase 4 isoform X6 [Homo sapiens]	TRUE	Tut4
XP_042191906.1	XP_016856299.1	0	N/A	64.938	810	47	0	1030	terminal uridylyltransferase 4 isoform X40 [Homo sapiens]	TRUE	Tut4
XP_042191906.1	XP_016856296.1	0	N/A	64.938	810	47	0	1028	terminal uridylyltransferase 4 isoform X28 [Homo sapiens]	TRUE	Tut4
XP_042191906.1	XP_047272282.1	0	N/A	64.496	814	47	0	1026	terminal uridylyltransferase 4 isoform X5 [Homo sapiens]	TRUE	Tut4
XP_042191906.1	NP_056084.1	0	N/A	64.496	814	47	0	1026	terminal uridylyltransferase 4 isoform b [Homo sapiens]	TRUE	Tut4
XP_042191906.1	XP_047272365.1	0	N/A	64.496	814	47	0	1026	terminal uridylyltransferase 4 isoform X38 [Homo sapiens]	TRUE	Tut4
XP_042191906.1	XP_047272337.1	0	N/A	64.496	814	47	0	1025	terminal uridylyltransferase 4 isoform X27 [Homo sapiens]	TRUE	Tut4
XP_042191906.1	XP_047272281.1	0	N/A	64.417	815	47	0	1025	terminal uridylyltransferase 4 isoform X4 [Homo sapiens]	TRUE	Tut4
XP_042191906.1	NP_001009881.1	0	N/A	64.417	815	47	0	1025	terminal uridylyltransferase 4 isoform a [Homo sapiens]	TRUE	Tut4
XP_042191906.1	XP_047272288.1	0	N/A	64.417	815	47	0	1025	terminal uridylyltransferase 4 isoform X10 [Homo sapiens]	TRUE	Tut4
XP_042191906.1	XP_047272384.1	0	N/A	63.55	845	48	0	1022	terminal uridylyltransferase 4 isoform X46 [Homo sapiens]	TRUE	Tut4
XP_042191906.1	XP_047272290.1	0	N/A	62.024	840	48	0	998	terminal uridylyltransferase 4 isoform X11 [Homo sapiens]	TRUE	Tut4
XP_042191906.1	XP_047272286.1	0	N/A	61.538	845	48	0	992	terminal uridylyltransferase 4 isoform X8 [Homo sapiens]	TRUE	Tut4
XP_042191906.1	XP_047272344.1	0	N/A	61.538	845	48	0	991	terminal uridylyltransferase 4 isoform X30 [Homo sapiens]	TRUE	Tut4
XP_042191906.1	XP_047272305.1	0	N/A	62.84	810	47	0	986	terminal uridylyltransferase 4 isoform X17 [Homo sapiens]	TRUE	Tut4
XP_042191906.1	XP_047272350.1	0	N/A	62.84	810	47	0	986	terminal uridylyltransferase 4 isoform X34 [Homo sapiens]	TRUE	Tut4
XP_042191906.1	XP_047272296.1	0	N/A	62.408	814	47	0	983	terminal uridylyltransferase 4 isoform X13 [Homo sapiens]	TRUE	Tut4
XP_042191906.1	XP_047272372.1	0	N/A	62.408	814	47	0	983	terminal uridylyltransferase 4 isoform X42 [Homo sapiens]	TRUE	Tut4
XP_042191906.1	XP_047272295.1	0	N/A	62.331	815	47	0	982	terminal uridylyltransferase 4 isoform X12 [Homo sapiens]	TRUE	Tut4
XP_042191906.1	XP_047272306.1	0	N/A	59.643	840	48	0	944	terminal uridylyltransferase 4 isoform X18 [Homo sapiens]	TRUE	Tut4
XP_042191906.1	XP_047272303.1	0	N/A	59.242	844	48	0	939	terminal uridylyltransferase 4 isoform X15 [Homo sapiens]	TRUE	Tut4
XP_042191906.1	XP_047272311.1	0	N/A	59.172	845	48	0	938	terminal uridylyltransferase 4 isoform X21 [Homo sapiens]	TRUE	Tut4
XP_042191906.1	XP_005270738.1	0	N/A	59.172	845	48	0	937	terminal uridylyltransferase 4 isoform X14 [Homo sapiens]	TRUE	Tut4
XP_042191906.1	XP_047272369.1	0	N/A	59.172	845	48	0	936	terminal uridylyltransferase 4 isoform X41 [Homo sapiens]	TRUE	Tut4
XP_042191906.1	XP_047272348.1	0	N/A	59.172	845	48	0	936	terminal uridylyltransferase 4 isoform X32 [Homo sapiens]	TRUE	Tut4
XP_042191906.1	XP_047272336.1	0	N/A	60.37	810	47	0	933	terminal uridylyltransferase 4 isoform X26 [Homo sapiens]	TRUE	Tut4
XP_042191906.1	XP_047272377.1	0	N/A	60.37	810	47	0	932	terminal uridylyltransferase 4 isoform X44 [Homo sapiens]	TRUE	Tut4
XP_042191906.1	XP_016856294.1	0	N/A	60.37	810	47	0	932	terminal uridylyltransferase 4 isoform X20 [Homo sapiens]	TRUE	Tut4
XP_042191906.1	XP_047272367.1	0	N/A	60.37	810	47	0	931	terminal uridylyltransferase 4 isoform X39 [Homo sapiens]	TRUE	Tut4
XP_042191906.1	XP_047272327.1	0	N/A	59.951	814	47	0	929	terminal uridylyltransferase 4 isoform X24 [Homo sapiens]	TRUE	Tut4
XP_042191906.1	XP_047272307.1	0	N/A	59.951	814	47	0	928	terminal uridylyltransferase 4 isoform X19 [Homo sapiens]	TRUE	Tut4
XP_042191906.1	XP_047272320.1	0	N/A	59.877	815	47	0	928	terminal uridylyltransferase 4 isoform X22 [Homo sapiens]	TRUE	Tut4
XP_042191906.1	XP_047272373.1	0	N/A	59.877	815	47	0	927	terminal uridylyltransferase 4 isoform X43 [Homo sapiens]	TRUE	Tut4
XP_042191906.1	XP_047272362.1	0	N/A	59.951	814	47	0	927	terminal uridylyltransferase 4 isoform X37 [Homo sapiens]	TRUE	Tut4
XP_042191906.1	XP_047272354.1	0	N/A	59.877	815	47	0	926	terminal uridylyltransferase 4 isoform X35 [Homo sapiens]	TRUE	Tut4
XP_042191906.1	XP_047279823.1	0	N/A	59.049	547	29	0	638	terminal uridylyltransferase 7 isoform X2 [Homo sapiens]	TRUE	Tut7
XP_042191906.1	XP_011517317.1	0	N/A	59.049	547	29	0	638	terminal uridylyltransferase 7 isoform X3 [Homo sapiens]	TRUE	Tut7
XP_042191906.1	XP_006717346.1	0	N/A	59.049	547	29	0	638	terminal uridylyltransferase 7 isoform X2 [Homo sapiens]	TRUE	Tut7
XP_042191906.1	XP_047279825.1	0	N/A	59.049	547	29	0	638	terminal uridylyltransferase 7 isoform X6 [Homo sapiens]	TRUE	Tut7
XP_042191906.1	XP_047279824.1	0	N/A	59.049	547	29	0	638	terminal uridylyltransferase 7 isoform X6 [Homo sapiens]	TRUE	Tut7
XP_042191906.1	XP_005252264.1	0	N/A	59.049	547	29	0	638	terminal uridylyltransferase 7 isoform X6 [Homo sapiens]	TRUE	Tut7
XP_042191906.1	XP_011517318.1	0	N/A	59.049	547	29	0	637	terminal uridylyltransferase 7 isoform X5 [Homo sapiens]	TRUE	Tut7
XP_042191906.1	XP_016870620.1	0	N/A	59.158	546	29	0	637	terminal uridylyltransferase 7 isoform X4 [Homo sapiens]	TRUE	Tut7
XP_042191906.1	XP_016870619.1	0	N/A	59.158	546	29	0	637	terminal uridylyltransferase 7 isoform X4 [Homo sapiens]	TRUE	Tut7
XP_042191906.1	XP_011517316.1	0	N/A	59.049	547	29	0	637	terminal uridylyltransferase 7 isoform X1 [Homo sapiens]	TRUE	Tut7
XP_042191906.1	XP_011517315.1	0	N/A	59.049	547	29	0	637	terminal uridylyltransferase 7 isoform X1 [Homo sapiens]	TRUE	Tut7
XP_042191906.1	XP_011517314.1	0	N/A	59.049	547	29	0	637	terminal uridylyltransferase 7 isoform X1 [Homo sapiens]	TRUE	Tut7
XP_042191906.1	XP_011517313.1	0	N/A	59.049	547	29	0	637	terminal uridylyltransferase 7 isoform X1 [Homo sapiens]	TRUE	Tut7
XP_042191906.1	NP_078893.2	0	N/A	59.158	546	29	0	637	terminal uridylyltransferase 7 isoform 1 [Homo sapiens]	TRUE	Tut7
XP_042191906.1	NP_001171988.1	0	N/A	59.158	546	29	0	637	terminal uridylyltransferase 7 isoform 1 [Homo sapiens]	TRUE	Tut7
XP_042191906.1	NP_001317647.1	0	N/A	59.158	546	29	0	635	terminal uridylyltransferase 7 isoform 3 [Homo sapiens]	TRUE	Tut7
XP_042191906.1	XP_005252265.1	0	N/A	67.478	452	26	0	627	terminal uridylyltransferase 7 isoform X7 [Homo sapiens]	TRUE	Tut7
XP_042191906.1	XP_047279826.1	0	N/A	53.896	462	27	1.95e-145	478	terminal uridylyltransferase 7 isoform X8 [Homo sapiens]	TRUE	Tut7
XP_042191906.1	NP_001172003.1	0	N/A	61.616	396	20	3.28e-145	483	terminal uridylyltransferase 7 isoform 2 [Homo sapiens]	TRUE	Tut7
XP_042191906.1	XP_016856307.1	0	N/A	62.199	291	17	2.83e-107	368	terminal uridylyltransferase 4 isoform X45 [Homo sapiens]	TRUE	Tut4
XP_042191906.1	NP_001375065.1	0	N/A	32.647	340	20	1.25e-36	145	poly(A) RNA polymerase GLD2 isoform 14 [Homo sapiens]	TRUE	TENT2
XP_042191906.1	NP_001375059.1	0	N/A	32.84	338	20	1.48e-36	148	poly(A) RNA polymerase GLD2 isoform 10 [Homo sapiens]	TRUE	TENT2
XP_042191906.1	XP_047272811.1	0	N/A	32.84	338	20	1.55e-36	148	poly(A) RNA polymerase GLD2 isoform X4 [Homo sapiens]	TRUE	TENT2
XP_042191906.1	XP_047272810.1	0	N/A	32.84	338	20	1.55e-36	148	poly(A) RNA polymerase GLD2 isoform X4 [Homo sapiens]	TRUE	TENT2
XP_042191906.1	XP_047272809.1	0	N/A	32.84	338	20	1.55e-36	148	poly(A) RNA polymerase GLD2 isoform X4 [Homo sapiens]	TRUE	TENT2
XP_042191906.1	NP_001375058.1	0	N/A	32.84	338	20	1.55e-36	148	poly(A) RNA polymerase GLD2 isoform 2 [Homo sapiens]	TRUE	TENT2
XP_042191906.1	NP_001375057.1	0	N/A	32.84	338	20	1.55e-36	148	poly(A) RNA polymerase GLD2 isoform 2 [Homo sapiens]	TRUE	TENT2
XP_042191906.1	NP_001375056.1	0	N/A	32.84	338	20	1.55e-36	148	poly(A) RNA polymerase GLD2 isoform 2 [Homo sapiens]	TRUE	TENT2
XP_042191906.1	NP_001375055.1	0	N/A	32.84	338	20	1.55e-36	148	poly(A) RNA polymerase GLD2 isoform 2 [Homo sapiens]	TRUE	TENT2
XP_042191906.1	NP_001375054.1	0	N/A	32.84	338	20	1.55e-36	148	poly(A) RNA polymerase GLD2 isoform 2 [Homo sapiens]	TRUE	TENT2
XP_042191906.1	NP_001375053.1	0	N/A	32.84	338	20	1.55e-36	148	poly(A) RNA polymerase GLD2 isoform 2 [Homo sapiens]	TRUE	TENT2
XP_042191906.1	NP_001375052.1	0	N/A	32.84	338	20	1.55e-36	148	poly(A) RNA polymerase GLD2 isoform 2 [Homo sapiens]	TRUE	TENT2
XP_042191906.1	NP_001375051.1	0	N/A	32.84	338	20	1.55e-36	148	poly(A) RNA polymerase GLD2 isoform 2 [Homo sapiens]	TRUE	TENT2
XP_042191906.1	NP_001375050.1	0	N/A	32.84	338	20	1.55e-36	148	poly(A) RNA polymerase GLD2 isoform 2 [Homo sapiens]	TRUE	TENT2
XP_042191906.1	NP_001375049.1	0	N/A	32.84	338	20	1.55e-36	148	poly(A) RNA polymerase GLD2 isoform 2 [Homo sapiens]	TRUE	TENT2
XP_042191906.1	NP_001375048.1	0	N/A	32.84	338	20	1.55e-36	148	poly(A) RNA polymerase GLD2 isoform 2 [Homo sapiens]	TRUE	TENT2
XP_042191906.1	NP_001375047.1	0	N/A	32.84	338	20	1.55e-36	148	poly(A) RNA polymerase GLD2 isoform 2 [Homo sapiens]	TRUE	TENT2
XP_042191906.1	NP_001375046.1	0	N/A	32.84	338	20	1.55e-36	148	poly(A) RNA polymerase GLD2 isoform 2 [Homo sapiens]	TRUE	TENT2
XP_042191906.1	NP_001375045.1	0	N/A	32.84	338	20	1.55e-36	148	poly(A) RNA polymerase GLD2 isoform 2 [Homo sapiens]	TRUE	TENT2
XP_042191906.1	NP_001375044.1	0	N/A	32.84	338	20	1.55e-36	148	poly(A) RNA polymerase GLD2 isoform 2 [Homo sapiens]	TRUE	TENT2
XP_042191906.1	NP_001375043.1	0	N/A	32.84	338	20	1.55e-36	148	poly(A) RNA polymerase GLD2 isoform 2 [Homo sapiens]	TRUE	TENT2
XP_042191906.1	NP_001336483.1	0	N/A	32.84	338	20	1.55e-36	148	poly(A) RNA polymerase GLD2 isoform 2 [Homo sapiens]	TRUE	TENT2
XP_042191906.1	NP_001284673.1	0	N/A	32.84	338	20	1.55e-36	148	poly(A) RNA polymerase GLD2 isoform 2 [Homo sapiens]	TRUE	TENT2
XP_042191906.1	NP_001375061.1	0	N/A	32.84	338	20	1.56e-36	147	poly(A) RNA polymerase GLD2 isoform 12 [Homo sapiens]	TRUE	TENT2
XP_042191906.1	NP_001375042.1	0	N/A	32.749	342	20	4.79e-36	146	poly(A) RNA polymerase GLD2 isoform 16 [Homo sapiens]	TRUE	TENT2
XP_042191906.1	XP_047272808.1	0	N/A	32.749	342	20	4.91e-36	146	poly(A) RNA polymerase GLD2 isoform X3 [Homo sapiens]	TRUE	TENT2
XP_042191906.1	XP_047272807.1	0	N/A	32.749	342	20	4.91e-36	146	poly(A) RNA polymerase GLD2 isoform X3 [Homo sapiens]	TRUE	TENT2
XP_042191906.1	XP_047272806.1	0	N/A	32.749	342	20	4.91e-36	146	poly(A) RNA polymerase GLD2 isoform X3 [Homo sapiens]	TRUE	TENT2
XP_042191906.1	NP_776158.2	0	N/A	32.749	342	20	4.91e-36	146	poly(A) RNA polymerase GLD2 isoform 1 [Homo sapiens]	TRUE	TENT2
XP_042191906.1	NP_001375041.1	0	N/A	32.749	342	20	4.91e-36	146	poly(A) RNA polymerase GLD2 isoform 1 [Homo sapiens]	TRUE	TENT2
XP_042199285.1	NP_073741.3	0	N/A	50	262	33	4.32e-82	283	speckle targeted PIP5K1A-regulated poly(A) polymerase isoform 1 [Homo sapiens]	TRUE	Tut1
XP_042199285.1	NP_060579.3	0	N/A	32.128	470	58	1.04e-75	258	poly(A) RNA polymerase, mitochondrial precursor [Homo sapiens]	TRUE	mtPAP
XP_042199285.1	NP_001354835.1	0	N/A	49.302	215	27	3.65e-62	219	speckle targeted PIP5K1A-regulated poly(A) polymerase isoform 2 [Homo sapiens]	TRUE	Tut1
XP_042199285.1	NP_001317647.1	0	N/A	28.108	370	46	8.21e-32	135	terminal uridylyltransferase 7 isoform 3 [Homo sapiens]	TRUE	Tut7
XP_042199285.1	XP_011517317.1	0	N/A	28.108	370	46	1.83e-31	135	terminal uridylyltransferase 7 isoform X3 [Homo sapiens]	TRUE	Tut7
XP_042199285.1	XP_016870620.1	0	N/A	28.108	370	46	1.83e-31	135	terminal uridylyltransferase 7 isoform X4 [Homo sapiens]	TRUE	Tut7
XP_042199285.1	XP_016870619.1	0	N/A	28.108	370	46	1.83e-31	135	terminal uridylyltransferase 7 isoform X4 [Homo sapiens]	TRUE	Tut7
XP_042199285.1	NP_078893.2	0	N/A	28.108	370	46	1.83e-31	135	terminal uridylyltransferase 7 isoform 1 [Homo sapiens]	TRUE	Tut7
XP_042199285.1	NP_001171988.1	0	N/A	28.108	370	46	1.83e-31	135	terminal uridylyltransferase 7 isoform 1 [Homo sapiens]	TRUE	Tut7
XP_042199285.1	XP_047279823.1	0	N/A	28.108	370	46	1.95e-31	135	terminal uridylyltransferase 7 isoform X2 [Homo sapiens]	TRUE	Tut7
XP_042199285.1	XP_006717346.1	0	N/A	28.108	370	46	1.95e-31	135	terminal uridylyltransferase 7 isoform X2 [Homo sapiens]	TRUE	Tut7
XP_042199285.1	XP_047279825.1	0	N/A	28.108	370	46	1.99e-31	135	terminal uridylyltransferase 7 isoform X6 [Homo sapiens]	TRUE	Tut7
XP_042199285.1	XP_047279824.1	0	N/A	28.108	370	46	1.99e-31	135	terminal uridylyltransferase 7 isoform X6 [Homo sapiens]	TRUE	Tut7
XP_042199285.1	XP_005252264.1	0	N/A	28.108	370	46	1.99e-31	135	terminal uridylyltransferase 7 isoform X6 [Homo sapiens]	TRUE	Tut7
XP_042199285.1	XP_011517318.1	0	N/A	28.108	370	46	2.16e-31	135	terminal uridylyltransferase 7 isoform X5 [Homo sapiens]	TRUE	Tut7
XP_042199285.1	XP_011517316.1	0	N/A	28.108	370	46	2.27e-31	135	terminal uridylyltransferase 7 isoform X1 [Homo sapiens]	TRUE	Tut7
XP_042199285.1	XP_011517315.1	0	N/A	28.108	370	46	2.27e-31	135	terminal uridylyltransferase 7 isoform X1 [Homo sapiens]	TRUE	Tut7
XP_042199285.1	XP_011517314.1	0	N/A	28.108	370	46	2.27e-31	135	terminal uridylyltransferase 7 isoform X1 [Homo sapiens]	TRUE	Tut7
XP_042199285.1	XP_011517313.1	0	N/A	28.108	370	46	2.27e-31	135	terminal uridylyltransferase 7 isoform X1 [Homo sapiens]	TRUE	Tut7
XP_042199285.1	XP_005252265.1	0	N/A	28.108	370	46	2.31e-31	135	terminal uridylyltransferase 7 isoform X7 [Homo sapiens]	TRUE	Tut7
XP_042199285.1	XP_016856292.1	0	N/A	30.395	329	40	2.48e-31	135	terminal uridylyltransferase 4 isoform X9 [Homo sapiens]	TRUE	Tut4
XP_042199285.1	XP_047272283.1	0	N/A	30.395	329	40	2.57e-31	135	terminal uridylyltransferase 4 isoform X6 [Homo sapiens]	TRUE	Tut4
XP_042199285.1	XP_005270737.1	0	N/A	30.395	329	40	2.57e-31	135	terminal uridylyltransferase 4 isoform X6 [Homo sapiens]	TRUE	Tut4
XP_042199285.1	XP_016856293.1	0	N/A	30.395	329	40	2.63e-31	134	terminal uridylyltransferase 4 isoform X16 [Homo sapiens]	TRUE	Tut4
XP_042199285.1	XP_047272288.1	0	N/A	30.395	329	40	2.66e-31	134	terminal uridylyltransferase 4 isoform X10 [Homo sapiens]	TRUE	Tut4
XP_042199285.1	XP_047272285.1	0	N/A	30.395	329	40	2.67e-31	134	terminal uridylyltransferase 4 isoform X7 [Homo sapiens]	TRUE	Tut4
XP_042199285.1	XP_047272280.1	0	N/A	30.395	329	40	2.71e-31	134	terminal uridylyltransferase 4 isoform X3 [Homo sapiens]	TRUE	Tut4
XP_042199285.1	XP_005270736.1	0	N/A	30.395	329	40	2.71e-31	134	terminal uridylyltransferase 4 isoform X3 [Homo sapiens]	TRUE	Tut4
XP_042199285.1	XP_005270735.1	0	N/A	30.395	329	40	2.78e-31	134	terminal uridylyltransferase 4 isoform X2 [Homo sapiens]	TRUE	Tut4
XP_042199285.1	XP_011539399.1	0	N/A	30.395	329	40	2.81e-31	134	terminal uridylyltransferase 4 isoform X1 [Homo sapiens]	TRUE	Tut4
XP_042199285.1	XP_005270733.1	0	N/A	30.395	329	40	2.81e-31	134	terminal uridylyltransferase 4 isoform X1 [Homo sapiens]	TRUE	Tut4
XP_042199285.1	XP_047272281.1	0	N/A	30.395	329	40	2.93e-31	134	terminal uridylyltransferase 4 isoform X4 [Homo sapiens]	TRUE	Tut4
XP_042199285.1	NP_001009881.1	0	N/A	30.395	329	40	2.93e-31	134	terminal uridylyltransferase 4 isoform a [Homo sapiens]	TRUE	Tut4
XP_042199285.1	XP_047272282.1	0	N/A	30.395	329	40	2.98e-31	134	terminal uridylyltransferase 4 isoform X5 [Homo sapiens]	TRUE	Tut4
XP_042199285.1	NP_056084.1	0	N/A	30.395	329	40	2.98e-31	134	terminal uridylyltransferase 4 isoform b [Homo sapiens]	TRUE	Tut4
XP_042199285.1	XP_016856297.1	0	N/A	30.395	329	40	3.16e-31	134	terminal uridylyltransferase 4 isoform X36 [Homo sapiens]	TRUE	Tut4
XP_042199285.1	XP_005270739.1	0	N/A	30.395	329	40	3.34e-31	134	terminal uridylyltransferase 4 isoform X33 [Homo sapiens]	TRUE	Tut4
XP_042199285.1	XP_011539401.1	0	N/A	30.395	329	40	3.41e-31	134	terminal uridylyltransferase 4 isoform X29 [Homo sapiens]	TRUE	Tut4
XP_042199285.1	XP_016856296.1	0	N/A	30.395	329	40	3.49e-31	134	terminal uridylyltransferase 4 isoform X28 [Homo sapiens]	TRUE	Tut4
XP_042199285.1	XP_047272345.1	0	N/A	30.395	329	40	3.59e-31	134	terminal uridylyltransferase 4 isoform X31 [Homo sapiens]	TRUE	Tut4
XP_042199285.1	XP_047272325.1	0	N/A	30.395	329	40	3.72e-31	134	terminal uridylyltransferase 4 isoform X23 [Homo sapiens]	TRUE	Tut4
XP_042199285.1	XP_016856295.1	0	N/A	30.395	329	40	4.02e-31	134	terminal uridylyltransferase 4 isoform X25 [Homo sapiens]	TRUE	Tut4
XP_042199285.1	XP_047272365.1	0	N/A	30.395	329	40	4.06e-31	134	terminal uridylyltransferase 4 isoform X38 [Homo sapiens]	TRUE	Tut4
XP_042199285.1	XP_047272337.1	0	N/A	30.395	329	40	4.12e-31	134	terminal uridylyltransferase 4 isoform X27 [Homo sapiens]	TRUE	Tut4
XP_042199285.1	XP_016856299.1	0	N/A	30.395	329	40	4.2e-31	134	terminal uridylyltransferase 4 isoform X40 [Homo sapiens]	TRUE	Tut4
XP_042199285.1	XP_047272384.1	0	N/A	30.395	329	40	6.22e-31	133	terminal uridylyltransferase 4 isoform X46 [Homo sapiens]	TRUE	Tut4
XP_042199285.1	XP_047272305.1	0	N/A	29.938	324	40	3.29e-30	131	terminal uridylyltransferase 4 isoform X17 [Homo sapiens]	TRUE	Tut4
XP_042199285.1	XP_047272296.1	0	N/A	29.938	324	40	3.38e-30	131	terminal uridylyltransferase 4 isoform X13 [Homo sapiens]	TRUE	Tut4
XP_042199285.1	XP_047272286.1	0	N/A	29.938	324	40	3.48e-30	131	terminal uridylyltransferase 4 isoform X8 [Homo sapiens]	TRUE	Tut4
XP_042199285.1	XP_047272295.1	0	N/A	29.938	324	40	3.53e-30	131	terminal uridylyltransferase 4 isoform X12 [Homo sapiens]	TRUE	Tut4
XP_042199285.1	XP_047272290.1	0	N/A	29.968	317	39	3.69e-30	131	terminal uridylyltransferase 4 isoform X11 [Homo sapiens]	TRUE	Tut4
XP_042199285.1	XP_047272372.1	0	N/A	29.968	317	39	3.74e-30	131	terminal uridylyltransferase 4 isoform X42 [Homo sapiens]	TRUE	Tut4
XP_042199285.1	XP_047272344.1	0	N/A	29.968	317	39	3.87e-30	131	terminal uridylyltransferase 4 isoform X30 [Homo sapiens]	TRUE	Tut4
XP_042199285.1	XP_047272350.1	0	N/A	29.968	317	39	4.06e-30	130	terminal uridylyltransferase 4 isoform X34 [Homo sapiens]	TRUE	Tut4
XP_042199285.1	NP_001172003.1	0	N/A	33.478	230	28	3.64e-28	124	terminal uridylyltransferase 7 isoform 2 [Homo sapiens]	TRUE	Tut7
XP_042199285.1	NP_001375027.1	0	N/A	27.654	405	49	4.97e-24	109	poly(A) RNA polymerase GLD2 isoform 7 [Homo sapiens]	TRUE	TENT2
XP_042199285.1	XP_047272805.1	0	N/A	27.654	405	49	5.06e-24	109	poly(A) RNA polymerase GLD2 isoform X2 [Homo sapiens]	TRUE	TENT2
XP_042199285.1	XP_047272804.1	0	N/A	27.654	405	49	5.06e-24	109	poly(A) RNA polymerase GLD2 isoform X2 [Homo sapiens]	TRUE	TENT2
XP_042199285.1	XP_047272803.1	0	N/A	27.654	405	49	5.06e-24	109	poly(A) RNA polymerase GLD2 isoform X2 [Homo sapiens]	TRUE	TENT2
XP_042199285.1	XP_047272802.1	0	N/A	27.654	405	49	5.06e-24	109	poly(A) RNA polymerase GLD2 isoform X2 [Homo sapiens]	TRUE	TENT2
XP_042199285.1	XP_016864641.1	0	N/A	27.654	405	49	5.06e-24	109	poly(A) RNA polymerase GLD2 isoform X2 [Homo sapiens]	TRUE	TENT2
XP_042199285.1	NP_001375026.1	0	N/A	27.654	405	49	5.06e-24	109	poly(A) RNA polymerase GLD2 isoform 6 [Homo sapiens]	TRUE	TENT2
XP_042199285.1	NP_001375025.1	0	N/A	27.654	405	49	5.06e-24	109	poly(A) RNA polymerase GLD2 isoform 6 [Homo sapiens]	TRUE	TENT2
XP_042199285.1	NP_001375024.1	0	N/A	27.654	405	49	5.06e-24	109	poly(A) RNA polymerase GLD2 isoform 6 [Homo sapiens]	TRUE	TENT2
XP_042199285.1	NP_001336480.1	0	N/A	27.654	405	49	5.06e-24	109	poly(A) RNA polymerase GLD2 isoform 6 [Homo sapiens]	TRUE	TENT2
XP_042199285.1	XP_047272801.1	0	N/A	26.895	409	49	2.01e-23	107	poly(A) RNA polymerase GLD2 isoform X1 [Homo sapiens]	TRUE	TENT2
XP_042199285.1	XP_047272800.1	0	N/A	26.895	409	49	2.01e-23	107	poly(A) RNA polymerase GLD2 isoform X1 [Homo sapiens]	TRUE	TENT2
XP_042199285.1	XP_011541527.1	0	N/A	26.895	409	49	2.01e-23	107	poly(A) RNA polymerase GLD2 isoform X1 [Homo sapiens]	TRUE	TENT2
XP_042199285.1	XP_011541526.1	0	N/A	26.895	409	49	2.01e-23	107	poly(A) RNA polymerase GLD2 isoform X1 [Homo sapiens]	TRUE	TENT2
XP_042199285.1	XP_011541523.1	0	N/A	26.895	409	49	2.01e-23	107	poly(A) RNA polymerase GLD2 isoform X1 [Homo sapiens]	TRUE	TENT2
XP_042199285.1	XP_011541522.1	0	N/A	26.895	409	49	2.01e-23	107	poly(A) RNA polymerase GLD2 isoform X1 [Homo sapiens]	TRUE	TENT2
XP_042199285.1	NP_001375023.1	0	N/A	26.895	409	49	2.01e-23	107	poly(A) RNA polymerase GLD2 isoform 5 [Homo sapiens]	TRUE	TENT2
XP_042199285.1	NP_001375022.1	0	N/A	26.895	409	49	2.01e-23	107	poly(A) RNA polymerase GLD2 isoform 5 [Homo sapiens]	TRUE	TENT2
XP_042199285.1	NP_001336479.1	0	N/A	26.895	409	49	2.01e-23	107	poly(A) RNA polymerase GLD2 isoform 5 [Homo sapiens]	TRUE	TENT2
XP_042199285.1	NP_001336478.1	0	N/A	26.895	409	49	2.01e-23	107	poly(A) RNA polymerase GLD2 isoform 5 [Homo sapiens]	TRUE	TENT2
XP_042199285.1	NP_001375065.1	0	N/A	27.569	399	49	3.48e-23	104	poly(A) RNA polymerase GLD2 isoform 14 [Homo sapiens]	TRUE	TENT2
XP_042199285.1	NP_001375060.1	0	N/A	27.569	399	49	1.14e-22	104	poly(A) RNA polymerase GLD2 isoform 11 [Homo sapiens]	TRUE	TENT2
XP_042199285.1	NP_001375042.1	0	N/A	27.569	399	49	1.36e-22	104	poly(A) RNA polymerase GLD2 isoform 16 [Homo sapiens]	TRUE	TENT2
XP_042199285.1	XP_047272808.1	0	N/A	27.569	399	49	1.5e-22	104	poly(A) RNA polymerase GLD2 isoform X3 [Homo sapiens]	TRUE	TENT2
XP_042199285.1	XP_047272807.1	0	N/A	27.569	399	49	1.5e-22	104	poly(A) RNA polymerase GLD2 isoform X3 [Homo sapiens]	TRUE	TENT2
XP_042199285.1	XP_047272806.1	0	N/A	27.569	399	49	1.5e-22	104	poly(A) RNA polymerase GLD2 isoform X3 [Homo sapiens]	TRUE	TENT2
XP_042199285.1	NP_776158.2	0	N/A	27.569	399	49	1.5e-22	104	poly(A) RNA polymerase GLD2 isoform 1 [Homo sapiens]	TRUE	TENT2
XP_042199285.1	NP_001375041.1	0	N/A	27.569	399	49	1.5e-22	104	poly(A) RNA polymerase GLD2 isoform 1 [Homo sapiens]	TRUE	TENT2
XP_042199285.1	NP_001375040.1	0	N/A	27.569	399	49	1.5e-22	104	poly(A) RNA polymerase GLD2 isoform 1 [Homo sapiens]	TRUE	TENT2
XP_042199285.1	NP_001375039.1	0	N/A	27.569	399	49	1.5e-22	104	poly(A) RNA polymerase GLD2 isoform 1 [Homo sapiens]	TRUE	TENT2
XP_042199285.1	NP_001375038.1	0	N/A	27.569	399	49	1.5e-22	104	poly(A) RNA polymerase GLD2 isoform 1 [Homo sapiens]	TRUE	TENT2
XP_042199285.1	NP_001375037.1	0	N/A	27.569	399	49	1.5e-22	104	poly(A) RNA polymerase GLD2 isoform 1 [Homo sapiens]	TRUE	TENT2
XP_042199285.1	NP_001375036.1	0	N/A	27.569	399	49	1.5e-22	104	poly(A) RNA polymerase GLD2 isoform 1 [Homo sapiens]	TRUE	TENT2
XP_042199285.1	NP_001375035.1	0	N/A	27.569	399	49	1.5e-22	104	poly(A) RNA polymerase GLD2 isoform 1 [Homo sapiens]	TRUE	TENT2
XP_042199285.1	NP_001375034.1	0	N/A	27.569	399	49	1.5e-22	104	poly(A) RNA polymerase GLD2 isoform 1 [Homo sapiens]	TRUE	TENT2
XP_042199285.1	NP_001375032.1	0	N/A	27.569	399	49	1.5e-22	104	poly(A) RNA polymerase GLD2 isoform 1 [Homo sapiens]	TRUE	TENT2
XP_042199285.1	NP_001375031.1	0	N/A	27.569	399	49	1.5e-22	104	poly(A) RNA polymerase GLD2 isoform 1 [Homo sapiens]	TRUE	TENT2
XP_042199285.1	NP_001336482.1	0	N/A	27.569	399	49	1.5e-22	104	poly(A) RNA polymerase GLD2 isoform 1 [Homo sapiens]	TRUE	TENT2
XP_042199285.1	NP_001336481.1	0	N/A	27.569	399	49	1.5e-22	104	poly(A) RNA polymerase GLD2 isoform 1 [Homo sapiens]	TRUE	TENT2
XP_042199285.1	NP_001107866.1	0	N/A	27.569	399	49	1.5e-22	104	poly(A) RNA polymerase GLD2 isoform 1 [Homo sapiens]	TRUE	TENT2
XP_042199285.1	NP_001107865.1	0	N/A	27.569	399	49	1.5e-22	104	poly(A) RNA polymerase GLD2 isoform 1 [Homo sapiens]	TRUE	TENT2
XP_042199285.1	NP_001375061.1	0	N/A	27.569	399	49	1.69e-22	103	poly(A) RNA polymerase GLD2 isoform 12 [Homo sapiens]	TRUE	TENT2
XP_042199285.1	XP_047272811.1	0	N/A	27.569	399	49	2.06e-22	103	poly(A) RNA polymerase GLD2 isoform X4 [Homo sapiens]	TRUE	TENT2
XP_042199285.1	XP_047272810.1	0	N/A	27.569	399	49	2.06e-22	103	poly(A) RNA polymerase GLD2 isoform X4 [Homo sapiens]	TRUE	TENT2
XP_042199285.1	XP_047272809.1	0	N/A	27.569	399	49	2.06e-22	103	poly(A) RNA polymerase GLD2 isoform X4 [Homo sapiens]	TRUE	TENT2
XP_042914714.1	XP_011521580.1	0	N/A	36.441	354	30	9.77e-59	214	terminal nucleotidyltransferase 4B isoform X5 [Homo sapiens]	TRUE	TENT4B
XP_042914714.1	XP_047290433.1	0	N/A	36.441	354	30	1.03e-58	212	terminal nucleotidyltransferase 4B isoform X6 [Homo sapiens]	TRUE	TENT4B
XP_042914714.1	NP_001035375.2	0	N/A	36.441	354	30	2.31e-58	216	terminal nucleotidyltransferase 4B isoform b [Homo sapiens]	TRUE	TENT4B
XP_042914714.1	XP_011521578.1	0	N/A	36.441	354	30	2.35e-58	216	terminal nucleotidyltransferase 4B isoform X2 [Homo sapiens]	TRUE	TENT4B
XP_042914714.1	NP_001035374.2	0	N/A	36.441	354	30	4.13e-58	216	terminal nucleotidyltransferase 4B isoform a [Homo sapiens]	TRUE	TENT4B
XP_042914714.1	XP_011521577.1	0	N/A	36.441	354	30	4.2e-58	216	terminal nucleotidyltransferase 4B isoform X1 [Homo sapiens]	TRUE	TENT4B
XP_042914714.1	NP_001352252.1	0	N/A	36.111	360	31	5.66e-58	215	terminal nucleotidyltransferase 4B isoform c [Homo sapiens]	TRUE	TENT4B
XP_042914714.1	XP_047290432.1	0	N/A	36.441	354	30	6.27e-58	214	terminal nucleotidyltransferase 4B isoform X4 [Homo sapiens]	TRUE	TENT4B
XP_042914714.1	XP_047290431.1	0	N/A	36.441	354	30	9.6e-58	214	terminal nucleotidyltransferase 4B isoform X3 [Homo sapiens]	TRUE	TENT4B
XP_042914714.1	NP_001352253.1	0	N/A	36.441	354	30	1.3e-57	215	terminal nucleotidyltransferase 4B isoform d [Homo sapiens]	TRUE	TENT4B
XP_042914714.1	NP_008930.2	0	N/A	35.411	353	30	7.65e-56	211	terminal nucleotidyltransferase 4A isoform 1 [Homo sapiens]	TRUE	TENT4A
XP_042914714.1	NP_001165276.2	0	N/A	35.411	353	30	8.6e-56	211	terminal nucleotidyltransferase 4A isoform 2 [Homo sapiens]	TRUE	TENT4A
XP_042914714.1	XP_047272622.1	0	N/A	35.673	342	29	4.02e-52	195	terminal nucleotidyltransferase 4A isoform X1 [Homo sapiens]	TRUE	TENT4A
XP_042914714.1	XP_047272621.1	0	N/A	35.673	342	29	4.02e-52	195	terminal nucleotidyltransferase 4A isoform X1 [Homo sapiens]	TRUE	TENT4A
XP_042914714.1	XP_047272620.1	0	N/A	35.673	342	29	4.02e-52	195	terminal nucleotidyltransferase 4A isoform X1 [Homo sapiens]	TRUE	TENT4A
XP_042914714.1	XP_047272623.1	0	N/A	34.835	333	29	6.15e-48	182	terminal nucleotidyltransferase 4A isoform X2 [Homo sapiens]	TRUE	TENT4A
XP_042914714.1	XP_016864477.1	0	N/A	34.835	333	29	6.15e-48	182	terminal nucleotidyltransferase 4A isoform X2 [Homo sapiens]	TRUE	TENT4A
XP_042914714.1	XP_047272624.1	0	N/A	34.835	333	29	7.02e-48	182	terminal nucleotidyltransferase 4A isoform X3 [Homo sapiens]	TRUE	TENT4A
XP_042914714.1	XP_047279823.1	0	N/A	25.137	183	16	2.55e-07	57.8	terminal uridylyltransferase 7 isoform X2 [Homo sapiens]	TRUE	Tut7
XP_042914714.1	XP_006717346.1	0	N/A	25.137	183	16	2.55e-07	57.8	terminal uridylyltransferase 7 isoform X2 [Homo sapiens]	TRUE	Tut7
XP_042914714.1	XP_016870620.1	0	N/A	25.137	183	16	2.79e-07	57.8	terminal uridylyltransferase 7 isoform X4 [Homo sapiens]	TRUE	Tut7
XP_042914714.1	XP_016870619.1	0	N/A	25.137	183	16	2.79e-07	57.8	terminal uridylyltransferase 7 isoform X4 [Homo sapiens]	TRUE	Tut7
XP_042914714.1	NP_078893.2	0	N/A	25.137	183	16	2.79e-07	57.8	terminal uridylyltransferase 7 isoform 1 [Homo sapiens]	TRUE	Tut7
XP_042914714.1	NP_001171988.1	0	N/A	25.137	183	16	2.79e-07	57.8	terminal uridylyltransferase 7 isoform 1 [Homo sapiens]	TRUE	Tut7
XP_042914714.1	XP_011517318.1	0	N/A	25.137	183	16	3.01e-07	57.8	terminal uridylyltransferase 7 isoform X5 [Homo sapiens]	TRUE	Tut7
XP_042914714.1	XP_011517317.1	0	N/A	25.137	183	16	3.07e-07	57.8	terminal uridylyltransferase 7 isoform X3 [Homo sapiens]	TRUE	Tut7
XP_042914714.1	XP_047279825.1	0	N/A	25.137	183	16	3.08e-07	57.8	terminal uridylyltransferase 7 isoform X6 [Homo sapiens]	TRUE	Tut7
XP_042914714.1	XP_047279824.1	0	N/A	25.137	183	16	3.08e-07	57.8	terminal uridylyltransferase 7 isoform X6 [Homo sapiens]	TRUE	Tut7
XP_042914714.1	XP_005252264.1	0	N/A	25.137	183	16	3.08e-07	57.8	terminal uridylyltransferase 7 isoform X6 [Homo sapiens]	TRUE	Tut7
XP_042914714.1	NP_001317647.1	0	N/A	25.137	183	16	3.11e-07	57.4	terminal uridylyltransferase 7 isoform 3 [Homo sapiens]	TRUE	Tut7
XP_042914714.1	XP_011517316.1	0	N/A	25.137	183	16	4.9e-07	57	terminal uridylyltransferase 7 isoform X1 [Homo sapiens]	TRUE	Tut7
XP_042914714.1	XP_011517315.1	0	N/A	25.137	183	16	4.9e-07	57	terminal uridylyltransferase 7 isoform X1 [Homo sapiens]	TRUE	Tut7
XP_042914714.1	XP_011517314.1	0	N/A	25.137	183	16	4.9e-07	57	terminal uridylyltransferase 7 isoform X1 [Homo sapiens]	TRUE	Tut7
XP_042914714.1	XP_011517313.1	0	N/A	25.137	183	16	4.9e-07	57	terminal uridylyltransferase 7 isoform X1 [Homo sapiens]	TRUE	Tut7
XP_042914714.1	XP_005252265.1	0	N/A	25.137	183	16	5.93e-07	56.6	terminal uridylyltransferase 7 isoform X7 [Homo sapiens]	TRUE	Tut7
XP_042914714.1	XP_047272384.1	0	N/A	24.407	295	25	6.77e-07	56.2	terminal uridylyltransferase 4 isoform X46 [Homo sapiens]	TRUE	Tut4
XP_042914714.1	XP_016856293.1	0	N/A	24.407	295	25	1.43e-06	55.5	terminal uridylyltransferase 4 isoform X16 [Homo sapiens]	TRUE	Tut4
XP_042914714.1	XP_047272818.1	0	N/A	25.263	190	16	1.44e-06	54.3	poly(A) RNA polymerase GLD2 isoform X10 [Homo sapiens]	TRUE	TENT2
XP_042914714.1	XP_047272288.1	0	N/A	24.407	295	25	1.71e-06	55.1	terminal uridylyltransferase 4 isoform X10 [Homo sapiens]	TRUE	Tut4
XP_042914714.1	XP_016856292.1	0	N/A	24.407	295	25	1.91e-06	55.1	terminal uridylyltransferase 4 isoform X9 [Homo sapiens]	TRUE	Tut4
XP_042914714.1	XP_047272283.1	0	N/A	24.407	295	25	1.96e-06	55.1	terminal uridylyltransferase 4 isoform X6 [Homo sapiens]	TRUE	Tut4
XP_042914714.1	XP_005270737.1	0	N/A	24.407	295	25	1.96e-06	55.1	terminal uridylyltransferase 4 isoform X6 [Homo sapiens]	TRUE	Tut4
XP_042914714.1	XP_016856299.1	0	N/A	24.407	295	25	2.11e-06	55.1	terminal uridylyltransferase 4 isoform X40 [Homo sapiens]	TRUE	Tut4
XP_042914714.1	XP_047272285.1	0	N/A	24.407	295	25	2.13e-06	55.1	terminal uridylyltransferase 4 isoform X7 [Homo sapiens]	TRUE	Tut4
XP_042914714.1	XP_047272282.1	0	N/A	24.407	295	25	2.4e-06	54.7	terminal uridylyltransferase 4 isoform X5 [Homo sapiens]	TRUE	Tut4
XP_042914714.1	NP_056084.1	0	N/A	24.407	295	25	2.4e-06	54.7	terminal uridylyltransferase 4 isoform b [Homo sapiens]	TRUE	Tut4
XP_042914714.1	XP_016856297.1	0	N/A	24.407	295	25	2.48e-06	54.7	terminal uridylyltransferase 4 isoform X36 [Homo sapiens]	TRUE	Tut4
XP_042914714.1	XP_047272281.1	0	N/A	24.407	295	25	2.51e-06	54.7	terminal uridylyltransferase 4 isoform X4 [Homo sapiens]	TRUE	Tut4
XP_042914714.1	NP_001009881.1	0	N/A	24.407	295	25	2.51e-06	54.7	terminal uridylyltransferase 4 isoform a [Homo sapiens]	TRUE	Tut4
XP_042914714.1	XP_047272365.1	0	N/A	24.407	295	25	2.68e-06	54.7	terminal uridylyltransferase 4 isoform X38 [Homo sapiens]	TRUE	Tut4
XP_042914714.1	XP_047272280.1	0	N/A	24.407	295	25	2.8e-06	54.7	terminal uridylyltransferase 4 isoform X3 [Homo sapiens]	TRUE	Tut4
XP_042914714.1	XP_005270736.1	0	N/A	24.407	295	25	2.8e-06	54.7	terminal uridylyltransferase 4 isoform X3 [Homo sapiens]	TRUE	Tut4
XP_042914714.1	XP_047272345.1	0	N/A	24.407	295	25	2.84e-06	54.7	terminal uridylyltransferase 4 isoform X31 [Homo sapiens]	TRUE	Tut4
XP_042914714.1	XP_011539399.1	0	N/A	24.407	295	25	3.07e-06	54.3	terminal uridylyltransferase 4 isoform X1 [Homo sapiens]	TRUE	Tut4
XP_042914714.1	XP_005270733.1	0	N/A	24.407	295	25	3.07e-06	54.3	terminal uridylyltransferase 4 isoform X1 [Homo sapiens]	TRUE	Tut4
XP_042914714.1	XP_005270739.1	0	N/A	24.407	295	25	3.09e-06	54.3	terminal uridylyltransferase 4 isoform X33 [Homo sapiens]	TRUE	Tut4
XP_042914714.1	XP_005270735.1	0	N/A	24.407	295	25	3.1e-06	54.3	terminal uridylyltransferase 4 isoform X2 [Homo sapiens]	TRUE	Tut4
XP_042914714.1	XP_016856296.1	0	N/A	24.407	295	25	3.1e-06	54.3	terminal uridylyltransferase 4 isoform X28 [Homo sapiens]	TRUE	Tut4
XP_042914714.1	XP_011539401.1	0	N/A	24.407	295	25	3.49e-06	54.3	terminal uridylyltransferase 4 isoform X29 [Homo sapiens]	TRUE	Tut4
XP_042914714.1	XP_047272337.1	0	N/A	24.407	295	25	3.8e-06	54.3	terminal uridylyltransferase 4 isoform X27 [Homo sapiens]	TRUE	Tut4
XP_042914714.1	XP_016856295.1	0	N/A	24.407	295	25	4.35e-06	53.9	terminal uridylyltransferase 4 isoform X25 [Homo sapiens]	TRUE	Tut4
XP_042914714.1	NP_001375065.1	0	N/A	24.731	186	16	4.99e-06	52.8	poly(A) RNA polymerase GLD2 isoform 14 [Homo sapiens]	TRUE	TENT2
XP_042914714.1	XP_047272325.1	0	N/A	24.407	295	25	6.16e-06	53.5	terminal uridylyltransferase 4 isoform X23 [Homo sapiens]	TRUE	Tut4
XP_042914714.1	XP_047272808.1	0	N/A	24.737	190	16	2.3e-05	50.8	poly(A) RNA polymerase GLD2 isoform X3 [Homo sapiens]	TRUE	TENT2
XP_042914714.1	XP_047272807.1	0	N/A	24.737	190	16	2.3e-05	50.8	poly(A) RNA polymerase GLD2 isoform X3 [Homo sapiens]	TRUE	TENT2
XP_042914714.1	XP_047272806.1	0	N/A	24.737	190	16	2.3e-05	50.8	poly(A) RNA polymerase GLD2 isoform X3 [Homo sapiens]	TRUE	TENT2
XP_042914714.1	NP_776158.2	0	N/A	24.737	190	16	2.3e-05	50.8	poly(A) RNA polymerase GLD2 isoform 1 [Homo sapiens]	TRUE	TENT2
XP_042914714.1	NP_001375041.1	0	N/A	24.737	190	16	2.3e-05	50.8	poly(A) RNA polymerase GLD2 isoform 1 [Homo sapiens]	TRUE	TENT2
XP_042914714.1	NP_001375040.1	0	N/A	24.737	190	16	2.3e-05	50.8	poly(A) RNA polymerase GLD2 isoform 1 [Homo sapiens]	TRUE	TENT2
XP_042914714.1	NP_001375039.1	0	N/A	24.737	190	16	2.3e-05	50.8	poly(A) RNA polymerase GLD2 isoform 1 [Homo sapiens]	TRUE	TENT2
XP_042914714.1	NP_001375038.1	0	N/A	24.737	190	16	2.3e-05	50.8	poly(A) RNA polymerase GLD2 isoform 1 [Homo sapiens]	TRUE	TENT2
XP_042914714.1	NP_001375037.1	0	N/A	24.737	190	16	2.3e-05	50.8	poly(A) RNA polymerase GLD2 isoform 1 [Homo sapiens]	TRUE	TENT2
XP_042914714.1	NP_001375036.1	0	N/A	24.737	190	16	2.3e-05	50.8	poly(A) RNA polymerase GLD2 isoform 1 [Homo sapiens]	TRUE	TENT2
XP_042914714.1	NP_001375035.1	0	N/A	24.737	190	16	2.3e-05	50.8	poly(A) RNA polymerase GLD2 isoform 1 [Homo sapiens]	TRUE	TENT2
XP_042914714.1	NP_001375034.1	0	N/A	24.737	190	16	2.3e-05	50.8	poly(A) RNA polymerase GLD2 isoform 1 [Homo sapiens]	TRUE	TENT2
XP_042914714.1	NP_001375032.1	0	N/A	24.737	190	16	2.3e-05	50.8	poly(A) RNA polymerase GLD2 isoform 1 [Homo sapiens]	TRUE	TENT2
XP_042914714.1	NP_001375031.1	0	N/A	24.737	190	16	2.3e-05	50.8	poly(A) RNA polymerase GLD2 isoform 1 [Homo sapiens]	TRUE	TENT2
XP_042914714.1	NP_001336482.1	0	N/A	24.737	190	16	2.3e-05	50.8	poly(A) RNA polymerase GLD2 isoform 1 [Homo sapiens]	TRUE	TENT2
XP_042914714.1	NP_001336481.1	0	N/A	24.737	190	16	2.3e-05	50.8	poly(A) RNA polymerase GLD2 isoform 1 [Homo sapiens]	TRUE	TENT2
XP_042914714.1	NP_001107866.1	0	N/A	24.737	190	16	2.3e-05	50.8	poly(A) RNA polymerase GLD2 isoform 1 [Homo sapiens]	TRUE	TENT2
XP_042914714.1	NP_001107865.1	0	N/A	24.737	190	16	2.3e-05	50.8	poly(A) RNA polymerase GLD2 isoform 1 [Homo sapiens]	TRUE	TENT2
XP_042914714.1	NP_001375042.1	0	N/A	24.737	190	16	2.37e-05	50.8	poly(A) RNA polymerase GLD2 isoform 16 [Homo sapiens]	TRUE	TENT2
XP_042914714.1	NP_001375060.1	0	N/A	24.737	190	16	2.79e-05	50.8	poly(A) RNA polymerase GLD2 isoform 11 [Homo sapiens]	TRUE	TENT2
XP_042914714.1	XP_047272811.1	0	N/A	24.731	186	16	4.39e-05	50.1	poly(A) RNA polymerase GLD2 isoform X4 [Homo sapiens]	TRUE	TENT2
XP_042914714.1	XP_047272810.1	0	N/A	24.731	186	16	4.39e-05	50.1	poly(A) RNA polymerase GLD2 isoform X4 [Homo sapiens]	TRUE	TENT2
XP_042914714.1	XP_047272809.1	0	N/A	24.731	186	16	4.39e-05	50.1	poly(A) RNA polymerase GLD2 isoform X4 [Homo sapiens]	TRUE	TENT2
XP_042914714.1	NP_001375058.1	0	N/A	24.731	186	16	4.39e-05	50.1	poly(A) RNA polymerase GLD2 isoform 2 [Homo sapiens]	TRUE	TENT2
XP_042914714.1	NP_001375057.1	0	N/A	24.731	186	16	4.39e-05	50.1	poly(A) RNA polymerase GLD2 isoform 2 [Homo sapiens]	TRUE	TENT2
XP_042914714.1	NP_001375056.1	0	N/A	24.731	186	16	4.39e-05	50.1	poly(A) RNA polymerase GLD2 isoform 2 [Homo sapiens]	TRUE	TENT2
XP_042914714.1	NP_001375055.1	0	N/A	24.731	186	16	4.39e-05	50.1	poly(A) RNA polymerase GLD2 isoform 2 [Homo sapiens]	TRUE	TENT2
XP_042914714.1	NP_001375054.1	0	N/A	24.731	186	16	4.39e-05	50.1	poly(A) RNA polymerase GLD2 isoform 2 [Homo sapiens]	TRUE	TENT2
XP_042914714.1	NP_001375053.1	0	N/A	24.731	186	16	4.39e-05	50.1	poly(A) RNA polymerase GLD2 isoform 2 [Homo sapiens]	TRUE	TENT2
XP_042914714.1	NP_001375052.1	0	N/A	24.731	186	16	4.39e-05	50.1	poly(A) RNA polymerase GLD2 isoform 2 [Homo sapiens]	TRUE	TENT2
XP_042914714.1	NP_001375051.1	0	N/A	24.731	186	16	4.39e-05	50.1	poly(A) RNA polymerase GLD2 isoform 2 [Homo sapiens]	TRUE	TENT2
XP_042914714.1	NP_001375050.1	0	N/A	24.731	186	16	4.39e-05	50.1	poly(A) RNA polymerase GLD2 isoform 2 [Homo sapiens]	TRUE	TENT2
XP_042914714.1	NP_001375049.1	0	N/A	24.731	186	16	4.39e-05	50.1	poly(A) RNA polymerase GLD2 isoform 2 [Homo sapiens]	TRUE	TENT2
XP_042914714.1	NP_001375048.1	0	N/A	24.731	186	16	4.39e-05	50.1	poly(A) RNA polymerase GLD2 isoform 2 [Homo sapiens]	TRUE	TENT2
XP_042914714.1	NP_001375047.1	0	N/A	24.731	186	16	4.39e-05	50.1	poly(A) RNA polymerase GLD2 isoform 2 [Homo sapiens]	TRUE	TENT2
XP_042914714.1	NP_001375046.1	0	N/A	24.731	186	16	4.39e-05	50.1	poly(A) RNA polymerase GLD2 isoform 2 [Homo sapiens]	TRUE	TENT2
XP_042914714.1	NP_001375045.1	0	N/A	24.731	186	16	4.39e-05	50.1	poly(A) RNA polymerase GLD2 isoform 2 [Homo sapiens]	TRUE	TENT2
XP_042916680.1	XP_047272820.1	0	N/A	36.842	114	10	5.69e-12	69.7	poly(A) RNA polymerase GLD2 isoform X11 [Homo sapiens]	TRUE	TENT2
XP_042916680.1	XP_047272805.1	0	N/A	36.842	114	10	1.11e-11	71.2	poly(A) RNA polymerase GLD2 isoform X2 [Homo sapiens]	TRUE	TENT2
XP_042916680.1	XP_047272804.1	0	N/A	36.842	114	10	1.11e-11	71.2	poly(A) RNA polymerase GLD2 isoform X2 [Homo sapiens]	TRUE	TENT2
XP_042916680.1	XP_047272803.1	0	N/A	36.842	114	10	1.11e-11	71.2	poly(A) RNA polymerase GLD2 isoform X2 [Homo sapiens]	TRUE	TENT2
XP_042916680.1	XP_047272802.1	0	N/A	36.842	114	10	1.11e-11	71.2	poly(A) RNA polymerase GLD2 isoform X2 [Homo sapiens]	TRUE	TENT2
XP_042916680.1	XP_016864641.1	0	N/A	36.842	114	10	1.11e-11	71.2	poly(A) RNA polymerase GLD2 isoform X2 [Homo sapiens]	TRUE	TENT2
XP_042916680.1	NP_001375026.1	0	N/A	36.842	114	10	1.11e-11	71.2	poly(A) RNA polymerase GLD2 isoform 6 [Homo sapiens]	TRUE	TENT2
XP_042916680.1	NP_001375025.1	0	N/A	36.842	114	10	1.11e-11	71.2	poly(A) RNA polymerase GLD2 isoform 6 [Homo sapiens]	TRUE	TENT2
XP_042916680.1	NP_001375024.1	0	N/A	36.842	114	10	1.11e-11	71.2	poly(A) RNA polymerase GLD2 isoform 6 [Homo sapiens]	TRUE	TENT2
XP_042916680.1	NP_001336480.1	0	N/A	36.842	114	10	1.11e-11	71.2	poly(A) RNA polymerase GLD2 isoform 6 [Homo sapiens]	TRUE	TENT2
XP_042916680.1	NP_001375027.1	0	N/A	36.842	114	10	1.13e-11	71.2	poly(A) RNA polymerase GLD2 isoform 7 [Homo sapiens]	TRUE	TENT2
XP_042916680.1	NP_001336477.1	0	N/A	36.792	106	10	1.27e-11	68.9	poly(A) RNA polymerase GLD2 isoform 4 [Homo sapiens]	TRUE	TENT2
XP_042916680.1	XP_047272801.1	0	N/A	36.842	114	10	1.33e-11	70.9	poly(A) RNA polymerase GLD2 isoform X1 [Homo sapiens]	TRUE	TENT2
XP_042916680.1	XP_047272800.1	0	N/A	36.842	114	10	1.33e-11	70.9	poly(A) RNA polymerase GLD2 isoform X1 [Homo sapiens]	TRUE	TENT2
XP_042916680.1	XP_011541527.1	0	N/A	36.842	114	10	1.33e-11	70.9	poly(A) RNA polymerase GLD2 isoform X1 [Homo sapiens]	TRUE	TENT2
XP_042916680.1	XP_011541526.1	0	N/A	36.842	114	10	1.33e-11	70.9	poly(A) RNA polymerase GLD2 isoform X1 [Homo sapiens]	TRUE	TENT2
XP_042916680.1	XP_011541523.1	0	N/A	36.842	114	10	1.33e-11	70.9	poly(A) RNA polymerase GLD2 isoform X1 [Homo sapiens]	TRUE	TENT2
XP_042916680.1	XP_011541522.1	0	N/A	36.842	114	10	1.33e-11	70.9	poly(A) RNA polymerase GLD2 isoform X1 [Homo sapiens]	TRUE	TENT2
XP_042916680.1	NP_001375023.1	0	N/A	36.842	114	10	1.33e-11	70.9	poly(A) RNA polymerase GLD2 isoform 5 [Homo sapiens]	TRUE	TENT2
XP_042916680.1	NP_001375022.1	0	N/A	36.842	114	10	1.33e-11	70.9	poly(A) RNA polymerase GLD2 isoform 5 [Homo sapiens]	TRUE	TENT2
XP_042916680.1	NP_001336479.1	0	N/A	36.842	114	10	1.33e-11	70.9	poly(A) RNA polymerase GLD2 isoform 5 [Homo sapiens]	TRUE	TENT2
XP_042916680.1	NP_001336478.1	0	N/A	36.842	114	10	1.33e-11	70.9	poly(A) RNA polymerase GLD2 isoform 5 [Homo sapiens]	TRUE	TENT2
XP_042916680.1	NP_001375030.1	0	N/A	28.054	221	20	1.4e-11	70.9	poly(A) RNA polymerase GLD2 isoform 9 [Homo sapiens]	TRUE	TENT2
XP_042916680.1	XP_047272811.1	0	N/A	37.143	105	10	1.61e-11	70.5	poly(A) RNA polymerase GLD2 isoform X4 [Homo sapiens]	TRUE	TENT2
XP_042916680.1	XP_047272810.1	0	N/A	37.143	105	10	1.61e-11	70.5	poly(A) RNA polymerase GLD2 isoform X4 [Homo sapiens]	TRUE	TENT2
XP_042916680.1	XP_047272809.1	0	N/A	37.143	105	10	1.61e-11	70.5	poly(A) RNA polymerase GLD2 isoform X4 [Homo sapiens]	TRUE	TENT2
XP_042916680.1	NP_001375058.1	0	N/A	37.143	105	10	1.61e-11	70.5	poly(A) RNA polymerase GLD2 isoform 2 [Homo sapiens]	TRUE	TENT2
XP_042916680.1	NP_001375057.1	0	N/A	37.143	105	10	1.61e-11	70.5	poly(A) RNA polymerase GLD2 isoform 2 [Homo sapiens]	TRUE	TENT2
XP_042916680.1	NP_001375056.1	0	N/A	37.143	105	10	1.61e-11	70.5	poly(A) RNA polymerase GLD2 isoform 2 [Homo sapiens]	TRUE	TENT2
XP_042916680.1	NP_001375055.1	0	N/A	37.143	105	10	1.61e-11	70.5	poly(A) RNA polymerase GLD2 isoform 2 [Homo sapiens]	TRUE	TENT2
XP_042916680.1	NP_001375054.1	0	N/A	37.143	105	10	1.61e-11	70.5	poly(A) RNA polymerase GLD2 isoform 2 [Homo sapiens]	TRUE	TENT2
XP_042916680.1	NP_001375053.1	0	N/A	37.143	105	10	1.61e-11	70.5	poly(A) RNA polymerase GLD2 isoform 2 [Homo sapiens]	TRUE	TENT2
XP_042916680.1	NP_001375052.1	0	N/A	37.143	105	10	1.61e-11	70.5	poly(A) RNA polymerase GLD2 isoform 2 [Homo sapiens]	TRUE	TENT2
XP_042916680.1	NP_001375051.1	0	N/A	37.143	105	10	1.61e-11	70.5	poly(A) RNA polymerase GLD2 isoform 2 [Homo sapiens]	TRUE	TENT2
XP_042916680.1	NP_001375050.1	0	N/A	37.143	105	10	1.61e-11	70.5	poly(A) RNA polymerase GLD2 isoform 2 [Homo sapiens]	TRUE	TENT2
XP_042916680.1	NP_001375049.1	0	N/A	37.143	105	10	1.61e-11	70.5	poly(A) RNA polymerase GLD2 isoform 2 [Homo sapiens]	TRUE	TENT2
XP_042916680.1	NP_001375048.1	0	N/A	37.143	105	10	1.61e-11	70.5	poly(A) RNA polymerase GLD2 isoform 2 [Homo sapiens]	TRUE	TENT2
XP_042916680.1	NP_001375047.1	0	N/A	37.143	105	10	1.61e-11	70.5	poly(A) RNA polymerase GLD2 isoform 2 [Homo sapiens]	TRUE	TENT2
XP_042916680.1	NP_001375046.1	0	N/A	37.143	105	10	1.61e-11	70.5	poly(A) RNA polymerase GLD2 isoform 2 [Homo sapiens]	TRUE	TENT2
XP_042916680.1	NP_001375045.1	0	N/A	37.143	105	10	1.61e-11	70.5	poly(A) RNA polymerase GLD2 isoform 2 [Homo sapiens]	TRUE	TENT2
XP_042916680.1	NP_001375044.1	0	N/A	37.143	105	10	1.61e-11	70.5	poly(A) RNA polymerase GLD2 isoform 2 [Homo sapiens]	TRUE	TENT2
XP_042916680.1	NP_001375043.1	0	N/A	37.143	105	10	1.61e-11	70.5	poly(A) RNA polymerase GLD2 isoform 2 [Homo sapiens]	TRUE	TENT2
XP_042916680.1	NP_001336483.1	0	N/A	37.143	105	10	1.61e-11	70.5	poly(A) RNA polymerase GLD2 isoform 2 [Homo sapiens]	TRUE	TENT2
XP_042916680.1	NP_001284673.1	0	N/A	37.143	105	10	1.61e-11	70.5	poly(A) RNA polymerase GLD2 isoform 2 [Homo sapiens]	TRUE	TENT2
XP_042916680.1	NP_001375059.1	0	N/A	37.143	105	10	1.8e-11	70.5	poly(A) RNA polymerase GLD2 isoform 10 [Homo sapiens]	TRUE	TENT2
XP_042916680.1	NP_001375042.1	0	N/A	37.143	105	10	1.95e-11	70.5	poly(A) RNA polymerase GLD2 isoform 16 [Homo sapiens]	TRUE	TENT2
XP_042916680.1	XP_047272808.1	0	N/A	37.143	105	10	2.03e-11	70.5	poly(A) RNA polymerase GLD2 isoform X3 [Homo sapiens]	TRUE	TENT2
XP_042916680.1	XP_047272807.1	0	N/A	37.143	105	10	2.03e-11	70.5	poly(A) RNA polymerase GLD2 isoform X3 [Homo sapiens]	TRUE	TENT2
XP_042916680.1	XP_047272806.1	0	N/A	37.143	105	10	2.03e-11	70.5	poly(A) RNA polymerase GLD2 isoform X3 [Homo sapiens]	TRUE	TENT2
XP_042916680.1	NP_776158.2	0	N/A	37.143	105	10	2.03e-11	70.5	poly(A) RNA polymerase GLD2 isoform 1 [Homo sapiens]	TRUE	TENT2
XP_042916680.1	NP_001375041.1	0	N/A	37.143	105	10	2.03e-11	70.5	poly(A) RNA polymerase GLD2 isoform 1 [Homo sapiens]	TRUE	TENT2
XP_042916680.1	NP_001375040.1	0	N/A	37.143	105	10	2.03e-11	70.5	poly(A) RNA polymerase GLD2 isoform 1 [Homo sapiens]	TRUE	TENT2
XP_042916680.1	NP_001375039.1	0	N/A	37.143	105	10	2.03e-11	70.5	poly(A) RNA polymerase GLD2 isoform 1 [Homo sapiens]	TRUE	TENT2
XP_042916680.1	NP_001375038.1	0	N/A	37.143	105	10	2.03e-11	70.5	poly(A) RNA polymerase GLD2 isoform 1 [Homo sapiens]	TRUE	TENT2
XP_042916680.1	NP_001375037.1	0	N/A	37.143	105	10	2.03e-11	70.5	poly(A) RNA polymerase GLD2 isoform 1 [Homo sapiens]	TRUE	TENT2
XP_042916680.1	NP_001375036.1	0	N/A	37.143	105	10	2.03e-11	70.5	poly(A) RNA polymerase GLD2 isoform 1 [Homo sapiens]	TRUE	TENT2
XP_042916680.1	NP_001375035.1	0	N/A	37.143	105	10	2.03e-11	70.5	poly(A) RNA polymerase GLD2 isoform 1 [Homo sapiens]	TRUE	TENT2
XP_042916680.1	NP_001375034.1	0	N/A	37.143	105	10	2.03e-11	70.5	poly(A) RNA polymerase GLD2 isoform 1 [Homo sapiens]	TRUE	TENT2
XP_042916680.1	NP_001375032.1	0	N/A	37.143	105	10	2.03e-11	70.5	poly(A) RNA polymerase GLD2 isoform 1 [Homo sapiens]	TRUE	TENT2
XP_042916680.1	NP_001375031.1	0	N/A	37.143	105	10	2.03e-11	70.5	poly(A) RNA polymerase GLD2 isoform 1 [Homo sapiens]	TRUE	TENT2
XP_042916680.1	NP_001336482.1	0	N/A	37.143	105	10	2.03e-11	70.5	poly(A) RNA polymerase GLD2 isoform 1 [Homo sapiens]	TRUE	TENT2
XP_042916680.1	NP_001336481.1	0	N/A	37.143	105	10	2.03e-11	70.5	poly(A) RNA polymerase GLD2 isoform 1 [Homo sapiens]	TRUE	TENT2
XP_042916680.1	NP_001107866.1	0	N/A	37.143	105	10	2.03e-11	70.5	poly(A) RNA polymerase GLD2 isoform 1 [Homo sapiens]	TRUE	TENT2
XP_042916680.1	NP_001107865.1	0	N/A	37.143	105	10	2.03e-11	70.5	poly(A) RNA polymerase GLD2 isoform 1 [Homo sapiens]	TRUE	TENT2
XP_042916680.1	NP_001375061.1	0	N/A	37.143	105	10	2.37e-11	70.1	poly(A) RNA polymerase GLD2 isoform 12 [Homo sapiens]	TRUE	TENT2
XP_042916680.1	NP_001375029.1	0	N/A	37.143	105	10	2.62e-11	70.1	poly(A) RNA polymerase GLD2 isoform 8 [Homo sapiens]	TRUE	TENT2
XP_042916680.1	NP_001375028.1	0	N/A	37.143	105	10	2.62e-11	70.1	poly(A) RNA polymerase GLD2 isoform 8 [Homo sapiens]	TRUE	TENT2
XP_042916680.1	NP_001375060.1	0	N/A	37.143	105	10	2.77e-11	69.7	poly(A) RNA polymerase GLD2 isoform 11 [Homo sapiens]	TRUE	TENT2
XP_042916680.1	NP_001375065.1	0	N/A	36.792	106	10	3.67e-11	68.9	poly(A) RNA polymerase GLD2 isoform 14 [Homo sapiens]	TRUE	TENT2
XP_042916680.1	NP_001035375.2	0	N/A	26.57	207	19	1.73e-09	64.7	terminal nucleotidyltransferase 4B isoform b [Homo sapiens]	TRUE	TENT4B
XP_042916680.1	XP_011521578.1	0	N/A	26.57	207	19	1.73e-09	64.7	terminal nucleotidyltransferase 4B isoform X2 [Homo sapiens]	TRUE	TENT4B
XP_042916680.1	XP_047272817.1	0	N/A	37.634	93	8	2.78e-09	62.8	poly(A) RNA polymerase GLD2 isoform X9 [Homo sapiens]	TRUE	TENT2
XP_042916680.1	XP_047272816.1	0	N/A	37.634	93	8	3.07e-09	62.8	poly(A) RNA polymerase GLD2 isoform X8 [Homo sapiens]	TRUE	TENT2
XP_042916680.1	XP_047290431.1	0	N/A	25.463	216	20	3.25e-09	63.5	terminal nucleotidyltransferase 4B isoform X3 [Homo sapiens]	TRUE	TENT4B
XP_042916680.1	XP_047290432.1	0	N/A	26.57	207	19	3.65e-09	63.5	terminal nucleotidyltransferase 4B isoform X4 [Homo sapiens]	TRUE	TENT4B
XP_042916680.1	XP_047290433.1	0	N/A	26.57	207	19	4.38e-09	62.8	terminal nucleotidyltransferase 4B isoform X6 [Homo sapiens]	TRUE	TENT4B
XP_042916680.1	NP_001352252.1	0	N/A	26.57	207	19	6.88e-09	62.8	terminal nucleotidyltransferase 4B isoform c [Homo sapiens]	TRUE	TENT4B
XP_042916680.1	XP_011521580.1	0	N/A	26.57	207	19	8.3e-09	62	terminal nucleotidyltransferase 4B isoform X5 [Homo sapiens]	TRUE	TENT4B
XP_042916680.1	NP_060579.3	0	N/A	24	250	22	1.41e-08	61.6	poly(A) RNA polymerase, mitochondrial precursor [Homo sapiens]	TRUE	mtPAP
XP_042916680.1	NP_001375066.1	0	N/A	30.147	136	12	2.9e-07	55.8	poly(A) RNA polymerase GLD2 isoform 15 [Homo sapiens]	TRUE	TENT2
XP_042916680.1	XP_047272818.1	0	N/A	37.647	85	8	2.96e-07	56.6	poly(A) RNA polymerase GLD2 isoform X10 [Homo sapiens]	TRUE	TENT2
XP_042917398.1	NP_001165276.2	0	N/A	28.969	359	51	3.35e-29	126	terminal nucleotidyltransferase 4A isoform 2 [Homo sapiens]	TRUE	TENT4A
XP_042917398.1	NP_008930.2	0	N/A	28.969	359	51	3.41e-29	126	terminal nucleotidyltransferase 4A isoform 1 [Homo sapiens]	TRUE	TENT4A
XP_042917398.1	XP_047290433.1	0	N/A	32.068	237	35	1.82e-28	122	terminal nucleotidyltransferase 4B isoform X6 [Homo sapiens]	TRUE	TENT4B
XP_042917398.1	XP_011521580.1	0	N/A	32.068	237	35	4.09e-28	121	terminal nucleotidyltransferase 4B isoform X5 [Homo sapiens]	TRUE	TENT4B
XP_042917398.1	NP_001035375.2	0	N/A	32.068	237	35	6.43e-28	122	terminal nucleotidyltransferase 4B isoform b [Homo sapiens]	TRUE	TENT4B
XP_042917398.1	XP_011521578.1	0	N/A	32.068	237	35	6.46e-28	122	terminal nucleotidyltransferase 4B isoform X2 [Homo sapiens]	TRUE	TENT4B
XP_042917398.1	NP_001035374.2	0	N/A	32.068	237	35	9.2e-28	121	terminal nucleotidyltransferase 4B isoform a [Homo sapiens]	TRUE	TENT4B
XP_042917398.1	XP_011521577.1	0	N/A	32.068	237	35	9.23e-28	121	terminal nucleotidyltransferase 4B isoform X1 [Homo sapiens]	TRUE	TENT4B
XP_042917398.1	XP_047290431.1	0	N/A	32.068	237	35	1.03e-27	121	terminal nucleotidyltransferase 4B isoform X3 [Homo sapiens]	TRUE	TENT4B
XP_042917398.1	XP_047290432.1	0	N/A	32.068	237	35	1.11e-27	121	terminal nucleotidyltransferase 4B isoform X4 [Homo sapiens]	TRUE	TENT4B
XP_042917398.1	NP_001352253.1	0	N/A	32.068	237	35	1.49e-27	120	terminal nucleotidyltransferase 4B isoform d [Homo sapiens]	TRUE	TENT4B
XP_042917398.1	NP_001352252.1	0	N/A	32.068	237	35	2.16e-27	120	terminal nucleotidyltransferase 4B isoform c [Homo sapiens]	TRUE	TENT4B
XP_042917398.1	XP_047272622.1	0	N/A	28.529	333	47	2.36e-26	116	terminal nucleotidyltransferase 4A isoform X1 [Homo sapiens]	TRUE	TENT4A
XP_042917398.1	XP_047272621.1	0	N/A	28.529	333	47	2.36e-26	116	terminal nucleotidyltransferase 4A isoform X1 [Homo sapiens]	TRUE	TENT4A
XP_042917398.1	XP_047272620.1	0	N/A	28.529	333	47	2.36e-26	116	terminal nucleotidyltransferase 4A isoform X1 [Homo sapiens]	TRUE	TENT4A
XP_042917398.1	XP_047272623.1	0	N/A	28.923	325	46	5.42e-26	115	terminal nucleotidyltransferase 4A isoform X2 [Homo sapiens]	TRUE	TENT4A
XP_042917398.1	XP_016864477.1	0	N/A	28.923	325	46	5.42e-26	115	terminal nucleotidyltransferase 4A isoform X2 [Homo sapiens]	TRUE	TENT4A
XP_042917398.1	XP_047272624.1	0	N/A	28.923	325	46	6.33e-26	114	terminal nucleotidyltransferase 4A isoform X3 [Homo sapiens]	TRUE	TENT4A
XP_042917398.1	NP_001375042.1	0	N/A	23.724	333	44	8.43e-15	80.1	poly(A) RNA polymerase GLD2 isoform 16 [Homo sapiens]	TRUE	TENT2
XP_042917398.1	XP_047272808.1	0	N/A	23.724	333	44	1.05e-14	79.7	poly(A) RNA polymerase GLD2 isoform X3 [Homo sapiens]	TRUE	TENT2
XP_042917398.1	XP_047272807.1	0	N/A	23.724	333	44	1.05e-14	79.7	poly(A) RNA polymerase GLD2 isoform X3 [Homo sapiens]	TRUE	TENT2
XP_042917398.1	XP_047272806.1	0	N/A	23.724	333	44	1.05e-14	79.7	poly(A) RNA polymerase GLD2 isoform X3 [Homo sapiens]	TRUE	TENT2
XP_042917398.1	NP_776158.2	0	N/A	23.724	333	44	1.05e-14	79.7	poly(A) RNA polymerase GLD2 isoform 1 [Homo sapiens]	TRUE	TENT2
XP_042917398.1	NP_001375041.1	0	N/A	23.724	333	44	1.05e-14	79.7	poly(A) RNA polymerase GLD2 isoform 1 [Homo sapiens]	TRUE	TENT2
XP_042917398.1	NP_001375040.1	0	N/A	23.724	333	44	1.05e-14	79.7	poly(A) RNA polymerase GLD2 isoform 1 [Homo sapiens]	TRUE	TENT2
XP_042917398.1	NP_001375039.1	0	N/A	23.724	333	44	1.05e-14	79.7	poly(A) RNA polymerase GLD2 isoform 1 [Homo sapiens]	TRUE	TENT2
XP_042917398.1	NP_001375038.1	0	N/A	23.724	333	44	1.05e-14	79.7	poly(A) RNA polymerase GLD2 isoform 1 [Homo sapiens]	TRUE	TENT2
XP_042917398.1	NP_001375037.1	0	N/A	23.724	333	44	1.05e-14	79.7	poly(A) RNA polymerase GLD2 isoform 1 [Homo sapiens]	TRUE	TENT2
XP_042917398.1	NP_001375036.1	0	N/A	23.724	333	44	1.05e-14	79.7	poly(A) RNA polymerase GLD2 isoform 1 [Homo sapiens]	TRUE	TENT2
XP_042917398.1	NP_001375035.1	0	N/A	23.724	333	44	1.05e-14	79.7	poly(A) RNA polymerase GLD2 isoform 1 [Homo sapiens]	TRUE	TENT2
XP_042917398.1	NP_001375034.1	0	N/A	23.724	333	44	1.05e-14	79.7	poly(A) RNA polymerase GLD2 isoform 1 [Homo sapiens]	TRUE	TENT2
XP_042917398.1	NP_001375032.1	0	N/A	23.724	333	44	1.05e-14	79.7	poly(A) RNA polymerase GLD2 isoform 1 [Homo sapiens]	TRUE	TENT2
XP_042917398.1	NP_001375031.1	0	N/A	23.724	333	44	1.05e-14	79.7	poly(A) RNA polymerase GLD2 isoform 1 [Homo sapiens]	TRUE	TENT2
XP_042917398.1	NP_001336482.1	0	N/A	23.724	333	44	1.05e-14	79.7	poly(A) RNA polymerase GLD2 isoform 1 [Homo sapiens]	TRUE	TENT2
XP_042917398.1	NP_001336481.1	0	N/A	23.724	333	44	1.05e-14	79.7	poly(A) RNA polymerase GLD2 isoform 1 [Homo sapiens]	TRUE	TENT2
XP_042917398.1	NP_001107866.1	0	N/A	23.724	333	44	1.05e-14	79.7	poly(A) RNA polymerase GLD2 isoform 1 [Homo sapiens]	TRUE	TENT2
XP_042917398.1	NP_001107865.1	0	N/A	23.724	333	44	1.05e-14	79.7	poly(A) RNA polymerase GLD2 isoform 1 [Homo sapiens]	TRUE	TENT2
XP_042917398.1	NP_001375060.1	0	N/A	23.724	333	44	1.17e-14	79.3	poly(A) RNA polymerase GLD2 isoform 11 [Homo sapiens]	TRUE	TENT2
XP_042917398.1	NP_001375029.1	0	N/A	25.085	295	38	4.29e-14	77.8	poly(A) RNA polymerase GLD2 isoform 8 [Homo sapiens]	TRUE	TENT2
XP_042917398.1	NP_001375028.1	0	N/A	25.085	295	38	4.29e-14	77.8	poly(A) RNA polymerase GLD2 isoform 8 [Homo sapiens]	TRUE	TENT2
XP_042917398.1	NP_001375059.1	0	N/A	23.724	333	44	5.99e-14	77.4	poly(A) RNA polymerase GLD2 isoform 10 [Homo sapiens]	TRUE	TENT2
XP_042917398.1	XP_047272811.1	0	N/A	23.724	333	44	7.05e-14	77	poly(A) RNA polymerase GLD2 isoform X4 [Homo sapiens]	TRUE	TENT2
XP_042917398.1	XP_047272810.1	0	N/A	23.724	333	44	7.05e-14	77	poly(A) RNA polymerase GLD2 isoform X4 [Homo sapiens]	TRUE	TENT2
XP_042917398.1	XP_047272809.1	0	N/A	23.724	333	44	7.05e-14	77	poly(A) RNA polymerase GLD2 isoform X4 [Homo sapiens]	TRUE	TENT2
XP_042917398.1	NP_001375058.1	0	N/A	23.724	333	44	7.05e-14	77	poly(A) RNA polymerase GLD2 isoform 2 [Homo sapiens]	TRUE	TENT2
XP_042917398.1	NP_001375057.1	0	N/A	23.724	333	44	7.05e-14	77	poly(A) RNA polymerase GLD2 isoform 2 [Homo sapiens]	TRUE	TENT2
XP_042917398.1	NP_001375056.1	0	N/A	23.724	333	44	7.05e-14	77	poly(A) RNA polymerase GLD2 isoform 2 [Homo sapiens]	TRUE	TENT2
XP_042917398.1	NP_001375055.1	0	N/A	23.724	333	44	7.05e-14	77	poly(A) RNA polymerase GLD2 isoform 2 [Homo sapiens]	TRUE	TENT2
XP_042917398.1	NP_001375054.1	0	N/A	23.724	333	44	7.05e-14	77	poly(A) RNA polymerase GLD2 isoform 2 [Homo sapiens]	TRUE	TENT2
XP_042917398.1	NP_001375053.1	0	N/A	23.724	333	44	7.05e-14	77	poly(A) RNA polymerase GLD2 isoform 2 [Homo sapiens]	TRUE	TENT2
XP_042917398.1	NP_001375052.1	0	N/A	23.724	333	44	7.05e-14	77	poly(A) RNA polymerase GLD2 isoform 2 [Homo sapiens]	TRUE	TENT2
XP_042917398.1	NP_001375051.1	0	N/A	23.724	333	44	7.05e-14	77	poly(A) RNA polymerase GLD2 isoform 2 [Homo sapiens]	TRUE	TENT2
XP_042917398.1	NP_001375050.1	0	N/A	23.724	333	44	7.05e-14	77	poly(A) RNA polymerase GLD2 isoform 2 [Homo sapiens]	TRUE	TENT2
XP_042917398.1	NP_001375049.1	0	N/A	23.724	333	44	7.05e-14	77	poly(A) RNA polymerase GLD2 isoform 2 [Homo sapiens]	TRUE	TENT2
XP_042917398.1	NP_001375048.1	0	N/A	23.724	333	44	7.05e-14	77	poly(A) RNA polymerase GLD2 isoform 2 [Homo sapiens]	TRUE	TENT2
XP_042917398.1	NP_001375047.1	0	N/A	23.724	333	44	7.05e-14	77	poly(A) RNA polymerase GLD2 isoform 2 [Homo sapiens]	TRUE	TENT2
XP_042917398.1	NP_001375046.1	0	N/A	23.724	333	44	7.05e-14	77	poly(A) RNA polymerase GLD2 isoform 2 [Homo sapiens]	TRUE	TENT2
XP_042917398.1	NP_001375045.1	0	N/A	23.724	333	44	7.05e-14	77	poly(A) RNA polymerase GLD2 isoform 2 [Homo sapiens]	TRUE	TENT2
XP_042917398.1	NP_001375044.1	0	N/A	23.724	333	44	7.05e-14	77	poly(A) RNA polymerase GLD2 isoform 2 [Homo sapiens]	TRUE	TENT2
XP_042917398.1	NP_001375043.1	0	N/A	23.724	333	44	7.05e-14	77	poly(A) RNA polymerase GLD2 isoform 2 [Homo sapiens]	TRUE	TENT2
XP_042917398.1	NP_001336483.1	0	N/A	23.724	333	44	7.05e-14	77	poly(A) RNA polymerase GLD2 isoform 2 [Homo sapiens]	TRUE	TENT2
XP_042917398.1	NP_001284673.1	0	N/A	23.724	333	44	7.05e-14	77	poly(A) RNA polymerase GLD2 isoform 2 [Homo sapiens]	TRUE	TENT2
XP_042917398.1	NP_001375065.1	0	N/A	23.164	354	47	8.5e-14	75.9	poly(A) RNA polymerase GLD2 isoform 14 [Homo sapiens]	TRUE	TENT2
XP_042917398.1	NP_001375061.1	0	N/A	23.724	333	44	1.01e-13	76.6	poly(A) RNA polymerase GLD2 isoform 12 [Homo sapiens]	TRUE	TENT2
XP_042917398.1	NP_001375030.1	0	N/A	25.085	295	38	3.43e-13	75.1	poly(A) RNA polymerase GLD2 isoform 9 [Homo sapiens]	TRUE	TENT2
XP_042917398.1	XP_047272801.1	0	N/A	23.164	354	44	1.28e-12	73.2	poly(A) RNA polymerase GLD2 isoform X1 [Homo sapiens]	TRUE	TENT2
XP_042917398.1	XP_047272800.1	0	N/A	23.164	354	44	1.28e-12	73.2	poly(A) RNA polymerase GLD2 isoform X1 [Homo sapiens]	TRUE	TENT2
XP_042917398.1	XP_011541527.1	0	N/A	23.164	354	44	1.28e-12	73.2	poly(A) RNA polymerase GLD2 isoform X1 [Homo sapiens]	TRUE	TENT2
XP_042917398.1	XP_011541526.1	0	N/A	23.164	354	44	1.28e-12	73.2	poly(A) RNA polymerase GLD2 isoform X1 [Homo sapiens]	TRUE	TENT2
XP_042917398.1	XP_011541523.1	0	N/A	23.164	354	44	1.28e-12	73.2	poly(A) RNA polymerase GLD2 isoform X1 [Homo sapiens]	TRUE	TENT2
XP_042917398.1	XP_011541522.1	0	N/A	23.164	354	44	1.28e-12	73.2	poly(A) RNA polymerase GLD2 isoform X1 [Homo sapiens]	TRUE	TENT2
XP_042917398.1	NP_001375023.1	0	N/A	23.164	354	44	1.28e-12	73.2	poly(A) RNA polymerase GLD2 isoform 5 [Homo sapiens]	TRUE	TENT2
XP_042917398.1	NP_001375022.1	0	N/A	23.164	354	44	1.28e-12	73.2	poly(A) RNA polymerase GLD2 isoform 5 [Homo sapiens]	TRUE	TENT2
XP_042917398.1	NP_001336479.1	0	N/A	23.164	354	44	1.28e-12	73.2	poly(A) RNA polymerase GLD2 isoform 5 [Homo sapiens]	TRUE	TENT2
XP_042917398.1	NP_001336478.1	0	N/A	23.164	354	44	1.28e-12	73.2	poly(A) RNA polymerase GLD2 isoform 5 [Homo sapiens]	TRUE	TENT2
XP_042917398.1	XP_047272805.1	0	N/A	24	350	44	1.82e-12	72.8	poly(A) RNA polymerase GLD2 isoform X2 [Homo sapiens]	TRUE	TENT2
XP_042917398.1	XP_047272804.1	0	N/A	24	350	44	1.82e-12	72.8	poly(A) RNA polymerase GLD2 isoform X2 [Homo sapiens]	TRUE	TENT2
XP_042917398.1	XP_047272803.1	0	N/A	24	350	44	1.82e-12	72.8	poly(A) RNA polymerase GLD2 isoform X2 [Homo sapiens]	TRUE	TENT2
XP_042917398.1	XP_047272802.1	0	N/A	24	350	44	1.82e-12	72.8	poly(A) RNA polymerase GLD2 isoform X2 [Homo sapiens]	TRUE	TENT2
XP_042917398.1	XP_016864641.1	0	N/A	24	350	44	1.82e-12	72.8	poly(A) RNA polymerase GLD2 isoform X2 [Homo sapiens]	TRUE	TENT2
XP_042917398.1	NP_001375026.1	0	N/A	24	350	44	1.82e-12	72.8	poly(A) RNA polymerase GLD2 isoform 6 [Homo sapiens]	TRUE	TENT2
XP_042917398.1	NP_001375025.1	0	N/A	24	350	44	1.82e-12	72.8	poly(A) RNA polymerase GLD2 isoform 6 [Homo sapiens]	TRUE	TENT2
XP_042917398.1	NP_001375024.1	0	N/A	24	350	44	1.82e-12	72.8	poly(A) RNA polymerase GLD2 isoform 6 [Homo sapiens]	TRUE	TENT2
XP_042917398.1	NP_001336480.1	0	N/A	24	350	44	1.82e-12	72.8	poly(A) RNA polymerase GLD2 isoform 6 [Homo sapiens]	TRUE	TENT2
XP_042917398.1	NP_001375027.1	0	N/A	24	350	44	2.05e-12	72.8	poly(A) RNA polymerase GLD2 isoform 7 [Homo sapiens]	TRUE	TENT2
XP_042917398.1	XP_047272820.1	0	N/A	26.033	242	30	3.15e-12	69.7	poly(A) RNA polymerase GLD2 isoform X11 [Homo sapiens]	TRUE	TENT2
XP_042917398.1	NP_001336477.1	0	N/A	25.641	234	29	4.33e-12	69.3	poly(A) RNA polymerase GLD2 isoform 4 [Homo sapiens]	TRUE	TENT2
XP_042917398.1	NP_001317647.1	0	N/A	26.63	184	27	1.32e-10	67.4	terminal uridylyltransferase 7 isoform 3 [Homo sapiens]	TRUE	Tut7
XP_042917398.1	XP_011517317.1	0	N/A	26.63	184	27	1.71e-10	67.4	terminal uridylyltransferase 7 isoform X3 [Homo sapiens]	TRUE	Tut7
XP_042917398.1	XP_047279823.1	0	N/A	26.63	184	27	1.74e-10	67.4	terminal uridylyltransferase 7 isoform X2 [Homo sapiens]	TRUE	Tut7
XP_042917398.1	XP_006717346.1	0	N/A	26.63	184	27	1.74e-10	67.4	terminal uridylyltransferase 7 isoform X2 [Homo sapiens]	TRUE	Tut7
XP_042917398.1	XP_005252265.1	0	N/A	26.63	184	27	1.75e-10	67.4	terminal uridylyltransferase 7 isoform X7 [Homo sapiens]	TRUE	Tut7
XP_042917398.1	XP_047279825.1	0	N/A	26.63	184	27	1.99e-10	67	terminal uridylyltransferase 7 isoform X6 [Homo sapiens]	TRUE	Tut7
XP_042917398.1	XP_047279824.1	0	N/A	26.63	184	27	1.99e-10	67	terminal uridylyltransferase 7 isoform X6 [Homo sapiens]	TRUE	Tut7
XP_042917398.1	XP_005252264.1	0	N/A	26.63	184	27	1.99e-10	67	terminal uridylyltransferase 7 isoform X6 [Homo sapiens]	TRUE	Tut7
XP_042917398.1	XP_011517316.1	0	N/A	26.63	184	27	1.99e-10	67	terminal uridylyltransferase 7 isoform X1 [Homo sapiens]	TRUE	Tut7
XP_042917398.1	XP_011517315.1	0	N/A	26.63	184	27	1.99e-10	67	terminal uridylyltransferase 7 isoform X1 [Homo sapiens]	TRUE	Tut7
XP_042917398.1	XP_011517314.1	0	N/A	26.63	184	27	1.99e-10	67	terminal uridylyltransferase 7 isoform X1 [Homo sapiens]	TRUE	Tut7
XP_042917398.1	XP_011517313.1	0	N/A	26.63	184	27	1.99e-10	67	terminal uridylyltransferase 7 isoform X1 [Homo sapiens]	TRUE	Tut7
XP_042917398.1	XP_011517318.1	0	N/A	26.63	184	27	2.1e-10	67	terminal uridylyltransferase 7 isoform X5 [Homo sapiens]	TRUE	Tut7
XP_042920761.1	NP_008930.2	0	N/A	30.705	241	32	3.75e-23	107	terminal nucleotidyltransferase 4A isoform 1 [Homo sapiens]	TRUE	TENT4A
XP_042920761.1	NP_001165276.2	0	N/A	30.705	241	32	3.95e-23	107	terminal nucleotidyltransferase 4A isoform 2 [Homo sapiens]	TRUE	TENT4A
XP_042920761.1	XP_047272622.1	0	N/A	31.739	230	30	1.8e-22	104	terminal nucleotidyltransferase 4A isoform X1 [Homo sapiens]	TRUE	TENT4A
XP_042920761.1	XP_047272621.1	0	N/A	31.739	230	30	1.8e-22	104	terminal nucleotidyltransferase 4A isoform X1 [Homo sapiens]	TRUE	TENT4A
XP_042920761.1	XP_047272620.1	0	N/A	31.739	230	30	1.8e-22	104	terminal nucleotidyltransferase 4A isoform X1 [Homo sapiens]	TRUE	TENT4A
XP_042920761.1	XP_047290431.1	0	N/A	29.661	236	32	7.08e-22	103	terminal nucleotidyltransferase 4B isoform X3 [Homo sapiens]	TRUE	TENT4B
XP_042920761.1	NP_001035375.2	0	N/A	29.661	236	32	7.29e-22	103	terminal nucleotidyltransferase 4B isoform b [Homo sapiens]	TRUE	TENT4B
XP_042920761.1	XP_011521578.1	0	N/A	29.661	236	32	7.31e-22	103	terminal nucleotidyltransferase 4B isoform X2 [Homo sapiens]	TRUE	TENT4B
XP_042920761.1	XP_047290433.1	0	N/A	29.661	236	32	9.56e-22	101	terminal nucleotidyltransferase 4B isoform X6 [Homo sapiens]	TRUE	TENT4B
XP_042920761.1	XP_047290432.1	0	N/A	29.661	236	32	1.01e-21	102	terminal nucleotidyltransferase 4B isoform X4 [Homo sapiens]	TRUE	TENT4B
XP_042920761.1	NP_001352253.1	0	N/A	29.661	236	32	1.04e-21	102	terminal nucleotidyltransferase 4B isoform d [Homo sapiens]	TRUE	TENT4B
XP_042920761.1	NP_001035374.2	0	N/A	29.661	236	32	1.24e-21	102	terminal nucleotidyltransferase 4B isoform a [Homo sapiens]	TRUE	TENT4B
XP_042920761.1	XP_011521577.1	0	N/A	29.661	236	32	1.24e-21	102	terminal nucleotidyltransferase 4B isoform X1 [Homo sapiens]	TRUE	TENT4B
XP_042920761.1	NP_001352252.1	0	N/A	29.661	236	32	1.56e-21	102	terminal nucleotidyltransferase 4B isoform c [Homo sapiens]	TRUE	TENT4B
XP_042920761.1	XP_011521580.1	0	N/A	29.661	236	32	1.68e-21	101	terminal nucleotidyltransferase 4B isoform X5 [Homo sapiens]	TRUE	TENT4B
XP_042920761.1	XP_047272623.1	0	N/A	31.818	220	29	1.38e-20	98.6	terminal nucleotidyltransferase 4A isoform X2 [Homo sapiens]	TRUE	TENT4A
XP_042920761.1	XP_016864477.1	0	N/A	31.818	220	29	1.38e-20	98.6	terminal nucleotidyltransferase 4A isoform X2 [Homo sapiens]	TRUE	TENT4A
XP_042920761.1	XP_047272624.1	0	N/A	31.818	220	29	1.42e-20	98.6	terminal nucleotidyltransferase 4A isoform X3 [Homo sapiens]	TRUE	TENT4A
XP_042920761.1	NP_001375060.1	0	N/A	22.137	393	46	1.04e-14	79.7	poly(A) RNA polymerase GLD2 isoform 11 [Homo sapiens]	TRUE	TENT2
XP_042920761.1	NP_001375042.1	0	N/A	25	276	32	2.33e-14	79	poly(A) RNA polymerase GLD2 isoform 16 [Homo sapiens]	TRUE	TENT2
XP_042920761.1	XP_047272808.1	0	N/A	25	276	32	2.4e-14	79	poly(A) RNA polymerase GLD2 isoform X3 [Homo sapiens]	TRUE	TENT2
XP_042920761.1	XP_047272807.1	0	N/A	25	276	32	2.4e-14	79	poly(A) RNA polymerase GLD2 isoform X3 [Homo sapiens]	TRUE	TENT2
XP_042920761.1	XP_047272806.1	0	N/A	25	276	32	2.4e-14	79	poly(A) RNA polymerase GLD2 isoform X3 [Homo sapiens]	TRUE	TENT2
XP_042920761.1	NP_776158.2	0	N/A	25	276	32	2.4e-14	79	poly(A) RNA polymerase GLD2 isoform 1 [Homo sapiens]	TRUE	TENT2
XP_042920761.1	NP_001375041.1	0	N/A	25	276	32	2.4e-14	79	poly(A) RNA polymerase GLD2 isoform 1 [Homo sapiens]	TRUE	TENT2
XP_042920761.1	NP_001375040.1	0	N/A	25	276	32	2.4e-14	79	poly(A) RNA polymerase GLD2 isoform 1 [Homo sapiens]	TRUE	TENT2
XP_042920761.1	NP_001375039.1	0	N/A	25	276	32	2.4e-14	79	poly(A) RNA polymerase GLD2 isoform 1 [Homo sapiens]	TRUE	TENT2
XP_042920761.1	NP_001375038.1	0	N/A	25	276	32	2.4e-14	79	poly(A) RNA polymerase GLD2 isoform 1 [Homo sapiens]	TRUE	TENT2
XP_042920761.1	NP_001375037.1	0	N/A	25	276	32	2.4e-14	79	poly(A) RNA polymerase GLD2 isoform 1 [Homo sapiens]	TRUE	TENT2
XP_042920761.1	NP_001375036.1	0	N/A	25	276	32	2.4e-14	79	poly(A) RNA polymerase GLD2 isoform 1 [Homo sapiens]	TRUE	TENT2
XP_042920761.1	NP_001375035.1	0	N/A	25	276	32	2.4e-14	79	poly(A) RNA polymerase GLD2 isoform 1 [Homo sapiens]	TRUE	TENT2
XP_042920761.1	NP_001375034.1	0	N/A	25	276	32	2.4e-14	79	poly(A) RNA polymerase GLD2 isoform 1 [Homo sapiens]	TRUE	TENT2
XP_042920761.1	NP_001375032.1	0	N/A	25	276	32	2.4e-14	79	poly(A) RNA polymerase GLD2 isoform 1 [Homo sapiens]	TRUE	TENT2
XP_042920761.1	NP_001375031.1	0	N/A	25	276	32	2.4e-14	79	poly(A) RNA polymerase GLD2 isoform 1 [Homo sapiens]	TRUE	TENT2
XP_042920761.1	NP_001336482.1	0	N/A	25	276	32	2.4e-14	79	poly(A) RNA polymerase GLD2 isoform 1 [Homo sapiens]	TRUE	TENT2
XP_042920761.1	NP_001336481.1	0	N/A	25	276	32	2.4e-14	79	poly(A) RNA polymerase GLD2 isoform 1 [Homo sapiens]	TRUE	TENT2
XP_042920761.1	NP_001107866.1	0	N/A	25	276	32	2.4e-14	79	poly(A) RNA polymerase GLD2 isoform 1 [Homo sapiens]	TRUE	TENT2
XP_042920761.1	NP_001107865.1	0	N/A	25	276	32	2.4e-14	79	poly(A) RNA polymerase GLD2 isoform 1 [Homo sapiens]	TRUE	TENT2
XP_042920761.1	NP_001375061.1	0	N/A	22.135	384	46	3.53e-14	78.2	poly(A) RNA polymerase GLD2 isoform 12 [Homo sapiens]	TRUE	TENT2
XP_042920761.1	NP_001375059.1	0	N/A	25.182	274	32	7.35e-14	77.4	poly(A) RNA polymerase GLD2 isoform 10 [Homo sapiens]	TRUE	TENT2
XP_042920761.1	XP_047272811.1	0	N/A	25.182	274	32	7.64e-14	77	poly(A) RNA polymerase GLD2 isoform X4 [Homo sapiens]	TRUE	TENT2
XP_042920761.1	XP_047272810.1	0	N/A	25.182	274	32	7.64e-14	77	poly(A) RNA polymerase GLD2 isoform X4 [Homo sapiens]	TRUE	TENT2
XP_042920761.1	XP_047272809.1	0	N/A	25.182	274	32	7.64e-14	77	poly(A) RNA polymerase GLD2 isoform X4 [Homo sapiens]	TRUE	TENT2
XP_042920761.1	NP_001375058.1	0	N/A	25.182	274	32	7.64e-14	77	poly(A) RNA polymerase GLD2 isoform 2 [Homo sapiens]	TRUE	TENT2
XP_042920761.1	NP_001375057.1	0	N/A	25.182	274	32	7.64e-14	77	poly(A) RNA polymerase GLD2 isoform 2 [Homo sapiens]	TRUE	TENT2
XP_042920761.1	NP_001375056.1	0	N/A	25.182	274	32	7.64e-14	77	poly(A) RNA polymerase GLD2 isoform 2 [Homo sapiens]	TRUE	TENT2
XP_042920761.1	NP_001375055.1	0	N/A	25.182	274	32	7.64e-14	77	poly(A) RNA polymerase GLD2 isoform 2 [Homo sapiens]	TRUE	TENT2
XP_042920761.1	NP_001375054.1	0	N/A	25.182	274	32	7.64e-14	77	poly(A) RNA polymerase GLD2 isoform 2 [Homo sapiens]	TRUE	TENT2
XP_042920761.1	NP_001375053.1	0	N/A	25.182	274	32	7.64e-14	77	poly(A) RNA polymerase GLD2 isoform 2 [Homo sapiens]	TRUE	TENT2
XP_042920761.1	NP_001375052.1	0	N/A	25.182	274	32	7.64e-14	77	poly(A) RNA polymerase GLD2 isoform 2 [Homo sapiens]	TRUE	TENT2
XP_042920761.1	NP_001375051.1	0	N/A	25.182	274	32	7.64e-14	77	poly(A) RNA polymerase GLD2 isoform 2 [Homo sapiens]	TRUE	TENT2
XP_042920761.1	NP_001375050.1	0	N/A	25.182	274	32	7.64e-14	77	poly(A) RNA polymerase GLD2 isoform 2 [Homo sapiens]	TRUE	TENT2
XP_042920761.1	NP_001375049.1	0	N/A	25.182	274	32	7.64e-14	77	poly(A) RNA polymerase GLD2 isoform 2 [Homo sapiens]	TRUE	TENT2
XP_042920761.1	NP_001375048.1	0	N/A	25.182	274	32	7.64e-14	77	poly(A) RNA polymerase GLD2 isoform 2 [Homo sapiens]	TRUE	TENT2
XP_042920761.1	NP_001375047.1	0	N/A	25.182	274	32	7.64e-14	77	poly(A) RNA polymerase GLD2 isoform 2 [Homo sapiens]	TRUE	TENT2
XP_042920761.1	NP_001375046.1	0	N/A	25.182	274	32	7.64e-14	77	poly(A) RNA polymerase GLD2 isoform 2 [Homo sapiens]	TRUE	TENT2
XP_042920761.1	NP_001375045.1	0	N/A	25.182	274	32	7.64e-14	77	poly(A) RNA polymerase GLD2 isoform 2 [Homo sapiens]	TRUE	TENT2
XP_042920761.1	NP_001375044.1	0	N/A	25.182	274	32	7.64e-14	77	poly(A) RNA polymerase GLD2 isoform 2 [Homo sapiens]	TRUE	TENT2
XP_042920761.1	NP_001375043.1	0	N/A	25.182	274	32	7.64e-14	77	poly(A) RNA polymerase GLD2 isoform 2 [Homo sapiens]	TRUE	TENT2
XP_042920761.1	NP_001336483.1	0	N/A	25.182	274	32	7.64e-14	77	poly(A) RNA polymerase GLD2 isoform 2 [Homo sapiens]	TRUE	TENT2
XP_042920761.1	NP_001284673.1	0	N/A	25.182	274	32	7.64e-14	77	poly(A) RNA polymerase GLD2 isoform 2 [Homo sapiens]	TRUE	TENT2
XP_042920761.1	NP_001375029.1	0	N/A	27.132	258	30	1.28e-13	76.6	poly(A) RNA polymerase GLD2 isoform 8 [Homo sapiens]	TRUE	TENT2
XP_042920761.1	NP_001375028.1	0	N/A	27.132	258	30	1.28e-13	76.6	poly(A) RNA polymerase GLD2 isoform 8 [Homo sapiens]	TRUE	TENT2
XP_042920761.1	NP_001375065.1	0	N/A	25.182	274	32	2.66e-13	74.7	poly(A) RNA polymerase GLD2 isoform 14 [Homo sapiens]	TRUE	TENT2
XP_042920761.1	NP_001375030.1	0	N/A	27.344	256	30	3.78e-13	75.1	poly(A) RNA polymerase GLD2 isoform 9 [Homo sapiens]	TRUE	TENT2
XP_042920761.1	XP_047272384.1	0	N/A	23.105	277	32	1.08e-10	67.8	terminal uridylyltransferase 4 isoform X46 [Homo sapiens]	TRUE	Tut4
XP_042920761.1	XP_047272818.1	0	N/A	27.041	196	26	1.23e-10	66.2	poly(A) RNA polymerase GLD2 isoform X10 [Homo sapiens]	TRUE	TENT2
XP_042920761.1	XP_047279823.1	0	N/A	21.595	301	35	2.86e-10	66.6	terminal uridylyltransferase 7 isoform X2 [Homo sapiens]	TRUE	Tut7
XP_042920761.1	XP_006717346.1	0	N/A	21.595	301	35	2.86e-10	66.6	terminal uridylyltransferase 7 isoform X2 [Homo sapiens]	TRUE	Tut7
XP_042920761.1	XP_016870620.1	0	N/A	21.595	301	35	3.48e-10	66.6	terminal uridylyltransferase 7 isoform X4 [Homo sapiens]	TRUE	Tut7
XP_042920761.1	XP_016870619.1	0	N/A	21.595	301	35	3.48e-10	66.6	terminal uridylyltransferase 7 isoform X4 [Homo sapiens]	TRUE	Tut7
XP_042920761.1	NP_078893.2	0	N/A	21.595	301	35	3.48e-10	66.6	terminal uridylyltransferase 7 isoform 1 [Homo sapiens]	TRUE	Tut7
XP_042920761.1	NP_001171988.1	0	N/A	21.595	301	35	3.48e-10	66.6	terminal uridylyltransferase 7 isoform 1 [Homo sapiens]	TRUE	Tut7
XP_042920761.1	XP_047279825.1	0	N/A	21.595	301	35	3.5e-10	66.6	terminal uridylyltransferase 7 isoform X6 [Homo sapiens]	TRUE	Tut7
XP_042920761.1	XP_047279824.1	0	N/A	21.595	301	35	3.5e-10	66.6	terminal uridylyltransferase 7 isoform X6 [Homo sapiens]	TRUE	Tut7
XP_042920761.1	XP_005252264.1	0	N/A	21.595	301	35	3.5e-10	66.6	terminal uridylyltransferase 7 isoform X6 [Homo sapiens]	TRUE	Tut7
XP_042920761.1	XP_011517317.1	0	N/A	21.595	301	35	3.72e-10	66.2	terminal uridylyltransferase 7 isoform X3 [Homo sapiens]	TRUE	Tut7
XP_042920761.1	NP_001317647.1	0	N/A	21.505	279	32	3.82e-10	65.9	terminal uridylyltransferase 7 isoform 3 [Homo sapiens]	TRUE	Tut7
XP_042920761.1	XP_011517318.1	0	N/A	21.595	301	35	3.99e-10	66.2	terminal uridylyltransferase 7 isoform X5 [Homo sapiens]	TRUE	Tut7
XP_042920761.1	XP_011517316.1	0	N/A	21.595	301	35	4.06e-10	66.2	terminal uridylyltransferase 7 isoform X1 [Homo sapiens]	TRUE	Tut7
XP_042920761.1	XP_011517315.1	0	N/A	21.595	301	35	4.06e-10	66.2	terminal uridylyltransferase 7 isoform X1 [Homo sapiens]	TRUE	Tut7
XP_042920761.1	XP_011517314.1	0	N/A	21.595	301	35	4.06e-10	66.2	terminal uridylyltransferase 7 isoform X1 [Homo sapiens]	TRUE	Tut7
XP_042920761.1	XP_011517313.1	0	N/A	21.595	301	35	4.06e-10	66.2	terminal uridylyltransferase 7 isoform X1 [Homo sapiens]	TRUE	Tut7
XP_042920761.1	XP_005252265.1	0	N/A	21.595	301	35	6.48e-10	65.5	terminal uridylyltransferase 7 isoform X7 [Homo sapiens]	TRUE	Tut7
XP_042920761.1	XP_016856293.1	0	N/A	23.105	277	32	1.27e-09	64.7	terminal uridylyltransferase 4 isoform X16 [Homo sapiens]	TRUE	Tut4
XP_042920761.1	XP_016856292.1	0	N/A	23.105	277	32	1.27e-09	64.7	terminal uridylyltransferase 4 isoform X9 [Homo sapiens]	TRUE	Tut4
XP_042920761.1	XP_047272283.1	0	N/A	23.105	277	32	1.4e-09	64.7	terminal uridylyltransferase 4 isoform X6 [Homo sapiens]	TRUE	Tut4
XP_042920761.1	XP_005270737.1	0	N/A	23.105	277	32	1.4e-09	64.7	terminal uridylyltransferase 4 isoform X6 [Homo sapiens]	TRUE	Tut4
XP_042920761.1	XP_047272288.1	0	N/A	23.105	277	32	1.43e-09	64.3	terminal uridylyltransferase 4 isoform X10 [Homo sapiens]	TRUE	Tut4
XP_042920761.1	XP_047272280.1	0	N/A	23.105	277	32	1.52e-09	64.3	terminal uridylyltransferase 4 isoform X3 [Homo sapiens]	TRUE	Tut4
XP_042920761.1	XP_005270736.1	0	N/A	23.105	277	32	1.52e-09	64.3	terminal uridylyltransferase 4 isoform X3 [Homo sapiens]	TRUE	Tut4
XP_042920761.1	NP_001336477.1	0	N/A	27.329	161	17	1.53e-09	62	poly(A) RNA polymerase GLD2 isoform 4 [Homo sapiens]	TRUE	TENT2
XP_042920761.1	XP_016856299.1	0	N/A	23.105	277	32	1.55e-09	64.3	terminal uridylyltransferase 4 isoform X40 [Homo sapiens]	TRUE	Tut4
XP_042920761.1	XP_047272345.1	0	N/A	23.105	277	32	1.56e-09	64.3	terminal uridylyltransferase 4 isoform X31 [Homo sapiens]	TRUE	Tut4
XP_042920761.1	XP_047272281.1	0	N/A	23.105	277	32	1.58e-09	64.3	terminal uridylyltransferase 4 isoform X4 [Homo sapiens]	TRUE	Tut4
XP_042920761.1	NP_001009881.1	0	N/A	23.105	277	32	1.58e-09	64.3	terminal uridylyltransferase 4 isoform a [Homo sapiens]	TRUE	Tut4
XP_042920761.1	XP_047272282.1	0	N/A	23.105	277	32	1.59e-09	64.3	terminal uridylyltransferase 4 isoform X5 [Homo sapiens]	TRUE	Tut4
XP_042920761.1	NP_056084.1	0	N/A	23.105	277	32	1.59e-09	64.3	terminal uridylyltransferase 4 isoform b [Homo sapiens]	TRUE	Tut4
XP_042920761.1	XP_011539399.1	0	N/A	23.105	277	32	1.59e-09	64.3	terminal uridylyltransferase 4 isoform X1 [Homo sapiens]	TRUE	Tut4
XP_042920761.1	XP_005270733.1	0	N/A	23.105	277	32	1.59e-09	64.3	terminal uridylyltransferase 4 isoform X1 [Homo sapiens]	TRUE	Tut4
XP_042921555.1	NP_008930.2	0	N/A	31.905	210	8	1.6e-20	102	terminal nucleotidyltransferase 4A isoform 1 [Homo sapiens]	TRUE	TENT4A
XP_042921555.1	NP_001165276.2	0	N/A	31.905	210	8	1.88e-20	102	terminal nucleotidyltransferase 4A isoform 2 [Homo sapiens]	TRUE	TENT4A
XP_042921555.1	XP_047290433.1	0	N/A	33.175	211	8	3.7e-17	90.1	terminal nucleotidyltransferase 4B isoform X6 [Homo sapiens]	TRUE	TENT4B
XP_042921555.1	XP_011521580.1	0	N/A	33.175	211	8	3.79e-17	90.1	terminal nucleotidyltransferase 4B isoform X5 [Homo sapiens]	TRUE	TENT4B
XP_042921555.1	XP_047290432.1	0	N/A	33.182	220	8	1.28e-16	89	terminal nucleotidyltransferase 4B isoform X4 [Homo sapiens]	TRUE	TENT4B
XP_042921555.1	NP_001352252.1	0	N/A	33.182	220	8	1.3e-16	89.4	terminal nucleotidyltransferase 4B isoform c [Homo sapiens]	TRUE	TENT4B
XP_042921555.1	XP_047290431.1	0	N/A	33.182	220	8	1.47e-16	89	terminal nucleotidyltransferase 4B isoform X3 [Homo sapiens]	TRUE	TENT4B
XP_042921555.1	NP_001352253.1	0	N/A	33.182	220	8	1.51e-16	89	terminal nucleotidyltransferase 4B isoform d [Homo sapiens]	TRUE	TENT4B
XP_042921555.1	NP_001035374.2	0	N/A	33.182	220	8	4.75e-16	87.4	terminal nucleotidyltransferase 4B isoform a [Homo sapiens]	TRUE	TENT4B
XP_042921555.1	XP_011521577.1	0	N/A	33.182	220	8	4.76e-16	87.4	terminal nucleotidyltransferase 4B isoform X1 [Homo sapiens]	TRUE	TENT4B
XP_042921555.1	NP_001035375.2	0	N/A	33.182	220	8	4.81e-16	87.4	terminal nucleotidyltransferase 4B isoform b [Homo sapiens]	TRUE	TENT4B
XP_042921555.1	XP_011521578.1	0	N/A	33.182	220	8	4.82e-16	87.4	terminal nucleotidyltransferase 4B isoform X2 [Homo sapiens]	TRUE	TENT4B
XP_042921555.1	XP_047272622.1	0	N/A	31.282	195	7	2.9e-12	74.7	terminal nucleotidyltransferase 4A isoform X1 [Homo sapiens]	TRUE	TENT4A
XP_042921555.1	XP_047272621.1	0	N/A	31.282	195	7	2.9e-12	74.7	terminal nucleotidyltransferase 4A isoform X1 [Homo sapiens]	TRUE	TENT4A
XP_042921555.1	XP_047272620.1	0	N/A	31.282	195	7	2.9e-12	74.7	terminal nucleotidyltransferase 4A isoform X1 [Homo sapiens]	TRUE	TENT4A
XP_042921555.1	XP_047272624.1	0	N/A	31.351	185	7	1.64e-11	72.4	terminal nucleotidyltransferase 4A isoform X3 [Homo sapiens]	TRUE	TENT4A
XP_042921555.1	XP_047272623.1	0	N/A	31.351	185	7	1.78e-11	72.4	terminal nucleotidyltransferase 4A isoform X2 [Homo sapiens]	TRUE	TENT4A
XP_042921555.1	XP_016864477.1	0	N/A	31.351	185	7	1.78e-11	72.4	terminal nucleotidyltransferase 4A isoform X2 [Homo sapiens]	TRUE	TENT4A
XP_042921555.1	XP_016870620.1	0	N/A	28.643	199	7	1.99e-09	66.2	terminal uridylyltransferase 7 isoform X4 [Homo sapiens]	TRUE	Tut7
XP_042921555.1	XP_016870619.1	0	N/A	28.643	199	7	1.99e-09	66.2	terminal uridylyltransferase 7 isoform X4 [Homo sapiens]	TRUE	Tut7
XP_042921555.1	NP_078893.2	0	N/A	28.643	199	7	1.99e-09	66.2	terminal uridylyltransferase 7 isoform 1 [Homo sapiens]	TRUE	Tut7
XP_042921555.1	NP_001171988.1	0	N/A	28.643	199	7	1.99e-09	66.2	terminal uridylyltransferase 7 isoform 1 [Homo sapiens]	TRUE	Tut7
XP_042921555.1	XP_047279823.1	0	N/A	28.643	199	7	2.31e-09	66.2	terminal uridylyltransferase 7 isoform X2 [Homo sapiens]	TRUE	Tut7
XP_042921555.1	XP_006717346.1	0	N/A	28.643	199	7	2.31e-09	66.2	terminal uridylyltransferase 7 isoform X2 [Homo sapiens]	TRUE	Tut7
XP_042921555.1	XP_047279825.1	0	N/A	28.643	199	7	2.41e-09	66.2	terminal uridylyltransferase 7 isoform X6 [Homo sapiens]	TRUE	Tut7
XP_042921555.1	XP_047279824.1	0	N/A	28.643	199	7	2.41e-09	66.2	terminal uridylyltransferase 7 isoform X6 [Homo sapiens]	TRUE	Tut7
XP_042921555.1	XP_005252264.1	0	N/A	28.643	199	7	2.41e-09	66.2	terminal uridylyltransferase 7 isoform X6 [Homo sapiens]	TRUE	Tut7
XP_042921555.1	XP_011517318.1	0	N/A	28.643	199	7	2.54e-09	65.9	terminal uridylyltransferase 7 isoform X5 [Homo sapiens]	TRUE	Tut7
XP_042921555.1	XP_011517317.1	0	N/A	28.643	199	7	2.71e-09	65.9	terminal uridylyltransferase 7 isoform X3 [Homo sapiens]	TRUE	Tut7
XP_042921555.1	XP_011517316.1	0	N/A	28.643	199	7	2.95e-09	65.9	terminal uridylyltransferase 7 isoform X1 [Homo sapiens]	TRUE	Tut7
XP_042921555.1	XP_011517315.1	0	N/A	28.643	199	7	2.95e-09	65.9	terminal uridylyltransferase 7 isoform X1 [Homo sapiens]	TRUE	Tut7
XP_042921555.1	XP_011517314.1	0	N/A	28.643	199	7	2.95e-09	65.9	terminal uridylyltransferase 7 isoform X1 [Homo sapiens]	TRUE	Tut7
XP_042921555.1	XP_011517313.1	0	N/A	28.643	199	7	2.95e-09	65.9	terminal uridylyltransferase 7 isoform X1 [Homo sapiens]	TRUE	Tut7
XP_042921555.1	XP_005252265.1	0	N/A	28.643	199	7	5.5e-09	64.7	terminal uridylyltransferase 7 isoform X7 [Homo sapiens]	TRUE	Tut7
XP_042921555.1	NP_001317647.1	0	N/A	30.058	173	6	1.15e-06	57	terminal uridylyltransferase 7 isoform 3 [Homo sapiens]	TRUE	Tut7
XP_042921555.1	XP_047272818.1	0	N/A	26.19	210	8	4.14e-06	54.3	poly(A) RNA polymerase GLD2 isoform X10 [Homo sapiens]	TRUE	TENT2
XP_042921555.1	NP_001375060.1	0	N/A	26.19	210	8	5.78e-06	54.3	poly(A) RNA polymerase GLD2 isoform 11 [Homo sapiens]	TRUE	TENT2
XP_042921555.1	XP_047299022.1	0	N/A	25	124	5	0.004	45.1	golgin subfamily A member 6-like protein 1 isoform X2, partial [Homo sapiens]	FALSE	NA
XP_042921555.1	XP_047298901.1	0	N/A	25	124	5	0.004	45.1	golgin subfamily A member 6-like protein 1 isoform X2, partial [Homo sapiens]	FALSE	NA
XP_042921555.1	XP_047289360.1	0	N/A	25	124	5	0.008	44.3	golgin subfamily A member 6-like protein 1 isoform X1, partial [Homo sapiens]	FALSE	NA
XP_042921555.1	XP_035717094.1	0	N/A	25	124	5	0.009	43.9	golgin subfamily A member 6-like protein 1, partial [Homo sapiens]	FALSE	NA
XP_042921555.1	XP_035717017.1	0	N/A	25	124	5	0.009	43.9	golgin subfamily A member 6-like protein 1, partial [Homo sapiens]	FALSE	NA
XP_042923941.1	XP_047272820.1	0	N/A	29.787	141	15	2.6e-09	61.6	poly(A) RNA polymerase GLD2 isoform X11 [Homo sapiens]	TRUE	TENT2
XP_042923941.1	NP_001172003.1	0	N/A	25.333	225	23	3.02e-09	63.9	terminal uridylyltransferase 7 isoform 2 [Homo sapiens]	TRUE	Tut7
XP_042923941.1	NP_001336477.1	0	N/A	30.709	127	14	3.75e-09	61.2	poly(A) RNA polymerase GLD2 isoform 4 [Homo sapiens]	TRUE	TENT2
XP_042923941.1	XP_047279823.1	0	N/A	25.333	225	23	4.29e-09	63.5	terminal uridylyltransferase 7 isoform X2 [Homo sapiens]	TRUE	Tut7
XP_042923941.1	XP_006717346.1	0	N/A	25.333	225	23	4.29e-09	63.5	terminal uridylyltransferase 7 isoform X2 [Homo sapiens]	TRUE	Tut7
XP_042923941.1	XP_047279825.1	0	N/A	25.333	225	23	5.18e-09	63.2	terminal uridylyltransferase 7 isoform X6 [Homo sapiens]	TRUE	Tut7
XP_042923941.1	XP_047279824.1	0	N/A	25.333	225	23	5.18e-09	63.2	terminal uridylyltransferase 7 isoform X6 [Homo sapiens]	TRUE	Tut7
XP_042923941.1	XP_005252264.1	0	N/A	25.333	225	23	5.18e-09	63.2	terminal uridylyltransferase 7 isoform X6 [Homo sapiens]	TRUE	Tut7
XP_042923941.1	XP_011517317.1	0	N/A	25.333	225	23	5.44e-09	63.2	terminal uridylyltransferase 7 isoform X3 [Homo sapiens]	TRUE	Tut7
XP_042923941.1	XP_016870620.1	0	N/A	25.333	225	23	5.55e-09	63.2	terminal uridylyltransferase 7 isoform X4 [Homo sapiens]	TRUE	Tut7
XP_042923941.1	XP_016870619.1	0	N/A	25.333	225	23	5.55e-09	63.2	terminal uridylyltransferase 7 isoform X4 [Homo sapiens]	TRUE	Tut7
XP_042923941.1	NP_078893.2	0	N/A	25.333	225	23	5.55e-09	63.2	terminal uridylyltransferase 7 isoform 1 [Homo sapiens]	TRUE	Tut7
XP_042923941.1	NP_001171988.1	0	N/A	25.333	225	23	5.55e-09	63.2	terminal uridylyltransferase 7 isoform 1 [Homo sapiens]	TRUE	Tut7
XP_042923941.1	XP_005252265.1	0	N/A	25.333	225	23	6.04e-09	62.8	terminal uridylyltransferase 7 isoform X7 [Homo sapiens]	TRUE	Tut7
XP_042923941.1	XP_011517318.1	0	N/A	25.333	225	23	6.41e-09	62.8	terminal uridylyltransferase 7 isoform X5 [Homo sapiens]	TRUE	Tut7
XP_042923941.1	XP_011517316.1	0	N/A	25.333	225	23	6.63e-09	62.8	terminal uridylyltransferase 7 isoform X1 [Homo sapiens]	TRUE	Tut7
XP_042923941.1	XP_011517315.1	0	N/A	25.333	225	23	6.63e-09	62.8	terminal uridylyltransferase 7 isoform X1 [Homo sapiens]	TRUE	Tut7
XP_042923941.1	XP_011517314.1	0	N/A	25.333	225	23	6.63e-09	62.8	terminal uridylyltransferase 7 isoform X1 [Homo sapiens]	TRUE	Tut7
XP_042923941.1	XP_011517313.1	0	N/A	25.333	225	23	6.63e-09	62.8	terminal uridylyltransferase 7 isoform X1 [Homo sapiens]	TRUE	Tut7
XP_042923941.1	NP_001317647.1	0	N/A	25.333	225	23	9.04e-09	62	terminal uridylyltransferase 7 isoform 3 [Homo sapiens]	TRUE	Tut7
XP_042923941.1	XP_047272805.1	0	N/A	31.532	111	12	2.95e-08	60.1	poly(A) RNA polymerase GLD2 isoform X2 [Homo sapiens]	TRUE	TENT2
XP_042923941.1	XP_047272804.1	0	N/A	31.532	111	12	2.95e-08	60.1	poly(A) RNA polymerase GLD2 isoform X2 [Homo sapiens]	TRUE	TENT2
XP_042923941.1	XP_047272803.1	0	N/A	31.532	111	12	2.95e-08	60.1	poly(A) RNA polymerase GLD2 isoform X2 [Homo sapiens]	TRUE	TENT2
XP_042923941.1	XP_047272802.1	0	N/A	31.532	111	12	2.95e-08	60.1	poly(A) RNA polymerase GLD2 isoform X2 [Homo sapiens]	TRUE	TENT2
XP_042923941.1	XP_016864641.1	0	N/A	31.532	111	12	2.95e-08	60.1	poly(A) RNA polymerase GLD2 isoform X2 [Homo sapiens]	TRUE	TENT2
XP_042923941.1	NP_001375026.1	0	N/A	31.532	111	12	2.95e-08	60.1	poly(A) RNA polymerase GLD2 isoform 6 [Homo sapiens]	TRUE	TENT2
XP_042923941.1	NP_001375025.1	0	N/A	31.532	111	12	2.95e-08	60.1	poly(A) RNA polymerase GLD2 isoform 6 [Homo sapiens]	TRUE	TENT2
XP_042923941.1	NP_001375024.1	0	N/A	31.532	111	12	2.95e-08	60.1	poly(A) RNA polymerase GLD2 isoform 6 [Homo sapiens]	TRUE	TENT2
XP_042923941.1	NP_001336480.1	0	N/A	31.532	111	12	2.95e-08	60.1	poly(A) RNA polymerase GLD2 isoform 6 [Homo sapiens]	TRUE	TENT2
XP_042923941.1	NP_001375027.1	0	N/A	31.532	111	12	3.1e-08	60.1	poly(A) RNA polymerase GLD2 isoform 7 [Homo sapiens]	TRUE	TENT2
XP_042923941.1	XP_047272811.1	0	N/A	32.99	97	10	3.55e-08	59.7	poly(A) RNA polymerase GLD2 isoform X4 [Homo sapiens]	TRUE	TENT2
XP_042923941.1	XP_047272810.1	0	N/A	32.99	97	10	3.55e-08	59.7	poly(A) RNA polymerase GLD2 isoform X4 [Homo sapiens]	TRUE	TENT2
XP_042923941.1	XP_047272809.1	0	N/A	32.99	97	10	3.55e-08	59.7	poly(A) RNA polymerase GLD2 isoform X4 [Homo sapiens]	TRUE	TENT2
XP_042923941.1	NP_001375058.1	0	N/A	32.99	97	10	3.55e-08	59.7	poly(A) RNA polymerase GLD2 isoform 2 [Homo sapiens]	TRUE	TENT2
XP_042923941.1	NP_001375057.1	0	N/A	32.99	97	10	3.55e-08	59.7	poly(A) RNA polymerase GLD2 isoform 2 [Homo sapiens]	TRUE	TENT2
XP_042923941.1	NP_001375056.1	0	N/A	32.99	97	10	3.55e-08	59.7	poly(A) RNA polymerase GLD2 isoform 2 [Homo sapiens]	TRUE	TENT2
XP_042923941.1	NP_001375055.1	0	N/A	32.99	97	10	3.55e-08	59.7	poly(A) RNA polymerase GLD2 isoform 2 [Homo sapiens]	TRUE	TENT2
XP_042923941.1	NP_001375054.1	0	N/A	32.99	97	10	3.55e-08	59.7	poly(A) RNA polymerase GLD2 isoform 2 [Homo sapiens]	TRUE	TENT2
XP_042923941.1	NP_001375053.1	0	N/A	32.99	97	10	3.55e-08	59.7	poly(A) RNA polymerase GLD2 isoform 2 [Homo sapiens]	TRUE	TENT2
XP_042923941.1	NP_001375052.1	0	N/A	32.99	97	10	3.55e-08	59.7	poly(A) RNA polymerase GLD2 isoform 2 [Homo sapiens]	TRUE	TENT2
XP_042923941.1	NP_001375051.1	0	N/A	32.99	97	10	3.55e-08	59.7	poly(A) RNA polymerase GLD2 isoform 2 [Homo sapiens]	TRUE	TENT2
XP_042923941.1	NP_001375050.1	0	N/A	32.99	97	10	3.55e-08	59.7	poly(A) RNA polymerase GLD2 isoform 2 [Homo sapiens]	TRUE	TENT2
XP_042923941.1	NP_001375049.1	0	N/A	32.99	97	10	3.55e-08	59.7	poly(A) RNA polymerase GLD2 isoform 2 [Homo sapiens]	TRUE	TENT2
XP_042923941.1	NP_001375048.1	0	N/A	32.99	97	10	3.55e-08	59.7	poly(A) RNA polymerase GLD2 isoform 2 [Homo sapiens]	TRUE	TENT2
XP_042923941.1	NP_001375047.1	0	N/A	32.99	97	10	3.55e-08	59.7	poly(A) RNA polymerase GLD2 isoform 2 [Homo sapiens]	TRUE	TENT2
XP_042923941.1	NP_001375046.1	0	N/A	32.99	97	10	3.55e-08	59.7	poly(A) RNA polymerase GLD2 isoform 2 [Homo sapiens]	TRUE	TENT2
XP_042923941.1	NP_001375045.1	0	N/A	32.99	97	10	3.55e-08	59.7	poly(A) RNA polymerase GLD2 isoform 2 [Homo sapiens]	TRUE	TENT2
XP_042923941.1	NP_001375044.1	0	N/A	32.99	97	10	3.55e-08	59.7	poly(A) RNA polymerase GLD2 isoform 2 [Homo sapiens]	TRUE	TENT2
XP_042923941.1	NP_001375043.1	0	N/A	32.99	97	10	3.55e-08	59.7	poly(A) RNA polymerase GLD2 isoform 2 [Homo sapiens]	TRUE	TENT2
XP_042923941.1	NP_001336483.1	0	N/A	32.99	97	10	3.55e-08	59.7	poly(A) RNA polymerase GLD2 isoform 2 [Homo sapiens]	TRUE	TENT2
XP_042923941.1	NP_001284673.1	0	N/A	32.99	97	10	3.55e-08	59.7	poly(A) RNA polymerase GLD2 isoform 2 [Homo sapiens]	TRUE	TENT2
XP_042923941.1	XP_047272801.1	0	N/A	31.532	111	12	3.62e-08	59.7	poly(A) RNA polymerase GLD2 isoform X1 [Homo sapiens]	TRUE	TENT2
XP_042923941.1	XP_047272800.1	0	N/A	31.532	111	12	3.62e-08	59.7	poly(A) RNA polymerase GLD2 isoform X1 [Homo sapiens]	TRUE	TENT2
XP_042923941.1	XP_011541527.1	0	N/A	31.532	111	12	3.62e-08	59.7	poly(A) RNA polymerase GLD2 isoform X1 [Homo sapiens]	TRUE	TENT2
XP_042923941.1	XP_011541526.1	0	N/A	31.532	111	12	3.62e-08	59.7	poly(A) RNA polymerase GLD2 isoform X1 [Homo sapiens]	TRUE	TENT2
XP_042923941.1	XP_011541523.1	0	N/A	31.532	111	12	3.62e-08	59.7	poly(A) RNA polymerase GLD2 isoform X1 [Homo sapiens]	TRUE	TENT2
XP_042923941.1	XP_011541522.1	0	N/A	31.532	111	12	3.62e-08	59.7	poly(A) RNA polymerase GLD2 isoform X1 [Homo sapiens]	TRUE	TENT2
XP_042923941.1	NP_001375023.1	0	N/A	31.532	111	12	3.62e-08	59.7	poly(A) RNA polymerase GLD2 isoform 5 [Homo sapiens]	TRUE	TENT2
XP_042923941.1	NP_001375022.1	0	N/A	31.532	111	12	3.62e-08	59.7	poly(A) RNA polymerase GLD2 isoform 5 [Homo sapiens]	TRUE	TENT2
XP_042923941.1	NP_001336479.1	0	N/A	31.532	111	12	3.62e-08	59.7	poly(A) RNA polymerase GLD2 isoform 5 [Homo sapiens]	TRUE	TENT2
XP_042923941.1	NP_001336478.1	0	N/A	31.532	111	12	3.62e-08	59.7	poly(A) RNA polymerase GLD2 isoform 5 [Homo sapiens]	TRUE	TENT2
XP_042923941.1	NP_001375059.1	0	N/A	32.99	97	10	3.87e-08	59.7	poly(A) RNA polymerase GLD2 isoform 10 [Homo sapiens]	TRUE	TENT2
XP_042923941.1	XP_047272808.1	0	N/A	32.99	97	10	4.37e-08	59.3	poly(A) RNA polymerase GLD2 isoform X3 [Homo sapiens]	TRUE	TENT2
XP_042923941.1	XP_047272807.1	0	N/A	32.99	97	10	4.37e-08	59.3	poly(A) RNA polymerase GLD2 isoform X3 [Homo sapiens]	TRUE	TENT2
XP_042923941.1	XP_047272806.1	0	N/A	32.99	97	10	4.37e-08	59.3	poly(A) RNA polymerase GLD2 isoform X3 [Homo sapiens]	TRUE	TENT2
XP_042923941.1	NP_776158.2	0	N/A	32.99	97	10	4.37e-08	59.3	poly(A) RNA polymerase GLD2 isoform 1 [Homo sapiens]	TRUE	TENT2
XP_042923941.1	NP_001375041.1	0	N/A	32.99	97	10	4.37e-08	59.3	poly(A) RNA polymerase GLD2 isoform 1 [Homo sapiens]	TRUE	TENT2
XP_042923941.1	NP_001375040.1	0	N/A	32.99	97	10	4.37e-08	59.3	poly(A) RNA polymerase GLD2 isoform 1 [Homo sapiens]	TRUE	TENT2
XP_042923941.1	NP_001375039.1	0	N/A	32.99	97	10	4.37e-08	59.3	poly(A) RNA polymerase GLD2 isoform 1 [Homo sapiens]	TRUE	TENT2
XP_042923941.1	NP_001375038.1	0	N/A	32.99	97	10	4.37e-08	59.3	poly(A) RNA polymerase GLD2 isoform 1 [Homo sapiens]	TRUE	TENT2
XP_042923941.1	NP_001375037.1	0	N/A	32.99	97	10	4.37e-08	59.3	poly(A) RNA polymerase GLD2 isoform 1 [Homo sapiens]	TRUE	TENT2
XP_042923941.1	NP_001375036.1	0	N/A	32.99	97	10	4.37e-08	59.3	poly(A) RNA polymerase GLD2 isoform 1 [Homo sapiens]	TRUE	TENT2
XP_042923941.1	NP_001375035.1	0	N/A	32.99	97	10	4.37e-08	59.3	poly(A) RNA polymerase GLD2 isoform 1 [Homo sapiens]	TRUE	TENT2
XP_042923941.1	NP_001375034.1	0	N/A	32.99	97	10	4.37e-08	59.3	poly(A) RNA polymerase GLD2 isoform 1 [Homo sapiens]	TRUE	TENT2
XP_042923941.1	NP_001375032.1	0	N/A	32.99	97	10	4.37e-08	59.3	poly(A) RNA polymerase GLD2 isoform 1 [Homo sapiens]	TRUE	TENT2
XP_042923941.1	NP_001375031.1	0	N/A	32.99	97	10	4.37e-08	59.3	poly(A) RNA polymerase GLD2 isoform 1 [Homo sapiens]	TRUE	TENT2
XP_042923941.1	NP_001336482.1	0	N/A	32.99	97	10	4.37e-08	59.3	poly(A) RNA polymerase GLD2 isoform 1 [Homo sapiens]	TRUE	TENT2
XP_042923941.1	NP_001336481.1	0	N/A	32.99	97	10	4.37e-08	59.3	poly(A) RNA polymerase GLD2 isoform 1 [Homo sapiens]	TRUE	TENT2
XP_042923941.1	NP_001107866.1	0	N/A	32.99	97	10	4.37e-08	59.3	poly(A) RNA polymerase GLD2 isoform 1 [Homo sapiens]	TRUE	TENT2
XP_042923941.1	NP_001107865.1	0	N/A	32.99	97	10	4.37e-08	59.3	poly(A) RNA polymerase GLD2 isoform 1 [Homo sapiens]	TRUE	TENT2
XP_042923941.1	NP_001375030.1	0	N/A	32.99	97	10	4.46e-08	59.3	poly(A) RNA polymerase GLD2 isoform 9 [Homo sapiens]	TRUE	TENT2
XP_042923941.1	NP_001375042.1	0	N/A	32.99	97	10	4.93e-08	59.3	poly(A) RNA polymerase GLD2 isoform 16 [Homo sapiens]	TRUE	TENT2
XP_042923941.1	NP_001375061.1	0	N/A	32.99	97	10	5.13e-08	58.9	poly(A) RNA polymerase GLD2 isoform 12 [Homo sapiens]	TRUE	TENT2
XP_042923941.1	NP_001375029.1	0	N/A	32.99	97	10	5.53e-08	58.9	poly(A) RNA polymerase GLD2 isoform 8 [Homo sapiens]	TRUE	TENT2
XP_042923941.1	NP_001375028.1	0	N/A	32.99	97	10	5.53e-08	58.9	poly(A) RNA polymerase GLD2 isoform 8 [Homo sapiens]	TRUE	TENT2
XP_042923941.1	NP_001375060.1	0	N/A	32.99	97	10	6.27e-08	58.9	poly(A) RNA polymerase GLD2 isoform 11 [Homo sapiens]	TRUE	TENT2
XP_042923941.1	NP_001375065.1	0	N/A	32.99	97	10	7.46e-08	58.2	poly(A) RNA polymerase GLD2 isoform 14 [Homo sapiens]	TRUE	TENT2
XP_042923941.1	XP_047272817.1	0	N/A	31.313	99	11	8.82e-08	57.8	poly(A) RNA polymerase GLD2 isoform X9 [Homo sapiens]	TRUE	TENT2
XP_042923941.1	XP_047272816.1	0	N/A	31.313	99	11	1.15e-07	57.8	poly(A) RNA polymerase GLD2 isoform X8 [Homo sapiens]	TRUE	TENT2
XP_042923941.1	XP_047272818.1	0	N/A	32.941	85	9	1.24e-07	57.4	poly(A) RNA polymerase GLD2 isoform X10 [Homo sapiens]	TRUE	TENT2
XP_042923941.1	XP_016856297.1	0	N/A	34.653	101	11	1.27e-07	58.5	terminal uridylyltransferase 4 isoform X36 [Homo sapiens]	TRUE	Tut4
XP_042923941.1	XP_047272372.1	0	N/A	34.653	101	11	1.28e-07	58.5	terminal uridylyltransferase 4 isoform X42 [Homo sapiens]	TRUE	Tut4
XP_042923941.1	XP_016856299.1	0	N/A	34.653	101	11	1.31e-07	58.5	terminal uridylyltransferase 4 isoform X40 [Homo sapiens]	TRUE	Tut4
XP_042923941.1	XP_047272365.1	0	N/A	34.653	101	11	1.34e-07	58.5	terminal uridylyltransferase 4 isoform X38 [Homo sapiens]	TRUE	Tut4
XP_042923941.1	XP_016856293.1	0	N/A	34.653	101	11	1.36e-07	58.5	terminal uridylyltransferase 4 isoform X16 [Homo sapiens]	TRUE	Tut4
XP_042923941.1	XP_016856292.1	0	N/A	34.653	101	11	1.36e-07	58.5	terminal uridylyltransferase 4 isoform X9 [Homo sapiens]	TRUE	Tut4
XP_042923941.1	XP_047272288.1	0	N/A	34.653	101	11	1.39e-07	58.5	terminal uridylyltransferase 4 isoform X10 [Homo sapiens]	TRUE	Tut4
XP_042923941.1	XP_047272305.1	0	N/A	34.653	101	11	1.4e-07	58.5	terminal uridylyltransferase 4 isoform X17 [Homo sapiens]	TRUE	Tut4
XP_042923941.1	XP_005270739.1	0	N/A	34.653	101	11	1.41e-07	58.5	terminal uridylyltransferase 4 isoform X33 [Homo sapiens]	TRUE	Tut4
XP_042923941.1	XP_047272295.1	0	N/A	34.653	101	11	1.43e-07	58.5	terminal uridylyltransferase 4 isoform X12 [Homo sapiens]	TRUE	Tut4
XP_042923955.1	XP_047272820.1	0	N/A	34.188	117	11	2.08e-10	65.1	poly(A) RNA polymerase GLD2 isoform X11 [Homo sapiens]	TRUE	TENT2
XP_042923955.1	NP_001336477.1	0	N/A	33.645	107	11	2.86e-10	64.7	poly(A) RNA polymerase GLD2 isoform 4 [Homo sapiens]	TRUE	TENT2
XP_042923955.1	XP_047272801.1	0	N/A	28.033	239	22	3.12e-10	66.6	poly(A) RNA polymerase GLD2 isoform X1 [Homo sapiens]	TRUE	TENT2
XP_042923955.1	XP_047272800.1	0	N/A	28.033	239	22	3.12e-10	66.6	poly(A) RNA polymerase GLD2 isoform X1 [Homo sapiens]	TRUE	TENT2
XP_042923955.1	XP_011541527.1	0	N/A	28.033	239	22	3.12e-10	66.6	poly(A) RNA polymerase GLD2 isoform X1 [Homo sapiens]	TRUE	TENT2
XP_042923955.1	XP_011541526.1	0	N/A	28.033	239	22	3.12e-10	66.6	poly(A) RNA polymerase GLD2 isoform X1 [Homo sapiens]	TRUE	TENT2
XP_042923955.1	XP_011541523.1	0	N/A	28.033	239	22	3.12e-10	66.6	poly(A) RNA polymerase GLD2 isoform X1 [Homo sapiens]	TRUE	TENT2
XP_042923955.1	XP_011541522.1	0	N/A	28.033	239	22	3.12e-10	66.6	poly(A) RNA polymerase GLD2 isoform X1 [Homo sapiens]	TRUE	TENT2
XP_042923955.1	NP_001375023.1	0	N/A	28.033	239	22	3.12e-10	66.6	poly(A) RNA polymerase GLD2 isoform 5 [Homo sapiens]	TRUE	TENT2
XP_042923955.1	NP_001375022.1	0	N/A	28.033	239	22	3.12e-10	66.6	poly(A) RNA polymerase GLD2 isoform 5 [Homo sapiens]	TRUE	TENT2
XP_042923955.1	NP_001336479.1	0	N/A	28.033	239	22	3.12e-10	66.6	poly(A) RNA polymerase GLD2 isoform 5 [Homo sapiens]	TRUE	TENT2
XP_042923955.1	NP_001336478.1	0	N/A	28.033	239	22	3.12e-10	66.6	poly(A) RNA polymerase GLD2 isoform 5 [Homo sapiens]	TRUE	TENT2
XP_042923955.1	NP_060579.3	0	N/A	23.421	380	37	1.33e-09	64.7	poly(A) RNA polymerase, mitochondrial precursor [Homo sapiens]	TRUE	mtPAP
XP_042923955.1	XP_047272805.1	0	N/A	34.188	117	11	2.68e-09	63.5	poly(A) RNA polymerase GLD2 isoform X2 [Homo sapiens]	TRUE	TENT2
XP_042923955.1	XP_047272804.1	0	N/A	34.188	117	11	2.68e-09	63.5	poly(A) RNA polymerase GLD2 isoform X2 [Homo sapiens]	TRUE	TENT2
XP_042923955.1	XP_047272803.1	0	N/A	34.188	117	11	2.68e-09	63.5	poly(A) RNA polymerase GLD2 isoform X2 [Homo sapiens]	TRUE	TENT2
XP_042923955.1	XP_047272802.1	0	N/A	34.188	117	11	2.68e-09	63.5	poly(A) RNA polymerase GLD2 isoform X2 [Homo sapiens]	TRUE	TENT2
XP_042923955.1	XP_016864641.1	0	N/A	34.188	117	11	2.68e-09	63.5	poly(A) RNA polymerase GLD2 isoform X2 [Homo sapiens]	TRUE	TENT2
XP_042923955.1	NP_001375026.1	0	N/A	34.188	117	11	2.68e-09	63.5	poly(A) RNA polymerase GLD2 isoform 6 [Homo sapiens]	TRUE	TENT2
XP_042923955.1	NP_001375025.1	0	N/A	34.188	117	11	2.68e-09	63.5	poly(A) RNA polymerase GLD2 isoform 6 [Homo sapiens]	TRUE	TENT2
XP_042923955.1	NP_001375024.1	0	N/A	34.188	117	11	2.68e-09	63.5	poly(A) RNA polymerase GLD2 isoform 6 [Homo sapiens]	TRUE	TENT2
XP_042923955.1	NP_001336480.1	0	N/A	34.188	117	11	2.68e-09	63.5	poly(A) RNA polymerase GLD2 isoform 6 [Homo sapiens]	TRUE	TENT2
XP_042923955.1	NP_001375027.1	0	N/A	34.188	117	11	2.84e-09	63.5	poly(A) RNA polymerase GLD2 isoform 7 [Homo sapiens]	TRUE	TENT2
XP_042923955.1	XP_047272811.1	0	N/A	33.645	107	11	4.77e-09	62.8	poly(A) RNA polymerase GLD2 isoform X4 [Homo sapiens]	TRUE	TENT2
XP_042923955.1	XP_047272810.1	0	N/A	33.645	107	11	4.77e-09	62.8	poly(A) RNA polymerase GLD2 isoform X4 [Homo sapiens]	TRUE	TENT2
XP_042923955.1	XP_047272809.1	0	N/A	33.645	107	11	4.77e-09	62.8	poly(A) RNA polymerase GLD2 isoform X4 [Homo sapiens]	TRUE	TENT2
XP_042923955.1	NP_001375058.1	0	N/A	33.645	107	11	4.77e-09	62.8	poly(A) RNA polymerase GLD2 isoform 2 [Homo sapiens]	TRUE	TENT2
XP_042923955.1	NP_001375057.1	0	N/A	33.645	107	11	4.77e-09	62.8	poly(A) RNA polymerase GLD2 isoform 2 [Homo sapiens]	TRUE	TENT2
XP_042923955.1	NP_001375056.1	0	N/A	33.645	107	11	4.77e-09	62.8	poly(A) RNA polymerase GLD2 isoform 2 [Homo sapiens]	TRUE	TENT2
XP_042923955.1	NP_001375055.1	0	N/A	33.645	107	11	4.77e-09	62.8	poly(A) RNA polymerase GLD2 isoform 2 [Homo sapiens]	TRUE	TENT2
XP_042923955.1	NP_001375054.1	0	N/A	33.645	107	11	4.77e-09	62.8	poly(A) RNA polymerase GLD2 isoform 2 [Homo sapiens]	TRUE	TENT2
XP_042923955.1	NP_001375053.1	0	N/A	33.645	107	11	4.77e-09	62.8	poly(A) RNA polymerase GLD2 isoform 2 [Homo sapiens]	TRUE	TENT2
XP_042923955.1	NP_001375052.1	0	N/A	33.645	107	11	4.77e-09	62.8	poly(A) RNA polymerase GLD2 isoform 2 [Homo sapiens]	TRUE	TENT2
XP_042923955.1	NP_001375051.1	0	N/A	33.645	107	11	4.77e-09	62.8	poly(A) RNA polymerase GLD2 isoform 2 [Homo sapiens]	TRUE	TENT2
XP_042923955.1	NP_001375050.1	0	N/A	33.645	107	11	4.77e-09	62.8	poly(A) RNA polymerase GLD2 isoform 2 [Homo sapiens]	TRUE	TENT2
XP_042923955.1	NP_001375049.1	0	N/A	33.645	107	11	4.77e-09	62.8	poly(A) RNA polymerase GLD2 isoform 2 [Homo sapiens]	TRUE	TENT2
XP_042923955.1	NP_001375048.1	0	N/A	33.645	107	11	4.77e-09	62.8	poly(A) RNA polymerase GLD2 isoform 2 [Homo sapiens]	TRUE	TENT2
XP_042923955.1	NP_001375047.1	0	N/A	33.645	107	11	4.77e-09	62.8	poly(A) RNA polymerase GLD2 isoform 2 [Homo sapiens]	TRUE	TENT2
XP_042923955.1	NP_001375046.1	0	N/A	33.645	107	11	4.77e-09	62.8	poly(A) RNA polymerase GLD2 isoform 2 [Homo sapiens]	TRUE	TENT2
XP_042923955.1	NP_001375045.1	0	N/A	33.645	107	11	4.77e-09	62.8	poly(A) RNA polymerase GLD2 isoform 2 [Homo sapiens]	TRUE	TENT2
XP_042923955.1	NP_001375044.1	0	N/A	33.645	107	11	4.77e-09	62.8	poly(A) RNA polymerase GLD2 isoform 2 [Homo sapiens]	TRUE	TENT2
XP_042923955.1	NP_001375043.1	0	N/A	33.645	107	11	4.77e-09	62.8	poly(A) RNA polymerase GLD2 isoform 2 [Homo sapiens]	TRUE	TENT2
XP_042923955.1	NP_001336483.1	0	N/A	33.645	107	11	4.77e-09	62.8	poly(A) RNA polymerase GLD2 isoform 2 [Homo sapiens]	TRUE	TENT2
XP_042923955.1	NP_001284673.1	0	N/A	33.645	107	11	4.77e-09	62.8	poly(A) RNA polymerase GLD2 isoform 2 [Homo sapiens]	TRUE	TENT2
XP_042923955.1	NP_001375059.1	0	N/A	33.645	107	11	4.88e-09	62.8	poly(A) RNA polymerase GLD2 isoform 10 [Homo sapiens]	TRUE	TENT2
XP_042923955.1	NP_001375065.1	0	N/A	33.645	107	11	5.22e-09	62	poly(A) RNA polymerase GLD2 isoform 14 [Homo sapiens]	TRUE	TENT2
XP_042923955.1	XP_047272808.1	0	N/A	33.645	107	11	5.39e-09	62.4	poly(A) RNA polymerase GLD2 isoform X3 [Homo sapiens]	TRUE	TENT2
XP_042923955.1	XP_047272807.1	0	N/A	33.645	107	11	5.39e-09	62.4	poly(A) RNA polymerase GLD2 isoform X3 [Homo sapiens]	TRUE	TENT2
XP_042923955.1	XP_047272806.1	0	N/A	33.645	107	11	5.39e-09	62.4	poly(A) RNA polymerase GLD2 isoform X3 [Homo sapiens]	TRUE	TENT2
XP_042923955.1	NP_776158.2	0	N/A	33.645	107	11	5.39e-09	62.4	poly(A) RNA polymerase GLD2 isoform 1 [Homo sapiens]	TRUE	TENT2
XP_042923955.1	NP_001375041.1	0	N/A	33.645	107	11	5.39e-09	62.4	poly(A) RNA polymerase GLD2 isoform 1 [Homo sapiens]	TRUE	TENT2
XP_042923955.1	NP_001375040.1	0	N/A	33.645	107	11	5.39e-09	62.4	poly(A) RNA polymerase GLD2 isoform 1 [Homo sapiens]	TRUE	TENT2
XP_042923955.1	NP_001375039.1	0	N/A	33.645	107	11	5.39e-09	62.4	poly(A) RNA polymerase GLD2 isoform 1 [Homo sapiens]	TRUE	TENT2
XP_042923955.1	NP_001375038.1	0	N/A	33.645	107	11	5.39e-09	62.4	poly(A) RNA polymerase GLD2 isoform 1 [Homo sapiens]	TRUE	TENT2
XP_042923955.1	NP_001375037.1	0	N/A	33.645	107	11	5.39e-09	62.4	poly(A) RNA polymerase GLD2 isoform 1 [Homo sapiens]	TRUE	TENT2
XP_042923955.1	NP_001375036.1	0	N/A	33.645	107	11	5.39e-09	62.4	poly(A) RNA polymerase GLD2 isoform 1 [Homo sapiens]	TRUE	TENT2
XP_042923955.1	NP_001375035.1	0	N/A	33.645	107	11	5.39e-09	62.4	poly(A) RNA polymerase GLD2 isoform 1 [Homo sapiens]	TRUE	TENT2
XP_042923955.1	NP_001375034.1	0	N/A	33.645	107	11	5.39e-09	62.4	poly(A) RNA polymerase GLD2 isoform 1 [Homo sapiens]	TRUE	TENT2
XP_042923955.1	NP_001375032.1	0	N/A	33.645	107	11	5.39e-09	62.4	poly(A) RNA polymerase GLD2 isoform 1 [Homo sapiens]	TRUE	TENT2
XP_042923955.1	NP_001375031.1	0	N/A	33.645	107	11	5.39e-09	62.4	poly(A) RNA polymerase GLD2 isoform 1 [Homo sapiens]	TRUE	TENT2
XP_042923955.1	NP_001336482.1	0	N/A	33.645	107	11	5.39e-09	62.4	poly(A) RNA polymerase GLD2 isoform 1 [Homo sapiens]	TRUE	TENT2
XP_042923955.1	NP_001336481.1	0	N/A	33.645	107	11	5.39e-09	62.4	poly(A) RNA polymerase GLD2 isoform 1 [Homo sapiens]	TRUE	TENT2
XP_042923955.1	NP_001107866.1	0	N/A	33.645	107	11	5.39e-09	62.4	poly(A) RNA polymerase GLD2 isoform 1 [Homo sapiens]	TRUE	TENT2
XP_042923955.1	NP_001107865.1	0	N/A	33.645	107	11	5.39e-09	62.4	poly(A) RNA polymerase GLD2 isoform 1 [Homo sapiens]	TRUE	TENT2
XP_042923955.1	NP_001375030.1	0	N/A	33.645	107	11	5.46e-09	62.4	poly(A) RNA polymerase GLD2 isoform 9 [Homo sapiens]	TRUE	TENT2
XP_042923955.1	NP_001375042.1	0	N/A	33.645	107	11	5.56e-09	62.4	poly(A) RNA polymerase GLD2 isoform 16 [Homo sapiens]	TRUE	TENT2
XP_042923955.1	XP_047272816.1	0	N/A	27.189	217	20	5.88e-09	62	poly(A) RNA polymerase GLD2 isoform X8 [Homo sapiens]	TRUE	TENT2
XP_042923955.1	NP_001375029.1	0	N/A	33.645	107	11	6.16e-09	62.4	poly(A) RNA polymerase GLD2 isoform 8 [Homo sapiens]	TRUE	TENT2
XP_042923955.1	NP_001375028.1	0	N/A	33.645	107	11	6.16e-09	62.4	poly(A) RNA polymerase GLD2 isoform 8 [Homo sapiens]	TRUE	TENT2
XP_042923955.1	NP_001375061.1	0	N/A	33.645	107	11	6.48e-09	62	poly(A) RNA polymerase GLD2 isoform 12 [Homo sapiens]	TRUE	TENT2
XP_042923955.1	NP_001375060.1	0	N/A	33.645	107	11	7.21e-09	62	poly(A) RNA polymerase GLD2 isoform 11 [Homo sapiens]	TRUE	TENT2
XP_042923955.1	NP_001035375.2	0	N/A	24.51	204	20	1.13e-08	61.6	terminal nucleotidyltransferase 4B isoform b [Homo sapiens]	TRUE	TENT4B
XP_042923955.1	XP_011521578.1	0	N/A	24.51	204	20	1.13e-08	61.6	terminal nucleotidyltransferase 4B isoform X2 [Homo sapiens]	TRUE	TENT4B
XP_042923955.1	XP_047290433.1	0	N/A	24.638	207	21	1.32e-08	61.2	terminal nucleotidyltransferase 4B isoform X6 [Homo sapiens]	TRUE	TENT4B
XP_042923955.1	NP_001035374.2	0	N/A	24.51	204	20	1.47e-08	61.6	terminal nucleotidyltransferase 4B isoform a [Homo sapiens]	TRUE	TENT4B
XP_042923955.1	XP_011521577.1	0	N/A	24.51	204	20	1.47e-08	61.6	terminal nucleotidyltransferase 4B isoform X1 [Homo sapiens]	TRUE	TENT4B
XP_042923955.1	XP_011521580.1	0	N/A	24.51	204	20	1.81e-08	60.8	terminal nucleotidyltransferase 4B isoform X5 [Homo sapiens]	TRUE	TENT4B
XP_042923955.1	XP_047290431.1	0	N/A	24.51	204	20	3.17e-08	60.5	terminal nucleotidyltransferase 4B isoform X3 [Homo sapiens]	TRUE	TENT4B
XP_042923955.1	XP_047272817.1	0	N/A	33.684	95	9	3.57e-08	59.3	poly(A) RNA polymerase GLD2 isoform X9 [Homo sapiens]	TRUE	TENT2
XP_042923955.1	XP_047290432.1	0	N/A	24.51	204	20	3.93e-08	60.1	terminal nucleotidyltransferase 4B isoform X4 [Homo sapiens]	TRUE	TENT4B
XP_042923955.1	NP_001352252.1	0	N/A	24.51	204	20	4.16e-08	60.1	terminal nucleotidyltransferase 4B isoform c [Homo sapiens]	TRUE	TENT4B
XP_042923955.1	NP_001352253.1	0	N/A	24.51	204	20	4.36e-08	60.1	terminal nucleotidyltransferase 4B isoform d [Homo sapiens]	TRUE	TENT4B
XP_042923955.1	NP_008930.2	0	N/A	23.529	204	20	5.53e-08	59.7	terminal nucleotidyltransferase 4A isoform 1 [Homo sapiens]	TRUE	TENT4A
XP_042923955.1	NP_001165276.2	0	N/A	23.529	204	20	5.67e-08	59.7	terminal nucleotidyltransferase 4A isoform 2 [Homo sapiens]	TRUE	TENT4A
XP_042923955.1	XP_047272283.1	0	N/A	24.535	269	25	6.05e-08	59.7	terminal uridylyltransferase 4 isoform X6 [Homo sapiens]	TRUE	Tut4
XP_042923955.1	XP_005270737.1	0	N/A	24.535	269	25	6.05e-08	59.7	terminal uridylyltransferase 4 isoform X6 [Homo sapiens]	TRUE	Tut4
XP_042923955.1	XP_047272365.1	0	N/A	24.535	269	25	6.24e-08	59.7	terminal uridylyltransferase 4 isoform X38 [Homo sapiens]	TRUE	Tut4
XP_042923955.1	XP_016856299.1	0	N/A	24.535	269	25	6.85e-08	59.7	terminal uridylyltransferase 4 isoform X40 [Homo sapiens]	TRUE	Tut4
XP_042923955.1	XP_047272337.1	0	N/A	24.535	269	25	6.88e-08	59.7	terminal uridylyltransferase 4 isoform X27 [Homo sapiens]	TRUE	Tut4
XP_042923955.1	XP_016856293.1	0	N/A	24.535	269	25	7.15e-08	59.7	terminal uridylyltransferase 4 isoform X16 [Homo sapiens]	TRUE	Tut4
XP_042923955.1	XP_047272282.1	0	N/A	24.535	269	25	7.23e-08	59.7	terminal uridylyltransferase 4 isoform X5 [Homo sapiens]	TRUE	Tut4
XP_042923955.1	NP_056084.1	0	N/A	24.535	269	25	7.23e-08	59.7	terminal uridylyltransferase 4 isoform b [Homo sapiens]	TRUE	Tut4
XP_042923955.1	XP_016856296.1	0	N/A	24.535	269	25	7.3e-08	59.7	terminal uridylyltransferase 4 isoform X28 [Homo sapiens]	TRUE	Tut4
XP_042923955.1	XP_047272288.1	0	N/A	24.535	269	25	7.4e-08	59.7	terminal uridylyltransferase 4 isoform X10 [Homo sapiens]	TRUE	Tut4
XP_042923955.1	XP_005270735.1	0	N/A	24.535	269	25	7.42e-08	59.7	terminal uridylyltransferase 4 isoform X2 [Homo sapiens]	TRUE	Tut4
XP_042923955.1	XP_016856297.1	0	N/A	24.535	269	25	7.52e-08	59.7	terminal uridylyltransferase 4 isoform X36 [Homo sapiens]	TRUE	Tut4
XP_042923955.1	XP_011539399.1	0	N/A	24.535	269	25	7.68e-08	59.3	terminal uridylyltransferase 4 isoform X1 [Homo sapiens]	TRUE	Tut4
XP_042923955.1	XP_005270733.1	0	N/A	24.535	269	25	7.68e-08	59.3	terminal uridylyltransferase 4 isoform X1 [Homo sapiens]	TRUE	Tut4
XP_042923955.1	XP_005270739.1	0	N/A	24.535	269	25	7.72e-08	59.3	terminal uridylyltransferase 4 isoform X33 [Homo sapiens]	TRUE	Tut4
XP_042923955.1	XP_047272281.1	0	N/A	24.535	269	25	7.87e-08	59.3	terminal uridylyltransferase 4 isoform X4 [Homo sapiens]	TRUE	Tut4
XP_042930986.1	NP_001375060.1	0	N/A	32.065	368	41	3.83e-44	168	poly(A) RNA polymerase GLD2 isoform 11 [Homo sapiens]	TRUE	TENT2
XP_042930986.1	NP_001375042.1	0	N/A	32.065	368	41	4.97e-44	169	poly(A) RNA polymerase GLD2 isoform 16 [Homo sapiens]	TRUE	TENT2
XP_042930986.1	XP_047272808.1	0	N/A	32.065	368	41	5.16e-44	169	poly(A) RNA polymerase GLD2 isoform X3 [Homo sapiens]	TRUE	TENT2
XP_042930986.1	XP_047272807.1	0	N/A	32.065	368	41	5.16e-44	169	poly(A) RNA polymerase GLD2 isoform X3 [Homo sapiens]	TRUE	TENT2
XP_042930986.1	XP_047272806.1	0	N/A	32.065	368	41	5.16e-44	169	poly(A) RNA polymerase GLD2 isoform X3 [Homo sapiens]	TRUE	TENT2
XP_042930986.1	NP_776158.2	0	N/A	32.065	368	41	5.16e-44	169	poly(A) RNA polymerase GLD2 isoform 1 [Homo sapiens]	TRUE	TENT2
XP_042930986.1	NP_001375041.1	0	N/A	32.065	368	41	5.16e-44	169	poly(A) RNA polymerase GLD2 isoform 1 [Homo sapiens]	TRUE	TENT2
XP_042930986.1	NP_001375040.1	0	N/A	32.065	368	41	5.16e-44	169	poly(A) RNA polymerase GLD2 isoform 1 [Homo sapiens]	TRUE	TENT2
XP_042930986.1	NP_001375039.1	0	N/A	32.065	368	41	5.16e-44	169	poly(A) RNA polymerase GLD2 isoform 1 [Homo sapiens]	TRUE	TENT2
XP_042930986.1	NP_001375038.1	0	N/A	32.065	368	41	5.16e-44	169	poly(A) RNA polymerase GLD2 isoform 1 [Homo sapiens]	TRUE	TENT2
XP_042930986.1	NP_001375037.1	0	N/A	32.065	368	41	5.16e-44	169	poly(A) RNA polymerase GLD2 isoform 1 [Homo sapiens]	TRUE	TENT2
XP_042930986.1	NP_001375036.1	0	N/A	32.065	368	41	5.16e-44	169	poly(A) RNA polymerase GLD2 isoform 1 [Homo sapiens]	TRUE	TENT2
XP_042930986.1	NP_001375035.1	0	N/A	32.065	368	41	5.16e-44	169	poly(A) RNA polymerase GLD2 isoform 1 [Homo sapiens]	TRUE	TENT2
XP_042930986.1	NP_001375034.1	0	N/A	32.065	368	41	5.16e-44	169	poly(A) RNA polymerase GLD2 isoform 1 [Homo sapiens]	TRUE	TENT2
XP_042930986.1	NP_001375032.1	0	N/A	32.065	368	41	5.16e-44	169	poly(A) RNA polymerase GLD2 isoform 1 [Homo sapiens]	TRUE	TENT2
XP_042930986.1	NP_001375031.1	0	N/A	32.065	368	41	5.16e-44	169	poly(A) RNA polymerase GLD2 isoform 1 [Homo sapiens]	TRUE	TENT2
XP_042930986.1	NP_001336482.1	0	N/A	32.065	368	41	5.16e-44	169	poly(A) RNA polymerase GLD2 isoform 1 [Homo sapiens]	TRUE	TENT2
XP_042930986.1	NP_001336481.1	0	N/A	32.065	368	41	5.16e-44	169	poly(A) RNA polymerase GLD2 isoform 1 [Homo sapiens]	TRUE	TENT2
XP_042930986.1	NP_001107866.1	0	N/A	32.065	368	41	5.16e-44	169	poly(A) RNA polymerase GLD2 isoform 1 [Homo sapiens]	TRUE	TENT2
XP_042930986.1	NP_001107865.1	0	N/A	32.065	368	41	5.16e-44	169	poly(A) RNA polymerase GLD2 isoform 1 [Homo sapiens]	TRUE	TENT2
XP_042930986.1	NP_001375065.1	0	N/A	33.529	340	39	1.64e-43	164	poly(A) RNA polymerase GLD2 isoform 14 [Homo sapiens]	TRUE	TENT2
XP_042930986.1	NP_001375061.1	0	N/A	32.432	370	41	4.53e-43	165	poly(A) RNA polymerase GLD2 isoform 12 [Homo sapiens]	TRUE	TENT2
XP_042930986.1	NP_001375059.1	0	N/A	32.432	370	41	4.79e-43	166	poly(A) RNA polymerase GLD2 isoform 10 [Homo sapiens]	TRUE	TENT2
XP_042930986.1	XP_047272811.1	0	N/A	32.432	370	41	5.26e-43	166	poly(A) RNA polymerase GLD2 isoform X4 [Homo sapiens]	TRUE	TENT2
XP_042930986.1	XP_047272810.1	0	N/A	32.432	370	41	5.26e-43	166	poly(A) RNA polymerase GLD2 isoform X4 [Homo sapiens]	TRUE	TENT2
XP_042930986.1	XP_047272809.1	0	N/A	32.432	370	41	5.26e-43	166	poly(A) RNA polymerase GLD2 isoform X4 [Homo sapiens]	TRUE	TENT2
XP_042930986.1	NP_001375058.1	0	N/A	32.432	370	41	5.26e-43	166	poly(A) RNA polymerase GLD2 isoform 2 [Homo sapiens]	TRUE	TENT2
XP_042930986.1	NP_001375057.1	0	N/A	32.432	370	41	5.26e-43	166	poly(A) RNA polymerase GLD2 isoform 2 [Homo sapiens]	TRUE	TENT2
XP_042930986.1	NP_001375056.1	0	N/A	32.432	370	41	5.26e-43	166	poly(A) RNA polymerase GLD2 isoform 2 [Homo sapiens]	TRUE	TENT2
XP_042930986.1	NP_001375055.1	0	N/A	32.432	370	41	5.26e-43	166	poly(A) RNA polymerase GLD2 isoform 2 [Homo sapiens]	TRUE	TENT2
XP_042930986.1	NP_001375054.1	0	N/A	32.432	370	41	5.26e-43	166	poly(A) RNA polymerase GLD2 isoform 2 [Homo sapiens]	TRUE	TENT2
XP_042930986.1	NP_001375053.1	0	N/A	32.432	370	41	5.26e-43	166	poly(A) RNA polymerase GLD2 isoform 2 [Homo sapiens]	TRUE	TENT2
XP_042930986.1	NP_001375052.1	0	N/A	32.432	370	41	5.26e-43	166	poly(A) RNA polymerase GLD2 isoform 2 [Homo sapiens]	TRUE	TENT2
XP_042930986.1	NP_001375051.1	0	N/A	32.432	370	41	5.26e-43	166	poly(A) RNA polymerase GLD2 isoform 2 [Homo sapiens]	TRUE	TENT2
XP_042930986.1	NP_001375050.1	0	N/A	32.432	370	41	5.26e-43	166	poly(A) RNA polymerase GLD2 isoform 2 [Homo sapiens]	TRUE	TENT2
XP_042930986.1	NP_001375049.1	0	N/A	32.432	370	41	5.26e-43	166	poly(A) RNA polymerase GLD2 isoform 2 [Homo sapiens]	TRUE	TENT2
XP_042930986.1	NP_001375048.1	0	N/A	32.432	370	41	5.26e-43	166	poly(A) RNA polymerase GLD2 isoform 2 [Homo sapiens]	TRUE	TENT2
XP_042930986.1	NP_001375047.1	0	N/A	32.432	370	41	5.26e-43	166	poly(A) RNA polymerase GLD2 isoform 2 [Homo sapiens]	TRUE	TENT2
XP_042930986.1	NP_001375046.1	0	N/A	32.432	370	41	5.26e-43	166	poly(A) RNA polymerase GLD2 isoform 2 [Homo sapiens]	TRUE	TENT2
XP_042930986.1	NP_001375045.1	0	N/A	32.432	370	41	5.26e-43	166	poly(A) RNA polymerase GLD2 isoform 2 [Homo sapiens]	TRUE	TENT2
XP_042930986.1	NP_001375044.1	0	N/A	32.432	370	41	5.26e-43	166	poly(A) RNA polymerase GLD2 isoform 2 [Homo sapiens]	TRUE	TENT2
XP_042930986.1	NP_001375043.1	0	N/A	32.432	370	41	5.26e-43	166	poly(A) RNA polymerase GLD2 isoform 2 [Homo sapiens]	TRUE	TENT2
XP_042930986.1	NP_001336483.1	0	N/A	32.432	370	41	5.26e-43	166	poly(A) RNA polymerase GLD2 isoform 2 [Homo sapiens]	TRUE	TENT2
XP_042930986.1	NP_001284673.1	0	N/A	32.432	370	41	5.26e-43	166	poly(A) RNA polymerase GLD2 isoform 2 [Homo sapiens]	TRUE	TENT2
XP_042930986.1	NP_001375029.1	0	N/A	36.972	284	32	1.49e-41	162	poly(A) RNA polymerase GLD2 isoform 8 [Homo sapiens]	TRUE	TENT2
XP_042930986.1	NP_001375028.1	0	N/A	36.972	284	32	1.49e-41	162	poly(A) RNA polymerase GLD2 isoform 8 [Homo sapiens]	TRUE	TENT2
XP_042930986.1	NP_001375030.1	0	N/A	37.413	286	32	1.49e-40	159	poly(A) RNA polymerase GLD2 isoform 9 [Homo sapiens]	TRUE	TENT2
XP_042930986.1	XP_047272801.1	0	N/A	30.534	393	41	4.64e-40	157	poly(A) RNA polymerase GLD2 isoform X1 [Homo sapiens]	TRUE	TENT2
XP_042930986.1	XP_047272800.1	0	N/A	30.534	393	41	4.64e-40	157	poly(A) RNA polymerase GLD2 isoform X1 [Homo sapiens]	TRUE	TENT2
XP_042930986.1	XP_011541527.1	0	N/A	30.534	393	41	4.64e-40	157	poly(A) RNA polymerase GLD2 isoform X1 [Homo sapiens]	TRUE	TENT2
XP_042930986.1	XP_011541526.1	0	N/A	30.534	393	41	4.64e-40	157	poly(A) RNA polymerase GLD2 isoform X1 [Homo sapiens]	TRUE	TENT2
XP_042930986.1	XP_011541523.1	0	N/A	30.534	393	41	4.64e-40	157	poly(A) RNA polymerase GLD2 isoform X1 [Homo sapiens]	TRUE	TENT2
XP_042930986.1	XP_011541522.1	0	N/A	30.534	393	41	4.64e-40	157	poly(A) RNA polymerase GLD2 isoform X1 [Homo sapiens]	TRUE	TENT2
XP_042930986.1	NP_001375023.1	0	N/A	30.534	393	41	4.64e-40	157	poly(A) RNA polymerase GLD2 isoform 5 [Homo sapiens]	TRUE	TENT2
XP_042930986.1	NP_001375022.1	0	N/A	30.534	393	41	4.64e-40	157	poly(A) RNA polymerase GLD2 isoform 5 [Homo sapiens]	TRUE	TENT2
XP_042930986.1	NP_001336479.1	0	N/A	30.534	393	41	4.64e-40	157	poly(A) RNA polymerase GLD2 isoform 5 [Homo sapiens]	TRUE	TENT2
XP_042930986.1	NP_001336478.1	0	N/A	30.534	393	41	4.64e-40	157	poly(A) RNA polymerase GLD2 isoform 5 [Homo sapiens]	TRUE	TENT2
XP_042930986.1	XP_047272805.1	0	N/A	30.886	395	41	4.57e-39	154	poly(A) RNA polymerase GLD2 isoform X2 [Homo sapiens]	TRUE	TENT2
XP_042930986.1	XP_047272804.1	0	N/A	30.886	395	41	4.57e-39	154	poly(A) RNA polymerase GLD2 isoform X2 [Homo sapiens]	TRUE	TENT2
XP_042930986.1	XP_047272803.1	0	N/A	30.886	395	41	4.57e-39	154	poly(A) RNA polymerase GLD2 isoform X2 [Homo sapiens]	TRUE	TENT2
XP_042930986.1	XP_047272802.1	0	N/A	30.886	395	41	4.57e-39	154	poly(A) RNA polymerase GLD2 isoform X2 [Homo sapiens]	TRUE	TENT2
XP_042930986.1	XP_016864641.1	0	N/A	30.886	395	41	4.57e-39	154	poly(A) RNA polymerase GLD2 isoform X2 [Homo sapiens]	TRUE	TENT2
XP_042930986.1	NP_001375026.1	0	N/A	30.886	395	41	4.57e-39	154	poly(A) RNA polymerase GLD2 isoform 6 [Homo sapiens]	TRUE	TENT2
XP_042930986.1	NP_001375025.1	0	N/A	30.886	395	41	4.57e-39	154	poly(A) RNA polymerase GLD2 isoform 6 [Homo sapiens]	TRUE	TENT2
XP_042930986.1	NP_001375024.1	0	N/A	30.886	395	41	4.57e-39	154	poly(A) RNA polymerase GLD2 isoform 6 [Homo sapiens]	TRUE	TENT2
XP_042930986.1	NP_001336480.1	0	N/A	30.886	395	41	4.57e-39	154	poly(A) RNA polymerase GLD2 isoform 6 [Homo sapiens]	TRUE	TENT2
XP_042930986.1	NP_001375027.1	0	N/A	30.886	395	41	5.08e-39	154	poly(A) RNA polymerase GLD2 isoform 7 [Homo sapiens]	TRUE	TENT2
XP_042930986.1	NP_001336477.1	0	N/A	37.344	241	27	2.13e-36	140	poly(A) RNA polymerase GLD2 isoform 4 [Homo sapiens]	TRUE	TENT2
XP_042930986.1	XP_047272820.1	0	N/A	38.182	220	25	5.14e-33	130	poly(A) RNA polymerase GLD2 isoform X11 [Homo sapiens]	TRUE	TENT2
XP_042930986.1	NP_001375066.1	0	N/A	39.153	189	21	4.18e-30	123	poly(A) RNA polymerase GLD2 isoform 15 [Homo sapiens]	TRUE	TENT2
XP_042930986.1	XP_047272818.1	0	N/A	32.34	235	26	2.35e-28	119	poly(A) RNA polymerase GLD2 isoform X10 [Homo sapiens]	TRUE	TENT2
XP_042930986.1	XP_047272816.1	0	N/A	30	260	26	1.32e-24	108	poly(A) RNA polymerase GLD2 isoform X8 [Homo sapiens]	TRUE	TENT2
XP_042930986.1	NP_001317647.1	0	N/A	30.263	304	34	4.38e-24	111	terminal uridylyltransferase 7 isoform 3 [Homo sapiens]	TRUE	Tut7
XP_042930986.1	XP_005252265.1	0	N/A	30.405	296	33	8.55e-24	110	terminal uridylyltransferase 7 isoform X7 [Homo sapiens]	TRUE	Tut7
XP_042930986.1	XP_047279823.1	0	N/A	30.405	296	33	8.7e-24	110	terminal uridylyltransferase 7 isoform X2 [Homo sapiens]	TRUE	Tut7
XP_042930986.1	XP_006717346.1	0	N/A	30.405	296	33	8.7e-24	110	terminal uridylyltransferase 7 isoform X2 [Homo sapiens]	TRUE	Tut7
XP_042930986.1	XP_011517318.1	0	N/A	30.405	296	33	8.95e-24	110	terminal uridylyltransferase 7 isoform X5 [Homo sapiens]	TRUE	Tut7
XP_042930986.1	XP_011517316.1	0	N/A	30.405	296	33	9.11e-24	110	terminal uridylyltransferase 7 isoform X1 [Homo sapiens]	TRUE	Tut7
XP_042930986.1	XP_011517315.1	0	N/A	30.405	296	33	9.11e-24	110	terminal uridylyltransferase 7 isoform X1 [Homo sapiens]	TRUE	Tut7
XP_042930986.1	XP_011517314.1	0	N/A	30.405	296	33	9.11e-24	110	terminal uridylyltransferase 7 isoform X1 [Homo sapiens]	TRUE	Tut7
XP_042930986.1	XP_011517313.1	0	N/A	30.405	296	33	9.11e-24	110	terminal uridylyltransferase 7 isoform X1 [Homo sapiens]	TRUE	Tut7
XP_042930986.1	XP_016870620.1	0	N/A	30.405	296	33	9.35e-24	110	terminal uridylyltransferase 7 isoform X4 [Homo sapiens]	TRUE	Tut7
XP_042930986.1	XP_016870619.1	0	N/A	30.405	296	33	9.35e-24	110	terminal uridylyltransferase 7 isoform X4 [Homo sapiens]	TRUE	Tut7
XP_042930986.1	NP_078893.2	0	N/A	30.405	296	33	9.35e-24	110	terminal uridylyltransferase 7 isoform 1 [Homo sapiens]	TRUE	Tut7
XP_042930986.1	NP_001171988.1	0	N/A	30.405	296	33	9.35e-24	110	terminal uridylyltransferase 7 isoform 1 [Homo sapiens]	TRUE	Tut7
XP_042930986.1	XP_047279825.1	0	N/A	30.405	296	33	9.8e-24	110	terminal uridylyltransferase 7 isoform X6 [Homo sapiens]	TRUE	Tut7
XP_042930986.1	XP_047279824.1	0	N/A	30.405	296	33	9.8e-24	110	terminal uridylyltransferase 7 isoform X6 [Homo sapiens]	TRUE	Tut7
XP_042930986.1	XP_005252264.1	0	N/A	30.405	296	33	9.8e-24	110	terminal uridylyltransferase 7 isoform X6 [Homo sapiens]	TRUE	Tut7
XP_042930986.1	XP_011517317.1	0	N/A	30.405	296	33	1.05e-23	110	terminal uridylyltransferase 7 isoform X3 [Homo sapiens]	TRUE	Tut7
XP_042930986.1	XP_047272817.1	0	N/A	30.534	262	26	1.75e-23	105	poly(A) RNA polymerase GLD2 isoform X9 [Homo sapiens]	TRUE	TENT2
XP_042930986.1	XP_047272814.1	0	N/A	26.087	368	41	5.41e-23	105	poly(A) RNA polymerase GLD2 isoform X6 [Homo sapiens]	TRUE	TENT2
XP_042930986.1	XP_047272813.1	0	N/A	26.087	368	41	5.41e-23	105	poly(A) RNA polymerase GLD2 isoform X6 [Homo sapiens]	TRUE	TENT2
XP_042930986.1	XP_047272812.1	0	N/A	26.087	368	41	5.41e-23	105	poly(A) RNA polymerase GLD2 isoform X6 [Homo sapiens]	TRUE	TENT2
XP_042930986.1	NP_001375062.1	0	N/A	26.087	368	41	5.41e-23	105	poly(A) RNA polymerase GLD2 isoform 3 [Homo sapiens]	TRUE	TENT2
XP_042930986.1	NP_001284674.1	0	N/A	26.087	368	41	5.41e-23	105	poly(A) RNA polymerase GLD2 isoform 3 [Homo sapiens]	TRUE	TENT2
XP_042930986.1	XP_047272815.1	0	N/A	26.486	370	41	5.84e-22	102	poly(A) RNA polymerase GLD2 isoform X7 [Homo sapiens]	TRUE	TENT2
XP_042930986.1	NP_001375064.1	0	N/A	26.486	370	41	5.84e-22	102	poly(A) RNA polymerase GLD2 isoform 13 [Homo sapiens]	TRUE	TENT2
XP_042930986.1	NP_001375063.1	0	N/A	26.486	370	41	5.84e-22	102	poly(A) RNA polymerase GLD2 isoform 13 [Homo sapiens]	TRUE	TENT2
XP_042930986.1	XP_047272290.1	0	N/A	31.023	303	34	6.88e-21	101	terminal uridylyltransferase 4 isoform X11 [Homo sapiens]	TRUE	Tut4
XP_042930986.1	XP_047272296.1	0	N/A	31.023	303	34	7.49e-21	101	terminal uridylyltransferase 4 isoform X13 [Homo sapiens]	TRUE	Tut4
XP_042933116.1	XP_016856296.1	0	N/A	27.409	1069	72	1.28e-109	384	terminal uridylyltransferase 4 isoform X28 [Homo sapiens]	TRUE	Tut4
XP_042933116.1	XP_047272337.1	0	N/A	27.409	1069	72	1.38e-109	384	terminal uridylyltransferase 4 isoform X27 [Homo sapiens]	TRUE	Tut4
XP_042933116.1	XP_016856295.1	0	N/A	27.469	1063	72	1.67e-109	383	terminal uridylyltransferase 4 isoform X25 [Homo sapiens]	TRUE	Tut4
XP_042933116.1	XP_047272325.1	0	N/A	27.469	1063	72	2.33e-109	383	terminal uridylyltransferase 4 isoform X23 [Homo sapiens]	TRUE	Tut4
XP_042933116.1	XP_047272282.1	0	N/A	26.696	1120	72	1.25e-107	379	terminal uridylyltransferase 4 isoform X5 [Homo sapiens]	TRUE	Tut4
XP_042933116.1	NP_056084.1	0	N/A	26.696	1120	72	1.25e-107	379	terminal uridylyltransferase 4 isoform b [Homo sapiens]	TRUE	Tut4
XP_042933116.1	XP_047272283.1	0	N/A	26.696	1120	72	1.27e-107	379	terminal uridylyltransferase 4 isoform X6 [Homo sapiens]	TRUE	Tut4
XP_042933116.1	XP_005270737.1	0	N/A	26.696	1120	72	1.27e-107	379	terminal uridylyltransferase 4 isoform X6 [Homo sapiens]	TRUE	Tut4
XP_042933116.1	XP_047272281.1	0	N/A	26.696	1120	72	1.5e-107	378	terminal uridylyltransferase 4 isoform X4 [Homo sapiens]	TRUE	Tut4
XP_042933116.1	NP_001009881.1	0	N/A	26.696	1120	72	1.5e-107	378	terminal uridylyltransferase 4 isoform a [Homo sapiens]	TRUE	Tut4
XP_042933116.1	XP_047272280.1	0	N/A	26.696	1120	72	2.13e-107	378	terminal uridylyltransferase 4 isoform X3 [Homo sapiens]	TRUE	Tut4
XP_042933116.1	XP_005270736.1	0	N/A	26.696	1120	72	2.13e-107	378	terminal uridylyltransferase 4 isoform X3 [Homo sapiens]	TRUE	Tut4
XP_042933116.1	XP_005270735.1	0	N/A	26.696	1120	72	2.17e-107	378	terminal uridylyltransferase 4 isoform X2 [Homo sapiens]	TRUE	Tut4
XP_042933116.1	XP_011539399.1	0	N/A	26.696	1120	72	2.56e-107	377	terminal uridylyltransferase 4 isoform X1 [Homo sapiens]	TRUE	Tut4
XP_042933116.1	XP_005270733.1	0	N/A	26.696	1120	72	2.56e-107	377	terminal uridylyltransferase 4 isoform X1 [Homo sapiens]	TRUE	Tut4
XP_042933116.1	XP_047272350.1	0	N/A	27.035	1069	72	9.41e-104	366	terminal uridylyltransferase 4 isoform X34 [Homo sapiens]	TRUE	Tut4
XP_042933116.1	XP_047272344.1	0	N/A	27.093	1063	72	1.08e-103	366	terminal uridylyltransferase 4 isoform X30 [Homo sapiens]	TRUE	Tut4
XP_042933116.1	XP_047272296.1	0	N/A	26.339	1120	72	8.01e-102	361	terminal uridylyltransferase 4 isoform X13 [Homo sapiens]	TRUE	Tut4
XP_042933116.1	XP_047272305.1	0	N/A	26.339	1120	72	9.07e-102	361	terminal uridylyltransferase 4 isoform X17 [Homo sapiens]	TRUE	Tut4
XP_042933116.1	XP_047272290.1	0	N/A	26.339	1120	72	9.37e-102	361	terminal uridylyltransferase 4 isoform X11 [Homo sapiens]	TRUE	Tut4
XP_042933116.1	XP_047272295.1	0	N/A	26.339	1120	72	9.88e-102	360	terminal uridylyltransferase 4 isoform X12 [Homo sapiens]	TRUE	Tut4
XP_042933116.1	XP_047272286.1	0	N/A	26.339	1120	72	1.1e-101	360	terminal uridylyltransferase 4 isoform X8 [Homo sapiens]	TRUE	Tut4
XP_042933116.1	XP_016856292.1	0	N/A	26.807	1093	72	2.88e-101	359	terminal uridylyltransferase 4 isoform X9 [Homo sapiens]	TRUE	Tut4
XP_042933116.1	XP_047272288.1	0	N/A	26.807	1093	72	3.93e-101	359	terminal uridylyltransferase 4 isoform X10 [Homo sapiens]	TRUE	Tut4
XP_042933116.1	XP_047272285.1	0	N/A	26.807	1093	72	4.54e-101	358	terminal uridylyltransferase 4 isoform X7 [Homo sapiens]	TRUE	Tut4
XP_042933116.1	XP_047272345.1	0	N/A	26.754	1069	72	1.37e-98	351	terminal uridylyltransferase 4 isoform X31 [Homo sapiens]	TRUE	Tut4
XP_042933116.1	XP_011539401.1	0	N/A	26.754	1069	72	1.56e-98	350	terminal uridylyltransferase 4 isoform X29 [Homo sapiens]	TRUE	Tut4
XP_042933116.1	XP_005270739.1	0	N/A	26.523	1067	72	7.01e-96	342	terminal uridylyltransferase 4 isoform X33 [Homo sapiens]	TRUE	Tut4
XP_042933116.1	XP_016856299.1	0	N/A	26.523	1067	72	9.51e-96	342	terminal uridylyltransferase 4 isoform X40 [Homo sapiens]	TRUE	Tut4
XP_042933116.1	XP_016856297.1	0	N/A	26.523	1067	72	1.01e-95	342	terminal uridylyltransferase 4 isoform X36 [Homo sapiens]	TRUE	Tut4
XP_042933116.1	XP_047272365.1	0	N/A	26.523	1067	72	1.27e-95	342	terminal uridylyltransferase 4 isoform X38 [Homo sapiens]	TRUE	Tut4
XP_042933116.1	XP_047272372.1	0	N/A	26.148	1067	72	6.06e-90	324	terminal uridylyltransferase 4 isoform X42 [Homo sapiens]	TRUE	Tut4
XP_042933116.1	XP_047272348.1	0	N/A	25.444	1069	72	2.79e-87	316	terminal uridylyltransferase 4 isoform X32 [Homo sapiens]	TRUE	Tut4
XP_042933116.1	XP_047272367.1	0	N/A	25.444	1069	72	2.93e-87	316	terminal uridylyltransferase 4 isoform X39 [Homo sapiens]	TRUE	Tut4
XP_042933116.1	XP_047272354.1	0	N/A	25.444	1069	72	3.18e-87	316	terminal uridylyltransferase 4 isoform X35 [Homo sapiens]	TRUE	Tut4
XP_042933116.1	XP_047272362.1	0	N/A	25.444	1069	72	4.15e-87	316	terminal uridylyltransferase 4 isoform X37 [Homo sapiens]	TRUE	Tut4
XP_042933116.1	XP_047272307.1	0	N/A	24.821	1120	72	1.58e-85	311	terminal uridylyltransferase 4 isoform X19 [Homo sapiens]	TRUE	Tut4
XP_042933116.1	XP_047272306.1	0	N/A	24.821	1120	72	1.71e-85	311	terminal uridylyltransferase 4 isoform X18 [Homo sapiens]	TRUE	Tut4
XP_042933116.1	XP_016856294.1	0	N/A	24.821	1120	72	2.2e-85	311	terminal uridylyltransferase 4 isoform X20 [Homo sapiens]	TRUE	Tut4
XP_042933116.1	XP_005270738.1	0	N/A	24.821	1120	72	2.45e-85	310	terminal uridylyltransferase 4 isoform X14 [Homo sapiens]	TRUE	Tut4
XP_042933116.1	XP_047272303.1	0	N/A	24.821	1120	72	2.97e-85	310	terminal uridylyltransferase 4 isoform X15 [Homo sapiens]	TRUE	Tut4
XP_042933116.1	XP_047272311.1	0	N/A	24.886	1093	72	1.69e-79	292	terminal uridylyltransferase 4 isoform X21 [Homo sapiens]	TRUE	Tut4
XP_042933116.1	XP_047272320.1	0	N/A	24.886	1093	72	2.24e-79	292	terminal uridylyltransferase 4 isoform X22 [Homo sapiens]	TRUE	Tut4
XP_042933116.1	XP_047272384.1	0	N/A	38.072	415	29	8.08e-78	280	terminal uridylyltransferase 4 isoform X46 [Homo sapiens]	TRUE	Tut4
XP_042933116.1	XP_016856293.1	0	N/A	37.029	451	31	3.09e-77	285	terminal uridylyltransferase 4 isoform X16 [Homo sapiens]	TRUE	Tut4
XP_042933116.1	XP_047272369.1	0	N/A	24.79	1069	72	1.02e-76	283	terminal uridylyltransferase 4 isoform X41 [Homo sapiens]	TRUE	Tut4
XP_042933116.1	NP_001317647.1	0	N/A	36.175	434	30	8.61e-76	271	terminal uridylyltransferase 7 isoform 3 [Homo sapiens]	TRUE	Tut7
XP_042933116.1	XP_047272373.1	0	N/A	24.555	1067	72	3.49e-74	275	terminal uridylyltransferase 4 isoform X43 [Homo sapiens]	TRUE	Tut4
XP_042933116.1	XP_047272377.1	0	N/A	24.555	1067	72	3.73e-74	275	terminal uridylyltransferase 4 isoform X44 [Homo sapiens]	TRUE	Tut4
XP_042933116.1	XP_005252265.1	0	N/A	35.938	448	30	6.66e-73	271	terminal uridylyltransferase 7 isoform X7 [Homo sapiens]	TRUE	Tut7
XP_042933116.1	XP_047279823.1	0	N/A	36.175	434	30	7.41e-73	271	terminal uridylyltransferase 7 isoform X2 [Homo sapiens]	TRUE	Tut7
XP_042933116.1	XP_006717346.1	0	N/A	36.175	434	30	7.41e-73	271	terminal uridylyltransferase 7 isoform X2 [Homo sapiens]	TRUE	Tut7
XP_042933116.1	XP_016870620.1	0	N/A	36.175	434	30	8.41e-73	271	terminal uridylyltransferase 7 isoform X4 [Homo sapiens]	TRUE	Tut7
XP_042933116.1	XP_016870619.1	0	N/A	36.175	434	30	8.41e-73	271	terminal uridylyltransferase 7 isoform X4 [Homo sapiens]	TRUE	Tut7
XP_042933116.1	NP_078893.2	0	N/A	36.175	434	30	8.41e-73	271	terminal uridylyltransferase 7 isoform 1 [Homo sapiens]	TRUE	Tut7
XP_042933116.1	NP_001171988.1	0	N/A	36.175	434	30	8.41e-73	271	terminal uridylyltransferase 7 isoform 1 [Homo sapiens]	TRUE	Tut7
XP_042933116.1	XP_047279825.1	0	N/A	36.175	434	30	8.89e-73	271	terminal uridylyltransferase 7 isoform X6 [Homo sapiens]	TRUE	Tut7
XP_042933116.1	XP_047279824.1	0	N/A	36.175	434	30	8.89e-73	271	terminal uridylyltransferase 7 isoform X6 [Homo sapiens]	TRUE	Tut7
XP_042933116.1	XP_005252264.1	0	N/A	36.175	434	30	8.89e-73	271	terminal uridylyltransferase 7 isoform X6 [Homo sapiens]	TRUE	Tut7
XP_042933116.1	XP_011517318.1	0	N/A	36.175	434	30	9.15e-73	271	terminal uridylyltransferase 7 isoform X5 [Homo sapiens]	TRUE	Tut7
XP_042933116.1	XP_011517317.1	0	N/A	36.175	434	30	1.21e-72	270	terminal uridylyltransferase 7 isoform X3 [Homo sapiens]	TRUE	Tut7
XP_042933116.1	XP_011517316.1	0	N/A	36.175	434	30	1.59e-72	270	terminal uridylyltransferase 7 isoform X1 [Homo sapiens]	TRUE	Tut7
XP_042933116.1	XP_011517315.1	0	N/A	36.175	434	30	1.59e-72	270	terminal uridylyltransferase 7 isoform X1 [Homo sapiens]	TRUE	Tut7
XP_042933116.1	XP_011517314.1	0	N/A	36.175	434	30	1.59e-72	270	terminal uridylyltransferase 7 isoform X1 [Homo sapiens]	TRUE	Tut7
XP_042933116.1	XP_011517313.1	0	N/A	36.175	434	30	1.59e-72	270	terminal uridylyltransferase 7 isoform X1 [Homo sapiens]	TRUE	Tut7
XP_042933116.1	XP_047272336.1	0	N/A	32.373	451	31	2.65e-56	218	terminal uridylyltransferase 4 isoform X26 [Homo sapiens]	TRUE	Tut4
XP_042933116.1	XP_047272327.1	0	N/A	32.373	451	31	3.19e-56	218	terminal uridylyltransferase 4 isoform X24 [Homo sapiens]	TRUE	Tut4
XP_042933116.1	NP_001172003.1	0	N/A	39.597	298	20	9.01e-55	212	terminal uridylyltransferase 7 isoform 2 [Homo sapiens]	TRUE	Tut7
XP_042933116.1	NP_001375065.1	0	N/A	33.333	270	18	5.58e-35	140	poly(A) RNA polymerase GLD2 isoform 14 [Homo sapiens]	TRUE	TENT2
XP_042933116.1	NP_001375030.1	0	N/A	31.864	295	20	2.15e-34	141	poly(A) RNA polymerase GLD2 isoform 9 [Homo sapiens]	TRUE	TENT2
XP_042933116.1	NP_001375061.1	0	N/A	33.333	270	18	2.39e-34	140	poly(A) RNA polymerase GLD2 isoform 12 [Homo sapiens]	TRUE	TENT2
XP_042933116.1	NP_001375059.1	0	N/A	33.333	270	18	2.7e-34	141	poly(A) RNA polymerase GLD2 isoform 10 [Homo sapiens]	TRUE	TENT2
XP_042933116.1	XP_047272811.1	0	N/A	33.333	270	18	2.9e-34	141	poly(A) RNA polymerase GLD2 isoform X4 [Homo sapiens]	TRUE	TENT2
XP_042933116.1	XP_047272810.1	0	N/A	33.333	270	18	2.9e-34	141	poly(A) RNA polymerase GLD2 isoform X4 [Homo sapiens]	TRUE	TENT2
XP_042933116.1	XP_047272809.1	0	N/A	33.333	270	18	2.9e-34	141	poly(A) RNA polymerase GLD2 isoform X4 [Homo sapiens]	TRUE	TENT2
XP_042933116.1	NP_001375058.1	0	N/A	33.333	270	18	2.9e-34	141	poly(A) RNA polymerase GLD2 isoform 2 [Homo sapiens]	TRUE	TENT2
XP_042933116.1	NP_001375057.1	0	N/A	33.333	270	18	2.9e-34	141	poly(A) RNA polymerase GLD2 isoform 2 [Homo sapiens]	TRUE	TENT2
XP_042933116.1	NP_001375056.1	0	N/A	33.333	270	18	2.9e-34	141	poly(A) RNA polymerase GLD2 isoform 2 [Homo sapiens]	TRUE	TENT2
XP_042933116.1	NP_001375055.1	0	N/A	33.333	270	18	2.9e-34	141	poly(A) RNA polymerase GLD2 isoform 2 [Homo sapiens]	TRUE	TENT2
XP_042933116.1	NP_001375054.1	0	N/A	33.333	270	18	2.9e-34	141	poly(A) RNA polymerase GLD2 isoform 2 [Homo sapiens]	TRUE	TENT2
XP_042933116.1	NP_001375053.1	0	N/A	33.333	270	18	2.9e-34	141	poly(A) RNA polymerase GLD2 isoform 2 [Homo sapiens]	TRUE	TENT2
XP_042933116.1	NP_001375052.1	0	N/A	33.333	270	18	2.9e-34	141	poly(A) RNA polymerase GLD2 isoform 2 [Homo sapiens]	TRUE	TENT2
XP_042933116.1	NP_001375051.1	0	N/A	33.333	270	18	2.9e-34	141	poly(A) RNA polymerase GLD2 isoform 2 [Homo sapiens]	TRUE	TENT2
XP_042933116.1	NP_001375050.1	0	N/A	33.333	270	18	2.9e-34	141	poly(A) RNA polymerase GLD2 isoform 2 [Homo sapiens]	TRUE	TENT2
XP_042933116.1	NP_001375049.1	0	N/A	33.333	270	18	2.9e-34	141	poly(A) RNA polymerase GLD2 isoform 2 [Homo sapiens]	TRUE	TENT2
XP_042933116.1	NP_001375048.1	0	N/A	33.333	270	18	2.9e-34	141	poly(A) RNA polymerase GLD2 isoform 2 [Homo sapiens]	TRUE	TENT2
XP_042933116.1	NP_001375047.1	0	N/A	33.333	270	18	2.9e-34	141	poly(A) RNA polymerase GLD2 isoform 2 [Homo sapiens]	TRUE	TENT2
XP_042933116.1	NP_001375046.1	0	N/A	33.333	270	18	2.9e-34	141	poly(A) RNA polymerase GLD2 isoform 2 [Homo sapiens]	TRUE	TENT2
XP_042933116.1	NP_001375045.1	0	N/A	33.333	270	18	2.9e-34	141	poly(A) RNA polymerase GLD2 isoform 2 [Homo sapiens]	TRUE	TENT2
XP_042933116.1	NP_001375044.1	0	N/A	33.333	270	18	2.9e-34	141	poly(A) RNA polymerase GLD2 isoform 2 [Homo sapiens]	TRUE	TENT2
XP_042933116.1	NP_001375043.1	0	N/A	33.333	270	18	2.9e-34	141	poly(A) RNA polymerase GLD2 isoform 2 [Homo sapiens]	TRUE	TENT2
XP_042933116.1	NP_001336483.1	0	N/A	33.333	270	18	2.9e-34	141	poly(A) RNA polymerase GLD2 isoform 2 [Homo sapiens]	TRUE	TENT2
XP_042933116.1	NP_001284673.1	0	N/A	33.333	270	18	2.9e-34	141	poly(A) RNA polymerase GLD2 isoform 2 [Homo sapiens]	TRUE	TENT2
XP_042933116.1	NP_001375060.1	0	N/A	32.721	272	18	5e-33	137	poly(A) RNA polymerase GLD2 isoform 11 [Homo sapiens]	TRUE	TENT2
XP_042933116.1	NP_001375029.1	0	N/A	31.313	297	20	6.26e-33	137	poly(A) RNA polymerase GLD2 isoform 8 [Homo sapiens]	TRUE	TENT2
XP_042933116.1	NP_001375028.1	0	N/A	31.313	297	20	6.26e-33	137	poly(A) RNA polymerase GLD2 isoform 8 [Homo sapiens]	TRUE	TENT2
XP_042933116.1	XP_047272808.1	0	N/A	32.721	272	18	7.26e-33	137	poly(A) RNA polymerase GLD2 isoform X3 [Homo sapiens]	TRUE	TENT2
XP_042933116.1	XP_047272807.1	0	N/A	32.721	272	18	7.26e-33	137	poly(A) RNA polymerase GLD2 isoform X3 [Homo sapiens]	TRUE	TENT2
XP_042933116.1	XP_047272806.1	0	N/A	32.721	272	18	7.26e-33	137	poly(A) RNA polymerase GLD2 isoform X3 [Homo sapiens]	TRUE	TENT2
XP_042933116.1	NP_776158.2	0	N/A	32.721	272	18	7.26e-33	137	poly(A) RNA polymerase GLD2 isoform 1 [Homo sapiens]	TRUE	TENT2
XP_042936366.1	NP_001375065.1	0	N/A	41.593	339	27	5.73e-66	230	poly(A) RNA polymerase GLD2 isoform 14 [Homo sapiens]	TRUE	TENT2
XP_042936366.1	NP_001375061.1	0	N/A	41.593	339	27	8.16e-66	232	poly(A) RNA polymerase GLD2 isoform 12 [Homo sapiens]	TRUE	TENT2
XP_042936366.1	NP_001375059.1	0	N/A	41.593	339	27	1.06e-65	233	poly(A) RNA polymerase GLD2 isoform 10 [Homo sapiens]	TRUE	TENT2
XP_042936366.1	XP_047272811.1	0	N/A	41.593	339	27	1.09e-65	233	poly(A) RNA polymerase GLD2 isoform X4 [Homo sapiens]	TRUE	TENT2
XP_042936366.1	XP_047272810.1	0	N/A	41.593	339	27	1.09e-65	233	poly(A) RNA polymerase GLD2 isoform X4 [Homo sapiens]	TRUE	TENT2
XP_042936366.1	XP_047272809.1	0	N/A	41.593	339	27	1.09e-65	233	poly(A) RNA polymerase GLD2 isoform X4 [Homo sapiens]	TRUE	TENT2
XP_042936366.1	NP_001375058.1	0	N/A	41.593	339	27	1.09e-65	233	poly(A) RNA polymerase GLD2 isoform 2 [Homo sapiens]	TRUE	TENT2
XP_042936366.1	NP_001375057.1	0	N/A	41.593	339	27	1.09e-65	233	poly(A) RNA polymerase GLD2 isoform 2 [Homo sapiens]	TRUE	TENT2
XP_042936366.1	NP_001375056.1	0	N/A	41.593	339	27	1.09e-65	233	poly(A) RNA polymerase GLD2 isoform 2 [Homo sapiens]	TRUE	TENT2
XP_042936366.1	NP_001375055.1	0	N/A	41.593	339	27	1.09e-65	233	poly(A) RNA polymerase GLD2 isoform 2 [Homo sapiens]	TRUE	TENT2
XP_042936366.1	NP_001375054.1	0	N/A	41.593	339	27	1.09e-65	233	poly(A) RNA polymerase GLD2 isoform 2 [Homo sapiens]	TRUE	TENT2
XP_042936366.1	NP_001375053.1	0	N/A	41.593	339	27	1.09e-65	233	poly(A) RNA polymerase GLD2 isoform 2 [Homo sapiens]	TRUE	TENT2
XP_042936366.1	NP_001375052.1	0	N/A	41.593	339	27	1.09e-65	233	poly(A) RNA polymerase GLD2 isoform 2 [Homo sapiens]	TRUE	TENT2
XP_042936366.1	NP_001375051.1	0	N/A	41.593	339	27	1.09e-65	233	poly(A) RNA polymerase GLD2 isoform 2 [Homo sapiens]	TRUE	TENT2
XP_042936366.1	NP_001375050.1	0	N/A	41.593	339	27	1.09e-65	233	poly(A) RNA polymerase GLD2 isoform 2 [Homo sapiens]	TRUE	TENT2
XP_042936366.1	NP_001375049.1	0	N/A	41.593	339	27	1.09e-65	233	poly(A) RNA polymerase GLD2 isoform 2 [Homo sapiens]	TRUE	TENT2
XP_042936366.1	NP_001375048.1	0	N/A	41.593	339	27	1.09e-65	233	poly(A) RNA polymerase GLD2 isoform 2 [Homo sapiens]	TRUE	TENT2
XP_042936366.1	NP_001375047.1	0	N/A	41.593	339	27	1.09e-65	233	poly(A) RNA polymerase GLD2 isoform 2 [Homo sapiens]	TRUE	TENT2
XP_042936366.1	NP_001375046.1	0	N/A	41.593	339	27	1.09e-65	233	poly(A) RNA polymerase GLD2 isoform 2 [Homo sapiens]	TRUE	TENT2
XP_042936366.1	NP_001375045.1	0	N/A	41.593	339	27	1.09e-65	233	poly(A) RNA polymerase GLD2 isoform 2 [Homo sapiens]	TRUE	TENT2
XP_042936366.1	NP_001375044.1	0	N/A	41.593	339	27	1.09e-65	233	poly(A) RNA polymerase GLD2 isoform 2 [Homo sapiens]	TRUE	TENT2
XP_042936366.1	NP_001375043.1	0	N/A	41.593	339	27	1.09e-65	233	poly(A) RNA polymerase GLD2 isoform 2 [Homo sapiens]	TRUE	TENT2
XP_042936366.1	NP_001336483.1	0	N/A	41.593	339	27	1.09e-65	233	poly(A) RNA polymerase GLD2 isoform 2 [Homo sapiens]	TRUE	TENT2
XP_042936366.1	NP_001284673.1	0	N/A	41.593	339	27	1.09e-65	233	poly(A) RNA polymerase GLD2 isoform 2 [Homo sapiens]	TRUE	TENT2
XP_042936366.1	NP_001375060.1	0	N/A	41.108	343	27	8.8e-64	226	poly(A) RNA polymerase GLD2 isoform 11 [Homo sapiens]	TRUE	TENT2
XP_042936366.1	XP_047272808.1	0	N/A	41.108	343	27	1.16e-63	227	poly(A) RNA polymerase GLD2 isoform X3 [Homo sapiens]	TRUE	TENT2
XP_042936366.1	XP_047272807.1	0	N/A	41.108	343	27	1.16e-63	227	poly(A) RNA polymerase GLD2 isoform X3 [Homo sapiens]	TRUE	TENT2
XP_042936366.1	XP_047272806.1	0	N/A	41.108	343	27	1.16e-63	227	poly(A) RNA polymerase GLD2 isoform X3 [Homo sapiens]	TRUE	TENT2
XP_042936366.1	NP_776158.2	0	N/A	41.108	343	27	1.16e-63	227	poly(A) RNA polymerase GLD2 isoform 1 [Homo sapiens]	TRUE	TENT2
XP_042936366.1	NP_001375041.1	0	N/A	41.108	343	27	1.16e-63	227	poly(A) RNA polymerase GLD2 isoform 1 [Homo sapiens]	TRUE	TENT2
XP_042936366.1	NP_001375040.1	0	N/A	41.108	343	27	1.16e-63	227	poly(A) RNA polymerase GLD2 isoform 1 [Homo sapiens]	TRUE	TENT2
XP_042936366.1	NP_001375039.1	0	N/A	41.108	343	27	1.16e-63	227	poly(A) RNA polymerase GLD2 isoform 1 [Homo sapiens]	TRUE	TENT2
XP_042936366.1	NP_001375038.1	0	N/A	41.108	343	27	1.16e-63	227	poly(A) RNA polymerase GLD2 isoform 1 [Homo sapiens]	TRUE	TENT2
XP_042936366.1	NP_001375037.1	0	N/A	41.108	343	27	1.16e-63	227	poly(A) RNA polymerase GLD2 isoform 1 [Homo sapiens]	TRUE	TENT2
XP_042936366.1	NP_001375036.1	0	N/A	41.108	343	27	1.16e-63	227	poly(A) RNA polymerase GLD2 isoform 1 [Homo sapiens]	TRUE	TENT2
XP_042936366.1	NP_001375035.1	0	N/A	41.108	343	27	1.16e-63	227	poly(A) RNA polymerase GLD2 isoform 1 [Homo sapiens]	TRUE	TENT2
XP_042936366.1	NP_001375034.1	0	N/A	41.108	343	27	1.16e-63	227	poly(A) RNA polymerase GLD2 isoform 1 [Homo sapiens]	TRUE	TENT2
XP_042936366.1	NP_001375032.1	0	N/A	41.108	343	27	1.16e-63	227	poly(A) RNA polymerase GLD2 isoform 1 [Homo sapiens]	TRUE	TENT2
XP_042936366.1	NP_001375031.1	0	N/A	41.108	343	27	1.16e-63	227	poly(A) RNA polymerase GLD2 isoform 1 [Homo sapiens]	TRUE	TENT2
XP_042936366.1	NP_001336482.1	0	N/A	41.108	343	27	1.16e-63	227	poly(A) RNA polymerase GLD2 isoform 1 [Homo sapiens]	TRUE	TENT2
XP_042936366.1	NP_001336481.1	0	N/A	41.108	343	27	1.16e-63	227	poly(A) RNA polymerase GLD2 isoform 1 [Homo sapiens]	TRUE	TENT2
XP_042936366.1	NP_001107866.1	0	N/A	41.108	343	27	1.16e-63	227	poly(A) RNA polymerase GLD2 isoform 1 [Homo sapiens]	TRUE	TENT2
XP_042936366.1	NP_001107865.1	0	N/A	41.108	343	27	1.16e-63	227	poly(A) RNA polymerase GLD2 isoform 1 [Homo sapiens]	TRUE	TENT2
XP_042936366.1	NP_001375042.1	0	N/A	41.108	343	27	1.37e-63	227	poly(A) RNA polymerase GLD2 isoform 16 [Homo sapiens]	TRUE	TENT2
XP_042936366.1	NP_001375027.1	0	N/A	39.011	364	27	8.41e-63	225	poly(A) RNA polymerase GLD2 isoform 7 [Homo sapiens]	TRUE	TENT2
XP_042936366.1	XP_047272805.1	0	N/A	39.011	364	27	8.61e-63	225	poly(A) RNA polymerase GLD2 isoform X2 [Homo sapiens]	TRUE	TENT2
XP_042936366.1	XP_047272804.1	0	N/A	39.011	364	27	8.61e-63	225	poly(A) RNA polymerase GLD2 isoform X2 [Homo sapiens]	TRUE	TENT2
XP_042936366.1	XP_047272803.1	0	N/A	39.011	364	27	8.61e-63	225	poly(A) RNA polymerase GLD2 isoform X2 [Homo sapiens]	TRUE	TENT2
XP_042936366.1	XP_047272802.1	0	N/A	39.011	364	27	8.61e-63	225	poly(A) RNA polymerase GLD2 isoform X2 [Homo sapiens]	TRUE	TENT2
XP_042936366.1	XP_016864641.1	0	N/A	39.011	364	27	8.61e-63	225	poly(A) RNA polymerase GLD2 isoform X2 [Homo sapiens]	TRUE	TENT2
XP_042936366.1	NP_001375026.1	0	N/A	39.011	364	27	8.61e-63	225	poly(A) RNA polymerase GLD2 isoform 6 [Homo sapiens]	TRUE	TENT2
XP_042936366.1	NP_001375025.1	0	N/A	39.011	364	27	8.61e-63	225	poly(A) RNA polymerase GLD2 isoform 6 [Homo sapiens]	TRUE	TENT2
XP_042936366.1	NP_001375024.1	0	N/A	39.011	364	27	8.61e-63	225	poly(A) RNA polymerase GLD2 isoform 6 [Homo sapiens]	TRUE	TENT2
XP_042936366.1	NP_001336480.1	0	N/A	39.011	364	27	8.61e-63	225	poly(A) RNA polymerase GLD2 isoform 6 [Homo sapiens]	TRUE	TENT2
XP_042936366.1	NP_001375030.1	0	N/A	40.688	349	27	1.67e-62	224	poly(A) RNA polymerase GLD2 isoform 9 [Homo sapiens]	TRUE	TENT2
XP_042936366.1	XP_047272801.1	0	N/A	38.587	368	27	9.63e-61	219	poly(A) RNA polymerase GLD2 isoform X1 [Homo sapiens]	TRUE	TENT2
XP_042936366.1	XP_047272800.1	0	N/A	38.587	368	27	9.63e-61	219	poly(A) RNA polymerase GLD2 isoform X1 [Homo sapiens]	TRUE	TENT2
XP_042936366.1	XP_011541527.1	0	N/A	38.587	368	27	9.63e-61	219	poly(A) RNA polymerase GLD2 isoform X1 [Homo sapiens]	TRUE	TENT2
XP_042936366.1	XP_011541526.1	0	N/A	38.587	368	27	9.63e-61	219	poly(A) RNA polymerase GLD2 isoform X1 [Homo sapiens]	TRUE	TENT2
XP_042936366.1	XP_011541523.1	0	N/A	38.587	368	27	9.63e-61	219	poly(A) RNA polymerase GLD2 isoform X1 [Homo sapiens]	TRUE	TENT2
XP_042936366.1	XP_011541522.1	0	N/A	38.587	368	27	9.63e-61	219	poly(A) RNA polymerase GLD2 isoform X1 [Homo sapiens]	TRUE	TENT2
XP_042936366.1	NP_001375023.1	0	N/A	38.587	368	27	9.63e-61	219	poly(A) RNA polymerase GLD2 isoform 5 [Homo sapiens]	TRUE	TENT2
XP_042936366.1	NP_001375022.1	0	N/A	38.587	368	27	9.63e-61	219	poly(A) RNA polymerase GLD2 isoform 5 [Homo sapiens]	TRUE	TENT2
XP_042936366.1	NP_001336479.1	0	N/A	38.587	368	27	9.63e-61	219	poly(A) RNA polymerase GLD2 isoform 5 [Homo sapiens]	TRUE	TENT2
XP_042936366.1	NP_001336478.1	0	N/A	38.587	368	27	9.63e-61	219	poly(A) RNA polymerase GLD2 isoform 5 [Homo sapiens]	TRUE	TENT2
XP_042936366.1	NP_001375029.1	0	N/A	40.227	353	27	1.66e-60	218	poly(A) RNA polymerase GLD2 isoform 8 [Homo sapiens]	TRUE	TENT2
XP_042936366.1	NP_001375028.1	0	N/A	40.227	353	27	1.66e-60	218	poly(A) RNA polymerase GLD2 isoform 8 [Homo sapiens]	TRUE	TENT2
XP_042936366.1	NP_001336477.1	0	N/A	40.293	273	21	4.61e-50	180	poly(A) RNA polymerase GLD2 isoform 4 [Homo sapiens]	TRUE	TENT2
XP_042936366.1	XP_047272820.1	0	N/A	42.248	258	20	5.1e-49	177	poly(A) RNA polymerase GLD2 isoform X11 [Homo sapiens]	TRUE	TENT2
XP_042936366.1	NP_001375066.1	0	N/A	44.292	219	17	9.33e-45	166	poly(A) RNA polymerase GLD2 isoform 15 [Homo sapiens]	TRUE	TENT2
XP_042936366.1	XP_047272815.1	0	N/A	33.628	339	27	3.42e-41	160	poly(A) RNA polymerase GLD2 isoform X7 [Homo sapiens]	TRUE	TENT2
XP_042936366.1	NP_001375064.1	0	N/A	33.628	339	27	3.42e-41	160	poly(A) RNA polymerase GLD2 isoform 13 [Homo sapiens]	TRUE	TENT2
XP_042936366.1	NP_001375063.1	0	N/A	33.628	339	27	3.42e-41	160	poly(A) RNA polymerase GLD2 isoform 13 [Homo sapiens]	TRUE	TENT2
XP_042936366.1	XP_047272814.1	0	N/A	32.353	340	27	3.8e-39	154	poly(A) RNA polymerase GLD2 isoform X6 [Homo sapiens]	TRUE	TENT2
XP_042936366.1	XP_047272813.1	0	N/A	32.353	340	27	3.8e-39	154	poly(A) RNA polymerase GLD2 isoform X6 [Homo sapiens]	TRUE	TENT2
XP_042936366.1	XP_047272812.1	0	N/A	32.353	340	27	3.8e-39	154	poly(A) RNA polymerase GLD2 isoform X6 [Homo sapiens]	TRUE	TENT2
XP_042936366.1	NP_001375062.1	0	N/A	32.353	340	27	3.8e-39	154	poly(A) RNA polymerase GLD2 isoform 3 [Homo sapiens]	TRUE	TENT2
XP_042936366.1	NP_001284674.1	0	N/A	32.353	340	27	3.8e-39	154	poly(A) RNA polymerase GLD2 isoform 3 [Homo sapiens]	TRUE	TENT2
XP_042936366.1	XP_047272818.1	0	N/A	43.979	191	15	1.12e-37	147	poly(A) RNA polymerase GLD2 isoform X10 [Homo sapiens]	TRUE	TENT2
XP_042936366.1	XP_047272817.1	0	N/A	40.094	212	15	1.05e-36	145	poly(A) RNA polymerase GLD2 isoform X9 [Homo sapiens]	TRUE	TENT2
XP_042936366.1	XP_011541531.1	0	N/A	30.411	365	27	3.2e-36	146	poly(A) RNA polymerase GLD2 isoform X5 [Homo sapiens]	TRUE	TENT2
XP_042936366.1	XP_047272816.1	0	N/A	39.352	216	15	8.83e-35	139	poly(A) RNA polymerase GLD2 isoform X8 [Homo sapiens]	TRUE	TENT2
XP_042936366.1	NP_001317647.1	0	N/A	30.233	301	23	4.49e-31	134	terminal uridylyltransferase 7 isoform 3 [Homo sapiens]	TRUE	Tut7
XP_042936366.1	XP_047279823.1	0	N/A	30.565	301	23	1.47e-30	134	terminal uridylyltransferase 7 isoform X2 [Homo sapiens]	TRUE	Tut7
XP_042936366.1	XP_006717346.1	0	N/A	30.565	301	23	1.47e-30	134	terminal uridylyltransferase 7 isoform X2 [Homo sapiens]	TRUE	Tut7
XP_042936366.1	XP_011517317.1	0	N/A	30.565	301	23	1.83e-30	134	terminal uridylyltransferase 7 isoform X3 [Homo sapiens]	TRUE	Tut7
XP_042936366.1	XP_047279825.1	0	N/A	30.233	301	23	1.91e-30	133	terminal uridylyltransferase 7 isoform X6 [Homo sapiens]	TRUE	Tut7
XP_042936366.1	XP_047279824.1	0	N/A	30.233	301	23	1.91e-30	133	terminal uridylyltransferase 7 isoform X6 [Homo sapiens]	TRUE	Tut7
XP_042936366.1	XP_005252264.1	0	N/A	30.233	301	23	1.91e-30	133	terminal uridylyltransferase 7 isoform X6 [Homo sapiens]	TRUE	Tut7
XP_042936366.1	XP_011517318.1	0	N/A	30.233	301	23	1.92e-30	133	terminal uridylyltransferase 7 isoform X5 [Homo sapiens]	TRUE	Tut7
XP_042936366.1	XP_016870620.1	0	N/A	30.233	301	23	1.93e-30	133	terminal uridylyltransferase 7 isoform X4 [Homo sapiens]	TRUE	Tut7
XP_042936366.1	XP_016870619.1	0	N/A	30.233	301	23	1.93e-30	133	terminal uridylyltransferase 7 isoform X4 [Homo sapiens]	TRUE	Tut7
XP_042936366.1	NP_078893.2	0	N/A	30.233	301	23	1.93e-30	133	terminal uridylyltransferase 7 isoform 1 [Homo sapiens]	TRUE	Tut7
XP_042936366.1	NP_001171988.1	0	N/A	30.233	301	23	1.93e-30	133	terminal uridylyltransferase 7 isoform 1 [Homo sapiens]	TRUE	Tut7
XP_042936366.1	XP_011517316.1	0	N/A	30.565	301	23	2.34e-30	133	terminal uridylyltransferase 7 isoform X1 [Homo sapiens]	TRUE	Tut7
XP_042936366.1	XP_011517315.1	0	N/A	30.565	301	23	2.34e-30	133	terminal uridylyltransferase 7 isoform X1 [Homo sapiens]	TRUE	Tut7
XP_042936366.1	XP_011517314.1	0	N/A	30.565	301	23	2.34e-30	133	terminal uridylyltransferase 7 isoform X1 [Homo sapiens]	TRUE	Tut7
XP_042936366.1	XP_011517313.1	0	N/A	30.565	301	23	2.34e-30	133	terminal uridylyltransferase 7 isoform X1 [Homo sapiens]	TRUE	Tut7
XP_042936366.1	XP_005252265.1	0	N/A	30.233	301	23	2.5e-30	133	terminal uridylyltransferase 7 isoform X7 [Homo sapiens]	TRUE	Tut7
XP_042936366.1	XP_047272296.1	0	N/A	28.859	298	23	1.19e-29	131	terminal uridylyltransferase 4 isoform X13 [Homo sapiens]	TRUE	Tut4
XP_042937991.1	NP_001375065.1	0	N/A	24.528	265	64	7.53e-14	74.7	poly(A) RNA polymerase GLD2 isoform 14 [Homo sapiens]	TRUE	TENT2
XP_042937991.1	XP_047272811.1	0	N/A	24.436	266	65	1.13e-13	74.7	poly(A) RNA polymerase GLD2 isoform X4 [Homo sapiens]	TRUE	TENT2
XP_042937991.1	XP_047272810.1	0	N/A	24.436	266	65	1.13e-13	74.7	poly(A) RNA polymerase GLD2 isoform X4 [Homo sapiens]	TRUE	TENT2
XP_042937991.1	XP_047272809.1	0	N/A	24.436	266	65	1.13e-13	74.7	poly(A) RNA polymerase GLD2 isoform X4 [Homo sapiens]	TRUE	TENT2
XP_042937991.1	NP_001375058.1	0	N/A	24.436	266	65	1.13e-13	74.7	poly(A) RNA polymerase GLD2 isoform 2 [Homo sapiens]	TRUE	TENT2
XP_042937991.1	NP_001375057.1	0	N/A	24.436	266	65	1.13e-13	74.7	poly(A) RNA polymerase GLD2 isoform 2 [Homo sapiens]	TRUE	TENT2
XP_042937991.1	NP_001375056.1	0	N/A	24.436	266	65	1.13e-13	74.7	poly(A) RNA polymerase GLD2 isoform 2 [Homo sapiens]	TRUE	TENT2
XP_042937991.1	NP_001375055.1	0	N/A	24.436	266	65	1.13e-13	74.7	poly(A) RNA polymerase GLD2 isoform 2 [Homo sapiens]	TRUE	TENT2
XP_042937991.1	NP_001375054.1	0	N/A	24.436	266	65	1.13e-13	74.7	poly(A) RNA polymerase GLD2 isoform 2 [Homo sapiens]	TRUE	TENT2
XP_042937991.1	NP_001375053.1	0	N/A	24.436	266	65	1.13e-13	74.7	poly(A) RNA polymerase GLD2 isoform 2 [Homo sapiens]	TRUE	TENT2
XP_042937991.1	NP_001375052.1	0	N/A	24.436	266	65	1.13e-13	74.7	poly(A) RNA polymerase GLD2 isoform 2 [Homo sapiens]	TRUE	TENT2
XP_042937991.1	NP_001375051.1	0	N/A	24.436	266	65	1.13e-13	74.7	poly(A) RNA polymerase GLD2 isoform 2 [Homo sapiens]	TRUE	TENT2
XP_042937991.1	NP_001375050.1	0	N/A	24.436	266	65	1.13e-13	74.7	poly(A) RNA polymerase GLD2 isoform 2 [Homo sapiens]	TRUE	TENT2
XP_042937991.1	NP_001375049.1	0	N/A	24.436	266	65	1.13e-13	74.7	poly(A) RNA polymerase GLD2 isoform 2 [Homo sapiens]	TRUE	TENT2
XP_042937991.1	NP_001375048.1	0	N/A	24.436	266	65	1.13e-13	74.7	poly(A) RNA polymerase GLD2 isoform 2 [Homo sapiens]	TRUE	TENT2
XP_042937991.1	NP_001375047.1	0	N/A	24.436	266	65	1.13e-13	74.7	poly(A) RNA polymerase GLD2 isoform 2 [Homo sapiens]	TRUE	TENT2
XP_042937991.1	NP_001375046.1	0	N/A	24.436	266	65	1.13e-13	74.7	poly(A) RNA polymerase GLD2 isoform 2 [Homo sapiens]	TRUE	TENT2
XP_042937991.1	NP_001375045.1	0	N/A	24.436	266	65	1.13e-13	74.7	poly(A) RNA polymerase GLD2 isoform 2 [Homo sapiens]	TRUE	TENT2
XP_042937991.1	NP_001375044.1	0	N/A	24.436	266	65	1.13e-13	74.7	poly(A) RNA polymerase GLD2 isoform 2 [Homo sapiens]	TRUE	TENT2
XP_042937991.1	NP_001375043.1	0	N/A	24.436	266	65	1.13e-13	74.7	poly(A) RNA polymerase GLD2 isoform 2 [Homo sapiens]	TRUE	TENT2
XP_042937991.1	NP_001336483.1	0	N/A	24.436	266	65	1.13e-13	74.7	poly(A) RNA polymerase GLD2 isoform 2 [Homo sapiens]	TRUE	TENT2
XP_042937991.1	NP_001284673.1	0	N/A	24.436	266	65	1.13e-13	74.7	poly(A) RNA polymerase GLD2 isoform 2 [Homo sapiens]	TRUE	TENT2
XP_042937991.1	NP_001375030.1	0	N/A	24.436	266	65	1.18e-13	74.7	poly(A) RNA polymerase GLD2 isoform 9 [Homo sapiens]	TRUE	TENT2
XP_042937991.1	NP_001375059.1	0	N/A	24.528	265	64	1.22e-13	74.7	poly(A) RNA polymerase GLD2 isoform 10 [Homo sapiens]	TRUE	TENT2
XP_042937991.1	NP_001375061.1	0	N/A	24.528	265	64	1.38e-13	74.3	poly(A) RNA polymerase GLD2 isoform 12 [Homo sapiens]	TRUE	TENT2
XP_042937991.1	NP_001375029.1	0	N/A	23.704	270	65	5.76e-13	72.8	poly(A) RNA polymerase GLD2 isoform 8 [Homo sapiens]	TRUE	TENT2
XP_042937991.1	NP_001375028.1	0	N/A	23.704	270	65	5.76e-13	72.8	poly(A) RNA polymerase GLD2 isoform 8 [Homo sapiens]	TRUE	TENT2
XP_042937991.1	XP_047272808.1	0	N/A	23.704	270	65	6.06e-13	72.8	poly(A) RNA polymerase GLD2 isoform X3 [Homo sapiens]	TRUE	TENT2
XP_042937991.1	XP_047272807.1	0	N/A	23.704	270	65	6.06e-13	72.8	poly(A) RNA polymerase GLD2 isoform X3 [Homo sapiens]	TRUE	TENT2
XP_042937991.1	XP_047272806.1	0	N/A	23.704	270	65	6.06e-13	72.8	poly(A) RNA polymerase GLD2 isoform X3 [Homo sapiens]	TRUE	TENT2
XP_042937991.1	NP_776158.2	0	N/A	23.704	270	65	6.06e-13	72.8	poly(A) RNA polymerase GLD2 isoform 1 [Homo sapiens]	TRUE	TENT2
XP_042937991.1	NP_001375041.1	0	N/A	23.704	270	65	6.06e-13	72.8	poly(A) RNA polymerase GLD2 isoform 1 [Homo sapiens]	TRUE	TENT2
XP_042937991.1	NP_001375040.1	0	N/A	23.704	270	65	6.06e-13	72.8	poly(A) RNA polymerase GLD2 isoform 1 [Homo sapiens]	TRUE	TENT2
XP_042937991.1	NP_001375039.1	0	N/A	23.704	270	65	6.06e-13	72.8	poly(A) RNA polymerase GLD2 isoform 1 [Homo sapiens]	TRUE	TENT2
XP_042937991.1	NP_001375038.1	0	N/A	23.704	270	65	6.06e-13	72.8	poly(A) RNA polymerase GLD2 isoform 1 [Homo sapiens]	TRUE	TENT2
XP_042937991.1	NP_001375037.1	0	N/A	23.704	270	65	6.06e-13	72.8	poly(A) RNA polymerase GLD2 isoform 1 [Homo sapiens]	TRUE	TENT2
XP_042937991.1	NP_001375036.1	0	N/A	23.704	270	65	6.06e-13	72.8	poly(A) RNA polymerase GLD2 isoform 1 [Homo sapiens]	TRUE	TENT2
XP_042937991.1	NP_001375035.1	0	N/A	23.704	270	65	6.06e-13	72.8	poly(A) RNA polymerase GLD2 isoform 1 [Homo sapiens]	TRUE	TENT2
XP_042937991.1	NP_001375034.1	0	N/A	23.704	270	65	6.06e-13	72.8	poly(A) RNA polymerase GLD2 isoform 1 [Homo sapiens]	TRUE	TENT2
XP_042937991.1	NP_001375032.1	0	N/A	23.704	270	65	6.06e-13	72.8	poly(A) RNA polymerase GLD2 isoform 1 [Homo sapiens]	TRUE	TENT2
XP_042937991.1	NP_001375031.1	0	N/A	23.704	270	65	6.06e-13	72.8	poly(A) RNA polymerase GLD2 isoform 1 [Homo sapiens]	TRUE	TENT2
XP_042937991.1	NP_001336482.1	0	N/A	23.704	270	65	6.06e-13	72.8	poly(A) RNA polymerase GLD2 isoform 1 [Homo sapiens]	TRUE	TENT2
XP_042937991.1	NP_001336481.1	0	N/A	23.704	270	65	6.06e-13	72.8	poly(A) RNA polymerase GLD2 isoform 1 [Homo sapiens]	TRUE	TENT2
XP_042937991.1	NP_001107866.1	0	N/A	23.704	270	65	6.06e-13	72.8	poly(A) RNA polymerase GLD2 isoform 1 [Homo sapiens]	TRUE	TENT2
XP_042937991.1	NP_001107865.1	0	N/A	23.704	270	65	6.06e-13	72.8	poly(A) RNA polymerase GLD2 isoform 1 [Homo sapiens]	TRUE	TENT2
XP_042937991.1	NP_001375042.1	0	N/A	23.792	269	64	6.21e-13	72.8	poly(A) RNA polymerase GLD2 isoform 16 [Homo sapiens]	TRUE	TENT2
XP_042937991.1	NP_001375060.1	0	N/A	23.792	269	64	7.43e-13	72.4	poly(A) RNA polymerase GLD2 isoform 11 [Homo sapiens]	TRUE	TENT2
XP_042937991.1	XP_047272820.1	0	N/A	25.263	190	47	2.35e-12	68.9	poly(A) RNA polymerase GLD2 isoform X11 [Homo sapiens]	TRUE	TENT2
XP_042937991.1	XP_047272805.1	0	N/A	22.711	273	64	2.85e-12	70.5	poly(A) RNA polymerase GLD2 isoform X2 [Homo sapiens]	TRUE	TENT2
XP_042937991.1	XP_047272804.1	0	N/A	22.711	273	64	2.85e-12	70.5	poly(A) RNA polymerase GLD2 isoform X2 [Homo sapiens]	TRUE	TENT2
XP_042937991.1	XP_047272803.1	0	N/A	22.711	273	64	2.85e-12	70.5	poly(A) RNA polymerase GLD2 isoform X2 [Homo sapiens]	TRUE	TENT2
XP_042937991.1	XP_047272802.1	0	N/A	22.711	273	64	2.85e-12	70.5	poly(A) RNA polymerase GLD2 isoform X2 [Homo sapiens]	TRUE	TENT2
XP_042937991.1	XP_016864641.1	0	N/A	22.711	273	64	2.85e-12	70.5	poly(A) RNA polymerase GLD2 isoform X2 [Homo sapiens]	TRUE	TENT2
XP_042937991.1	NP_001375026.1	0	N/A	22.711	273	64	2.85e-12	70.5	poly(A) RNA polymerase GLD2 isoform 6 [Homo sapiens]	TRUE	TENT2
XP_042937991.1	NP_001375025.1	0	N/A	22.711	273	64	2.85e-12	70.5	poly(A) RNA polymerase GLD2 isoform 6 [Homo sapiens]	TRUE	TENT2
XP_042937991.1	NP_001375024.1	0	N/A	22.711	273	64	2.85e-12	70.5	poly(A) RNA polymerase GLD2 isoform 6 [Homo sapiens]	TRUE	TENT2
XP_042937991.1	NP_001336480.1	0	N/A	22.711	273	64	2.85e-12	70.5	poly(A) RNA polymerase GLD2 isoform 6 [Homo sapiens]	TRUE	TENT2
XP_042937991.1	NP_001375027.1	0	N/A	22.711	273	64	2.95e-12	70.5	poly(A) RNA polymerase GLD2 isoform 7 [Homo sapiens]	TRUE	TENT2
XP_042937991.1	NP_001336477.1	0	N/A	25.263	190	47	3.18e-12	68.6	poly(A) RNA polymerase GLD2 isoform 4 [Homo sapiens]	TRUE	TENT2
XP_042937991.1	XP_047272801.1	0	N/A	22.383	277	64	1.64e-11	68.2	poly(A) RNA polymerase GLD2 isoform X1 [Homo sapiens]	TRUE	TENT2
XP_042937991.1	XP_047272800.1	0	N/A	22.383	277	64	1.64e-11	68.2	poly(A) RNA polymerase GLD2 isoform X1 [Homo sapiens]	TRUE	TENT2
XP_042937991.1	XP_011541527.1	0	N/A	22.383	277	64	1.64e-11	68.2	poly(A) RNA polymerase GLD2 isoform X1 [Homo sapiens]	TRUE	TENT2
XP_042937991.1	XP_011541526.1	0	N/A	22.383	277	64	1.64e-11	68.2	poly(A) RNA polymerase GLD2 isoform X1 [Homo sapiens]	TRUE	TENT2
XP_042937991.1	XP_011541523.1	0	N/A	22.383	277	64	1.64e-11	68.2	poly(A) RNA polymerase GLD2 isoform X1 [Homo sapiens]	TRUE	TENT2
XP_042937991.1	XP_011541522.1	0	N/A	22.383	277	64	1.64e-11	68.2	poly(A) RNA polymerase GLD2 isoform X1 [Homo sapiens]	TRUE	TENT2
XP_042937991.1	NP_001375023.1	0	N/A	22.383	277	64	1.64e-11	68.2	poly(A) RNA polymerase GLD2 isoform 5 [Homo sapiens]	TRUE	TENT2
XP_042937991.1	NP_001375022.1	0	N/A	22.383	277	64	1.64e-11	68.2	poly(A) RNA polymerase GLD2 isoform 5 [Homo sapiens]	TRUE	TENT2
XP_042937991.1	NP_001336479.1	0	N/A	22.383	277	64	1.64e-11	68.2	poly(A) RNA polymerase GLD2 isoform 5 [Homo sapiens]	TRUE	TENT2
XP_042937991.1	NP_001336478.1	0	N/A	22.383	277	64	1.64e-11	68.2	poly(A) RNA polymerase GLD2 isoform 5 [Homo sapiens]	TRUE	TENT2
XP_042937991.1	NP_001375066.1	0	N/A	23.153	203	50	3.69e-11	65.9	poly(A) RNA polymerase GLD2 isoform 15 [Homo sapiens]	TRUE	TENT2
XP_042937991.1	XP_047272818.1	0	N/A	25.625	160	38	2.74e-07	54.7	poly(A) RNA polymerase GLD2 isoform X10 [Homo sapiens]	TRUE	TENT2
XP_042937991.1	XP_047272817.1	0	N/A	23.78	164	38	1.41e-06	52.4	poly(A) RNA polymerase GLD2 isoform X9 [Homo sapiens]	TRUE	TENT2
XP_042937991.1	XP_047272816.1	0	N/A	23.214	168	38	7.07e-06	50.4	poly(A) RNA polymerase GLD2 isoform X8 [Homo sapiens]	TRUE	TENT2
XP_042937991.1	XP_005252265.1	0	N/A	24.742	194	46	9.92e-05	47.4	terminal uridylyltransferase 7 isoform X7 [Homo sapiens]	TRUE	Tut7
XP_042937991.1	XP_016870620.1	0	N/A	24.742	194	46	0.000118	47	terminal uridylyltransferase 7 isoform X4 [Homo sapiens]	TRUE	Tut7
XP_042937991.1	XP_016870619.1	0	N/A	24.742	194	46	0.000118	47	terminal uridylyltransferase 7 isoform X4 [Homo sapiens]	TRUE	Tut7
XP_042937991.1	NP_078893.2	0	N/A	24.742	194	46	0.000118	47	terminal uridylyltransferase 7 isoform 1 [Homo sapiens]	TRUE	Tut7
XP_042937991.1	NP_001171988.1	0	N/A	24.742	194	46	0.000118	47	terminal uridylyltransferase 7 isoform 1 [Homo sapiens]	TRUE	Tut7
XP_042937991.1	NP_001317647.1	0	N/A	24.742	194	46	0.00012	47	terminal uridylyltransferase 7 isoform 3 [Homo sapiens]	TRUE	Tut7
XP_042937991.1	XP_047279825.1	0	N/A	24.742	194	46	0.000123	47	terminal uridylyltransferase 7 isoform X6 [Homo sapiens]	TRUE	Tut7
XP_042937991.1	XP_047279824.1	0	N/A	24.742	194	46	0.000123	47	terminal uridylyltransferase 7 isoform X6 [Homo sapiens]	TRUE	Tut7
XP_042937991.1	XP_005252264.1	0	N/A	24.742	194	46	0.000123	47	terminal uridylyltransferase 7 isoform X6 [Homo sapiens]	TRUE	Tut7
XP_042937991.1	XP_011517316.1	0	N/A	24.742	194	46	0.000126	47	terminal uridylyltransferase 7 isoform X1 [Homo sapiens]	TRUE	Tut7
XP_042937991.1	XP_011517315.1	0	N/A	24.742	194	46	0.000126	47	terminal uridylyltransferase 7 isoform X1 [Homo sapiens]	TRUE	Tut7
XP_042937991.1	XP_011517314.1	0	N/A	24.742	194	46	0.000126	47	terminal uridylyltransferase 7 isoform X1 [Homo sapiens]	TRUE	Tut7
XP_042937991.1	XP_011517313.1	0	N/A	24.742	194	46	0.000126	47	terminal uridylyltransferase 7 isoform X1 [Homo sapiens]	TRUE	Tut7
XP_042937991.1	XP_047279823.1	0	N/A	24.742	194	46	0.000128	47	terminal uridylyltransferase 7 isoform X2 [Homo sapiens]	TRUE	Tut7
XP_042937991.1	XP_006717346.1	0	N/A	24.742	194	46	0.000128	47	terminal uridylyltransferase 7 isoform X2 [Homo sapiens]	TRUE	Tut7
XP_042937991.1	XP_011517318.1	0	N/A	24.742	194	46	0.000133	47	terminal uridylyltransferase 7 isoform X5 [Homo sapiens]	TRUE	Tut7
XP_042937991.1	NP_001172003.1	0	N/A	24.742	194	46	0.000135	47	terminal uridylyltransferase 7 isoform 2 [Homo sapiens]	TRUE	Tut7
XP_042937991.1	XP_011517317.1	0	N/A	24.742	194	46	0.000146	47	terminal uridylyltransferase 7 isoform X3 [Homo sapiens]	TRUE	Tut7
XP_042937991.1	XP_047272624.1	0	N/A	26.623	154	37	0.003	42.7	terminal nucleotidyltransferase 4A isoform X3 [Homo sapiens]	TRUE	TENT4A
XP_042937991.1	XP_047272623.1	0	N/A	26.623	154	37	0.003	42.4	terminal nucleotidyltransferase 4A isoform X2 [Homo sapiens]	TRUE	TENT4A
XP_042937991.1	XP_016864477.1	0	N/A	26.623	154	37	0.003	42.4	terminal nucleotidyltransferase 4A isoform X2 [Homo sapiens]	TRUE	TENT4A
XP_042937991.1	XP_047272622.1	0	N/A	26.623	154	37	0.003	42.4	terminal nucleotidyltransferase 4A isoform X1 [Homo sapiens]	TRUE	TENT4A
XP_042937991.1	XP_047272621.1	0	N/A	26.623	154	37	0.003	42.4	terminal nucleotidyltransferase 4A isoform X1 [Homo sapiens]	TRUE	TENT4A
XP_042937991.1	XP_047272620.1	0	N/A	26.623	154	37	0.003	42.4	terminal nucleotidyltransferase 4A isoform X1 [Homo sapiens]	TRUE	TENT4A
XP_042937991.1	XP_047272325.1	0	N/A	21.635	208	49	0.004	42.4	terminal uridylyltransferase 4 isoform X23 [Homo sapiens]	TRUE	Tut4
XP_042937991.1	XP_016856297.1	0	N/A	21.635	208	49	0.004	42.4	terminal uridylyltransferase 4 isoform X36 [Homo sapiens]	TRUE	Tut4
XP_042937991.1	XP_005270739.1	0	N/A	21.635	208	49	0.004	42.4	terminal uridylyltransferase 4 isoform X33 [Homo sapiens]	TRUE	Tut4
XP_046448491.1	NP_001375065.1	0	N/A	41.692	331	60	1.7e-70	232	poly(A) RNA polymerase GLD2 isoform 14 [Homo sapiens]	TRUE	TENT2
XP_046448491.1	NP_001375061.1	0	N/A	41.692	331	60	6.48e-70	233	poly(A) RNA polymerase GLD2 isoform 12 [Homo sapiens]	TRUE	TENT2
XP_046448491.1	NP_001375059.1	0	N/A	41.692	331	60	9.1e-70	234	poly(A) RNA polymerase GLD2 isoform 10 [Homo sapiens]	TRUE	TENT2
XP_046448491.1	XP_047272811.1	0	N/A	41.692	331	60	1.09e-69	233	poly(A) RNA polymerase GLD2 isoform X4 [Homo sapiens]	TRUE	TENT2
XP_046448491.1	XP_047272810.1	0	N/A	41.692	331	60	1.09e-69	233	poly(A) RNA polymerase GLD2 isoform X4 [Homo sapiens]	TRUE	TENT2
XP_046448491.1	XP_047272809.1	0	N/A	41.692	331	60	1.09e-69	233	poly(A) RNA polymerase GLD2 isoform X4 [Homo sapiens]	TRUE	TENT2
XP_046448491.1	NP_001375058.1	0	N/A	41.692	331	60	1.09e-69	233	poly(A) RNA polymerase GLD2 isoform 2 [Homo sapiens]	TRUE	TENT2
XP_046448491.1	NP_001375057.1	0	N/A	41.692	331	60	1.09e-69	233	poly(A) RNA polymerase GLD2 isoform 2 [Homo sapiens]	TRUE	TENT2
XP_046448491.1	NP_001375056.1	0	N/A	41.692	331	60	1.09e-69	233	poly(A) RNA polymerase GLD2 isoform 2 [Homo sapiens]	TRUE	TENT2
XP_046448491.1	NP_001375055.1	0	N/A	41.692	331	60	1.09e-69	233	poly(A) RNA polymerase GLD2 isoform 2 [Homo sapiens]	TRUE	TENT2
XP_046448491.1	NP_001375054.1	0	N/A	41.692	331	60	1.09e-69	233	poly(A) RNA polymerase GLD2 isoform 2 [Homo sapiens]	TRUE	TENT2
XP_046448491.1	NP_001375053.1	0	N/A	41.692	331	60	1.09e-69	233	poly(A) RNA polymerase GLD2 isoform 2 [Homo sapiens]	TRUE	TENT2
XP_046448491.1	NP_001375052.1	0	N/A	41.692	331	60	1.09e-69	233	poly(A) RNA polymerase GLD2 isoform 2 [Homo sapiens]	TRUE	TENT2
XP_046448491.1	NP_001375051.1	0	N/A	41.692	331	60	1.09e-69	233	poly(A) RNA polymerase GLD2 isoform 2 [Homo sapiens]	TRUE	TENT2
XP_046448491.1	NP_001375050.1	0	N/A	41.692	331	60	1.09e-69	233	poly(A) RNA polymerase GLD2 isoform 2 [Homo sapiens]	TRUE	TENT2
XP_046448491.1	NP_001375049.1	0	N/A	41.692	331	60	1.09e-69	233	poly(A) RNA polymerase GLD2 isoform 2 [Homo sapiens]	TRUE	TENT2
XP_046448491.1	NP_001375048.1	0	N/A	41.692	331	60	1.09e-69	233	poly(A) RNA polymerase GLD2 isoform 2 [Homo sapiens]	TRUE	TENT2
XP_046448491.1	NP_001375047.1	0	N/A	41.692	331	60	1.09e-69	233	poly(A) RNA polymerase GLD2 isoform 2 [Homo sapiens]	TRUE	TENT2
XP_046448491.1	NP_001375046.1	0	N/A	41.692	331	60	1.09e-69	233	poly(A) RNA polymerase GLD2 isoform 2 [Homo sapiens]	TRUE	TENT2
XP_046448491.1	NP_001375045.1	0	N/A	41.692	331	60	1.09e-69	233	poly(A) RNA polymerase GLD2 isoform 2 [Homo sapiens]	TRUE	TENT2
XP_046448491.1	NP_001375044.1	0	N/A	41.692	331	60	1.09e-69	233	poly(A) RNA polymerase GLD2 isoform 2 [Homo sapiens]	TRUE	TENT2
XP_046448491.1	NP_001375043.1	0	N/A	41.692	331	60	1.09e-69	233	poly(A) RNA polymerase GLD2 isoform 2 [Homo sapiens]	TRUE	TENT2
XP_046448491.1	NP_001336483.1	0	N/A	41.692	331	60	1.09e-69	233	poly(A) RNA polymerase GLD2 isoform 2 [Homo sapiens]	TRUE	TENT2
XP_046448491.1	NP_001284673.1	0	N/A	41.692	331	60	1.09e-69	233	poly(A) RNA polymerase GLD2 isoform 2 [Homo sapiens]	TRUE	TENT2
XP_046448491.1	NP_001375030.1	0	N/A	40.882	340	60	5.95e-68	229	poly(A) RNA polymerase GLD2 isoform 9 [Homo sapiens]	TRUE	TENT2
XP_046448491.1	NP_001375060.1	0	N/A	41.194	335	60	7.8e-68	228	poly(A) RNA polymerase GLD2 isoform 11 [Homo sapiens]	TRUE	TENT2
XP_046448491.1	XP_047272808.1	0	N/A	41.194	335	60	1.18e-67	228	poly(A) RNA polymerase GLD2 isoform X3 [Homo sapiens]	TRUE	TENT2
XP_046448491.1	XP_047272807.1	0	N/A	41.194	335	60	1.18e-67	228	poly(A) RNA polymerase GLD2 isoform X3 [Homo sapiens]	TRUE	TENT2
XP_046448491.1	XP_047272806.1	0	N/A	41.194	335	60	1.18e-67	228	poly(A) RNA polymerase GLD2 isoform X3 [Homo sapiens]	TRUE	TENT2
XP_046448491.1	NP_776158.2	0	N/A	41.194	335	60	1.18e-67	228	poly(A) RNA polymerase GLD2 isoform 1 [Homo sapiens]	TRUE	TENT2
XP_046448491.1	NP_001375041.1	0	N/A	41.194	335	60	1.18e-67	228	poly(A) RNA polymerase GLD2 isoform 1 [Homo sapiens]	TRUE	TENT2
XP_046448491.1	NP_001375040.1	0	N/A	41.194	335	60	1.18e-67	228	poly(A) RNA polymerase GLD2 isoform 1 [Homo sapiens]	TRUE	TENT2
XP_046448491.1	NP_001375039.1	0	N/A	41.194	335	60	1.18e-67	228	poly(A) RNA polymerase GLD2 isoform 1 [Homo sapiens]	TRUE	TENT2
XP_046448491.1	NP_001375038.1	0	N/A	41.194	335	60	1.18e-67	228	poly(A) RNA polymerase GLD2 isoform 1 [Homo sapiens]	TRUE	TENT2
XP_046448491.1	NP_001375037.1	0	N/A	41.194	335	60	1.18e-67	228	poly(A) RNA polymerase GLD2 isoform 1 [Homo sapiens]	TRUE	TENT2
XP_046448491.1	NP_001375036.1	0	N/A	41.194	335	60	1.18e-67	228	poly(A) RNA polymerase GLD2 isoform 1 [Homo sapiens]	TRUE	TENT2
XP_046448491.1	NP_001375035.1	0	N/A	41.194	335	60	1.18e-67	228	poly(A) RNA polymerase GLD2 isoform 1 [Homo sapiens]	TRUE	TENT2
XP_046448491.1	NP_001375034.1	0	N/A	41.194	335	60	1.18e-67	228	poly(A) RNA polymerase GLD2 isoform 1 [Homo sapiens]	TRUE	TENT2
XP_046448491.1	NP_001375032.1	0	N/A	41.194	335	60	1.18e-67	228	poly(A) RNA polymerase GLD2 isoform 1 [Homo sapiens]	TRUE	TENT2
XP_046448491.1	NP_001375031.1	0	N/A	41.194	335	60	1.18e-67	228	poly(A) RNA polymerase GLD2 isoform 1 [Homo sapiens]	TRUE	TENT2
XP_046448491.1	NP_001336482.1	0	N/A	41.194	335	60	1.18e-67	228	poly(A) RNA polymerase GLD2 isoform 1 [Homo sapiens]	TRUE	TENT2
XP_046448491.1	NP_001336481.1	0	N/A	41.194	335	60	1.18e-67	228	poly(A) RNA polymerase GLD2 isoform 1 [Homo sapiens]	TRUE	TENT2
XP_046448491.1	NP_001107866.1	0	N/A	41.194	335	60	1.18e-67	228	poly(A) RNA polymerase GLD2 isoform 1 [Homo sapiens]	TRUE	TENT2
XP_046448491.1	NP_001107865.1	0	N/A	41.194	335	60	1.18e-67	228	poly(A) RNA polymerase GLD2 isoform 1 [Homo sapiens]	TRUE	TENT2
XP_046448491.1	NP_001375042.1	0	N/A	41.194	335	60	1.25e-67	228	poly(A) RNA polymerase GLD2 isoform 16 [Homo sapiens]	TRUE	TENT2
XP_046448491.1	NP_001375027.1	0	N/A	39.045	356	60	5.05e-67	227	poly(A) RNA polymerase GLD2 isoform 7 [Homo sapiens]	TRUE	TENT2
XP_046448491.1	XP_047272805.1	0	N/A	39.045	356	60	5.22e-67	227	poly(A) RNA polymerase GLD2 isoform X2 [Homo sapiens]	TRUE	TENT2
XP_046448491.1	XP_047272804.1	0	N/A	39.045	356	60	5.22e-67	227	poly(A) RNA polymerase GLD2 isoform X2 [Homo sapiens]	TRUE	TENT2
XP_046448491.1	XP_047272803.1	0	N/A	39.045	356	60	5.22e-67	227	poly(A) RNA polymerase GLD2 isoform X2 [Homo sapiens]	TRUE	TENT2
XP_046448491.1	XP_047272802.1	0	N/A	39.045	356	60	5.22e-67	227	poly(A) RNA polymerase GLD2 isoform X2 [Homo sapiens]	TRUE	TENT2
XP_046448491.1	XP_016864641.1	0	N/A	39.045	356	60	5.22e-67	227	poly(A) RNA polymerase GLD2 isoform X2 [Homo sapiens]	TRUE	TENT2
XP_046448491.1	NP_001375026.1	0	N/A	39.045	356	60	5.22e-67	227	poly(A) RNA polymerase GLD2 isoform 6 [Homo sapiens]	TRUE	TENT2
XP_046448491.1	NP_001375025.1	0	N/A	39.045	356	60	5.22e-67	227	poly(A) RNA polymerase GLD2 isoform 6 [Homo sapiens]	TRUE	TENT2
XP_046448491.1	NP_001375024.1	0	N/A	39.045	356	60	5.22e-67	227	poly(A) RNA polymerase GLD2 isoform 6 [Homo sapiens]	TRUE	TENT2
XP_046448491.1	NP_001336480.1	0	N/A	39.045	356	60	5.22e-67	227	poly(A) RNA polymerase GLD2 isoform 6 [Homo sapiens]	TRUE	TENT2
XP_046448491.1	NP_001375029.1	0	N/A	40.407	344	60	8.21e-66	224	poly(A) RNA polymerase GLD2 isoform 8 [Homo sapiens]	TRUE	TENT2
XP_046448491.1	NP_001375028.1	0	N/A	40.407	344	60	8.21e-66	224	poly(A) RNA polymerase GLD2 isoform 8 [Homo sapiens]	TRUE	TENT2
XP_046448491.1	XP_047272801.1	0	N/A	38.611	360	60	8.31e-65	221	poly(A) RNA polymerase GLD2 isoform X1 [Homo sapiens]	TRUE	TENT2
XP_046448491.1	XP_047272800.1	0	N/A	38.611	360	60	8.31e-65	221	poly(A) RNA polymerase GLD2 isoform X1 [Homo sapiens]	TRUE	TENT2
XP_046448491.1	XP_011541527.1	0	N/A	38.611	360	60	8.31e-65	221	poly(A) RNA polymerase GLD2 isoform X1 [Homo sapiens]	TRUE	TENT2
XP_046448491.1	XP_011541526.1	0	N/A	38.611	360	60	8.31e-65	221	poly(A) RNA polymerase GLD2 isoform X1 [Homo sapiens]	TRUE	TENT2
XP_046448491.1	XP_011541523.1	0	N/A	38.611	360	60	8.31e-65	221	poly(A) RNA polymerase GLD2 isoform X1 [Homo sapiens]	TRUE	TENT2
XP_046448491.1	XP_011541522.1	0	N/A	38.611	360	60	8.31e-65	221	poly(A) RNA polymerase GLD2 isoform X1 [Homo sapiens]	TRUE	TENT2
XP_046448491.1	NP_001375023.1	0	N/A	38.611	360	60	8.31e-65	221	poly(A) RNA polymerase GLD2 isoform 5 [Homo sapiens]	TRUE	TENT2
XP_046448491.1	NP_001375022.1	0	N/A	38.611	360	60	8.31e-65	221	poly(A) RNA polymerase GLD2 isoform 5 [Homo sapiens]	TRUE	TENT2
XP_046448491.1	NP_001336479.1	0	N/A	38.611	360	60	8.31e-65	221	poly(A) RNA polymerase GLD2 isoform 5 [Homo sapiens]	TRUE	TENT2
XP_046448491.1	NP_001336478.1	0	N/A	38.611	360	60	8.31e-65	221	poly(A) RNA polymerase GLD2 isoform 5 [Homo sapiens]	TRUE	TENT2
XP_046448491.1	XP_047272820.1	0	N/A	43.725	247	45	3.36e-56	191	poly(A) RNA polymerase GLD2 isoform X11 [Homo sapiens]	TRUE	TENT2
XP_046448491.1	NP_001336477.1	0	N/A	43.243	259	47	1.09e-55	190	poly(A) RNA polymerase GLD2 isoform 4 [Homo sapiens]	TRUE	TENT2
XP_046448491.1	NP_001375066.1	0	N/A	45.755	212	39	4.14e-48	171	poly(A) RNA polymerase GLD2 isoform 15 [Homo sapiens]	TRUE	TENT2
XP_046448491.1	XP_047272815.1	0	N/A	33.837	331	60	8.45e-44	163	poly(A) RNA polymerase GLD2 isoform X7 [Homo sapiens]	TRUE	TENT2
XP_046448491.1	NP_001375064.1	0	N/A	33.837	331	60	8.45e-44	163	poly(A) RNA polymerase GLD2 isoform 13 [Homo sapiens]	TRUE	TENT2
XP_046448491.1	NP_001375063.1	0	N/A	33.837	331	60	8.45e-44	163	poly(A) RNA polymerase GLD2 isoform 13 [Homo sapiens]	TRUE	TENT2
XP_046448491.1	XP_047272814.1	0	N/A	33.433	335	60	9.08e-42	157	poly(A) RNA polymerase GLD2 isoform X6 [Homo sapiens]	TRUE	TENT2
XP_046448491.1	XP_047272813.1	0	N/A	33.433	335	60	9.08e-42	157	poly(A) RNA polymerase GLD2 isoform X6 [Homo sapiens]	TRUE	TENT2
XP_046448491.1	XP_047272812.1	0	N/A	33.433	335	60	9.08e-42	157	poly(A) RNA polymerase GLD2 isoform X6 [Homo sapiens]	TRUE	TENT2
XP_046448491.1	NP_001375062.1	0	N/A	33.433	335	60	9.08e-42	157	poly(A) RNA polymerase GLD2 isoform 3 [Homo sapiens]	TRUE	TENT2
XP_046448491.1	NP_001284674.1	0	N/A	33.433	335	60	9.08e-42	157	poly(A) RNA polymerase GLD2 isoform 3 [Homo sapiens]	TRUE	TENT2
XP_046448491.1	XP_047272818.1	0	N/A	45.263	190	34	4.36e-40	150	poly(A) RNA polymerase GLD2 isoform X10 [Homo sapiens]	TRUE	TENT2
XP_046448491.1	XP_047272817.1	0	N/A	41.232	211	34	2.8e-39	149	poly(A) RNA polymerase GLD2 isoform X9 [Homo sapiens]	TRUE	TENT2
XP_046448491.1	XP_011541531.1	0	N/A	31.389	360	60	5.23e-39	150	poly(A) RNA polymerase GLD2 isoform X5 [Homo sapiens]	TRUE	TENT2
XP_046448491.1	XP_047272816.1	0	N/A	40.465	215	34	2.86e-37	144	poly(A) RNA polymerase GLD2 isoform X8 [Homo sapiens]	TRUE	TENT2
XP_046448491.1	XP_016856293.1	0	N/A	32.707	266	48	6.7e-33	137	terminal uridylyltransferase 4 isoform X16 [Homo sapiens]	TRUE	Tut4
XP_046448491.1	XP_047272281.1	0	N/A	32.707	266	48	7.52e-33	136	terminal uridylyltransferase 4 isoform X4 [Homo sapiens]	TRUE	Tut4
XP_046448491.1	NP_001009881.1	0	N/A	32.707	266	48	7.52e-33	136	terminal uridylyltransferase 4 isoform a [Homo sapiens]	TRUE	Tut4
XP_046448491.1	XP_047272288.1	0	N/A	32.707	266	48	7.62e-33	136	terminal uridylyltransferase 4 isoform X10 [Homo sapiens]	TRUE	Tut4
XP_046448491.1	XP_047272282.1	0	N/A	32.707	266	48	7.94e-33	136	terminal uridylyltransferase 4 isoform X5 [Homo sapiens]	TRUE	Tut4
XP_046448491.1	NP_056084.1	0	N/A	32.707	266	48	7.94e-33	136	terminal uridylyltransferase 4 isoform b [Homo sapiens]	TRUE	Tut4
XP_046448491.1	XP_047272285.1	0	N/A	32.707	266	48	7.98e-33	136	terminal uridylyltransferase 4 isoform X7 [Homo sapiens]	TRUE	Tut4
XP_046448491.1	XP_011539399.1	0	N/A	32.707	266	48	8.18e-33	136	terminal uridylyltransferase 4 isoform X1 [Homo sapiens]	TRUE	Tut4
XP_046448491.1	XP_005270733.1	0	N/A	32.707	266	48	8.18e-33	136	terminal uridylyltransferase 4 isoform X1 [Homo sapiens]	TRUE	Tut4
XP_046448491.1	XP_016856292.1	0	N/A	32.707	266	48	8.2e-33	136	terminal uridylyltransferase 4 isoform X9 [Homo sapiens]	TRUE	Tut4
XP_046448491.1	XP_047272345.1	0	N/A	32.707	266	48	8.21e-33	136	terminal uridylyltransferase 4 isoform X31 [Homo sapiens]	TRUE	Tut4
XP_046448491.1	XP_047272283.1	0	N/A	32.707	266	48	8.23e-33	136	terminal uridylyltransferase 4 isoform X6 [Homo sapiens]	TRUE	Tut4
XP_046448491.1	XP_005270737.1	0	N/A	32.707	266	48	8.23e-33	136	terminal uridylyltransferase 4 isoform X6 [Homo sapiens]	TRUE	Tut4
XP_046448491.1	XP_005270735.1	0	N/A	32.707	266	48	8.25e-33	136	terminal uridylyltransferase 4 isoform X2 [Homo sapiens]	TRUE	Tut4
XP_046448491.1	XP_016856299.1	0	N/A	32.707	266	48	8.47e-33	136	terminal uridylyltransferase 4 isoform X40 [Homo sapiens]	TRUE	Tut4
XP_046448491.1	XP_016856296.1	0	N/A	32.707	266	48	8.48e-33	136	terminal uridylyltransferase 4 isoform X28 [Homo sapiens]	TRUE	Tut4
XP_046448491.1	XP_047272365.1	0	N/A	32.707	266	48	8.72e-33	136	terminal uridylyltransferase 4 isoform X38 [Homo sapiens]	TRUE	Tut4
XP_046448491.1	XP_016856297.1	0	N/A	32.707	266	48	9.05e-33	136	terminal uridylyltransferase 4 isoform X36 [Homo sapiens]	TRUE	Tut4
XP_046448904.1	NP_001035374.2	0	N/A	62.921	356	77	5.25e-155	458	terminal nucleotidyltransferase 4B isoform a [Homo sapiens]	TRUE	TENT4B
XP_046448904.1	XP_011521577.1	0	N/A	62.921	356	77	5.41e-155	458	terminal nucleotidyltransferase 4B isoform X1 [Homo sapiens]	TRUE	TENT4B
XP_046448904.1	NP_001035375.2	0	N/A	65.089	338	73	5.45e-155	456	terminal nucleotidyltransferase 4B isoform b [Homo sapiens]	TRUE	TENT4B
XP_046448904.1	XP_011521578.1	0	N/A	65.089	338	73	5.62e-155	456	terminal nucleotidyltransferase 4B isoform X2 [Homo sapiens]	TRUE	TENT4B
XP_046448904.1	NP_001352252.1	0	N/A	62.921	356	77	8.03e-155	457	terminal nucleotidyltransferase 4B isoform c [Homo sapiens]	TRUE	TENT4B
XP_046448904.1	XP_047290432.1	0	N/A	65.089	338	73	1.02e-154	455	terminal nucleotidyltransferase 4B isoform X4 [Homo sapiens]	TRUE	TENT4B
XP_046448904.1	NP_001352253.1	0	N/A	62.921	356	77	1.99e-154	457	terminal nucleotidyltransferase 4B isoform d [Homo sapiens]	TRUE	TENT4B
XP_046448904.1	XP_047290431.1	0	N/A	65.089	338	73	2.47e-154	455	terminal nucleotidyltransferase 4B isoform X3 [Homo sapiens]	TRUE	TENT4B
XP_046448904.1	XP_011521580.1	0	N/A	64.095	337	73	1.35e-150	441	terminal nucleotidyltransferase 4B isoform X5 [Homo sapiens]	TRUE	TENT4B
XP_046448904.1	XP_047290433.1	0	N/A	66.458	319	69	1.35e-150	439	terminal nucleotidyltransferase 4B isoform X6 [Homo sapiens]	TRUE	TENT4B
XP_046448904.1	NP_008930.2	0	N/A	60.767	339	74	3.42e-142	428	terminal nucleotidyltransferase 4A isoform 1 [Homo sapiens]	TRUE	TENT4A
XP_046448904.1	NP_001165276.2	0	N/A	60.767	339	74	3.63e-142	428	terminal nucleotidyltransferase 4A isoform 2 [Homo sapiens]	TRUE	TENT4A
XP_046448904.1	XP_047272622.1	0	N/A	62.058	311	68	1.98e-134	400	terminal nucleotidyltransferase 4A isoform X1 [Homo sapiens]	TRUE	TENT4A
XP_046448904.1	XP_047272621.1	0	N/A	62.058	311	68	1.98e-134	400	terminal nucleotidyltransferase 4A isoform X1 [Homo sapiens]	TRUE	TENT4A
XP_046448904.1	XP_047272620.1	0	N/A	62.058	311	68	1.98e-134	400	terminal nucleotidyltransferase 4A isoform X1 [Homo sapiens]	TRUE	TENT4A
XP_046448904.1	XP_047272623.1	0	N/A	62.583	302	66	1.05e-130	390	terminal nucleotidyltransferase 4A isoform X2 [Homo sapiens]	TRUE	TENT4A
XP_046448904.1	XP_016864477.1	0	N/A	62.583	302	66	1.05e-130	390	terminal nucleotidyltransferase 4A isoform X2 [Homo sapiens]	TRUE	TENT4A
XP_046448904.1	XP_047272624.1	0	N/A	62.583	302	66	1.15e-130	390	terminal nucleotidyltransferase 4A isoform X3 [Homo sapiens]	TRUE	TENT4A
XP_046448904.1	NP_001375065.1	0	N/A	25	304	57	1.51e-16	83.6	poly(A) RNA polymerase GLD2 isoform 14 [Homo sapiens]	TRUE	TENT2
XP_046448904.1	NP_001375061.1	0	N/A	25	304	57	1.8e-16	84	poly(A) RNA polymerase GLD2 isoform 12 [Homo sapiens]	TRUE	TENT2
XP_046448904.1	XP_047272811.1	0	N/A	25	304	57	2.33e-16	83.6	poly(A) RNA polymerase GLD2 isoform X4 [Homo sapiens]	TRUE	TENT2
XP_046448904.1	XP_047272810.1	0	N/A	25	304	57	2.33e-16	83.6	poly(A) RNA polymerase GLD2 isoform X4 [Homo sapiens]	TRUE	TENT2
XP_046448904.1	XP_047272809.1	0	N/A	25	304	57	2.33e-16	83.6	poly(A) RNA polymerase GLD2 isoform X4 [Homo sapiens]	TRUE	TENT2
XP_046448904.1	NP_001375058.1	0	N/A	25	304	57	2.33e-16	83.6	poly(A) RNA polymerase GLD2 isoform 2 [Homo sapiens]	TRUE	TENT2
XP_046448904.1	NP_001375057.1	0	N/A	25	304	57	2.33e-16	83.6	poly(A) RNA polymerase GLD2 isoform 2 [Homo sapiens]	TRUE	TENT2
XP_046448904.1	NP_001375056.1	0	N/A	25	304	57	2.33e-16	83.6	poly(A) RNA polymerase GLD2 isoform 2 [Homo sapiens]	TRUE	TENT2
XP_046448904.1	NP_001375055.1	0	N/A	25	304	57	2.33e-16	83.6	poly(A) RNA polymerase GLD2 isoform 2 [Homo sapiens]	TRUE	TENT2
XP_046448904.1	NP_001375054.1	0	N/A	25	304	57	2.33e-16	83.6	poly(A) RNA polymerase GLD2 isoform 2 [Homo sapiens]	TRUE	TENT2
XP_046448904.1	NP_001375053.1	0	N/A	25	304	57	2.33e-16	83.6	poly(A) RNA polymerase GLD2 isoform 2 [Homo sapiens]	TRUE	TENT2
XP_046448904.1	NP_001375052.1	0	N/A	25	304	57	2.33e-16	83.6	poly(A) RNA polymerase GLD2 isoform 2 [Homo sapiens]	TRUE	TENT2
XP_046448904.1	NP_001375051.1	0	N/A	25	304	57	2.33e-16	83.6	poly(A) RNA polymerase GLD2 isoform 2 [Homo sapiens]	TRUE	TENT2
XP_046448904.1	NP_001375050.1	0	N/A	25	304	57	2.33e-16	83.6	poly(A) RNA polymerase GLD2 isoform 2 [Homo sapiens]	TRUE	TENT2
XP_046448904.1	NP_001375049.1	0	N/A	25	304	57	2.33e-16	83.6	poly(A) RNA polymerase GLD2 isoform 2 [Homo sapiens]	TRUE	TENT2
XP_046448904.1	NP_001375048.1	0	N/A	25	304	57	2.33e-16	83.6	poly(A) RNA polymerase GLD2 isoform 2 [Homo sapiens]	TRUE	TENT2
XP_046448904.1	NP_001375047.1	0	N/A	25	304	57	2.33e-16	83.6	poly(A) RNA polymerase GLD2 isoform 2 [Homo sapiens]	TRUE	TENT2
XP_046448904.1	NP_001375046.1	0	N/A	25	304	57	2.33e-16	83.6	poly(A) RNA polymerase GLD2 isoform 2 [Homo sapiens]	TRUE	TENT2
XP_046448904.1	NP_001375045.1	0	N/A	25	304	57	2.33e-16	83.6	poly(A) RNA polymerase GLD2 isoform 2 [Homo sapiens]	TRUE	TENT2
XP_046448904.1	NP_001375044.1	0	N/A	25	304	57	2.33e-16	83.6	poly(A) RNA polymerase GLD2 isoform 2 [Homo sapiens]	TRUE	TENT2
XP_046448904.1	NP_001375043.1	0	N/A	25	304	57	2.33e-16	83.6	poly(A) RNA polymerase GLD2 isoform 2 [Homo sapiens]	TRUE	TENT2
XP_046448904.1	NP_001336483.1	0	N/A	25	304	57	2.33e-16	83.6	poly(A) RNA polymerase GLD2 isoform 2 [Homo sapiens]	TRUE	TENT2
XP_046448904.1	NP_001284673.1	0	N/A	25	304	57	2.33e-16	83.6	poly(A) RNA polymerase GLD2 isoform 2 [Homo sapiens]	TRUE	TENT2
XP_046448904.1	NP_001375059.1	0	N/A	25	304	57	2.34e-16	83.6	poly(A) RNA polymerase GLD2 isoform 10 [Homo sapiens]	TRUE	TENT2
XP_046448904.1	NP_001375060.1	0	N/A	24.675	308	57	9.07e-16	81.6	poly(A) RNA polymerase GLD2 isoform 11 [Homo sapiens]	TRUE	TENT2
XP_046448904.1	NP_001375042.1	0	N/A	24.675	308	57	1.07e-15	81.6	poly(A) RNA polymerase GLD2 isoform 16 [Homo sapiens]	TRUE	TENT2
XP_046448904.1	XP_047272808.1	0	N/A	24.675	308	57	1.15e-15	81.6	poly(A) RNA polymerase GLD2 isoform X3 [Homo sapiens]	TRUE	TENT2
XP_046448904.1	XP_047272807.1	0	N/A	24.675	308	57	1.15e-15	81.6	poly(A) RNA polymerase GLD2 isoform X3 [Homo sapiens]	TRUE	TENT2
XP_046448904.1	XP_047272806.1	0	N/A	24.675	308	57	1.15e-15	81.6	poly(A) RNA polymerase GLD2 isoform X3 [Homo sapiens]	TRUE	TENT2
XP_046448904.1	NP_776158.2	0	N/A	24.675	308	57	1.15e-15	81.6	poly(A) RNA polymerase GLD2 isoform 1 [Homo sapiens]	TRUE	TENT2
XP_046448904.1	NP_001375041.1	0	N/A	24.675	308	57	1.15e-15	81.6	poly(A) RNA polymerase GLD2 isoform 1 [Homo sapiens]	TRUE	TENT2
XP_046448904.1	NP_001375040.1	0	N/A	24.675	308	57	1.15e-15	81.6	poly(A) RNA polymerase GLD2 isoform 1 [Homo sapiens]	TRUE	TENT2
XP_046448904.1	NP_001375039.1	0	N/A	24.675	308	57	1.15e-15	81.6	poly(A) RNA polymerase GLD2 isoform 1 [Homo sapiens]	TRUE	TENT2
XP_046448904.1	NP_001375038.1	0	N/A	24.675	308	57	1.15e-15	81.6	poly(A) RNA polymerase GLD2 isoform 1 [Homo sapiens]	TRUE	TENT2
XP_046448904.1	NP_001375037.1	0	N/A	24.675	308	57	1.15e-15	81.6	poly(A) RNA polymerase GLD2 isoform 1 [Homo sapiens]	TRUE	TENT2
XP_046448904.1	NP_001375036.1	0	N/A	24.675	308	57	1.15e-15	81.6	poly(A) RNA polymerase GLD2 isoform 1 [Homo sapiens]	TRUE	TENT2
XP_046448904.1	NP_001375035.1	0	N/A	24.675	308	57	1.15e-15	81.6	poly(A) RNA polymerase GLD2 isoform 1 [Homo sapiens]	TRUE	TENT2
XP_046448904.1	NP_001375034.1	0	N/A	24.675	308	57	1.15e-15	81.6	poly(A) RNA polymerase GLD2 isoform 1 [Homo sapiens]	TRUE	TENT2
XP_046448904.1	NP_001375032.1	0	N/A	24.675	308	57	1.15e-15	81.6	poly(A) RNA polymerase GLD2 isoform 1 [Homo sapiens]	TRUE	TENT2
XP_046448904.1	NP_001375031.1	0	N/A	24.675	308	57	1.15e-15	81.6	poly(A) RNA polymerase GLD2 isoform 1 [Homo sapiens]	TRUE	TENT2
XP_046448904.1	NP_001336482.1	0	N/A	24.675	308	57	1.15e-15	81.6	poly(A) RNA polymerase GLD2 isoform 1 [Homo sapiens]	TRUE	TENT2
XP_046448904.1	NP_001336481.1	0	N/A	24.675	308	57	1.15e-15	81.6	poly(A) RNA polymerase GLD2 isoform 1 [Homo sapiens]	TRUE	TENT2
XP_046448904.1	NP_001107866.1	0	N/A	24.675	308	57	1.15e-15	81.6	poly(A) RNA polymerase GLD2 isoform 1 [Homo sapiens]	TRUE	TENT2
XP_046448904.1	NP_001107865.1	0	N/A	24.675	308	57	1.15e-15	81.6	poly(A) RNA polymerase GLD2 isoform 1 [Homo sapiens]	TRUE	TENT2
XP_046448904.1	XP_047272820.1	0	N/A	26.16	237	44	1.22e-15	79	poly(A) RNA polymerase GLD2 isoform X11 [Homo sapiens]	TRUE	TENT2
XP_046448904.1	NP_001336477.1	0	N/A	26.16	237	44	1.3e-15	79	poly(A) RNA polymerase GLD2 isoform 4 [Homo sapiens]	TRUE	TENT2
XP_046448904.1	NP_001375030.1	0	N/A	25.256	293	55	3.93e-15	80.1	poly(A) RNA polymerase GLD2 isoform 9 [Homo sapiens]	TRUE	TENT2
XP_046448904.1	XP_047272801.1	0	N/A	26.16	237	44	1.63e-14	78.2	poly(A) RNA polymerase GLD2 isoform X1 [Homo sapiens]	TRUE	TENT2
XP_046448904.1	XP_047272800.1	0	N/A	26.16	237	44	1.63e-14	78.2	poly(A) RNA polymerase GLD2 isoform X1 [Homo sapiens]	TRUE	TENT2
XP_046448904.1	XP_011541527.1	0	N/A	26.16	237	44	1.63e-14	78.2	poly(A) RNA polymerase GLD2 isoform X1 [Homo sapiens]	TRUE	TENT2
XP_046448904.1	XP_011541526.1	0	N/A	26.16	237	44	1.63e-14	78.2	poly(A) RNA polymerase GLD2 isoform X1 [Homo sapiens]	TRUE	TENT2
XP_046448904.1	XP_011541523.1	0	N/A	26.16	237	44	1.63e-14	78.2	poly(A) RNA polymerase GLD2 isoform X1 [Homo sapiens]	TRUE	TENT2
XP_046448904.1	XP_011541522.1	0	N/A	26.16	237	44	1.63e-14	78.2	poly(A) RNA polymerase GLD2 isoform X1 [Homo sapiens]	TRUE	TENT2
XP_046448904.1	NP_001375023.1	0	N/A	26.16	237	44	1.63e-14	78.2	poly(A) RNA polymerase GLD2 isoform 5 [Homo sapiens]	TRUE	TENT2
XP_046448904.1	NP_001375022.1	0	N/A	26.16	237	44	1.63e-14	78.2	poly(A) RNA polymerase GLD2 isoform 5 [Homo sapiens]	TRUE	TENT2
XP_046448904.1	NP_001336479.1	0	N/A	26.16	237	44	1.63e-14	78.2	poly(A) RNA polymerase GLD2 isoform 5 [Homo sapiens]	TRUE	TENT2
XP_046448904.1	NP_001336478.1	0	N/A	26.16	237	44	1.63e-14	78.2	poly(A) RNA polymerase GLD2 isoform 5 [Homo sapiens]	TRUE	TENT2
XP_046448904.1	NP_001375029.1	0	N/A	26.16	237	44	1.65e-14	78.2	poly(A) RNA polymerase GLD2 isoform 8 [Homo sapiens]	TRUE	TENT2
XP_046448904.1	NP_001375028.1	0	N/A	26.16	237	44	1.65e-14	78.2	poly(A) RNA polymerase GLD2 isoform 8 [Homo sapiens]	TRUE	TENT2
XP_046448904.1	XP_047272805.1	0	N/A	26.16	237	44	1.73e-14	78.2	poly(A) RNA polymerase GLD2 isoform X2 [Homo sapiens]	TRUE	TENT2
XP_046448904.1	XP_047272804.1	0	N/A	26.16	237	44	1.73e-14	78.2	poly(A) RNA polymerase GLD2 isoform X2 [Homo sapiens]	TRUE	TENT2
XP_046448904.1	XP_047272803.1	0	N/A	26.16	237	44	1.73e-14	78.2	poly(A) RNA polymerase GLD2 isoform X2 [Homo sapiens]	TRUE	TENT2
XP_046448904.1	XP_047272802.1	0	N/A	26.16	237	44	1.73e-14	78.2	poly(A) RNA polymerase GLD2 isoform X2 [Homo sapiens]	TRUE	TENT2
XP_046448904.1	XP_016864641.1	0	N/A	26.16	237	44	1.73e-14	78.2	poly(A) RNA polymerase GLD2 isoform X2 [Homo sapiens]	TRUE	TENT2
XP_046448904.1	NP_001375026.1	0	N/A	26.16	237	44	1.73e-14	78.2	poly(A) RNA polymerase GLD2 isoform 6 [Homo sapiens]	TRUE	TENT2
XP_046448904.1	NP_001375025.1	0	N/A	26.16	237	44	1.73e-14	78.2	poly(A) RNA polymerase GLD2 isoform 6 [Homo sapiens]	TRUE	TENT2
XP_046448904.1	NP_001375024.1	0	N/A	26.16	237	44	1.73e-14	78.2	poly(A) RNA polymerase GLD2 isoform 6 [Homo sapiens]	TRUE	TENT2
XP_046448904.1	NP_001336480.1	0	N/A	26.16	237	44	1.73e-14	78.2	poly(A) RNA polymerase GLD2 isoform 6 [Homo sapiens]	TRUE	TENT2
XP_046448904.1	NP_001375027.1	0	N/A	26.16	237	44	1.94e-14	77.8	poly(A) RNA polymerase GLD2 isoform 7 [Homo sapiens]	TRUE	TENT2
XP_046448904.1	NP_001317647.1	0	N/A	27.778	180	38	2.08e-10	65.9	terminal uridylyltransferase 7 isoform 3 [Homo sapiens]	TRUE	Tut7
XP_046448904.1	NP_001375066.1	0	N/A	24.545	220	40	2.33e-10	63.9	poly(A) RNA polymerase GLD2 isoform 15 [Homo sapiens]	TRUE	TENT2
XP_046448904.1	XP_047279825.1	0	N/A	22.145	289	53	3.18e-10	65.5	terminal uridylyltransferase 7 isoform X6 [Homo sapiens]	TRUE	Tut7
XP_046448904.1	XP_047279824.1	0	N/A	22.145	289	53	3.18e-10	65.5	terminal uridylyltransferase 7 isoform X6 [Homo sapiens]	TRUE	Tut7
XP_046448904.1	XP_005252264.1	0	N/A	22.145	289	53	3.18e-10	65.5	terminal uridylyltransferase 7 isoform X6 [Homo sapiens]	TRUE	Tut7
XP_046448904.1	XP_011517318.1	0	N/A	22.145	289	53	3.3e-10	65.5	terminal uridylyltransferase 7 isoform X5 [Homo sapiens]	TRUE	Tut7
XP_046448904.1	XP_047279823.1	0	N/A	22.145	289	53	3.32e-10	65.5	terminal uridylyltransferase 7 isoform X2 [Homo sapiens]	TRUE	Tut7
XP_046448904.1	XP_006717346.1	0	N/A	22.145	289	53	3.32e-10	65.5	terminal uridylyltransferase 7 isoform X2 [Homo sapiens]	TRUE	Tut7
XP_046448904.1	XP_011517317.1	0	N/A	22.145	289	53	3.35e-10	65.5	terminal uridylyltransferase 7 isoform X3 [Homo sapiens]	TRUE	Tut7
XP_046448904.1	XP_005252265.1	0	N/A	22.145	289	53	3.52e-10	65.1	terminal uridylyltransferase 7 isoform X7 [Homo sapiens]	TRUE	Tut7
XP_046448904.1	XP_011517316.1	0	N/A	22.145	289	53	3.57e-10	65.1	terminal uridylyltransferase 7 isoform X1 [Homo sapiens]	TRUE	Tut7
XP_046448904.1	XP_011517315.1	0	N/A	22.145	289	53	3.57e-10	65.1	terminal uridylyltransferase 7 isoform X1 [Homo sapiens]	TRUE	Tut7
XP_046448904.1	XP_011517314.1	0	N/A	22.145	289	53	3.57e-10	65.1	terminal uridylyltransferase 7 isoform X1 [Homo sapiens]	TRUE	Tut7
XP_046449361.1	NP_001317647.1	0	N/A	44.125	417	31	2.18e-115	382	terminal uridylyltransferase 7 isoform 3 [Homo sapiens]	TRUE	Tut7
XP_046449361.1	XP_047272384.1	0	N/A	47.33	412	30	1.03e-113	381	terminal uridylyltransferase 4 isoform X46 [Homo sapiens]	TRUE	Tut4
XP_046449361.1	XP_016856297.1	0	N/A	47.33	412	30	3.99e-111	386	terminal uridylyltransferase 4 isoform X36 [Homo sapiens]	TRUE	Tut4
XP_046449361.1	XP_005270739.1	0	N/A	47.33	412	30	4.27e-111	386	terminal uridylyltransferase 4 isoform X33 [Homo sapiens]	TRUE	Tut4
XP_046449361.1	XP_016856299.1	0	N/A	47.33	412	30	5.59e-111	385	terminal uridylyltransferase 4 isoform X40 [Homo sapiens]	TRUE	Tut4
XP_046449361.1	XP_047272365.1	0	N/A	47.33	412	30	6.39e-111	385	terminal uridylyltransferase 4 isoform X38 [Homo sapiens]	TRUE	Tut4
XP_046449361.1	XP_011539401.1	0	N/A	47.33	412	30	6.4e-111	386	terminal uridylyltransferase 4 isoform X29 [Homo sapiens]	TRUE	Tut4
XP_046449361.1	XP_005252265.1	0	N/A	43.662	426	32	6.79e-111	384	terminal uridylyltransferase 7 isoform X7 [Homo sapiens]	TRUE	Tut7
XP_046449361.1	XP_047272345.1	0	N/A	47.33	412	30	7.27e-111	385	terminal uridylyltransferase 4 isoform X31 [Homo sapiens]	TRUE	Tut4
XP_046449361.1	XP_047272288.1	0	N/A	47.33	412	30	7.94e-111	386	terminal uridylyltransferase 4 isoform X10 [Homo sapiens]	TRUE	Tut4
XP_046449361.1	XP_047272285.1	0	N/A	47.33	412	30	8.01e-111	386	terminal uridylyltransferase 4 isoform X7 [Homo sapiens]	TRUE	Tut4
XP_046449361.1	XP_016856293.1	0	N/A	47.33	412	30	8.64e-111	386	terminal uridylyltransferase 4 isoform X16 [Homo sapiens]	TRUE	Tut4
XP_046449361.1	XP_016856292.1	0	N/A	47.33	412	30	8.79e-111	386	terminal uridylyltransferase 4 isoform X9 [Homo sapiens]	TRUE	Tut4
XP_046449361.1	XP_016856296.1	0	N/A	47.33	412	30	1.03e-110	385	terminal uridylyltransferase 4 isoform X28 [Homo sapiens]	TRUE	Tut4
XP_046449361.1	XP_005270735.1	0	N/A	47.33	412	30	1.16e-110	386	terminal uridylyltransferase 4 isoform X2 [Homo sapiens]	TRUE	Tut4
XP_046449361.1	XP_047272283.1	0	N/A	47.33	412	30	1.2e-110	386	terminal uridylyltransferase 4 isoform X6 [Homo sapiens]	TRUE	Tut4
XP_046449361.1	XP_005270737.1	0	N/A	47.33	412	30	1.2e-110	386	terminal uridylyltransferase 4 isoform X6 [Homo sapiens]	TRUE	Tut4
XP_046449361.1	XP_047272325.1	0	N/A	47.33	412	30	1.21e-110	385	terminal uridylyltransferase 4 isoform X23 [Homo sapiens]	TRUE	Tut4
XP_046449361.1	XP_011539399.1	0	N/A	47.33	412	30	1.22e-110	386	terminal uridylyltransferase 4 isoform X1 [Homo sapiens]	TRUE	Tut4
XP_046449361.1	XP_005270733.1	0	N/A	47.33	412	30	1.22e-110	386	terminal uridylyltransferase 4 isoform X1 [Homo sapiens]	TRUE	Tut4
XP_046449361.1	XP_047272337.1	0	N/A	47.33	412	30	1.24e-110	385	terminal uridylyltransferase 4 isoform X27 [Homo sapiens]	TRUE	Tut4
XP_046449361.1	XP_016856295.1	0	N/A	47.33	412	30	1.25e-110	385	terminal uridylyltransferase 4 isoform X25 [Homo sapiens]	TRUE	Tut4
XP_046449361.1	XP_047272280.1	0	N/A	47.33	412	30	1.34e-110	386	terminal uridylyltransferase 4 isoform X3 [Homo sapiens]	TRUE	Tut4
XP_046449361.1	XP_005270736.1	0	N/A	47.33	412	30	1.34e-110	386	terminal uridylyltransferase 4 isoform X3 [Homo sapiens]	TRUE	Tut4
XP_046449361.1	XP_047272281.1	0	N/A	47.33	412	30	1.57e-110	385	terminal uridylyltransferase 4 isoform X4 [Homo sapiens]	TRUE	Tut4
XP_046449361.1	NP_001009881.1	0	N/A	47.33	412	30	1.57e-110	385	terminal uridylyltransferase 4 isoform a [Homo sapiens]	TRUE	Tut4
XP_046449361.1	XP_047272282.1	0	N/A	47.33	412	30	1.66e-110	385	terminal uridylyltransferase 4 isoform X5 [Homo sapiens]	TRUE	Tut4
XP_046449361.1	NP_056084.1	0	N/A	47.33	412	30	1.66e-110	385	terminal uridylyltransferase 4 isoform b [Homo sapiens]	TRUE	Tut4
XP_046449361.1	XP_016870620.1	0	N/A	43.705	421	31	3.93e-110	383	terminal uridylyltransferase 7 isoform X4 [Homo sapiens]	TRUE	Tut7
XP_046449361.1	XP_016870619.1	0	N/A	43.705	421	31	3.93e-110	383	terminal uridylyltransferase 7 isoform X4 [Homo sapiens]	TRUE	Tut7
XP_046449361.1	NP_078893.2	0	N/A	43.705	421	31	3.93e-110	383	terminal uridylyltransferase 7 isoform 1 [Homo sapiens]	TRUE	Tut7
XP_046449361.1	NP_001171988.1	0	N/A	43.705	421	31	3.93e-110	383	terminal uridylyltransferase 7 isoform 1 [Homo sapiens]	TRUE	Tut7
XP_046449361.1	XP_047279825.1	0	N/A	43.705	421	31	4.54e-110	382	terminal uridylyltransferase 7 isoform X6 [Homo sapiens]	TRUE	Tut7
XP_046449361.1	XP_047279824.1	0	N/A	43.705	421	31	4.54e-110	382	terminal uridylyltransferase 7 isoform X6 [Homo sapiens]	TRUE	Tut7
XP_046449361.1	XP_005252264.1	0	N/A	43.705	421	31	4.54e-110	382	terminal uridylyltransferase 7 isoform X6 [Homo sapiens]	TRUE	Tut7
XP_046449361.1	XP_011517318.1	0	N/A	43.705	421	31	5.09e-110	382	terminal uridylyltransferase 7 isoform X5 [Homo sapiens]	TRUE	Tut7
XP_046449361.1	XP_011517317.1	0	N/A	43.499	423	31	5.82e-110	383	terminal uridylyltransferase 7 isoform X3 [Homo sapiens]	TRUE	Tut7
XP_046449361.1	XP_047279823.1	0	N/A	43.705	421	31	6.9e-110	383	terminal uridylyltransferase 7 isoform X2 [Homo sapiens]	TRUE	Tut7
XP_046449361.1	XP_006717346.1	0	N/A	43.705	421	31	6.9e-110	383	terminal uridylyltransferase 7 isoform X2 [Homo sapiens]	TRUE	Tut7
XP_046449361.1	XP_011517316.1	0	N/A	43.499	423	31	1.71e-109	382	terminal uridylyltransferase 7 isoform X1 [Homo sapiens]	TRUE	Tut7
XP_046449361.1	XP_011517315.1	0	N/A	43.499	423	31	1.71e-109	382	terminal uridylyltransferase 7 isoform X1 [Homo sapiens]	TRUE	Tut7
XP_046449361.1	XP_011517314.1	0	N/A	43.499	423	31	1.71e-109	382	terminal uridylyltransferase 7 isoform X1 [Homo sapiens]	TRUE	Tut7
XP_046449361.1	XP_011517313.1	0	N/A	43.499	423	31	1.71e-109	382	terminal uridylyltransferase 7 isoform X1 [Homo sapiens]	TRUE	Tut7
XP_046449361.1	XP_047272372.1	0	N/A	45.499	411	30	3.41e-104	365	terminal uridylyltransferase 4 isoform X42 [Homo sapiens]	TRUE	Tut4
XP_046449361.1	XP_047272286.1	0	N/A	45.499	411	30	5.23e-104	366	terminal uridylyltransferase 4 isoform X8 [Homo sapiens]	TRUE	Tut4
XP_046449361.1	XP_047272305.1	0	N/A	45.499	411	30	5.37e-104	366	terminal uridylyltransferase 4 isoform X17 [Homo sapiens]	TRUE	Tut4
XP_046449361.1	XP_047272290.1	0	N/A	45.499	411	30	6e-104	366	terminal uridylyltransferase 4 isoform X11 [Homo sapiens]	TRUE	Tut4
XP_046449361.1	XP_047272295.1	0	N/A	45.499	411	30	6.15e-104	366	terminal uridylyltransferase 4 isoform X12 [Homo sapiens]	TRUE	Tut4
XP_046449361.1	XP_047272350.1	0	N/A	45.499	411	30	6.17e-104	365	terminal uridylyltransferase 4 isoform X34 [Homo sapiens]	TRUE	Tut4
XP_046449361.1	XP_047272344.1	0	N/A	45.499	411	30	6.76e-104	365	terminal uridylyltransferase 4 isoform X30 [Homo sapiens]	TRUE	Tut4
XP_046449361.1	XP_047272296.1	0	N/A	45.499	411	30	7.72e-104	365	terminal uridylyltransferase 4 isoform X13 [Homo sapiens]	TRUE	Tut4
XP_046449361.1	NP_001172003.1	0	N/A	49.828	291	22	1.6e-86	311	terminal uridylyltransferase 7 isoform 2 [Homo sapiens]	TRUE	Tut7
XP_046449361.1	XP_047272377.1	0	N/A	39.563	412	30	9.29e-84	304	terminal uridylyltransferase 4 isoform X44 [Homo sapiens]	TRUE	Tut4
XP_046449361.1	XP_047272311.1	0	N/A	39.563	412	30	9.55e-84	305	terminal uridylyltransferase 4 isoform X21 [Homo sapiens]	TRUE	Tut4
XP_046449361.1	XP_047272336.1	0	N/A	39.563	412	30	1.02e-83	305	terminal uridylyltransferase 4 isoform X26 [Homo sapiens]	TRUE	Tut4
XP_046449361.1	XP_047272373.1	0	N/A	39.563	412	30	1.06e-83	304	terminal uridylyltransferase 4 isoform X43 [Homo sapiens]	TRUE	Tut4
XP_046449361.1	XP_047272320.1	0	N/A	39.563	412	30	1.22e-83	304	terminal uridylyltransferase 4 isoform X22 [Homo sapiens]	TRUE	Tut4
XP_046449361.1	XP_047272327.1	0	N/A	39.563	412	30	1.24e-83	304	terminal uridylyltransferase 4 isoform X24 [Homo sapiens]	TRUE	Tut4
XP_046449361.1	XP_047272369.1	0	N/A	39.563	412	30	1.35e-83	304	terminal uridylyltransferase 4 isoform X41 [Homo sapiens]	TRUE	Tut4
XP_046449361.1	XP_047272348.1	0	N/A	39.563	412	30	1.43e-83	304	terminal uridylyltransferase 4 isoform X32 [Homo sapiens]	TRUE	Tut4
XP_046449361.1	XP_047272306.1	0	N/A	39.563	412	30	1.47e-83	304	terminal uridylyltransferase 4 isoform X18 [Homo sapiens]	TRUE	Tut4
XP_046449361.1	XP_047272354.1	0	N/A	39.563	412	30	1.55e-83	304	terminal uridylyltransferase 4 isoform X35 [Homo sapiens]	TRUE	Tut4
XP_046449361.1	XP_016856294.1	0	N/A	39.563	412	30	1.61e-83	304	terminal uridylyltransferase 4 isoform X20 [Homo sapiens]	TRUE	Tut4
XP_046449361.1	XP_047272362.1	0	N/A	39.563	412	30	1.63e-83	304	terminal uridylyltransferase 4 isoform X37 [Homo sapiens]	TRUE	Tut4
XP_046449361.1	XP_047272303.1	0	N/A	39.563	412	30	1.81e-83	304	terminal uridylyltransferase 4 isoform X15 [Homo sapiens]	TRUE	Tut4
XP_046449361.1	XP_047272307.1	0	N/A	39.563	412	30	1.83e-83	304	terminal uridylyltransferase 4 isoform X19 [Homo sapiens]	TRUE	Tut4
XP_046449361.1	XP_005270738.1	0	N/A	39.563	412	30	1.88e-83	304	terminal uridylyltransferase 4 isoform X14 [Homo sapiens]	TRUE	Tut4
XP_046449361.1	XP_047272367.1	0	N/A	39.563	412	30	1.93e-83	303	terminal uridylyltransferase 4 isoform X39 [Homo sapiens]	TRUE	Tut4
XP_046449361.1	XP_047279826.1	0	N/A	27.543	403	27	8.14e-40	163	terminal uridylyltransferase 7 isoform X8 [Homo sapiens]	TRUE	Tut7
XP_046449361.1	NP_001375060.1	0	N/A	33.449	287	21	1.26e-35	144	poly(A) RNA polymerase GLD2 isoform 11 [Homo sapiens]	TRUE	TENT2
XP_046449361.1	NP_001375042.1	0	N/A	33.449	287	21	1.96e-35	144	poly(A) RNA polymerase GLD2 isoform 16 [Homo sapiens]	TRUE	TENT2
XP_046449361.1	NP_001375065.1	0	N/A	33.569	283	21	1.99e-35	141	poly(A) RNA polymerase GLD2 isoform 14 [Homo sapiens]	TRUE	TENT2
XP_046449361.1	XP_047272808.1	0	N/A	33.449	287	21	2.06e-35	144	poly(A) RNA polymerase GLD2 isoform X3 [Homo sapiens]	TRUE	TENT2
XP_046449361.1	XP_047272807.1	0	N/A	33.449	287	21	2.06e-35	144	poly(A) RNA polymerase GLD2 isoform X3 [Homo sapiens]	TRUE	TENT2
XP_046449361.1	XP_047272806.1	0	N/A	33.449	287	21	2.06e-35	144	poly(A) RNA polymerase GLD2 isoform X3 [Homo sapiens]	TRUE	TENT2
XP_046449361.1	NP_776158.2	0	N/A	33.449	287	21	2.06e-35	144	poly(A) RNA polymerase GLD2 isoform 1 [Homo sapiens]	TRUE	TENT2
XP_046449361.1	NP_001375041.1	0	N/A	33.449	287	21	2.06e-35	144	poly(A) RNA polymerase GLD2 isoform 1 [Homo sapiens]	TRUE	TENT2
XP_046449361.1	NP_001375040.1	0	N/A	33.449	287	21	2.06e-35	144	poly(A) RNA polymerase GLD2 isoform 1 [Homo sapiens]	TRUE	TENT2
XP_046449361.1	NP_001375039.1	0	N/A	33.449	287	21	2.06e-35	144	poly(A) RNA polymerase GLD2 isoform 1 [Homo sapiens]	TRUE	TENT2
XP_046449361.1	NP_001375038.1	0	N/A	33.449	287	21	2.06e-35	144	poly(A) RNA polymerase GLD2 isoform 1 [Homo sapiens]	TRUE	TENT2
XP_046449361.1	NP_001375037.1	0	N/A	33.449	287	21	2.06e-35	144	poly(A) RNA polymerase GLD2 isoform 1 [Homo sapiens]	TRUE	TENT2
XP_046449361.1	NP_001375036.1	0	N/A	33.449	287	21	2.06e-35	144	poly(A) RNA polymerase GLD2 isoform 1 [Homo sapiens]	TRUE	TENT2
XP_046449361.1	NP_001375035.1	0	N/A	33.449	287	21	2.06e-35	144	poly(A) RNA polymerase GLD2 isoform 1 [Homo sapiens]	TRUE	TENT2
XP_046449361.1	NP_001375034.1	0	N/A	33.449	287	21	2.06e-35	144	poly(A) RNA polymerase GLD2 isoform 1 [Homo sapiens]	TRUE	TENT2
XP_046449361.1	NP_001375032.1	0	N/A	33.449	287	21	2.06e-35	144	poly(A) RNA polymerase GLD2 isoform 1 [Homo sapiens]	TRUE	TENT2
XP_046449361.1	NP_001375031.1	0	N/A	33.449	287	21	2.06e-35	144	poly(A) RNA polymerase GLD2 isoform 1 [Homo sapiens]	TRUE	TENT2
XP_046449361.1	NP_001336482.1	0	N/A	33.449	287	21	2.06e-35	144	poly(A) RNA polymerase GLD2 isoform 1 [Homo sapiens]	TRUE	TENT2
XP_046449361.1	NP_001336481.1	0	N/A	33.449	287	21	2.06e-35	144	poly(A) RNA polymerase GLD2 isoform 1 [Homo sapiens]	TRUE	TENT2
XP_046449361.1	NP_001107866.1	0	N/A	33.449	287	21	2.06e-35	144	poly(A) RNA polymerase GLD2 isoform 1 [Homo sapiens]	TRUE	TENT2
XP_046449361.1	NP_001107865.1	0	N/A	33.449	287	21	2.06e-35	144	poly(A) RNA polymerase GLD2 isoform 1 [Homo sapiens]	TRUE	TENT2
XP_046449361.1	NP_001375061.1	0	N/A	33.569	283	21	3.29e-35	143	poly(A) RNA polymerase GLD2 isoform 12 [Homo sapiens]	TRUE	TENT2
XP_046449361.1	NP_001375059.1	0	N/A	33.569	283	21	4.31e-35	143	poly(A) RNA polymerase GLD2 isoform 10 [Homo sapiens]	TRUE	TENT2
XP_046449361.1	XP_047272811.1	0	N/A	33.569	283	21	4.54e-35	143	poly(A) RNA polymerase GLD2 isoform X4 [Homo sapiens]	TRUE	TENT2
XP_046449361.1	XP_047272810.1	0	N/A	33.569	283	21	4.54e-35	143	poly(A) RNA polymerase GLD2 isoform X4 [Homo sapiens]	TRUE	TENT2
XP_046449361.1	XP_047272809.1	0	N/A	33.569	283	21	4.54e-35	143	poly(A) RNA polymerase GLD2 isoform X4 [Homo sapiens]	TRUE	TENT2
XP_046449361.1	NP_001375058.1	0	N/A	33.569	283	21	4.54e-35	143	poly(A) RNA polymerase GLD2 isoform 2 [Homo sapiens]	TRUE	TENT2
XP_046449361.1	NP_001375057.1	0	N/A	33.569	283	21	4.54e-35	143	poly(A) RNA polymerase GLD2 isoform 2 [Homo sapiens]	TRUE	TENT2
XP_046449361.1	NP_001375056.1	0	N/A	33.569	283	21	4.54e-35	143	poly(A) RNA polymerase GLD2 isoform 2 [Homo sapiens]	TRUE	TENT2
XP_046449361.1	NP_001375055.1	0	N/A	33.569	283	21	4.54e-35	143	poly(A) RNA polymerase GLD2 isoform 2 [Homo sapiens]	TRUE	TENT2
XP_046449361.1	NP_001375054.1	0	N/A	33.569	283	21	4.54e-35	143	poly(A) RNA polymerase GLD2 isoform 2 [Homo sapiens]	TRUE	TENT2
XP_046455837.1	NP_060579.3	0	N/A	35.01	517	70	7.96e-78	262	poly(A) RNA polymerase, mitochondrial precursor [Homo sapiens]	TRUE	mtPAP
XP_046455837.1	NP_073741.3	0	N/A	28.472	288	39	1.18e-23	109	speckle targeted PIP5K1A-regulated poly(A) polymerase isoform 1 [Homo sapiens]	TRUE	Tut1
XP_046455837.1	XP_047272286.1	0	N/A	26.421	299	41	2.55e-20	99.4	terminal uridylyltransferase 4 isoform X8 [Homo sapiens]	TRUE	Tut4
XP_046455837.1	XP_047272290.1	0	N/A	26.421	299	41	2.8e-20	99	terminal uridylyltransferase 4 isoform X11 [Homo sapiens]	TRUE	Tut4
XP_046455837.1	XP_047272372.1	0	N/A	26.421	299	41	3.21e-20	99	terminal uridylyltransferase 4 isoform X42 [Homo sapiens]	TRUE	Tut4
XP_046455837.1	XP_047272296.1	0	N/A	26.421	299	41	3.32e-20	99	terminal uridylyltransferase 4 isoform X13 [Homo sapiens]	TRUE	Tut4
XP_046455837.1	XP_047272305.1	0	N/A	26.421	299	41	3.35e-20	99	terminal uridylyltransferase 4 isoform X17 [Homo sapiens]	TRUE	Tut4
XP_046455837.1	XP_047272344.1	0	N/A	26.421	299	41	3.36e-20	99	terminal uridylyltransferase 4 isoform X30 [Homo sapiens]	TRUE	Tut4
XP_046455837.1	XP_047272295.1	0	N/A	26.421	299	41	3.44e-20	99	terminal uridylyltransferase 4 isoform X12 [Homo sapiens]	TRUE	Tut4
XP_046455837.1	XP_047272350.1	0	N/A	26.421	299	41	4.23e-20	98.6	terminal uridylyltransferase 4 isoform X34 [Homo sapiens]	TRUE	Tut4
XP_046455837.1	XP_016856297.1	0	N/A	27.208	283	39	1.31e-19	97.1	terminal uridylyltransferase 4 isoform X36 [Homo sapiens]	TRUE	Tut4
XP_046455837.1	XP_005270739.1	0	N/A	27.208	283	39	1.36e-19	97.1	terminal uridylyltransferase 4 isoform X33 [Homo sapiens]	TRUE	Tut4
XP_046455837.1	XP_047272285.1	0	N/A	27.208	283	39	1.37e-19	97.1	terminal uridylyltransferase 4 isoform X7 [Homo sapiens]	TRUE	Tut4
XP_046455837.1	XP_011539401.1	0	N/A	27.208	283	39	1.5e-19	96.7	terminal uridylyltransferase 4 isoform X29 [Homo sapiens]	TRUE	Tut4
XP_046455837.1	XP_047272345.1	0	N/A	27.208	283	39	1.59e-19	96.7	terminal uridylyltransferase 4 isoform X31 [Homo sapiens]	TRUE	Tut4
XP_046455837.1	XP_005270735.1	0	N/A	27.208	283	39	1.63e-19	96.7	terminal uridylyltransferase 4 isoform X2 [Homo sapiens]	TRUE	Tut4
XP_046455837.1	XP_011539399.1	0	N/A	27.208	283	39	1.64e-19	96.7	terminal uridylyltransferase 4 isoform X1 [Homo sapiens]	TRUE	Tut4
XP_046455837.1	XP_005270733.1	0	N/A	27.208	283	39	1.64e-19	96.7	terminal uridylyltransferase 4 isoform X1 [Homo sapiens]	TRUE	Tut4
XP_046455837.1	XP_016856293.1	0	N/A	27.208	283	39	1.69e-19	96.7	terminal uridylyltransferase 4 isoform X16 [Homo sapiens]	TRUE	Tut4
XP_046455837.1	XP_016856292.1	0	N/A	27.208	283	39	1.7e-19	96.7	terminal uridylyltransferase 4 isoform X9 [Homo sapiens]	TRUE	Tut4
XP_046455837.1	XP_047272325.1	0	N/A	27.208	283	39	1.7e-19	96.7	terminal uridylyltransferase 4 isoform X23 [Homo sapiens]	TRUE	Tut4
XP_046455837.1	XP_047272280.1	0	N/A	27.208	283	39	1.71e-19	96.7	terminal uridylyltransferase 4 isoform X3 [Homo sapiens]	TRUE	Tut4
XP_046455837.1	XP_005270736.1	0	N/A	27.208	283	39	1.71e-19	96.7	terminal uridylyltransferase 4 isoform X3 [Homo sapiens]	TRUE	Tut4
XP_046455837.1	XP_016856299.1	0	N/A	27.208	283	39	1.76e-19	96.7	terminal uridylyltransferase 4 isoform X40 [Homo sapiens]	TRUE	Tut4
XP_046455837.1	XP_047272288.1	0	N/A	27.208	283	39	1.76e-19	96.7	terminal uridylyltransferase 4 isoform X10 [Homo sapiens]	TRUE	Tut4
XP_046455837.1	XP_047272365.1	0	N/A	27.208	283	39	1.84e-19	96.3	terminal uridylyltransferase 4 isoform X38 [Homo sapiens]	TRUE	Tut4
XP_046455837.1	XP_016856295.1	0	N/A	27.208	283	39	1.9e-19	96.3	terminal uridylyltransferase 4 isoform X25 [Homo sapiens]	TRUE	Tut4
XP_046455837.1	XP_047272283.1	0	N/A	27.208	283	39	1.93e-19	96.3	terminal uridylyltransferase 4 isoform X6 [Homo sapiens]	TRUE	Tut4
XP_046455837.1	XP_005270737.1	0	N/A	27.208	283	39	1.93e-19	96.3	terminal uridylyltransferase 4 isoform X6 [Homo sapiens]	TRUE	Tut4
XP_046455837.1	XP_047272337.1	0	N/A	27.208	283	39	2.04e-19	96.3	terminal uridylyltransferase 4 isoform X27 [Homo sapiens]	TRUE	Tut4
XP_046455837.1	XP_047272281.1	0	N/A	27.208	283	39	2.07e-19	96.3	terminal uridylyltransferase 4 isoform X4 [Homo sapiens]	TRUE	Tut4
XP_046455837.1	NP_001009881.1	0	N/A	27.208	283	39	2.07e-19	96.3	terminal uridylyltransferase 4 isoform a [Homo sapiens]	TRUE	Tut4
XP_046455837.1	XP_016856296.1	0	N/A	27.208	283	39	2.07e-19	96.3	terminal uridylyltransferase 4 isoform X28 [Homo sapiens]	TRUE	Tut4
XP_046455837.1	XP_047272282.1	0	N/A	27.208	283	39	2.31e-19	96.3	terminal uridylyltransferase 4 isoform X5 [Homo sapiens]	TRUE	Tut4
XP_046455837.1	NP_056084.1	0	N/A	27.208	283	39	2.31e-19	96.3	terminal uridylyltransferase 4 isoform b [Homo sapiens]	TRUE	Tut4
XP_046455837.1	XP_047272384.1	0	N/A	27.208	283	39	4.36e-19	94.7	terminal uridylyltransferase 4 isoform X46 [Homo sapiens]	TRUE	Tut4
XP_046455837.1	NP_001375060.1	0	N/A	25.347	288	40	4.45e-19	93.2	poly(A) RNA polymerase GLD2 isoform 11 [Homo sapiens]	TRUE	TENT2
XP_046455837.1	XP_047272808.1	0	N/A	25.347	288	40	5.23e-19	93.2	poly(A) RNA polymerase GLD2 isoform X3 [Homo sapiens]	TRUE	TENT2
XP_046455837.1	XP_047272807.1	0	N/A	25.347	288	40	5.23e-19	93.2	poly(A) RNA polymerase GLD2 isoform X3 [Homo sapiens]	TRUE	TENT2
XP_046455837.1	XP_047272806.1	0	N/A	25.347	288	40	5.23e-19	93.2	poly(A) RNA polymerase GLD2 isoform X3 [Homo sapiens]	TRUE	TENT2
XP_046455837.1	NP_776158.2	0	N/A	25.347	288	40	5.23e-19	93.2	poly(A) RNA polymerase GLD2 isoform 1 [Homo sapiens]	TRUE	TENT2
XP_046455837.1	NP_001375041.1	0	N/A	25.347	288	40	5.23e-19	93.2	poly(A) RNA polymerase GLD2 isoform 1 [Homo sapiens]	TRUE	TENT2
XP_046455837.1	NP_001375040.1	0	N/A	25.347	288	40	5.23e-19	93.2	poly(A) RNA polymerase GLD2 isoform 1 [Homo sapiens]	TRUE	TENT2
XP_046455837.1	NP_001375039.1	0	N/A	25.347	288	40	5.23e-19	93.2	poly(A) RNA polymerase GLD2 isoform 1 [Homo sapiens]	TRUE	TENT2
XP_046455837.1	NP_001375038.1	0	N/A	25.347	288	40	5.23e-19	93.2	poly(A) RNA polymerase GLD2 isoform 1 [Homo sapiens]	TRUE	TENT2
XP_046455837.1	NP_001375037.1	0	N/A	25.347	288	40	5.23e-19	93.2	poly(A) RNA polymerase GLD2 isoform 1 [Homo sapiens]	TRUE	TENT2
XP_046455837.1	NP_001375036.1	0	N/A	25.347	288	40	5.23e-19	93.2	poly(A) RNA polymerase GLD2 isoform 1 [Homo sapiens]	TRUE	TENT2
XP_046455837.1	NP_001375035.1	0	N/A	25.347	288	40	5.23e-19	93.2	poly(A) RNA polymerase GLD2 isoform 1 [Homo sapiens]	TRUE	TENT2
XP_046455837.1	NP_001375034.1	0	N/A	25.347	288	40	5.23e-19	93.2	poly(A) RNA polymerase GLD2 isoform 1 [Homo sapiens]	TRUE	TENT2
XP_046455837.1	NP_001375032.1	0	N/A	25.347	288	40	5.23e-19	93.2	poly(A) RNA polymerase GLD2 isoform 1 [Homo sapiens]	TRUE	TENT2
XP_046455837.1	NP_001375031.1	0	N/A	25.347	288	40	5.23e-19	93.2	poly(A) RNA polymerase GLD2 isoform 1 [Homo sapiens]	TRUE	TENT2
XP_046455837.1	NP_001336482.1	0	N/A	25.347	288	40	5.23e-19	93.2	poly(A) RNA polymerase GLD2 isoform 1 [Homo sapiens]	TRUE	TENT2
XP_046455837.1	NP_001336481.1	0	N/A	25.347	288	40	5.23e-19	93.2	poly(A) RNA polymerase GLD2 isoform 1 [Homo sapiens]	TRUE	TENT2
XP_046455837.1	NP_001107866.1	0	N/A	25.347	288	40	5.23e-19	93.2	poly(A) RNA polymerase GLD2 isoform 1 [Homo sapiens]	TRUE	TENT2
XP_046455837.1	NP_001107865.1	0	N/A	25.347	288	40	5.23e-19	93.2	poly(A) RNA polymerase GLD2 isoform 1 [Homo sapiens]	TRUE	TENT2
XP_046455837.1	NP_001375042.1	0	N/A	25.347	288	40	5.24e-19	93.2	poly(A) RNA polymerase GLD2 isoform 16 [Homo sapiens]	TRUE	TENT2
XP_046455837.1	XP_016870620.1	0	N/A	26.578	301	41	3.13e-18	92.4	terminal uridylyltransferase 7 isoform X4 [Homo sapiens]	TRUE	Tut7
XP_046455837.1	XP_016870619.1	0	N/A	26.578	301	41	3.13e-18	92.4	terminal uridylyltransferase 7 isoform X4 [Homo sapiens]	TRUE	Tut7
XP_046455837.1	NP_078893.2	0	N/A	26.578	301	41	3.13e-18	92.4	terminal uridylyltransferase 7 isoform 1 [Homo sapiens]	TRUE	Tut7
XP_046455837.1	NP_001171988.1	0	N/A	26.578	301	41	3.13e-18	92.4	terminal uridylyltransferase 7 isoform 1 [Homo sapiens]	TRUE	Tut7
XP_046455837.1	XP_047279825.1	0	N/A	26.578	301	41	3.28e-18	92.4	terminal uridylyltransferase 7 isoform X6 [Homo sapiens]	TRUE	Tut7
XP_046455837.1	XP_047279824.1	0	N/A	26.578	301	41	3.28e-18	92.4	terminal uridylyltransferase 7 isoform X6 [Homo sapiens]	TRUE	Tut7
XP_046455837.1	XP_005252264.1	0	N/A	26.578	301	41	3.28e-18	92.4	terminal uridylyltransferase 7 isoform X6 [Homo sapiens]	TRUE	Tut7
XP_046455837.1	XP_005252265.1	0	N/A	26.578	301	41	3.29e-18	92.4	terminal uridylyltransferase 7 isoform X7 [Homo sapiens]	TRUE	Tut7
XP_046455837.1	XP_011517316.1	0	N/A	26.578	301	41	3.42e-18	92.4	terminal uridylyltransferase 7 isoform X1 [Homo sapiens]	TRUE	Tut7
XP_046455837.1	XP_011517315.1	0	N/A	26.578	301	41	3.42e-18	92.4	terminal uridylyltransferase 7 isoform X1 [Homo sapiens]	TRUE	Tut7
XP_046455837.1	XP_011517314.1	0	N/A	26.578	301	41	3.42e-18	92.4	terminal uridylyltransferase 7 isoform X1 [Homo sapiens]	TRUE	Tut7
XP_046455837.1	XP_011517313.1	0	N/A	26.578	301	41	3.42e-18	92.4	terminal uridylyltransferase 7 isoform X1 [Homo sapiens]	TRUE	Tut7
XP_046455837.1	XP_047279823.1	0	N/A	26.578	301	41	3.5e-18	92.4	terminal uridylyltransferase 7 isoform X2 [Homo sapiens]	TRUE	Tut7
XP_046455837.1	XP_006717346.1	0	N/A	26.578	301	41	3.5e-18	92.4	terminal uridylyltransferase 7 isoform X2 [Homo sapiens]	TRUE	Tut7
XP_046455837.1	XP_011517318.1	0	N/A	26.578	301	41	3.52e-18	92.4	terminal uridylyltransferase 7 isoform X5 [Homo sapiens]	TRUE	Tut7
XP_046455837.1	XP_011517317.1	0	N/A	26.578	301	41	4.01e-18	92	terminal uridylyltransferase 7 isoform X3 [Homo sapiens]	TRUE	Tut7
XP_046455837.1	NP_001317647.1	0	N/A	26.578	301	41	4.2e-18	91.7	terminal uridylyltransferase 7 isoform 3 [Homo sapiens]	TRUE	Tut7
XP_046455837.1	NP_001375029.1	0	N/A	25	296	40	3.98e-17	87.4	poly(A) RNA polymerase GLD2 isoform 8 [Homo sapiens]	TRUE	TENT2
XP_046455837.1	NP_001375028.1	0	N/A	25	296	40	3.98e-17	87.4	poly(A) RNA polymerase GLD2 isoform 8 [Homo sapiens]	TRUE	TENT2
XP_046455837.1	XP_047272801.1	0	N/A	23.701	308	40	6.45e-17	87	poly(A) RNA polymerase GLD2 isoform X1 [Homo sapiens]	TRUE	TENT2
XP_046455837.1	XP_047272800.1	0	N/A	23.701	308	40	6.45e-17	87	poly(A) RNA polymerase GLD2 isoform X1 [Homo sapiens]	TRUE	TENT2
XP_046455837.1	XP_011541527.1	0	N/A	23.701	308	40	6.45e-17	87	poly(A) RNA polymerase GLD2 isoform X1 [Homo sapiens]	TRUE	TENT2
XP_046455837.1	XP_011541526.1	0	N/A	23.701	308	40	6.45e-17	87	poly(A) RNA polymerase GLD2 isoform X1 [Homo sapiens]	TRUE	TENT2
XP_046455837.1	XP_011541523.1	0	N/A	23.701	308	40	6.45e-17	87	poly(A) RNA polymerase GLD2 isoform X1 [Homo sapiens]	TRUE	TENT2
XP_046455837.1	XP_011541522.1	0	N/A	23.701	308	40	6.45e-17	87	poly(A) RNA polymerase GLD2 isoform X1 [Homo sapiens]	TRUE	TENT2
XP_046455837.1	NP_001375023.1	0	N/A	23.701	308	40	6.45e-17	87	poly(A) RNA polymerase GLD2 isoform 5 [Homo sapiens]	TRUE	TENT2
XP_046455837.1	NP_001375022.1	0	N/A	23.701	308	40	6.45e-17	87	poly(A) RNA polymerase GLD2 isoform 5 [Homo sapiens]	TRUE	TENT2
XP_046455837.1	NP_001336479.1	0	N/A	23.701	308	40	6.45e-17	87	poly(A) RNA polymerase GLD2 isoform 5 [Homo sapiens]	TRUE	TENT2
XP_046455837.1	NP_001336478.1	0	N/A	23.701	308	40	6.45e-17	87	poly(A) RNA polymerase GLD2 isoform 5 [Homo sapiens]	TRUE	TENT2
XP_046455837.1	NP_001375061.1	0	N/A	25	288	40	2.53e-16	84.7	poly(A) RNA polymerase GLD2 isoform 12 [Homo sapiens]	TRUE	TENT2
XP_046455837.1	NP_001375059.1	0	N/A	25	288	40	2.82e-16	84.7	poly(A) RNA polymerase GLD2 isoform 10 [Homo sapiens]	TRUE	TENT2
XP_046455837.1	XP_047272811.1	0	N/A	25	288	40	2.89e-16	84.7	poly(A) RNA polymerase GLD2 isoform X4 [Homo sapiens]	TRUE	TENT2
XP_046455837.1	XP_047272810.1	0	N/A	25	288	40	2.89e-16	84.7	poly(A) RNA polymerase GLD2 isoform X4 [Homo sapiens]	TRUE	TENT2
XP_046455837.1	XP_047272809.1	0	N/A	25	288	40	2.89e-16	84.7	poly(A) RNA polymerase GLD2 isoform X4 [Homo sapiens]	TRUE	TENT2
XP_046455837.1	NP_001375058.1	0	N/A	25	288	40	2.89e-16	84.7	poly(A) RNA polymerase GLD2 isoform 2 [Homo sapiens]	TRUE	TENT2
XP_046455837.1	NP_001375057.1	0	N/A	25	288	40	2.89e-16	84.7	poly(A) RNA polymerase GLD2 isoform 2 [Homo sapiens]	TRUE	TENT2
XP_046455837.1	NP_001375056.1	0	N/A	25	288	40	2.89e-16	84.7	poly(A) RNA polymerase GLD2 isoform 2 [Homo sapiens]	TRUE	TENT2
XP_046455837.1	NP_001375055.1	0	N/A	25	288	40	2.89e-16	84.7	poly(A) RNA polymerase GLD2 isoform 2 [Homo sapiens]	TRUE	TENT2
XP_046455837.1	NP_001375054.1	0	N/A	25	288	40	2.89e-16	84.7	poly(A) RNA polymerase GLD2 isoform 2 [Homo sapiens]	TRUE	TENT2
XP_046455837.1	NP_001375053.1	0	N/A	25	288	40	2.89e-16	84.7	poly(A) RNA polymerase GLD2 isoform 2 [Homo sapiens]	TRUE	TENT2
XP_046455837.1	NP_001375052.1	0	N/A	25	288	40	2.89e-16	84.7	poly(A) RNA polymerase GLD2 isoform 2 [Homo sapiens]	TRUE	TENT2
XP_046455837.1	NP_001375051.1	0	N/A	25	288	40	2.89e-16	84.7	poly(A) RNA polymerase GLD2 isoform 2 [Homo sapiens]	TRUE	TENT2
XP_046455837.1	NP_001375050.1	0	N/A	25	288	40	2.89e-16	84.7	poly(A) RNA polymerase GLD2 isoform 2 [Homo sapiens]	TRUE	TENT2
XP_046455837.1	NP_001375049.1	0	N/A	25	288	40	2.89e-16	84.7	poly(A) RNA polymerase GLD2 isoform 2 [Homo sapiens]	TRUE	TENT2
XP_046462442.1	NP_060579.3	0	N/A	28.877	374	49	1.3e-33	139	poly(A) RNA polymerase, mitochondrial precursor [Homo sapiens]	TRUE	mtPAP
XP_046462442.1	NP_001317647.1	0	N/A	28.931	318	42	1.71e-29	127	terminal uridylyltransferase 7 isoform 3 [Homo sapiens]	TRUE	Tut7
XP_046462442.1	XP_005252265.1	0	N/A	28.302	318	42	3.73e-29	127	terminal uridylyltransferase 7 isoform X7 [Homo sapiens]	TRUE	Tut7
XP_046462442.1	XP_047279825.1	0	N/A	28.302	318	42	4.73e-29	127	terminal uridylyltransferase 7 isoform X6 [Homo sapiens]	TRUE	Tut7
XP_046462442.1	XP_047279824.1	0	N/A	28.302	318	42	4.73e-29	127	terminal uridylyltransferase 7 isoform X6 [Homo sapiens]	TRUE	Tut7
XP_046462442.1	XP_005252264.1	0	N/A	28.302	318	42	4.73e-29	127	terminal uridylyltransferase 7 isoform X6 [Homo sapiens]	TRUE	Tut7
XP_046462442.1	XP_011517317.1	0	N/A	28.302	318	42	4.91e-29	127	terminal uridylyltransferase 7 isoform X3 [Homo sapiens]	TRUE	Tut7
XP_046462442.1	XP_011517318.1	0	N/A	28.302	318	42	5.37e-29	127	terminal uridylyltransferase 7 isoform X5 [Homo sapiens]	TRUE	Tut7
XP_046462442.1	XP_016870620.1	0	N/A	28.302	318	42	5.67e-29	127	terminal uridylyltransferase 7 isoform X4 [Homo sapiens]	TRUE	Tut7
XP_046462442.1	XP_016870619.1	0	N/A	28.302	318	42	5.67e-29	127	terminal uridylyltransferase 7 isoform X4 [Homo sapiens]	TRUE	Tut7
XP_046462442.1	NP_078893.2	0	N/A	28.302	318	42	5.67e-29	127	terminal uridylyltransferase 7 isoform 1 [Homo sapiens]	TRUE	Tut7
XP_046462442.1	NP_001171988.1	0	N/A	28.302	318	42	5.67e-29	127	terminal uridylyltransferase 7 isoform 1 [Homo sapiens]	TRUE	Tut7
XP_046462442.1	XP_047279823.1	0	N/A	28.302	318	42	5.85e-29	127	terminal uridylyltransferase 7 isoform X2 [Homo sapiens]	TRUE	Tut7
XP_046462442.1	XP_006717346.1	0	N/A	28.302	318	42	5.85e-29	127	terminal uridylyltransferase 7 isoform X2 [Homo sapiens]	TRUE	Tut7
XP_046462442.1	XP_011517316.1	0	N/A	28.302	318	42	6.75e-29	126	terminal uridylyltransferase 7 isoform X1 [Homo sapiens]	TRUE	Tut7
XP_046462442.1	XP_011517315.1	0	N/A	28.302	318	42	6.75e-29	126	terminal uridylyltransferase 7 isoform X1 [Homo sapiens]	TRUE	Tut7
XP_046462442.1	XP_011517314.1	0	N/A	28.302	318	42	6.75e-29	126	terminal uridylyltransferase 7 isoform X1 [Homo sapiens]	TRUE	Tut7
XP_046462442.1	XP_011517313.1	0	N/A	28.302	318	42	6.75e-29	126	terminal uridylyltransferase 7 isoform X1 [Homo sapiens]	TRUE	Tut7
XP_046462442.1	XP_016856292.1	0	N/A	28.076	317	42	1.61e-25	115	terminal uridylyltransferase 4 isoform X9 [Homo sapiens]	TRUE	Tut4
XP_046462442.1	XP_016856297.1	0	N/A	27.129	317	42	1.63e-25	115	terminal uridylyltransferase 4 isoform X36 [Homo sapiens]	TRUE	Tut4
XP_046462442.1	XP_047272283.1	0	N/A	28.076	317	42	1.64e-25	115	terminal uridylyltransferase 4 isoform X6 [Homo sapiens]	TRUE	Tut4
XP_046462442.1	XP_005270737.1	0	N/A	28.076	317	42	1.64e-25	115	terminal uridylyltransferase 4 isoform X6 [Homo sapiens]	TRUE	Tut4
XP_046462442.1	XP_016856299.1	0	N/A	27.129	317	42	1.7e-25	115	terminal uridylyltransferase 4 isoform X40 [Homo sapiens]	TRUE	Tut4
XP_046462442.1	XP_047272288.1	0	N/A	28.076	317	42	1.71e-25	115	terminal uridylyltransferase 4 isoform X10 [Homo sapiens]	TRUE	Tut4
XP_046462442.1	XP_005270739.1	0	N/A	27.129	317	42	1.72e-25	115	terminal uridylyltransferase 4 isoform X33 [Homo sapiens]	TRUE	Tut4
XP_046462442.1	XP_047272285.1	0	N/A	28.076	317	42	1.72e-25	115	terminal uridylyltransferase 4 isoform X7 [Homo sapiens]	TRUE	Tut4
XP_046462442.1	XP_016856293.1	0	N/A	28.076	317	42	1.75e-25	115	terminal uridylyltransferase 4 isoform X16 [Homo sapiens]	TRUE	Tut4
XP_046462442.1	XP_047272281.1	0	N/A	27.129	317	42	1.76e-25	115	terminal uridylyltransferase 4 isoform X4 [Homo sapiens]	TRUE	Tut4
XP_046462442.1	NP_001009881.1	0	N/A	27.129	317	42	1.76e-25	115	terminal uridylyltransferase 4 isoform a [Homo sapiens]	TRUE	Tut4
XP_046462442.1	XP_005270735.1	0	N/A	27.129	317	42	1.78e-25	115	terminal uridylyltransferase 4 isoform X2 [Homo sapiens]	TRUE	Tut4
XP_046462442.1	XP_047272280.1	0	N/A	27.129	317	42	1.81e-25	115	terminal uridylyltransferase 4 isoform X3 [Homo sapiens]	TRUE	Tut4
XP_046462442.1	XP_005270736.1	0	N/A	27.129	317	42	1.81e-25	115	terminal uridylyltransferase 4 isoform X3 [Homo sapiens]	TRUE	Tut4
XP_046462442.1	XP_011539399.1	0	N/A	27.129	317	42	1.81e-25	115	terminal uridylyltransferase 4 isoform X1 [Homo sapiens]	TRUE	Tut4
XP_046462442.1	XP_005270733.1	0	N/A	27.129	317	42	1.81e-25	115	terminal uridylyltransferase 4 isoform X1 [Homo sapiens]	TRUE	Tut4
XP_046462442.1	XP_047272282.1	0	N/A	27.129	317	42	1.83e-25	115	terminal uridylyltransferase 4 isoform X5 [Homo sapiens]	TRUE	Tut4
XP_046462442.1	NP_056084.1	0	N/A	27.129	317	42	1.83e-25	115	terminal uridylyltransferase 4 isoform b [Homo sapiens]	TRUE	Tut4
XP_046462442.1	XP_047272365.1	0	N/A	27.129	317	42	1.97e-25	115	terminal uridylyltransferase 4 isoform X38 [Homo sapiens]	TRUE	Tut4
XP_046462442.1	XP_047272345.1	0	N/A	28.076	317	42	2.04e-25	115	terminal uridylyltransferase 4 isoform X31 [Homo sapiens]	TRUE	Tut4
XP_046462442.1	XP_016856296.1	0	N/A	27.129	317	42	2.15e-25	115	terminal uridylyltransferase 4 isoform X28 [Homo sapiens]	TRUE	Tut4
XP_046462442.1	XP_047272337.1	0	N/A	27.129	317	42	2.22e-25	115	terminal uridylyltransferase 4 isoform X27 [Homo sapiens]	TRUE	Tut4
XP_046462442.1	XP_047272325.1	0	N/A	27.129	317	42	2.23e-25	115	terminal uridylyltransferase 4 isoform X23 [Homo sapiens]	TRUE	Tut4
XP_046462442.1	XP_011539401.1	0	N/A	27.129	317	42	2.39e-25	115	terminal uridylyltransferase 4 isoform X29 [Homo sapiens]	TRUE	Tut4
XP_046462442.1	XP_016856295.1	0	N/A	27.129	317	42	2.58e-25	115	terminal uridylyltransferase 4 isoform X25 [Homo sapiens]	TRUE	Tut4
XP_046462442.1	XP_047272384.1	0	N/A	28.076	317	42	6.7e-25	113	terminal uridylyltransferase 4 isoform X46 [Homo sapiens]	TRUE	Tut4
XP_046462442.1	XP_047272296.1	0	N/A	27.397	292	39	4.91e-24	111	terminal uridylyltransferase 4 isoform X13 [Homo sapiens]	TRUE	Tut4
XP_046462442.1	XP_047272305.1	0	N/A	28.425	292	39	5.49e-24	111	terminal uridylyltransferase 4 isoform X17 [Homo sapiens]	TRUE	Tut4
XP_046462442.1	XP_047272295.1	0	N/A	27.397	292	39	5.49e-24	111	terminal uridylyltransferase 4 isoform X12 [Homo sapiens]	TRUE	Tut4
XP_046462442.1	XP_047272286.1	0	N/A	27.397	292	39	5.95e-24	110	terminal uridylyltransferase 4 isoform X8 [Homo sapiens]	TRUE	Tut4
XP_046462442.1	XP_047272290.1	0	N/A	27.397	292	39	6.04e-24	110	terminal uridylyltransferase 4 isoform X11 [Homo sapiens]	TRUE	Tut4
XP_046462442.1	XP_047272372.1	0	N/A	27.397	292	39	6.51e-24	110	terminal uridylyltransferase 4 isoform X42 [Homo sapiens]	TRUE	Tut4
XP_046462442.1	XP_047272350.1	0	N/A	27.397	292	39	6.57e-24	110	terminal uridylyltransferase 4 isoform X34 [Homo sapiens]	TRUE	Tut4
XP_046462442.1	XP_047272344.1	0	N/A	27.397	292	39	6.82e-24	110	terminal uridylyltransferase 4 isoform X30 [Homo sapiens]	TRUE	Tut4
XP_046462442.1	NP_073741.3	0	N/A	29.02	255	34	1.34e-23	109	speckle targeted PIP5K1A-regulated poly(A) polymerase isoform 1 [Homo sapiens]	TRUE	Tut1
XP_046462442.1	NP_001172003.1	0	N/A	26.667	240	32	2.18e-21	102	terminal uridylyltransferase 7 isoform 2 [Homo sapiens]	TRUE	Tut7
XP_046462442.1	XP_047272801.1	0	N/A	25.478	314	40	2.54e-18	91.3	poly(A) RNA polymerase GLD2 isoform X1 [Homo sapiens]	TRUE	TENT2
XP_046462442.1	XP_047272800.1	0	N/A	25.478	314	40	2.54e-18	91.3	poly(A) RNA polymerase GLD2 isoform X1 [Homo sapiens]	TRUE	TENT2
XP_046462442.1	XP_011541527.1	0	N/A	25.478	314	40	2.54e-18	91.3	poly(A) RNA polymerase GLD2 isoform X1 [Homo sapiens]	TRUE	TENT2
XP_046462442.1	XP_011541526.1	0	N/A	25.478	314	40	2.54e-18	91.3	poly(A) RNA polymerase GLD2 isoform X1 [Homo sapiens]	TRUE	TENT2
XP_046462442.1	XP_011541523.1	0	N/A	25.478	314	40	2.54e-18	91.3	poly(A) RNA polymerase GLD2 isoform X1 [Homo sapiens]	TRUE	TENT2
XP_046462442.1	XP_011541522.1	0	N/A	25.478	314	40	2.54e-18	91.3	poly(A) RNA polymerase GLD2 isoform X1 [Homo sapiens]	TRUE	TENT2
XP_046462442.1	NP_001375023.1	0	N/A	25.478	314	40	2.54e-18	91.3	poly(A) RNA polymerase GLD2 isoform 5 [Homo sapiens]	TRUE	TENT2
XP_046462442.1	NP_001375022.1	0	N/A	25.478	314	40	2.54e-18	91.3	poly(A) RNA polymerase GLD2 isoform 5 [Homo sapiens]	TRUE	TENT2
XP_046462442.1	NP_001336479.1	0	N/A	25.478	314	40	2.54e-18	91.3	poly(A) RNA polymerase GLD2 isoform 5 [Homo sapiens]	TRUE	TENT2
XP_046462442.1	NP_001336478.1	0	N/A	25.478	314	40	2.54e-18	91.3	poly(A) RNA polymerase GLD2 isoform 5 [Homo sapiens]	TRUE	TENT2
XP_046462442.1	NP_001375060.1	0	N/A	26.667	300	40	5.12e-18	90.1	poly(A) RNA polymerase GLD2 isoform 11 [Homo sapiens]	TRUE	TENT2
XP_046462442.1	NP_001375065.1	0	N/A	26.333	300	40	6.06e-18	89	poly(A) RNA polymerase GLD2 isoform 14 [Homo sapiens]	TRUE	TENT2
XP_046462442.1	NP_001375042.1	0	N/A	26.667	300	40	7.7e-18	89.7	poly(A) RNA polymerase GLD2 isoform 16 [Homo sapiens]	TRUE	TENT2
XP_046462442.1	XP_047272808.1	0	N/A	26.667	300	40	7.88e-18	89.7	poly(A) RNA polymerase GLD2 isoform X3 [Homo sapiens]	TRUE	TENT2
XP_046462442.1	XP_047272807.1	0	N/A	26.667	300	40	7.88e-18	89.7	poly(A) RNA polymerase GLD2 isoform X3 [Homo sapiens]	TRUE	TENT2
XP_046462442.1	XP_047272806.1	0	N/A	26.667	300	40	7.88e-18	89.7	poly(A) RNA polymerase GLD2 isoform X3 [Homo sapiens]	TRUE	TENT2
XP_046462442.1	NP_776158.2	0	N/A	26.667	300	40	7.88e-18	89.7	poly(A) RNA polymerase GLD2 isoform 1 [Homo sapiens]	TRUE	TENT2
XP_046462442.1	NP_001375041.1	0	N/A	26.667	300	40	7.88e-18	89.7	poly(A) RNA polymerase GLD2 isoform 1 [Homo sapiens]	TRUE	TENT2
XP_046462442.1	NP_001375040.1	0	N/A	26.667	300	40	7.88e-18	89.7	poly(A) RNA polymerase GLD2 isoform 1 [Homo sapiens]	TRUE	TENT2
XP_046462442.1	NP_001375039.1	0	N/A	26.667	300	40	7.88e-18	89.7	poly(A) RNA polymerase GLD2 isoform 1 [Homo sapiens]	TRUE	TENT2
XP_046462442.1	NP_001375038.1	0	N/A	26.667	300	40	7.88e-18	89.7	poly(A) RNA polymerase GLD2 isoform 1 [Homo sapiens]	TRUE	TENT2
XP_046462442.1	NP_001375037.1	0	N/A	26.667	300	40	7.88e-18	89.7	poly(A) RNA polymerase GLD2 isoform 1 [Homo sapiens]	TRUE	TENT2
XP_046462442.1	NP_001375036.1	0	N/A	26.667	300	40	7.88e-18	89.7	poly(A) RNA polymerase GLD2 isoform 1 [Homo sapiens]	TRUE	TENT2
XP_046462442.1	NP_001375035.1	0	N/A	26.667	300	40	7.88e-18	89.7	poly(A) RNA polymerase GLD2 isoform 1 [Homo sapiens]	TRUE	TENT2
XP_046462442.1	NP_001375034.1	0	N/A	26.667	300	40	7.88e-18	89.7	poly(A) RNA polymerase GLD2 isoform 1 [Homo sapiens]	TRUE	TENT2
XP_046462442.1	NP_001375032.1	0	N/A	26.667	300	40	7.88e-18	89.7	poly(A) RNA polymerase GLD2 isoform 1 [Homo sapiens]	TRUE	TENT2
XP_046462442.1	NP_001375031.1	0	N/A	26.667	300	40	7.88e-18	89.7	poly(A) RNA polymerase GLD2 isoform 1 [Homo sapiens]	TRUE	TENT2
XP_046462442.1	NP_001336482.1	0	N/A	26.667	300	40	7.88e-18	89.7	poly(A) RNA polymerase GLD2 isoform 1 [Homo sapiens]	TRUE	TENT2
XP_046462442.1	NP_001336481.1	0	N/A	26.667	300	40	7.88e-18	89.7	poly(A) RNA polymerase GLD2 isoform 1 [Homo sapiens]	TRUE	TENT2
XP_046462442.1	NP_001107866.1	0	N/A	26.667	300	40	7.88e-18	89.7	poly(A) RNA polymerase GLD2 isoform 1 [Homo sapiens]	TRUE	TENT2
XP_046462442.1	NP_001107865.1	0	N/A	26.667	300	40	7.88e-18	89.7	poly(A) RNA polymerase GLD2 isoform 1 [Homo sapiens]	TRUE	TENT2
XP_046462442.1	NP_001375061.1	0	N/A	26.333	300	40	8.91e-18	89.4	poly(A) RNA polymerase GLD2 isoform 12 [Homo sapiens]	TRUE	TENT2
XP_046462442.1	NP_001375059.1	0	N/A	26.333	300	40	1.09e-17	89.4	poly(A) RNA polymerase GLD2 isoform 10 [Homo sapiens]	TRUE	TENT2
XP_046462442.1	XP_047272811.1	0	N/A	26.333	300	40	1.14e-17	89.4	poly(A) RNA polymerase GLD2 isoform X4 [Homo sapiens]	TRUE	TENT2
XP_046462442.1	XP_047272810.1	0	N/A	26.333	300	40	1.14e-17	89.4	poly(A) RNA polymerase GLD2 isoform X4 [Homo sapiens]	TRUE	TENT2
XP_046462442.1	XP_047272809.1	0	N/A	26.333	300	40	1.14e-17	89.4	poly(A) RNA polymerase GLD2 isoform X4 [Homo sapiens]	TRUE	TENT2
XP_046462442.1	NP_001375058.1	0	N/A	26.333	300	40	1.14e-17	89.4	poly(A) RNA polymerase GLD2 isoform 2 [Homo sapiens]	TRUE	TENT2
XP_046462442.1	NP_001375057.1	0	N/A	26.333	300	40	1.14e-17	89.4	poly(A) RNA polymerase GLD2 isoform 2 [Homo sapiens]	TRUE	TENT2
XP_046462442.1	NP_001375056.1	0	N/A	26.333	300	40	1.14e-17	89.4	poly(A) RNA polymerase GLD2 isoform 2 [Homo sapiens]	TRUE	TENT2
XP_046462442.1	NP_001375055.1	0	N/A	26.333	300	40	1.14e-17	89.4	poly(A) RNA polymerase GLD2 isoform 2 [Homo sapiens]	TRUE	TENT2
XP_046462442.1	NP_001375054.1	0	N/A	26.333	300	40	1.14e-17	89.4	poly(A) RNA polymerase GLD2 isoform 2 [Homo sapiens]	TRUE	TENT2
XP_046462442.1	NP_001375053.1	0	N/A	26.333	300	40	1.14e-17	89.4	poly(A) RNA polymerase GLD2 isoform 2 [Homo sapiens]	TRUE	TENT2
XP_046462442.1	NP_001375052.1	0	N/A	26.333	300	40	1.14e-17	89.4	poly(A) RNA polymerase GLD2 isoform 2 [Homo sapiens]	TRUE	TENT2
XP_046462442.1	NP_001375051.1	0	N/A	26.333	300	40	1.14e-17	89.4	poly(A) RNA polymerase GLD2 isoform 2 [Homo sapiens]	TRUE	TENT2
XP_046462442.1	NP_001375050.1	0	N/A	26.333	300	40	1.14e-17	89.4	poly(A) RNA polymerase GLD2 isoform 2 [Homo sapiens]	TRUE	TENT2
XP_046462442.1	NP_001375049.1	0	N/A	26.333	300	40	1.14e-17	89.4	poly(A) RNA polymerase GLD2 isoform 2 [Homo sapiens]	TRUE	TENT2
XP_047272350.1	XP_047272350.1	0	N/A	100	1540	100	0	3195	terminal uridylyltransferase 4 isoform X34 [Homo sapiens]	TRUE	Tut4
XP_047272350.1	XP_016856296.1	0	N/A	98.152	1569	100	0	3179	terminal uridylyltransferase 4 isoform X28 [Homo sapiens]	TRUE	Tut4
XP_047272350.1	XP_047272337.1	0	N/A	97.902	1573	100	0	3173	terminal uridylyltransferase 4 isoform X27 [Homo sapiens]	TRUE	Tut4
XP_047272350.1	XP_047272344.1	0	N/A	99.672	1523	99	0	3142	terminal uridylyltransferase 4 isoform X30 [Homo sapiens]	TRUE	Tut4
XP_047272350.1	XP_016856295.1	0	N/A	98.125	1547	99	0	3132	terminal uridylyltransferase 4 isoform X25 [Homo sapiens]	TRUE	Tut4
XP_047272350.1	XP_047272325.1	0	N/A	97.872	1551	99	0	3127	terminal uridylyltransferase 4 isoform X23 [Homo sapiens]	TRUE	Tut4
XP_047272350.1	XP_047272372.1	0	N/A	97.15	1544	100	0	3083	terminal uridylyltransferase 4 isoform X42 [Homo sapiens]	TRUE	Tut4
XP_047272350.1	XP_047272367.1	0	N/A	95.73	1569	100	0	3080	terminal uridylyltransferase 4 isoform X39 [Homo sapiens]	TRUE	Tut4
XP_047272350.1	XP_047272362.1	0	N/A	95.486	1573	100	0	3076	terminal uridylyltransferase 4 isoform X37 [Homo sapiens]	TRUE	Tut4
XP_047272350.1	XP_047272354.1	0	N/A	95.426	1574	100	0	3075	terminal uridylyltransferase 4 isoform X35 [Homo sapiens]	TRUE	Tut4
XP_047272350.1	XP_016856299.1	0	N/A	95.602	1569	100	0	3072	terminal uridylyltransferase 4 isoform X40 [Homo sapiens]	TRUE	Tut4
XP_047272350.1	XP_047272365.1	0	N/A	95.359	1573	100	0	3067	terminal uridylyltransferase 4 isoform X38 [Homo sapiens]	TRUE	Tut4
XP_047272350.1	XP_047272345.1	0	N/A	96.38	1547	99	0	3056	terminal uridylyltransferase 4 isoform X31 [Homo sapiens]	TRUE	Tut4
XP_047272350.1	XP_011539401.1	0	N/A	96.07	1552	99	0	3051	terminal uridylyltransferase 4 isoform X29 [Homo sapiens]	TRUE	Tut4
XP_047272350.1	XP_047272348.1	0	N/A	95.361	1552	99	0	3028	terminal uridylyltransferase 4 isoform X32 [Homo sapiens]	TRUE	Tut4
XP_047272350.1	XP_016856297.1	0	N/A	95.54	1547	99	0	3024	terminal uridylyltransferase 4 isoform X36 [Homo sapiens]	TRUE	Tut4
XP_047272350.1	XP_005270739.1	0	N/A	95.232	1552	99	0	3018	terminal uridylyltransferase 4 isoform X33 [Homo sapiens]	TRUE	Tut4
XP_047272350.1	XP_047272377.1	0	N/A	93.18	1569	100	0	2974	terminal uridylyltransferase 4 isoform X44 [Homo sapiens]	TRUE	Tut4
XP_047272350.1	XP_047272373.1	0	N/A	92.884	1574	100	0	2967	terminal uridylyltransferase 4 isoform X43 [Homo sapiens]	TRUE	Tut4
XP_047272350.1	XP_047272369.1	0	N/A	93.621	1552	99	0	2956	terminal uridylyltransferase 4 isoform X41 [Homo sapiens]	TRUE	Tut4
XP_047272350.1	XP_047272305.1	0	N/A	100	995	65	0	2111	terminal uridylyltransferase 4 isoform X17 [Homo sapiens]	TRUE	Tut4
XP_047272350.1	XP_047272295.1	0	N/A	99.5	1000	65	0	2105	terminal uridylyltransferase 4 isoform X12 [Homo sapiens]	TRUE	Tut4
XP_047272350.1	XP_047272296.1	0	N/A	99.6	999	65	0	2104	terminal uridylyltransferase 4 isoform X13 [Homo sapiens]	TRUE	Tut4
XP_047272350.1	XP_016856293.1	0	N/A	97.168	1024	65	0	2096	terminal uridylyltransferase 4 isoform X16 [Homo sapiens]	TRUE	Tut4
XP_047272350.1	XP_047272283.1	0	N/A	97.168	1024	65	0	2095	terminal uridylyltransferase 4 isoform X6 [Homo sapiens]	TRUE	Tut4
XP_047272350.1	XP_005270737.1	0	N/A	97.168	1024	65	0	2095	terminal uridylyltransferase 4 isoform X6 [Homo sapiens]	TRUE	Tut4
XP_047272350.1	XP_047272288.1	0	N/A	96.696	1029	65	0	2091	terminal uridylyltransferase 4 isoform X10 [Homo sapiens]	TRUE	Tut4
XP_047272350.1	XP_047272281.1	0	N/A	96.696	1029	65	0	2089	terminal uridylyltransferase 4 isoform X4 [Homo sapiens]	TRUE	Tut4
XP_047272350.1	NP_001009881.1	0	N/A	96.696	1029	65	0	2089	terminal uridylyltransferase 4 isoform a [Homo sapiens]	TRUE	Tut4
XP_047272350.1	XP_047272282.1	0	N/A	96.79	1028	65	0	2088	terminal uridylyltransferase 4 isoform X5 [Homo sapiens]	TRUE	Tut4
XP_047272350.1	NP_056084.1	0	N/A	96.79	1028	65	0	2088	terminal uridylyltransferase 4 isoform b [Homo sapiens]	TRUE	Tut4
XP_047272350.1	XP_047272290.1	0	N/A	100	973	63	0	2062	terminal uridylyltransferase 4 isoform X11 [Homo sapiens]	TRUE	Tut4
XP_047272350.1	XP_047272286.1	0	N/A	99.489	978	63	0	2056	terminal uridylyltransferase 4 isoform X8 [Homo sapiens]	TRUE	Tut4
XP_047272350.1	XP_016856292.1	0	N/A	97.106	1002	63	0	2046	terminal uridylyltransferase 4 isoform X9 [Homo sapiens]	TRUE	Tut4
XP_047272350.1	XP_047272280.1	0	N/A	97.106	1002	63	0	2046	terminal uridylyltransferase 4 isoform X3 [Homo sapiens]	TRUE	Tut4
XP_047272350.1	XP_005270736.1	0	N/A	97.106	1002	63	0	2046	terminal uridylyltransferase 4 isoform X3 [Homo sapiens]	TRUE	Tut4
XP_047272350.1	XP_047272285.1	0	N/A	96.72	1006	63	0	2041	terminal uridylyltransferase 4 isoform X7 [Homo sapiens]	TRUE	Tut4
XP_047272350.1	XP_005270735.1	0	N/A	96.72	1006	63	0	2040	terminal uridylyltransferase 4 isoform X2 [Homo sapiens]	TRUE	Tut4
XP_047272350.1	XP_011539399.1	0	N/A	96.624	1007	63	0	2040	terminal uridylyltransferase 4 isoform X1 [Homo sapiens]	TRUE	Tut4
XP_047272350.1	XP_005270733.1	0	N/A	96.624	1007	63	0	2040	terminal uridylyltransferase 4 isoform X1 [Homo sapiens]	TRUE	Tut4
XP_047272350.1	XP_047272336.1	0	N/A	93.457	1024	65	0	1998	terminal uridylyltransferase 4 isoform X26 [Homo sapiens]	TRUE	Tut4
XP_047272350.1	XP_016856294.1	0	N/A	93.457	1024	65	0	1996	terminal uridylyltransferase 4 isoform X20 [Homo sapiens]	TRUE	Tut4
XP_047272350.1	XP_047272327.1	0	N/A	93.093	1028	65	0	1993	terminal uridylyltransferase 4 isoform X24 [Homo sapiens]	TRUE	Tut4
XP_047272350.1	XP_047272307.1	0	N/A	93.093	1028	65	0	1993	terminal uridylyltransferase 4 isoform X19 [Homo sapiens]	TRUE	Tut4
XP_047272350.1	XP_047272320.1	0	N/A	93.003	1029	65	0	1992	terminal uridylyltransferase 4 isoform X22 [Homo sapiens]	TRUE	Tut4
XP_047272350.1	XP_047272306.1	0	N/A	93.313	1002	63	0	1948	terminal uridylyltransferase 4 isoform X18 [Homo sapiens]	TRUE	Tut4
XP_047272350.1	XP_047272311.1	0	N/A	92.85	1007	63	0	1945	terminal uridylyltransferase 4 isoform X21 [Homo sapiens]	TRUE	Tut4
XP_047272350.1	XP_005270738.1	0	N/A	92.85	1007	63	0	1944	terminal uridylyltransferase 4 isoform X14 [Homo sapiens]	TRUE	Tut4
XP_047272350.1	XP_047272303.1	0	N/A	92.942	1006	63	0	1942	terminal uridylyltransferase 4 isoform X15 [Homo sapiens]	TRUE	Tut4
XP_047272350.1	XP_047272384.1	0	N/A	96.149	883	55	0	1765	terminal uridylyltransferase 4 isoform X46 [Homo sapiens]	TRUE	Tut4
XP_047272350.1	XP_016856307.1	0	N/A	92.662	954	60	0	1765	terminal uridylyltransferase 4 isoform X45 [Homo sapiens]	TRUE	Tut4
XP_047272350.1	XP_047279823.1	0	N/A	57.467	529	29	0	603	terminal uridylyltransferase 7 isoform X2 [Homo sapiens]	TRUE	Tut7
XP_047272350.1	XP_006717346.1	0	N/A	57.467	529	29	0	603	terminal uridylyltransferase 7 isoform X2 [Homo sapiens]	TRUE	Tut7
XP_047272350.1	XP_047279825.1	0	N/A	57.467	529	29	0	602	terminal uridylyltransferase 7 isoform X6 [Homo sapiens]	TRUE	Tut7
XP_047272350.1	XP_047279824.1	0	N/A	57.467	529	29	0	602	terminal uridylyltransferase 7 isoform X6 [Homo sapiens]	TRUE	Tut7
XP_047272350.1	XP_005252264.1	0	N/A	57.467	529	29	0	602	terminal uridylyltransferase 7 isoform X6 [Homo sapiens]	TRUE	Tut7
XP_047272350.1	XP_011517318.1	0	N/A	57.467	529	29	0	601	terminal uridylyltransferase 7 isoform X5 [Homo sapiens]	TRUE	Tut7
XP_047272350.1	XP_011517317.1	0	N/A	57.467	529	29	0	601	terminal uridylyltransferase 7 isoform X3 [Homo sapiens]	TRUE	Tut7
XP_047272350.1	XP_011517316.1	0	N/A	57.467	529	29	0	601	terminal uridylyltransferase 7 isoform X1 [Homo sapiens]	TRUE	Tut7
XP_047272350.1	XP_011517315.1	0	N/A	57.467	529	29	0	601	terminal uridylyltransferase 7 isoform X1 [Homo sapiens]	TRUE	Tut7
XP_047272350.1	XP_011517314.1	0	N/A	57.467	529	29	0	601	terminal uridylyltransferase 7 isoform X1 [Homo sapiens]	TRUE	Tut7
XP_047272350.1	XP_011517313.1	0	N/A	57.467	529	29	0	601	terminal uridylyltransferase 7 isoform X1 [Homo sapiens]	TRUE	Tut7
XP_047272350.1	XP_016870620.1	0	N/A	57.495	527	29	0	600	terminal uridylyltransferase 7 isoform X4 [Homo sapiens]	TRUE	Tut7
XP_047272350.1	XP_016870619.1	0	N/A	57.495	527	29	0	600	terminal uridylyltransferase 7 isoform X4 [Homo sapiens]	TRUE	Tut7
XP_047272350.1	NP_078893.2	0	N/A	57.495	527	29	0	600	terminal uridylyltransferase 7 isoform 1 [Homo sapiens]	TRUE	Tut7
XP_047272350.1	NP_001171988.1	0	N/A	57.495	527	29	0	600	terminal uridylyltransferase 7 isoform 1 [Homo sapiens]	TRUE	Tut7
XP_047272350.1	NP_001317647.1	0	N/A	57.495	527	29	0	598	terminal uridylyltransferase 7 isoform 3 [Homo sapiens]	TRUE	Tut7
XP_047272350.1	XP_005252265.1	0	N/A	64.828	435	26	0	588	terminal uridylyltransferase 7 isoform X7 [Homo sapiens]	TRUE	Tut7
XP_047272350.1	NP_001172003.1	0	N/A	60.804	398	22	5.11e-144	477	terminal uridylyltransferase 7 isoform 2 [Homo sapiens]	TRUE	Tut7
XP_047272350.1	XP_047279826.1	0	N/A	50.897	446	26	5.57e-125	419	terminal uridylyltransferase 7 isoform X8 [Homo sapiens]	TRUE	Tut7
XP_047272350.1	NP_001375065.1	0	N/A	34.672	274	18	1.75e-37	147	poly(A) RNA polymerase GLD2 isoform 14 [Homo sapiens]	TRUE	TENT2
XP_047272350.1	NP_001375061.1	0	N/A	34.926	272	17	3.57e-37	149	poly(A) RNA polymerase GLD2 isoform 12 [Homo sapiens]	TRUE	TENT2
XP_047272350.1	NP_001375059.1	0	N/A	34.926	272	17	5.09e-37	149	poly(A) RNA polymerase GLD2 isoform 10 [Homo sapiens]	TRUE	TENT2
XP_047272350.1	XP_047272811.1	0	N/A	34.926	272	17	5.63e-37	149	poly(A) RNA polymerase GLD2 isoform X4 [Homo sapiens]	TRUE	TENT2
XP_047272350.1	XP_047272810.1	0	N/A	34.926	272	17	5.63e-37	149	poly(A) RNA polymerase GLD2 isoform X4 [Homo sapiens]	TRUE	TENT2
XP_047272350.1	XP_047272809.1	0	N/A	34.926	272	17	5.63e-37	149	poly(A) RNA polymerase GLD2 isoform X4 [Homo sapiens]	TRUE	TENT2
XP_047272350.1	NP_001375058.1	0	N/A	34.926	272	17	5.63e-37	149	poly(A) RNA polymerase GLD2 isoform 2 [Homo sapiens]	TRUE	TENT2
XP_047272350.1	NP_001375057.1	0	N/A	34.926	272	17	5.63e-37	149	poly(A) RNA polymerase GLD2 isoform 2 [Homo sapiens]	TRUE	TENT2
XP_047272350.1	NP_001375056.1	0	N/A	34.926	272	17	5.63e-37	149	poly(A) RNA polymerase GLD2 isoform 2 [Homo sapiens]	TRUE	TENT2
XP_047272350.1	NP_001375055.1	0	N/A	34.926	272	17	5.63e-37	149	poly(A) RNA polymerase GLD2 isoform 2 [Homo sapiens]	TRUE	TENT2
XP_047272350.1	NP_001375054.1	0	N/A	34.926	272	17	5.63e-37	149	poly(A) RNA polymerase GLD2 isoform 2 [Homo sapiens]	TRUE	TENT2
XP_047272350.1	NP_001375053.1	0	N/A	34.926	272	17	5.63e-37	149	poly(A) RNA polymerase GLD2 isoform 2 [Homo sapiens]	TRUE	TENT2
XP_047272350.1	NP_001375052.1	0	N/A	34.926	272	17	5.63e-37	149	poly(A) RNA polymerase GLD2 isoform 2 [Homo sapiens]	TRUE	TENT2
XP_047272350.1	NP_001375051.1	0	N/A	34.926	272	17	5.63e-37	149	poly(A) RNA polymerase GLD2 isoform 2 [Homo sapiens]	TRUE	TENT2
XP_047272350.1	NP_001375050.1	0	N/A	34.926	272	17	5.63e-37	149	poly(A) RNA polymerase GLD2 isoform 2 [Homo sapiens]	TRUE	TENT2
XP_047272350.1	NP_001375049.1	0	N/A	34.926	272	17	5.63e-37	149	poly(A) RNA polymerase GLD2 isoform 2 [Homo sapiens]	TRUE	TENT2
XP_047272350.1	NP_001375048.1	0	N/A	34.926	272	17	5.63e-37	149	poly(A) RNA polymerase GLD2 isoform 2 [Homo sapiens]	TRUE	TENT2
XP_047272350.1	NP_001375047.1	0	N/A	34.926	272	17	5.63e-37	149	poly(A) RNA polymerase GLD2 isoform 2 [Homo sapiens]	TRUE	TENT2
XP_047272350.1	NP_001375046.1	0	N/A	34.926	272	17	5.63e-37	149	poly(A) RNA polymerase GLD2 isoform 2 [Homo sapiens]	TRUE	TENT2
XP_047272350.1	NP_001375045.1	0	N/A	34.926	272	17	5.63e-37	149	poly(A) RNA polymerase GLD2 isoform 2 [Homo sapiens]	TRUE	TENT2
XP_047272350.1	NP_001375044.1	0	N/A	34.926	272	17	5.63e-37	149	poly(A) RNA polymerase GLD2 isoform 2 [Homo sapiens]	TRUE	TENT2
XP_047272350.1	NP_001375043.1	0	N/A	34.926	272	17	5.63e-37	149	poly(A) RNA polymerase GLD2 isoform 2 [Homo sapiens]	TRUE	TENT2
XP_047272350.1	NP_001336483.1	0	N/A	34.926	272	17	5.63e-37	149	poly(A) RNA polymerase GLD2 isoform 2 [Homo sapiens]	TRUE	TENT2
XP_047272350.1	NP_001284673.1	0	N/A	34.926	272	17	5.63e-37	149	poly(A) RNA polymerase GLD2 isoform 2 [Homo sapiens]	TRUE	TENT2
XP_047272350.1	NP_001375060.1	0	N/A	34.058	276	17	1.69e-36	147	poly(A) RNA polymerase GLD2 isoform 11 [Homo sapiens]	TRUE	TENT2
XP_047272350.1	NP_001375030.1	0	N/A	34.799	273	18	2.6e-36	147	poly(A) RNA polymerase GLD2 isoform 9 [Homo sapiens]	TRUE	TENT2
XP_047272350.1	NP_001375042.1	0	N/A	34.058	276	17	2.69e-36	147	poly(A) RNA polymerase GLD2 isoform 16 [Homo sapiens]	TRUE	TENT2
XP_047272350.1	XP_047272808.1	0	N/A	34.058	276	17	2.81e-36	147	poly(A) RNA polymerase GLD2 isoform X3 [Homo sapiens]	TRUE	TENT2
XP_047272350.1	XP_047272807.1	0	N/A	34.058	276	17	2.81e-36	147	poly(A) RNA polymerase GLD2 isoform X3 [Homo sapiens]	TRUE	TENT2
XP_047272350.1	XP_047272806.1	0	N/A	34.058	276	17	2.81e-36	147	poly(A) RNA polymerase GLD2 isoform X3 [Homo sapiens]	TRUE	TENT2
XP_047272620.1	XP_047272622.1	0	N/A	100	542	100	0	1121	terminal nucleotidyltransferase 4A isoform X1 [Homo sapiens]	TRUE	TENT4A
XP_047272620.1	XP_047272621.1	0	N/A	100	542	100	0	1121	terminal nucleotidyltransferase 4A isoform X1 [Homo sapiens]	TRUE	TENT4A
XP_047272620.1	XP_047272620.1	0	N/A	100	542	100	0	1121	terminal nucleotidyltransferase 4A isoform X1 [Homo sapiens]	TRUE	TENT4A
XP_047272620.1	NP_008930.2	0	N/A	100	542	100	0	1120	terminal nucleotidyltransferase 4A isoform 1 [Homo sapiens]	TRUE	TENT4A
XP_047272620.1	NP_001165276.2	0	N/A	99.815	542	100	0	1113	terminal nucleotidyltransferase 4A isoform 2 [Homo sapiens]	TRUE	TENT4A
XP_047272620.1	XP_047272623.1	0	N/A	100	533	98	0	1102	terminal nucleotidyltransferase 4A isoform X2 [Homo sapiens]	TRUE	TENT4A
XP_047272620.1	XP_016864477.1	0	N/A	100	533	98	0	1102	terminal nucleotidyltransferase 4A isoform X2 [Homo sapiens]	TRUE	TENT4A
XP_047272620.1	XP_047272624.1	0	N/A	99.812	533	98	0	1095	terminal nucleotidyltransferase 4A isoform X3 [Homo sapiens]	TRUE	TENT4A
XP_047272620.1	XP_011521580.1	0	N/A	69.822	338	62	2.56e-169	492	terminal nucleotidyltransferase 4B isoform X5 [Homo sapiens]	TRUE	TENT4B
XP_047272620.1	XP_047290433.1	0	N/A	74.121	313	58	1.21e-168	488	terminal nucleotidyltransferase 4B isoform X6 [Homo sapiens]	TRUE	TENT4B
XP_047272620.1	NP_001352252.1	0	N/A	69.822	338	62	2.57e-167	493	terminal nucleotidyltransferase 4B isoform c [Homo sapiens]	TRUE	TENT4B
XP_047272620.1	NP_001035374.2	0	N/A	69.822	338	62	4.57e-167	492	terminal nucleotidyltransferase 4B isoform a [Homo sapiens]	TRUE	TENT4B
XP_047272620.1	XP_011521577.1	0	N/A	69.822	338	62	4.72e-167	492	terminal nucleotidyltransferase 4B isoform X1 [Homo sapiens]	TRUE	TENT4B
XP_047272620.1	NP_001352253.1	0	N/A	69.822	338	62	7.82e-167	492	terminal nucleotidyltransferase 4B isoform d [Homo sapiens]	TRUE	TENT4B
XP_047272620.1	XP_047290432.1	0	N/A	74.121	313	58	1.2e-166	489	terminal nucleotidyltransferase 4B isoform X4 [Homo sapiens]	TRUE	TENT4B
XP_047272620.1	NP_001035375.2	0	N/A	74.121	313	58	2.03e-166	489	terminal nucleotidyltransferase 4B isoform b [Homo sapiens]	TRUE	TENT4B
XP_047272620.1	XP_011521578.1	0	N/A	74.121	313	58	2.1e-166	489	terminal nucleotidyltransferase 4B isoform X2 [Homo sapiens]	TRUE	TENT4B
XP_047272620.1	XP_047290431.1	0	N/A	74.121	313	58	4.23e-166	488	terminal nucleotidyltransferase 4B isoform X3 [Homo sapiens]	TRUE	TENT4B
XP_047272620.1	XP_047272808.1	0	N/A	23.611	288	45	8.25e-12	70.1	poly(A) RNA polymerase GLD2 isoform X3 [Homo sapiens]	TRUE	TENT2
XP_047272620.1	XP_047272807.1	0	N/A	23.611	288	45	8.25e-12	70.1	poly(A) RNA polymerase GLD2 isoform X3 [Homo sapiens]	TRUE	TENT2
XP_047272620.1	XP_047272806.1	0	N/A	23.611	288	45	8.25e-12	70.1	poly(A) RNA polymerase GLD2 isoform X3 [Homo sapiens]	TRUE	TENT2
XP_047272620.1	NP_776158.2	0	N/A	23.611	288	45	8.25e-12	70.1	poly(A) RNA polymerase GLD2 isoform 1 [Homo sapiens]	TRUE	TENT2
XP_047272620.1	NP_001375041.1	0	N/A	23.611	288	45	8.25e-12	70.1	poly(A) RNA polymerase GLD2 isoform 1 [Homo sapiens]	TRUE	TENT2
XP_047272620.1	NP_001375040.1	0	N/A	23.611	288	45	8.25e-12	70.1	poly(A) RNA polymerase GLD2 isoform 1 [Homo sapiens]	TRUE	TENT2
XP_047272620.1	NP_001375039.1	0	N/A	23.611	288	45	8.25e-12	70.1	poly(A) RNA polymerase GLD2 isoform 1 [Homo sapiens]	TRUE	TENT2
XP_047272620.1	NP_001375038.1	0	N/A	23.611	288	45	8.25e-12	70.1	poly(A) RNA polymerase GLD2 isoform 1 [Homo sapiens]	TRUE	TENT2
XP_047272620.1	NP_001375037.1	0	N/A	23.611	288	45	8.25e-12	70.1	poly(A) RNA polymerase GLD2 isoform 1 [Homo sapiens]	TRUE	TENT2
XP_047272620.1	NP_001375036.1	0	N/A	23.611	288	45	8.25e-12	70.1	poly(A) RNA polymerase GLD2 isoform 1 [Homo sapiens]	TRUE	TENT2
XP_047272620.1	NP_001375035.1	0	N/A	23.611	288	45	8.25e-12	70.1	poly(A) RNA polymerase GLD2 isoform 1 [Homo sapiens]	TRUE	TENT2
XP_047272620.1	NP_001375034.1	0	N/A	23.611	288	45	8.25e-12	70.1	poly(A) RNA polymerase GLD2 isoform 1 [Homo sapiens]	TRUE	TENT2
XP_047272620.1	NP_001375032.1	0	N/A	23.611	288	45	8.25e-12	70.1	poly(A) RNA polymerase GLD2 isoform 1 [Homo sapiens]	TRUE	TENT2
XP_047272620.1	NP_001375031.1	0	N/A	23.611	288	45	8.25e-12	70.1	poly(A) RNA polymerase GLD2 isoform 1 [Homo sapiens]	TRUE	TENT2
XP_047272620.1	NP_001336482.1	0	N/A	23.611	288	45	8.25e-12	70.1	poly(A) RNA polymerase GLD2 isoform 1 [Homo sapiens]	TRUE	TENT2
XP_047272620.1	NP_001336481.1	0	N/A	23.611	288	45	8.25e-12	70.1	poly(A) RNA polymerase GLD2 isoform 1 [Homo sapiens]	TRUE	TENT2
XP_047272620.1	NP_001107866.1	0	N/A	23.611	288	45	8.25e-12	70.1	poly(A) RNA polymerase GLD2 isoform 1 [Homo sapiens]	TRUE	TENT2
XP_047272620.1	NP_001107865.1	0	N/A	23.611	288	45	8.25e-12	70.1	poly(A) RNA polymerase GLD2 isoform 1 [Homo sapiens]	TRUE	TENT2
XP_047272620.1	NP_001375042.1	0	N/A	23.611	288	45	8.52e-12	70.1	poly(A) RNA polymerase GLD2 isoform 16 [Homo sapiens]	TRUE	TENT2
XP_047272620.1	XP_047272820.1	0	N/A	25.854	205	32	1.02e-11	67.8	poly(A) RNA polymerase GLD2 isoform X11 [Homo sapiens]	TRUE	TENT2
XP_047272620.1	NP_001336477.1	0	N/A	25.108	231	37	1.11e-11	67.8	poly(A) RNA polymerase GLD2 isoform 4 [Homo sapiens]	TRUE	TENT2
XP_047272620.1	NP_001375060.1	0	N/A	23.611	288	45	1.22e-11	69.3	poly(A) RNA polymerase GLD2 isoform 11 [Homo sapiens]	TRUE	TENT2
XP_047272620.1	XP_047272811.1	0	N/A	24.561	285	45	1.85e-11	68.9	poly(A) RNA polymerase GLD2 isoform X4 [Homo sapiens]	TRUE	TENT2
XP_047272620.1	XP_047272810.1	0	N/A	24.561	285	45	1.85e-11	68.9	poly(A) RNA polymerase GLD2 isoform X4 [Homo sapiens]	TRUE	TENT2
XP_047272620.1	XP_047272809.1	0	N/A	24.561	285	45	1.85e-11	68.9	poly(A) RNA polymerase GLD2 isoform X4 [Homo sapiens]	TRUE	TENT2
XP_047272620.1	NP_001375058.1	0	N/A	24.561	285	45	1.85e-11	68.9	poly(A) RNA polymerase GLD2 isoform 2 [Homo sapiens]	TRUE	TENT2
XP_047272620.1	NP_001375057.1	0	N/A	24.561	285	45	1.85e-11	68.9	poly(A) RNA polymerase GLD2 isoform 2 [Homo sapiens]	TRUE	TENT2
XP_047272620.1	NP_001375056.1	0	N/A	24.561	285	45	1.85e-11	68.9	poly(A) RNA polymerase GLD2 isoform 2 [Homo sapiens]	TRUE	TENT2
XP_047272620.1	NP_001375055.1	0	N/A	24.561	285	45	1.85e-11	68.9	poly(A) RNA polymerase GLD2 isoform 2 [Homo sapiens]	TRUE	TENT2
XP_047272620.1	NP_001375054.1	0	N/A	24.561	285	45	1.85e-11	68.9	poly(A) RNA polymerase GLD2 isoform 2 [Homo sapiens]	TRUE	TENT2
XP_047272620.1	NP_001375053.1	0	N/A	24.561	285	45	1.85e-11	68.9	poly(A) RNA polymerase GLD2 isoform 2 [Homo sapiens]	TRUE	TENT2
XP_047272620.1	NP_001375052.1	0	N/A	24.561	285	45	1.85e-11	68.9	poly(A) RNA polymerase GLD2 isoform 2 [Homo sapiens]	TRUE	TENT2
XP_047272620.1	NP_001375051.1	0	N/A	24.561	285	45	1.85e-11	68.9	poly(A) RNA polymerase GLD2 isoform 2 [Homo sapiens]	TRUE	TENT2
XP_047272620.1	NP_001375050.1	0	N/A	24.561	285	45	1.85e-11	68.9	poly(A) RNA polymerase GLD2 isoform 2 [Homo sapiens]	TRUE	TENT2
XP_047272620.1	NP_001375049.1	0	N/A	24.561	285	45	1.85e-11	68.9	poly(A) RNA polymerase GLD2 isoform 2 [Homo sapiens]	TRUE	TENT2
XP_047272620.1	NP_001375048.1	0	N/A	24.561	285	45	1.85e-11	68.9	poly(A) RNA polymerase GLD2 isoform 2 [Homo sapiens]	TRUE	TENT2
XP_047272620.1	NP_001375047.1	0	N/A	24.561	285	45	1.85e-11	68.9	poly(A) RNA polymerase GLD2 isoform 2 [Homo sapiens]	TRUE	TENT2
XP_047272620.1	NP_001375046.1	0	N/A	24.561	285	45	1.85e-11	68.9	poly(A) RNA polymerase GLD2 isoform 2 [Homo sapiens]	TRUE	TENT2
XP_047272620.1	NP_001375045.1	0	N/A	24.561	285	45	1.85e-11	68.9	poly(A) RNA polymerase GLD2 isoform 2 [Homo sapiens]	TRUE	TENT2
XP_047272620.1	NP_001375044.1	0	N/A	24.561	285	45	1.85e-11	68.9	poly(A) RNA polymerase GLD2 isoform 2 [Homo sapiens]	TRUE	TENT2
XP_047272620.1	NP_001375043.1	0	N/A	24.561	285	45	1.85e-11	68.9	poly(A) RNA polymerase GLD2 isoform 2 [Homo sapiens]	TRUE	TENT2
XP_047272620.1	NP_001336483.1	0	N/A	24.561	285	45	1.85e-11	68.9	poly(A) RNA polymerase GLD2 isoform 2 [Homo sapiens]	TRUE	TENT2
XP_047272620.1	NP_001284673.1	0	N/A	24.561	285	45	1.85e-11	68.9	poly(A) RNA polymerase GLD2 isoform 2 [Homo sapiens]	TRUE	TENT2
XP_047272620.1	NP_001375059.1	0	N/A	24.561	285	45	1.91e-11	68.9	poly(A) RNA polymerase GLD2 isoform 10 [Homo sapiens]	TRUE	TENT2
XP_047272620.1	NP_001375061.1	0	N/A	24.561	285	45	2.6e-11	68.6	poly(A) RNA polymerase GLD2 isoform 12 [Homo sapiens]	TRUE	TENT2
XP_047272620.1	XP_047272805.1	0	N/A	25.854	205	32	3.24e-11	68.2	poly(A) RNA polymerase GLD2 isoform X2 [Homo sapiens]	TRUE	TENT2
XP_047272620.1	XP_047272804.1	0	N/A	25.854	205	32	3.24e-11	68.2	poly(A) RNA polymerase GLD2 isoform X2 [Homo sapiens]	TRUE	TENT2
XP_047272620.1	XP_047272803.1	0	N/A	25.854	205	32	3.24e-11	68.2	poly(A) RNA polymerase GLD2 isoform X2 [Homo sapiens]	TRUE	TENT2
XP_047272620.1	XP_047272802.1	0	N/A	25.854	205	32	3.24e-11	68.2	poly(A) RNA polymerase GLD2 isoform X2 [Homo sapiens]	TRUE	TENT2
XP_047272620.1	XP_016864641.1	0	N/A	25.854	205	32	3.24e-11	68.2	poly(A) RNA polymerase GLD2 isoform X2 [Homo sapiens]	TRUE	TENT2
XP_047272620.1	NP_001375026.1	0	N/A	25.854	205	32	3.24e-11	68.2	poly(A) RNA polymerase GLD2 isoform 6 [Homo sapiens]	TRUE	TENT2
XP_047272620.1	NP_001375025.1	0	N/A	25.854	205	32	3.24e-11	68.2	poly(A) RNA polymerase GLD2 isoform 6 [Homo sapiens]	TRUE	TENT2
XP_047272620.1	NP_001375024.1	0	N/A	25.854	205	32	3.24e-11	68.2	poly(A) RNA polymerase GLD2 isoform 6 [Homo sapiens]	TRUE	TENT2
XP_047272620.1	NP_001336480.1	0	N/A	25.854	205	32	3.24e-11	68.2	poly(A) RNA polymerase GLD2 isoform 6 [Homo sapiens]	TRUE	TENT2
XP_047272620.1	NP_001375027.1	0	N/A	25.854	205	32	3.32e-11	68.2	poly(A) RNA polymerase GLD2 isoform 7 [Homo sapiens]	TRUE	TENT2
XP_047272620.1	XP_047272801.1	0	N/A	25.854	205	32	3.44e-11	68.2	poly(A) RNA polymerase GLD2 isoform X1 [Homo sapiens]	TRUE	TENT2
XP_047272620.1	XP_047272800.1	0	N/A	25.854	205	32	3.44e-11	68.2	poly(A) RNA polymerase GLD2 isoform X1 [Homo sapiens]	TRUE	TENT2
XP_047272620.1	XP_011541527.1	0	N/A	25.854	205	32	3.44e-11	68.2	poly(A) RNA polymerase GLD2 isoform X1 [Homo sapiens]	TRUE	TENT2
XP_047272620.1	XP_011541526.1	0	N/A	25.854	205	32	3.44e-11	68.2	poly(A) RNA polymerase GLD2 isoform X1 [Homo sapiens]	TRUE	TENT2
XP_047272620.1	XP_011541523.1	0	N/A	25.854	205	32	3.44e-11	68.2	poly(A) RNA polymerase GLD2 isoform X1 [Homo sapiens]	TRUE	TENT2
XP_047272620.1	XP_011541522.1	0	N/A	25.854	205	32	3.44e-11	68.2	poly(A) RNA polymerase GLD2 isoform X1 [Homo sapiens]	TRUE	TENT2
XP_047272620.1	NP_001375023.1	0	N/A	25.854	205	32	3.44e-11	68.2	poly(A) RNA polymerase GLD2 isoform 5 [Homo sapiens]	TRUE	TENT2
XP_047272620.1	NP_001375022.1	0	N/A	25.854	205	32	3.44e-11	68.2	poly(A) RNA polymerase GLD2 isoform 5 [Homo sapiens]	TRUE	TENT2
XP_047272620.1	NP_001336479.1	0	N/A	25.854	205	32	3.44e-11	68.2	poly(A) RNA polymerase GLD2 isoform 5 [Homo sapiens]	TRUE	TENT2
XP_047272620.1	NP_001336478.1	0	N/A	25.854	205	32	3.44e-11	68.2	poly(A) RNA polymerase GLD2 isoform 5 [Homo sapiens]	TRUE	TENT2
XP_047272620.1	NP_001375030.1	0	N/A	25.854	205	32	3.51e-11	68.2	poly(A) RNA polymerase GLD2 isoform 9 [Homo sapiens]	TRUE	TENT2
XP_047272620.1	NP_001375029.1	0	N/A	25.854	205	32	4.53e-11	67.8	poly(A) RNA polymerase GLD2 isoform 8 [Homo sapiens]	TRUE	TENT2
XP_047272620.1	NP_001375028.1	0	N/A	25.854	205	32	4.53e-11	67.8	poly(A) RNA polymerase GLD2 isoform 8 [Homo sapiens]	TRUE	TENT2
XP_047272620.1	NP_001375065.1	0	N/A	24.82	278	44	4.96e-11	67	poly(A) RNA polymerase GLD2 isoform 14 [Homo sapiens]	TRUE	TENT2
XP_047272620.1	XP_047272818.1	0	N/A	25.749	167	29	3.24e-08	58.2	poly(A) RNA polymerase GLD2 isoform X10 [Homo sapiens]	TRUE	TENT2
XP_047272620.1	XP_047279823.1	0	N/A	25.434	173	30	1.1e-07	57.8	terminal uridylyltransferase 7 isoform X2 [Homo sapiens]	TRUE	Tut7
XP_047272620.1	XP_006717346.1	0	N/A	25.434	173	30	1.1e-07	57.8	terminal uridylyltransferase 7 isoform X2 [Homo sapiens]	TRUE	Tut7
XP_047272620.1	XP_047279825.1	0	N/A	25.434	173	30	1.14e-07	57.8	terminal uridylyltransferase 7 isoform X6 [Homo sapiens]	TRUE	Tut7
XP_047272620.1	XP_047279824.1	0	N/A	25.434	173	30	1.14e-07	57.8	terminal uridylyltransferase 7 isoform X6 [Homo sapiens]	TRUE	Tut7
XP_047272620.1	XP_005252264.1	0	N/A	25.434	173	30	1.14e-07	57.8	terminal uridylyltransferase 7 isoform X6 [Homo sapiens]	TRUE	Tut7
XP_047272620.1	XP_011517317.1	0	N/A	25.434	173	30	1.16e-07	57.8	terminal uridylyltransferase 7 isoform X3 [Homo sapiens]	TRUE	Tut7
XP_047272620.1	XP_011517316.1	0	N/A	25.434	173	30	1.19e-07	57.4	terminal uridylyltransferase 7 isoform X1 [Homo sapiens]	TRUE	Tut7
XP_047272620.1	XP_011517315.1	0	N/A	25.434	173	30	1.19e-07	57.4	terminal uridylyltransferase 7 isoform X1 [Homo sapiens]	TRUE	Tut7
XP_047272620.1	XP_011517314.1	0	N/A	25.434	173	30	1.19e-07	57.4	terminal uridylyltransferase 7 isoform X1 [Homo sapiens]	TRUE	Tut7
XP_047272620.1	XP_011517313.1	0	N/A	25.434	173	30	1.19e-07	57.4	terminal uridylyltransferase 7 isoform X1 [Homo sapiens]	TRUE	Tut7
XP_047272620.1	XP_011517318.1	0	N/A	25.434	173	30	1.19e-07	57.4	terminal uridylyltransferase 7 isoform X5 [Homo sapiens]	TRUE	Tut7
XP_047272620.1	XP_005252265.1	0	N/A	25.434	173	30	1.2e-07	57.4	terminal uridylyltransferase 7 isoform X7 [Homo sapiens]	TRUE	Tut7
XP_047290433.1	XP_047290433.1	0	N/A	100	480	100	0	1000	terminal nucleotidyltransferase 4B isoform X6 [Homo sapiens]	TRUE	TENT4B
XP_047290433.1	NP_001035375.2	0	N/A	100	453	94	0	949	terminal nucleotidyltransferase 4B isoform b [Homo sapiens]	TRUE	TENT4B
XP_047290433.1	XP_011521578.1	0	N/A	100	453	94	0	949	terminal nucleotidyltransferase 4B isoform X2 [Homo sapiens]	TRUE	TENT4B
XP_047290433.1	XP_047290432.1	0	N/A	100	453	94	0	948	terminal nucleotidyltransferase 4B isoform X4 [Homo sapiens]	TRUE	TENT4B
XP_047290433.1	XP_047290431.1	0	N/A	100	453	94	0	947	terminal nucleotidyltransferase 4B isoform X3 [Homo sapiens]	TRUE	TENT4B
XP_047290433.1	NP_001352252.1	0	N/A	86.8	500	94	0	845	terminal nucleotidyltransferase 4B isoform c [Homo sapiens]	TRUE	TENT4B
XP_047290433.1	NP_001352253.1	0	N/A	86.8	500	94	0	843	terminal nucleotidyltransferase 4B isoform d [Homo sapiens]	TRUE	TENT4B
XP_047290433.1	XP_011521580.1	0	N/A	100	352	73	0	714	terminal nucleotidyltransferase 4B isoform X5 [Homo sapiens]	TRUE	TENT4B
XP_047290433.1	XP_011521577.1	0	N/A	100	325	68	0	685	terminal nucleotidyltransferase 4B isoform X1 [Homo sapiens]	TRUE	TENT4B
XP_047290433.1	NP_001035374.2	0	N/A	100	325	68	0	685	terminal nucleotidyltransferase 4B isoform a [Homo sapiens]	TRUE	TENT4B
XP_047290433.1	NP_008930.2	0	N/A	63.415	410	77	1.56e-175	514	terminal nucleotidyltransferase 4A isoform 1 [Homo sapiens]	TRUE	TENT4A
XP_047290433.1	NP_001165276.2	0	N/A	63.415	410	77	1.92e-175	514	terminal nucleotidyltransferase 4A isoform 2 [Homo sapiens]	TRUE	TENT4A
XP_047290433.1	XP_047272622.1	0	N/A	65	380	71	3.86e-171	494	terminal nucleotidyltransferase 4A isoform X1 [Homo sapiens]	TRUE	TENT4A
XP_047290433.1	XP_047272621.1	0	N/A	65	380	71	3.86e-171	494	terminal nucleotidyltransferase 4A isoform X1 [Homo sapiens]	TRUE	TENT4A
XP_047290433.1	XP_047272620.1	0	N/A	65	380	71	3.86e-171	494	terminal nucleotidyltransferase 4A isoform X1 [Homo sapiens]	TRUE	TENT4A
XP_047290433.1	XP_047272624.1	0	N/A	64.96	371	69	7.77e-167	483	terminal nucleotidyltransferase 4A isoform X3 [Homo sapiens]	TRUE	TENT4A
XP_047290433.1	XP_047272623.1	0	N/A	64.96	371	69	8.21e-167	483	terminal nucleotidyltransferase 4A isoform X2 [Homo sapiens]	TRUE	TENT4A
XP_047290433.1	XP_016864477.1	0	N/A	64.96	371	69	8.21e-167	483	terminal nucleotidyltransferase 4A isoform X2 [Homo sapiens]	TRUE	TENT4A
XP_047290433.1	NP_001317647.1	0	N/A	28.409	176	35	3.54e-10	65.1	terminal uridylyltransferase 7 isoform 3 [Homo sapiens]	TRUE	Tut7
XP_047290433.1	XP_047279823.1	0	N/A	28.409	176	35	3.67e-10	65.5	terminal uridylyltransferase 7 isoform X2 [Homo sapiens]	TRUE	Tut7
XP_047290433.1	XP_006717346.1	0	N/A	28.409	176	35	3.67e-10	65.5	terminal uridylyltransferase 7 isoform X2 [Homo sapiens]	TRUE	Tut7
XP_047290433.1	XP_011517318.1	0	N/A	28.409	176	35	4.01e-10	65.1	terminal uridylyltransferase 7 isoform X5 [Homo sapiens]	TRUE	Tut7
XP_047290433.1	XP_047279825.1	0	N/A	28.409	176	35	4.07e-10	65.1	terminal uridylyltransferase 7 isoform X6 [Homo sapiens]	TRUE	Tut7
XP_047290433.1	XP_047279824.1	0	N/A	28.409	176	35	4.07e-10	65.1	terminal uridylyltransferase 7 isoform X6 [Homo sapiens]	TRUE	Tut7
XP_047290433.1	XP_005252264.1	0	N/A	28.409	176	35	4.07e-10	65.1	terminal uridylyltransferase 7 isoform X6 [Homo sapiens]	TRUE	Tut7
XP_047290433.1	XP_016870620.1	0	N/A	28.409	176	35	4.12e-10	65.1	terminal uridylyltransferase 7 isoform X4 [Homo sapiens]	TRUE	Tut7
XP_047290433.1	XP_016870619.1	0	N/A	28.409	176	35	4.12e-10	65.1	terminal uridylyltransferase 7 isoform X4 [Homo sapiens]	TRUE	Tut7
XP_047290433.1	NP_078893.2	0	N/A	28.409	176	35	4.12e-10	65.1	terminal uridylyltransferase 7 isoform 1 [Homo sapiens]	TRUE	Tut7
XP_047290433.1	NP_001171988.1	0	N/A	28.409	176	35	4.12e-10	65.1	terminal uridylyltransferase 7 isoform 1 [Homo sapiens]	TRUE	Tut7
XP_047290433.1	XP_011517317.1	0	N/A	28.409	176	35	4.36e-10	65.1	terminal uridylyltransferase 7 isoform X3 [Homo sapiens]	TRUE	Tut7
XP_047290433.1	XP_011517316.1	0	N/A	28.409	176	35	4.52e-10	65.1	terminal uridylyltransferase 7 isoform X1 [Homo sapiens]	TRUE	Tut7
XP_047290433.1	XP_011517315.1	0	N/A	28.409	176	35	4.52e-10	65.1	terminal uridylyltransferase 7 isoform X1 [Homo sapiens]	TRUE	Tut7
XP_047290433.1	XP_011517314.1	0	N/A	28.409	176	35	4.52e-10	65.1	terminal uridylyltransferase 7 isoform X1 [Homo sapiens]	TRUE	Tut7
XP_047290433.1	XP_011517313.1	0	N/A	28.409	176	35	4.52e-10	65.1	terminal uridylyltransferase 7 isoform X1 [Homo sapiens]	TRUE	Tut7
XP_047290433.1	XP_005252265.1	0	N/A	28.409	176	35	4.57e-10	65.1	terminal uridylyltransferase 7 isoform X7 [Homo sapiens]	TRUE	Tut7
XP_047290433.1	XP_047272811.1	0	N/A	22.876	306	55	7.82e-10	63.5	poly(A) RNA polymerase GLD2 isoform X4 [Homo sapiens]	TRUE	TENT2
XP_047290433.1	XP_047272810.1	0	N/A	22.876	306	55	7.82e-10	63.5	poly(A) RNA polymerase GLD2 isoform X4 [Homo sapiens]	TRUE	TENT2
XP_047290433.1	XP_047272809.1	0	N/A	22.876	306	55	7.82e-10	63.5	poly(A) RNA polymerase GLD2 isoform X4 [Homo sapiens]	TRUE	TENT2
XP_047290433.1	NP_001375058.1	0	N/A	22.876	306	55	7.82e-10	63.5	poly(A) RNA polymerase GLD2 isoform 2 [Homo sapiens]	TRUE	TENT2
XP_047290433.1	NP_001375057.1	0	N/A	22.876	306	55	7.82e-10	63.5	poly(A) RNA polymerase GLD2 isoform 2 [Homo sapiens]	TRUE	TENT2
XP_047290433.1	NP_001375056.1	0	N/A	22.876	306	55	7.82e-10	63.5	poly(A) RNA polymerase GLD2 isoform 2 [Homo sapiens]	TRUE	TENT2
XP_047290433.1	NP_001375055.1	0	N/A	22.876	306	55	7.82e-10	63.5	poly(A) RNA polymerase GLD2 isoform 2 [Homo sapiens]	TRUE	TENT2
XP_047290433.1	NP_001375054.1	0	N/A	22.876	306	55	7.82e-10	63.5	poly(A) RNA polymerase GLD2 isoform 2 [Homo sapiens]	TRUE	TENT2
XP_047290433.1	NP_001375053.1	0	N/A	22.876	306	55	7.82e-10	63.5	poly(A) RNA polymerase GLD2 isoform 2 [Homo sapiens]	TRUE	TENT2
XP_047290433.1	NP_001375052.1	0	N/A	22.876	306	55	7.82e-10	63.5	poly(A) RNA polymerase GLD2 isoform 2 [Homo sapiens]	TRUE	TENT2
XP_047290433.1	NP_001375051.1	0	N/A	22.876	306	55	7.82e-10	63.5	poly(A) RNA polymerase GLD2 isoform 2 [Homo sapiens]	TRUE	TENT2
XP_047290433.1	NP_001375050.1	0	N/A	22.876	306	55	7.82e-10	63.5	poly(A) RNA polymerase GLD2 isoform 2 [Homo sapiens]	TRUE	TENT2
XP_047290433.1	NP_001375049.1	0	N/A	22.876	306	55	7.82e-10	63.5	poly(A) RNA polymerase GLD2 isoform 2 [Homo sapiens]	TRUE	TENT2
XP_047290433.1	NP_001375048.1	0	N/A	22.876	306	55	7.82e-10	63.5	poly(A) RNA polymerase GLD2 isoform 2 [Homo sapiens]	TRUE	TENT2
XP_047290433.1	NP_001375047.1	0	N/A	22.876	306	55	7.82e-10	63.5	poly(A) RNA polymerase GLD2 isoform 2 [Homo sapiens]	TRUE	TENT2
XP_047290433.1	NP_001375046.1	0	N/A	22.876	306	55	7.82e-10	63.5	poly(A) RNA polymerase GLD2 isoform 2 [Homo sapiens]	TRUE	TENT2
XP_047290433.1	NP_001375045.1	0	N/A	22.876	306	55	7.82e-10	63.5	poly(A) RNA polymerase GLD2 isoform 2 [Homo sapiens]	TRUE	TENT2
XP_047290433.1	NP_001375044.1	0	N/A	22.876	306	55	7.82e-10	63.5	poly(A) RNA polymerase GLD2 isoform 2 [Homo sapiens]	TRUE	TENT2
XP_047290433.1	NP_001375043.1	0	N/A	22.876	306	55	7.82e-10	63.5	poly(A) RNA polymerase GLD2 isoform 2 [Homo sapiens]	TRUE	TENT2
XP_047290433.1	NP_001336483.1	0	N/A	22.876	306	55	7.82e-10	63.5	poly(A) RNA polymerase GLD2 isoform 2 [Homo sapiens]	TRUE	TENT2
XP_047290433.1	NP_001284673.1	0	N/A	22.876	306	55	7.82e-10	63.5	poly(A) RNA polymerase GLD2 isoform 2 [Homo sapiens]	TRUE	TENT2
XP_047290433.1	NP_001375059.1	0	N/A	22.876	306	55	9.99e-10	63.2	poly(A) RNA polymerase GLD2 isoform 10 [Homo sapiens]	TRUE	TENT2
XP_047290433.1	NP_001375061.1	0	N/A	22.876	306	55	1.3e-09	62.8	poly(A) RNA polymerase GLD2 isoform 12 [Homo sapiens]	TRUE	TENT2
XP_047290433.1	NP_001375065.1	0	N/A	22.876	306	55	2.29e-09	61.6	poly(A) RNA polymerase GLD2 isoform 14 [Homo sapiens]	TRUE	TENT2
XP_047290433.1	NP_001375042.1	0	N/A	21.429	308	55	3.54e-09	61.6	poly(A) RNA polymerase GLD2 isoform 16 [Homo sapiens]	TRUE	TENT2
XP_047290433.1	XP_047272808.1	0	N/A	21.429	308	55	3.58e-09	61.6	poly(A) RNA polymerase GLD2 isoform X3 [Homo sapiens]	TRUE	TENT2
XP_047290433.1	XP_047272807.1	0	N/A	21.429	308	55	3.58e-09	61.6	poly(A) RNA polymerase GLD2 isoform X3 [Homo sapiens]	TRUE	TENT2
XP_047290433.1	XP_047272806.1	0	N/A	21.429	308	55	3.58e-09	61.6	poly(A) RNA polymerase GLD2 isoform X3 [Homo sapiens]	TRUE	TENT2
XP_047290433.1	NP_776158.2	0	N/A	21.429	308	55	3.58e-09	61.6	poly(A) RNA polymerase GLD2 isoform 1 [Homo sapiens]	TRUE	TENT2
XP_047290433.1	NP_001375041.1	0	N/A	21.429	308	55	3.58e-09	61.6	poly(A) RNA polymerase GLD2 isoform 1 [Homo sapiens]	TRUE	TENT2
XP_047290433.1	NP_001375040.1	0	N/A	21.429	308	55	3.58e-09	61.6	poly(A) RNA polymerase GLD2 isoform 1 [Homo sapiens]	TRUE	TENT2
XP_047290433.1	NP_001375039.1	0	N/A	21.429	308	55	3.58e-09	61.6	poly(A) RNA polymerase GLD2 isoform 1 [Homo sapiens]	TRUE	TENT2
XP_047290433.1	NP_001375038.1	0	N/A	21.429	308	55	3.58e-09	61.6	poly(A) RNA polymerase GLD2 isoform 1 [Homo sapiens]	TRUE	TENT2
XP_047290433.1	NP_001375037.1	0	N/A	21.429	308	55	3.58e-09	61.6	poly(A) RNA polymerase GLD2 isoform 1 [Homo sapiens]	TRUE	TENT2
XP_047290433.1	NP_001375036.1	0	N/A	21.429	308	55	3.58e-09	61.6	poly(A) RNA polymerase GLD2 isoform 1 [Homo sapiens]	TRUE	TENT2
XP_047290433.1	NP_001375035.1	0	N/A	21.429	308	55	3.58e-09	61.6	poly(A) RNA polymerase GLD2 isoform 1 [Homo sapiens]	TRUE	TENT2
XP_047290433.1	NP_001375034.1	0	N/A	21.429	308	55	3.58e-09	61.6	poly(A) RNA polymerase GLD2 isoform 1 [Homo sapiens]	TRUE	TENT2
XP_047290433.1	NP_001375032.1	0	N/A	21.429	308	55	3.58e-09	61.6	poly(A) RNA polymerase GLD2 isoform 1 [Homo sapiens]	TRUE	TENT2
XP_047290433.1	NP_001375031.1	0	N/A	21.429	308	55	3.58e-09	61.6	poly(A) RNA polymerase GLD2 isoform 1 [Homo sapiens]	TRUE	TENT2
XP_047290433.1	NP_001336482.1	0	N/A	21.429	308	55	3.58e-09	61.6	poly(A) RNA polymerase GLD2 isoform 1 [Homo sapiens]	TRUE	TENT2
XP_047290433.1	NP_001336481.1	0	N/A	21.429	308	55	3.58e-09	61.6	poly(A) RNA polymerase GLD2 isoform 1 [Homo sapiens]	TRUE	TENT2
XP_047290433.1	NP_001107866.1	0	N/A	21.429	308	55	3.58e-09	61.6	poly(A) RNA polymerase GLD2 isoform 1 [Homo sapiens]	TRUE	TENT2
XP_047290433.1	NP_001107865.1	0	N/A	21.429	308	55	3.58e-09	61.6	poly(A) RNA polymerase GLD2 isoform 1 [Homo sapiens]	TRUE	TENT2
XP_047290433.1	NP_001375060.1	0	N/A	21.429	308	55	5.05e-09	60.8	poly(A) RNA polymerase GLD2 isoform 11 [Homo sapiens]	TRUE	TENT2
XP_047290433.1	NP_001336477.1	0	N/A	23.902	205	36	2.58e-08	57.4	poly(A) RNA polymerase GLD2 isoform 4 [Homo sapiens]	TRUE	TENT2
XP_047290433.1	XP_047272820.1	0	N/A	23.902	205	36	3.45e-08	57	poly(A) RNA polymerase GLD2 isoform X11 [Homo sapiens]	TRUE	TENT2
XP_047290433.1	XP_047272805.1	0	N/A	23.902	205	36	7.12e-08	57.4	poly(A) RNA polymerase GLD2 isoform X2 [Homo sapiens]	TRUE	TENT2
XP_047290433.1	XP_047272804.1	0	N/A	23.902	205	36	7.12e-08	57.4	poly(A) RNA polymerase GLD2 isoform X2 [Homo sapiens]	TRUE	TENT2
XP_047290433.1	XP_047272803.1	0	N/A	23.902	205	36	7.12e-08	57.4	poly(A) RNA polymerase GLD2 isoform X2 [Homo sapiens]	TRUE	TENT2
XP_047290433.1	XP_047272802.1	0	N/A	23.902	205	36	7.12e-08	57.4	poly(A) RNA polymerase GLD2 isoform X2 [Homo sapiens]	TRUE	TENT2
XP_047290433.1	XP_016864641.1	0	N/A	23.902	205	36	7.12e-08	57.4	poly(A) RNA polymerase GLD2 isoform X2 [Homo sapiens]	TRUE	TENT2
XP_047290433.1	NP_001375026.1	0	N/A	23.902	205	36	7.12e-08	57.4	poly(A) RNA polymerase GLD2 isoform 6 [Homo sapiens]	TRUE	TENT2
XP_047290433.1	NP_001375025.1	0	N/A	23.902	205	36	7.12e-08	57.4	poly(A) RNA polymerase GLD2 isoform 6 [Homo sapiens]	TRUE	TENT2
XP_047290433.1	NP_001375024.1	0	N/A	23.902	205	36	7.12e-08	57.4	poly(A) RNA polymerase GLD2 isoform 6 [Homo sapiens]	TRUE	TENT2
XP_047290433.1	NP_001336480.1	0	N/A	23.902	205	36	7.12e-08	57.4	poly(A) RNA polymerase GLD2 isoform 6 [Homo sapiens]	TRUE	TENT2
XP_047290433.1	NP_001375027.1	0	N/A	23.902	205	36	7.24e-08	57.4	poly(A) RNA polymerase GLD2 isoform 7 [Homo sapiens]	TRUE	TENT2
XP_047290433.1	XP_047272801.1	0	N/A	24.39	205	36	8.03e-08	57.4	poly(A) RNA polymerase GLD2 isoform X1 [Homo sapiens]	TRUE	TENT2
XP_047290433.1	XP_047272800.1	0	N/A	24.39	205	36	8.03e-08	57.4	poly(A) RNA polymerase GLD2 isoform X1 [Homo sapiens]	TRUE	TENT2
XP_047290433.1	XP_011541527.1	0	N/A	24.39	205	36	8.03e-08	57.4	poly(A) RNA polymerase GLD2 isoform X1 [Homo sapiens]	TRUE	TENT2
XP_047290433.1	XP_011541526.1	0	N/A	24.39	205	36	8.03e-08	57.4	poly(A) RNA polymerase GLD2 isoform X1 [Homo sapiens]	TRUE	TENT2
XP_047290433.1	XP_011541523.1	0	N/A	24.39	205	36	8.03e-08	57.4	poly(A) RNA polymerase GLD2 isoform X1 [Homo sapiens]	TRUE	TENT2
XP_047290433.1	XP_011541522.1	0	N/A	24.39	205	36	8.03e-08	57.4	poly(A) RNA polymerase GLD2 isoform X1 [Homo sapiens]	TRUE	TENT2
XP_047290433.1	NP_001375023.1	0	N/A	24.39	205	36	8.03e-08	57.4	poly(A) RNA polymerase GLD2 isoform 5 [Homo sapiens]	TRUE	TENT2
XP_047290433.1	NP_001375022.1	0	N/A	24.39	205	36	8.03e-08	57.4	poly(A) RNA polymerase GLD2 isoform 5 [Homo sapiens]	TRUE	TENT2
XP_047290433.1	NP_001336479.1	0	N/A	24.39	205	36	8.03e-08	57.4	poly(A) RNA polymerase GLD2 isoform 5 [Homo sapiens]	TRUE	TENT2
XP_052822962.1	NP_001035375.2	0	N/A	63.708	383	56	4.12e-163	485	terminal nucleotidyltransferase 4B isoform b [Homo sapiens]	TRUE	TENT4B
XP_052822962.1	XP_011521578.1	0	N/A	63.708	383	56	4.25e-163	485	terminal nucleotidyltransferase 4B isoform X2 [Homo sapiens]	TRUE	TENT4B
XP_052822962.1	XP_047290432.1	0	N/A	63.874	382	56	5.43e-163	484	terminal nucleotidyltransferase 4B isoform X4 [Homo sapiens]	TRUE	TENT4B
XP_052822962.1	NP_008930.2	0	N/A	63.158	380	55	7.65e-163	489	terminal nucleotidyltransferase 4A isoform 1 [Homo sapiens]	TRUE	TENT4A
XP_052822962.1	NP_001165276.2	0	N/A	63.158	380	55	7.75e-163	489	terminal nucleotidyltransferase 4A isoform 2 [Homo sapiens]	TRUE	TENT4A
XP_052822962.1	XP_047290431.1	0	N/A	63.708	383	56	1.14e-162	484	terminal nucleotidyltransferase 4B isoform X3 [Homo sapiens]	TRUE	TENT4B
XP_052822962.1	NP_001035374.2	0	N/A	64.456	377	55	1.59e-162	485	terminal nucleotidyltransferase 4B isoform a [Homo sapiens]	TRUE	TENT4B
XP_052822962.1	XP_011521577.1	0	N/A	64.456	377	55	1.64e-162	485	terminal nucleotidyltransferase 4B isoform X1 [Homo sapiens]	TRUE	TENT4B
XP_052822962.1	NP_001352252.1	0	N/A	64.456	377	55	1.68e-162	484	terminal nucleotidyltransferase 4B isoform c [Homo sapiens]	TRUE	TENT4B
XP_052822962.1	NP_001352253.1	0	N/A	64.456	377	55	4.76e-162	484	terminal nucleotidyltransferase 4B isoform d [Homo sapiens]	TRUE	TENT4B
XP_052822962.1	XP_047290433.1	0	N/A	68.405	326	49	3.75e-156	461	terminal nucleotidyltransferase 4B isoform X6 [Homo sapiens]	TRUE	TENT4B
XP_052822962.1	XP_011521580.1	0	N/A	69.159	321	48	1.31e-155	461	terminal nucleotidyltransferase 4B isoform X5 [Homo sapiens]	TRUE	TENT4B
XP_052822962.1	XP_047272622.1	0	N/A	68.387	310	47	4e-151	450	terminal nucleotidyltransferase 4A isoform X1 [Homo sapiens]	TRUE	TENT4A
XP_052822962.1	XP_047272621.1	0	N/A	68.387	310	47	4e-151	450	terminal nucleotidyltransferase 4A isoform X1 [Homo sapiens]	TRUE	TENT4A
XP_052822962.1	XP_047272620.1	0	N/A	68.387	310	47	4e-151	450	terminal nucleotidyltransferase 4A isoform X1 [Homo sapiens]	TRUE	TENT4A
XP_052822962.1	XP_047272624.1	0	N/A	68.439	301	45	6.5e-147	439	terminal nucleotidyltransferase 4A isoform X3 [Homo sapiens]	TRUE	TENT4A
XP_052822962.1	XP_047272623.1	0	N/A	68.439	301	45	7.32e-147	439	terminal nucleotidyltransferase 4A isoform X2 [Homo sapiens]	TRUE	TENT4A
XP_052822962.1	XP_016864477.1	0	N/A	68.439	301	45	7.32e-147	439	terminal nucleotidyltransferase 4A isoform X2 [Homo sapiens]	TRUE	TENT4A
XP_052822962.1	NP_001375042.1	0	N/A	23.264	288	37	4.06e-10	65.1	poly(A) RNA polymerase GLD2 isoform 16 [Homo sapiens]	TRUE	TENT2
XP_052822962.1	XP_047272811.1	0	N/A	23.944	284	37	4.1e-10	65.1	poly(A) RNA polymerase GLD2 isoform X4 [Homo sapiens]	TRUE	TENT2
XP_052822962.1	XP_047272810.1	0	N/A	23.944	284	37	4.1e-10	65.1	poly(A) RNA polymerase GLD2 isoform X4 [Homo sapiens]	TRUE	TENT2
XP_052822962.1	XP_047272809.1	0	N/A	23.944	284	37	4.1e-10	65.1	poly(A) RNA polymerase GLD2 isoform X4 [Homo sapiens]	TRUE	TENT2
XP_052822962.1	NP_001375058.1	0	N/A	23.944	284	37	4.1e-10	65.1	poly(A) RNA polymerase GLD2 isoform 2 [Homo sapiens]	TRUE	TENT2
XP_052822962.1	NP_001375057.1	0	N/A	23.944	284	37	4.1e-10	65.1	poly(A) RNA polymerase GLD2 isoform 2 [Homo sapiens]	TRUE	TENT2
XP_052822962.1	NP_001375056.1	0	N/A	23.944	284	37	4.1e-10	65.1	poly(A) RNA polymerase GLD2 isoform 2 [Homo sapiens]	TRUE	TENT2
XP_052822962.1	NP_001375055.1	0	N/A	23.944	284	37	4.1e-10	65.1	poly(A) RNA polymerase GLD2 isoform 2 [Homo sapiens]	TRUE	TENT2
XP_052822962.1	NP_001375054.1	0	N/A	23.944	284	37	4.1e-10	65.1	poly(A) RNA polymerase GLD2 isoform 2 [Homo sapiens]	TRUE	TENT2
XP_052822962.1	NP_001375053.1	0	N/A	23.944	284	37	4.1e-10	65.1	poly(A) RNA polymerase GLD2 isoform 2 [Homo sapiens]	TRUE	TENT2
XP_052822962.1	NP_001375052.1	0	N/A	23.944	284	37	4.1e-10	65.1	poly(A) RNA polymerase GLD2 isoform 2 [Homo sapiens]	TRUE	TENT2
XP_052822962.1	NP_001375051.1	0	N/A	23.944	284	37	4.1e-10	65.1	poly(A) RNA polymerase GLD2 isoform 2 [Homo sapiens]	TRUE	TENT2
XP_052822962.1	NP_001375050.1	0	N/A	23.944	284	37	4.1e-10	65.1	poly(A) RNA polymerase GLD2 isoform 2 [Homo sapiens]	TRUE	TENT2
XP_052822962.1	NP_001375049.1	0	N/A	23.944	284	37	4.1e-10	65.1	poly(A) RNA polymerase GLD2 isoform 2 [Homo sapiens]	TRUE	TENT2
XP_052822962.1	NP_001375048.1	0	N/A	23.944	284	37	4.1e-10	65.1	poly(A) RNA polymerase GLD2 isoform 2 [Homo sapiens]	TRUE	TENT2
XP_052822962.1	NP_001375047.1	0	N/A	23.944	284	37	4.1e-10	65.1	poly(A) RNA polymerase GLD2 isoform 2 [Homo sapiens]	TRUE	TENT2
XP_052822962.1	NP_001375046.1	0	N/A	23.944	284	37	4.1e-10	65.1	poly(A) RNA polymerase GLD2 isoform 2 [Homo sapiens]	TRUE	TENT2
XP_052822962.1	NP_001375045.1	0	N/A	23.944	284	37	4.1e-10	65.1	poly(A) RNA polymerase GLD2 isoform 2 [Homo sapiens]	TRUE	TENT2
XP_052822962.1	NP_001375044.1	0	N/A	23.944	284	37	4.1e-10	65.1	poly(A) RNA polymerase GLD2 isoform 2 [Homo sapiens]	TRUE	TENT2
XP_052822962.1	NP_001375043.1	0	N/A	23.944	284	37	4.1e-10	65.1	poly(A) RNA polymerase GLD2 isoform 2 [Homo sapiens]	TRUE	TENT2
XP_052822962.1	NP_001336483.1	0	N/A	23.944	284	37	4.1e-10	65.1	poly(A) RNA polymerase GLD2 isoform 2 [Homo sapiens]	TRUE	TENT2
XP_052822962.1	NP_001284673.1	0	N/A	23.944	284	37	4.1e-10	65.1	poly(A) RNA polymerase GLD2 isoform 2 [Homo sapiens]	TRUE	TENT2
XP_052822962.1	XP_047272808.1	0	N/A	23.264	288	37	4.11e-10	65.1	poly(A) RNA polymerase GLD2 isoform X3 [Homo sapiens]	TRUE	TENT2
XP_052822962.1	XP_047272807.1	0	N/A	23.264	288	37	4.11e-10	65.1	poly(A) RNA polymerase GLD2 isoform X3 [Homo sapiens]	TRUE	TENT2
XP_052822962.1	XP_047272806.1	0	N/A	23.264	288	37	4.11e-10	65.1	poly(A) RNA polymerase GLD2 isoform X3 [Homo sapiens]	TRUE	TENT2
XP_052822962.1	NP_776158.2	0	N/A	23.264	288	37	4.11e-10	65.1	poly(A) RNA polymerase GLD2 isoform 1 [Homo sapiens]	TRUE	TENT2
XP_052822962.1	NP_001375041.1	0	N/A	23.264	288	37	4.11e-10	65.1	poly(A) RNA polymerase GLD2 isoform 1 [Homo sapiens]	TRUE	TENT2
XP_052822962.1	NP_001375040.1	0	N/A	23.264	288	37	4.11e-10	65.1	poly(A) RNA polymerase GLD2 isoform 1 [Homo sapiens]	TRUE	TENT2
XP_052822962.1	NP_001375039.1	0	N/A	23.264	288	37	4.11e-10	65.1	poly(A) RNA polymerase GLD2 isoform 1 [Homo sapiens]	TRUE	TENT2
XP_052822962.1	NP_001375038.1	0	N/A	23.264	288	37	4.11e-10	65.1	poly(A) RNA polymerase GLD2 isoform 1 [Homo sapiens]	TRUE	TENT2
XP_052822962.1	NP_001375037.1	0	N/A	23.264	288	37	4.11e-10	65.1	poly(A) RNA polymerase GLD2 isoform 1 [Homo sapiens]	TRUE	TENT2
XP_052822962.1	NP_001375036.1	0	N/A	23.264	288	37	4.11e-10	65.1	poly(A) RNA polymerase GLD2 isoform 1 [Homo sapiens]	TRUE	TENT2
XP_052822962.1	NP_001375035.1	0	N/A	23.264	288	37	4.11e-10	65.1	poly(A) RNA polymerase GLD2 isoform 1 [Homo sapiens]	TRUE	TENT2
XP_052822962.1	NP_001375034.1	0	N/A	23.264	288	37	4.11e-10	65.1	poly(A) RNA polymerase GLD2 isoform 1 [Homo sapiens]	TRUE	TENT2
XP_052822962.1	NP_001375032.1	0	N/A	23.264	288	37	4.11e-10	65.1	poly(A) RNA polymerase GLD2 isoform 1 [Homo sapiens]	TRUE	TENT2
XP_052822962.1	NP_001375031.1	0	N/A	23.264	288	37	4.11e-10	65.1	poly(A) RNA polymerase GLD2 isoform 1 [Homo sapiens]	TRUE	TENT2
XP_052822962.1	NP_001336482.1	0	N/A	23.264	288	37	4.11e-10	65.1	poly(A) RNA polymerase GLD2 isoform 1 [Homo sapiens]	TRUE	TENT2
XP_052822962.1	NP_001336481.1	0	N/A	23.264	288	37	4.11e-10	65.1	poly(A) RNA polymerase GLD2 isoform 1 [Homo sapiens]	TRUE	TENT2
XP_052822962.1	NP_001107866.1	0	N/A	23.264	288	37	4.11e-10	65.1	poly(A) RNA polymerase GLD2 isoform 1 [Homo sapiens]	TRUE	TENT2
XP_052822962.1	NP_001107865.1	0	N/A	23.264	288	37	4.11e-10	65.1	poly(A) RNA polymerase GLD2 isoform 1 [Homo sapiens]	TRUE	TENT2
XP_052822962.1	NP_001375059.1	0	N/A	23.944	284	37	4.35e-10	65.1	poly(A) RNA polymerase GLD2 isoform 10 [Homo sapiens]	TRUE	TENT2
XP_052822962.1	NP_001375061.1	0	N/A	23.944	284	37	4.52e-10	65.1	poly(A) RNA polymerase GLD2 isoform 12 [Homo sapiens]	TRUE	TENT2
XP_052822962.1	NP_001375060.1	0	N/A	23.264	288	37	4.73e-10	65.1	poly(A) RNA polymerase GLD2 isoform 11 [Homo sapiens]	TRUE	TENT2
XP_052822962.1	NP_001317647.1	0	N/A	28.729	181	25	5.31e-10	65.5	terminal uridylyltransferase 7 isoform 3 [Homo sapiens]	TRUE	Tut7
XP_052822962.1	XP_047279825.1	0	N/A	28.729	181	25	5.55e-10	65.5	terminal uridylyltransferase 7 isoform X6 [Homo sapiens]	TRUE	Tut7
XP_052822962.1	XP_047279824.1	0	N/A	28.729	181	25	5.55e-10	65.5	terminal uridylyltransferase 7 isoform X6 [Homo sapiens]	TRUE	Tut7
XP_052822962.1	XP_005252264.1	0	N/A	28.729	181	25	5.55e-10	65.5	terminal uridylyltransferase 7 isoform X6 [Homo sapiens]	TRUE	Tut7
XP_052822962.1	XP_016870620.1	0	N/A	28.729	181	25	5.66e-10	65.5	terminal uridylyltransferase 7 isoform X4 [Homo sapiens]	TRUE	Tut7
XP_052822962.1	XP_016870619.1	0	N/A	28.729	181	25	5.66e-10	65.5	terminal uridylyltransferase 7 isoform X4 [Homo sapiens]	TRUE	Tut7
XP_052822962.1	NP_078893.2	0	N/A	28.729	181	25	5.66e-10	65.5	terminal uridylyltransferase 7 isoform 1 [Homo sapiens]	TRUE	Tut7
XP_052822962.1	NP_001171988.1	0	N/A	28.729	181	25	5.66e-10	65.5	terminal uridylyltransferase 7 isoform 1 [Homo sapiens]	TRUE	Tut7
XP_052822962.1	XP_047279823.1	0	N/A	28.729	181	25	5.94e-10	65.5	terminal uridylyltransferase 7 isoform X2 [Homo sapiens]	TRUE	Tut7
XP_052822962.1	XP_006717346.1	0	N/A	28.729	181	25	5.94e-10	65.5	terminal uridylyltransferase 7 isoform X2 [Homo sapiens]	TRUE	Tut7
XP_052822962.1	XP_011517318.1	0	N/A	28.729	181	25	6.21e-10	65.5	terminal uridylyltransferase 7 isoform X5 [Homo sapiens]	TRUE	Tut7
XP_052822962.1	XP_011517317.1	0	N/A	28.729	181	25	6.58e-10	65.5	terminal uridylyltransferase 7 isoform X3 [Homo sapiens]	TRUE	Tut7
XP_052822962.1	XP_005252265.1	0	N/A	28.729	181	25	7.31e-10	65.1	terminal uridylyltransferase 7 isoform X7 [Homo sapiens]	TRUE	Tut7
XP_052822962.1	XP_011517316.1	0	N/A	28.729	181	25	7.62e-10	65.1	terminal uridylyltransferase 7 isoform X1 [Homo sapiens]	TRUE	Tut7
XP_052822962.1	XP_011517315.1	0	N/A	28.729	181	25	7.62e-10	65.1	terminal uridylyltransferase 7 isoform X1 [Homo sapiens]	TRUE	Tut7
XP_052822962.1	XP_011517314.1	0	N/A	28.729	181	25	7.62e-10	65.1	terminal uridylyltransferase 7 isoform X1 [Homo sapiens]	TRUE	Tut7
XP_052822962.1	XP_011517313.1	0	N/A	28.729	181	25	7.62e-10	65.1	terminal uridylyltransferase 7 isoform X1 [Homo sapiens]	TRUE	Tut7
XP_052822962.1	NP_001336477.1	0	N/A	24.39	205	26	1.2e-09	62	poly(A) RNA polymerase GLD2 isoform 4 [Homo sapiens]	TRUE	TENT2
XP_052822962.1	NP_001375065.1	0	N/A	23.944	284	37	1.47e-09	62.8	poly(A) RNA polymerase GLD2 isoform 14 [Homo sapiens]	TRUE	TENT2
XP_052822962.1	XP_047272820.1	0	N/A	24.39	205	26	1.48e-09	61.6	poly(A) RNA polymerase GLD2 isoform X11 [Homo sapiens]	TRUE	TENT2
XP_052822962.1	XP_047272805.1	0	N/A	25	252	33	8.29e-09	61.2	poly(A) RNA polymerase GLD2 isoform X2 [Homo sapiens]	TRUE	TENT2
XP_052822962.1	XP_047272804.1	0	N/A	25	252	33	8.29e-09	61.2	poly(A) RNA polymerase GLD2 isoform X2 [Homo sapiens]	TRUE	TENT2
XP_052822962.1	XP_047272803.1	0	N/A	25	252	33	8.29e-09	61.2	poly(A) RNA polymerase GLD2 isoform X2 [Homo sapiens]	TRUE	TENT2
XP_052822962.1	XP_047272802.1	0	N/A	25	252	33	8.29e-09	61.2	poly(A) RNA polymerase GLD2 isoform X2 [Homo sapiens]	TRUE	TENT2
XP_052822962.1	XP_016864641.1	0	N/A	25	252	33	8.29e-09	61.2	poly(A) RNA polymerase GLD2 isoform X2 [Homo sapiens]	TRUE	TENT2
XP_052822962.1	NP_001375026.1	0	N/A	25	252	33	8.29e-09	61.2	poly(A) RNA polymerase GLD2 isoform 6 [Homo sapiens]	TRUE	TENT2
XP_052822962.1	NP_001375025.1	0	N/A	25	252	33	8.29e-09	61.2	poly(A) RNA polymerase GLD2 isoform 6 [Homo sapiens]	TRUE	TENT2
XP_052822962.1	NP_001375024.1	0	N/A	25	252	33	8.29e-09	61.2	poly(A) RNA polymerase GLD2 isoform 6 [Homo sapiens]	TRUE	TENT2
XP_052822962.1	NP_001336480.1	0	N/A	25	252	33	8.29e-09	61.2	poly(A) RNA polymerase GLD2 isoform 6 [Homo sapiens]	TRUE	TENT2
XP_052822962.1	NP_001375027.1	0	N/A	25	252	33	8.64e-09	61.2	poly(A) RNA polymerase GLD2 isoform 7 [Homo sapiens]	TRUE	TENT2
XP_052822962.1	NP_001375030.1	0	N/A	24.39	205	26	9.76e-09	60.8	poly(A) RNA polymerase GLD2 isoform 9 [Homo sapiens]	TRUE	TENT2
XP_052822962.1	XP_047272801.1	0	N/A	25	252	33	1e-08	60.8	poly(A) RNA polymerase GLD2 isoform X1 [Homo sapiens]	TRUE	TENT2
XP_052822962.1	XP_047272800.1	0	N/A	25	252	33	1e-08	60.8	poly(A) RNA polymerase GLD2 isoform X1 [Homo sapiens]	TRUE	TENT2
XP_052822962.1	XP_011541527.1	0	N/A	25	252	33	1e-08	60.8	poly(A) RNA polymerase GLD2 isoform X1 [Homo sapiens]	TRUE	TENT2
XP_052822962.1	XP_011541526.1	0	N/A	25	252	33	1e-08	60.8	poly(A) RNA polymerase GLD2 isoform X1 [Homo sapiens]	TRUE	TENT2
XP_052822962.1	XP_011541523.1	0	N/A	25	252	33	1e-08	60.8	poly(A) RNA polymerase GLD2 isoform X1 [Homo sapiens]	TRUE	TENT2
XP_052822962.1	XP_011541522.1	0	N/A	25	252	33	1e-08	60.8	poly(A) RNA polymerase GLD2 isoform X1 [Homo sapiens]	TRUE	TENT2
XP_052822962.1	NP_001375023.1	0	N/A	25	252	33	1e-08	60.8	poly(A) RNA polymerase GLD2 isoform 5 [Homo sapiens]	TRUE	TENT2
XP_052822962.1	NP_001375022.1	0	N/A	25	252	33	1e-08	60.8	poly(A) RNA polymerase GLD2 isoform 5 [Homo sapiens]	TRUE	TENT2
XP_052832076.1	NP_001317647.1	0	N/A	50.641	468	34	5.98e-149	472	terminal uridylyltransferase 7 isoform 3 [Homo sapiens]	TRUE	Tut7
XP_052832076.1	XP_005252265.1	0	N/A	54.048	420	31	2.73e-144	476	terminal uridylyltransferase 7 isoform X7 [Homo sapiens]	TRUE	Tut7
XP_052832076.1	XP_047272384.1	0	N/A	49.388	490	36	6.85e-143	460	terminal uridylyltransferase 4 isoform X46 [Homo sapiens]	TRUE	Tut4
XP_052832076.1	XP_016870620.1	0	N/A	50.641	468	34	2.29e-142	473	terminal uridylyltransferase 7 isoform X4 [Homo sapiens]	TRUE	Tut7
XP_052832076.1	XP_016870619.1	0	N/A	50.641	468	34	2.29e-142	473	terminal uridylyltransferase 7 isoform X4 [Homo sapiens]	TRUE	Tut7
XP_052832076.1	NP_078893.2	0	N/A	50.641	468	34	2.29e-142	473	terminal uridylyltransferase 7 isoform 1 [Homo sapiens]	TRUE	Tut7
XP_052832076.1	NP_001171988.1	0	N/A	50.641	468	34	2.29e-142	473	terminal uridylyltransferase 7 isoform 1 [Homo sapiens]	TRUE	Tut7
XP_052832076.1	XP_047279825.1	0	N/A	50.641	468	34	2.61e-142	473	terminal uridylyltransferase 7 isoform X6 [Homo sapiens]	TRUE	Tut7
XP_052832076.1	XP_047279824.1	0	N/A	50.641	468	34	2.61e-142	473	terminal uridylyltransferase 7 isoform X6 [Homo sapiens]	TRUE	Tut7
XP_052832076.1	XP_005252264.1	0	N/A	50.641	468	34	2.61e-142	473	terminal uridylyltransferase 7 isoform X6 [Homo sapiens]	TRUE	Tut7
XP_052832076.1	XP_011517318.1	0	N/A	50.641	468	34	3.76e-142	473	terminal uridylyltransferase 7 isoform X5 [Homo sapiens]	TRUE	Tut7
XP_052832076.1	XP_011517317.1	0	N/A	50.641	468	34	6.13e-142	473	terminal uridylyltransferase 7 isoform X3 [Homo sapiens]	TRUE	Tut7
XP_052832076.1	XP_047279823.1	0	N/A	50.641	468	34	6.23e-142	473	terminal uridylyltransferase 7 isoform X2 [Homo sapiens]	TRUE	Tut7
XP_052832076.1	XP_006717346.1	0	N/A	50.641	468	34	6.23e-142	473	terminal uridylyltransferase 7 isoform X2 [Homo sapiens]	TRUE	Tut7
XP_052832076.1	XP_011517316.1	0	N/A	50.641	468	34	1.4e-141	472	terminal uridylyltransferase 7 isoform X1 [Homo sapiens]	TRUE	Tut7
XP_052832076.1	XP_011517315.1	0	N/A	50.641	468	34	1.4e-141	472	terminal uridylyltransferase 7 isoform X1 [Homo sapiens]	TRUE	Tut7
XP_052832076.1	XP_011517314.1	0	N/A	50.641	468	34	1.4e-141	472	terminal uridylyltransferase 7 isoform X1 [Homo sapiens]	TRUE	Tut7
XP_052832076.1	XP_011517313.1	0	N/A	50.641	468	34	1.4e-141	472	terminal uridylyltransferase 7 isoform X1 [Homo sapiens]	TRUE	Tut7
XP_052832076.1	XP_047272365.1	0	N/A	49.388	490	36	5.12e-139	464	terminal uridylyltransferase 4 isoform X38 [Homo sapiens]	TRUE	Tut4
XP_052832076.1	XP_005270739.1	0	N/A	49.388	490	36	6.06e-139	464	terminal uridylyltransferase 4 isoform X33 [Homo sapiens]	TRUE	Tut4
XP_052832076.1	XP_011539401.1	0	N/A	49.388	490	36	1.06e-138	464	terminal uridylyltransferase 4 isoform X29 [Homo sapiens]	TRUE	Tut4
XP_052832076.1	XP_016856297.1	0	N/A	49.284	489	36	1.45e-138	463	terminal uridylyltransferase 4 isoform X36 [Homo sapiens]	TRUE	Tut4
XP_052832076.1	XP_047272288.1	0	N/A	49.388	490	36	1.5e-138	465	terminal uridylyltransferase 4 isoform X10 [Homo sapiens]	TRUE	Tut4
XP_052832076.1	XP_047272337.1	0	N/A	49.388	490	36	2.03e-138	464	terminal uridylyltransferase 4 isoform X27 [Homo sapiens]	TRUE	Tut4
XP_052832076.1	XP_047272285.1	0	N/A	49.388	490	36	2.17e-138	464	terminal uridylyltransferase 4 isoform X7 [Homo sapiens]	TRUE	Tut4
XP_052832076.1	XP_016856299.1	0	N/A	49.284	489	36	2.3e-138	463	terminal uridylyltransferase 4 isoform X40 [Homo sapiens]	TRUE	Tut4
XP_052832076.1	XP_047272325.1	0	N/A	49.388	490	36	2.55e-138	463	terminal uridylyltransferase 4 isoform X23 [Homo sapiens]	TRUE	Tut4
XP_052832076.1	XP_047272345.1	0	N/A	49.284	489	36	2.78e-138	463	terminal uridylyltransferase 4 isoform X31 [Homo sapiens]	TRUE	Tut4
XP_052832076.1	XP_011539399.1	0	N/A	49.388	490	36	3.18e-138	464	terminal uridylyltransferase 4 isoform X1 [Homo sapiens]	TRUE	Tut4
XP_052832076.1	XP_005270733.1	0	N/A	49.388	490	36	3.18e-138	464	terminal uridylyltransferase 4 isoform X1 [Homo sapiens]	TRUE	Tut4
XP_052832076.1	XP_005270735.1	0	N/A	49.388	490	36	3.61e-138	464	terminal uridylyltransferase 4 isoform X2 [Homo sapiens]	TRUE	Tut4
XP_052832076.1	XP_047272282.1	0	N/A	49.388	490	36	4.03e-138	464	terminal uridylyltransferase 4 isoform X5 [Homo sapiens]	TRUE	Tut4
XP_052832076.1	NP_056084.1	0	N/A	49.388	490	36	4.03e-138	464	terminal uridylyltransferase 4 isoform b [Homo sapiens]	TRUE	Tut4
XP_052832076.1	XP_047272281.1	0	N/A	49.388	490	36	4.16e-138	464	terminal uridylyltransferase 4 isoform X4 [Homo sapiens]	TRUE	Tut4
XP_052832076.1	NP_001009881.1	0	N/A	49.388	490	36	4.16e-138	464	terminal uridylyltransferase 4 isoform a [Homo sapiens]	TRUE	Tut4
XP_052832076.1	XP_016856293.1	0	N/A	49.284	489	36	4.78e-138	463	terminal uridylyltransferase 4 isoform X16 [Homo sapiens]	TRUE	Tut4
XP_052832076.1	XP_016856295.1	0	N/A	49.284	489	36	5.04e-138	462	terminal uridylyltransferase 4 isoform X25 [Homo sapiens]	TRUE	Tut4
XP_052832076.1	XP_016856296.1	0	N/A	49.284	489	36	6.35e-138	462	terminal uridylyltransferase 4 isoform X28 [Homo sapiens]	TRUE	Tut4
XP_052832076.1	XP_016856292.1	0	N/A	49.284	489	36	6.65e-138	463	terminal uridylyltransferase 4 isoform X9 [Homo sapiens]	TRUE	Tut4
XP_052832076.1	XP_047272280.1	0	N/A	49.284	489	36	9.62e-138	463	terminal uridylyltransferase 4 isoform X3 [Homo sapiens]	TRUE	Tut4
XP_052832076.1	XP_005270736.1	0	N/A	49.284	489	36	9.62e-138	463	terminal uridylyltransferase 4 isoform X3 [Homo sapiens]	TRUE	Tut4
XP_052832076.1	XP_047272283.1	0	N/A	49.284	489	36	1.24e-137	462	terminal uridylyltransferase 4 isoform X6 [Homo sapiens]	TRUE	Tut4
XP_052832076.1	XP_005270737.1	0	N/A	49.284	489	36	1.24e-137	462	terminal uridylyltransferase 4 isoform X6 [Homo sapiens]	TRUE	Tut4
XP_052832076.1	XP_047272372.1	0	N/A	47.648	489	36	2.28e-131	443	terminal uridylyltransferase 4 isoform X42 [Homo sapiens]	TRUE	Tut4
XP_052832076.1	XP_047272344.1	0	N/A	47.648	489	36	9.3e-131	442	terminal uridylyltransferase 4 isoform X30 [Homo sapiens]	TRUE	Tut4
XP_052832076.1	XP_047272286.1	0	N/A	47.648	489	36	1.06e-130	443	terminal uridylyltransferase 4 isoform X8 [Homo sapiens]	TRUE	Tut4
XP_052832076.1	XP_047272296.1	0	N/A	47.648	489	36	1.43e-130	442	terminal uridylyltransferase 4 isoform X13 [Homo sapiens]	TRUE	Tut4
XP_052832076.1	XP_047272295.1	0	N/A	47.648	489	36	1.45e-130	442	terminal uridylyltransferase 4 isoform X12 [Homo sapiens]	TRUE	Tut4
XP_052832076.1	XP_047272350.1	0	N/A	47.541	488	36	3.33e-130	440	terminal uridylyltransferase 4 isoform X34 [Homo sapiens]	TRUE	Tut4
XP_052832076.1	XP_047272305.1	0	N/A	47.541	488	36	3.41e-130	441	terminal uridylyltransferase 4 isoform X17 [Homo sapiens]	TRUE	Tut4
XP_052832076.1	XP_047272290.1	0	N/A	47.541	488	36	3.78e-130	441	terminal uridylyltransferase 4 isoform X11 [Homo sapiens]	TRUE	Tut4
XP_052832076.1	XP_047272373.1	0	N/A	43.265	490	36	2.36e-110	383	terminal uridylyltransferase 4 isoform X43 [Homo sapiens]	TRUE	Tut4
XP_052832076.1	XP_047272327.1	0	N/A	43.265	490	36	4.69e-110	383	terminal uridylyltransferase 4 isoform X24 [Homo sapiens]	TRUE	Tut4
XP_052832076.1	XP_047272320.1	0	N/A	43.265	490	36	4.86e-110	383	terminal uridylyltransferase 4 isoform X22 [Homo sapiens]	TRUE	Tut4
XP_052832076.1	XP_047272369.1	0	N/A	43.265	490	36	4.87e-110	382	terminal uridylyltransferase 4 isoform X41 [Homo sapiens]	TRUE	Tut4
XP_052832076.1	XP_047272311.1	0	N/A	43.265	490	36	6e-110	383	terminal uridylyltransferase 4 isoform X21 [Homo sapiens]	TRUE	Tut4
XP_052832076.1	XP_047272377.1	0	N/A	43.149	489	36	6.29e-110	382	terminal uridylyltransferase 4 isoform X44 [Homo sapiens]	TRUE	Tut4
XP_052832076.1	XP_047272348.1	0	N/A	43.265	490	36	7.29e-110	382	terminal uridylyltransferase 4 isoform X32 [Homo sapiens]	TRUE	Tut4
XP_052832076.1	XP_047272354.1	0	N/A	43.265	490	36	8.29e-110	382	terminal uridylyltransferase 4 isoform X35 [Homo sapiens]	TRUE	Tut4
XP_052832076.1	XP_047272303.1	0	N/A	43.265	490	36	8.67e-110	383	terminal uridylyltransferase 4 isoform X15 [Homo sapiens]	TRUE	Tut4
XP_052832076.1	XP_005270738.1	0	N/A	43.265	490	36	9.25e-110	383	terminal uridylyltransferase 4 isoform X14 [Homo sapiens]	TRUE	Tut4
XP_052832076.1	XP_047272307.1	0	N/A	43.265	490	36	1.06e-109	382	terminal uridylyltransferase 4 isoform X19 [Homo sapiens]	TRUE	Tut4
XP_052832076.1	XP_047272362.1	0	N/A	43.265	490	36	1.07e-109	382	terminal uridylyltransferase 4 isoform X37 [Homo sapiens]	TRUE	Tut4
XP_052832076.1	XP_047272336.1	0	N/A	43.149	489	36	1.66e-109	382	terminal uridylyltransferase 4 isoform X26 [Homo sapiens]	TRUE	Tut4
XP_052832076.1	XP_047272367.1	0	N/A	43.149	489	36	2.1e-109	381	terminal uridylyltransferase 4 isoform X39 [Homo sapiens]	TRUE	Tut4
XP_052832076.1	XP_016856294.1	0	N/A	43.149	489	36	2.9e-109	381	terminal uridylyltransferase 4 isoform X20 [Homo sapiens]	TRUE	Tut4
XP_052832076.1	XP_047272306.1	0	N/A	43.149	489	36	3.3e-109	381	terminal uridylyltransferase 4 isoform X18 [Homo sapiens]	TRUE	Tut4
XP_052832076.1	NP_001172003.1	0	N/A	57.586	290	22	3.12e-104	362	terminal uridylyltransferase 7 isoform 2 [Homo sapiens]	TRUE	Tut7
XP_052832076.1	XP_047279826.1	0	N/A	34.204	421	29	4.72e-59	224	terminal uridylyltransferase 7 isoform X8 [Homo sapiens]	TRUE	Tut7
XP_052832076.1	XP_016856307.1	0	N/A	30.13	385	29	4.07e-45	180	terminal uridylyltransferase 4 isoform X45 [Homo sapiens]	TRUE	Tut4
XP_052832076.1	NP_001375060.1	0	N/A	32.443	262	19	1.29e-31	132	poly(A) RNA polymerase GLD2 isoform 11 [Homo sapiens]	TRUE	TENT2
XP_052832076.1	NP_001375061.1	0	N/A	32.171	258	19	1.82e-31	132	poly(A) RNA polymerase GLD2 isoform 12 [Homo sapiens]	TRUE	TENT2
XP_052832076.1	NP_001375042.1	0	N/A	32.443	262	19	1.85e-31	132	poly(A) RNA polymerase GLD2 isoform 16 [Homo sapiens]	TRUE	TENT2
XP_052832076.1	XP_047272808.1	0	N/A	32.443	262	19	1.9e-31	132	poly(A) RNA polymerase GLD2 isoform X3 [Homo sapiens]	TRUE	TENT2
XP_052832076.1	XP_047272807.1	0	N/A	32.443	262	19	1.9e-31	132	poly(A) RNA polymerase GLD2 isoform X3 [Homo sapiens]	TRUE	TENT2
XP_052832076.1	XP_047272806.1	0	N/A	32.443	262	19	1.9e-31	132	poly(A) RNA polymerase GLD2 isoform X3 [Homo sapiens]	TRUE	TENT2
XP_052832076.1	NP_776158.2	0	N/A	32.443	262	19	1.9e-31	132	poly(A) RNA polymerase GLD2 isoform 1 [Homo sapiens]	TRUE	TENT2
XP_052832076.1	NP_001375041.1	0	N/A	32.443	262	19	1.9e-31	132	poly(A) RNA polymerase GLD2 isoform 1 [Homo sapiens]	TRUE	TENT2
XP_052832076.1	NP_001375040.1	0	N/A	32.443	262	19	1.9e-31	132	poly(A) RNA polymerase GLD2 isoform 1 [Homo sapiens]	TRUE	TENT2
XP_052832076.1	NP_001375039.1	0	N/A	32.443	262	19	1.9e-31	132	poly(A) RNA polymerase GLD2 isoform 1 [Homo sapiens]	TRUE	TENT2
XP_052832076.1	NP_001375038.1	0	N/A	32.443	262	19	1.9e-31	132	poly(A) RNA polymerase GLD2 isoform 1 [Homo sapiens]	TRUE	TENT2
XP_052832076.1	NP_001375037.1	0	N/A	32.443	262	19	1.9e-31	132	poly(A) RNA polymerase GLD2 isoform 1 [Homo sapiens]	TRUE	TENT2
XP_052832076.1	NP_001375036.1	0	N/A	32.443	262	19	1.9e-31	132	poly(A) RNA polymerase GLD2 isoform 1 [Homo sapiens]	TRUE	TENT2
XP_052832076.1	NP_001375035.1	0	N/A	32.443	262	19	1.9e-31	132	poly(A) RNA polymerase GLD2 isoform 1 [Homo sapiens]	TRUE	TENT2
XP_052832076.1	NP_001375034.1	0	N/A	32.443	262	19	1.9e-31	132	poly(A) RNA polymerase GLD2 isoform 1 [Homo sapiens]	TRUE	TENT2
XP_052832076.1	NP_001375032.1	0	N/A	32.443	262	19	1.9e-31	132	poly(A) RNA polymerase GLD2 isoform 1 [Homo sapiens]	TRUE	TENT2
XP_052832076.1	NP_001375031.1	0	N/A	32.443	262	19	1.9e-31	132	poly(A) RNA polymerase GLD2 isoform 1 [Homo sapiens]	TRUE	TENT2
XP_052832076.1	NP_001336482.1	0	N/A	32.443	262	19	1.9e-31	132	poly(A) RNA polymerase GLD2 isoform 1 [Homo sapiens]	TRUE	TENT2
XP_052832076.1	NP_001336481.1	0	N/A	32.443	262	19	1.9e-31	132	poly(A) RNA polymerase GLD2 isoform 1 [Homo sapiens]	TRUE	TENT2
XP_052832076.1	NP_001107866.1	0	N/A	32.443	262	19	1.9e-31	132	poly(A) RNA polymerase GLD2 isoform 1 [Homo sapiens]	TRUE	TENT2
XP_052832076.1	NP_001107865.1	0	N/A	32.443	262	19	1.9e-31	132	poly(A) RNA polymerase GLD2 isoform 1 [Homo sapiens]	TRUE	TENT2
XP_052832076.1	XP_047272811.1	0	N/A	32.171	258	19	2.36e-31	132	poly(A) RNA polymerase GLD2 isoform X4 [Homo sapiens]	TRUE	TENT2
XP_052832076.1	XP_047272810.1	0	N/A	32.171	258	19	2.36e-31	132	poly(A) RNA polymerase GLD2 isoform X4 [Homo sapiens]	TRUE	TENT2
XP_052832076.1	XP_047272809.1	0	N/A	32.171	258	19	2.36e-31	132	poly(A) RNA polymerase GLD2 isoform X4 [Homo sapiens]	TRUE	TENT2
XP_052832076.1	NP_001375058.1	0	N/A	32.171	258	19	2.36e-31	132	poly(A) RNA polymerase GLD2 isoform 2 [Homo sapiens]	TRUE	TENT2
XP_052832076.1	NP_001375057.1	0	N/A	32.171	258	19	2.36e-31	132	poly(A) RNA polymerase GLD2 isoform 2 [Homo sapiens]	TRUE	TENT2
XP_052832076.1	NP_001375056.1	0	N/A	32.171	258	19	2.36e-31	132	poly(A) RNA polymerase GLD2 isoform 2 [Homo sapiens]	TRUE	TENT2
XP_052832076.1	NP_001375055.1	0	N/A	32.171	258	19	2.36e-31	132	poly(A) RNA polymerase GLD2 isoform 2 [Homo sapiens]	TRUE	TENT2
XP_052832076.1	NP_001375054.1	0	N/A	32.171	258	19	2.36e-31	132	poly(A) RNA polymerase GLD2 isoform 2 [Homo sapiens]	TRUE	TENT2
XP_052832076.1	NP_001375053.1	0	N/A	32.171	258	19	2.36e-31	132	poly(A) RNA polymerase GLD2 isoform 2 [Homo sapiens]	TRUE	TENT2
XP_054219782.1	XP_011517316.1	0	N/A	100	840	100	0	1747	terminal uridylyltransferase 7 isoform X1 [Homo sapiens]	TRUE	Tut7
XP_054219782.1	XP_011517315.1	0	N/A	100	840	100	0	1747	terminal uridylyltransferase 7 isoform X1 [Homo sapiens]	TRUE	Tut7
XP_054219782.1	XP_011517314.1	0	N/A	100	840	100	0	1747	terminal uridylyltransferase 7 isoform X1 [Homo sapiens]	TRUE	Tut7
XP_054219782.1	XP_011517313.1	0	N/A	100	840	100	0	1747	terminal uridylyltransferase 7 isoform X1 [Homo sapiens]	TRUE	Tut7
XP_054219782.1	XP_047279823.1	0	N/A	100	809	96	0	1677	terminal uridylyltransferase 7 isoform X2 [Homo sapiens]	TRUE	Tut7
XP_054219782.1	XP_006717346.1	0	N/A	100	809	96	0	1677	terminal uridylyltransferase 7 isoform X2 [Homo sapiens]	TRUE	Tut7
XP_054219782.1	XP_011517317.1	0	N/A	100	809	96	0	1673	terminal uridylyltransferase 7 isoform X3 [Homo sapiens]	TRUE	Tut7
XP_054219782.1	XP_016870620.1	0	N/A	99.351	770	92	0	1583	terminal uridylyltransferase 7 isoform X4 [Homo sapiens]	TRUE	Tut7
XP_054219782.1	XP_016870619.1	0	N/A	99.351	770	92	0	1583	terminal uridylyltransferase 7 isoform X4 [Homo sapiens]	TRUE	Tut7
XP_054219782.1	NP_078893.2	0	N/A	99.351	770	92	0	1583	terminal uridylyltransferase 7 isoform 1 [Homo sapiens]	TRUE	Tut7
XP_054219782.1	NP_001171988.1	0	N/A	99.351	770	92	0	1583	terminal uridylyltransferase 7 isoform 1 [Homo sapiens]	TRUE	Tut7
XP_054219782.1	NP_001317647.1	0	N/A	99.351	770	92	0	1582	terminal uridylyltransferase 7 isoform 3 [Homo sapiens]	TRUE	Tut7
XP_054219782.1	XP_047279825.1	0	N/A	99.739	765	91	0	1580	terminal uridylyltransferase 7 isoform X6 [Homo sapiens]	TRUE	Tut7
XP_054219782.1	XP_047279824.1	0	N/A	99.739	765	91	0	1580	terminal uridylyltransferase 7 isoform X6 [Homo sapiens]	TRUE	Tut7
XP_054219782.1	XP_005252264.1	0	N/A	99.739	765	91	0	1580	terminal uridylyltransferase 7 isoform X6 [Homo sapiens]	TRUE	Tut7
XP_054219782.1	XP_011517318.1	0	N/A	100	763	91	0	1579	terminal uridylyltransferase 7 isoform X5 [Homo sapiens]	TRUE	Tut7
XP_054219782.1	XP_005252265.1	0	N/A	99.695	656	78	0	1358	terminal uridylyltransferase 7 isoform X7 [Homo sapiens]	TRUE	Tut7
XP_054219782.1	NP_001172003.1	0	N/A	98.297	411	49	0	855	terminal uridylyltransferase 7 isoform 2 [Homo sapiens]	TRUE	Tut7
XP_054219782.1	XP_047279826.1	0	N/A	99.396	331	39	0	670	terminal uridylyltransferase 7 isoform X8 [Homo sapiens]	TRUE	Tut7
XP_054219782.1	XP_047272285.1	0	N/A	67.366	429	51	0	613	terminal uridylyltransferase 4 isoform X7 [Homo sapiens]	TRUE	Tut4
XP_054219782.1	XP_047272365.1	0	N/A	67.366	429	51	0	612	terminal uridylyltransferase 4 isoform X38 [Homo sapiens]	TRUE	Tut4
XP_054219782.1	XP_047272288.1	0	N/A	67.925	424	50	0	612	terminal uridylyltransferase 4 isoform X10 [Homo sapiens]	TRUE	Tut4
XP_054219782.1	XP_047272282.1	0	N/A	67.366	429	51	0	612	terminal uridylyltransferase 4 isoform X5 [Homo sapiens]	TRUE	Tut4
XP_054219782.1	XP_005270735.1	0	N/A	67.366	429	51	0	612	terminal uridylyltransferase 4 isoform X2 [Homo sapiens]	TRUE	Tut4
XP_054219782.1	NP_056084.1	0	N/A	67.366	429	51	0	612	terminal uridylyltransferase 4 isoform b [Homo sapiens]	TRUE	Tut4
XP_054219782.1	XP_047272281.1	0	N/A	67.925	424	50	0	612	terminal uridylyltransferase 4 isoform X4 [Homo sapiens]	TRUE	Tut4
XP_054219782.1	XP_011539399.1	0	N/A	67.925	424	50	0	612	terminal uridylyltransferase 4 isoform X1 [Homo sapiens]	TRUE	Tut4
XP_054219782.1	XP_005270739.1	0	N/A	67.925	424	50	0	612	terminal uridylyltransferase 4 isoform X33 [Homo sapiens]	TRUE	Tut4
XP_054219782.1	XP_005270733.1	0	N/A	67.925	424	50	0	612	terminal uridylyltransferase 4 isoform X1 [Homo sapiens]	TRUE	Tut4
XP_054219782.1	NP_001009881.1	0	N/A	67.925	424	50	0	612	terminal uridylyltransferase 4 isoform a [Homo sapiens]	TRUE	Tut4
XP_054219782.1	XP_011539401.1	0	N/A	67.925	424	50	0	612	terminal uridylyltransferase 4 isoform X29 [Homo sapiens]	TRUE	Tut4
XP_054219782.1	XP_047272337.1	0	N/A	67.366	429	51	0	611	terminal uridylyltransferase 4 isoform X27 [Homo sapiens]	TRUE	Tut4
XP_054219782.1	XP_047272325.1	0	N/A	67.366	429	51	0	611	terminal uridylyltransferase 4 isoform X23 [Homo sapiens]	TRUE	Tut4
XP_054219782.1	XP_047272384.1	0	N/A	67.925	424	50	0	605	terminal uridylyltransferase 4 isoform X46 [Homo sapiens]	TRUE	Tut4
XP_054219782.1	XP_047272372.1	0	N/A	65.421	428	51	0	585	terminal uridylyltransferase 4 isoform X42 [Homo sapiens]	TRUE	Tut4
XP_054219782.1	XP_047272296.1	0	N/A	65.421	428	51	0	585	terminal uridylyltransferase 4 isoform X13 [Homo sapiens]	TRUE	Tut4
XP_054219782.1	XP_047272295.1	0	N/A	65.957	423	50	0	585	terminal uridylyltransferase 4 isoform X12 [Homo sapiens]	TRUE	Tut4
XP_054219782.1	XP_047272286.1	0	N/A	65.957	423	50	0	585	terminal uridylyltransferase 4 isoform X8 [Homo sapiens]	TRUE	Tut4
XP_054219782.1	XP_047272344.1	0	N/A	65.957	423	50	0	584	terminal uridylyltransferase 4 isoform X30 [Homo sapiens]	TRUE	Tut4
XP_054219782.1	XP_047272377.1	0	N/A	59.39	426	50	5.76e-166	522	terminal uridylyltransferase 4 isoform X44 [Homo sapiens]	TRUE	Tut4
XP_054219782.1	XP_047272336.1	0	N/A	59.39	426	50	1.65e-165	523	terminal uridylyltransferase 4 isoform X26 [Homo sapiens]	TRUE	Tut4
XP_054219782.1	XP_047272373.1	0	N/A	59.67	424	50	2.26e-165	521	terminal uridylyltransferase 4 isoform X43 [Homo sapiens]	TRUE	Tut4
XP_054219782.1	XP_047272367.1	0	N/A	59.39	426	50	2.31e-165	521	terminal uridylyltransferase 4 isoform X39 [Homo sapiens]	TRUE	Tut4
XP_054219782.1	XP_047272369.1	0	N/A	59.67	424	50	3.46e-165	521	terminal uridylyltransferase 4 isoform X41 [Homo sapiens]	TRUE	Tut4
XP_054219782.1	XP_016856294.1	0	N/A	59.39	426	50	3.67e-165	522	terminal uridylyltransferase 4 isoform X20 [Homo sapiens]	TRUE	Tut4
XP_054219782.1	XP_047272306.1	0	N/A	59.39	426	50	4.22e-165	522	terminal uridylyltransferase 4 isoform X18 [Homo sapiens]	TRUE	Tut4
XP_054219782.1	XP_047272327.1	0	N/A	59.39	426	50	4.54e-165	522	terminal uridylyltransferase 4 isoform X24 [Homo sapiens]	TRUE	Tut4
XP_054219782.1	XP_047272320.1	0	N/A	59.67	424	50	6.43e-165	521	terminal uridylyltransferase 4 isoform X22 [Homo sapiens]	TRUE	Tut4
XP_054219782.1	XP_047272311.1	0	N/A	59.67	424	50	7.17e-165	521	terminal uridylyltransferase 4 isoform X21 [Homo sapiens]	TRUE	Tut4
XP_054219782.1	XP_047272348.1	0	N/A	59.67	424	50	7.36e-165	520	terminal uridylyltransferase 4 isoform X32 [Homo sapiens]	TRUE	Tut4
XP_054219782.1	XP_047272362.1	0	N/A	59.207	429	51	8.29e-165	520	terminal uridylyltransferase 4 isoform X37 [Homo sapiens]	TRUE	Tut4
XP_054219782.1	XP_047272303.1	0	N/A	59.207	429	51	1.03e-164	521	terminal uridylyltransferase 4 isoform X15 [Homo sapiens]	TRUE	Tut4
XP_054219782.1	XP_047272307.1	0	N/A	59.207	429	51	1.07e-164	521	terminal uridylyltransferase 4 isoform X19 [Homo sapiens]	TRUE	Tut4
XP_054219782.1	XP_047272354.1	0	N/A	59.67	424	50	1.19e-164	520	terminal uridylyltransferase 4 isoform X35 [Homo sapiens]	TRUE	Tut4
XP_054219782.1	XP_005270738.1	0	N/A	59.67	424	50	1.59e-164	521	terminal uridylyltransferase 4 isoform X14 [Homo sapiens]	TRUE	Tut4
XP_054219782.1	NP_001375061.1	0	N/A	31.915	376	42	2.31e-40	157	poly(A) RNA polymerase GLD2 isoform 12 [Homo sapiens]	TRUE	TENT2
XP_054219782.1	NP_001375065.1	0	N/A	32.544	338	39	3.59e-40	154	poly(A) RNA polymerase GLD2 isoform 14 [Homo sapiens]	TRUE	TENT2
XP_054219782.1	NP_001375060.1	0	N/A	30.5	400	45	4.52e-40	156	poly(A) RNA polymerase GLD2 isoform 11 [Homo sapiens]	TRUE	TENT2
XP_054219782.1	NP_001375059.1	0	N/A	31.818	374	42	1.28e-39	155	poly(A) RNA polymerase GLD2 isoform 10 [Homo sapiens]	TRUE	TENT2
XP_054219782.1	XP_047272811.1	0	N/A	31.818	374	42	1.45e-39	155	poly(A) RNA polymerase GLD2 isoform X4 [Homo sapiens]	TRUE	TENT2
XP_054219782.1	XP_047272810.1	0	N/A	31.818	374	42	1.45e-39	155	poly(A) RNA polymerase GLD2 isoform X4 [Homo sapiens]	TRUE	TENT2
XP_054219782.1	XP_047272809.1	0	N/A	31.818	374	42	1.45e-39	155	poly(A) RNA polymerase GLD2 isoform X4 [Homo sapiens]	TRUE	TENT2
XP_054219782.1	NP_001375058.1	0	N/A	31.818	374	42	1.45e-39	155	poly(A) RNA polymerase GLD2 isoform 2 [Homo sapiens]	TRUE	TENT2
XP_054219782.1	NP_001375057.1	0	N/A	31.818	374	42	1.45e-39	155	poly(A) RNA polymerase GLD2 isoform 2 [Homo sapiens]	TRUE	TENT2
XP_054219782.1	NP_001375056.1	0	N/A	31.818	374	42	1.45e-39	155	poly(A) RNA polymerase GLD2 isoform 2 [Homo sapiens]	TRUE	TENT2
XP_054219782.1	NP_001375055.1	0	N/A	31.818	374	42	1.45e-39	155	poly(A) RNA polymerase GLD2 isoform 2 [Homo sapiens]	TRUE	TENT2
XP_054219782.1	NP_001375054.1	0	N/A	31.818	374	42	1.45e-39	155	poly(A) RNA polymerase GLD2 isoform 2 [Homo sapiens]	TRUE	TENT2
XP_054219782.1	NP_001375053.1	0	N/A	31.818	374	42	1.45e-39	155	poly(A) RNA polymerase GLD2 isoform 2 [Homo sapiens]	TRUE	TENT2
XP_054219782.1	NP_001375052.1	0	N/A	31.818	374	42	1.45e-39	155	poly(A) RNA polymerase GLD2 isoform 2 [Homo sapiens]	TRUE	TENT2
XP_054219782.1	NP_001375051.1	0	N/A	31.818	374	42	1.45e-39	155	poly(A) RNA polymerase GLD2 isoform 2 [Homo sapiens]	TRUE	TENT2
XP_054219782.1	NP_001375050.1	0	N/A	31.818	374	42	1.45e-39	155	poly(A) RNA polymerase GLD2 isoform 2 [Homo sapiens]	TRUE	TENT2
XP_054219782.1	NP_001375049.1	0	N/A	31.818	374	42	1.45e-39	155	poly(A) RNA polymerase GLD2 isoform 2 [Homo sapiens]	TRUE	TENT2
XP_054219782.1	NP_001375048.1	0	N/A	31.818	374	42	1.45e-39	155	poly(A) RNA polymerase GLD2 isoform 2 [Homo sapiens]	TRUE	TENT2
XP_054219782.1	NP_001375047.1	0	N/A	31.818	374	42	1.45e-39	155	poly(A) RNA polymerase GLD2 isoform 2 [Homo sapiens]	TRUE	TENT2
XP_054219782.1	NP_001375046.1	0	N/A	31.818	374	42	1.45e-39	155	poly(A) RNA polymerase GLD2 isoform 2 [Homo sapiens]	TRUE	TENT2
XP_054219782.1	NP_001375045.1	0	N/A	31.818	374	42	1.45e-39	155	poly(A) RNA polymerase GLD2 isoform 2 [Homo sapiens]	TRUE	TENT2
XP_054219782.1	NP_001375044.1	0	N/A	31.818	374	42	1.45e-39	155	poly(A) RNA polymerase GLD2 isoform 2 [Homo sapiens]	TRUE	TENT2
XP_054219782.1	NP_001375043.1	0	N/A	31.818	374	42	1.45e-39	155	poly(A) RNA polymerase GLD2 isoform 2 [Homo sapiens]	TRUE	TENT2
XP_054219782.1	NP_001336483.1	0	N/A	31.818	374	42	1.45e-39	155	poly(A) RNA polymerase GLD2 isoform 2 [Homo sapiens]	TRUE	TENT2
XP_054219782.1	NP_001284673.1	0	N/A	31.818	374	42	1.45e-39	155	poly(A) RNA polymerase GLD2 isoform 2 [Homo sapiens]	TRUE	TENT2
XP_054219782.1	NP_001375042.1	0	N/A	31.551	374	42	3.01e-39	154	poly(A) RNA polymerase GLD2 isoform 16 [Homo sapiens]	TRUE	TENT2
XP_054219782.1	XP_047272808.1	0	N/A	31.551	374	42	3.03e-39	154	poly(A) RNA polymerase GLD2 isoform X3 [Homo sapiens]	TRUE	TENT2
XP_054219782.1	XP_047272807.1	0	N/A	31.551	374	42	3.03e-39	154	poly(A) RNA polymerase GLD2 isoform X3 [Homo sapiens]	TRUE	TENT2
XP_054219782.1	XP_047272806.1	0	N/A	31.551	374	42	3.03e-39	154	poly(A) RNA polymerase GLD2 isoform X3 [Homo sapiens]	TRUE	TENT2
XP_054219782.1	NP_776158.2	0	N/A	31.551	374	42	3.03e-39	154	poly(A) RNA polymerase GLD2 isoform 1 [Homo sapiens]	TRUE	TENT2
XP_054219782.1	NP_001375041.1	0	N/A	31.551	374	42	3.03e-39	154	poly(A) RNA polymerase GLD2 isoform 1 [Homo sapiens]	TRUE	TENT2
XP_054219782.1	NP_001375040.1	0	N/A	31.551	374	42	3.03e-39	154	poly(A) RNA polymerase GLD2 isoform 1 [Homo sapiens]	TRUE	TENT2
XP_054219782.1	NP_001375039.1	0	N/A	31.551	374	42	3.03e-39	154	poly(A) RNA polymerase GLD2 isoform 1 [Homo sapiens]	TRUE	TENT2
XP_054219782.1	NP_001375038.1	0	N/A	31.551	374	42	3.03e-39	154	poly(A) RNA polymerase GLD2 isoform 1 [Homo sapiens]	TRUE	TENT2
XP_054219782.1	NP_001375037.1	0	N/A	31.551	374	42	3.03e-39	154	poly(A) RNA polymerase GLD2 isoform 1 [Homo sapiens]	TRUE	TENT2
XP_054219782.1	NP_001375036.1	0	N/A	31.551	374	42	3.03e-39	154	poly(A) RNA polymerase GLD2 isoform 1 [Homo sapiens]	TRUE	TENT2
XP_054219782.1	NP_001375035.1	0	N/A	31.551	374	42	3.03e-39	154	poly(A) RNA polymerase GLD2 isoform 1 [Homo sapiens]	TRUE	TENT2
XP_054219782.1	NP_001375034.1	0	N/A	31.551	374	42	3.03e-39	154	poly(A) RNA polymerase GLD2 isoform 1 [Homo sapiens]	TRUE	TENT2
XP_054219782.1	NP_001375032.1	0	N/A	31.551	374	42	3.03e-39	154	poly(A) RNA polymerase GLD2 isoform 1 [Homo sapiens]	TRUE	TENT2
XP_054219782.1	NP_001375031.1	0	N/A	31.551	374	42	3.03e-39	154	poly(A) RNA polymerase GLD2 isoform 1 [Homo sapiens]	TRUE	TENT2
XP_054219782.1	NP_001336482.1	0	N/A	31.551	374	42	3.03e-39	154	poly(A) RNA polymerase GLD2 isoform 1 [Homo sapiens]	TRUE	TENT2
XP_054219782.1	NP_001336481.1	0	N/A	31.551	374	42	3.03e-39	154	poly(A) RNA polymerase GLD2 isoform 1 [Homo sapiens]	TRUE	TENT2
XP_054219782.1	NP_001107866.1	0	N/A	31.551	374	42	3.03e-39	154	poly(A) RNA polymerase GLD2 isoform 1 [Homo sapiens]	TRUE	TENT2
XP_054219782.1	NP_001107865.1	0	N/A	31.551	374	42	3.03e-39	154	poly(A) RNA polymerase GLD2 isoform 1 [Homo sapiens]	TRUE	TENT2
XP_054219782.1	XP_016856307.1	0	N/A	52.143	140	17	5.92e-39	158	terminal uridylyltransferase 4 isoform X45 [Homo sapiens]	TRUE	Tut4
XP_055859642.1	NP_060579.3	0	N/A	27.462	528	51	3.22e-44	172	poly(A) RNA polymerase, mitochondrial precursor [Homo sapiens]	TRUE	mtPAP
XP_055859642.1	NP_073741.3	0	N/A	34.454	238	23	2.44e-28	125	speckle targeted PIP5K1A-regulated poly(A) polymerase isoform 1 [Homo sapiens]	TRUE	Tut1
XP_055859642.1	XP_047272305.1	0	N/A	27.922	308	30	1.56e-23	110	terminal uridylyltransferase 4 isoform X17 [Homo sapiens]	TRUE	Tut4
XP_055859642.1	XP_047272295.1	0	N/A	27.922	308	30	1.91e-23	110	terminal uridylyltransferase 4 isoform X12 [Homo sapiens]	TRUE	Tut4
XP_055859642.1	XP_047272296.1	0	N/A	27.922	308	30	1.96e-23	110	terminal uridylyltransferase 4 isoform X13 [Homo sapiens]	TRUE	Tut4
XP_055859642.1	XP_047272290.1	0	N/A	27.922	308	30	2.01e-23	110	terminal uridylyltransferase 4 isoform X11 [Homo sapiens]	TRUE	Tut4
XP_055859642.1	XP_047272372.1	0	N/A	27.922	308	30	2.13e-23	110	terminal uridylyltransferase 4 isoform X42 [Homo sapiens]	TRUE	Tut4
XP_055859642.1	XP_047272286.1	0	N/A	27.922	308	30	2.16e-23	110	terminal uridylyltransferase 4 isoform X8 [Homo sapiens]	TRUE	Tut4
XP_055859642.1	XP_047272350.1	0	N/A	27.922	308	30	2.28e-23	110	terminal uridylyltransferase 4 isoform X34 [Homo sapiens]	TRUE	Tut4
XP_055859642.1	XP_047272344.1	0	N/A	27.922	308	30	2.51e-23	110	terminal uridylyltransferase 4 isoform X30 [Homo sapiens]	TRUE	Tut4
XP_055859642.1	XP_016856293.1	0	N/A	28.239	301	29	1.12e-22	107	terminal uridylyltransferase 4 isoform X16 [Homo sapiens]	TRUE	Tut4
XP_055859642.1	XP_047272283.1	0	N/A	28.239	301	29	1.22e-22	107	terminal uridylyltransferase 4 isoform X6 [Homo sapiens]	TRUE	Tut4
XP_055859642.1	XP_005270737.1	0	N/A	28.239	301	29	1.22e-22	107	terminal uridylyltransferase 4 isoform X6 [Homo sapiens]	TRUE	Tut4
XP_055859642.1	XP_016856292.1	0	N/A	28.239	301	29	1.22e-22	107	terminal uridylyltransferase 4 isoform X9 [Homo sapiens]	TRUE	Tut4
XP_055859642.1	XP_047272288.1	0	N/A	28.239	301	29	1.24e-22	107	terminal uridylyltransferase 4 isoform X10 [Homo sapiens]	TRUE	Tut4
XP_055859642.1	XP_047272285.1	0	N/A	28.239	301	29	1.32e-22	107	terminal uridylyltransferase 4 isoform X7 [Homo sapiens]	TRUE	Tut4
XP_055859642.1	XP_016856299.1	0	N/A	28.239	301	29	1.33e-22	107	terminal uridylyltransferase 4 isoform X40 [Homo sapiens]	TRUE	Tut4
XP_055859642.1	XP_005270735.1	0	N/A	28.239	301	29	1.34e-22	107	terminal uridylyltransferase 4 isoform X2 [Homo sapiens]	TRUE	Tut4
XP_055859642.1	XP_011539399.1	0	N/A	28.239	301	29	1.35e-22	107	terminal uridylyltransferase 4 isoform X1 [Homo sapiens]	TRUE	Tut4
XP_055859642.1	XP_005270733.1	0	N/A	28.239	301	29	1.35e-22	107	terminal uridylyltransferase 4 isoform X1 [Homo sapiens]	TRUE	Tut4
XP_055859642.1	XP_047272280.1	0	N/A	28.239	301	29	1.39e-22	107	terminal uridylyltransferase 4 isoform X3 [Homo sapiens]	TRUE	Tut4
XP_055859642.1	XP_005270736.1	0	N/A	28.239	301	29	1.39e-22	107	terminal uridylyltransferase 4 isoform X3 [Homo sapiens]	TRUE	Tut4
XP_055859642.1	XP_047272282.1	0	N/A	28.239	301	29	1.41e-22	107	terminal uridylyltransferase 4 isoform X5 [Homo sapiens]	TRUE	Tut4
XP_055859642.1	NP_056084.1	0	N/A	28.239	301	29	1.41e-22	107	terminal uridylyltransferase 4 isoform b [Homo sapiens]	TRUE	Tut4
XP_055859642.1	XP_047272281.1	0	N/A	28.239	301	29	1.41e-22	107	terminal uridylyltransferase 4 isoform X4 [Homo sapiens]	TRUE	Tut4
XP_055859642.1	NP_001009881.1	0	N/A	28.239	301	29	1.41e-22	107	terminal uridylyltransferase 4 isoform a [Homo sapiens]	TRUE	Tut4
XP_055859642.1	XP_005270739.1	0	N/A	28.239	301	29	1.42e-22	107	terminal uridylyltransferase 4 isoform X33 [Homo sapiens]	TRUE	Tut4
XP_055859642.1	XP_047272365.1	0	N/A	28.239	301	29	1.47e-22	107	terminal uridylyltransferase 4 isoform X38 [Homo sapiens]	TRUE	Tut4
XP_055859642.1	XP_016856297.1	0	N/A	28.239	301	29	1.49e-22	107	terminal uridylyltransferase 4 isoform X36 [Homo sapiens]	TRUE	Tut4
XP_055859642.1	XP_011539401.1	0	N/A	28.239	301	29	1.63e-22	107	terminal uridylyltransferase 4 isoform X29 [Homo sapiens]	TRUE	Tut4
XP_055859642.1	XP_016856296.1	0	N/A	28.239	301	29	1.73e-22	107	terminal uridylyltransferase 4 isoform X28 [Homo sapiens]	TRUE	Tut4
XP_055859642.1	XP_047272345.1	0	N/A	28.239	301	29	1.75e-22	107	terminal uridylyltransferase 4 isoform X31 [Homo sapiens]	TRUE	Tut4
XP_055859642.1	XP_047272325.1	0	N/A	28.239	301	29	1.84e-22	107	terminal uridylyltransferase 4 isoform X23 [Homo sapiens]	TRUE	Tut4
XP_055859642.1	XP_016856295.1	0	N/A	28.239	301	29	1.85e-22	107	terminal uridylyltransferase 4 isoform X25 [Homo sapiens]	TRUE	Tut4
XP_055859642.1	XP_047272337.1	0	N/A	28.239	301	29	2.03e-22	107	terminal uridylyltransferase 4 isoform X27 [Homo sapiens]	TRUE	Tut4
XP_055859642.1	XP_047272384.1	0	N/A	28.239	301	29	2.62e-22	106	terminal uridylyltransferase 4 isoform X46 [Homo sapiens]	TRUE	Tut4
XP_055859642.1	NP_001317647.1	0	N/A	24.688	320	31	8.41e-20	97.8	terminal uridylyltransferase 7 isoform 3 [Homo sapiens]	TRUE	Tut7
XP_055859642.1	XP_047279823.1	0	N/A	25	320	31	1.01e-19	98.2	terminal uridylyltransferase 7 isoform X2 [Homo sapiens]	TRUE	Tut7
XP_055859642.1	XP_006717346.1	0	N/A	25	320	31	1.01e-19	98.2	terminal uridylyltransferase 7 isoform X2 [Homo sapiens]	TRUE	Tut7
XP_055859642.1	XP_011517318.1	0	N/A	25	320	31	1.26e-19	97.8	terminal uridylyltransferase 7 isoform X5 [Homo sapiens]	TRUE	Tut7
XP_055859642.1	XP_011517317.1	0	N/A	25	320	31	1.28e-19	97.8	terminal uridylyltransferase 7 isoform X3 [Homo sapiens]	TRUE	Tut7
XP_055859642.1	XP_016870620.1	0	N/A	25	320	31	1.32e-19	97.8	terminal uridylyltransferase 7 isoform X4 [Homo sapiens]	TRUE	Tut7
XP_055859642.1	XP_016870619.1	0	N/A	25	320	31	1.32e-19	97.8	terminal uridylyltransferase 7 isoform X4 [Homo sapiens]	TRUE	Tut7
XP_055859642.1	NP_078893.2	0	N/A	25	320	31	1.32e-19	97.8	terminal uridylyltransferase 7 isoform 1 [Homo sapiens]	TRUE	Tut7
XP_055859642.1	NP_001171988.1	0	N/A	25	320	31	1.32e-19	97.8	terminal uridylyltransferase 7 isoform 1 [Homo sapiens]	TRUE	Tut7
XP_055859642.1	XP_047279825.1	0	N/A	25	320	31	1.32e-19	97.8	terminal uridylyltransferase 7 isoform X6 [Homo sapiens]	TRUE	Tut7
XP_055859642.1	XP_047279824.1	0	N/A	25	320	31	1.32e-19	97.8	terminal uridylyltransferase 7 isoform X6 [Homo sapiens]	TRUE	Tut7
XP_055859642.1	XP_005252264.1	0	N/A	25	320	31	1.32e-19	97.8	terminal uridylyltransferase 7 isoform X6 [Homo sapiens]	TRUE	Tut7
XP_055859642.1	XP_011517316.1	0	N/A	25	320	31	1.41e-19	97.8	terminal uridylyltransferase 7 isoform X1 [Homo sapiens]	TRUE	Tut7
XP_055859642.1	XP_011517315.1	0	N/A	25	320	31	1.41e-19	97.8	terminal uridylyltransferase 7 isoform X1 [Homo sapiens]	TRUE	Tut7
XP_055859642.1	XP_011517314.1	0	N/A	25	320	31	1.41e-19	97.8	terminal uridylyltransferase 7 isoform X1 [Homo sapiens]	TRUE	Tut7
XP_055859642.1	XP_011517313.1	0	N/A	25	320	31	1.41e-19	97.8	terminal uridylyltransferase 7 isoform X1 [Homo sapiens]	TRUE	Tut7
XP_055859642.1	XP_005252265.1	0	N/A	25	320	31	2.02e-19	97.4	terminal uridylyltransferase 7 isoform X7 [Homo sapiens]	TRUE	Tut7
XP_055859642.1	NP_001172003.1	0	N/A	26.613	248	24	7.38e-18	92	terminal uridylyltransferase 7 isoform 2 [Homo sapiens]	TRUE	Tut7
XP_055859642.1	NP_001354835.1	0	N/A	29.493	217	21	1.34e-17	89.7	speckle targeted PIP5K1A-regulated poly(A) polymerase isoform 2 [Homo sapiens]	TRUE	Tut1
XP_055859642.1	XP_047272801.1	0	N/A	21.959	296	29	4.21e-12	72.4	poly(A) RNA polymerase GLD2 isoform X1 [Homo sapiens]	TRUE	TENT2
XP_055859642.1	XP_047272800.1	0	N/A	21.959	296	29	4.21e-12	72.4	poly(A) RNA polymerase GLD2 isoform X1 [Homo sapiens]	TRUE	TENT2
XP_055859642.1	XP_011541527.1	0	N/A	21.959	296	29	4.21e-12	72.4	poly(A) RNA polymerase GLD2 isoform X1 [Homo sapiens]	TRUE	TENT2
XP_055859642.1	XP_011541526.1	0	N/A	21.959	296	29	4.21e-12	72.4	poly(A) RNA polymerase GLD2 isoform X1 [Homo sapiens]	TRUE	TENT2
XP_055859642.1	XP_011541523.1	0	N/A	21.959	296	29	4.21e-12	72.4	poly(A) RNA polymerase GLD2 isoform X1 [Homo sapiens]	TRUE	TENT2
XP_055859642.1	XP_011541522.1	0	N/A	21.959	296	29	4.21e-12	72.4	poly(A) RNA polymerase GLD2 isoform X1 [Homo sapiens]	TRUE	TENT2
XP_055859642.1	NP_001375023.1	0	N/A	21.959	296	29	4.21e-12	72.4	poly(A) RNA polymerase GLD2 isoform 5 [Homo sapiens]	TRUE	TENT2
XP_055859642.1	NP_001375022.1	0	N/A	21.959	296	29	4.21e-12	72.4	poly(A) RNA polymerase GLD2 isoform 5 [Homo sapiens]	TRUE	TENT2
XP_055859642.1	NP_001336479.1	0	N/A	21.959	296	29	4.21e-12	72.4	poly(A) RNA polymerase GLD2 isoform 5 [Homo sapiens]	TRUE	TENT2
XP_055859642.1	NP_001336478.1	0	N/A	21.959	296	29	4.21e-12	72.4	poly(A) RNA polymerase GLD2 isoform 5 [Homo sapiens]	TRUE	TENT2
XP_055859642.1	NP_001375027.1	0	N/A	22.819	298	29	4.74e-12	72.4	poly(A) RNA polymerase GLD2 isoform 7 [Homo sapiens]	TRUE	TENT2
XP_055859642.1	XP_047272805.1	0	N/A	22.819	298	29	5.14e-12	72	poly(A) RNA polymerase GLD2 isoform X2 [Homo sapiens]	TRUE	TENT2
XP_055859642.1	XP_047272804.1	0	N/A	22.819	298	29	5.14e-12	72	poly(A) RNA polymerase GLD2 isoform X2 [Homo sapiens]	TRUE	TENT2
XP_055859642.1	XP_047272803.1	0	N/A	22.819	298	29	5.14e-12	72	poly(A) RNA polymerase GLD2 isoform X2 [Homo sapiens]	TRUE	TENT2
XP_055859642.1	XP_047272802.1	0	N/A	22.819	298	29	5.14e-12	72	poly(A) RNA polymerase GLD2 isoform X2 [Homo sapiens]	TRUE	TENT2
XP_055859642.1	XP_016864641.1	0	N/A	22.819	298	29	5.14e-12	72	poly(A) RNA polymerase GLD2 isoform X2 [Homo sapiens]	TRUE	TENT2
XP_055859642.1	NP_001375026.1	0	N/A	22.819	298	29	5.14e-12	72	poly(A) RNA polymerase GLD2 isoform 6 [Homo sapiens]	TRUE	TENT2
XP_055859642.1	NP_001375025.1	0	N/A	22.819	298	29	5.14e-12	72	poly(A) RNA polymerase GLD2 isoform 6 [Homo sapiens]	TRUE	TENT2
XP_055859642.1	NP_001375024.1	0	N/A	22.819	298	29	5.14e-12	72	poly(A) RNA polymerase GLD2 isoform 6 [Homo sapiens]	TRUE	TENT2
XP_055859642.1	NP_001336480.1	0	N/A	22.819	298	29	5.14e-12	72	poly(A) RNA polymerase GLD2 isoform 6 [Homo sapiens]	TRUE	TENT2
XP_055859642.1	NP_001375042.1	0	N/A	22.973	296	29	7.63e-12	71.6	poly(A) RNA polymerase GLD2 isoform 16 [Homo sapiens]	TRUE	TENT2
XP_055859642.1	XP_047272808.1	0	N/A	22.973	296	29	8.07e-12	71.6	poly(A) RNA polymerase GLD2 isoform X3 [Homo sapiens]	TRUE	TENT2
XP_055859642.1	XP_047272807.1	0	N/A	22.973	296	29	8.07e-12	71.6	poly(A) RNA polymerase GLD2 isoform X3 [Homo sapiens]	TRUE	TENT2
XP_055859642.1	XP_047272806.1	0	N/A	22.973	296	29	8.07e-12	71.6	poly(A) RNA polymerase GLD2 isoform X3 [Homo sapiens]	TRUE	TENT2
XP_055859642.1	NP_776158.2	0	N/A	22.973	296	29	8.07e-12	71.6	poly(A) RNA polymerase GLD2 isoform 1 [Homo sapiens]	TRUE	TENT2
XP_055859642.1	NP_001375041.1	0	N/A	22.973	296	29	8.07e-12	71.6	poly(A) RNA polymerase GLD2 isoform 1 [Homo sapiens]	TRUE	TENT2
XP_055859642.1	NP_001375040.1	0	N/A	22.973	296	29	8.07e-12	71.6	poly(A) RNA polymerase GLD2 isoform 1 [Homo sapiens]	TRUE	TENT2
XP_055859642.1	NP_001375039.1	0	N/A	22.973	296	29	8.07e-12	71.6	poly(A) RNA polymerase GLD2 isoform 1 [Homo sapiens]	TRUE	TENT2
XP_055859642.1	NP_001375038.1	0	N/A	22.973	296	29	8.07e-12	71.6	poly(A) RNA polymerase GLD2 isoform 1 [Homo sapiens]	TRUE	TENT2
XP_055859642.1	NP_001375037.1	0	N/A	22.973	296	29	8.07e-12	71.6	poly(A) RNA polymerase GLD2 isoform 1 [Homo sapiens]	TRUE	TENT2
XP_055859642.1	NP_001375036.1	0	N/A	22.973	296	29	8.07e-12	71.6	poly(A) RNA polymerase GLD2 isoform 1 [Homo sapiens]	TRUE	TENT2
XP_055859642.1	NP_001375035.1	0	N/A	22.973	296	29	8.07e-12	71.6	poly(A) RNA polymerase GLD2 isoform 1 [Homo sapiens]	TRUE	TENT2
XP_055859642.1	NP_001375034.1	0	N/A	22.973	296	29	8.07e-12	71.6	poly(A) RNA polymerase GLD2 isoform 1 [Homo sapiens]	TRUE	TENT2
XP_055859642.1	NP_001375032.1	0	N/A	22.973	296	29	8.07e-12	71.6	poly(A) RNA polymerase GLD2 isoform 1 [Homo sapiens]	TRUE	TENT2
XP_055859642.1	NP_001375031.1	0	N/A	22.973	296	29	8.07e-12	71.6	poly(A) RNA polymerase GLD2 isoform 1 [Homo sapiens]	TRUE	TENT2
XP_055859642.1	NP_001336482.1	0	N/A	22.973	296	29	8.07e-12	71.6	poly(A) RNA polymerase GLD2 isoform 1 [Homo sapiens]	TRUE	TENT2
XP_055859642.1	NP_001336481.1	0	N/A	22.973	296	29	8.07e-12	71.6	poly(A) RNA polymerase GLD2 isoform 1 [Homo sapiens]	TRUE	TENT2
XP_055859642.1	NP_001107866.1	0	N/A	22.973	296	29	8.07e-12	71.6	poly(A) RNA polymerase GLD2 isoform 1 [Homo sapiens]	TRUE	TENT2
XP_055859642.1	NP_001107865.1	0	N/A	22.973	296	29	8.07e-12	71.6	poly(A) RNA polymerase GLD2 isoform 1 [Homo sapiens]	TRUE	TENT2
XP_055859642.1	NP_001375029.1	0	N/A	23.529	306	29	8.69e-12	71.2	poly(A) RNA polymerase GLD2 isoform 8 [Homo sapiens]	TRUE	TENT2
XP_055859642.1	NP_001375028.1	0	N/A	23.529	306	29	8.69e-12	71.2	poly(A) RNA polymerase GLD2 isoform 8 [Homo sapiens]	TRUE	TENT2
XP_055859642.1	NP_001375060.1	0	N/A	22.973	296	29	8.89e-12	71.2	poly(A) RNA polymerase GLD2 isoform 11 [Homo sapiens]	TRUE	TENT2
XP_055859642.1	NP_001375059.1	0	N/A	22.973	296	29	1.5e-11	70.5	poly(A) RNA polymerase GLD2 isoform 10 [Homo sapiens]	TRUE	TENT2
XP_055859642.1	XP_047272811.1	0	N/A	22.973	296	29	1.69e-11	70.5	poly(A) RNA polymerase GLD2 isoform X4 [Homo sapiens]	TRUE	TENT2
XP_055859642.1	XP_047272810.1	0	N/A	22.973	296	29	1.69e-11	70.5	poly(A) RNA polymerase GLD2 isoform X4 [Homo sapiens]	TRUE	TENT2
XP_055860704.1	NP_060579.3	0	N/A	28.302	477	69	3.79e-51	189	poly(A) RNA polymerase, mitochondrial precursor [Homo sapiens]	TRUE	mtPAP
XP_055860704.1	NP_001317647.1	0	N/A	29.73	296	43	2.24e-25	114	terminal uridylyltransferase 7 isoform 3 [Homo sapiens]	TRUE	Tut7
XP_055860704.1	XP_016856297.1	0	N/A	30.796	289	41	2.57e-25	114	terminal uridylyltransferase 4 isoform X36 [Homo sapiens]	TRUE	Tut4
XP_055860704.1	XP_047272285.1	0	N/A	30.796	289	41	2.59e-25	114	terminal uridylyltransferase 4 isoform X7 [Homo sapiens]	TRUE	Tut4
XP_055860704.1	XP_016856292.1	0	N/A	30.796	289	41	2.61e-25	114	terminal uridylyltransferase 4 isoform X9 [Homo sapiens]	TRUE	Tut4
XP_055860704.1	XP_047272288.1	0	N/A	30.796	289	41	2.79e-25	114	terminal uridylyltransferase 4 isoform X10 [Homo sapiens]	TRUE	Tut4
XP_055860704.1	XP_047272365.1	0	N/A	30.796	289	41	2.83e-25	114	terminal uridylyltransferase 4 isoform X38 [Homo sapiens]	TRUE	Tut4
XP_055860704.1	XP_047272296.1	0	N/A	30.796	289	41	2.84e-25	114	terminal uridylyltransferase 4 isoform X13 [Homo sapiens]	TRUE	Tut4
XP_055860704.1	XP_011539399.1	0	N/A	30.796	289	41	2.86e-25	114	terminal uridylyltransferase 4 isoform X1 [Homo sapiens]	TRUE	Tut4
XP_055860704.1	XP_005270733.1	0	N/A	30.796	289	41	2.86e-25	114	terminal uridylyltransferase 4 isoform X1 [Homo sapiens]	TRUE	Tut4
XP_055860704.1	XP_005270739.1	0	N/A	30.796	289	41	2.89e-25	114	terminal uridylyltransferase 4 isoform X33 [Homo sapiens]	TRUE	Tut4
XP_055860704.1	XP_016856293.1	0	N/A	30.796	289	41	2.91e-25	114	terminal uridylyltransferase 4 isoform X16 [Homo sapiens]	TRUE	Tut4
XP_055860704.1	XP_047272286.1	0	N/A	30.796	289	41	2.92e-25	114	terminal uridylyltransferase 4 isoform X8 [Homo sapiens]	TRUE	Tut4
XP_055860704.1	XP_047272325.1	0	N/A	30.796	289	41	2.94e-25	114	terminal uridylyltransferase 4 isoform X23 [Homo sapiens]	TRUE	Tut4
XP_055860704.1	XP_005270735.1	0	N/A	30.796	289	41	2.97e-25	114	terminal uridylyltransferase 4 isoform X2 [Homo sapiens]	TRUE	Tut4
XP_055860704.1	XP_011539401.1	0	N/A	30.796	289	41	2.97e-25	114	terminal uridylyltransferase 4 isoform X29 [Homo sapiens]	TRUE	Tut4
XP_055860704.1	XP_016856299.1	0	N/A	30.796	289	41	3.01e-25	114	terminal uridylyltransferase 4 isoform X40 [Homo sapiens]	TRUE	Tut4
XP_055860704.1	XP_047272372.1	0	N/A	30.796	289	41	3.01e-25	114	terminal uridylyltransferase 4 isoform X42 [Homo sapiens]	TRUE	Tut4
XP_055860704.1	XP_047272281.1	0	N/A	30.796	289	41	3.09e-25	114	terminal uridylyltransferase 4 isoform X4 [Homo sapiens]	TRUE	Tut4
XP_055860704.1	NP_001009881.1	0	N/A	30.796	289	41	3.09e-25	114	terminal uridylyltransferase 4 isoform a [Homo sapiens]	TRUE	Tut4
XP_055860704.1	XP_016856295.1	0	N/A	30.796	289	41	3.12e-25	114	terminal uridylyltransferase 4 isoform X25 [Homo sapiens]	TRUE	Tut4
XP_055860704.1	XP_047272295.1	0	N/A	30.796	289	41	3.13e-25	114	terminal uridylyltransferase 4 isoform X12 [Homo sapiens]	TRUE	Tut4
XP_055860704.1	XP_047272345.1	0	N/A	30.796	289	41	3.13e-25	114	terminal uridylyltransferase 4 isoform X31 [Homo sapiens]	TRUE	Tut4
XP_055860704.1	XP_047272344.1	0	N/A	30.796	289	41	3.16e-25	114	terminal uridylyltransferase 4 isoform X30 [Homo sapiens]	TRUE	Tut4
XP_055860704.1	XP_047272282.1	0	N/A	30.796	289	41	3.17e-25	114	terminal uridylyltransferase 4 isoform X5 [Homo sapiens]	TRUE	Tut4
XP_055860704.1	NP_056084.1	0	N/A	30.796	289	41	3.17e-25	114	terminal uridylyltransferase 4 isoform b [Homo sapiens]	TRUE	Tut4
XP_055860704.1	XP_047272290.1	0	N/A	30.796	289	41	3.21e-25	114	terminal uridylyltransferase 4 isoform X11 [Homo sapiens]	TRUE	Tut4
XP_055860704.1	XP_047272283.1	0	N/A	30.796	289	41	3.23e-25	114	terminal uridylyltransferase 4 isoform X6 [Homo sapiens]	TRUE	Tut4
XP_055860704.1	XP_005270737.1	0	N/A	30.796	289	41	3.23e-25	114	terminal uridylyltransferase 4 isoform X6 [Homo sapiens]	TRUE	Tut4
XP_055860704.1	XP_047272350.1	0	N/A	30.796	289	41	3.23e-25	114	terminal uridylyltransferase 4 isoform X34 [Homo sapiens]	TRUE	Tut4
XP_055860704.1	XP_047272305.1	0	N/A	30.796	289	41	3.26e-25	114	terminal uridylyltransferase 4 isoform X17 [Homo sapiens]	TRUE	Tut4
XP_055860704.1	XP_047272280.1	0	N/A	30.796	289	41	3.32e-25	114	terminal uridylyltransferase 4 isoform X3 [Homo sapiens]	TRUE	Tut4
XP_055860704.1	XP_005270736.1	0	N/A	30.796	289	41	3.32e-25	114	terminal uridylyltransferase 4 isoform X3 [Homo sapiens]	TRUE	Tut4
XP_055860704.1	XP_005252265.1	0	N/A	29.73	296	43	3.58e-25	114	terminal uridylyltransferase 7 isoform X7 [Homo sapiens]	TRUE	Tut7
XP_055860704.1	XP_047279823.1	0	N/A	29.73	296	43	3.59e-25	114	terminal uridylyltransferase 7 isoform X2 [Homo sapiens]	TRUE	Tut7
XP_055860704.1	XP_006717346.1	0	N/A	29.73	296	43	3.59e-25	114	terminal uridylyltransferase 7 isoform X2 [Homo sapiens]	TRUE	Tut7
XP_055860704.1	XP_016856296.1	0	N/A	30.796	289	41	3.71e-25	114	terminal uridylyltransferase 4 isoform X28 [Homo sapiens]	TRUE	Tut4
XP_055860704.1	XP_047272337.1	0	N/A	30.796	289	41	3.72e-25	114	terminal uridylyltransferase 4 isoform X27 [Homo sapiens]	TRUE	Tut4
XP_055860704.1	XP_011517318.1	0	N/A	29.73	296	43	3.76e-25	114	terminal uridylyltransferase 7 isoform X5 [Homo sapiens]	TRUE	Tut7
XP_055860704.1	XP_016870620.1	0	N/A	29.73	296	43	3.84e-25	114	terminal uridylyltransferase 7 isoform X4 [Homo sapiens]	TRUE	Tut7
XP_055860704.1	XP_016870619.1	0	N/A	29.73	296	43	3.84e-25	114	terminal uridylyltransferase 7 isoform X4 [Homo sapiens]	TRUE	Tut7
XP_055860704.1	NP_078893.2	0	N/A	29.73	296	43	3.84e-25	114	terminal uridylyltransferase 7 isoform 1 [Homo sapiens]	TRUE	Tut7
XP_055860704.1	NP_001171988.1	0	N/A	29.73	296	43	3.84e-25	114	terminal uridylyltransferase 7 isoform 1 [Homo sapiens]	TRUE	Tut7
XP_055860704.1	XP_047279825.1	0	N/A	29.73	296	43	4.09e-25	114	terminal uridylyltransferase 7 isoform X6 [Homo sapiens]	TRUE	Tut7
XP_055860704.1	XP_047279824.1	0	N/A	29.73	296	43	4.09e-25	114	terminal uridylyltransferase 7 isoform X6 [Homo sapiens]	TRUE	Tut7
XP_055860704.1	XP_005252264.1	0	N/A	29.73	296	43	4.09e-25	114	terminal uridylyltransferase 7 isoform X6 [Homo sapiens]	TRUE	Tut7
XP_055860704.1	XP_011517316.1	0	N/A	29.73	296	43	4.6e-25	114	terminal uridylyltransferase 7 isoform X1 [Homo sapiens]	TRUE	Tut7
XP_055860704.1	XP_011517315.1	0	N/A	29.73	296	43	4.6e-25	114	terminal uridylyltransferase 7 isoform X1 [Homo sapiens]	TRUE	Tut7
XP_055860704.1	XP_011517314.1	0	N/A	29.73	296	43	4.6e-25	114	terminal uridylyltransferase 7 isoform X1 [Homo sapiens]	TRUE	Tut7
XP_055860704.1	XP_011517313.1	0	N/A	29.73	296	43	4.6e-25	114	terminal uridylyltransferase 7 isoform X1 [Homo sapiens]	TRUE	Tut7
XP_055860704.1	XP_011517317.1	0	N/A	29.73	296	43	5.09e-25	114	terminal uridylyltransferase 7 isoform X3 [Homo sapiens]	TRUE	Tut7
XP_055860704.1	XP_047272384.1	0	N/A	30.796	289	41	7.41e-25	112	terminal uridylyltransferase 4 isoform X46 [Homo sapiens]	TRUE	Tut4
XP_055860704.1	XP_047272801.1	0	N/A	29.195	298	43	7.66e-25	111	poly(A) RNA polymerase GLD2 isoform X1 [Homo sapiens]	TRUE	TENT2
XP_055860704.1	XP_047272800.1	0	N/A	29.195	298	43	7.66e-25	111	poly(A) RNA polymerase GLD2 isoform X1 [Homo sapiens]	TRUE	TENT2
XP_055860704.1	XP_011541527.1	0	N/A	29.195	298	43	7.66e-25	111	poly(A) RNA polymerase GLD2 isoform X1 [Homo sapiens]	TRUE	TENT2
XP_055860704.1	XP_011541526.1	0	N/A	29.195	298	43	7.66e-25	111	poly(A) RNA polymerase GLD2 isoform X1 [Homo sapiens]	TRUE	TENT2
XP_055860704.1	XP_011541523.1	0	N/A	29.195	298	43	7.66e-25	111	poly(A) RNA polymerase GLD2 isoform X1 [Homo sapiens]	TRUE	TENT2
XP_055860704.1	XP_011541522.1	0	N/A	29.195	298	43	7.66e-25	111	poly(A) RNA polymerase GLD2 isoform X1 [Homo sapiens]	TRUE	TENT2
XP_055860704.1	NP_001375023.1	0	N/A	29.195	298	43	7.66e-25	111	poly(A) RNA polymerase GLD2 isoform 5 [Homo sapiens]	TRUE	TENT2
XP_055860704.1	NP_001375022.1	0	N/A	29.195	298	43	7.66e-25	111	poly(A) RNA polymerase GLD2 isoform 5 [Homo sapiens]	TRUE	TENT2
XP_055860704.1	NP_001336479.1	0	N/A	29.195	298	43	7.66e-25	111	poly(A) RNA polymerase GLD2 isoform 5 [Homo sapiens]	TRUE	TENT2
XP_055860704.1	NP_001336478.1	0	N/A	29.195	298	43	7.66e-25	111	poly(A) RNA polymerase GLD2 isoform 5 [Homo sapiens]	TRUE	TENT2
XP_055860704.1	XP_047272805.1	0	N/A	29.293	297	43	1.13e-24	110	poly(A) RNA polymerase GLD2 isoform X2 [Homo sapiens]	TRUE	TENT2
XP_055860704.1	XP_047272804.1	0	N/A	29.293	297	43	1.13e-24	110	poly(A) RNA polymerase GLD2 isoform X2 [Homo sapiens]	TRUE	TENT2
XP_055860704.1	XP_047272803.1	0	N/A	29.293	297	43	1.13e-24	110	poly(A) RNA polymerase GLD2 isoform X2 [Homo sapiens]	TRUE	TENT2
XP_055860704.1	XP_047272802.1	0	N/A	29.293	297	43	1.13e-24	110	poly(A) RNA polymerase GLD2 isoform X2 [Homo sapiens]	TRUE	TENT2
XP_055860704.1	XP_016864641.1	0	N/A	29.293	297	43	1.13e-24	110	poly(A) RNA polymerase GLD2 isoform X2 [Homo sapiens]	TRUE	TENT2
XP_055860704.1	NP_001375026.1	0	N/A	29.293	297	43	1.13e-24	110	poly(A) RNA polymerase GLD2 isoform 6 [Homo sapiens]	TRUE	TENT2
XP_055860704.1	NP_001375025.1	0	N/A	29.293	297	43	1.13e-24	110	poly(A) RNA polymerase GLD2 isoform 6 [Homo sapiens]	TRUE	TENT2
XP_055860704.1	NP_001375024.1	0	N/A	29.293	297	43	1.13e-24	110	poly(A) RNA polymerase GLD2 isoform 6 [Homo sapiens]	TRUE	TENT2
XP_055860704.1	NP_001336480.1	0	N/A	29.293	297	43	1.13e-24	110	poly(A) RNA polymerase GLD2 isoform 6 [Homo sapiens]	TRUE	TENT2
XP_055860704.1	NP_001375027.1	0	N/A	29.293	297	43	1.24e-24	110	poly(A) RNA polymerase GLD2 isoform 7 [Homo sapiens]	TRUE	TENT2
XP_055860704.1	NP_001375065.1	0	N/A	27.931	290	43	6.03e-24	106	poly(A) RNA polymerase GLD2 isoform 14 [Homo sapiens]	TRUE	TENT2
XP_055860704.1	NP_001375042.1	0	N/A	27.835	291	43	8.41e-24	107	poly(A) RNA polymerase GLD2 isoform 16 [Homo sapiens]	TRUE	TENT2
XP_055860704.1	XP_047272808.1	0	N/A	27.835	291	43	8.56e-24	107	poly(A) RNA polymerase GLD2 isoform X3 [Homo sapiens]	TRUE	TENT2
XP_055860704.1	XP_047272807.1	0	N/A	27.835	291	43	8.56e-24	107	poly(A) RNA polymerase GLD2 isoform X3 [Homo sapiens]	TRUE	TENT2
XP_055860704.1	XP_047272806.1	0	N/A	27.835	291	43	8.56e-24	107	poly(A) RNA polymerase GLD2 isoform X3 [Homo sapiens]	TRUE	TENT2
XP_055860704.1	NP_776158.2	0	N/A	27.835	291	43	8.56e-24	107	poly(A) RNA polymerase GLD2 isoform 1 [Homo sapiens]	TRUE	TENT2
XP_055860704.1	NP_001375041.1	0	N/A	27.835	291	43	8.56e-24	107	poly(A) RNA polymerase GLD2 isoform 1 [Homo sapiens]	TRUE	TENT2
XP_055860704.1	NP_001375040.1	0	N/A	27.835	291	43	8.56e-24	107	poly(A) RNA polymerase GLD2 isoform 1 [Homo sapiens]	TRUE	TENT2
XP_055860704.1	NP_001375039.1	0	N/A	27.835	291	43	8.56e-24	107	poly(A) RNA polymerase GLD2 isoform 1 [Homo sapiens]	TRUE	TENT2
XP_055860704.1	NP_001375038.1	0	N/A	27.835	291	43	8.56e-24	107	poly(A) RNA polymerase GLD2 isoform 1 [Homo sapiens]	TRUE	TENT2
XP_055860704.1	NP_001375037.1	0	N/A	27.835	291	43	8.56e-24	107	poly(A) RNA polymerase GLD2 isoform 1 [Homo sapiens]	TRUE	TENT2
XP_055860704.1	NP_001375036.1	0	N/A	27.835	291	43	8.56e-24	107	poly(A) RNA polymerase GLD2 isoform 1 [Homo sapiens]	TRUE	TENT2
XP_055860704.1	NP_001375035.1	0	N/A	27.835	291	43	8.56e-24	107	poly(A) RNA polymerase GLD2 isoform 1 [Homo sapiens]	TRUE	TENT2
XP_055860704.1	NP_001375034.1	0	N/A	27.835	291	43	8.56e-24	107	poly(A) RNA polymerase GLD2 isoform 1 [Homo sapiens]	TRUE	TENT2
XP_055860704.1	NP_001375032.1	0	N/A	27.835	291	43	8.56e-24	107	poly(A) RNA polymerase GLD2 isoform 1 [Homo sapiens]	TRUE	TENT2
XP_055860704.1	NP_001375031.1	0	N/A	27.835	291	43	8.56e-24	107	poly(A) RNA polymerase GLD2 isoform 1 [Homo sapiens]	TRUE	TENT2
XP_055860704.1	NP_001336482.1	0	N/A	27.835	291	43	8.56e-24	107	poly(A) RNA polymerase GLD2 isoform 1 [Homo sapiens]	TRUE	TENT2
XP_055860704.1	NP_001336481.1	0	N/A	27.835	291	43	8.56e-24	107	poly(A) RNA polymerase GLD2 isoform 1 [Homo sapiens]	TRUE	TENT2
XP_055860704.1	NP_001107866.1	0	N/A	27.835	291	43	8.56e-24	107	poly(A) RNA polymerase GLD2 isoform 1 [Homo sapiens]	TRUE	TENT2
XP_055860704.1	NP_001107865.1	0	N/A	27.835	291	43	8.56e-24	107	poly(A) RNA polymerase GLD2 isoform 1 [Homo sapiens]	TRUE	TENT2
XP_055860704.1	NP_001375060.1	0	N/A	27.835	291	43	8.83e-24	107	poly(A) RNA polymerase GLD2 isoform 11 [Homo sapiens]	TRUE	TENT2
XP_055860704.1	XP_047272811.1	0	N/A	27.931	290	43	1.09e-23	107	poly(A) RNA polymerase GLD2 isoform X4 [Homo sapiens]	TRUE	TENT2
XP_055860704.1	XP_047272810.1	0	N/A	27.931	290	43	1.09e-23	107	poly(A) RNA polymerase GLD2 isoform X4 [Homo sapiens]	TRUE	TENT2
XP_055860704.1	XP_047272809.1	0	N/A	27.931	290	43	1.09e-23	107	poly(A) RNA polymerase GLD2 isoform X4 [Homo sapiens]	TRUE	TENT2
XP_055860704.1	NP_001375058.1	0	N/A	27.931	290	43	1.09e-23	107	poly(A) RNA polymerase GLD2 isoform 2 [Homo sapiens]	TRUE	TENT2
XP_055860704.1	NP_001375057.1	0	N/A	27.931	290	43	1.09e-23	107	poly(A) RNA polymerase GLD2 isoform 2 [Homo sapiens]	TRUE	TENT2
XP_055860704.1	NP_001375056.1	0	N/A	27.931	290	43	1.09e-23	107	poly(A) RNA polymerase GLD2 isoform 2 [Homo sapiens]	TRUE	TENT2
XP_055860704.1	NP_001375055.1	0	N/A	27.931	290	43	1.09e-23	107	poly(A) RNA polymerase GLD2 isoform 2 [Homo sapiens]	TRUE	TENT2
XP_055886591.1	XP_016856296.1	0	N/A	38.081	1011	69	0	655	terminal uridylyltransferase 4 isoform X28 [Homo sapiens]	TRUE	Tut4
XP_055886591.1	XP_047272337.1	0	N/A	38.081	1011	69	0	654	terminal uridylyltransferase 4 isoform X27 [Homo sapiens]	TRUE	Tut4
XP_055886591.1	XP_047272325.1	0	N/A	38.081	1011	69	0	654	terminal uridylyltransferase 4 isoform X23 [Homo sapiens]	TRUE	Tut4
XP_055886591.1	XP_016856295.1	0	N/A	38.081	1011	69	0	654	terminal uridylyltransferase 4 isoform X25 [Homo sapiens]	TRUE	Tut4
XP_055886591.1	XP_047272283.1	0	N/A	36.922	1059	69	0	647	terminal uridylyltransferase 4 isoform X6 [Homo sapiens]	TRUE	Tut4
XP_055886591.1	XP_047272282.1	0	N/A	36.922	1059	69	0	647	terminal uridylyltransferase 4 isoform X5 [Homo sapiens]	TRUE	Tut4
XP_055886591.1	XP_005270737.1	0	N/A	36.922	1059	69	0	647	terminal uridylyltransferase 4 isoform X6 [Homo sapiens]	TRUE	Tut4
XP_055886591.1	NP_056084.1	0	N/A	36.922	1059	69	0	647	terminal uridylyltransferase 4 isoform b [Homo sapiens]	TRUE	Tut4
XP_055886591.1	XP_047272281.1	0	N/A	36.922	1059	69	0	647	terminal uridylyltransferase 4 isoform X4 [Homo sapiens]	TRUE	Tut4
XP_055886591.1	XP_047272280.1	0	N/A	36.922	1059	69	0	647	terminal uridylyltransferase 4 isoform X3 [Homo sapiens]	TRUE	Tut4
XP_055886591.1	XP_011539399.1	0	N/A	36.922	1059	69	0	647	terminal uridylyltransferase 4 isoform X1 [Homo sapiens]	TRUE	Tut4
XP_055886591.1	XP_005270736.1	0	N/A	36.922	1059	69	0	647	terminal uridylyltransferase 4 isoform X3 [Homo sapiens]	TRUE	Tut4
XP_055886591.1	XP_005270733.1	0	N/A	36.922	1059	69	0	647	terminal uridylyltransferase 4 isoform X1 [Homo sapiens]	TRUE	Tut4
XP_055886591.1	NP_001009881.1	0	N/A	36.922	1059	69	0	647	terminal uridylyltransferase 4 isoform a [Homo sapiens]	TRUE	Tut4
XP_055886591.1	XP_005270735.1	0	N/A	36.922	1059	69	0	646	terminal uridylyltransferase 4 isoform X2 [Homo sapiens]	TRUE	Tut4
XP_055886591.1	XP_047272350.1	0	N/A	37.129	1010	69	0	640	terminal uridylyltransferase 4 isoform X34 [Homo sapiens]	TRUE	Tut4
XP_055886591.1	XP_047272344.1	0	N/A	37.129	1010	69	0	640	terminal uridylyltransferase 4 isoform X30 [Homo sapiens]	TRUE	Tut4
XP_055886591.1	XP_047272296.1	0	N/A	36.011	1058	69	0	633	terminal uridylyltransferase 4 isoform X13 [Homo sapiens]	TRUE	Tut4
XP_055886591.1	XP_047272295.1	0	N/A	36.011	1058	69	0	633	terminal uridylyltransferase 4 isoform X12 [Homo sapiens]	TRUE	Tut4
XP_055886591.1	XP_047272305.1	0	N/A	36.011	1058	69	0	632	terminal uridylyltransferase 4 isoform X17 [Homo sapiens]	TRUE	Tut4
XP_055886591.1	XP_047272286.1	0	N/A	36.011	1058	69	0	632	terminal uridylyltransferase 4 isoform X8 [Homo sapiens]	TRUE	Tut4
XP_055886591.1	XP_047272290.1	0	N/A	36.011	1058	69	0	632	terminal uridylyltransferase 4 isoform X11 [Homo sapiens]	TRUE	Tut4
XP_055886591.1	XP_016856292.1	0	N/A	37.016	1032	69	0	618	terminal uridylyltransferase 4 isoform X9 [Homo sapiens]	TRUE	Tut4
XP_055886591.1	XP_011539401.1	0	N/A	37.092	1011	69	0	618	terminal uridylyltransferase 4 isoform X29 [Homo sapiens]	TRUE	Tut4
XP_055886591.1	XP_047272288.1	0	N/A	37.016	1032	69	0	617	terminal uridylyltransferase 4 isoform X10 [Homo sapiens]	TRUE	Tut4
XP_055886591.1	XP_016856293.1	0	N/A	37.016	1032	69	0	617	terminal uridylyltransferase 4 isoform X16 [Homo sapiens]	TRUE	Tut4
XP_055886591.1	XP_047272345.1	0	N/A	37.092	1011	69	0	617	terminal uridylyltransferase 4 isoform X31 [Homo sapiens]	TRUE	Tut4
XP_055886591.1	XP_047272285.1	0	N/A	37.016	1032	69	0	617	terminal uridylyltransferase 4 isoform X7 [Homo sapiens]	TRUE	Tut4
XP_055886591.1	XP_005270739.1	0	N/A	36.696	1011	69	0	597	terminal uridylyltransferase 4 isoform X33 [Homo sapiens]	TRUE	Tut4
XP_055886591.1	XP_016856297.1	0	N/A	36.696	1011	69	0	597	terminal uridylyltransferase 4 isoform X36 [Homo sapiens]	TRUE	Tut4
XP_055886591.1	XP_016856299.1	0	N/A	36.696	1011	69	0	597	terminal uridylyltransferase 4 isoform X40 [Homo sapiens]	TRUE	Tut4
XP_055886591.1	XP_047272365.1	0	N/A	36.696	1011	69	0	596	terminal uridylyltransferase 4 isoform X38 [Homo sapiens]	TRUE	Tut4
XP_055886591.1	XP_047272372.1	0	N/A	35.743	1010	69	0	582	terminal uridylyltransferase 4 isoform X42 [Homo sapiens]	TRUE	Tut4
XP_055886591.1	XP_047272367.1	0	N/A	34.817	1011	69	1.12e-175	567	terminal uridylyltransferase 4 isoform X39 [Homo sapiens]	TRUE	Tut4
XP_055886591.1	XP_047272362.1	0	N/A	34.817	1011	69	1.5e-175	566	terminal uridylyltransferase 4 isoform X37 [Homo sapiens]	TRUE	Tut4
XP_055886591.1	XP_047272354.1	0	N/A	34.817	1011	69	1.58e-175	566	terminal uridylyltransferase 4 isoform X35 [Homo sapiens]	TRUE	Tut4
XP_055886591.1	XP_047272348.1	0	N/A	34.817	1011	69	1.93e-175	566	terminal uridylyltransferase 4 isoform X32 [Homo sapiens]	TRUE	Tut4
XP_055886591.1	XP_047272306.1	0	N/A	33.805	1059	69	3.4e-172	559	terminal uridylyltransferase 4 isoform X18 [Homo sapiens]	TRUE	Tut4
XP_055886591.1	XP_047272303.1	0	N/A	33.805	1059	69	4.27e-172	559	terminal uridylyltransferase 4 isoform X15 [Homo sapiens]	TRUE	Tut4
XP_055886591.1	XP_005270738.1	0	N/A	33.805	1059	69	4.71e-172	559	terminal uridylyltransferase 4 isoform X14 [Homo sapiens]	TRUE	Tut4
XP_055886591.1	XP_016856294.1	0	N/A	33.805	1059	69	5.29e-172	558	terminal uridylyltransferase 4 isoform X20 [Homo sapiens]	TRUE	Tut4
XP_055886591.1	XP_047272307.1	0	N/A	33.805	1059	69	6.85e-172	558	terminal uridylyltransferase 4 isoform X19 [Homo sapiens]	TRUE	Tut4
XP_055886591.1	XP_047272369.1	0	N/A	33.828	1011	69	2.4e-162	530	terminal uridylyltransferase 4 isoform X41 [Homo sapiens]	TRUE	Tut4
XP_055886591.1	XP_047272336.1	0	N/A	33.818	1032	69	1.27e-161	530	terminal uridylyltransferase 4 isoform X26 [Homo sapiens]	TRUE	Tut4
XP_055886591.1	XP_047272311.1	0	N/A	33.818	1032	69	1.59e-161	530	terminal uridylyltransferase 4 isoform X21 [Homo sapiens]	TRUE	Tut4
XP_055886591.1	XP_047272320.1	0	N/A	33.818	1032	69	1.85e-161	529	terminal uridylyltransferase 4 isoform X22 [Homo sapiens]	TRUE	Tut4
XP_055886591.1	XP_047272327.1	0	N/A	33.818	1032	69	2.13e-161	529	terminal uridylyltransferase 4 isoform X24 [Homo sapiens]	TRUE	Tut4
XP_055886591.1	XP_047272377.1	0	N/A	33.136	1011	69	4.54e-156	513	terminal uridylyltransferase 4 isoform X44 [Homo sapiens]	TRUE	Tut4
XP_055886591.1	XP_047272373.1	0	N/A	33.136	1011	69	5.29e-156	513	terminal uridylyltransferase 4 isoform X43 [Homo sapiens]	TRUE	Tut4
XP_055886591.1	XP_047272384.1	0	N/A	51.535	456	32	7.3e-136	443	terminal uridylyltransferase 4 isoform X46 [Homo sapiens]	TRUE	Tut4
XP_055886591.1	NP_001317647.1	0	N/A	51.781	421	29	3.6e-128	418	terminal uridylyltransferase 7 isoform 3 [Homo sapiens]	TRUE	Tut7
XP_055886591.1	XP_005252265.1	0	N/A	51.651	424	30	1.51e-123	421	terminal uridylyltransferase 7 isoform X7 [Homo sapiens]	TRUE	Tut7
XP_055886591.1	XP_047279825.1	0	N/A	51.781	421	29	1.49e-122	419	terminal uridylyltransferase 7 isoform X6 [Homo sapiens]	TRUE	Tut7
XP_055886591.1	XP_047279824.1	0	N/A	51.781	421	29	1.49e-122	419	terminal uridylyltransferase 7 isoform X6 [Homo sapiens]	TRUE	Tut7
XP_055886591.1	XP_005252264.1	0	N/A	51.781	421	29	1.49e-122	419	terminal uridylyltransferase 7 isoform X6 [Homo sapiens]	TRUE	Tut7
XP_055886591.1	XP_016870620.1	0	N/A	51.781	421	29	1.75e-122	419	terminal uridylyltransferase 7 isoform X4 [Homo sapiens]	TRUE	Tut7
XP_055886591.1	XP_016870619.1	0	N/A	51.781	421	29	1.75e-122	419	terminal uridylyltransferase 7 isoform X4 [Homo sapiens]	TRUE	Tut7
XP_055886591.1	NP_078893.2	0	N/A	51.781	421	29	1.75e-122	419	terminal uridylyltransferase 7 isoform 1 [Homo sapiens]	TRUE	Tut7
XP_055886591.1	NP_001171988.1	0	N/A	51.781	421	29	1.75e-122	419	terminal uridylyltransferase 7 isoform 1 [Homo sapiens]	TRUE	Tut7
XP_055886591.1	XP_011517318.1	0	N/A	51.781	421	29	2.08e-122	419	terminal uridylyltransferase 7 isoform X5 [Homo sapiens]	TRUE	Tut7
XP_055886591.1	XP_047279823.1	0	N/A	51.781	421	29	2.34e-122	420	terminal uridylyltransferase 7 isoform X2 [Homo sapiens]	TRUE	Tut7
XP_055886591.1	XP_006717346.1	0	N/A	51.781	421	29	2.34e-122	420	terminal uridylyltransferase 7 isoform X2 [Homo sapiens]	TRUE	Tut7
XP_055886591.1	XP_011517317.1	0	N/A	51.781	421	29	3.59e-122	419	terminal uridylyltransferase 7 isoform X3 [Homo sapiens]	TRUE	Tut7
XP_055886591.1	XP_011517316.1	0	N/A	51.781	421	29	6.5e-122	419	terminal uridylyltransferase 7 isoform X1 [Homo sapiens]	TRUE	Tut7
XP_055886591.1	XP_011517315.1	0	N/A	51.781	421	29	6.5e-122	419	terminal uridylyltransferase 7 isoform X1 [Homo sapiens]	TRUE	Tut7
XP_055886591.1	XP_011517314.1	0	N/A	51.781	421	29	6.5e-122	419	terminal uridylyltransferase 7 isoform X1 [Homo sapiens]	TRUE	Tut7
XP_055886591.1	XP_011517313.1	0	N/A	51.781	421	29	6.5e-122	419	terminal uridylyltransferase 7 isoform X1 [Homo sapiens]	TRUE	Tut7
XP_055886591.1	NP_001172003.1	0	N/A	56.507	292	20	6.85e-94	333	terminal uridylyltransferase 7 isoform 2 [Homo sapiens]	TRUE	Tut7
XP_055886591.1	XP_016856307.1	0	N/A	27.994	718	48	2.54e-66	246	terminal uridylyltransferase 4 isoform X45 [Homo sapiens]	TRUE	Tut4
XP_055886591.1	XP_047279826.1	0	N/A	30.536	429	28	1.1e-53	208	terminal uridylyltransferase 7 isoform X8 [Homo sapiens]	TRUE	Tut7
XP_055886591.1	NP_001375065.1	0	N/A	33.333	252	17	1.09e-32	133	poly(A) RNA polymerase GLD2 isoform 14 [Homo sapiens]	TRUE	TENT2
XP_055886591.1	NP_001375061.1	0	N/A	33.333	252	17	1.18e-32	135	poly(A) RNA polymerase GLD2 isoform 12 [Homo sapiens]	TRUE	TENT2
XP_055886591.1	NP_001375059.1	0	N/A	33.333	252	17	1.28e-32	136	poly(A) RNA polymerase GLD2 isoform 10 [Homo sapiens]	TRUE	TENT2
XP_055886591.1	XP_047272811.1	0	N/A	33.333	252	17	1.3e-32	136	poly(A) RNA polymerase GLD2 isoform X4 [Homo sapiens]	TRUE	TENT2
XP_055886591.1	XP_047272810.1	0	N/A	33.333	252	17	1.3e-32	136	poly(A) RNA polymerase GLD2 isoform X4 [Homo sapiens]	TRUE	TENT2
XP_055886591.1	XP_047272809.1	0	N/A	33.333	252	17	1.3e-32	136	poly(A) RNA polymerase GLD2 isoform X4 [Homo sapiens]	TRUE	TENT2
XP_055886591.1	NP_001375058.1	0	N/A	33.333	252	17	1.3e-32	136	poly(A) RNA polymerase GLD2 isoform 2 [Homo sapiens]	TRUE	TENT2
XP_055886591.1	NP_001375057.1	0	N/A	33.333	252	17	1.3e-32	136	poly(A) RNA polymerase GLD2 isoform 2 [Homo sapiens]	TRUE	TENT2
XP_055886591.1	NP_001375056.1	0	N/A	33.333	252	17	1.3e-32	136	poly(A) RNA polymerase GLD2 isoform 2 [Homo sapiens]	TRUE	TENT2
XP_055886591.1	NP_001375055.1	0	N/A	33.333	252	17	1.3e-32	136	poly(A) RNA polymerase GLD2 isoform 2 [Homo sapiens]	TRUE	TENT2
XP_055886591.1	NP_001375054.1	0	N/A	33.333	252	17	1.3e-32	136	poly(A) RNA polymerase GLD2 isoform 2 [Homo sapiens]	TRUE	TENT2
XP_055886591.1	NP_001375053.1	0	N/A	33.333	252	17	1.3e-32	136	poly(A) RNA polymerase GLD2 isoform 2 [Homo sapiens]	TRUE	TENT2
XP_055886591.1	NP_001375052.1	0	N/A	33.333	252	17	1.3e-32	136	poly(A) RNA polymerase GLD2 isoform 2 [Homo sapiens]	TRUE	TENT2
XP_055886591.1	NP_001375051.1	0	N/A	33.333	252	17	1.3e-32	136	poly(A) RNA polymerase GLD2 isoform 2 [Homo sapiens]	TRUE	TENT2
XP_055886591.1	NP_001375050.1	0	N/A	33.333	252	17	1.3e-32	136	poly(A) RNA polymerase GLD2 isoform 2 [Homo sapiens]	TRUE	TENT2
XP_055886591.1	NP_001375049.1	0	N/A	33.333	252	17	1.3e-32	136	poly(A) RNA polymerase GLD2 isoform 2 [Homo sapiens]	TRUE	TENT2
XP_055886591.1	NP_001375048.1	0	N/A	33.333	252	17	1.3e-32	136	poly(A) RNA polymerase GLD2 isoform 2 [Homo sapiens]	TRUE	TENT2
XP_055886591.1	NP_001375047.1	0	N/A	33.333	252	17	1.3e-32	136	poly(A) RNA polymerase GLD2 isoform 2 [Homo sapiens]	TRUE	TENT2
XP_055886591.1	NP_001375046.1	0	N/A	33.333	252	17	1.3e-32	136	poly(A) RNA polymerase GLD2 isoform 2 [Homo sapiens]	TRUE	TENT2
XP_055886591.1	NP_001375045.1	0	N/A	33.333	252	17	1.3e-32	136	poly(A) RNA polymerase GLD2 isoform 2 [Homo sapiens]	TRUE	TENT2
XP_055886591.1	NP_001375044.1	0	N/A	33.333	252	17	1.3e-32	136	poly(A) RNA polymerase GLD2 isoform 2 [Homo sapiens]	TRUE	TENT2
XP_055886591.1	NP_001375043.1	0	N/A	33.333	252	17	1.3e-32	136	poly(A) RNA polymerase GLD2 isoform 2 [Homo sapiens]	TRUE	TENT2
XP_055886591.1	NP_001336483.1	0	N/A	33.333	252	17	1.3e-32	136	poly(A) RNA polymerase GLD2 isoform 2 [Homo sapiens]	TRUE	TENT2
XP_055886591.1	NP_001284673.1	0	N/A	33.333	252	17	1.3e-32	136	poly(A) RNA polymerase GLD2 isoform 2 [Homo sapiens]	TRUE	TENT2
XP_055886591.1	NP_001375030.1	0	N/A	33.6	250	17	2.87e-32	135	poly(A) RNA polymerase GLD2 isoform 9 [Homo sapiens]	TRUE	TENT2
XP_055886591.1	XP_047272808.1	0	N/A	32.812	256	17	6.08e-32	134	poly(A) RNA polymerase GLD2 isoform X3 [Homo sapiens]	TRUE	TENT2
XP_055886591.1	XP_047272807.1	0	N/A	32.812	256	17	6.08e-32	134	poly(A) RNA polymerase GLD2 isoform X3 [Homo sapiens]	TRUE	TENT2
XP_055886591.1	XP_047272806.1	0	N/A	32.812	256	17	6.08e-32	134	poly(A) RNA polymerase GLD2 isoform X3 [Homo sapiens]	TRUE	TENT2
XP_055886591.1	NP_776158.2	0	N/A	32.812	256	17	6.08e-32	134	poly(A) RNA polymerase GLD2 isoform 1 [Homo sapiens]	TRUE	TENT2
XP_055886591.1	NP_001375041.1	0	N/A	32.812	256	17	6.08e-32	134	poly(A) RNA polymerase GLD2 isoform 1 [Homo sapiens]	TRUE	TENT2
XP_063675007.1	NP_001375065.1	0	N/A	34.304	309	56	1.02e-45	166	poly(A) RNA polymerase GLD2 isoform 14 [Homo sapiens]	TRUE	TENT2
XP_063675007.1	NP_001375060.1	0	N/A	34.564	298	53	1.12e-45	169	poly(A) RNA polymerase GLD2 isoform 11 [Homo sapiens]	TRUE	TENT2
XP_063675007.1	XP_047272808.1	0	N/A	34.564	298	53	1.41e-45	169	poly(A) RNA polymerase GLD2 isoform X3 [Homo sapiens]	TRUE	TENT2
XP_063675007.1	XP_047272807.1	0	N/A	34.564	298	53	1.41e-45	169	poly(A) RNA polymerase GLD2 isoform X3 [Homo sapiens]	TRUE	TENT2
XP_063675007.1	XP_047272806.1	0	N/A	34.564	298	53	1.41e-45	169	poly(A) RNA polymerase GLD2 isoform X3 [Homo sapiens]	TRUE	TENT2
XP_063675007.1	NP_776158.2	0	N/A	34.564	298	53	1.41e-45	169	poly(A) RNA polymerase GLD2 isoform 1 [Homo sapiens]	TRUE	TENT2
XP_063675007.1	NP_001375041.1	0	N/A	34.564	298	53	1.41e-45	169	poly(A) RNA polymerase GLD2 isoform 1 [Homo sapiens]	TRUE	TENT2
XP_063675007.1	NP_001375040.1	0	N/A	34.564	298	53	1.41e-45	169	poly(A) RNA polymerase GLD2 isoform 1 [Homo sapiens]	TRUE	TENT2
XP_063675007.1	NP_001375039.1	0	N/A	34.564	298	53	1.41e-45	169	poly(A) RNA polymerase GLD2 isoform 1 [Homo sapiens]	TRUE	TENT2
XP_063675007.1	NP_001375038.1	0	N/A	34.564	298	53	1.41e-45	169	poly(A) RNA polymerase GLD2 isoform 1 [Homo sapiens]	TRUE	TENT2
XP_063675007.1	NP_001375037.1	0	N/A	34.564	298	53	1.41e-45	169	poly(A) RNA polymerase GLD2 isoform 1 [Homo sapiens]	TRUE	TENT2
XP_063675007.1	NP_001375036.1	0	N/A	34.564	298	53	1.41e-45	169	poly(A) RNA polymerase GLD2 isoform 1 [Homo sapiens]	TRUE	TENT2
XP_063675007.1	NP_001375035.1	0	N/A	34.564	298	53	1.41e-45	169	poly(A) RNA polymerase GLD2 isoform 1 [Homo sapiens]	TRUE	TENT2
XP_063675007.1	NP_001375034.1	0	N/A	34.564	298	53	1.41e-45	169	poly(A) RNA polymerase GLD2 isoform 1 [Homo sapiens]	TRUE	TENT2
XP_063675007.1	NP_001375032.1	0	N/A	34.564	298	53	1.41e-45	169	poly(A) RNA polymerase GLD2 isoform 1 [Homo sapiens]	TRUE	TENT2
XP_063675007.1	NP_001375031.1	0	N/A	34.564	298	53	1.41e-45	169	poly(A) RNA polymerase GLD2 isoform 1 [Homo sapiens]	TRUE	TENT2
XP_063675007.1	NP_001336482.1	0	N/A	34.564	298	53	1.41e-45	169	poly(A) RNA polymerase GLD2 isoform 1 [Homo sapiens]	TRUE	TENT2
XP_063675007.1	NP_001336481.1	0	N/A	34.564	298	53	1.41e-45	169	poly(A) RNA polymerase GLD2 isoform 1 [Homo sapiens]	TRUE	TENT2
XP_063675007.1	NP_001107866.1	0	N/A	34.564	298	53	1.41e-45	169	poly(A) RNA polymerase GLD2 isoform 1 [Homo sapiens]	TRUE	TENT2
XP_063675007.1	NP_001107865.1	0	N/A	34.564	298	53	1.41e-45	169	poly(A) RNA polymerase GLD2 isoform 1 [Homo sapiens]	TRUE	TENT2
XP_063675007.1	NP_001375042.1	0	N/A	34.564	298	53	1.64e-45	169	poly(A) RNA polymerase GLD2 isoform 16 [Homo sapiens]	TRUE	TENT2
XP_063675007.1	NP_001375061.1	0	N/A	34.576	295	53	1.66e-45	168	poly(A) RNA polymerase GLD2 isoform 12 [Homo sapiens]	TRUE	TENT2
XP_063675007.1	XP_047272811.1	0	N/A	34.576	295	53	2.24e-45	168	poly(A) RNA polymerase GLD2 isoform X4 [Homo sapiens]	TRUE	TENT2
XP_063675007.1	XP_047272810.1	0	N/A	34.576	295	53	2.24e-45	168	poly(A) RNA polymerase GLD2 isoform X4 [Homo sapiens]	TRUE	TENT2
XP_063675007.1	XP_047272809.1	0	N/A	34.576	295	53	2.24e-45	168	poly(A) RNA polymerase GLD2 isoform X4 [Homo sapiens]	TRUE	TENT2
XP_063675007.1	NP_001375058.1	0	N/A	34.576	295	53	2.24e-45	168	poly(A) RNA polymerase GLD2 isoform 2 [Homo sapiens]	TRUE	TENT2
XP_063675007.1	NP_001375057.1	0	N/A	34.576	295	53	2.24e-45	168	poly(A) RNA polymerase GLD2 isoform 2 [Homo sapiens]	TRUE	TENT2
XP_063675007.1	NP_001375056.1	0	N/A	34.576	295	53	2.24e-45	168	poly(A) RNA polymerase GLD2 isoform 2 [Homo sapiens]	TRUE	TENT2
XP_063675007.1	NP_001375055.1	0	N/A	34.576	295	53	2.24e-45	168	poly(A) RNA polymerase GLD2 isoform 2 [Homo sapiens]	TRUE	TENT2
XP_063675007.1	NP_001375054.1	0	N/A	34.576	295	53	2.24e-45	168	poly(A) RNA polymerase GLD2 isoform 2 [Homo sapiens]	TRUE	TENT2
XP_063675007.1	NP_001375053.1	0	N/A	34.576	295	53	2.24e-45	168	poly(A) RNA polymerase GLD2 isoform 2 [Homo sapiens]	TRUE	TENT2
XP_063675007.1	NP_001375052.1	0	N/A	34.576	295	53	2.24e-45	168	poly(A) RNA polymerase GLD2 isoform 2 [Homo sapiens]	TRUE	TENT2
XP_063675007.1	NP_001375051.1	0	N/A	34.576	295	53	2.24e-45	168	poly(A) RNA polymerase GLD2 isoform 2 [Homo sapiens]	TRUE	TENT2
XP_063675007.1	NP_001375050.1	0	N/A	34.576	295	53	2.24e-45	168	poly(A) RNA polymerase GLD2 isoform 2 [Homo sapiens]	TRUE	TENT2
XP_063675007.1	NP_001375049.1	0	N/A	34.576	295	53	2.24e-45	168	poly(A) RNA polymerase GLD2 isoform 2 [Homo sapiens]	TRUE	TENT2
XP_063675007.1	NP_001375048.1	0	N/A	34.576	295	53	2.24e-45	168	poly(A) RNA polymerase GLD2 isoform 2 [Homo sapiens]	TRUE	TENT2
XP_063675007.1	NP_001375047.1	0	N/A	34.576	295	53	2.24e-45	168	poly(A) RNA polymerase GLD2 isoform 2 [Homo sapiens]	TRUE	TENT2
XP_063675007.1	NP_001375046.1	0	N/A	34.576	295	53	2.24e-45	168	poly(A) RNA polymerase GLD2 isoform 2 [Homo sapiens]	TRUE	TENT2
XP_063675007.1	NP_001375045.1	0	N/A	34.576	295	53	2.24e-45	168	poly(A) RNA polymerase GLD2 isoform 2 [Homo sapiens]	TRUE	TENT2
XP_063675007.1	NP_001375044.1	0	N/A	34.576	295	53	2.24e-45	168	poly(A) RNA polymerase GLD2 isoform 2 [Homo sapiens]	TRUE	TENT2
XP_063675007.1	NP_001375043.1	0	N/A	34.576	295	53	2.24e-45	168	poly(A) RNA polymerase GLD2 isoform 2 [Homo sapiens]	TRUE	TENT2
XP_063675007.1	NP_001336483.1	0	N/A	34.576	295	53	2.24e-45	168	poly(A) RNA polymerase GLD2 isoform 2 [Homo sapiens]	TRUE	TENT2
XP_063675007.1	NP_001284673.1	0	N/A	34.576	295	53	2.24e-45	168	poly(A) RNA polymerase GLD2 isoform 2 [Homo sapiens]	TRUE	TENT2
XP_063675007.1	NP_001375059.1	0	N/A	34.576	295	53	2.85e-45	168	poly(A) RNA polymerase GLD2 isoform 10 [Homo sapiens]	TRUE	TENT2
XP_063675007.1	NP_001375029.1	0	N/A	35.252	278	50	6.99e-43	162	poly(A) RNA polymerase GLD2 isoform 8 [Homo sapiens]	TRUE	TENT2
XP_063675007.1	NP_001375028.1	0	N/A	35.252	278	50	6.99e-43	162	poly(A) RNA polymerase GLD2 isoform 8 [Homo sapiens]	TRUE	TENT2
XP_063675007.1	NP_001375030.1	0	N/A	35.273	275	50	1.05e-42	161	poly(A) RNA polymerase GLD2 isoform 9 [Homo sapiens]	TRUE	TENT2
XP_063675007.1	XP_047272801.1	0	N/A	31.454	337	56	1.1e-40	156	poly(A) RNA polymerase GLD2 isoform X1 [Homo sapiens]	TRUE	TENT2
XP_063675007.1	XP_047272800.1	0	N/A	31.454	337	56	1.1e-40	156	poly(A) RNA polymerase GLD2 isoform X1 [Homo sapiens]	TRUE	TENT2
XP_063675007.1	XP_011541527.1	0	N/A	31.454	337	56	1.1e-40	156	poly(A) RNA polymerase GLD2 isoform X1 [Homo sapiens]	TRUE	TENT2
XP_063675007.1	XP_011541526.1	0	N/A	31.454	337	56	1.1e-40	156	poly(A) RNA polymerase GLD2 isoform X1 [Homo sapiens]	TRUE	TENT2
XP_063675007.1	XP_011541523.1	0	N/A	31.454	337	56	1.1e-40	156	poly(A) RNA polymerase GLD2 isoform X1 [Homo sapiens]	TRUE	TENT2
XP_063675007.1	XP_011541522.1	0	N/A	31.454	337	56	1.1e-40	156	poly(A) RNA polymerase GLD2 isoform X1 [Homo sapiens]	TRUE	TENT2
XP_063675007.1	NP_001375023.1	0	N/A	31.454	337	56	1.1e-40	156	poly(A) RNA polymerase GLD2 isoform 5 [Homo sapiens]	TRUE	TENT2
XP_063675007.1	NP_001375022.1	0	N/A	31.454	337	56	1.1e-40	156	poly(A) RNA polymerase GLD2 isoform 5 [Homo sapiens]	TRUE	TENT2
XP_063675007.1	NP_001336479.1	0	N/A	31.454	337	56	1.1e-40	156	poly(A) RNA polymerase GLD2 isoform 5 [Homo sapiens]	TRUE	TENT2
XP_063675007.1	NP_001336478.1	0	N/A	31.454	337	56	1.1e-40	156	poly(A) RNA polymerase GLD2 isoform 5 [Homo sapiens]	TRUE	TENT2
XP_063675007.1	NP_001375027.1	0	N/A	31.437	334	56	1.5e-40	155	poly(A) RNA polymerase GLD2 isoform 7 [Homo sapiens]	TRUE	TENT2
XP_063675007.1	XP_047272805.1	0	N/A	31.437	334	56	1.58e-40	155	poly(A) RNA polymerase GLD2 isoform X2 [Homo sapiens]	TRUE	TENT2
XP_063675007.1	XP_047272804.1	0	N/A	31.437	334	56	1.58e-40	155	poly(A) RNA polymerase GLD2 isoform X2 [Homo sapiens]	TRUE	TENT2
XP_063675007.1	XP_047272803.1	0	N/A	31.437	334	56	1.58e-40	155	poly(A) RNA polymerase GLD2 isoform X2 [Homo sapiens]	TRUE	TENT2
XP_063675007.1	XP_047272802.1	0	N/A	31.437	334	56	1.58e-40	155	poly(A) RNA polymerase GLD2 isoform X2 [Homo sapiens]	TRUE	TENT2
XP_063675007.1	XP_016864641.1	0	N/A	31.437	334	56	1.58e-40	155	poly(A) RNA polymerase GLD2 isoform X2 [Homo sapiens]	TRUE	TENT2
XP_063675007.1	NP_001375026.1	0	N/A	31.437	334	56	1.58e-40	155	poly(A) RNA polymerase GLD2 isoform 6 [Homo sapiens]	TRUE	TENT2
XP_063675007.1	NP_001375025.1	0	N/A	31.437	334	56	1.58e-40	155	poly(A) RNA polymerase GLD2 isoform 6 [Homo sapiens]	TRUE	TENT2
XP_063675007.1	NP_001375024.1	0	N/A	31.437	334	56	1.58e-40	155	poly(A) RNA polymerase GLD2 isoform 6 [Homo sapiens]	TRUE	TENT2
XP_063675007.1	NP_001336480.1	0	N/A	31.437	334	56	1.58e-40	155	poly(A) RNA polymerase GLD2 isoform 6 [Homo sapiens]	TRUE	TENT2
XP_063675007.1	NP_001336477.1	0	N/A	34.167	240	43	1.53e-36	139	poly(A) RNA polymerase GLD2 isoform 4 [Homo sapiens]	TRUE	TENT2
XP_063675007.1	XP_047272818.1	0	N/A	42.012	169	30	9.48e-36	139	poly(A) RNA polymerase GLD2 isoform X10 [Homo sapiens]	TRUE	TENT2
XP_063675007.1	XP_047272820.1	0	N/A	33.766	231	42	3.48e-34	132	poly(A) RNA polymerase GLD2 isoform X11 [Homo sapiens]	TRUE	TENT2
XP_063675007.1	XP_047272816.1	0	N/A	35.577	208	33	6.3e-31	126	poly(A) RNA polymerase GLD2 isoform X8 [Homo sapiens]	TRUE	TENT2
XP_063675007.1	XP_047272817.1	0	N/A	35.61	205	33	1.43e-30	125	poly(A) RNA polymerase GLD2 isoform X9 [Homo sapiens]	TRUE	TENT2
XP_063675007.1	NP_001375066.1	0	N/A	33.005	203	37	1.79e-26	111	poly(A) RNA polymerase GLD2 isoform 15 [Homo sapiens]	TRUE	TENT2
XP_063675007.1	XP_047279825.1	0	N/A	30.075	266	47	3.55e-25	113	terminal uridylyltransferase 7 isoform X6 [Homo sapiens]	TRUE	Tut7
XP_063675007.1	XP_047279824.1	0	N/A	30.075	266	47	3.55e-25	113	terminal uridylyltransferase 7 isoform X6 [Homo sapiens]	TRUE	Tut7
XP_063675007.1	XP_005252264.1	0	N/A	30.075	266	47	3.55e-25	113	terminal uridylyltransferase 7 isoform X6 [Homo sapiens]	TRUE	Tut7
XP_063675007.1	XP_047279823.1	0	N/A	30.075	266	47	3.57e-25	113	terminal uridylyltransferase 7 isoform X2 [Homo sapiens]	TRUE	Tut7
XP_063675007.1	XP_006717346.1	0	N/A	30.075	266	47	3.57e-25	113	terminal uridylyltransferase 7 isoform X2 [Homo sapiens]	TRUE	Tut7
XP_063675007.1	XP_011517317.1	0	N/A	30.075	266	47	3.73e-25	113	terminal uridylyltransferase 7 isoform X3 [Homo sapiens]	TRUE	Tut7
XP_063675007.1	XP_011517318.1	0	N/A	30.075	266	47	3.75e-25	113	terminal uridylyltransferase 7 isoform X5 [Homo sapiens]	TRUE	Tut7
XP_063675007.1	XP_016870620.1	0	N/A	30.075	266	47	4.04e-25	113	terminal uridylyltransferase 7 isoform X4 [Homo sapiens]	TRUE	Tut7
XP_063675007.1	XP_016870619.1	0	N/A	30.075	266	47	4.04e-25	113	terminal uridylyltransferase 7 isoform X4 [Homo sapiens]	TRUE	Tut7
XP_063675007.1	NP_078893.2	0	N/A	30.075	266	47	4.04e-25	113	terminal uridylyltransferase 7 isoform 1 [Homo sapiens]	TRUE	Tut7
XP_063675007.1	NP_001171988.1	0	N/A	30.075	266	47	4.04e-25	113	terminal uridylyltransferase 7 isoform 1 [Homo sapiens]	TRUE	Tut7
XP_063675007.1	NP_001317647.1	0	N/A	30.075	266	47	4.62e-25	112	terminal uridylyltransferase 7 isoform 3 [Homo sapiens]	TRUE	Tut7
XP_063675007.1	XP_011517316.1	0	N/A	30.075	266	47	4.76e-25	112	terminal uridylyltransferase 7 isoform X1 [Homo sapiens]	TRUE	Tut7
XP_063675007.1	XP_011517315.1	0	N/A	30.075	266	47	4.76e-25	112	terminal uridylyltransferase 7 isoform X1 [Homo sapiens]	TRUE	Tut7
XP_063675007.1	XP_011517314.1	0	N/A	30.075	266	47	4.76e-25	112	terminal uridylyltransferase 7 isoform X1 [Homo sapiens]	TRUE	Tut7
XP_063675007.1	XP_011517313.1	0	N/A	30.075	266	47	4.76e-25	112	terminal uridylyltransferase 7 isoform X1 [Homo sapiens]	TRUE	Tut7
XP_063675007.1	XP_005252265.1	0	N/A	30.075	266	47	5.12e-25	112	terminal uridylyltransferase 7 isoform X7 [Homo sapiens]	TRUE	Tut7
XP_063675007.1	XP_047272814.1	0	N/A	27.564	312	56	1.15e-23	106	poly(A) RNA polymerase GLD2 isoform X6 [Homo sapiens]	TRUE	TENT2
XP_063675007.1	XP_047272813.1	0	N/A	27.564	312	56	1.15e-23	106	poly(A) RNA polymerase GLD2 isoform X6 [Homo sapiens]	TRUE	TENT2
XP_063675007.1	XP_047272812.1	0	N/A	27.564	312	56	1.15e-23	106	poly(A) RNA polymerase GLD2 isoform X6 [Homo sapiens]	TRUE	TENT2
XP_063675007.1	NP_001375062.1	0	N/A	27.564	312	56	1.15e-23	106	poly(A) RNA polymerase GLD2 isoform 3 [Homo sapiens]	TRUE	TENT2
XP_063675007.1	NP_001284674.1	0	N/A	27.564	312	56	1.15e-23	106	poly(A) RNA polymerase GLD2 isoform 3 [Homo sapiens]	TRUE	TENT2
XP_063675007.1	XP_047272815.1	0	N/A	27.508	309	56	2.05e-23	105	poly(A) RNA polymerase GLD2 isoform X7 [Homo sapiens]	TRUE	TENT2
XP_063675007.1	NP_001375064.1	0	N/A	27.508	309	56	2.05e-23	105	poly(A) RNA polymerase GLD2 isoform 13 [Homo sapiens]	TRUE	TENT2
XP_063675007.1	NP_001375063.1	0	N/A	27.508	309	56	2.05e-23	105	poly(A) RNA polymerase GLD2 isoform 13 [Homo sapiens]	TRUE	TENT2
XP_063675007.1	XP_016856293.1	0	N/A	31.034	261	46	2.99e-23	107	terminal uridylyltransferase 4 isoform X16 [Homo sapiens]	TRUE	Tut4
XP_063675007.1	XP_047272283.1	0	N/A	31.034	261	46	3.41e-23	107	terminal uridylyltransferase 4 isoform X6 [Homo sapiens]	TRUE	Tut4
XP_063676426.1	NP_073741.3	0	N/A	27.35	234	39	7.15e-14	77.4	speckle targeted PIP5K1A-regulated poly(A) polymerase isoform 1 [Homo sapiens]	TRUE	Tut1
XP_063676426.1	NP_001375061.1	0	N/A	27.869	244	39	1.84e-12	72	poly(A) RNA polymerase GLD2 isoform 12 [Homo sapiens]	TRUE	TENT2
XP_063676426.1	XP_047272811.1	0	N/A	27.869	244	39	1.88e-12	72.4	poly(A) RNA polymerase GLD2 isoform X4 [Homo sapiens]	TRUE	TENT2
XP_063676426.1	XP_047272810.1	0	N/A	27.869	244	39	1.88e-12	72.4	poly(A) RNA polymerase GLD2 isoform X4 [Homo sapiens]	TRUE	TENT2
XP_063676426.1	XP_047272809.1	0	N/A	27.869	244	39	1.88e-12	72.4	poly(A) RNA polymerase GLD2 isoform X4 [Homo sapiens]	TRUE	TENT2
XP_063676426.1	NP_001375058.1	0	N/A	27.869	244	39	1.88e-12	72.4	poly(A) RNA polymerase GLD2 isoform 2 [Homo sapiens]	TRUE	TENT2
XP_063676426.1	NP_001375057.1	0	N/A	27.869	244	39	1.88e-12	72.4	poly(A) RNA polymerase GLD2 isoform 2 [Homo sapiens]	TRUE	TENT2
XP_063676426.1	NP_001375056.1	0	N/A	27.869	244	39	1.88e-12	72.4	poly(A) RNA polymerase GLD2 isoform 2 [Homo sapiens]	TRUE	TENT2
XP_063676426.1	NP_001375055.1	0	N/A	27.869	244	39	1.88e-12	72.4	poly(A) RNA polymerase GLD2 isoform 2 [Homo sapiens]	TRUE	TENT2
XP_063676426.1	NP_001375054.1	0	N/A	27.869	244	39	1.88e-12	72.4	poly(A) RNA polymerase GLD2 isoform 2 [Homo sapiens]	TRUE	TENT2
XP_063676426.1	NP_001375053.1	0	N/A	27.869	244	39	1.88e-12	72.4	poly(A) RNA polymerase GLD2 isoform 2 [Homo sapiens]	TRUE	TENT2
XP_063676426.1	NP_001375052.1	0	N/A	27.869	244	39	1.88e-12	72.4	poly(A) RNA polymerase GLD2 isoform 2 [Homo sapiens]	TRUE	TENT2
XP_063676426.1	NP_001375051.1	0	N/A	27.869	244	39	1.88e-12	72.4	poly(A) RNA polymerase GLD2 isoform 2 [Homo sapiens]	TRUE	TENT2
XP_063676426.1	NP_001375050.1	0	N/A	27.869	244	39	1.88e-12	72.4	poly(A) RNA polymerase GLD2 isoform 2 [Homo sapiens]	TRUE	TENT2
XP_063676426.1	NP_001375049.1	0	N/A	27.869	244	39	1.88e-12	72.4	poly(A) RNA polymerase GLD2 isoform 2 [Homo sapiens]	TRUE	TENT2
XP_063676426.1	NP_001375048.1	0	N/A	27.869	244	39	1.88e-12	72.4	poly(A) RNA polymerase GLD2 isoform 2 [Homo sapiens]	TRUE	TENT2
XP_063676426.1	NP_001375047.1	0	N/A	27.869	244	39	1.88e-12	72.4	poly(A) RNA polymerase GLD2 isoform 2 [Homo sapiens]	TRUE	TENT2
XP_063676426.1	NP_001375046.1	0	N/A	27.869	244	39	1.88e-12	72.4	poly(A) RNA polymerase GLD2 isoform 2 [Homo sapiens]	TRUE	TENT2
XP_063676426.1	NP_001375045.1	0	N/A	27.869	244	39	1.88e-12	72.4	poly(A) RNA polymerase GLD2 isoform 2 [Homo sapiens]	TRUE	TENT2
XP_063676426.1	NP_001375044.1	0	N/A	27.869	244	39	1.88e-12	72.4	poly(A) RNA polymerase GLD2 isoform 2 [Homo sapiens]	TRUE	TENT2
XP_063676426.1	NP_001375043.1	0	N/A	27.869	244	39	1.88e-12	72.4	poly(A) RNA polymerase GLD2 isoform 2 [Homo sapiens]	TRUE	TENT2
XP_063676426.1	NP_001336483.1	0	N/A	27.869	244	39	1.88e-12	72.4	poly(A) RNA polymerase GLD2 isoform 2 [Homo sapiens]	TRUE	TENT2
XP_063676426.1	NP_001284673.1	0	N/A	27.869	244	39	1.88e-12	72.4	poly(A) RNA polymerase GLD2 isoform 2 [Homo sapiens]	TRUE	TENT2
XP_063676426.1	NP_001375065.1	0	N/A	27.869	244	39	1.91e-12	71.6	poly(A) RNA polymerase GLD2 isoform 14 [Homo sapiens]	TRUE	TENT2
XP_063676426.1	NP_001375059.1	0	N/A	27.869	244	39	2.25e-12	72	poly(A) RNA polymerase GLD2 isoform 10 [Homo sapiens]	TRUE	TENT2
XP_063676426.1	NP_001375060.1	0	N/A	27.419	248	39	6.38e-12	70.5	poly(A) RNA polymerase GLD2 isoform 11 [Homo sapiens]	TRUE	TENT2
XP_063676426.1	NP_001375042.1	0	N/A	27.419	248	39	7.22e-12	70.5	poly(A) RNA polymerase GLD2 isoform 16 [Homo sapiens]	TRUE	TENT2
XP_063676426.1	XP_047272808.1	0	N/A	27.419	248	39	7.24e-12	70.5	poly(A) RNA polymerase GLD2 isoform X3 [Homo sapiens]	TRUE	TENT2
XP_063676426.1	XP_047272807.1	0	N/A	27.419	248	39	7.24e-12	70.5	poly(A) RNA polymerase GLD2 isoform X3 [Homo sapiens]	TRUE	TENT2
XP_063676426.1	XP_047272806.1	0	N/A	27.419	248	39	7.24e-12	70.5	poly(A) RNA polymerase GLD2 isoform X3 [Homo sapiens]	TRUE	TENT2
XP_063676426.1	NP_776158.2	0	N/A	27.419	248	39	7.24e-12	70.5	poly(A) RNA polymerase GLD2 isoform 1 [Homo sapiens]	TRUE	TENT2
XP_063676426.1	NP_001375041.1	0	N/A	27.419	248	39	7.24e-12	70.5	poly(A) RNA polymerase GLD2 isoform 1 [Homo sapiens]	TRUE	TENT2
XP_063676426.1	NP_001375040.1	0	N/A	27.419	248	39	7.24e-12	70.5	poly(A) RNA polymerase GLD2 isoform 1 [Homo sapiens]	TRUE	TENT2
XP_063676426.1	NP_001375039.1	0	N/A	27.419	248	39	7.24e-12	70.5	poly(A) RNA polymerase GLD2 isoform 1 [Homo sapiens]	TRUE	TENT2
XP_063676426.1	NP_001375038.1	0	N/A	27.419	248	39	7.24e-12	70.5	poly(A) RNA polymerase GLD2 isoform 1 [Homo sapiens]	TRUE	TENT2
XP_063676426.1	NP_001375037.1	0	N/A	27.419	248	39	7.24e-12	70.5	poly(A) RNA polymerase GLD2 isoform 1 [Homo sapiens]	TRUE	TENT2
XP_063676426.1	NP_001375036.1	0	N/A	27.419	248	39	7.24e-12	70.5	poly(A) RNA polymerase GLD2 isoform 1 [Homo sapiens]	TRUE	TENT2
XP_063676426.1	NP_001375035.1	0	N/A	27.419	248	39	7.24e-12	70.5	poly(A) RNA polymerase GLD2 isoform 1 [Homo sapiens]	TRUE	TENT2
XP_063676426.1	NP_001375034.1	0	N/A	27.419	248	39	7.24e-12	70.5	poly(A) RNA polymerase GLD2 isoform 1 [Homo sapiens]	TRUE	TENT2
XP_063676426.1	NP_001375032.1	0	N/A	27.419	248	39	7.24e-12	70.5	poly(A) RNA polymerase GLD2 isoform 1 [Homo sapiens]	TRUE	TENT2
XP_063676426.1	NP_001375031.1	0	N/A	27.419	248	39	7.24e-12	70.5	poly(A) RNA polymerase GLD2 isoform 1 [Homo sapiens]	TRUE	TENT2
XP_063676426.1	NP_001336482.1	0	N/A	27.419	248	39	7.24e-12	70.5	poly(A) RNA polymerase GLD2 isoform 1 [Homo sapiens]	TRUE	TENT2
XP_063676426.1	NP_001336481.1	0	N/A	27.419	248	39	7.24e-12	70.5	poly(A) RNA polymerase GLD2 isoform 1 [Homo sapiens]	TRUE	TENT2
XP_063676426.1	NP_001107866.1	0	N/A	27.419	248	39	7.24e-12	70.5	poly(A) RNA polymerase GLD2 isoform 1 [Homo sapiens]	TRUE	TENT2
XP_063676426.1	NP_001107865.1	0	N/A	27.419	248	39	7.24e-12	70.5	poly(A) RNA polymerase GLD2 isoform 1 [Homo sapiens]	TRUE	TENT2
XP_063676426.1	NP_001317647.1	0	N/A	23.03	330	52	1.69e-11	69.7	terminal uridylyltransferase 7 isoform 3 [Homo sapiens]	TRUE	Tut7
XP_063676426.1	XP_011517316.1	0	N/A	22.961	331	52	2.96e-11	69.3	terminal uridylyltransferase 7 isoform X1 [Homo sapiens]	TRUE	Tut7
XP_063676426.1	XP_011517315.1	0	N/A	22.961	331	52	2.96e-11	69.3	terminal uridylyltransferase 7 isoform X1 [Homo sapiens]	TRUE	Tut7
XP_063676426.1	XP_011517314.1	0	N/A	22.961	331	52	2.96e-11	69.3	terminal uridylyltransferase 7 isoform X1 [Homo sapiens]	TRUE	Tut7
XP_063676426.1	XP_011517313.1	0	N/A	22.961	331	52	2.96e-11	69.3	terminal uridylyltransferase 7 isoform X1 [Homo sapiens]	TRUE	Tut7
XP_063676426.1	NP_001375030.1	0	N/A	26.446	242	38	3.05e-11	68.6	poly(A) RNA polymerase GLD2 isoform 9 [Homo sapiens]	TRUE	TENT2
XP_063676426.1	XP_047279823.1	0	N/A	22.961	331	52	3.42e-11	69.3	terminal uridylyltransferase 7 isoform X2 [Homo sapiens]	TRUE	Tut7
XP_063676426.1	XP_006717346.1	0	N/A	22.961	331	52	3.42e-11	69.3	terminal uridylyltransferase 7 isoform X2 [Homo sapiens]	TRUE	Tut7
XP_063676426.1	XP_011517317.1	0	N/A	22.961	331	52	3.45e-11	69.3	terminal uridylyltransferase 7 isoform X3 [Homo sapiens]	TRUE	Tut7
XP_063676426.1	XP_047279825.1	0	N/A	22.961	331	52	3.63e-11	68.9	terminal uridylyltransferase 7 isoform X6 [Homo sapiens]	TRUE	Tut7
XP_063676426.1	XP_047279824.1	0	N/A	22.961	331	52	3.63e-11	68.9	terminal uridylyltransferase 7 isoform X6 [Homo sapiens]	TRUE	Tut7
XP_063676426.1	XP_005252264.1	0	N/A	22.961	331	52	3.63e-11	68.9	terminal uridylyltransferase 7 isoform X6 [Homo sapiens]	TRUE	Tut7
XP_063676426.1	XP_005252265.1	0	N/A	22.961	331	52	3.64e-11	68.9	terminal uridylyltransferase 7 isoform X7 [Homo sapiens]	TRUE	Tut7
XP_063676426.1	XP_016870620.1	0	N/A	22.961	331	52	3.64e-11	68.9	terminal uridylyltransferase 7 isoform X4 [Homo sapiens]	TRUE	Tut7
XP_063676426.1	XP_016870619.1	0	N/A	22.961	331	52	3.64e-11	68.9	terminal uridylyltransferase 7 isoform X4 [Homo sapiens]	TRUE	Tut7
XP_063676426.1	NP_078893.2	0	N/A	22.961	331	52	3.64e-11	68.9	terminal uridylyltransferase 7 isoform 1 [Homo sapiens]	TRUE	Tut7
XP_063676426.1	NP_001171988.1	0	N/A	22.961	331	52	3.64e-11	68.9	terminal uridylyltransferase 7 isoform 1 [Homo sapiens]	TRUE	Tut7
XP_063676426.1	XP_011517318.1	0	N/A	22.961	331	52	3.7e-11	68.9	terminal uridylyltransferase 7 isoform X5 [Homo sapiens]	TRUE	Tut7
XP_063676426.1	NP_001375029.1	0	N/A	26.016	246	38	1.03e-10	67	poly(A) RNA polymerase GLD2 isoform 8 [Homo sapiens]	TRUE	TENT2
XP_063676426.1	NP_001375028.1	0	N/A	26.016	246	38	1.03e-10	67	poly(A) RNA polymerase GLD2 isoform 8 [Homo sapiens]	TRUE	TENT2
XP_063676426.1	NP_060579.3	0	N/A	20.674	445	68	6.62e-10	64.3	poly(A) RNA polymerase, mitochondrial precursor [Homo sapiens]	TRUE	mtPAP
XP_063676426.1	XP_047272305.1	0	N/A	24.823	282	45	6.78e-10	65.1	terminal uridylyltransferase 4 isoform X17 [Homo sapiens]	TRUE	Tut4
XP_063676426.1	XP_047272286.1	0	N/A	24.823	282	45	7.72e-10	64.7	terminal uridylyltransferase 4 isoform X8 [Homo sapiens]	TRUE	Tut4
XP_063676426.1	XP_047272290.1	0	N/A	24.823	282	45	8.05e-10	64.7	terminal uridylyltransferase 4 isoform X11 [Homo sapiens]	TRUE	Tut4
XP_063676426.1	XP_047272295.1	0	N/A	24.823	282	45	8.7e-10	64.7	terminal uridylyltransferase 4 isoform X12 [Homo sapiens]	TRUE	Tut4
XP_063676426.1	XP_047272372.1	0	N/A	24.823	282	45	9.11e-10	64.7	terminal uridylyltransferase 4 isoform X42 [Homo sapiens]	TRUE	Tut4
XP_063676426.1	XP_047272296.1	0	N/A	24.823	282	45	9.16e-10	64.7	terminal uridylyltransferase 4 isoform X13 [Homo sapiens]	TRUE	Tut4
XP_063676426.1	XP_047272350.1	0	N/A	24.823	282	45	9.8e-10	64.3	terminal uridylyltransferase 4 isoform X34 [Homo sapiens]	TRUE	Tut4
XP_063676426.1	XP_047272344.1	0	N/A	24.823	282	45	1.01e-09	64.3	terminal uridylyltransferase 4 isoform X30 [Homo sapiens]	TRUE	Tut4
XP_063676426.1	XP_047272288.1	0	N/A	24.91	277	44	1.14e-09	64.3	terminal uridylyltransferase 4 isoform X10 [Homo sapiens]	TRUE	Tut4
XP_063676426.1	XP_016856293.1	0	N/A	24.91	277	44	1.2e-09	64.3	terminal uridylyltransferase 4 isoform X16 [Homo sapiens]	TRUE	Tut4
XP_063676426.1	XP_047272285.1	0	N/A	24.91	277	44	1.23e-09	64.3	terminal uridylyltransferase 4 isoform X7 [Homo sapiens]	TRUE	Tut4
XP_063676426.1	XP_016856292.1	0	N/A	24.91	277	44	1.25e-09	64.3	terminal uridylyltransferase 4 isoform X9 [Homo sapiens]	TRUE	Tut4
XP_063676426.1	XP_047272283.1	0	N/A	24.91	277	44	1.36e-09	63.9	terminal uridylyltransferase 4 isoform X6 [Homo sapiens]	TRUE	Tut4
XP_063676426.1	XP_005270737.1	0	N/A	24.91	277	44	1.36e-09	63.9	terminal uridylyltransferase 4 isoform X6 [Homo sapiens]	TRUE	Tut4
XP_063676426.1	XP_047272280.1	0	N/A	24.91	277	44	1.37e-09	63.9	terminal uridylyltransferase 4 isoform X3 [Homo sapiens]	TRUE	Tut4
XP_063676426.1	XP_005270736.1	0	N/A	24.91	277	44	1.37e-09	63.9	terminal uridylyltransferase 4 isoform X3 [Homo sapiens]	TRUE	Tut4
XP_063676426.1	XP_047272805.1	0	N/A	25.279	269	39	1.39e-09	63.2	poly(A) RNA polymerase GLD2 isoform X2 [Homo sapiens]	TRUE	TENT2
XP_063676426.1	XP_047272804.1	0	N/A	25.279	269	39	1.39e-09	63.2	poly(A) RNA polymerase GLD2 isoform X2 [Homo sapiens]	TRUE	TENT2
XP_063676426.1	XP_047272803.1	0	N/A	25.279	269	39	1.39e-09	63.2	poly(A) RNA polymerase GLD2 isoform X2 [Homo sapiens]	TRUE	TENT2
XP_063676426.1	XP_047272802.1	0	N/A	25.279	269	39	1.39e-09	63.2	poly(A) RNA polymerase GLD2 isoform X2 [Homo sapiens]	TRUE	TENT2
XP_063676426.1	XP_016864641.1	0	N/A	25.279	269	39	1.39e-09	63.2	poly(A) RNA polymerase GLD2 isoform X2 [Homo sapiens]	TRUE	TENT2
XP_063676426.1	NP_001375026.1	0	N/A	25.279	269	39	1.39e-09	63.2	poly(A) RNA polymerase GLD2 isoform 6 [Homo sapiens]	TRUE	TENT2
XP_063676426.1	NP_001375025.1	0	N/A	25.279	269	39	1.39e-09	63.2	poly(A) RNA polymerase GLD2 isoform 6 [Homo sapiens]	TRUE	TENT2
XP_063676426.1	NP_001375024.1	0	N/A	25.279	269	39	1.39e-09	63.2	poly(A) RNA polymerase GLD2 isoform 6 [Homo sapiens]	TRUE	TENT2
XP_063676426.1	NP_001336480.1	0	N/A	25.279	269	39	1.39e-09	63.2	poly(A) RNA polymerase GLD2 isoform 6 [Homo sapiens]	TRUE	TENT2
XP_063676426.1	XP_005270735.1	0	N/A	24.91	277	44	1.42e-09	63.9	terminal uridylyltransferase 4 isoform X2 [Homo sapiens]	TRUE	Tut4
XP_063676426.1	XP_011539399.1	0	N/A	24.91	277	44	1.42e-09	63.9	terminal uridylyltransferase 4 isoform X1 [Homo sapiens]	TRUE	Tut4
XP_063676426.1	XP_005270733.1	0	N/A	24.91	277	44	1.42e-09	63.9	terminal uridylyltransferase 4 isoform X1 [Homo sapiens]	TRUE	Tut4
XP_063676426.1	NP_001375027.1	0	N/A	25.279	269	39	1.43e-09	63.2	poly(A) RNA polymerase GLD2 isoform 7 [Homo sapiens]	TRUE	TENT2
XP_063676426.1	XP_011539401.1	0	N/A	24.91	277	44	1.48e-09	63.9	terminal uridylyltransferase 4 isoform X29 [Homo sapiens]	TRUE	Tut4
XP_063676426.1	XP_016856297.1	0	N/A	24.91	277	44	1.5e-09	63.9	terminal uridylyltransferase 4 isoform X36 [Homo sapiens]	TRUE	Tut4
XP_063676426.1	XP_005270739.1	0	N/A	24.91	277	44	1.54e-09	63.9	terminal uridylyltransferase 4 isoform X33 [Homo sapiens]	TRUE	Tut4
XP_063676426.1	XP_047272345.1	0	N/A	24.91	277	44	1.56e-09	63.9	terminal uridylyltransferase 4 isoform X31 [Homo sapiens]	TRUE	Tut4
XP_063676426.1	XP_047272365.1	0	N/A	24.91	277	44	1.58e-09	63.9	terminal uridylyltransferase 4 isoform X38 [Homo sapiens]	TRUE	Tut4
XP_063677412.1	NP_008930.2	0	N/A	48.593	391	80	8.47e-115	357	terminal nucleotidyltransferase 4A isoform 1 [Homo sapiens]	TRUE	TENT4A
XP_063677412.1	NP_001165276.2	0	N/A	48.593	391	80	9.29e-115	357	terminal nucleotidyltransferase 4A isoform 2 [Homo sapiens]	TRUE	TENT4A
XP_063677412.1	NP_001035375.2	0	N/A	49.077	379	77	2.79e-111	344	terminal nucleotidyltransferase 4B isoform b [Homo sapiens]	TRUE	TENT4B
XP_063677412.1	XP_011521578.1	0	N/A	49.077	379	77	2.86e-111	344	terminal nucleotidyltransferase 4B isoform X2 [Homo sapiens]	TRUE	TENT4B
XP_063677412.1	XP_047290432.1	0	N/A	49.077	379	77	3.06e-111	344	terminal nucleotidyltransferase 4B isoform X4 [Homo sapiens]	TRUE	TENT4B
XP_063677412.1	NP_001352252.1	0	N/A	49.077	379	77	5.17e-111	345	terminal nucleotidyltransferase 4B isoform c [Homo sapiens]	TRUE	TENT4B
XP_063677412.1	NP_001035374.2	0	N/A	49.077	379	77	5.45e-111	345	terminal nucleotidyltransferase 4B isoform a [Homo sapiens]	TRUE	TENT4B
XP_063677412.1	XP_011521577.1	0	N/A	49.077	379	77	5.59e-111	345	terminal nucleotidyltransferase 4B isoform X1 [Homo sapiens]	TRUE	TENT4B
XP_063677412.1	XP_047290431.1	0	N/A	49.077	379	77	5.66e-111	344	terminal nucleotidyltransferase 4B isoform X3 [Homo sapiens]	TRUE	TENT4B
XP_063677412.1	NP_001352253.1	0	N/A	49.077	379	77	1.48e-110	344	terminal nucleotidyltransferase 4B isoform d [Homo sapiens]	TRUE	TENT4B
XP_063677412.1	XP_047290433.1	0	N/A	53.145	318	67	1.42e-107	329	terminal nucleotidyltransferase 4B isoform X6 [Homo sapiens]	TRUE	TENT4B
XP_063677412.1	XP_011521580.1	0	N/A	53.145	318	67	6.9e-107	329	terminal nucleotidyltransferase 4B isoform X5 [Homo sapiens]	TRUE	TENT4B
XP_063677412.1	XP_047272622.1	0	N/A	52.063	315	66	7.75e-103	319	terminal nucleotidyltransferase 4A isoform X1 [Homo sapiens]	TRUE	TENT4A
XP_063677412.1	XP_047272621.1	0	N/A	52.063	315	66	7.75e-103	319	terminal nucleotidyltransferase 4A isoform X1 [Homo sapiens]	TRUE	TENT4A
XP_063677412.1	XP_047272620.1	0	N/A	52.063	315	66	7.75e-103	319	terminal nucleotidyltransferase 4A isoform X1 [Homo sapiens]	TRUE	TENT4A
XP_063677412.1	XP_047272624.1	0	N/A	52.288	306	64	4.94e-100	311	terminal nucleotidyltransferase 4A isoform X3 [Homo sapiens]	TRUE	TENT4A
XP_063677412.1	XP_047272623.1	0	N/A	52.288	306	64	5.53e-100	311	terminal nucleotidyltransferase 4A isoform X2 [Homo sapiens]	TRUE	TENT4A
XP_063677412.1	XP_016864477.1	0	N/A	52.288	306	64	5.53e-100	311	terminal nucleotidyltransferase 4A isoform X2 [Homo sapiens]	TRUE	TENT4A
XP_063677412.1	NP_001375061.1	0	N/A	24.825	286	52	7.96e-12	69.7	poly(A) RNA polymerase GLD2 isoform 12 [Homo sapiens]	TRUE	TENT2
XP_063677412.1	XP_047272811.1	0	N/A	24.825	286	52	8.1e-12	69.7	poly(A) RNA polymerase GLD2 isoform X4 [Homo sapiens]	TRUE	TENT2
XP_063677412.1	XP_047272810.1	0	N/A	24.825	286	52	8.1e-12	69.7	poly(A) RNA polymerase GLD2 isoform X4 [Homo sapiens]	TRUE	TENT2
XP_063677412.1	XP_047272809.1	0	N/A	24.825	286	52	8.1e-12	69.7	poly(A) RNA polymerase GLD2 isoform X4 [Homo sapiens]	TRUE	TENT2
XP_063677412.1	NP_001375058.1	0	N/A	24.825	286	52	8.1e-12	69.7	poly(A) RNA polymerase GLD2 isoform 2 [Homo sapiens]	TRUE	TENT2
XP_063677412.1	NP_001375057.1	0	N/A	24.825	286	52	8.1e-12	69.7	poly(A) RNA polymerase GLD2 isoform 2 [Homo sapiens]	TRUE	TENT2
XP_063677412.1	NP_001375056.1	0	N/A	24.825	286	52	8.1e-12	69.7	poly(A) RNA polymerase GLD2 isoform 2 [Homo sapiens]	TRUE	TENT2
XP_063677412.1	NP_001375055.1	0	N/A	24.825	286	52	8.1e-12	69.7	poly(A) RNA polymerase GLD2 isoform 2 [Homo sapiens]	TRUE	TENT2
XP_063677412.1	NP_001375054.1	0	N/A	24.825	286	52	8.1e-12	69.7	poly(A) RNA polymerase GLD2 isoform 2 [Homo sapiens]	TRUE	TENT2
XP_063677412.1	NP_001375053.1	0	N/A	24.825	286	52	8.1e-12	69.7	poly(A) RNA polymerase GLD2 isoform 2 [Homo sapiens]	TRUE	TENT2
XP_063677412.1	NP_001375052.1	0	N/A	24.825	286	52	8.1e-12	69.7	poly(A) RNA polymerase GLD2 isoform 2 [Homo sapiens]	TRUE	TENT2
XP_063677412.1	NP_001375051.1	0	N/A	24.825	286	52	8.1e-12	69.7	poly(A) RNA polymerase GLD2 isoform 2 [Homo sapiens]	TRUE	TENT2
XP_063677412.1	NP_001375050.1	0	N/A	24.825	286	52	8.1e-12	69.7	poly(A) RNA polymerase GLD2 isoform 2 [Homo sapiens]	TRUE	TENT2
XP_063677412.1	NP_001375049.1	0	N/A	24.825	286	52	8.1e-12	69.7	poly(A) RNA polymerase GLD2 isoform 2 [Homo sapiens]	TRUE	TENT2
XP_063677412.1	NP_001375048.1	0	N/A	24.825	286	52	8.1e-12	69.7	poly(A) RNA polymerase GLD2 isoform 2 [Homo sapiens]	TRUE	TENT2
XP_063677412.1	NP_001375047.1	0	N/A	24.825	286	52	8.1e-12	69.7	poly(A) RNA polymerase GLD2 isoform 2 [Homo sapiens]	TRUE	TENT2
XP_063677412.1	NP_001375046.1	0	N/A	24.825	286	52	8.1e-12	69.7	poly(A) RNA polymerase GLD2 isoform 2 [Homo sapiens]	TRUE	TENT2
XP_063677412.1	NP_001375045.1	0	N/A	24.825	286	52	8.1e-12	69.7	poly(A) RNA polymerase GLD2 isoform 2 [Homo sapiens]	TRUE	TENT2
XP_063677412.1	NP_001375044.1	0	N/A	24.825	286	52	8.1e-12	69.7	poly(A) RNA polymerase GLD2 isoform 2 [Homo sapiens]	TRUE	TENT2
XP_063677412.1	NP_001375043.1	0	N/A	24.825	286	52	8.1e-12	69.7	poly(A) RNA polymerase GLD2 isoform 2 [Homo sapiens]	TRUE	TENT2
XP_063677412.1	NP_001336483.1	0	N/A	24.825	286	52	8.1e-12	69.7	poly(A) RNA polymerase GLD2 isoform 2 [Homo sapiens]	TRUE	TENT2
XP_063677412.1	NP_001284673.1	0	N/A	24.825	286	52	8.1e-12	69.7	poly(A) RNA polymerase GLD2 isoform 2 [Homo sapiens]	TRUE	TENT2
XP_063677412.1	NP_001375059.1	0	N/A	24.825	286	52	8.38e-12	69.7	poly(A) RNA polymerase GLD2 isoform 10 [Homo sapiens]	TRUE	TENT2
XP_063677412.1	NP_001375065.1	0	N/A	24.825	286	52	1.25e-11	68.6	poly(A) RNA polymerase GLD2 isoform 14 [Homo sapiens]	TRUE	TENT2
XP_063677412.1	NP_001375060.1	0	N/A	24.483	290	52	2.89e-11	67.8	poly(A) RNA polymerase GLD2 isoform 11 [Homo sapiens]	TRUE	TENT2
XP_063677412.1	NP_001375042.1	0	N/A	24.483	290	52	3.19e-11	67.8	poly(A) RNA polymerase GLD2 isoform 16 [Homo sapiens]	TRUE	TENT2
XP_063677412.1	XP_047272808.1	0	N/A	24.483	290	52	3.2e-11	67.8	poly(A) RNA polymerase GLD2 isoform X3 [Homo sapiens]	TRUE	TENT2
XP_063677412.1	XP_047272807.1	0	N/A	24.483	290	52	3.2e-11	67.8	poly(A) RNA polymerase GLD2 isoform X3 [Homo sapiens]	TRUE	TENT2
XP_063677412.1	XP_047272806.1	0	N/A	24.483	290	52	3.2e-11	67.8	poly(A) RNA polymerase GLD2 isoform X3 [Homo sapiens]	TRUE	TENT2
XP_063677412.1	NP_776158.2	0	N/A	24.483	290	52	3.2e-11	67.8	poly(A) RNA polymerase GLD2 isoform 1 [Homo sapiens]	TRUE	TENT2
XP_063677412.1	NP_001375041.1	0	N/A	24.483	290	52	3.2e-11	67.8	poly(A) RNA polymerase GLD2 isoform 1 [Homo sapiens]	TRUE	TENT2
XP_063677412.1	NP_001375040.1	0	N/A	24.483	290	52	3.2e-11	67.8	poly(A) RNA polymerase GLD2 isoform 1 [Homo sapiens]	TRUE	TENT2
XP_063677412.1	NP_001375039.1	0	N/A	24.483	290	52	3.2e-11	67.8	poly(A) RNA polymerase GLD2 isoform 1 [Homo sapiens]	TRUE	TENT2
XP_063677412.1	NP_001375038.1	0	N/A	24.483	290	52	3.2e-11	67.8	poly(A) RNA polymerase GLD2 isoform 1 [Homo sapiens]	TRUE	TENT2
XP_063677412.1	NP_001375037.1	0	N/A	24.483	290	52	3.2e-11	67.8	poly(A) RNA polymerase GLD2 isoform 1 [Homo sapiens]	TRUE	TENT2
XP_063677412.1	NP_001375036.1	0	N/A	24.483	290	52	3.2e-11	67.8	poly(A) RNA polymerase GLD2 isoform 1 [Homo sapiens]	TRUE	TENT2
XP_063677412.1	NP_001375035.1	0	N/A	24.483	290	52	3.2e-11	67.8	poly(A) RNA polymerase GLD2 isoform 1 [Homo sapiens]	TRUE	TENT2
XP_063677412.1	NP_001375034.1	0	N/A	24.483	290	52	3.2e-11	67.8	poly(A) RNA polymerase GLD2 isoform 1 [Homo sapiens]	TRUE	TENT2
XP_063677412.1	NP_001375032.1	0	N/A	24.483	290	52	3.2e-11	67.8	poly(A) RNA polymerase GLD2 isoform 1 [Homo sapiens]	TRUE	TENT2
XP_063677412.1	NP_001375031.1	0	N/A	24.483	290	52	3.2e-11	67.8	poly(A) RNA polymerase GLD2 isoform 1 [Homo sapiens]	TRUE	TENT2
XP_063677412.1	NP_001336482.1	0	N/A	24.483	290	52	3.2e-11	67.8	poly(A) RNA polymerase GLD2 isoform 1 [Homo sapiens]	TRUE	TENT2
XP_063677412.1	NP_001336481.1	0	N/A	24.483	290	52	3.2e-11	67.8	poly(A) RNA polymerase GLD2 isoform 1 [Homo sapiens]	TRUE	TENT2
XP_063677412.1	NP_001107866.1	0	N/A	24.483	290	52	3.2e-11	67.8	poly(A) RNA polymerase GLD2 isoform 1 [Homo sapiens]	TRUE	TENT2
XP_063677412.1	NP_001107865.1	0	N/A	24.483	290	52	3.2e-11	67.8	poly(A) RNA polymerase GLD2 isoform 1 [Homo sapiens]	TRUE	TENT2
XP_063677412.1	XP_047272820.1	0	N/A	27.103	214	38	1.21e-10	64.3	poly(A) RNA polymerase GLD2 isoform X11 [Homo sapiens]	TRUE	TENT2
XP_063677412.1	NP_001336477.1	0	N/A	27.103	214	38	1.6e-10	63.9	poly(A) RNA polymerase GLD2 isoform 4 [Homo sapiens]	TRUE	TENT2
XP_063677412.1	NP_001375030.1	0	N/A	27.103	214	38	6.19e-10	63.9	poly(A) RNA polymerase GLD2 isoform 9 [Homo sapiens]	TRUE	TENT2
XP_063677412.1	NP_001375027.1	0	N/A	27.103	214	38	6.94e-10	63.5	poly(A) RNA polymerase GLD2 isoform 7 [Homo sapiens]	TRUE	TENT2
XP_063677412.1	XP_047272805.1	0	N/A	27.103	214	38	7.13e-10	63.5	poly(A) RNA polymerase GLD2 isoform X2 [Homo sapiens]	TRUE	TENT2
XP_063677412.1	XP_047272804.1	0	N/A	27.103	214	38	7.13e-10	63.5	poly(A) RNA polymerase GLD2 isoform X2 [Homo sapiens]	TRUE	TENT2
XP_063677412.1	XP_047272803.1	0	N/A	27.103	214	38	7.13e-10	63.5	poly(A) RNA polymerase GLD2 isoform X2 [Homo sapiens]	TRUE	TENT2
XP_063677412.1	XP_047272802.1	0	N/A	27.103	214	38	7.13e-10	63.5	poly(A) RNA polymerase GLD2 isoform X2 [Homo sapiens]	TRUE	TENT2
XP_063677412.1	XP_016864641.1	0	N/A	27.103	214	38	7.13e-10	63.5	poly(A) RNA polymerase GLD2 isoform X2 [Homo sapiens]	TRUE	TENT2
XP_063677412.1	NP_001375026.1	0	N/A	27.103	214	38	7.13e-10	63.5	poly(A) RNA polymerase GLD2 isoform 6 [Homo sapiens]	TRUE	TENT2
XP_063677412.1	NP_001375025.1	0	N/A	27.103	214	38	7.13e-10	63.5	poly(A) RNA polymerase GLD2 isoform 6 [Homo sapiens]	TRUE	TENT2
XP_063677412.1	NP_001375024.1	0	N/A	27.103	214	38	7.13e-10	63.5	poly(A) RNA polymerase GLD2 isoform 6 [Homo sapiens]	TRUE	TENT2
XP_063677412.1	NP_001336480.1	0	N/A	27.103	214	38	7.13e-10	63.5	poly(A) RNA polymerase GLD2 isoform 6 [Homo sapiens]	TRUE	TENT2
XP_063677412.1	NP_001375029.1	0	N/A	27.103	214	38	8.05e-10	63.5	poly(A) RNA polymerase GLD2 isoform 8 [Homo sapiens]	TRUE	TENT2
XP_063677412.1	NP_001375028.1	0	N/A	27.103	214	38	8.05e-10	63.5	poly(A) RNA polymerase GLD2 isoform 8 [Homo sapiens]	TRUE	TENT2
XP_063677412.1	XP_047272801.1	0	N/A	27.103	214	38	8.79e-10	63.2	poly(A) RNA polymerase GLD2 isoform X1 [Homo sapiens]	TRUE	TENT2
XP_063677412.1	XP_047272800.1	0	N/A	27.103	214	38	8.79e-10	63.2	poly(A) RNA polymerase GLD2 isoform X1 [Homo sapiens]	TRUE	TENT2
XP_063677412.1	XP_011541527.1	0	N/A	27.103	214	38	8.79e-10	63.2	poly(A) RNA polymerase GLD2 isoform X1 [Homo sapiens]	TRUE	TENT2
XP_063677412.1	XP_011541526.1	0	N/A	27.103	214	38	8.79e-10	63.2	poly(A) RNA polymerase GLD2 isoform X1 [Homo sapiens]	TRUE	TENT2
XP_063677412.1	XP_011541523.1	0	N/A	27.103	214	38	8.79e-10	63.2	poly(A) RNA polymerase GLD2 isoform X1 [Homo sapiens]	TRUE	TENT2
XP_063677412.1	XP_011541522.1	0	N/A	27.103	214	38	8.79e-10	63.2	poly(A) RNA polymerase GLD2 isoform X1 [Homo sapiens]	TRUE	TENT2
XP_063677412.1	NP_001375023.1	0	N/A	27.103	214	38	8.79e-10	63.2	poly(A) RNA polymerase GLD2 isoform 5 [Homo sapiens]	TRUE	TENT2
XP_063677412.1	NP_001375022.1	0	N/A	27.103	214	38	8.79e-10	63.2	poly(A) RNA polymerase GLD2 isoform 5 [Homo sapiens]	TRUE	TENT2
XP_063677412.1	NP_001336479.1	0	N/A	27.103	214	38	8.79e-10	63.2	poly(A) RNA polymerase GLD2 isoform 5 [Homo sapiens]	TRUE	TENT2
XP_063677412.1	NP_001336478.1	0	N/A	27.103	214	38	8.79e-10	63.2	poly(A) RNA polymerase GLD2 isoform 5 [Homo sapiens]	TRUE	TENT2
XP_063677412.1	XP_047272344.1	0	N/A	22.759	290	58	6.3e-08	58.2	terminal uridylyltransferase 4 isoform X30 [Homo sapiens]	TRUE	Tut4
XP_063677412.1	XP_047272348.1	0	N/A	22.759	290	58	6.8e-08	57.8	terminal uridylyltransferase 4 isoform X32 [Homo sapiens]	TRUE	Tut4
XP_063677412.1	XP_016856295.1	0	N/A	22.759	290	58	6.94e-08	57.8	terminal uridylyltransferase 4 isoform X25 [Homo sapiens]	TRUE	Tut4
XP_063677412.1	XP_047272367.1	0	N/A	22.789	294	58	7.03e-08	57.8	terminal uridylyltransferase 4 isoform X39 [Homo sapiens]	TRUE	Tut4
XP_063677412.1	XP_016856296.1	0	N/A	22.759	290	58	7.7e-08	57.8	terminal uridylyltransferase 4 isoform X28 [Homo sapiens]	TRUE	Tut4
XP_063677412.1	XP_047272337.1	0	N/A	22.759	290	58	7.7e-08	57.8	terminal uridylyltransferase 4 isoform X27 [Homo sapiens]	TRUE	Tut4
XP_063677412.1	XP_047272325.1	0	N/A	22.759	290	58	7.71e-08	57.8	terminal uridylyltransferase 4 isoform X23 [Homo sapiens]	TRUE	Tut4
XP_063677412.1	XP_047272350.1	0	N/A	22.759	290	58	7.74e-08	57.8	terminal uridylyltransferase 4 isoform X34 [Homo sapiens]	TRUE	Tut4
XP_063677412.1	XP_047272362.1	0	N/A	22.759	290	58	7.8e-08	57.8	terminal uridylyltransferase 4 isoform X37 [Homo sapiens]	TRUE	Tut4
XP_063677412.1	XP_047272354.1	0	N/A	22.759	290	58	7.8e-08	57.8	terminal uridylyltransferase 4 isoform X35 [Homo sapiens]	TRUE	Tut4
XP_063677412.1	NP_001317647.1	0	N/A	27.485	171	35	6.99e-07	54.3	terminal uridylyltransferase 7 isoform 3 [Homo sapiens]	TRUE	Tut7
XP_063677412.1	XP_047279825.1	0	N/A	27.485	171	35	8.85e-07	54.3	terminal uridylyltransferase 7 isoform X6 [Homo sapiens]	TRUE	Tut7
XP_063677412.1	XP_047279824.1	0	N/A	27.485	171	35	8.85e-07	54.3	terminal uridylyltransferase 7 isoform X6 [Homo sapiens]	TRUE	Tut7
XP_063681540.1	XP_047272344.1	0	N/A	28.03	264	38	1.2e-16	87	terminal uridylyltransferase 4 isoform X30 [Homo sapiens]	TRUE	Tut4
XP_063681540.1	XP_047272286.1	0	N/A	28.03	264	38	1.31e-16	86.7	terminal uridylyltransferase 4 isoform X8 [Homo sapiens]	TRUE	Tut4
XP_063681540.1	XP_047272350.1	0	N/A	28.03	264	38	1.35e-16	86.7	terminal uridylyltransferase 4 isoform X34 [Homo sapiens]	TRUE	Tut4
XP_063681540.1	XP_047272305.1	0	N/A	28.03	264	38	1.48e-16	86.7	terminal uridylyltransferase 4 isoform X17 [Homo sapiens]	TRUE	Tut4
XP_063681540.1	XP_047272295.1	0	N/A	28.03	264	38	1.48e-16	86.7	terminal uridylyltransferase 4 isoform X12 [Homo sapiens]	TRUE	Tut4
XP_063681540.1	XP_047272290.1	0	N/A	28.03	264	38	1.48e-16	86.7	terminal uridylyltransferase 4 isoform X11 [Homo sapiens]	TRUE	Tut4
XP_063681540.1	XP_047272296.1	0	N/A	28.03	264	38	1.49e-16	86.7	terminal uridylyltransferase 4 isoform X13 [Homo sapiens]	TRUE	Tut4
XP_063681540.1	XP_047272372.1	0	N/A	28.03	264	38	1.5e-16	86.7	terminal uridylyltransferase 4 isoform X42 [Homo sapiens]	TRUE	Tut4
XP_063681540.1	XP_047272325.1	0	N/A	27.734	256	37	2.61e-14	79.3	terminal uridylyltransferase 4 isoform X23 [Homo sapiens]	TRUE	Tut4
XP_063681540.1	XP_016856295.1	0	N/A	27.734	256	37	2.68e-14	79.3	terminal uridylyltransferase 4 isoform X25 [Homo sapiens]	TRUE	Tut4
XP_063681540.1	XP_047272337.1	0	N/A	27.734	256	37	2.72e-14	79.3	terminal uridylyltransferase 4 isoform X27 [Homo sapiens]	TRUE	Tut4
XP_063681540.1	XP_005270735.1	0	N/A	27.734	256	37	2.8e-14	79.3	terminal uridylyltransferase 4 isoform X2 [Homo sapiens]	TRUE	Tut4
XP_063681540.1	XP_016856297.1	0	N/A	27.734	256	37	2.85e-14	79.3	terminal uridylyltransferase 4 isoform X36 [Homo sapiens]	TRUE	Tut4
XP_063681540.1	XP_016856296.1	0	N/A	27.734	256	37	2.89e-14	79.3	terminal uridylyltransferase 4 isoform X28 [Homo sapiens]	TRUE	Tut4
XP_063681540.1	XP_047272345.1	0	N/A	27.734	256	37	2.9e-14	79.3	terminal uridylyltransferase 4 isoform X31 [Homo sapiens]	TRUE	Tut4
XP_063681540.1	XP_011539399.1	0	N/A	27.734	256	37	2.93e-14	79.3	terminal uridylyltransferase 4 isoform X1 [Homo sapiens]	TRUE	Tut4
XP_063681540.1	XP_005270733.1	0	N/A	27.734	256	37	2.93e-14	79.3	terminal uridylyltransferase 4 isoform X1 [Homo sapiens]	TRUE	Tut4
XP_063681540.1	XP_011539401.1	0	N/A	27.734	256	37	3.01e-14	79.3	terminal uridylyltransferase 4 isoform X29 [Homo sapiens]	TRUE	Tut4
XP_063681540.1	XP_005270739.1	0	N/A	27.734	256	37	3.03e-14	79.3	terminal uridylyltransferase 4 isoform X33 [Homo sapiens]	TRUE	Tut4
XP_063681540.1	XP_047272281.1	0	N/A	27.734	256	37	3.08e-14	79.3	terminal uridylyltransferase 4 isoform X4 [Homo sapiens]	TRUE	Tut4
XP_063681540.1	NP_001009881.1	0	N/A	27.734	256	37	3.08e-14	79.3	terminal uridylyltransferase 4 isoform a [Homo sapiens]	TRUE	Tut4
XP_063681540.1	XP_047272280.1	0	N/A	27.734	256	37	3.1e-14	79	terminal uridylyltransferase 4 isoform X3 [Homo sapiens]	TRUE	Tut4
XP_063681540.1	XP_005270736.1	0	N/A	27.734	256	37	3.1e-14	79	terminal uridylyltransferase 4 isoform X3 [Homo sapiens]	TRUE	Tut4
XP_063681540.1	XP_047272288.1	0	N/A	27.734	256	37	3.23e-14	79	terminal uridylyltransferase 4 isoform X10 [Homo sapiens]	TRUE	Tut4
XP_063681540.1	XP_047272285.1	0	N/A	27.734	256	37	3.26e-14	79	terminal uridylyltransferase 4 isoform X7 [Homo sapiens]	TRUE	Tut4
XP_063681540.1	XP_047272282.1	0	N/A	27.734	256	37	3.3e-14	79	terminal uridylyltransferase 4 isoform X5 [Homo sapiens]	TRUE	Tut4
XP_063681540.1	NP_056084.1	0	N/A	27.734	256	37	3.3e-14	79	terminal uridylyltransferase 4 isoform b [Homo sapiens]	TRUE	Tut4
XP_063681540.1	XP_047272365.1	0	N/A	27.734	256	37	3.32e-14	79	terminal uridylyltransferase 4 isoform X38 [Homo sapiens]	TRUE	Tut4
XP_063681540.1	XP_047272283.1	0	N/A	27.734	256	37	3.41e-14	79	terminal uridylyltransferase 4 isoform X6 [Homo sapiens]	TRUE	Tut4
XP_063681540.1	XP_005270737.1	0	N/A	27.734	256	37	3.41e-14	79	terminal uridylyltransferase 4 isoform X6 [Homo sapiens]	TRUE	Tut4
XP_063681540.1	XP_047272384.1	0	N/A	27.778	252	36	3.47e-14	78.6	terminal uridylyltransferase 4 isoform X46 [Homo sapiens]	TRUE	Tut4
XP_063681540.1	XP_016856292.1	0	N/A	27.734	256	37	3.52e-14	79	terminal uridylyltransferase 4 isoform X9 [Homo sapiens]	TRUE	Tut4
XP_063681540.1	XP_016856293.1	0	N/A	27.734	256	37	3.64e-14	79	terminal uridylyltransferase 4 isoform X16 [Homo sapiens]	TRUE	Tut4
XP_063681540.1	XP_016856299.1	0	N/A	27.734	256	37	3.75e-14	79	terminal uridylyltransferase 4 isoform X40 [Homo sapiens]	TRUE	Tut4
XP_063681540.1	XP_005252265.1	0	N/A	24.351	308	45	3.44e-13	75.9	terminal uridylyltransferase 7 isoform X7 [Homo sapiens]	TRUE	Tut7
XP_063681540.1	XP_011517316.1	0	N/A	24.351	308	45	4.25e-13	75.5	terminal uridylyltransferase 7 isoform X1 [Homo sapiens]	TRUE	Tut7
XP_063681540.1	XP_011517315.1	0	N/A	24.351	308	45	4.25e-13	75.5	terminal uridylyltransferase 7 isoform X1 [Homo sapiens]	TRUE	Tut7
XP_063681540.1	XP_011517314.1	0	N/A	24.351	308	45	4.25e-13	75.5	terminal uridylyltransferase 7 isoform X1 [Homo sapiens]	TRUE	Tut7
XP_063681540.1	XP_011517313.1	0	N/A	24.351	308	45	4.25e-13	75.5	terminal uridylyltransferase 7 isoform X1 [Homo sapiens]	TRUE	Tut7
XP_063681540.1	XP_016870620.1	0	N/A	24.351	308	45	4.91e-13	75.1	terminal uridylyltransferase 7 isoform X4 [Homo sapiens]	TRUE	Tut7
XP_063681540.1	XP_016870619.1	0	N/A	24.351	308	45	4.91e-13	75.1	terminal uridylyltransferase 7 isoform X4 [Homo sapiens]	TRUE	Tut7
XP_063681540.1	NP_078893.2	0	N/A	24.351	308	45	4.91e-13	75.1	terminal uridylyltransferase 7 isoform 1 [Homo sapiens]	TRUE	Tut7
XP_063681540.1	NP_001171988.1	0	N/A	24.351	308	45	4.91e-13	75.1	terminal uridylyltransferase 7 isoform 1 [Homo sapiens]	TRUE	Tut7
XP_063681540.1	NP_001317647.1	0	N/A	24.351	308	45	5.16e-13	74.7	terminal uridylyltransferase 7 isoform 3 [Homo sapiens]	TRUE	Tut7
XP_063681540.1	XP_047279823.1	0	N/A	24.351	308	45	5.17e-13	75.1	terminal uridylyltransferase 7 isoform X2 [Homo sapiens]	TRUE	Tut7
XP_063681540.1	XP_006717346.1	0	N/A	24.351	308	45	5.17e-13	75.1	terminal uridylyltransferase 7 isoform X2 [Homo sapiens]	TRUE	Tut7
XP_063681540.1	XP_047279825.1	0	N/A	24.351	308	45	5.57e-13	75.1	terminal uridylyltransferase 7 isoform X6 [Homo sapiens]	TRUE	Tut7
XP_063681540.1	XP_047279824.1	0	N/A	24.351	308	45	5.57e-13	75.1	terminal uridylyltransferase 7 isoform X6 [Homo sapiens]	TRUE	Tut7
XP_063681540.1	XP_005252264.1	0	N/A	24.351	308	45	5.57e-13	75.1	terminal uridylyltransferase 7 isoform X6 [Homo sapiens]	TRUE	Tut7
XP_063681540.1	XP_011517317.1	0	N/A	24.351	308	45	5.77e-13	75.1	terminal uridylyltransferase 7 isoform X3 [Homo sapiens]	TRUE	Tut7
XP_063681540.1	XP_011517318.1	0	N/A	24.351	308	45	6.19e-13	75.1	terminal uridylyltransferase 7 isoform X5 [Homo sapiens]	TRUE	Tut7
XP_063681540.1	XP_047272362.1	0	N/A	22.028	286	47	2.34e-09	63.5	terminal uridylyltransferase 4 isoform X37 [Homo sapiens]	TRUE	Tut4
XP_063681540.1	XP_047272354.1	0	N/A	22.028	286	47	2.5e-09	63.2	terminal uridylyltransferase 4 isoform X35 [Homo sapiens]	TRUE	Tut4
XP_063681540.1	XP_047272367.1	0	N/A	22.028	286	47	2.7e-09	63.2	terminal uridylyltransferase 4 isoform X39 [Homo sapiens]	TRUE	Tut4
XP_063681540.1	XP_047272348.1	0	N/A	22.378	286	47	2.92e-09	63.2	terminal uridylyltransferase 4 isoform X32 [Homo sapiens]	TRUE	Tut4
XP_063681540.1	NP_001172003.1	0	N/A	25.49	204	29	4.88e-08	58.9	terminal uridylyltransferase 7 isoform 2 [Homo sapiens]	TRUE	Tut7
XP_063681540.1	NP_001375065.1	0	N/A	21.019	314	46	1.8e-07	56.2	poly(A) RNA polymerase GLD2 isoform 14 [Homo sapiens]	TRUE	TENT2
XP_063681540.1	XP_047272327.1	0	N/A	25.106	235	37	2.42e-07	57	terminal uridylyltransferase 4 isoform X24 [Homo sapiens]	TRUE	Tut4
XP_063681540.1	XP_047272320.1	0	N/A	25.106	235	37	2.5e-07	56.6	terminal uridylyltransferase 4 isoform X22 [Homo sapiens]	TRUE	Tut4
XP_063681540.1	XP_047272306.1	0	N/A	25.106	235	37	2.53e-07	56.6	terminal uridylyltransferase 4 isoform X18 [Homo sapiens]	TRUE	Tut4
XP_063681540.1	XP_047272303.1	0	N/A	25.106	235	37	2.53e-07	56.6	terminal uridylyltransferase 4 isoform X15 [Homo sapiens]	TRUE	Tut4
XP_063681540.1	XP_005270738.1	0	N/A	25.106	235	37	2.53e-07	56.6	terminal uridylyltransferase 4 isoform X14 [Homo sapiens]	TRUE	Tut4
XP_063681540.1	XP_047272307.1	0	N/A	25.106	235	37	2.57e-07	56.6	terminal uridylyltransferase 4 isoform X19 [Homo sapiens]	TRUE	Tut4
XP_063681540.1	NP_001375061.1	0	N/A	21.019	314	46	2.57e-07	56.2	poly(A) RNA polymerase GLD2 isoform 12 [Homo sapiens]	TRUE	TENT2
XP_063681540.1	XP_047272369.1	0	N/A	25.106	235	37	2.61e-07	56.6	terminal uridylyltransferase 4 isoform X41 [Homo sapiens]	TRUE	Tut4
XP_063681540.1	XP_047272311.1	0	N/A	25.106	235	37	2.63e-07	56.6	terminal uridylyltransferase 4 isoform X21 [Homo sapiens]	TRUE	Tut4
XP_063681540.1	XP_047272811.1	0	N/A	21.019	314	46	2.67e-07	56.2	poly(A) RNA polymerase GLD2 isoform X4 [Homo sapiens]	TRUE	TENT2
XP_063681540.1	XP_047272810.1	0	N/A	21.019	314	46	2.67e-07	56.2	poly(A) RNA polymerase GLD2 isoform X4 [Homo sapiens]	TRUE	TENT2
XP_063681540.1	XP_047272809.1	0	N/A	21.019	314	46	2.67e-07	56.2	poly(A) RNA polymerase GLD2 isoform X4 [Homo sapiens]	TRUE	TENT2
XP_063681540.1	NP_001375058.1	0	N/A	21.019	314	46	2.67e-07	56.2	poly(A) RNA polymerase GLD2 isoform 2 [Homo sapiens]	TRUE	TENT2
XP_063681540.1	NP_001375057.1	0	N/A	21.019	314	46	2.67e-07	56.2	poly(A) RNA polymerase GLD2 isoform 2 [Homo sapiens]	TRUE	TENT2
XP_063681540.1	NP_001375056.1	0	N/A	21.019	314	46	2.67e-07	56.2	poly(A) RNA polymerase GLD2 isoform 2 [Homo sapiens]	TRUE	TENT2
XP_063681540.1	NP_001375055.1	0	N/A	21.019	314	46	2.67e-07	56.2	poly(A) RNA polymerase GLD2 isoform 2 [Homo sapiens]	TRUE	TENT2
XP_063681540.1	NP_001375054.1	0	N/A	21.019	314	46	2.67e-07	56.2	poly(A) RNA polymerase GLD2 isoform 2 [Homo sapiens]	TRUE	TENT2
XP_063681540.1	NP_001375053.1	0	N/A	21.019	314	46	2.67e-07	56.2	poly(A) RNA polymerase GLD2 isoform 2 [Homo sapiens]	TRUE	TENT2
XP_063681540.1	NP_001375052.1	0	N/A	21.019	314	46	2.67e-07	56.2	poly(A) RNA polymerase GLD2 isoform 2 [Homo sapiens]	TRUE	TENT2
XP_063681540.1	NP_001375051.1	0	N/A	21.019	314	46	2.67e-07	56.2	poly(A) RNA polymerase GLD2 isoform 2 [Homo sapiens]	TRUE	TENT2
XP_063681540.1	NP_001375050.1	0	N/A	21.019	314	46	2.67e-07	56.2	poly(A) RNA polymerase GLD2 isoform 2 [Homo sapiens]	TRUE	TENT2
XP_063681540.1	NP_001375049.1	0	N/A	21.019	314	46	2.67e-07	56.2	poly(A) RNA polymerase GLD2 isoform 2 [Homo sapiens]	TRUE	TENT2
XP_063681540.1	NP_001375048.1	0	N/A	21.019	314	46	2.67e-07	56.2	poly(A) RNA polymerase GLD2 isoform 2 [Homo sapiens]	TRUE	TENT2
XP_063681540.1	NP_001375047.1	0	N/A	21.019	314	46	2.67e-07	56.2	poly(A) RNA polymerase GLD2 isoform 2 [Homo sapiens]	TRUE	TENT2
XP_063681540.1	NP_001375046.1	0	N/A	21.019	314	46	2.67e-07	56.2	poly(A) RNA polymerase GLD2 isoform 2 [Homo sapiens]	TRUE	TENT2
XP_063681540.1	NP_001375045.1	0	N/A	21.019	314	46	2.67e-07	56.2	poly(A) RNA polymerase GLD2 isoform 2 [Homo sapiens]	TRUE	TENT2
XP_063681540.1	NP_001375044.1	0	N/A	21.019	314	46	2.67e-07	56.2	poly(A) RNA polymerase GLD2 isoform 2 [Homo sapiens]	TRUE	TENT2
XP_063681540.1	NP_001375043.1	0	N/A	21.019	314	46	2.67e-07	56.2	poly(A) RNA polymerase GLD2 isoform 2 [Homo sapiens]	TRUE	TENT2
XP_063681540.1	NP_001336483.1	0	N/A	21.019	314	46	2.67e-07	56.2	poly(A) RNA polymerase GLD2 isoform 2 [Homo sapiens]	TRUE	TENT2
XP_063681540.1	NP_001284673.1	0	N/A	21.019	314	46	2.67e-07	56.2	poly(A) RNA polymerase GLD2 isoform 2 [Homo sapiens]	TRUE	TENT2
XP_063681540.1	XP_016856294.1	0	N/A	25.106	235	37	2.68e-07	56.6	terminal uridylyltransferase 4 isoform X20 [Homo sapiens]	TRUE	Tut4
XP_063681540.1	XP_047272336.1	0	N/A	25.106	235	37	2.77e-07	56.6	terminal uridylyltransferase 4 isoform X26 [Homo sapiens]	TRUE	Tut4
XP_063681540.1	NP_001375059.1	0	N/A	21.019	314	46	2.81e-07	55.8	poly(A) RNA polymerase GLD2 isoform 10 [Homo sapiens]	TRUE	TENT2
XP_063681540.1	XP_047272377.1	0	N/A	25.106	235	37	2.89e-07	56.6	terminal uridylyltransferase 4 isoform X44 [Homo sapiens]	TRUE	Tut4
XP_063681540.1	XP_047272373.1	0	N/A	25.106	235	37	3.04e-07	56.6	terminal uridylyltransferase 4 isoform X43 [Homo sapiens]	TRUE	Tut4
XP_063681540.1	NP_001375042.1	0	N/A	20.82	317	46	3.9e-06	52.4	poly(A) RNA polymerase GLD2 isoform 16 [Homo sapiens]	TRUE	TENT2
XP_063681540.1	NP_001375060.1	0	N/A	20.886	316	46	4e-06	52.4	poly(A) RNA polymerase GLD2 isoform 11 [Homo sapiens]	TRUE	TENT2
XP_063681540.1	XP_047272808.1	0	N/A	20.82	317	46	4.41e-06	52.4	poly(A) RNA polymerase GLD2 isoform X3 [Homo sapiens]	TRUE	TENT2
XP_063681540.1	XP_047272807.1	0	N/A	20.82	317	46	4.41e-06	52.4	poly(A) RNA polymerase GLD2 isoform X3 [Homo sapiens]	TRUE	TENT2
XP_063681540.1	XP_047272806.1	0	N/A	20.82	317	46	4.41e-06	52.4	poly(A) RNA polymerase GLD2 isoform X3 [Homo sapiens]	TRUE	TENT2
XP_063681540.1	NP_776158.2	0	N/A	20.82	317	46	4.41e-06	52.4	poly(A) RNA polymerase GLD2 isoform 1 [Homo sapiens]	TRUE	TENT2
XP_063681540.1	NP_001375041.1	0	N/A	20.82	317	46	4.41e-06	52.4	poly(A) RNA polymerase GLD2 isoform 1 [Homo sapiens]	TRUE	TENT2
XP_063681540.1	NP_001375040.1	0	N/A	20.82	317	46	4.41e-06	52.4	poly(A) RNA polymerase GLD2 isoform 1 [Homo sapiens]	TRUE	TENT2
XP_063681749.1	NP_001317647.1	0	N/A	34.974	386	23	1.46e-59	223	terminal uridylyltransferase 7 isoform 3 [Homo sapiens]	TRUE	Tut7
XP_063681749.1	XP_016856292.1	0	N/A	32.867	429	24	2.73e-58	225	terminal uridylyltransferase 4 isoform X9 [Homo sapiens]	TRUE	Tut4
XP_063681749.1	XP_016856293.1	0	N/A	32.867	429	24	2.83e-58	225	terminal uridylyltransferase 4 isoform X16 [Homo sapiens]	TRUE	Tut4
XP_063681749.1	XP_047272280.1	0	N/A	32.867	429	24	3.59e-58	224	terminal uridylyltransferase 4 isoform X3 [Homo sapiens]	TRUE	Tut4
XP_063681749.1	XP_005270736.1	0	N/A	32.867	429	24	3.59e-58	224	terminal uridylyltransferase 4 isoform X3 [Homo sapiens]	TRUE	Tut4
XP_063681749.1	XP_047272345.1	0	N/A	32.867	429	24	3.6e-58	224	terminal uridylyltransferase 4 isoform X31 [Homo sapiens]	TRUE	Tut4
XP_063681749.1	XP_016856297.1	0	N/A	32.867	429	24	3.6e-58	224	terminal uridylyltransferase 4 isoform X36 [Homo sapiens]	TRUE	Tut4
XP_063681749.1	XP_047272283.1	0	N/A	32.867	429	24	3.92e-58	224	terminal uridylyltransferase 4 isoform X6 [Homo sapiens]	TRUE	Tut4
XP_063681749.1	XP_005270737.1	0	N/A	32.867	429	24	3.92e-58	224	terminal uridylyltransferase 4 isoform X6 [Homo sapiens]	TRUE	Tut4
XP_063681749.1	XP_016856299.1	0	N/A	32.867	429	24	4.02e-58	224	terminal uridylyltransferase 4 isoform X40 [Homo sapiens]	TRUE	Tut4
XP_063681749.1	XP_047272305.1	0	N/A	34.653	404	23	4.67e-58	224	terminal uridylyltransferase 4 isoform X17 [Homo sapiens]	TRUE	Tut4
XP_063681749.1	XP_047272290.1	0	N/A	34.653	404	23	4.78e-58	224	terminal uridylyltransferase 4 isoform X11 [Homo sapiens]	TRUE	Tut4
XP_063681749.1	XP_016856295.1	0	N/A	32.867	429	24	5.01e-58	224	terminal uridylyltransferase 4 isoform X25 [Homo sapiens]	TRUE	Tut4
XP_063681749.1	XP_016856296.1	0	N/A	32.867	429	24	5.19e-58	224	terminal uridylyltransferase 4 isoform X28 [Homo sapiens]	TRUE	Tut4
XP_063681749.1	XP_047279823.1	0	N/A	34.974	386	23	6.54e-58	224	terminal uridylyltransferase 7 isoform X2 [Homo sapiens]	TRUE	Tut7
XP_063681749.1	XP_006717346.1	0	N/A	34.974	386	23	6.54e-58	224	terminal uridylyltransferase 7 isoform X2 [Homo sapiens]	TRUE	Tut7
XP_063681749.1	XP_047272350.1	0	N/A	34.653	404	23	6.59e-58	224	terminal uridylyltransferase 4 isoform X34 [Homo sapiens]	TRUE	Tut4
XP_063681749.1	XP_011517318.1	0	N/A	34.974	386	23	8.38e-58	223	terminal uridylyltransferase 7 isoform X5 [Homo sapiens]	TRUE	Tut7
XP_063681749.1	XP_011517317.1	0	N/A	34.974	386	23	8.84e-58	223	terminal uridylyltransferase 7 isoform X3 [Homo sapiens]	TRUE	Tut7
XP_063681749.1	XP_047279825.1	0	N/A	34.974	386	23	9.21e-58	223	terminal uridylyltransferase 7 isoform X6 [Homo sapiens]	TRUE	Tut7
XP_063681749.1	XP_047279824.1	0	N/A	34.974	386	23	9.21e-58	223	terminal uridylyltransferase 7 isoform X6 [Homo sapiens]	TRUE	Tut7
XP_063681749.1	XP_005252264.1	0	N/A	34.974	386	23	9.21e-58	223	terminal uridylyltransferase 7 isoform X6 [Homo sapiens]	TRUE	Tut7
XP_063681749.1	XP_016870620.1	0	N/A	34.974	386	23	9.44e-58	223	terminal uridylyltransferase 7 isoform X4 [Homo sapiens]	TRUE	Tut7
XP_063681749.1	XP_016870619.1	0	N/A	34.974	386	23	9.44e-58	223	terminal uridylyltransferase 7 isoform X4 [Homo sapiens]	TRUE	Tut7
XP_063681749.1	NP_078893.2	0	N/A	34.974	386	23	9.44e-58	223	terminal uridylyltransferase 7 isoform 1 [Homo sapiens]	TRUE	Tut7
XP_063681749.1	NP_001171988.1	0	N/A	34.974	386	23	9.44e-58	223	terminal uridylyltransferase 7 isoform 1 [Homo sapiens]	TRUE	Tut7
XP_063681749.1	XP_005252265.1	0	N/A	34.974	386	23	1.07e-57	223	terminal uridylyltransferase 7 isoform X7 [Homo sapiens]	TRUE	Tut7
XP_063681749.1	XP_011517316.1	0	N/A	34.974	386	23	1.17e-57	223	terminal uridylyltransferase 7 isoform X1 [Homo sapiens]	TRUE	Tut7
XP_063681749.1	XP_011517315.1	0	N/A	34.974	386	23	1.17e-57	223	terminal uridylyltransferase 7 isoform X1 [Homo sapiens]	TRUE	Tut7
XP_063681749.1	XP_011517314.1	0	N/A	34.974	386	23	1.17e-57	223	terminal uridylyltransferase 7 isoform X1 [Homo sapiens]	TRUE	Tut7
XP_063681749.1	XP_011517313.1	0	N/A	34.974	386	23	1.17e-57	223	terminal uridylyltransferase 7 isoform X1 [Homo sapiens]	TRUE	Tut7
XP_063681749.1	XP_047272384.1	0	N/A	35.18	361	22	2.45e-57	218	terminal uridylyltransferase 4 isoform X46 [Homo sapiens]	TRUE	Tut4
XP_063681749.1	XP_047272285.1	0	N/A	32.333	433	24	4.98e-57	221	terminal uridylyltransferase 4 isoform X7 [Homo sapiens]	TRUE	Tut4
XP_063681749.1	XP_005270735.1	0	N/A	32.333	433	24	6.72e-57	221	terminal uridylyltransferase 4 isoform X2 [Homo sapiens]	TRUE	Tut4
XP_063681749.1	XP_047272372.1	0	N/A	34.069	408	23	6.77e-57	220	terminal uridylyltransferase 4 isoform X42 [Homo sapiens]	TRUE	Tut4
XP_063681749.1	XP_047272282.1	0	N/A	32.333	433	24	6.9e-57	221	terminal uridylyltransferase 4 isoform X5 [Homo sapiens]	TRUE	Tut4
XP_063681749.1	NP_056084.1	0	N/A	32.333	433	24	6.9e-57	221	terminal uridylyltransferase 4 isoform b [Homo sapiens]	TRUE	Tut4
XP_063681749.1	XP_047272288.1	0	N/A	32.258	434	24	7.78e-57	220	terminal uridylyltransferase 4 isoform X10 [Homo sapiens]	TRUE	Tut4
XP_063681749.1	XP_047272365.1	0	N/A	32.333	433	24	8.05e-57	220	terminal uridylyltransferase 4 isoform X38 [Homo sapiens]	TRUE	Tut4
XP_063681749.1	XP_047272296.1	0	N/A	34.069	408	23	8.24e-57	220	terminal uridylyltransferase 4 isoform X13 [Homo sapiens]	TRUE	Tut4
XP_063681749.1	XP_047272325.1	0	N/A	32.333	433	24	8.87e-57	220	terminal uridylyltransferase 4 isoform X23 [Homo sapiens]	TRUE	Tut4
XP_063681749.1	XP_011539399.1	0	N/A	32.258	434	24	9.3e-57	220	terminal uridylyltransferase 4 isoform X1 [Homo sapiens]	TRUE	Tut4
XP_063681749.1	XP_005270733.1	0	N/A	32.258	434	24	9.3e-57	220	terminal uridylyltransferase 4 isoform X1 [Homo sapiens]	TRUE	Tut4
XP_063681749.1	XP_005270739.1	0	N/A	32.258	434	24	9.73e-57	220	terminal uridylyltransferase 4 isoform X33 [Homo sapiens]	TRUE	Tut4
XP_063681749.1	XP_047272281.1	0	N/A	32.258	434	24	1.01e-56	220	terminal uridylyltransferase 4 isoform X4 [Homo sapiens]	TRUE	Tut4
XP_063681749.1	NP_001009881.1	0	N/A	32.258	434	24	1.01e-56	220	terminal uridylyltransferase 4 isoform a [Homo sapiens]	TRUE	Tut4
XP_063681749.1	XP_047272337.1	0	N/A	32.333	433	24	1.08e-56	220	terminal uridylyltransferase 4 isoform X27 [Homo sapiens]	TRUE	Tut4
XP_063681749.1	XP_047272295.1	0	N/A	33.985	409	23	1.2e-56	219	terminal uridylyltransferase 4 isoform X12 [Homo sapiens]	TRUE	Tut4
XP_063681749.1	XP_047272286.1	0	N/A	33.985	409	23	1.25e-56	219	terminal uridylyltransferase 4 isoform X8 [Homo sapiens]	TRUE	Tut4
XP_063681749.1	XP_011539401.1	0	N/A	32.258	434	24	1.31e-56	219	terminal uridylyltransferase 4 isoform X29 [Homo sapiens]	TRUE	Tut4
XP_063681749.1	XP_047272344.1	0	N/A	33.985	409	23	1.92e-56	219	terminal uridylyltransferase 4 isoform X30 [Homo sapiens]	TRUE	Tut4
XP_063681749.1	NP_001172003.1	0	N/A	38.514	296	18	2.12e-50	199	terminal uridylyltransferase 7 isoform 2 [Homo sapiens]	TRUE	Tut7
XP_063681749.1	XP_047272336.1	0	N/A	27.972	429	24	1.5e-35	151	terminal uridylyltransferase 4 isoform X26 [Homo sapiens]	TRUE	Tut4
XP_063681749.1	XP_016856294.1	0	N/A	27.972	429	24	1.77e-35	150	terminal uridylyltransferase 4 isoform X20 [Homo sapiens]	TRUE	Tut4
XP_063681749.1	XP_047272306.1	0	N/A	27.972	429	24	1.79e-35	150	terminal uridylyltransferase 4 isoform X18 [Homo sapiens]	TRUE	Tut4
XP_063681749.1	XP_047272377.1	0	N/A	27.972	429	24	1.81e-35	150	terminal uridylyltransferase 4 isoform X44 [Homo sapiens]	TRUE	Tut4
XP_063681749.1	XP_047272367.1	0	N/A	27.972	429	24	2.15e-35	150	terminal uridylyltransferase 4 isoform X39 [Homo sapiens]	TRUE	Tut4
XP_063681749.1	XP_047272327.1	0	N/A	27.483	433	24	2.26e-34	147	terminal uridylyltransferase 4 isoform X24 [Homo sapiens]	TRUE	Tut4
XP_063681749.1	XP_047272303.1	0	N/A	27.483	433	24	2.94e-34	147	terminal uridylyltransferase 4 isoform X15 [Homo sapiens]	TRUE	Tut4
XP_063681749.1	XP_047272307.1	0	N/A	27.483	433	24	3.13e-34	147	terminal uridylyltransferase 4 isoform X19 [Homo sapiens]	TRUE	Tut4
XP_063681749.1	XP_047272320.1	0	N/A	27.419	434	24	3.57e-34	146	terminal uridylyltransferase 4 isoform X22 [Homo sapiens]	TRUE	Tut4
XP_063681749.1	XP_047272362.1	0	N/A	27.483	433	24	3.71e-34	146	terminal uridylyltransferase 4 isoform X37 [Homo sapiens]	TRUE	Tut4
XP_063681749.1	XP_047272311.1	0	N/A	27.419	434	24	3.9e-34	146	terminal uridylyltransferase 4 isoform X21 [Homo sapiens]	TRUE	Tut4
XP_063681749.1	XP_005270738.1	0	N/A	27.419	434	24	4.12e-34	146	terminal uridylyltransferase 4 isoform X14 [Homo sapiens]	TRUE	Tut4
XP_063681749.1	XP_047272373.1	0	N/A	27.419	434	24	4.46e-34	146	terminal uridylyltransferase 4 isoform X43 [Homo sapiens]	TRUE	Tut4
XP_063681749.1	XP_047272369.1	0	N/A	27.419	434	24	4.62e-34	146	terminal uridylyltransferase 4 isoform X41 [Homo sapiens]	TRUE	Tut4
XP_063681749.1	XP_047272354.1	0	N/A	27.419	434	24	5.13e-34	146	terminal uridylyltransferase 4 isoform X35 [Homo sapiens]	TRUE	Tut4
XP_063681749.1	XP_047272348.1	0	N/A	27.419	434	24	5.74e-34	145	terminal uridylyltransferase 4 isoform X32 [Homo sapiens]	TRUE	Tut4
XP_063681749.1	NP_001375061.1	0	N/A	29.609	358	21	1.93e-26	117	poly(A) RNA polymerase GLD2 isoform 12 [Homo sapiens]	TRUE	TENT2
XP_063681749.1	NP_001375059.1	0	N/A	29.609	358	21	2.58e-26	117	poly(A) RNA polymerase GLD2 isoform 10 [Homo sapiens]	TRUE	TENT2
XP_063681749.1	XP_047272811.1	0	N/A	29.609	358	21	2.66e-26	117	poly(A) RNA polymerase GLD2 isoform X4 [Homo sapiens]	TRUE	TENT2
XP_063681749.1	XP_047272810.1	0	N/A	29.609	358	21	2.66e-26	117	poly(A) RNA polymerase GLD2 isoform X4 [Homo sapiens]	TRUE	TENT2
XP_063681749.1	XP_047272809.1	0	N/A	29.609	358	21	2.66e-26	117	poly(A) RNA polymerase GLD2 isoform X4 [Homo sapiens]	TRUE	TENT2
XP_063681749.1	NP_001375058.1	0	N/A	29.609	358	21	2.66e-26	117	poly(A) RNA polymerase GLD2 isoform 2 [Homo sapiens]	TRUE	TENT2
XP_063681749.1	NP_001375057.1	0	N/A	29.609	358	21	2.66e-26	117	poly(A) RNA polymerase GLD2 isoform 2 [Homo sapiens]	TRUE	TENT2
XP_063681749.1	NP_001375056.1	0	N/A	29.609	358	21	2.66e-26	117	poly(A) RNA polymerase GLD2 isoform 2 [Homo sapiens]	TRUE	TENT2
XP_063681749.1	NP_001375055.1	0	N/A	29.609	358	21	2.66e-26	117	poly(A) RNA polymerase GLD2 isoform 2 [Homo sapiens]	TRUE	TENT2
XP_063681749.1	NP_001375054.1	0	N/A	29.609	358	21	2.66e-26	117	poly(A) RNA polymerase GLD2 isoform 2 [Homo sapiens]	TRUE	TENT2
XP_063681749.1	NP_001375053.1	0	N/A	29.609	358	21	2.66e-26	117	poly(A) RNA polymerase GLD2 isoform 2 [Homo sapiens]	TRUE	TENT2
XP_063681749.1	NP_001375052.1	0	N/A	29.609	358	21	2.66e-26	117	poly(A) RNA polymerase GLD2 isoform 2 [Homo sapiens]	TRUE	TENT2
XP_063681749.1	NP_001375051.1	0	N/A	29.609	358	21	2.66e-26	117	poly(A) RNA polymerase GLD2 isoform 2 [Homo sapiens]	TRUE	TENT2
XP_063681749.1	NP_001375050.1	0	N/A	29.609	358	21	2.66e-26	117	poly(A) RNA polymerase GLD2 isoform 2 [Homo sapiens]	TRUE	TENT2
XP_063681749.1	NP_001375049.1	0	N/A	29.609	358	21	2.66e-26	117	poly(A) RNA polymerase GLD2 isoform 2 [Homo sapiens]	TRUE	TENT2
XP_063681749.1	NP_001375048.1	0	N/A	29.609	358	21	2.66e-26	117	poly(A) RNA polymerase GLD2 isoform 2 [Homo sapiens]	TRUE	TENT2
XP_063681749.1	NP_001375047.1	0	N/A	29.609	358	21	2.66e-26	117	poly(A) RNA polymerase GLD2 isoform 2 [Homo sapiens]	TRUE	TENT2
XP_063681749.1	NP_001375046.1	0	N/A	29.609	358	21	2.66e-26	117	poly(A) RNA polymerase GLD2 isoform 2 [Homo sapiens]	TRUE	TENT2
XP_063681749.1	NP_001375045.1	0	N/A	29.609	358	21	2.66e-26	117	poly(A) RNA polymerase GLD2 isoform 2 [Homo sapiens]	TRUE	TENT2
XP_063681749.1	NP_001375044.1	0	N/A	29.609	358	21	2.66e-26	117	poly(A) RNA polymerase GLD2 isoform 2 [Homo sapiens]	TRUE	TENT2
XP_063681749.1	NP_001375043.1	0	N/A	29.609	358	21	2.66e-26	117	poly(A) RNA polymerase GLD2 isoform 2 [Homo sapiens]	TRUE	TENT2
XP_063681749.1	NP_001336483.1	0	N/A	29.609	358	21	2.66e-26	117	poly(A) RNA polymerase GLD2 isoform 2 [Homo sapiens]	TRUE	TENT2
XP_063681749.1	NP_001284673.1	0	N/A	29.609	358	21	2.66e-26	117	poly(A) RNA polymerase GLD2 isoform 2 [Homo sapiens]	TRUE	TENT2
XP_063681749.1	NP_001375060.1	0	N/A	29.006	362	21	2.98e-25	113	poly(A) RNA polymerase GLD2 isoform 11 [Homo sapiens]	TRUE	TENT2
XP_063681749.1	XP_047272808.1	0	N/A	29.006	362	21	3.41e-25	114	poly(A) RNA polymerase GLD2 isoform X3 [Homo sapiens]	TRUE	TENT2
XP_063681749.1	XP_047272807.1	0	N/A	29.006	362	21	3.41e-25	114	poly(A) RNA polymerase GLD2 isoform X3 [Homo sapiens]	TRUE	TENT2
XP_063681749.1	XP_047272806.1	0	N/A	29.006	362	21	3.41e-25	114	poly(A) RNA polymerase GLD2 isoform X3 [Homo sapiens]	TRUE	TENT2
XP_063681749.1	NP_776158.2	0	N/A	29.006	362	21	3.41e-25	114	poly(A) RNA polymerase GLD2 isoform 1 [Homo sapiens]	TRUE	TENT2
XP_063681749.1	NP_001375041.1	0	N/A	29.006	362	21	3.41e-25	114	poly(A) RNA polymerase GLD2 isoform 1 [Homo sapiens]	TRUE	TENT2
XP_063681749.1	NP_001375040.1	0	N/A	29.006	362	21	3.41e-25	114	poly(A) RNA polymerase GLD2 isoform 1 [Homo sapiens]	TRUE	TENT2
XP_063681749.1	NP_001375039.1	0	N/A	29.006	362	21	3.41e-25	114	poly(A) RNA polymerase GLD2 isoform 1 [Homo sapiens]	TRUE	TENT2
XP_063681749.1	NP_001375038.1	0	N/A	29.006	362	21	3.41e-25	114	poly(A) RNA polymerase GLD2 isoform 1 [Homo sapiens]	TRUE	TENT2
XP_063689072.1	NP_001944.1	0	N/A	29.066	289	36	1.36e-19	95.1	thymidine phosphorylase isoform 1 precursor [Homo sapiens]	FALSE	NA
XP_063689072.1	NP_001244917.1	0	N/A	29.066	289	36	1.36e-19	95.1	thymidine phosphorylase isoform 1 precursor [Homo sapiens]	FALSE	NA
XP_063689072.1	NP_001107228.1	0	N/A	29.066	289	36	1.36e-19	95.1	thymidine phosphorylase isoform 1 precursor [Homo sapiens]	FALSE	NA
XP_063689072.1	NP_001107227.1	0	N/A	29.066	289	36	1.36e-19	95.1	thymidine phosphorylase isoform 1 precursor [Homo sapiens]	FALSE	NA
XP_063689072.1	NP_001244918.1	0	N/A	29.066	289	36	1.63e-19	95.1	thymidine phosphorylase isoform 2 [Homo sapiens]	FALSE	NA
XP_063689072.1	XP_047272290.1	0	N/A	28.674	279	32	1.22e-13	77.8	terminal uridylyltransferase 4 isoform X11 [Homo sapiens]	TRUE	Tut4
XP_063689072.1	XP_047272286.1	0	N/A	28.674	279	32	1.32e-13	77.8	terminal uridylyltransferase 4 isoform X8 [Homo sapiens]	TRUE	Tut4
XP_063689072.1	XP_047272296.1	0	N/A	28.674	279	32	1.37e-13	77.8	terminal uridylyltransferase 4 isoform X13 [Homo sapiens]	TRUE	Tut4
XP_063689072.1	XP_047272372.1	0	N/A	28.674	279	32	1.39e-13	77.8	terminal uridylyltransferase 4 isoform X42 [Homo sapiens]	TRUE	Tut4
XP_063689072.1	XP_047272295.1	0	N/A	28.674	279	32	1.39e-13	77.8	terminal uridylyltransferase 4 isoform X12 [Homo sapiens]	TRUE	Tut4
XP_063689072.1	XP_047272344.1	0	N/A	28.674	279	32	1.41e-13	77.4	terminal uridylyltransferase 4 isoform X30 [Homo sapiens]	TRUE	Tut4
XP_063689072.1	XP_047272305.1	0	N/A	28.674	279	32	1.41e-13	77.8	terminal uridylyltransferase 4 isoform X17 [Homo sapiens]	TRUE	Tut4
XP_063689072.1	XP_047272350.1	0	N/A	28.674	279	32	1.5e-13	77.4	terminal uridylyltransferase 4 isoform X34 [Homo sapiens]	TRUE	Tut4
XP_063689072.1	XP_016856295.1	0	N/A	27.622	286	33	2.62e-13	76.6	terminal uridylyltransferase 4 isoform X25 [Homo sapiens]	TRUE	Tut4
XP_063689072.1	XP_047272280.1	0	N/A	27.622	286	33	2.67e-13	76.6	terminal uridylyltransferase 4 isoform X3 [Homo sapiens]	TRUE	Tut4
XP_063689072.1	XP_005270736.1	0	N/A	27.622	286	33	2.67e-13	76.6	terminal uridylyltransferase 4 isoform X3 [Homo sapiens]	TRUE	Tut4
XP_063689072.1	XP_011539399.1	0	N/A	27.622	286	33	2.84e-13	76.6	terminal uridylyltransferase 4 isoform X1 [Homo sapiens]	TRUE	Tut4
XP_063689072.1	XP_005270733.1	0	N/A	27.622	286	33	2.84e-13	76.6	terminal uridylyltransferase 4 isoform X1 [Homo sapiens]	TRUE	Tut4
XP_063689072.1	XP_011539401.1	0	N/A	27.622	286	33	2.89e-13	76.6	terminal uridylyltransferase 4 isoform X29 [Homo sapiens]	TRUE	Tut4
XP_063689072.1	XP_047272288.1	0	N/A	27.622	286	33	2.9e-13	76.6	terminal uridylyltransferase 4 isoform X10 [Homo sapiens]	TRUE	Tut4
XP_063689072.1	XP_005270735.1	0	N/A	27.622	286	33	2.96e-13	76.6	terminal uridylyltransferase 4 isoform X2 [Homo sapiens]	TRUE	Tut4
XP_063689072.1	XP_047272337.1	0	N/A	27.622	286	33	2.98e-13	76.6	terminal uridylyltransferase 4 isoform X27 [Homo sapiens]	TRUE	Tut4
XP_063689072.1	XP_047272325.1	0	N/A	27.622	286	33	2.98e-13	76.6	terminal uridylyltransferase 4 isoform X23 [Homo sapiens]	TRUE	Tut4
XP_063689072.1	XP_005270739.1	0	N/A	27.622	286	33	3.06e-13	76.6	terminal uridylyltransferase 4 isoform X33 [Homo sapiens]	TRUE	Tut4
XP_063689072.1	XP_047272283.1	0	N/A	27.622	286	33	3.14e-13	76.6	terminal uridylyltransferase 4 isoform X6 [Homo sapiens]	TRUE	Tut4
XP_063689072.1	XP_005270737.1	0	N/A	27.622	286	33	3.14e-13	76.6	terminal uridylyltransferase 4 isoform X6 [Homo sapiens]	TRUE	Tut4
XP_063689072.1	XP_047272282.1	0	N/A	27.622	286	33	3.14e-13	76.6	terminal uridylyltransferase 4 isoform X5 [Homo sapiens]	TRUE	Tut4
XP_063689072.1	NP_056084.1	0	N/A	27.622	286	33	3.14e-13	76.6	terminal uridylyltransferase 4 isoform b [Homo sapiens]	TRUE	Tut4
XP_063689072.1	XP_047272285.1	0	N/A	27.622	286	33	3.18e-13	76.6	terminal uridylyltransferase 4 isoform X7 [Homo sapiens]	TRUE	Tut4
XP_063689072.1	XP_047272281.1	0	N/A	27.622	286	33	3.19e-13	76.6	terminal uridylyltransferase 4 isoform X4 [Homo sapiens]	TRUE	Tut4
XP_063689072.1	NP_001009881.1	0	N/A	27.622	286	33	3.19e-13	76.6	terminal uridylyltransferase 4 isoform a [Homo sapiens]	TRUE	Tut4
XP_063689072.1	XP_047272365.1	0	N/A	27.622	286	33	3.22e-13	76.3	terminal uridylyltransferase 4 isoform X38 [Homo sapiens]	TRUE	Tut4
XP_063689072.1	XP_016856297.1	0	N/A	27.622	286	33	3.22e-13	76.3	terminal uridylyltransferase 4 isoform X36 [Homo sapiens]	TRUE	Tut4
XP_063689072.1	XP_047272345.1	0	N/A	27.622	286	33	3.29e-13	76.3	terminal uridylyltransferase 4 isoform X31 [Homo sapiens]	TRUE	Tut4
XP_063689072.1	XP_016856296.1	0	N/A	27.622	286	33	3.3e-13	76.3	terminal uridylyltransferase 4 isoform X28 [Homo sapiens]	TRUE	Tut4
XP_063689072.1	XP_016856292.1	0	N/A	27.622	286	33	3.32e-13	76.3	terminal uridylyltransferase 4 isoform X9 [Homo sapiens]	TRUE	Tut4
XP_063689072.1	XP_016856293.1	0	N/A	27.622	286	33	3.8e-13	76.3	terminal uridylyltransferase 4 isoform X16 [Homo sapiens]	TRUE	Tut4
XP_063689072.1	XP_016856299.1	0	N/A	27.622	286	33	4.02e-13	76.3	terminal uridylyltransferase 4 isoform X40 [Homo sapiens]	TRUE	Tut4
XP_063689072.1	XP_047272384.1	0	N/A	28.839	267	30	6.49e-13	75.1	terminal uridylyltransferase 4 isoform X46 [Homo sapiens]	TRUE	Tut4
XP_063689072.1	XP_047279823.1	0	N/A	24.485	388	46	3.28e-12	73.2	terminal uridylyltransferase 7 isoform X2 [Homo sapiens]	TRUE	Tut7
XP_063689072.1	XP_006717346.1	0	N/A	24.485	388	46	3.28e-12	73.2	terminal uridylyltransferase 7 isoform X2 [Homo sapiens]	TRUE	Tut7
XP_063689072.1	NP_001317647.1	0	N/A	24.485	388	46	3.5e-12	72.8	terminal uridylyltransferase 7 isoform 3 [Homo sapiens]	TRUE	Tut7
XP_063689072.1	XP_016870620.1	0	N/A	24.485	388	46	3.63e-12	73.2	terminal uridylyltransferase 7 isoform X4 [Homo sapiens]	TRUE	Tut7
XP_063689072.1	XP_016870619.1	0	N/A	24.485	388	46	3.63e-12	73.2	terminal uridylyltransferase 7 isoform X4 [Homo sapiens]	TRUE	Tut7
XP_063689072.1	NP_078893.2	0	N/A	24.485	388	46	3.63e-12	73.2	terminal uridylyltransferase 7 isoform 1 [Homo sapiens]	TRUE	Tut7
XP_063689072.1	NP_001171988.1	0	N/A	24.485	388	46	3.63e-12	73.2	terminal uridylyltransferase 7 isoform 1 [Homo sapiens]	TRUE	Tut7
XP_063689072.1	XP_011517316.1	0	N/A	24.485	388	46	3.76e-12	72.8	terminal uridylyltransferase 7 isoform X1 [Homo sapiens]	TRUE	Tut7
XP_063689072.1	XP_011517315.1	0	N/A	24.485	388	46	3.76e-12	72.8	terminal uridylyltransferase 7 isoform X1 [Homo sapiens]	TRUE	Tut7
XP_063689072.1	XP_011517314.1	0	N/A	24.485	388	46	3.76e-12	72.8	terminal uridylyltransferase 7 isoform X1 [Homo sapiens]	TRUE	Tut7
XP_063689072.1	XP_011517313.1	0	N/A	24.485	388	46	3.76e-12	72.8	terminal uridylyltransferase 7 isoform X1 [Homo sapiens]	TRUE	Tut7
XP_063689072.1	XP_005252265.1	0	N/A	24.485	388	46	4.01e-12	72.8	terminal uridylyltransferase 7 isoform X7 [Homo sapiens]	TRUE	Tut7
XP_063689072.1	XP_011517317.1	0	N/A	24.485	388	46	4.12e-12	72.8	terminal uridylyltransferase 7 isoform X3 [Homo sapiens]	TRUE	Tut7
XP_063689072.1	XP_011517318.1	0	N/A	24.485	388	46	4.23e-12	72.8	terminal uridylyltransferase 7 isoform X5 [Homo sapiens]	TRUE	Tut7
XP_063689072.1	XP_047279825.1	0	N/A	24.485	388	46	4.44e-12	72.8	terminal uridylyltransferase 7 isoform X6 [Homo sapiens]	TRUE	Tut7
XP_063689072.1	XP_047279824.1	0	N/A	24.485	388	46	4.44e-12	72.8	terminal uridylyltransferase 7 isoform X6 [Homo sapiens]	TRUE	Tut7
XP_063689072.1	XP_005252264.1	0	N/A	24.485	388	46	4.44e-12	72.8	terminal uridylyltransferase 7 isoform X6 [Homo sapiens]	TRUE	Tut7
XP_063689072.1	NP_001375065.1	0	N/A	26.638	229	26	2.3e-09	62.4	poly(A) RNA polymerase GLD2 isoform 14 [Homo sapiens]	TRUE	TENT2
XP_063689072.1	NP_001375061.1	0	N/A	26.638	229	26	5.26e-09	62	poly(A) RNA polymerase GLD2 isoform 12 [Homo sapiens]	TRUE	TENT2
XP_063689072.1	XP_047272811.1	0	N/A	26.638	229	26	5.27e-09	62	poly(A) RNA polymerase GLD2 isoform X4 [Homo sapiens]	TRUE	TENT2
XP_063689072.1	XP_047272810.1	0	N/A	26.638	229	26	5.27e-09	62	poly(A) RNA polymerase GLD2 isoform X4 [Homo sapiens]	TRUE	TENT2
XP_063689072.1	XP_047272809.1	0	N/A	26.638	229	26	5.27e-09	62	poly(A) RNA polymerase GLD2 isoform X4 [Homo sapiens]	TRUE	TENT2
XP_063689072.1	NP_001375058.1	0	N/A	26.638	229	26	5.27e-09	62	poly(A) RNA polymerase GLD2 isoform 2 [Homo sapiens]	TRUE	TENT2
XP_063689072.1	NP_001375057.1	0	N/A	26.638	229	26	5.27e-09	62	poly(A) RNA polymerase GLD2 isoform 2 [Homo sapiens]	TRUE	TENT2
XP_063689072.1	NP_001375056.1	0	N/A	26.638	229	26	5.27e-09	62	poly(A) RNA polymerase GLD2 isoform 2 [Homo sapiens]	TRUE	TENT2
XP_063689072.1	NP_001375055.1	0	N/A	26.638	229	26	5.27e-09	62	poly(A) RNA polymerase GLD2 isoform 2 [Homo sapiens]	TRUE	TENT2
XP_063689072.1	NP_001375054.1	0	N/A	26.638	229	26	5.27e-09	62	poly(A) RNA polymerase GLD2 isoform 2 [Homo sapiens]	TRUE	TENT2
XP_063689072.1	NP_001375053.1	0	N/A	26.638	229	26	5.27e-09	62	poly(A) RNA polymerase GLD2 isoform 2 [Homo sapiens]	TRUE	TENT2
XP_063689072.1	NP_001375052.1	0	N/A	26.638	229	26	5.27e-09	62	poly(A) RNA polymerase GLD2 isoform 2 [Homo sapiens]	TRUE	TENT2
XP_063689072.1	NP_001375051.1	0	N/A	26.638	229	26	5.27e-09	62	poly(A) RNA polymerase GLD2 isoform 2 [Homo sapiens]	TRUE	TENT2
XP_063689072.1	NP_001375050.1	0	N/A	26.638	229	26	5.27e-09	62	poly(A) RNA polymerase GLD2 isoform 2 [Homo sapiens]	TRUE	TENT2
XP_063689072.1	NP_001375049.1	0	N/A	26.638	229	26	5.27e-09	62	poly(A) RNA polymerase GLD2 isoform 2 [Homo sapiens]	TRUE	TENT2
XP_063689072.1	NP_001375048.1	0	N/A	26.638	229	26	5.27e-09	62	poly(A) RNA polymerase GLD2 isoform 2 [Homo sapiens]	TRUE	TENT2
XP_063689072.1	NP_001375047.1	0	N/A	26.638	229	26	5.27e-09	62	poly(A) RNA polymerase GLD2 isoform 2 [Homo sapiens]	TRUE	TENT2
XP_063689072.1	NP_001375046.1	0	N/A	26.638	229	26	5.27e-09	62	poly(A) RNA polymerase GLD2 isoform 2 [Homo sapiens]	TRUE	TENT2
XP_063689072.1	NP_001375045.1	0	N/A	26.638	229	26	5.27e-09	62	poly(A) RNA polymerase GLD2 isoform 2 [Homo sapiens]	TRUE	TENT2
XP_063689072.1	NP_001375044.1	0	N/A	26.638	229	26	5.27e-09	62	poly(A) RNA polymerase GLD2 isoform 2 [Homo sapiens]	TRUE	TENT2
XP_063689072.1	NP_001375043.1	0	N/A	26.638	229	26	5.27e-09	62	poly(A) RNA polymerase GLD2 isoform 2 [Homo sapiens]	TRUE	TENT2
XP_063689072.1	NP_001336483.1	0	N/A	26.638	229	26	5.27e-09	62	poly(A) RNA polymerase GLD2 isoform 2 [Homo sapiens]	TRUE	TENT2
XP_063689072.1	NP_001284673.1	0	N/A	26.638	229	26	5.27e-09	62	poly(A) RNA polymerase GLD2 isoform 2 [Homo sapiens]	TRUE	TENT2
XP_063689072.1	NP_001375059.1	0	N/A	26.638	229	26	6.04e-09	61.6	poly(A) RNA polymerase GLD2 isoform 10 [Homo sapiens]	TRUE	TENT2
XP_063689072.1	XP_047272808.1	0	N/A	25.751	233	26	6.9e-09	61.6	poly(A) RNA polymerase GLD2 isoform X3 [Homo sapiens]	TRUE	TENT2
XP_063689072.1	XP_047272807.1	0	N/A	25.751	233	26	6.9e-09	61.6	poly(A) RNA polymerase GLD2 isoform X3 [Homo sapiens]	TRUE	TENT2
XP_063689072.1	XP_047272806.1	0	N/A	25.751	233	26	6.9e-09	61.6	poly(A) RNA polymerase GLD2 isoform X3 [Homo sapiens]	TRUE	TENT2
XP_063689072.1	NP_776158.2	0	N/A	25.751	233	26	6.9e-09	61.6	poly(A) RNA polymerase GLD2 isoform 1 [Homo sapiens]	TRUE	TENT2
XP_063689072.1	NP_001375041.1	0	N/A	25.751	233	26	6.9e-09	61.6	poly(A) RNA polymerase GLD2 isoform 1 [Homo sapiens]	TRUE	TENT2
XP_063689072.1	NP_001375040.1	0	N/A	25.751	233	26	6.9e-09	61.6	poly(A) RNA polymerase GLD2 isoform 1 [Homo sapiens]	TRUE	TENT2
XP_063689072.1	NP_001375039.1	0	N/A	25.751	233	26	6.9e-09	61.6	poly(A) RNA polymerase GLD2 isoform 1 [Homo sapiens]	TRUE	TENT2
XP_063689072.1	NP_001375038.1	0	N/A	25.751	233	26	6.9e-09	61.6	poly(A) RNA polymerase GLD2 isoform 1 [Homo sapiens]	TRUE	TENT2
XP_063689072.1	NP_001375037.1	0	N/A	25.751	233	26	6.9e-09	61.6	poly(A) RNA polymerase GLD2 isoform 1 [Homo sapiens]	TRUE	TENT2
XP_063689072.1	NP_001375036.1	0	N/A	25.751	233	26	6.9e-09	61.6	poly(A) RNA polymerase GLD2 isoform 1 [Homo sapiens]	TRUE	TENT2
XP_063689072.1	NP_001375035.1	0	N/A	25.751	233	26	6.9e-09	61.6	poly(A) RNA polymerase GLD2 isoform 1 [Homo sapiens]	TRUE	TENT2
XP_063689072.1	NP_001375034.1	0	N/A	25.751	233	26	6.9e-09	61.6	poly(A) RNA polymerase GLD2 isoform 1 [Homo sapiens]	TRUE	TENT2
XP_063689072.1	NP_001375032.1	0	N/A	25.751	233	26	6.9e-09	61.6	poly(A) RNA polymerase GLD2 isoform 1 [Homo sapiens]	TRUE	TENT2
XP_063689072.1	NP_001375031.1	0	N/A	25.751	233	26	6.9e-09	61.6	poly(A) RNA polymerase GLD2 isoform 1 [Homo sapiens]	TRUE	TENT2
XP_063689072.1	NP_001336482.1	0	N/A	25.751	233	26	6.9e-09	61.6	poly(A) RNA polymerase GLD2 isoform 1 [Homo sapiens]	TRUE	TENT2
XP_063689072.1	NP_001336481.1	0	N/A	25.751	233	26	6.9e-09	61.6	poly(A) RNA polymerase GLD2 isoform 1 [Homo sapiens]	TRUE	TENT2
XP_063689072.1	NP_001107866.1	0	N/A	25.751	233	26	6.9e-09	61.6	poly(A) RNA polymerase GLD2 isoform 1 [Homo sapiens]	TRUE	TENT2
XP_063689072.1	NP_001107865.1	0	N/A	25.751	233	26	6.9e-09	61.6	poly(A) RNA polymerase GLD2 isoform 1 [Homo sapiens]	TRUE	TENT2
XP_063689072.1	NP_001375042.1	0	N/A	25.751	233	26	7.06e-09	61.6	poly(A) RNA polymerase GLD2 isoform 16 [Homo sapiens]	TRUE	TENT2
XP_063689072.1	NP_001375060.1	0	N/A	25.751	233	26	7.09e-09	61.6	poly(A) RNA polymerase GLD2 isoform 11 [Homo sapiens]	TRUE	TENT2
XP_064410755.1	NP_060579.3	0	N/A	59.398	532	99	0	658	poly(A) RNA polymerase, mitochondrial precursor [Homo sapiens]	TRUE	mtPAP
XP_064410755.1	NP_073741.3	0	N/A	32.51	243	43	4.73e-36	145	speckle targeted PIP5K1A-regulated poly(A) polymerase isoform 1 [Homo sapiens]	TRUE	Tut1
XP_064410755.1	XP_047272285.1	0	N/A	25.237	317	57	1.62e-22	104	terminal uridylyltransferase 4 isoform X7 [Homo sapiens]	TRUE	Tut4
XP_064410755.1	XP_005270735.1	0	N/A	25.237	317	57	1.8e-22	104	terminal uridylyltransferase 4 isoform X2 [Homo sapiens]	TRUE	Tut4
XP_064410755.1	XP_016856292.1	0	N/A	25.237	317	57	1.8e-22	104	terminal uridylyltransferase 4 isoform X9 [Homo sapiens]	TRUE	Tut4
XP_064410755.1	XP_047272280.1	0	N/A	25.237	317	57	1.86e-22	104	terminal uridylyltransferase 4 isoform X3 [Homo sapiens]	TRUE	Tut4
XP_064410755.1	XP_005270736.1	0	N/A	25.237	317	57	1.86e-22	104	terminal uridylyltransferase 4 isoform X3 [Homo sapiens]	TRUE	Tut4
XP_064410755.1	XP_011539399.1	0	N/A	25.237	317	57	1.97e-22	104	terminal uridylyltransferase 4 isoform X1 [Homo sapiens]	TRUE	Tut4
XP_064410755.1	XP_005270733.1	0	N/A	25.237	317	57	1.97e-22	104	terminal uridylyltransferase 4 isoform X1 [Homo sapiens]	TRUE	Tut4
XP_064410755.1	XP_011539401.1	0	N/A	25.237	317	57	2e-22	104	terminal uridylyltransferase 4 isoform X29 [Homo sapiens]	TRUE	Tut4
XP_064410755.1	XP_005270739.1	0	N/A	25.237	317	57	2.05e-22	104	terminal uridylyltransferase 4 isoform X33 [Homo sapiens]	TRUE	Tut4
XP_064410755.1	XP_047272345.1	0	N/A	25.237	317	57	2.11e-22	104	terminal uridylyltransferase 4 isoform X31 [Homo sapiens]	TRUE	Tut4
XP_064410755.1	XP_016856297.1	0	N/A	25.237	317	57	2.24e-22	104	terminal uridylyltransferase 4 isoform X36 [Homo sapiens]	TRUE	Tut4
XP_064410755.1	XP_047272282.1	0	N/A	25.237	317	57	2.32e-22	104	terminal uridylyltransferase 4 isoform X5 [Homo sapiens]	TRUE	Tut4
XP_064410755.1	NP_056084.1	0	N/A	25.237	317	57	2.32e-22	104	terminal uridylyltransferase 4 isoform b [Homo sapiens]	TRUE	Tut4
XP_064410755.1	XP_047272288.1	0	N/A	25.237	317	57	2.33e-22	104	terminal uridylyltransferase 4 isoform X10 [Homo sapiens]	TRUE	Tut4
XP_064410755.1	XP_047272283.1	0	N/A	25.237	317	57	2.47e-22	104	terminal uridylyltransferase 4 isoform X6 [Homo sapiens]	TRUE	Tut4
XP_064410755.1	XP_005270737.1	0	N/A	25.237	317	57	2.47e-22	104	terminal uridylyltransferase 4 isoform X6 [Homo sapiens]	TRUE	Tut4
XP_064410755.1	XP_047272281.1	0	N/A	25.237	317	57	2.47e-22	104	terminal uridylyltransferase 4 isoform X4 [Homo sapiens]	TRUE	Tut4
XP_064410755.1	NP_001009881.1	0	N/A	25.237	317	57	2.47e-22	104	terminal uridylyltransferase 4 isoform a [Homo sapiens]	TRUE	Tut4
XP_064410755.1	XP_016856295.1	0	N/A	25.237	317	57	2.48e-22	104	terminal uridylyltransferase 4 isoform X25 [Homo sapiens]	TRUE	Tut4
XP_064410755.1	XP_047272325.1	0	N/A	25.237	317	57	2.6e-22	104	terminal uridylyltransferase 4 isoform X23 [Homo sapiens]	TRUE	Tut4
XP_064410755.1	XP_016856293.1	0	N/A	25.237	317	57	2.64e-22	104	terminal uridylyltransferase 4 isoform X16 [Homo sapiens]	TRUE	Tut4
XP_064410755.1	XP_047272337.1	0	N/A	25.237	317	57	2.71e-22	103	terminal uridylyltransferase 4 isoform X27 [Homo sapiens]	TRUE	Tut4
XP_064410755.1	XP_016856299.1	0	N/A	25.237	317	57	2.81e-22	103	terminal uridylyltransferase 4 isoform X40 [Homo sapiens]	TRUE	Tut4
XP_064410755.1	XP_047272365.1	0	N/A	25.237	317	57	2.86e-22	103	terminal uridylyltransferase 4 isoform X38 [Homo sapiens]	TRUE	Tut4
XP_064410755.1	XP_016856296.1	0	N/A	25.237	317	57	3.04e-22	103	terminal uridylyltransferase 4 isoform X28 [Homo sapiens]	TRUE	Tut4
XP_064410755.1	XP_047272286.1	0	N/A	25.436	287	51	7.14e-22	102	terminal uridylyltransferase 4 isoform X8 [Homo sapiens]	TRUE	Tut4
XP_064410755.1	XP_047272290.1	0	N/A	25.436	287	51	7.19e-22	102	terminal uridylyltransferase 4 isoform X11 [Homo sapiens]	TRUE	Tut4
XP_064410755.1	XP_047272384.1	0	N/A	25.237	317	57	7.64e-22	102	terminal uridylyltransferase 4 isoform X46 [Homo sapiens]	TRUE	Tut4
XP_064410755.1	XP_047272305.1	0	N/A	25.436	287	51	8.81e-22	102	terminal uridylyltransferase 4 isoform X17 [Homo sapiens]	TRUE	Tut4
XP_064410755.1	XP_047272344.1	0	N/A	25.436	287	51	8.87e-22	102	terminal uridylyltransferase 4 isoform X30 [Homo sapiens]	TRUE	Tut4
XP_064410755.1	XP_047272296.1	0	N/A	25.436	287	51	8.89e-22	102	terminal uridylyltransferase 4 isoform X13 [Homo sapiens]	TRUE	Tut4
XP_064410755.1	XP_047272295.1	0	N/A	25.436	287	51	9.14e-22	102	terminal uridylyltransferase 4 isoform X12 [Homo sapiens]	TRUE	Tut4
XP_064410755.1	XP_047272372.1	0	N/A	25.436	287	51	9.94e-22	102	terminal uridylyltransferase 4 isoform X42 [Homo sapiens]	TRUE	Tut4
XP_064410755.1	XP_047272350.1	0	N/A	25.436	287	51	1.11e-21	102	terminal uridylyltransferase 4 isoform X34 [Homo sapiens]	TRUE	Tut4
XP_064410755.1	XP_005252265.1	0	N/A	25.506	247	45	1.02e-19	95.9	terminal uridylyltransferase 7 isoform X7 [Homo sapiens]	TRUE	Tut7
XP_064410755.1	XP_047279823.1	0	N/A	25.506	247	45	1.04e-19	95.9	terminal uridylyltransferase 7 isoform X2 [Homo sapiens]	TRUE	Tut7
XP_064410755.1	XP_006717346.1	0	N/A	25.506	247	45	1.04e-19	95.9	terminal uridylyltransferase 7 isoform X2 [Homo sapiens]	TRUE	Tut7
XP_064410755.1	XP_011517318.1	0	N/A	25.506	247	45	1.12e-19	95.9	terminal uridylyltransferase 7 isoform X5 [Homo sapiens]	TRUE	Tut7
XP_064410755.1	XP_016870620.1	0	N/A	25.506	247	45	1.14e-19	95.9	terminal uridylyltransferase 7 isoform X4 [Homo sapiens]	TRUE	Tut7
XP_064410755.1	XP_016870619.1	0	N/A	25.506	247	45	1.14e-19	95.9	terminal uridylyltransferase 7 isoform X4 [Homo sapiens]	TRUE	Tut7
XP_064410755.1	NP_078893.2	0	N/A	25.506	247	45	1.14e-19	95.9	terminal uridylyltransferase 7 isoform 1 [Homo sapiens]	TRUE	Tut7
XP_064410755.1	NP_001171988.1	0	N/A	25.506	247	45	1.14e-19	95.9	terminal uridylyltransferase 7 isoform 1 [Homo sapiens]	TRUE	Tut7
XP_064410755.1	XP_047279825.1	0	N/A	25.506	247	45	1.15e-19	95.9	terminal uridylyltransferase 7 isoform X6 [Homo sapiens]	TRUE	Tut7
XP_064410755.1	XP_047279824.1	0	N/A	25.506	247	45	1.15e-19	95.9	terminal uridylyltransferase 7 isoform X6 [Homo sapiens]	TRUE	Tut7
XP_064410755.1	XP_005252264.1	0	N/A	25.506	247	45	1.15e-19	95.9	terminal uridylyltransferase 7 isoform X6 [Homo sapiens]	TRUE	Tut7
XP_064410755.1	NP_001375060.1	0	N/A	25.705	319	58	1.2e-19	94.4	poly(A) RNA polymerase GLD2 isoform 11 [Homo sapiens]	TRUE	TENT2
XP_064410755.1	XP_011517316.1	0	N/A	25.506	247	45	1.2e-19	95.9	terminal uridylyltransferase 7 isoform X1 [Homo sapiens]	TRUE	Tut7
XP_064410755.1	XP_011517315.1	0	N/A	25.506	247	45	1.2e-19	95.9	terminal uridylyltransferase 7 isoform X1 [Homo sapiens]	TRUE	Tut7
XP_064410755.1	XP_011517314.1	0	N/A	25.506	247	45	1.2e-19	95.9	terminal uridylyltransferase 7 isoform X1 [Homo sapiens]	TRUE	Tut7
XP_064410755.1	XP_011517313.1	0	N/A	25.506	247	45	1.2e-19	95.9	terminal uridylyltransferase 7 isoform X1 [Homo sapiens]	TRUE	Tut7
XP_064410755.1	XP_011517317.1	0	N/A	25.506	247	45	1.21e-19	95.9	terminal uridylyltransferase 7 isoform X3 [Homo sapiens]	TRUE	Tut7
XP_064410755.1	XP_047272808.1	0	N/A	25.705	319	58	1.38e-19	94.4	poly(A) RNA polymerase GLD2 isoform X3 [Homo sapiens]	TRUE	TENT2
XP_064410755.1	XP_047272807.1	0	N/A	25.705	319	58	1.38e-19	94.4	poly(A) RNA polymerase GLD2 isoform X3 [Homo sapiens]	TRUE	TENT2
XP_064410755.1	XP_047272806.1	0	N/A	25.705	319	58	1.38e-19	94.4	poly(A) RNA polymerase GLD2 isoform X3 [Homo sapiens]	TRUE	TENT2
XP_064410755.1	NP_776158.2	0	N/A	25.705	319	58	1.38e-19	94.4	poly(A) RNA polymerase GLD2 isoform 1 [Homo sapiens]	TRUE	TENT2
XP_064410755.1	NP_001375041.1	0	N/A	25.705	319	58	1.38e-19	94.4	poly(A) RNA polymerase GLD2 isoform 1 [Homo sapiens]	TRUE	TENT2
XP_064410755.1	NP_001375040.1	0	N/A	25.705	319	58	1.38e-19	94.4	poly(A) RNA polymerase GLD2 isoform 1 [Homo sapiens]	TRUE	TENT2
XP_064410755.1	NP_001375039.1	0	N/A	25.705	319	58	1.38e-19	94.4	poly(A) RNA polymerase GLD2 isoform 1 [Homo sapiens]	TRUE	TENT2
XP_064410755.1	NP_001375038.1	0	N/A	25.705	319	58	1.38e-19	94.4	poly(A) RNA polymerase GLD2 isoform 1 [Homo sapiens]	TRUE	TENT2
XP_064410755.1	NP_001375037.1	0	N/A	25.705	319	58	1.38e-19	94.4	poly(A) RNA polymerase GLD2 isoform 1 [Homo sapiens]	TRUE	TENT2
XP_064410755.1	NP_001375036.1	0	N/A	25.705	319	58	1.38e-19	94.4	poly(A) RNA polymerase GLD2 isoform 1 [Homo sapiens]	TRUE	TENT2
XP_064410755.1	NP_001375035.1	0	N/A	25.705	319	58	1.38e-19	94.4	poly(A) RNA polymerase GLD2 isoform 1 [Homo sapiens]	TRUE	TENT2
XP_064410755.1	NP_001375034.1	0	N/A	25.705	319	58	1.38e-19	94.4	poly(A) RNA polymerase GLD2 isoform 1 [Homo sapiens]	TRUE	TENT2
XP_064410755.1	NP_001375032.1	0	N/A	25.705	319	58	1.38e-19	94.4	poly(A) RNA polymerase GLD2 isoform 1 [Homo sapiens]	TRUE	TENT2
XP_064410755.1	NP_001375031.1	0	N/A	25.705	319	58	1.38e-19	94.4	poly(A) RNA polymerase GLD2 isoform 1 [Homo sapiens]	TRUE	TENT2
XP_064410755.1	NP_001336482.1	0	N/A	25.705	319	58	1.38e-19	94.4	poly(A) RNA polymerase GLD2 isoform 1 [Homo sapiens]	TRUE	TENT2
XP_064410755.1	NP_001336481.1	0	N/A	25.705	319	58	1.38e-19	94.4	poly(A) RNA polymerase GLD2 isoform 1 [Homo sapiens]	TRUE	TENT2
XP_064410755.1	NP_001107866.1	0	N/A	25.705	319	58	1.38e-19	94.4	poly(A) RNA polymerase GLD2 isoform 1 [Homo sapiens]	TRUE	TENT2
XP_064410755.1	NP_001107865.1	0	N/A	25.705	319	58	1.38e-19	94.4	poly(A) RNA polymerase GLD2 isoform 1 [Homo sapiens]	TRUE	TENT2
XP_064410755.1	NP_001375042.1	0	N/A	25.705	319	58	1.39e-19	94.4	poly(A) RNA polymerase GLD2 isoform 16 [Homo sapiens]	TRUE	TENT2
XP_064410755.1	NP_001375065.1	0	N/A	25.078	319	58	1.41e-19	92.8	poly(A) RNA polymerase GLD2 isoform 14 [Homo sapiens]	TRUE	TENT2
XP_064410755.1	NP_001317647.1	0	N/A	25.506	247	45	1.56e-19	95.1	terminal uridylyltransferase 7 isoform 3 [Homo sapiens]	TRUE	Tut7
XP_064410755.1	NP_001375027.1	0	N/A	24.54	326	58	2.71e-19	93.6	poly(A) RNA polymerase GLD2 isoform 7 [Homo sapiens]	TRUE	TENT2
XP_064410755.1	XP_047272805.1	0	N/A	24.54	326	58	2.88e-19	93.2	poly(A) RNA polymerase GLD2 isoform X2 [Homo sapiens]	TRUE	TENT2
XP_064410755.1	XP_047272804.1	0	N/A	24.54	326	58	2.88e-19	93.2	poly(A) RNA polymerase GLD2 isoform X2 [Homo sapiens]	TRUE	TENT2
XP_064410755.1	XP_047272803.1	0	N/A	24.54	326	58	2.88e-19	93.2	poly(A) RNA polymerase GLD2 isoform X2 [Homo sapiens]	TRUE	TENT2
XP_064410755.1	XP_047272802.1	0	N/A	24.54	326	58	2.88e-19	93.2	poly(A) RNA polymerase GLD2 isoform X2 [Homo sapiens]	TRUE	TENT2
XP_064410755.1	XP_016864641.1	0	N/A	24.54	326	58	2.88e-19	93.2	poly(A) RNA polymerase GLD2 isoform X2 [Homo sapiens]	TRUE	TENT2
XP_064410755.1	NP_001375026.1	0	N/A	24.54	326	58	2.88e-19	93.2	poly(A) RNA polymerase GLD2 isoform 6 [Homo sapiens]	TRUE	TENT2
XP_064410755.1	NP_001375025.1	0	N/A	24.54	326	58	2.88e-19	93.2	poly(A) RNA polymerase GLD2 isoform 6 [Homo sapiens]	TRUE	TENT2
XP_064410755.1	NP_001375024.1	0	N/A	24.54	326	58	2.88e-19	93.2	poly(A) RNA polymerase GLD2 isoform 6 [Homo sapiens]	TRUE	TENT2
XP_064410755.1	NP_001336480.1	0	N/A	24.54	326	58	2.88e-19	93.2	poly(A) RNA polymerase GLD2 isoform 6 [Homo sapiens]	TRUE	TENT2
XP_064410755.1	XP_047272811.1	0	N/A	25.078	319	58	3.56e-19	92.8	poly(A) RNA polymerase GLD2 isoform X4 [Homo sapiens]	TRUE	TENT2
XP_064410755.1	XP_047272810.1	0	N/A	25.078	319	58	3.56e-19	92.8	poly(A) RNA polymerase GLD2 isoform X4 [Homo sapiens]	TRUE	TENT2
XP_064410755.1	XP_047272809.1	0	N/A	25.078	319	58	3.56e-19	92.8	poly(A) RNA polymerase GLD2 isoform X4 [Homo sapiens]	TRUE	TENT2
XP_064410755.1	NP_001375058.1	0	N/A	25.078	319	58	3.56e-19	92.8	poly(A) RNA polymerase GLD2 isoform 2 [Homo sapiens]	TRUE	TENT2
XP_064410755.1	NP_001375057.1	0	N/A	25.078	319	58	3.56e-19	92.8	poly(A) RNA polymerase GLD2 isoform 2 [Homo sapiens]	TRUE	TENT2
XP_064410755.1	NP_001375056.1	0	N/A	25.078	319	58	3.56e-19	92.8	poly(A) RNA polymerase GLD2 isoform 2 [Homo sapiens]	TRUE	TENT2
XP_064410755.1	NP_001375055.1	0	N/A	25.078	319	58	3.56e-19	92.8	poly(A) RNA polymerase GLD2 isoform 2 [Homo sapiens]	TRUE	TENT2
XP_064410755.1	NP_001375054.1	0	N/A	25.078	319	58	3.56e-19	92.8	poly(A) RNA polymerase GLD2 isoform 2 [Homo sapiens]	TRUE	TENT2
XP_064410755.1	NP_001375053.1	0	N/A	25.078	319	58	3.56e-19	92.8	poly(A) RNA polymerase GLD2 isoform 2 [Homo sapiens]	TRUE	TENT2
XP_064410755.1	NP_001375052.1	0	N/A	25.078	319	58	3.56e-19	92.8	poly(A) RNA polymerase GLD2 isoform 2 [Homo sapiens]	TRUE	TENT2
XP_064410755.1	NP_001375051.1	0	N/A	25.078	319	58	3.56e-19	92.8	poly(A) RNA polymerase GLD2 isoform 2 [Homo sapiens]	TRUE	TENT2
XP_064410755.1	NP_001375050.1	0	N/A	25.078	319	58	3.56e-19	92.8	poly(A) RNA polymerase GLD2 isoform 2 [Homo sapiens]	TRUE	TENT2
XP_064410755.1	NP_001375049.1	0	N/A	25.078	319	58	3.56e-19	92.8	poly(A) RNA polymerase GLD2 isoform 2 [Homo sapiens]	TRUE	TENT2
XP_064410755.1	NP_001375048.1	0	N/A	25.078	319	58	3.56e-19	92.8	poly(A) RNA polymerase GLD2 isoform 2 [Homo sapiens]	TRUE	TENT2
XP_064410755.1	NP_001375047.1	0	N/A	25.078	319	58	3.56e-19	92.8	poly(A) RNA polymerase GLD2 isoform 2 [Homo sapiens]	TRUE	TENT2
XP_064410755.1	NP_001375046.1	0	N/A	25.078	319	58	3.56e-19	92.8	poly(A) RNA polymerase GLD2 isoform 2 [Homo sapiens]	TRUE	TENT2
XP_064619134.1	XP_047272811.1	0	N/A	38.663	419	55	3.93e-74	250	poly(A) RNA polymerase GLD2 isoform X4 [Homo sapiens]	TRUE	TENT2
XP_064619134.1	XP_047272810.1	0	N/A	38.663	419	55	3.93e-74	250	poly(A) RNA polymerase GLD2 isoform X4 [Homo sapiens]	TRUE	TENT2
XP_064619134.1	XP_047272809.1	0	N/A	38.663	419	55	3.93e-74	250	poly(A) RNA polymerase GLD2 isoform X4 [Homo sapiens]	TRUE	TENT2
XP_064619134.1	NP_001375058.1	0	N/A	38.663	419	55	3.93e-74	250	poly(A) RNA polymerase GLD2 isoform 2 [Homo sapiens]	TRUE	TENT2
XP_064619134.1	NP_001375057.1	0	N/A	38.663	419	55	3.93e-74	250	poly(A) RNA polymerase GLD2 isoform 2 [Homo sapiens]	TRUE	TENT2
XP_064619134.1	NP_001375056.1	0	N/A	38.663	419	55	3.93e-74	250	poly(A) RNA polymerase GLD2 isoform 2 [Homo sapiens]	TRUE	TENT2
XP_064619134.1	NP_001375055.1	0	N/A	38.663	419	55	3.93e-74	250	poly(A) RNA polymerase GLD2 isoform 2 [Homo sapiens]	TRUE	TENT2
XP_064619134.1	NP_001375054.1	0	N/A	38.663	419	55	3.93e-74	250	poly(A) RNA polymerase GLD2 isoform 2 [Homo sapiens]	TRUE	TENT2
XP_064619134.1	NP_001375053.1	0	N/A	38.663	419	55	3.93e-74	250	poly(A) RNA polymerase GLD2 isoform 2 [Homo sapiens]	TRUE	TENT2
XP_064619134.1	NP_001375052.1	0	N/A	38.663	419	55	3.93e-74	250	poly(A) RNA polymerase GLD2 isoform 2 [Homo sapiens]	TRUE	TENT2
XP_064619134.1	NP_001375051.1	0	N/A	38.663	419	55	3.93e-74	250	poly(A) RNA polymerase GLD2 isoform 2 [Homo sapiens]	TRUE	TENT2
XP_064619134.1	NP_001375050.1	0	N/A	38.663	419	55	3.93e-74	250	poly(A) RNA polymerase GLD2 isoform 2 [Homo sapiens]	TRUE	TENT2
XP_064619134.1	NP_001375049.1	0	N/A	38.663	419	55	3.93e-74	250	poly(A) RNA polymerase GLD2 isoform 2 [Homo sapiens]	TRUE	TENT2
XP_064619134.1	NP_001375048.1	0	N/A	38.663	419	55	3.93e-74	250	poly(A) RNA polymerase GLD2 isoform 2 [Homo sapiens]	TRUE	TENT2
XP_064619134.1	NP_001375047.1	0	N/A	38.663	419	55	3.93e-74	250	poly(A) RNA polymerase GLD2 isoform 2 [Homo sapiens]	TRUE	TENT2
XP_064619134.1	NP_001375046.1	0	N/A	38.663	419	55	3.93e-74	250	poly(A) RNA polymerase GLD2 isoform 2 [Homo sapiens]	TRUE	TENT2
XP_064619134.1	NP_001375045.1	0	N/A	38.663	419	55	3.93e-74	250	poly(A) RNA polymerase GLD2 isoform 2 [Homo sapiens]	TRUE	TENT2
XP_064619134.1	NP_001375044.1	0	N/A	38.663	419	55	3.93e-74	250	poly(A) RNA polymerase GLD2 isoform 2 [Homo sapiens]	TRUE	TENT2
XP_064619134.1	NP_001375043.1	0	N/A	38.663	419	55	3.93e-74	250	poly(A) RNA polymerase GLD2 isoform 2 [Homo sapiens]	TRUE	TENT2
XP_064619134.1	NP_001336483.1	0	N/A	38.663	419	55	3.93e-74	250	poly(A) RNA polymerase GLD2 isoform 2 [Homo sapiens]	TRUE	TENT2
XP_064619134.1	NP_001284673.1	0	N/A	38.663	419	55	3.93e-74	250	poly(A) RNA polymerase GLD2 isoform 2 [Homo sapiens]	TRUE	TENT2
XP_064619134.1	NP_001375065.1	0	N/A	40.278	360	48	7.15e-74	245	poly(A) RNA polymerase GLD2 isoform 14 [Homo sapiens]	TRUE	TENT2
XP_064619134.1	NP_001375061.1	0	N/A	40.278	360	48	1.28e-73	248	poly(A) RNA polymerase GLD2 isoform 12 [Homo sapiens]	TRUE	TENT2
XP_064619134.1	NP_001375059.1	0	N/A	40.278	360	48	1.57e-73	248	poly(A) RNA polymerase GLD2 isoform 10 [Homo sapiens]	TRUE	TENT2
XP_064619134.1	XP_047272808.1	0	N/A	38.298	423	55	1.01e-71	243	poly(A) RNA polymerase GLD2 isoform X3 [Homo sapiens]	TRUE	TENT2
XP_064619134.1	XP_047272807.1	0	N/A	38.298	423	55	1.01e-71	243	poly(A) RNA polymerase GLD2 isoform X3 [Homo sapiens]	TRUE	TENT2
XP_064619134.1	XP_047272806.1	0	N/A	38.298	423	55	1.01e-71	243	poly(A) RNA polymerase GLD2 isoform X3 [Homo sapiens]	TRUE	TENT2
XP_064619134.1	NP_776158.2	0	N/A	38.298	423	55	1.01e-71	243	poly(A) RNA polymerase GLD2 isoform 1 [Homo sapiens]	TRUE	TENT2
XP_064619134.1	NP_001375041.1	0	N/A	38.298	423	55	1.01e-71	243	poly(A) RNA polymerase GLD2 isoform 1 [Homo sapiens]	TRUE	TENT2
XP_064619134.1	NP_001375040.1	0	N/A	38.298	423	55	1.01e-71	243	poly(A) RNA polymerase GLD2 isoform 1 [Homo sapiens]	TRUE	TENT2
XP_064619134.1	NP_001375039.1	0	N/A	38.298	423	55	1.01e-71	243	poly(A) RNA polymerase GLD2 isoform 1 [Homo sapiens]	TRUE	TENT2
XP_064619134.1	NP_001375038.1	0	N/A	38.298	423	55	1.01e-71	243	poly(A) RNA polymerase GLD2 isoform 1 [Homo sapiens]	TRUE	TENT2
XP_064619134.1	NP_001375037.1	0	N/A	38.298	423	55	1.01e-71	243	poly(A) RNA polymerase GLD2 isoform 1 [Homo sapiens]	TRUE	TENT2
XP_064619134.1	NP_001375036.1	0	N/A	38.298	423	55	1.01e-71	243	poly(A) RNA polymerase GLD2 isoform 1 [Homo sapiens]	TRUE	TENT2
XP_064619134.1	NP_001375035.1	0	N/A	38.298	423	55	1.01e-71	243	poly(A) RNA polymerase GLD2 isoform 1 [Homo sapiens]	TRUE	TENT2
XP_064619134.1	NP_001375034.1	0	N/A	38.298	423	55	1.01e-71	243	poly(A) RNA polymerase GLD2 isoform 1 [Homo sapiens]	TRUE	TENT2
XP_064619134.1	NP_001375032.1	0	N/A	38.298	423	55	1.01e-71	243	poly(A) RNA polymerase GLD2 isoform 1 [Homo sapiens]	TRUE	TENT2
XP_064619134.1	NP_001375031.1	0	N/A	38.298	423	55	1.01e-71	243	poly(A) RNA polymerase GLD2 isoform 1 [Homo sapiens]	TRUE	TENT2
XP_064619134.1	NP_001336482.1	0	N/A	38.298	423	55	1.01e-71	243	poly(A) RNA polymerase GLD2 isoform 1 [Homo sapiens]	TRUE	TENT2
XP_064619134.1	NP_001336481.1	0	N/A	38.298	423	55	1.01e-71	243	poly(A) RNA polymerase GLD2 isoform 1 [Homo sapiens]	TRUE	TENT2
XP_064619134.1	NP_001107866.1	0	N/A	38.298	423	55	1.01e-71	243	poly(A) RNA polymerase GLD2 isoform 1 [Homo sapiens]	TRUE	TENT2
XP_064619134.1	NP_001107865.1	0	N/A	38.298	423	55	1.01e-71	243	poly(A) RNA polymerase GLD2 isoform 1 [Homo sapiens]	TRUE	TENT2
XP_064619134.1	NP_001375030.1	0	N/A	37.762	429	55	2.61e-71	243	poly(A) RNA polymerase GLD2 isoform 9 [Homo sapiens]	TRUE	TENT2
XP_064619134.1	NP_001375042.1	0	N/A	39.835	364	48	3.24e-71	242	poly(A) RNA polymerase GLD2 isoform 16 [Homo sapiens]	TRUE	TENT2
XP_064619134.1	NP_001375060.1	0	N/A	39.835	364	48	3.25e-71	241	poly(A) RNA polymerase GLD2 isoform 11 [Homo sapiens]	TRUE	TENT2
XP_064619134.1	XP_047272805.1	0	N/A	36.878	442	55	1.26e-70	241	poly(A) RNA polymerase GLD2 isoform X2 [Homo sapiens]	TRUE	TENT2
XP_064619134.1	XP_047272804.1	0	N/A	36.878	442	55	1.26e-70	241	poly(A) RNA polymerase GLD2 isoform X2 [Homo sapiens]	TRUE	TENT2
XP_064619134.1	XP_047272803.1	0	N/A	36.878	442	55	1.26e-70	241	poly(A) RNA polymerase GLD2 isoform X2 [Homo sapiens]	TRUE	TENT2
XP_064619134.1	XP_047272802.1	0	N/A	36.878	442	55	1.26e-70	241	poly(A) RNA polymerase GLD2 isoform X2 [Homo sapiens]	TRUE	TENT2
XP_064619134.1	XP_016864641.1	0	N/A	36.878	442	55	1.26e-70	241	poly(A) RNA polymerase GLD2 isoform X2 [Homo sapiens]	TRUE	TENT2
XP_064619134.1	NP_001375026.1	0	N/A	36.878	442	55	1.26e-70	241	poly(A) RNA polymerase GLD2 isoform 6 [Homo sapiens]	TRUE	TENT2
XP_064619134.1	NP_001375025.1	0	N/A	36.878	442	55	1.26e-70	241	poly(A) RNA polymerase GLD2 isoform 6 [Homo sapiens]	TRUE	TENT2
XP_064619134.1	NP_001375024.1	0	N/A	36.878	442	55	1.26e-70	241	poly(A) RNA polymerase GLD2 isoform 6 [Homo sapiens]	TRUE	TENT2
XP_064619134.1	NP_001336480.1	0	N/A	36.878	442	55	1.26e-70	241	poly(A) RNA polymerase GLD2 isoform 6 [Homo sapiens]	TRUE	TENT2
XP_064619134.1	NP_001375027.1	0	N/A	38.12	383	48	5.73e-70	239	poly(A) RNA polymerase GLD2 isoform 7 [Homo sapiens]	TRUE	TENT2
XP_064619134.1	NP_001375029.1	0	N/A	37.413	433	55	5.78e-69	236	poly(A) RNA polymerase GLD2 isoform 8 [Homo sapiens]	TRUE	TENT2
XP_064619134.1	NP_001375028.1	0	N/A	37.413	433	55	5.78e-69	236	poly(A) RNA polymerase GLD2 isoform 8 [Homo sapiens]	TRUE	TENT2
XP_064619134.1	XP_047272801.1	0	N/A	36.547	446	55	2.51e-68	235	poly(A) RNA polymerase GLD2 isoform X1 [Homo sapiens]	TRUE	TENT2
XP_064619134.1	XP_047272800.1	0	N/A	36.547	446	55	2.51e-68	235	poly(A) RNA polymerase GLD2 isoform X1 [Homo sapiens]	TRUE	TENT2
XP_064619134.1	XP_011541527.1	0	N/A	36.547	446	55	2.51e-68	235	poly(A) RNA polymerase GLD2 isoform X1 [Homo sapiens]	TRUE	TENT2
XP_064619134.1	XP_011541526.1	0	N/A	36.547	446	55	2.51e-68	235	poly(A) RNA polymerase GLD2 isoform X1 [Homo sapiens]	TRUE	TENT2
XP_064619134.1	XP_011541523.1	0	N/A	36.547	446	55	2.51e-68	235	poly(A) RNA polymerase GLD2 isoform X1 [Homo sapiens]	TRUE	TENT2
XP_064619134.1	XP_011541522.1	0	N/A	36.547	446	55	2.51e-68	235	poly(A) RNA polymerase GLD2 isoform X1 [Homo sapiens]	TRUE	TENT2
XP_064619134.1	NP_001375023.1	0	N/A	36.547	446	55	2.51e-68	235	poly(A) RNA polymerase GLD2 isoform 5 [Homo sapiens]	TRUE	TENT2
XP_064619134.1	NP_001375022.1	0	N/A	36.547	446	55	2.51e-68	235	poly(A) RNA polymerase GLD2 isoform 5 [Homo sapiens]	TRUE	TENT2
XP_064619134.1	NP_001336479.1	0	N/A	36.547	446	55	2.51e-68	235	poly(A) RNA polymerase GLD2 isoform 5 [Homo sapiens]	TRUE	TENT2
XP_064619134.1	NP_001336478.1	0	N/A	36.547	446	55	2.51e-68	235	poly(A) RNA polymerase GLD2 isoform 5 [Homo sapiens]	TRUE	TENT2
XP_064619134.1	NP_001336477.1	0	N/A	43.561	264	35	1.45e-59	204	poly(A) RNA polymerase GLD2 isoform 4 [Homo sapiens]	TRUE	TENT2
XP_064619134.1	XP_047272820.1	0	N/A	44.351	239	33	7.31e-57	196	poly(A) RNA polymerase GLD2 isoform X11 [Homo sapiens]	TRUE	TENT2
XP_064619134.1	XP_047272815.1	0	N/A	32.458	419	55	2.09e-48	179	poly(A) RNA polymerase GLD2 isoform X7 [Homo sapiens]	TRUE	TENT2
XP_064619134.1	NP_001375064.1	0	N/A	32.458	419	55	2.09e-48	179	poly(A) RNA polymerase GLD2 isoform 13 [Homo sapiens]	TRUE	TENT2
XP_064619134.1	NP_001375063.1	0	N/A	32.458	419	55	2.09e-48	179	poly(A) RNA polymerase GLD2 isoform 13 [Homo sapiens]	TRUE	TENT2
XP_064619134.1	XP_047272818.1	0	N/A	41.071	280	36	2.28e-46	170	poly(A) RNA polymerase GLD2 isoform X10 [Homo sapiens]	TRUE	TENT2
XP_064619134.1	NP_001375066.1	0	N/A	40.928	237	33	4.53e-46	168	poly(A) RNA polymerase GLD2 isoform 15 [Homo sapiens]	TRUE	TENT2
XP_064619134.1	XP_047272814.1	0	N/A	32.151	423	55	4.62e-46	172	poly(A) RNA polymerase GLD2 isoform X6 [Homo sapiens]	TRUE	TENT2
XP_064619134.1	XP_047272813.1	0	N/A	32.151	423	55	4.62e-46	172	poly(A) RNA polymerase GLD2 isoform X6 [Homo sapiens]	TRUE	TENT2
XP_064619134.1	XP_047272812.1	0	N/A	32.151	423	55	4.62e-46	172	poly(A) RNA polymerase GLD2 isoform X6 [Homo sapiens]	TRUE	TENT2
XP_064619134.1	NP_001375062.1	0	N/A	32.151	423	55	4.62e-46	172	poly(A) RNA polymerase GLD2 isoform 3 [Homo sapiens]	TRUE	TENT2
XP_064619134.1	NP_001284674.1	0	N/A	32.151	423	55	4.62e-46	172	poly(A) RNA polymerase GLD2 isoform 3 [Homo sapiens]	TRUE	TENT2
XP_064619134.1	XP_047272817.1	0	N/A	38.796	299	36	3.25e-45	168	poly(A) RNA polymerase GLD2 isoform X9 [Homo sapiens]	TRUE	TENT2
XP_064619134.1	XP_047272816.1	0	N/A	38.284	303	36	3.58e-43	162	poly(A) RNA polymerase GLD2 isoform X8 [Homo sapiens]	TRUE	TENT2
XP_064619134.1	XP_011541531.1	0	N/A	30.717	446	55	5.06e-43	164	poly(A) RNA polymerase GLD2 isoform X5 [Homo sapiens]	TRUE	TENT2
XP_064619134.1	XP_047272290.1	0	N/A	33.993	303	40	3.58e-34	143	terminal uridylyltransferase 4 isoform X11 [Homo sapiens]	TRUE	Tut4
XP_064619134.1	XP_047272372.1	0	N/A	33.993	303	40	3.64e-34	143	terminal uridylyltransferase 4 isoform X42 [Homo sapiens]	TRUE	Tut4
XP_064619134.1	XP_047272295.1	0	N/A	33.993	303	40	3.74e-34	143	terminal uridylyltransferase 4 isoform X12 [Homo sapiens]	TRUE	Tut4
XP_064619134.1	XP_047272286.1	0	N/A	33.993	303	40	3.95e-34	143	terminal uridylyltransferase 4 isoform X8 [Homo sapiens]	TRUE	Tut4
XP_064619134.1	XP_047272296.1	0	N/A	33.993	303	40	4.09e-34	143	terminal uridylyltransferase 4 isoform X13 [Homo sapiens]	TRUE	Tut4
XP_064619134.1	XP_047272305.1	0	N/A	33.993	303	40	4.15e-34	143	terminal uridylyltransferase 4 isoform X17 [Homo sapiens]	TRUE	Tut4
XP_064619134.1	XP_047272344.1	0	N/A	33.993	303	40	4.3e-34	143	terminal uridylyltransferase 4 isoform X30 [Homo sapiens]	TRUE	Tut4
XP_064619134.1	XP_047272350.1	0	N/A	33.993	303	40	4.43e-34	143	terminal uridylyltransferase 4 isoform X34 [Homo sapiens]	TRUE	Tut4
XP_064619134.1	XP_047279823.1	0	N/A	30.693	303	40	6.99e-33	139	terminal uridylyltransferase 7 isoform X2 [Homo sapiens]	TRUE	Tut7
XP_064619134.1	XP_006717346.1	0	N/A	30.693	303	40	6.99e-33	139	terminal uridylyltransferase 7 isoform X2 [Homo sapiens]	TRUE	Tut7
XP_064619134.1	XP_047279825.1	0	N/A	30.693	303	40	8.01e-33	139	terminal uridylyltransferase 7 isoform X6 [Homo sapiens]	TRUE	Tut7
XP_064619134.1	XP_047279824.1	0	N/A	30.693	303	40	8.01e-33	139	terminal uridylyltransferase 7 isoform X6 [Homo sapiens]	TRUE	Tut7
XP_064619134.1	XP_005252264.1	0	N/A	30.693	303	40	8.01e-33	139	terminal uridylyltransferase 7 isoform X6 [Homo sapiens]	TRUE	Tut7
XP_064619134.1	XP_005252265.1	0	N/A	30.693	303	40	8.78e-33	139	terminal uridylyltransferase 7 isoform X7 [Homo sapiens]	TRUE	Tut7
XP_064619134.1	XP_011517318.1	0	N/A	30.693	303	40	9.1e-33	139	terminal uridylyltransferase 7 isoform X5 [Homo sapiens]	TRUE	Tut7
XP_064619134.1	XP_016870620.1	0	N/A	30.693	303	40	9.11e-33	139	terminal uridylyltransferase 7 isoform X4 [Homo sapiens]	TRUE	Tut7
XP_064619134.1	XP_016870619.1	0	N/A	30.693	303	40	9.11e-33	139	terminal uridylyltransferase 7 isoform X4 [Homo sapiens]	TRUE	Tut7
XP_064619134.1	NP_078893.2	0	N/A	30.693	303	40	9.11e-33	139	terminal uridylyltransferase 7 isoform 1 [Homo sapiens]	TRUE	Tut7
XP_064626816.1	XP_047272384.1	0	N/A	56.6	447	19	7.36e-156	510	terminal uridylyltransferase 4 isoform X46 [Homo sapiens]	TRUE	Tut4
XP_064626816.1	NP_001317647.1	0	N/A	53.542	480	19	1.27e-155	505	terminal uridylyltransferase 7 isoform 3 [Homo sapiens]	TRUE	Tut7
XP_064626816.1	XP_016856299.1	0	N/A	56.6	447	19	1.09e-151	516	terminal uridylyltransferase 4 isoform X40 [Homo sapiens]	TRUE	Tut4
XP_064626816.1	XP_047272365.1	0	N/A	56.6	447	19	1.35e-151	516	terminal uridylyltransferase 4 isoform X38 [Homo sapiens]	TRUE	Tut4
XP_064626816.1	XP_016856297.1	0	N/A	56.6	447	19	1.54e-151	515	terminal uridylyltransferase 4 isoform X36 [Homo sapiens]	TRUE	Tut4
XP_064626816.1	XP_005270739.1	0	N/A	56.6	447	19	2.22e-151	515	terminal uridylyltransferase 4 isoform X33 [Homo sapiens]	TRUE	Tut4
XP_064626816.1	XP_047272345.1	0	N/A	56.6	447	19	2.48e-151	515	terminal uridylyltransferase 4 isoform X31 [Homo sapiens]	TRUE	Tut4
XP_064626816.1	XP_016856293.1	0	N/A	56.6	447	19	2.89e-151	516	terminal uridylyltransferase 4 isoform X16 [Homo sapiens]	TRUE	Tut4
XP_064626816.1	XP_047272288.1	0	N/A	56.6	447	19	3.08e-151	516	terminal uridylyltransferase 4 isoform X10 [Homo sapiens]	TRUE	Tut4
XP_064626816.1	XP_016856296.1	0	N/A	56.6	447	19	3.99e-151	515	terminal uridylyltransferase 4 isoform X28 [Homo sapiens]	TRUE	Tut4
XP_064626816.1	XP_011539401.1	0	N/A	56.6	447	19	4.1e-151	514	terminal uridylyltransferase 4 isoform X29 [Homo sapiens]	TRUE	Tut4
XP_064626816.1	XP_016856292.1	0	N/A	56.6	447	19	4.47e-151	516	terminal uridylyltransferase 4 isoform X9 [Homo sapiens]	TRUE	Tut4
XP_064626816.1	XP_047272285.1	0	N/A	56.6	447	19	4.55e-151	516	terminal uridylyltransferase 4 isoform X7 [Homo sapiens]	TRUE	Tut4
XP_064626816.1	XP_047272337.1	0	N/A	56.6	447	19	4.88e-151	515	terminal uridylyltransferase 4 isoform X27 [Homo sapiens]	TRUE	Tut4
XP_064626816.1	XP_016856295.1	0	N/A	56.6	447	19	8e-151	514	terminal uridylyltransferase 4 isoform X25 [Homo sapiens]	TRUE	Tut4
XP_064626816.1	XP_047272325.1	0	N/A	56.6	447	19	8.81e-151	514	terminal uridylyltransferase 4 isoform X23 [Homo sapiens]	TRUE	Tut4
XP_064626816.1	XP_047272281.1	0	N/A	56.6	447	19	9.29e-151	515	terminal uridylyltransferase 4 isoform X4 [Homo sapiens]	TRUE	Tut4
XP_064626816.1	NP_001009881.1	0	N/A	56.6	447	19	9.29e-151	515	terminal uridylyltransferase 4 isoform a [Homo sapiens]	TRUE	Tut4
XP_064626816.1	XP_047272283.1	0	N/A	56.6	447	19	9.88e-151	515	terminal uridylyltransferase 4 isoform X6 [Homo sapiens]	TRUE	Tut4
XP_064626816.1	XP_005270737.1	0	N/A	56.6	447	19	9.88e-151	515	terminal uridylyltransferase 4 isoform X6 [Homo sapiens]	TRUE	Tut4
XP_064626816.1	XP_047272282.1	0	N/A	56.6	447	19	1.03e-150	515	terminal uridylyltransferase 4 isoform X5 [Homo sapiens]	TRUE	Tut4
XP_064626816.1	NP_056084.1	0	N/A	56.6	447	19	1.03e-150	515	terminal uridylyltransferase 4 isoform b [Homo sapiens]	TRUE	Tut4
XP_064626816.1	XP_047272280.1	0	N/A	56.6	447	19	1.07e-150	515	terminal uridylyltransferase 4 isoform X3 [Homo sapiens]	TRUE	Tut4
XP_064626816.1	XP_005270736.1	0	N/A	56.6	447	19	1.07e-150	515	terminal uridylyltransferase 4 isoform X3 [Homo sapiens]	TRUE	Tut4
XP_064626816.1	XP_011539399.1	0	N/A	56.6	447	19	1.5e-150	515	terminal uridylyltransferase 4 isoform X1 [Homo sapiens]	TRUE	Tut4
XP_064626816.1	XP_005270733.1	0	N/A	56.6	447	19	1.5e-150	515	terminal uridylyltransferase 4 isoform X1 [Homo sapiens]	TRUE	Tut4
XP_064626816.1	XP_005270735.1	0	N/A	56.6	447	19	1.54e-150	515	terminal uridylyltransferase 4 isoform X2 [Homo sapiens]	TRUE	Tut4
XP_064626816.1	XP_005252265.1	0	N/A	53.542	480	19	3.59e-149	505	terminal uridylyltransferase 7 isoform X7 [Homo sapiens]	TRUE	Tut7
XP_064626816.1	XP_047279825.1	0	N/A	53.542	480	19	6.88e-149	506	terminal uridylyltransferase 7 isoform X6 [Homo sapiens]	TRUE	Tut7
XP_064626816.1	XP_047279824.1	0	N/A	53.542	480	19	6.88e-149	506	terminal uridylyltransferase 7 isoform X6 [Homo sapiens]	TRUE	Tut7
XP_064626816.1	XP_005252264.1	0	N/A	53.542	480	19	6.88e-149	506	terminal uridylyltransferase 7 isoform X6 [Homo sapiens]	TRUE	Tut7
XP_064626816.1	XP_016870620.1	0	N/A	53.542	480	19	9.25e-149	506	terminal uridylyltransferase 7 isoform X4 [Homo sapiens]	TRUE	Tut7
XP_064626816.1	XP_016870619.1	0	N/A	53.542	480	19	9.25e-149	506	terminal uridylyltransferase 7 isoform X4 [Homo sapiens]	TRUE	Tut7
XP_064626816.1	NP_078893.2	0	N/A	53.542	480	19	9.25e-149	506	terminal uridylyltransferase 7 isoform 1 [Homo sapiens]	TRUE	Tut7
XP_064626816.1	NP_001171988.1	0	N/A	53.542	480	19	9.25e-149	506	terminal uridylyltransferase 7 isoform 1 [Homo sapiens]	TRUE	Tut7
XP_064626816.1	XP_011517318.1	0	N/A	53.542	480	19	1.13e-148	506	terminal uridylyltransferase 7 isoform X5 [Homo sapiens]	TRUE	Tut7
XP_064626816.1	XP_047279823.1	0	N/A	53.542	480	19	1.78e-148	506	terminal uridylyltransferase 7 isoform X2 [Homo sapiens]	TRUE	Tut7
XP_064626816.1	XP_006717346.1	0	N/A	53.542	480	19	1.78e-148	506	terminal uridylyltransferase 7 isoform X2 [Homo sapiens]	TRUE	Tut7
XP_064626816.1	XP_011517317.1	0	N/A	53.542	480	19	2.62e-148	506	terminal uridylyltransferase 7 isoform X3 [Homo sapiens]	TRUE	Tut7
XP_064626816.1	XP_011517316.1	0	N/A	53.542	480	19	8.36e-148	505	terminal uridylyltransferase 7 isoform X1 [Homo sapiens]	TRUE	Tut7
XP_064626816.1	XP_011517315.1	0	N/A	53.542	480	19	8.36e-148	505	terminal uridylyltransferase 7 isoform X1 [Homo sapiens]	TRUE	Tut7
XP_064626816.1	XP_011517314.1	0	N/A	53.542	480	19	8.36e-148	505	terminal uridylyltransferase 7 isoform X1 [Homo sapiens]	TRUE	Tut7
XP_064626816.1	XP_011517313.1	0	N/A	53.542	480	19	8.36e-148	505	terminal uridylyltransferase 7 isoform X1 [Homo sapiens]	TRUE	Tut7
XP_064626816.1	XP_047272372.1	0	N/A	54.036	446	19	5.77e-143	489	terminal uridylyltransferase 4 isoform X42 [Homo sapiens]	TRUE	Tut4
XP_064626816.1	XP_047272350.1	0	N/A	54.036	446	19	3.02e-142	488	terminal uridylyltransferase 4 isoform X34 [Homo sapiens]	TRUE	Tut4
XP_064626816.1	XP_047272305.1	0	N/A	54.036	446	19	3.15e-142	489	terminal uridylyltransferase 4 isoform X17 [Homo sapiens]	TRUE	Tut4
XP_064626816.1	XP_047272295.1	0	N/A	54.036	446	19	3.4e-142	489	terminal uridylyltransferase 4 isoform X12 [Homo sapiens]	TRUE	Tut4
XP_064626816.1	XP_047272296.1	0	N/A	54.036	446	19	3.41e-142	489	terminal uridylyltransferase 4 isoform X13 [Homo sapiens]	TRUE	Tut4
XP_064626816.1	XP_047272344.1	0	N/A	54.036	446	19	4.71e-142	488	terminal uridylyltransferase 4 isoform X30 [Homo sapiens]	TRUE	Tut4
XP_064626816.1	XP_047272290.1	0	N/A	54.036	446	19	5.18e-142	489	terminal uridylyltransferase 4 isoform X11 [Homo sapiens]	TRUE	Tut4
XP_064626816.1	XP_047272286.1	0	N/A	54.036	446	19	5.52e-142	489	terminal uridylyltransferase 4 isoform X8 [Homo sapiens]	TRUE	Tut4
XP_064626816.1	XP_047272377.1	0	N/A	48.77	447	19	6.75e-122	426	terminal uridylyltransferase 4 isoform X44 [Homo sapiens]	TRUE	Tut4
XP_064626816.1	XP_047272373.1	0	N/A	48.77	447	19	9.58e-122	426	terminal uridylyltransferase 4 isoform X43 [Homo sapiens]	TRUE	Tut4
XP_064626816.1	XP_047272369.1	0	N/A	48.77	447	19	1.37e-121	426	terminal uridylyltransferase 4 isoform X41 [Homo sapiens]	TRUE	Tut4
XP_064626816.1	XP_047272336.1	0	N/A	48.77	447	19	1.73e-121	426	terminal uridylyltransferase 4 isoform X26 [Homo sapiens]	TRUE	Tut4
XP_064626816.1	XP_047272311.1	0	N/A	48.77	447	19	1.76e-121	426	terminal uridylyltransferase 4 isoform X21 [Homo sapiens]	TRUE	Tut4
XP_064626816.1	XP_047272320.1	0	N/A	48.77	447	19	2e-121	426	terminal uridylyltransferase 4 isoform X22 [Homo sapiens]	TRUE	Tut4
XP_064626816.1	XP_047272367.1	0	N/A	48.77	447	19	2.1e-121	425	terminal uridylyltransferase 4 isoform X39 [Homo sapiens]	TRUE	Tut4
XP_064626816.1	XP_016856294.1	0	N/A	48.77	447	19	2.15e-121	426	terminal uridylyltransferase 4 isoform X20 [Homo sapiens]	TRUE	Tut4
XP_064626816.1	XP_047272327.1	0	N/A	48.77	447	19	2.18e-121	426	terminal uridylyltransferase 4 isoform X24 [Homo sapiens]	TRUE	Tut4
XP_064626816.1	XP_047272354.1	0	N/A	48.77	447	19	2.68e-121	425	terminal uridylyltransferase 4 isoform X35 [Homo sapiens]	TRUE	Tut4
XP_064626816.1	XP_047272307.1	0	N/A	48.77	447	19	2.85e-121	426	terminal uridylyltransferase 4 isoform X19 [Homo sapiens]	TRUE	Tut4
XP_064626816.1	XP_047272362.1	0	N/A	48.77	447	19	2.96e-121	425	terminal uridylyltransferase 4 isoform X37 [Homo sapiens]	TRUE	Tut4
XP_064626816.1	XP_047272348.1	0	N/A	48.77	447	19	3.61e-121	425	terminal uridylyltransferase 4 isoform X32 [Homo sapiens]	TRUE	Tut4
XP_064626816.1	XP_005270738.1	0	N/A	48.77	447	19	3.81e-121	426	terminal uridylyltransferase 4 isoform X14 [Homo sapiens]	TRUE	Tut4
XP_064626816.1	XP_047272306.1	0	N/A	48.77	447	19	3.83e-121	426	terminal uridylyltransferase 4 isoform X18 [Homo sapiens]	TRUE	Tut4
XP_064626816.1	XP_047272303.1	0	N/A	48.77	447	19	4.12e-121	426	terminal uridylyltransferase 4 isoform X15 [Homo sapiens]	TRUE	Tut4
XP_064626816.1	NP_001172003.1	0	N/A	62.799	293	12	3.11e-112	392	terminal uridylyltransferase 7 isoform 2 [Homo sapiens]	TRUE	Tut7
XP_064626816.1	XP_047279826.1	0	N/A	32.538	461	18	1.9e-62	237	terminal uridylyltransferase 7 isoform X8 [Homo sapiens]	TRUE	Tut7
XP_064626816.1	XP_016856307.1	0	N/A	30.633	395	17	2.76e-54	210	terminal uridylyltransferase 4 isoform X45 [Homo sapiens]	TRUE	Tut4
XP_064626816.1	NP_001375061.1	0	N/A	32.526	289	12	7.15e-40	157	poly(A) RNA polymerase GLD2 isoform 12 [Homo sapiens]	TRUE	TENT2
XP_064626816.1	XP_047272811.1	0	N/A	32.526	289	12	7.68e-40	158	poly(A) RNA polymerase GLD2 isoform X4 [Homo sapiens]	TRUE	TENT2
XP_064626816.1	XP_047272810.1	0	N/A	32.526	289	12	7.68e-40	158	poly(A) RNA polymerase GLD2 isoform X4 [Homo sapiens]	TRUE	TENT2
XP_064626816.1	XP_047272809.1	0	N/A	32.526	289	12	7.68e-40	158	poly(A) RNA polymerase GLD2 isoform X4 [Homo sapiens]	TRUE	TENT2
XP_064626816.1	NP_001375058.1	0	N/A	32.526	289	12	7.68e-40	158	poly(A) RNA polymerase GLD2 isoform 2 [Homo sapiens]	TRUE	TENT2
XP_064626816.1	NP_001375057.1	0	N/A	32.526	289	12	7.68e-40	158	poly(A) RNA polymerase GLD2 isoform 2 [Homo sapiens]	TRUE	TENT2
XP_064626816.1	NP_001375056.1	0	N/A	32.526	289	12	7.68e-40	158	poly(A) RNA polymerase GLD2 isoform 2 [Homo sapiens]	TRUE	TENT2
XP_064626816.1	NP_001375055.1	0	N/A	32.526	289	12	7.68e-40	158	poly(A) RNA polymerase GLD2 isoform 2 [Homo sapiens]	TRUE	TENT2
XP_064626816.1	NP_001375054.1	0	N/A	32.526	289	12	7.68e-40	158	poly(A) RNA polymerase GLD2 isoform 2 [Homo sapiens]	TRUE	TENT2
XP_064626816.1	NP_001375053.1	0	N/A	32.526	289	12	7.68e-40	158	poly(A) RNA polymerase GLD2 isoform 2 [Homo sapiens]	TRUE	TENT2
XP_064626816.1	NP_001375052.1	0	N/A	32.526	289	12	7.68e-40	158	poly(A) RNA polymerase GLD2 isoform 2 [Homo sapiens]	TRUE	TENT2
XP_064626816.1	NP_001375051.1	0	N/A	32.526	289	12	7.68e-40	158	poly(A) RNA polymerase GLD2 isoform 2 [Homo sapiens]	TRUE	TENT2
XP_064626816.1	NP_001375050.1	0	N/A	32.526	289	12	7.68e-40	158	poly(A) RNA polymerase GLD2 isoform 2 [Homo sapiens]	TRUE	TENT2
XP_064626816.1	NP_001375049.1	0	N/A	32.526	289	12	7.68e-40	158	poly(A) RNA polymerase GLD2 isoform 2 [Homo sapiens]	TRUE	TENT2
XP_064626816.1	NP_001375048.1	0	N/A	32.526	289	12	7.68e-40	158	poly(A) RNA polymerase GLD2 isoform 2 [Homo sapiens]	TRUE	TENT2
XP_064626816.1	NP_001375047.1	0	N/A	32.526	289	12	7.68e-40	158	poly(A) RNA polymerase GLD2 isoform 2 [Homo sapiens]	TRUE	TENT2
XP_064626816.1	NP_001375046.1	0	N/A	32.526	289	12	7.68e-40	158	poly(A) RNA polymerase GLD2 isoform 2 [Homo sapiens]	TRUE	TENT2
XP_064626816.1	NP_001375045.1	0	N/A	32.526	289	12	7.68e-40	158	poly(A) RNA polymerase GLD2 isoform 2 [Homo sapiens]	TRUE	TENT2
XP_064626816.1	NP_001375044.1	0	N/A	32.526	289	12	7.68e-40	158	poly(A) RNA polymerase GLD2 isoform 2 [Homo sapiens]	TRUE	TENT2
XP_064626816.1	NP_001375043.1	0	N/A	32.526	289	12	7.68e-40	158	poly(A) RNA polymerase GLD2 isoform 2 [Homo sapiens]	TRUE	TENT2
XP_064626816.1	NP_001336483.1	0	N/A	32.526	289	12	7.68e-40	158	poly(A) RNA polymerase GLD2 isoform 2 [Homo sapiens]	TRUE	TENT2
XP_064626816.1	NP_001284673.1	0	N/A	32.526	289	12	7.68e-40	158	poly(A) RNA polymerase GLD2 isoform 2 [Homo sapiens]	TRUE	TENT2
XP_064626816.1	NP_001375059.1	0	N/A	32.526	289	12	7.68e-40	158	poly(A) RNA polymerase GLD2 isoform 10 [Homo sapiens]	TRUE	TENT2
XP_064626816.1	XP_047272808.1	0	N/A	32.414	290	12	9.78e-40	158	poly(A) RNA polymerase GLD2 isoform X3 [Homo sapiens]	TRUE	TENT2
XP_064626816.1	XP_047272807.1	0	N/A	32.414	290	12	9.78e-40	158	poly(A) RNA polymerase GLD2 isoform X3 [Homo sapiens]	TRUE	TENT2
XP_064626816.1	XP_047272806.1	0	N/A	32.414	290	12	9.78e-40	158	poly(A) RNA polymerase GLD2 isoform X3 [Homo sapiens]	TRUE	TENT2
XP_064626816.1	NP_776158.2	0	N/A	32.414	290	12	9.78e-40	158	poly(A) RNA polymerase GLD2 isoform 1 [Homo sapiens]	TRUE	TENT2
XP_064626816.1	NP_001375041.1	0	N/A	32.414	290	12	9.78e-40	158	poly(A) RNA polymerase GLD2 isoform 1 [Homo sapiens]	TRUE	TENT2
XP_064626816.1	NP_001375040.1	0	N/A	32.414	290	12	9.78e-40	158	poly(A) RNA polymerase GLD2 isoform 1 [Homo sapiens]	TRUE	TENT2
XP_064626816.1	NP_001375039.1	0	N/A	32.414	290	12	9.78e-40	158	poly(A) RNA polymerase GLD2 isoform 1 [Homo sapiens]	TRUE	TENT2
XP_064641316.1	NP_001165276.2	0	N/A	55.991	434	65	7.95e-162	486	terminal nucleotidyltransferase 4A isoform 2 [Homo sapiens]	TRUE	TENT4A
XP_064641316.1	NP_008930.2	0	N/A	57.381	420	63	8.09e-162	486	terminal nucleotidyltransferase 4A isoform 1 [Homo sapiens]	TRUE	TENT4A
XP_064641316.1	NP_001352252.1	0	N/A	57.767	412	61	4.79e-156	468	terminal nucleotidyltransferase 4B isoform c [Homo sapiens]	TRUE	TENT4B
XP_064641316.1	NP_001035374.2	0	N/A	57.767	412	61	5.57e-156	468	terminal nucleotidyltransferase 4B isoform a [Homo sapiens]	TRUE	TENT4B
XP_064641316.1	XP_011521577.1	0	N/A	57.767	412	61	5.75e-156	468	terminal nucleotidyltransferase 4B isoform X1 [Homo sapiens]	TRUE	TENT4B
XP_064641316.1	NP_001352253.1	0	N/A	57.767	412	61	1.52e-155	467	terminal nucleotidyltransferase 4B isoform d [Homo sapiens]	TRUE	TENT4B
XP_064641316.1	XP_011521580.1	0	N/A	62.963	351	54	4.01e-155	459	terminal nucleotidyltransferase 4B isoform X5 [Homo sapiens]	TRUE	TENT4B
XP_064641316.1	XP_047290432.1	0	N/A	60.26	385	57	1.09e-154	462	terminal nucleotidyltransferase 4B isoform X4 [Homo sapiens]	TRUE	TENT4B
XP_064641316.1	NP_001035375.2	0	N/A	60.26	385	57	1.5e-154	462	terminal nucleotidyltransferase 4B isoform b [Homo sapiens]	TRUE	TENT4B
XP_064641316.1	XP_011521578.1	0	N/A	60.26	385	57	1.54e-154	462	terminal nucleotidyltransferase 4B isoform X2 [Homo sapiens]	TRUE	TENT4B
XP_064641316.1	XP_047290431.1	0	N/A	60.26	385	57	2.95e-154	462	terminal nucleotidyltransferase 4B isoform X3 [Homo sapiens]	TRUE	TENT4B
XP_064641316.1	XP_047290433.1	0	N/A	59.524	378	55	1.23e-153	454	terminal nucleotidyltransferase 4B isoform X6 [Homo sapiens]	TRUE	TENT4B
XP_064641316.1	XP_047272622.1	0	N/A	61.494	348	54	5.33e-151	449	terminal nucleotidyltransferase 4A isoform X1 [Homo sapiens]	TRUE	TENT4A
XP_064641316.1	XP_047272621.1	0	N/A	61.494	348	54	5.33e-151	449	terminal nucleotidyltransferase 4A isoform X1 [Homo sapiens]	TRUE	TENT4A
XP_064641316.1	XP_047272620.1	0	N/A	61.494	348	54	5.33e-151	449	terminal nucleotidyltransferase 4A isoform X1 [Homo sapiens]	TRUE	TENT4A
XP_064641316.1	XP_047272623.1	0	N/A	61.062	339	52	5.47e-146	436	terminal nucleotidyltransferase 4A isoform X2 [Homo sapiens]	TRUE	TENT4A
XP_064641316.1	XP_016864477.1	0	N/A	61.062	339	52	5.47e-146	436	terminal nucleotidyltransferase 4A isoform X2 [Homo sapiens]	TRUE	TENT4A
XP_064641316.1	XP_047272624.1	0	N/A	61.062	339	52	5.53e-146	436	terminal nucleotidyltransferase 4A isoform X3 [Homo sapiens]	TRUE	TENT4A
XP_064641316.1	NP_001317647.1	0	N/A	28	200	30	7.47e-12	71.2	terminal uridylyltransferase 7 isoform 3 [Homo sapiens]	TRUE	Tut7
XP_064641316.1	XP_011517318.1	0	N/A	28	200	30	1.27e-11	70.9	terminal uridylyltransferase 7 isoform X5 [Homo sapiens]	TRUE	Tut7
XP_064641316.1	XP_005252265.1	0	N/A	28	200	30	1.37e-11	70.9	terminal uridylyltransferase 7 isoform X7 [Homo sapiens]	TRUE	Tut7
XP_064641316.1	XP_047279825.1	0	N/A	28	200	30	1.5e-11	70.5	terminal uridylyltransferase 7 isoform X6 [Homo sapiens]	TRUE	Tut7
XP_064641316.1	XP_047279824.1	0	N/A	28	200	30	1.5e-11	70.5	terminal uridylyltransferase 7 isoform X6 [Homo sapiens]	TRUE	Tut7
XP_064641316.1	XP_005252264.1	0	N/A	28	200	30	1.5e-11	70.5	terminal uridylyltransferase 7 isoform X6 [Homo sapiens]	TRUE	Tut7
XP_064641316.1	XP_016870620.1	0	N/A	28	200	30	1.5e-11	70.5	terminal uridylyltransferase 7 isoform X4 [Homo sapiens]	TRUE	Tut7
XP_064641316.1	XP_016870619.1	0	N/A	28	200	30	1.5e-11	70.5	terminal uridylyltransferase 7 isoform X4 [Homo sapiens]	TRUE	Tut7
XP_064641316.1	NP_078893.2	0	N/A	28	200	30	1.5e-11	70.5	terminal uridylyltransferase 7 isoform 1 [Homo sapiens]	TRUE	Tut7
XP_064641316.1	NP_001171988.1	0	N/A	28	200	30	1.5e-11	70.5	terminal uridylyltransferase 7 isoform 1 [Homo sapiens]	TRUE	Tut7
XP_064641316.1	XP_047279823.1	0	N/A	28	200	30	1.53e-11	70.5	terminal uridylyltransferase 7 isoform X2 [Homo sapiens]	TRUE	Tut7
XP_064641316.1	XP_006717346.1	0	N/A	28	200	30	1.53e-11	70.5	terminal uridylyltransferase 7 isoform X2 [Homo sapiens]	TRUE	Tut7
XP_064641316.1	XP_011517317.1	0	N/A	28	200	30	1.54e-11	70.5	terminal uridylyltransferase 7 isoform X3 [Homo sapiens]	TRUE	Tut7
XP_064641316.1	XP_047272811.1	0	N/A	22.93	314	42	1.67e-11	69.7	poly(A) RNA polymerase GLD2 isoform X4 [Homo sapiens]	TRUE	TENT2
XP_064641316.1	XP_047272810.1	0	N/A	22.93	314	42	1.67e-11	69.7	poly(A) RNA polymerase GLD2 isoform X4 [Homo sapiens]	TRUE	TENT2
XP_064641316.1	XP_047272809.1	0	N/A	22.93	314	42	1.67e-11	69.7	poly(A) RNA polymerase GLD2 isoform X4 [Homo sapiens]	TRUE	TENT2
XP_064641316.1	NP_001375058.1	0	N/A	22.93	314	42	1.67e-11	69.7	poly(A) RNA polymerase GLD2 isoform 2 [Homo sapiens]	TRUE	TENT2
XP_064641316.1	NP_001375057.1	0	N/A	22.93	314	42	1.67e-11	69.7	poly(A) RNA polymerase GLD2 isoform 2 [Homo sapiens]	TRUE	TENT2
XP_064641316.1	NP_001375056.1	0	N/A	22.93	314	42	1.67e-11	69.7	poly(A) RNA polymerase GLD2 isoform 2 [Homo sapiens]	TRUE	TENT2
XP_064641316.1	NP_001375055.1	0	N/A	22.93	314	42	1.67e-11	69.7	poly(A) RNA polymerase GLD2 isoform 2 [Homo sapiens]	TRUE	TENT2
XP_064641316.1	NP_001375054.1	0	N/A	22.93	314	42	1.67e-11	69.7	poly(A) RNA polymerase GLD2 isoform 2 [Homo sapiens]	TRUE	TENT2
XP_064641316.1	NP_001375053.1	0	N/A	22.93	314	42	1.67e-11	69.7	poly(A) RNA polymerase GLD2 isoform 2 [Homo sapiens]	TRUE	TENT2
XP_064641316.1	NP_001375052.1	0	N/A	22.93	314	42	1.67e-11	69.7	poly(A) RNA polymerase GLD2 isoform 2 [Homo sapiens]	TRUE	TENT2
XP_064641316.1	NP_001375051.1	0	N/A	22.93	314	42	1.67e-11	69.7	poly(A) RNA polymerase GLD2 isoform 2 [Homo sapiens]	TRUE	TENT2
XP_064641316.1	NP_001375050.1	0	N/A	22.93	314	42	1.67e-11	69.7	poly(A) RNA polymerase GLD2 isoform 2 [Homo sapiens]	TRUE	TENT2
XP_064641316.1	NP_001375049.1	0	N/A	22.93	314	42	1.67e-11	69.7	poly(A) RNA polymerase GLD2 isoform 2 [Homo sapiens]	TRUE	TENT2
XP_064641316.1	NP_001375048.1	0	N/A	22.93	314	42	1.67e-11	69.7	poly(A) RNA polymerase GLD2 isoform 2 [Homo sapiens]	TRUE	TENT2
XP_064641316.1	NP_001375047.1	0	N/A	22.93	314	42	1.67e-11	69.7	poly(A) RNA polymerase GLD2 isoform 2 [Homo sapiens]	TRUE	TENT2
XP_064641316.1	NP_001375046.1	0	N/A	22.93	314	42	1.67e-11	69.7	poly(A) RNA polymerase GLD2 isoform 2 [Homo sapiens]	TRUE	TENT2
XP_064641316.1	NP_001375045.1	0	N/A	22.93	314	42	1.67e-11	69.7	poly(A) RNA polymerase GLD2 isoform 2 [Homo sapiens]	TRUE	TENT2
XP_064641316.1	NP_001375044.1	0	N/A	22.93	314	42	1.67e-11	69.7	poly(A) RNA polymerase GLD2 isoform 2 [Homo sapiens]	TRUE	TENT2
XP_064641316.1	NP_001375043.1	0	N/A	22.93	314	42	1.67e-11	69.7	poly(A) RNA polymerase GLD2 isoform 2 [Homo sapiens]	TRUE	TENT2
XP_064641316.1	NP_001336483.1	0	N/A	22.93	314	42	1.67e-11	69.7	poly(A) RNA polymerase GLD2 isoform 2 [Homo sapiens]	TRUE	TENT2
XP_064641316.1	NP_001284673.1	0	N/A	22.93	314	42	1.67e-11	69.7	poly(A) RNA polymerase GLD2 isoform 2 [Homo sapiens]	TRUE	TENT2
XP_064641316.1	XP_011517316.1	0	N/A	28	200	30	1.82e-11	70.5	terminal uridylyltransferase 7 isoform X1 [Homo sapiens]	TRUE	Tut7
XP_064641316.1	XP_011517315.1	0	N/A	28	200	30	1.82e-11	70.5	terminal uridylyltransferase 7 isoform X1 [Homo sapiens]	TRUE	Tut7
XP_064641316.1	XP_011517314.1	0	N/A	28	200	30	1.82e-11	70.5	terminal uridylyltransferase 7 isoform X1 [Homo sapiens]	TRUE	Tut7
XP_064641316.1	XP_011517313.1	0	N/A	28	200	30	1.82e-11	70.5	terminal uridylyltransferase 7 isoform X1 [Homo sapiens]	TRUE	Tut7
XP_064641316.1	NP_001375059.1	0	N/A	22.93	314	42	2.22e-11	69.3	poly(A) RNA polymerase GLD2 isoform 10 [Homo sapiens]	TRUE	TENT2
XP_064641316.1	NP_001375061.1	0	N/A	22.93	314	42	2.42e-11	68.9	poly(A) RNA polymerase GLD2 isoform 12 [Homo sapiens]	TRUE	TENT2
XP_064641316.1	NP_001336477.1	0	N/A	25.366	205	27	3.31e-11	66.6	poly(A) RNA polymerase GLD2 isoform 4 [Homo sapiens]	TRUE	TENT2
XP_064641316.1	NP_001375065.1	0	N/A	22.93	314	42	7.42e-11	67	poly(A) RNA polymerase GLD2 isoform 14 [Homo sapiens]	TRUE	TENT2
XP_064641316.1	XP_047272820.1	0	N/A	25.366	205	27	8.36e-11	65.5	poly(A) RNA polymerase GLD2 isoform X11 [Homo sapiens]	TRUE	TENT2
XP_064641316.1	NP_001375060.1	0	N/A	25.366	205	27	2.01e-10	65.9	poly(A) RNA polymerase GLD2 isoform 11 [Homo sapiens]	TRUE	TENT2
XP_064641316.1	XP_047272808.1	0	N/A	25.366	205	27	2.03e-10	66.2	poly(A) RNA polymerase GLD2 isoform X3 [Homo sapiens]	TRUE	TENT2
XP_064641316.1	XP_047272807.1	0	N/A	25.366	205	27	2.03e-10	66.2	poly(A) RNA polymerase GLD2 isoform X3 [Homo sapiens]	TRUE	TENT2
XP_064641316.1	XP_047272806.1	0	N/A	25.366	205	27	2.03e-10	66.2	poly(A) RNA polymerase GLD2 isoform X3 [Homo sapiens]	TRUE	TENT2
XP_064641316.1	NP_776158.2	0	N/A	25.366	205	27	2.03e-10	66.2	poly(A) RNA polymerase GLD2 isoform 1 [Homo sapiens]	TRUE	TENT2
XP_064641316.1	NP_001375041.1	0	N/A	25.366	205	27	2.03e-10	66.2	poly(A) RNA polymerase GLD2 isoform 1 [Homo sapiens]	TRUE	TENT2
XP_064641316.1	NP_001375040.1	0	N/A	25.366	205	27	2.03e-10	66.2	poly(A) RNA polymerase GLD2 isoform 1 [Homo sapiens]	TRUE	TENT2
XP_064641316.1	NP_001375039.1	0	N/A	25.366	205	27	2.03e-10	66.2	poly(A) RNA polymerase GLD2 isoform 1 [Homo sapiens]	TRUE	TENT2
XP_064641316.1	NP_001375038.1	0	N/A	25.366	205	27	2.03e-10	66.2	poly(A) RNA polymerase GLD2 isoform 1 [Homo sapiens]	TRUE	TENT2
XP_064641316.1	NP_001375037.1	0	N/A	25.366	205	27	2.03e-10	66.2	poly(A) RNA polymerase GLD2 isoform 1 [Homo sapiens]	TRUE	TENT2
XP_064641316.1	NP_001375036.1	0	N/A	25.366	205	27	2.03e-10	66.2	poly(A) RNA polymerase GLD2 isoform 1 [Homo sapiens]	TRUE	TENT2
XP_064641316.1	NP_001375035.1	0	N/A	25.366	205	27	2.03e-10	66.2	poly(A) RNA polymerase GLD2 isoform 1 [Homo sapiens]	TRUE	TENT2
XP_064641316.1	NP_001375034.1	0	N/A	25.366	205	27	2.03e-10	66.2	poly(A) RNA polymerase GLD2 isoform 1 [Homo sapiens]	TRUE	TENT2
XP_064641316.1	NP_001375032.1	0	N/A	25.366	205	27	2.03e-10	66.2	poly(A) RNA polymerase GLD2 isoform 1 [Homo sapiens]	TRUE	TENT2
XP_064641316.1	NP_001375031.1	0	N/A	25.366	205	27	2.03e-10	66.2	poly(A) RNA polymerase GLD2 isoform 1 [Homo sapiens]	TRUE	TENT2
XP_064641316.1	NP_001336482.1	0	N/A	25.366	205	27	2.03e-10	66.2	poly(A) RNA polymerase GLD2 isoform 1 [Homo sapiens]	TRUE	TENT2
XP_064641316.1	NP_001336481.1	0	N/A	25.366	205	27	2.03e-10	66.2	poly(A) RNA polymerase GLD2 isoform 1 [Homo sapiens]	TRUE	TENT2
XP_064641316.1	NP_001107866.1	0	N/A	25.366	205	27	2.03e-10	66.2	poly(A) RNA polymerase GLD2 isoform 1 [Homo sapiens]	TRUE	TENT2
XP_064641316.1	NP_001107865.1	0	N/A	25.366	205	27	2.03e-10	66.2	poly(A) RNA polymerase GLD2 isoform 1 [Homo sapiens]	TRUE	TENT2
XP_064641316.1	NP_001375042.1	0	N/A	25.366	205	27	2.04e-10	66.2	poly(A) RNA polymerase GLD2 isoform 16 [Homo sapiens]	TRUE	TENT2
XP_064641316.1	NP_001375030.1	0	N/A	25.366	205	27	2.11e-10	66.2	poly(A) RNA polymerase GLD2 isoform 9 [Homo sapiens]	TRUE	TENT2
XP_064641316.1	XP_047272805.1	0	N/A	25.366	205	27	2.42e-10	65.9	poly(A) RNA polymerase GLD2 isoform X2 [Homo sapiens]	TRUE	TENT2
XP_064641316.1	XP_047272804.1	0	N/A	25.366	205	27	2.42e-10	65.9	poly(A) RNA polymerase GLD2 isoform X2 [Homo sapiens]	TRUE	TENT2
XP_064641316.1	XP_047272803.1	0	N/A	25.366	205	27	2.42e-10	65.9	poly(A) RNA polymerase GLD2 isoform X2 [Homo sapiens]	TRUE	TENT2
XP_064641316.1	XP_047272802.1	0	N/A	25.366	205	27	2.42e-10	65.9	poly(A) RNA polymerase GLD2 isoform X2 [Homo sapiens]	TRUE	TENT2
XP_064641316.1	XP_016864641.1	0	N/A	25.366	205	27	2.42e-10	65.9	poly(A) RNA polymerase GLD2 isoform X2 [Homo sapiens]	TRUE	TENT2
XP_064641316.1	NP_001375026.1	0	N/A	25.366	205	27	2.42e-10	65.9	poly(A) RNA polymerase GLD2 isoform 6 [Homo sapiens]	TRUE	TENT2
XP_064641316.1	NP_001375025.1	0	N/A	25.366	205	27	2.42e-10	65.9	poly(A) RNA polymerase GLD2 isoform 6 [Homo sapiens]	TRUE	TENT2
XP_064641316.1	NP_001375024.1	0	N/A	25.366	205	27	2.42e-10	65.9	poly(A) RNA polymerase GLD2 isoform 6 [Homo sapiens]	TRUE	TENT2
XP_064641316.1	NP_001336480.1	0	N/A	25.366	205	27	2.42e-10	65.9	poly(A) RNA polymerase GLD2 isoform 6 [Homo sapiens]	TRUE	TENT2
XP_064641316.1	XP_047272801.1	0	N/A	25.366	205	27	2.55e-10	65.9	poly(A) RNA polymerase GLD2 isoform X1 [Homo sapiens]	TRUE	TENT2
XP_064641316.1	XP_047272800.1	0	N/A	25.366	205	27	2.55e-10	65.9	poly(A) RNA polymerase GLD2 isoform X1 [Homo sapiens]	TRUE	TENT2
XP_064641316.1	XP_011541527.1	0	N/A	25.366	205	27	2.55e-10	65.9	poly(A) RNA polymerase GLD2 isoform X1 [Homo sapiens]	TRUE	TENT2
XP_064641316.1	XP_011541526.1	0	N/A	25.366	205	27	2.55e-10	65.9	poly(A) RNA polymerase GLD2 isoform X1 [Homo sapiens]	TRUE	TENT2
XP_064641316.1	XP_011541523.1	0	N/A	25.366	205	27	2.55e-10	65.9	poly(A) RNA polymerase GLD2 isoform X1 [Homo sapiens]	TRUE	TENT2
XP_064641316.1	XP_011541522.1	0	N/A	25.366	205	27	2.55e-10	65.9	poly(A) RNA polymerase GLD2 isoform X1 [Homo sapiens]	TRUE	TENT2
XP_064641316.1	NP_001375023.1	0	N/A	25.366	205	27	2.55e-10	65.9	poly(A) RNA polymerase GLD2 isoform 5 [Homo sapiens]	TRUE	TENT2
XP_064641316.1	NP_001375022.1	0	N/A	25.366	205	27	2.55e-10	65.9	poly(A) RNA polymerase GLD2 isoform 5 [Homo sapiens]	TRUE	TENT2
XP_064641316.1	NP_001336479.1	0	N/A	25.366	205	27	2.55e-10	65.9	poly(A) RNA polymerase GLD2 isoform 5 [Homo sapiens]	TRUE	TENT2
XP_064644026.1	NP_060579.3	0	N/A	35.491	479	84	2.39e-77	256	poly(A) RNA polymerase, mitochondrial precursor [Homo sapiens]	TRUE	mtPAP
XP_064644026.1	NP_073741.3	0	N/A	32.051	234	40	7.99e-26	114	speckle targeted PIP5K1A-regulated poly(A) polymerase isoform 1 [Homo sapiens]	TRUE	Tut1
XP_064644026.1	NP_001375065.1	0	N/A	29.693	293	51	4.02e-21	97.4	poly(A) RNA polymerase GLD2 isoform 14 [Homo sapiens]	TRUE	TENT2
XP_064644026.1	NP_001375059.1	0	N/A	29.758	289	51	1.73e-20	97.1	poly(A) RNA polymerase GLD2 isoform 10 [Homo sapiens]	TRUE	TENT2
XP_064644026.1	NP_001375061.1	0	N/A	29.758	289	51	1.8e-20	96.7	poly(A) RNA polymerase GLD2 isoform 12 [Homo sapiens]	TRUE	TENT2
XP_064644026.1	XP_047272811.1	0	N/A	29.758	289	51	1.88e-20	97.1	poly(A) RNA polymerase GLD2 isoform X4 [Homo sapiens]	TRUE	TENT2
XP_064644026.1	XP_047272810.1	0	N/A	29.758	289	51	1.88e-20	97.1	poly(A) RNA polymerase GLD2 isoform X4 [Homo sapiens]	TRUE	TENT2
XP_064644026.1	XP_047272809.1	0	N/A	29.758	289	51	1.88e-20	97.1	poly(A) RNA polymerase GLD2 isoform X4 [Homo sapiens]	TRUE	TENT2
XP_064644026.1	NP_001375058.1	0	N/A	29.758	289	51	1.88e-20	97.1	poly(A) RNA polymerase GLD2 isoform 2 [Homo sapiens]	TRUE	TENT2
XP_064644026.1	NP_001375057.1	0	N/A	29.758	289	51	1.88e-20	97.1	poly(A) RNA polymerase GLD2 isoform 2 [Homo sapiens]	TRUE	TENT2
XP_064644026.1	NP_001375056.1	0	N/A	29.758	289	51	1.88e-20	97.1	poly(A) RNA polymerase GLD2 isoform 2 [Homo sapiens]	TRUE	TENT2
XP_064644026.1	NP_001375055.1	0	N/A	29.758	289	51	1.88e-20	97.1	poly(A) RNA polymerase GLD2 isoform 2 [Homo sapiens]	TRUE	TENT2
XP_064644026.1	NP_001375054.1	0	N/A	29.758	289	51	1.88e-20	97.1	poly(A) RNA polymerase GLD2 isoform 2 [Homo sapiens]	TRUE	TENT2
XP_064644026.1	NP_001375053.1	0	N/A	29.758	289	51	1.88e-20	97.1	poly(A) RNA polymerase GLD2 isoform 2 [Homo sapiens]	TRUE	TENT2
XP_064644026.1	NP_001375052.1	0	N/A	29.758	289	51	1.88e-20	97.1	poly(A) RNA polymerase GLD2 isoform 2 [Homo sapiens]	TRUE	TENT2
XP_064644026.1	NP_001375051.1	0	N/A	29.758	289	51	1.88e-20	97.1	poly(A) RNA polymerase GLD2 isoform 2 [Homo sapiens]	TRUE	TENT2
XP_064644026.1	NP_001375050.1	0	N/A	29.758	289	51	1.88e-20	97.1	poly(A) RNA polymerase GLD2 isoform 2 [Homo sapiens]	TRUE	TENT2
XP_064644026.1	NP_001375049.1	0	N/A	29.758	289	51	1.88e-20	97.1	poly(A) RNA polymerase GLD2 isoform 2 [Homo sapiens]	TRUE	TENT2
XP_064644026.1	NP_001375048.1	0	N/A	29.758	289	51	1.88e-20	97.1	poly(A) RNA polymerase GLD2 isoform 2 [Homo sapiens]	TRUE	TENT2
XP_064644026.1	NP_001375047.1	0	N/A	29.758	289	51	1.88e-20	97.1	poly(A) RNA polymerase GLD2 isoform 2 [Homo sapiens]	TRUE	TENT2
XP_064644026.1	NP_001375046.1	0	N/A	29.758	289	51	1.88e-20	97.1	poly(A) RNA polymerase GLD2 isoform 2 [Homo sapiens]	TRUE	TENT2
XP_064644026.1	NP_001375045.1	0	N/A	29.758	289	51	1.88e-20	97.1	poly(A) RNA polymerase GLD2 isoform 2 [Homo sapiens]	TRUE	TENT2
XP_064644026.1	NP_001375044.1	0	N/A	29.758	289	51	1.88e-20	97.1	poly(A) RNA polymerase GLD2 isoform 2 [Homo sapiens]	TRUE	TENT2
XP_064644026.1	NP_001375043.1	0	N/A	29.758	289	51	1.88e-20	97.1	poly(A) RNA polymerase GLD2 isoform 2 [Homo sapiens]	TRUE	TENT2
XP_064644026.1	NP_001336483.1	0	N/A	29.758	289	51	1.88e-20	97.1	poly(A) RNA polymerase GLD2 isoform 2 [Homo sapiens]	TRUE	TENT2
XP_064644026.1	NP_001284673.1	0	N/A	29.758	289	51	1.88e-20	97.1	poly(A) RNA polymerase GLD2 isoform 2 [Homo sapiens]	TRUE	TENT2
XP_064644026.1	NP_001375060.1	0	N/A	29.452	292	51	3.33e-20	95.9	poly(A) RNA polymerase GLD2 isoform 11 [Homo sapiens]	TRUE	TENT2
XP_064644026.1	NP_001375042.1	0	N/A	29.452	292	51	3.62e-20	95.9	poly(A) RNA polymerase GLD2 isoform 16 [Homo sapiens]	TRUE	TENT2
XP_064644026.1	XP_047272808.1	0	N/A	29.452	292	51	3.87e-20	95.9	poly(A) RNA polymerase GLD2 isoform X3 [Homo sapiens]	TRUE	TENT2
XP_064644026.1	XP_047272807.1	0	N/A	29.452	292	51	3.87e-20	95.9	poly(A) RNA polymerase GLD2 isoform X3 [Homo sapiens]	TRUE	TENT2
XP_064644026.1	XP_047272806.1	0	N/A	29.452	292	51	3.87e-20	95.9	poly(A) RNA polymerase GLD2 isoform X3 [Homo sapiens]	TRUE	TENT2
XP_064644026.1	NP_776158.2	0	N/A	29.452	292	51	3.87e-20	95.9	poly(A) RNA polymerase GLD2 isoform 1 [Homo sapiens]	TRUE	TENT2
XP_064644026.1	NP_001375041.1	0	N/A	29.452	292	51	3.87e-20	95.9	poly(A) RNA polymerase GLD2 isoform 1 [Homo sapiens]	TRUE	TENT2
XP_064644026.1	NP_001375040.1	0	N/A	29.452	292	51	3.87e-20	95.9	poly(A) RNA polymerase GLD2 isoform 1 [Homo sapiens]	TRUE	TENT2
XP_064644026.1	NP_001375039.1	0	N/A	29.452	292	51	3.87e-20	95.9	poly(A) RNA polymerase GLD2 isoform 1 [Homo sapiens]	TRUE	TENT2
XP_064644026.1	NP_001375038.1	0	N/A	29.452	292	51	3.87e-20	95.9	poly(A) RNA polymerase GLD2 isoform 1 [Homo sapiens]	TRUE	TENT2
XP_064644026.1	NP_001375037.1	0	N/A	29.452	292	51	3.87e-20	95.9	poly(A) RNA polymerase GLD2 isoform 1 [Homo sapiens]	TRUE	TENT2
XP_064644026.1	NP_001375036.1	0	N/A	29.452	292	51	3.87e-20	95.9	poly(A) RNA polymerase GLD2 isoform 1 [Homo sapiens]	TRUE	TENT2
XP_064644026.1	NP_001375035.1	0	N/A	29.452	292	51	3.87e-20	95.9	poly(A) RNA polymerase GLD2 isoform 1 [Homo sapiens]	TRUE	TENT2
XP_064644026.1	NP_001375034.1	0	N/A	29.452	292	51	3.87e-20	95.9	poly(A) RNA polymerase GLD2 isoform 1 [Homo sapiens]	TRUE	TENT2
XP_064644026.1	NP_001375032.1	0	N/A	29.452	292	51	3.87e-20	95.9	poly(A) RNA polymerase GLD2 isoform 1 [Homo sapiens]	TRUE	TENT2
XP_064644026.1	NP_001375031.1	0	N/A	29.452	292	51	3.87e-20	95.9	poly(A) RNA polymerase GLD2 isoform 1 [Homo sapiens]	TRUE	TENT2
XP_064644026.1	NP_001336482.1	0	N/A	29.452	292	51	3.87e-20	95.9	poly(A) RNA polymerase GLD2 isoform 1 [Homo sapiens]	TRUE	TENT2
XP_064644026.1	NP_001336481.1	0	N/A	29.452	292	51	3.87e-20	95.9	poly(A) RNA polymerase GLD2 isoform 1 [Homo sapiens]	TRUE	TENT2
XP_064644026.1	NP_001107866.1	0	N/A	29.452	292	51	3.87e-20	95.9	poly(A) RNA polymerase GLD2 isoform 1 [Homo sapiens]	TRUE	TENT2
XP_064644026.1	NP_001107865.1	0	N/A	29.452	292	51	3.87e-20	95.9	poly(A) RNA polymerase GLD2 isoform 1 [Homo sapiens]	TRUE	TENT2
XP_064644026.1	NP_001375027.1	0	N/A	28.477	302	51	4.54e-19	92.8	poly(A) RNA polymerase GLD2 isoform 7 [Homo sapiens]	TRUE	TENT2
XP_064644026.1	XP_047272805.1	0	N/A	28.477	302	51	4.64e-19	92.8	poly(A) RNA polymerase GLD2 isoform X2 [Homo sapiens]	TRUE	TENT2
XP_064644026.1	XP_047272804.1	0	N/A	28.477	302	51	4.64e-19	92.8	poly(A) RNA polymerase GLD2 isoform X2 [Homo sapiens]	TRUE	TENT2
XP_064644026.1	XP_047272803.1	0	N/A	28.477	302	51	4.64e-19	92.8	poly(A) RNA polymerase GLD2 isoform X2 [Homo sapiens]	TRUE	TENT2
XP_064644026.1	XP_047272802.1	0	N/A	28.477	302	51	4.64e-19	92.8	poly(A) RNA polymerase GLD2 isoform X2 [Homo sapiens]	TRUE	TENT2
XP_064644026.1	XP_016864641.1	0	N/A	28.477	302	51	4.64e-19	92.8	poly(A) RNA polymerase GLD2 isoform X2 [Homo sapiens]	TRUE	TENT2
XP_064644026.1	NP_001375026.1	0	N/A	28.477	302	51	4.64e-19	92.8	poly(A) RNA polymerase GLD2 isoform 6 [Homo sapiens]	TRUE	TENT2
XP_064644026.1	NP_001375025.1	0	N/A	28.477	302	51	4.64e-19	92.8	poly(A) RNA polymerase GLD2 isoform 6 [Homo sapiens]	TRUE	TENT2
XP_064644026.1	NP_001375024.1	0	N/A	28.477	302	51	4.64e-19	92.8	poly(A) RNA polymerase GLD2 isoform 6 [Homo sapiens]	TRUE	TENT2
XP_064644026.1	NP_001336480.1	0	N/A	28.477	302	51	4.64e-19	92.8	poly(A) RNA polymerase GLD2 isoform 6 [Homo sapiens]	TRUE	TENT2
XP_064644026.1	XP_047272801.1	0	N/A	28.197	305	51	8.16e-19	92	poly(A) RNA polymerase GLD2 isoform X1 [Homo sapiens]	TRUE	TENT2
XP_064644026.1	XP_047272800.1	0	N/A	28.197	305	51	8.16e-19	92	poly(A) RNA polymerase GLD2 isoform X1 [Homo sapiens]	TRUE	TENT2
XP_064644026.1	XP_011541527.1	0	N/A	28.197	305	51	8.16e-19	92	poly(A) RNA polymerase GLD2 isoform X1 [Homo sapiens]	TRUE	TENT2
XP_064644026.1	XP_011541526.1	0	N/A	28.197	305	51	8.16e-19	92	poly(A) RNA polymerase GLD2 isoform X1 [Homo sapiens]	TRUE	TENT2
XP_064644026.1	XP_011541523.1	0	N/A	28.197	305	51	8.16e-19	92	poly(A) RNA polymerase GLD2 isoform X1 [Homo sapiens]	TRUE	TENT2
XP_064644026.1	XP_011541522.1	0	N/A	28.197	305	51	8.16e-19	92	poly(A) RNA polymerase GLD2 isoform X1 [Homo sapiens]	TRUE	TENT2
XP_064644026.1	NP_001375023.1	0	N/A	28.197	305	51	8.16e-19	92	poly(A) RNA polymerase GLD2 isoform 5 [Homo sapiens]	TRUE	TENT2
XP_064644026.1	NP_001375022.1	0	N/A	28.197	305	51	8.16e-19	92	poly(A) RNA polymerase GLD2 isoform 5 [Homo sapiens]	TRUE	TENT2
XP_064644026.1	NP_001336479.1	0	N/A	28.197	305	51	8.16e-19	92	poly(A) RNA polymerase GLD2 isoform 5 [Homo sapiens]	TRUE	TENT2
XP_064644026.1	NP_001336478.1	0	N/A	28.197	305	51	8.16e-19	92	poly(A) RNA polymerase GLD2 isoform 5 [Homo sapiens]	TRUE	TENT2
XP_064644026.1	NP_001375030.1	0	N/A	29.963	267	47	1.07e-18	91.7	poly(A) RNA polymerase GLD2 isoform 9 [Homo sapiens]	TRUE	TENT2
XP_064644026.1	NP_001375029.1	0	N/A	29.63	270	47	2.05e-18	90.9	poly(A) RNA polymerase GLD2 isoform 8 [Homo sapiens]	TRUE	TENT2
XP_064644026.1	NP_001375028.1	0	N/A	29.63	270	47	2.05e-18	90.9	poly(A) RNA polymerase GLD2 isoform 8 [Homo sapiens]	TRUE	TENT2
XP_064644026.1	NP_001336477.1	0	N/A	30.457	197	34	3.48e-15	78.2	poly(A) RNA polymerase GLD2 isoform 4 [Homo sapiens]	TRUE	TENT2
XP_064644026.1	XP_047272820.1	0	N/A	30.457	197	34	4.75e-15	77.8	poly(A) RNA polymerase GLD2 isoform X11 [Homo sapiens]	TRUE	TENT2
XP_064644026.1	XP_047272286.1	0	N/A	28.417	278	48	6.63e-15	80.9	terminal uridylyltransferase 4 isoform X8 [Homo sapiens]	TRUE	Tut4
XP_064644026.1	XP_047272372.1	0	N/A	27.817	284	48	6.67e-15	80.9	terminal uridylyltransferase 4 isoform X42 [Homo sapiens]	TRUE	Tut4
XP_064644026.1	XP_016856293.1	0	N/A	27.817	284	48	6.67e-15	80.9	terminal uridylyltransferase 4 isoform X16 [Homo sapiens]	TRUE	Tut4
XP_064644026.1	XP_047272285.1	0	N/A	27.817	284	48	6.69e-15	80.9	terminal uridylyltransferase 4 isoform X7 [Homo sapiens]	TRUE	Tut4
XP_064644026.1	XP_047272365.1	0	N/A	27.465	284	48	6.94e-15	80.9	terminal uridylyltransferase 4 isoform X38 [Homo sapiens]	TRUE	Tut4
XP_064644026.1	XP_047272295.1	0	N/A	27.465	284	48	6.97e-15	80.9	terminal uridylyltransferase 4 isoform X12 [Homo sapiens]	TRUE	Tut4
XP_064644026.1	XP_047272296.1	0	N/A	27.465	284	48	7.03e-15	80.9	terminal uridylyltransferase 4 isoform X13 [Homo sapiens]	TRUE	Tut4
XP_064644026.1	XP_005270735.1	0	N/A	28.417	278	48	7.13e-15	80.9	terminal uridylyltransferase 4 isoform X2 [Homo sapiens]	TRUE	Tut4
XP_064644026.1	XP_016856297.1	0	N/A	27.817	284	48	7.19e-15	80.9	terminal uridylyltransferase 4 isoform X36 [Homo sapiens]	TRUE	Tut4
XP_064644026.1	XP_047272288.1	0	N/A	27.817	284	48	7.35e-15	80.9	terminal uridylyltransferase 4 isoform X10 [Homo sapiens]	TRUE	Tut4
XP_064644026.1	XP_047272283.1	0	N/A	27.465	284	48	7.44e-15	80.9	terminal uridylyltransferase 4 isoform X6 [Homo sapiens]	TRUE	Tut4
XP_064644026.1	XP_005270737.1	0	N/A	27.465	284	48	7.44e-15	80.9	terminal uridylyltransferase 4 isoform X6 [Homo sapiens]	TRUE	Tut4
XP_064644026.1	XP_047272345.1	0	N/A	28.417	278	48	7.46e-15	80.9	terminal uridylyltransferase 4 isoform X31 [Homo sapiens]	TRUE	Tut4
XP_064644026.1	XP_047272290.1	0	N/A	28.417	278	48	7.54e-15	80.9	terminal uridylyltransferase 4 isoform X11 [Homo sapiens]	TRUE	Tut4
XP_064644026.1	XP_047272337.1	0	N/A	27.465	284	48	7.56e-15	80.9	terminal uridylyltransferase 4 isoform X27 [Homo sapiens]	TRUE	Tut4
XP_064644026.1	XP_016856295.1	0	N/A	28.417	278	48	7.56e-15	80.9	terminal uridylyltransferase 4 isoform X25 [Homo sapiens]	TRUE	Tut4
XP_064644026.1	XP_047272325.1	0	N/A	28.417	278	48	7.56e-15	80.9	terminal uridylyltransferase 4 isoform X23 [Homo sapiens]	TRUE	Tut4
XP_064644026.1	XP_047272305.1	0	N/A	27.465	284	48	7.6e-15	80.9	terminal uridylyltransferase 4 isoform X17 [Homo sapiens]	TRUE	Tut4
XP_064644026.1	XP_016856292.1	0	N/A	27.817	284	48	7.61e-15	80.9	terminal uridylyltransferase 4 isoform X9 [Homo sapiens]	TRUE	Tut4
XP_064644026.1	XP_047272281.1	0	N/A	27.817	284	48	7.64e-15	80.9	terminal uridylyltransferase 4 isoform X4 [Homo sapiens]	TRUE	Tut4
XP_064644026.1	NP_001009881.1	0	N/A	27.817	284	48	7.64e-15	80.9	terminal uridylyltransferase 4 isoform a [Homo sapiens]	TRUE	Tut4
XP_064644026.1	XP_011539399.1	0	N/A	28.417	278	48	7.65e-15	80.9	terminal uridylyltransferase 4 isoform X1 [Homo sapiens]	TRUE	Tut4
XP_064644026.1	XP_005270733.1	0	N/A	28.417	278	48	7.65e-15	80.9	terminal uridylyltransferase 4 isoform X1 [Homo sapiens]	TRUE	Tut4
XP_064644026.1	XP_005270739.1	0	N/A	27.817	284	48	7.65e-15	80.5	terminal uridylyltransferase 4 isoform X33 [Homo sapiens]	TRUE	Tut4
XP_064644026.1	XP_016856299.1	0	N/A	27.817	284	48	7.7e-15	80.5	terminal uridylyltransferase 4 isoform X40 [Homo sapiens]	TRUE	Tut4
XP_064644026.1	XP_011539401.1	0	N/A	28.417	278	48	7.8e-15	80.5	terminal uridylyltransferase 4 isoform X29 [Homo sapiens]	TRUE	Tut4
XP_064644026.1	XP_047272280.1	0	N/A	27.817	284	48	7.84e-15	80.5	terminal uridylyltransferase 4 isoform X3 [Homo sapiens]	TRUE	Tut4
XP_064644026.1	XP_005270736.1	0	N/A	27.817	284	48	7.84e-15	80.5	terminal uridylyltransferase 4 isoform X3 [Homo sapiens]	TRUE	Tut4
XP_064644026.1	XP_047272282.1	0	N/A	27.817	284	48	7.91e-15	80.5	terminal uridylyltransferase 4 isoform X5 [Homo sapiens]	TRUE	Tut4
XP_064644516.1	NP_060579.3	0	N/A	27.455	499	63	1.19e-49	186	poly(A) RNA polymerase, mitochondrial precursor [Homo sapiens]	TRUE	mtPAP
XP_064644516.1	NP_073741.3	0	N/A	31.579	304	39	2.25e-43	171	speckle targeted PIP5K1A-regulated poly(A) polymerase isoform 1 [Homo sapiens]	TRUE	Tut1
XP_064644516.1	NP_001317647.1	0	N/A	27.536	345	43	7.02e-26	116	terminal uridylyltransferase 7 isoform 3 [Homo sapiens]	TRUE	Tut7
XP_064644516.1	XP_016870620.1	0	N/A	27.536	345	43	1.07e-25	116	terminal uridylyltransferase 7 isoform X4 [Homo sapiens]	TRUE	Tut7
XP_064644516.1	XP_016870619.1	0	N/A	27.536	345	43	1.07e-25	116	terminal uridylyltransferase 7 isoform X4 [Homo sapiens]	TRUE	Tut7
XP_064644516.1	NP_078893.2	0	N/A	27.536	345	43	1.07e-25	116	terminal uridylyltransferase 7 isoform 1 [Homo sapiens]	TRUE	Tut7
XP_064644516.1	NP_001171988.1	0	N/A	27.536	345	43	1.07e-25	116	terminal uridylyltransferase 7 isoform 1 [Homo sapiens]	TRUE	Tut7
XP_064644516.1	XP_047279825.1	0	N/A	27.536	345	43	1.11e-25	116	terminal uridylyltransferase 7 isoform X6 [Homo sapiens]	TRUE	Tut7
XP_064644516.1	XP_047279824.1	0	N/A	27.536	345	43	1.11e-25	116	terminal uridylyltransferase 7 isoform X6 [Homo sapiens]	TRUE	Tut7
XP_064644516.1	XP_005252264.1	0	N/A	27.536	345	43	1.11e-25	116	terminal uridylyltransferase 7 isoform X6 [Homo sapiens]	TRUE	Tut7
XP_064644516.1	XP_047279823.1	0	N/A	27.536	345	43	1.13e-25	116	terminal uridylyltransferase 7 isoform X2 [Homo sapiens]	TRUE	Tut7
XP_064644516.1	XP_006717346.1	0	N/A	27.536	345	43	1.13e-25	116	terminal uridylyltransferase 7 isoform X2 [Homo sapiens]	TRUE	Tut7
XP_064644516.1	XP_011517317.1	0	N/A	27.666	347	43	1.21e-25	116	terminal uridylyltransferase 7 isoform X3 [Homo sapiens]	TRUE	Tut7
XP_064644516.1	XP_011517318.1	0	N/A	27.536	345	43	1.29e-25	116	terminal uridylyltransferase 7 isoform X5 [Homo sapiens]	TRUE	Tut7
XP_064644516.1	XP_005252265.1	0	N/A	27.536	345	43	1.41e-25	116	terminal uridylyltransferase 7 isoform X7 [Homo sapiens]	TRUE	Tut7
XP_064644516.1	XP_011517316.1	0	N/A	27.536	345	43	1.57e-25	116	terminal uridylyltransferase 7 isoform X1 [Homo sapiens]	TRUE	Tut7
XP_064644516.1	XP_011517315.1	0	N/A	27.536	345	43	1.57e-25	116	terminal uridylyltransferase 7 isoform X1 [Homo sapiens]	TRUE	Tut7
XP_064644516.1	XP_011517314.1	0	N/A	27.536	345	43	1.57e-25	116	terminal uridylyltransferase 7 isoform X1 [Homo sapiens]	TRUE	Tut7
XP_064644516.1	XP_011517313.1	0	N/A	27.536	345	43	1.57e-25	116	terminal uridylyltransferase 7 isoform X1 [Homo sapiens]	TRUE	Tut7
XP_064644516.1	NP_001375027.1	0	N/A	27.248	367	47	3.65e-23	106	poly(A) RNA polymerase GLD2 isoform 7 [Homo sapiens]	TRUE	TENT2
XP_064644516.1	XP_047272805.1	0	N/A	27.248	367	47	3.67e-23	106	poly(A) RNA polymerase GLD2 isoform X2 [Homo sapiens]	TRUE	TENT2
XP_064644516.1	XP_047272804.1	0	N/A	27.248	367	47	3.67e-23	106	poly(A) RNA polymerase GLD2 isoform X2 [Homo sapiens]	TRUE	TENT2
XP_064644516.1	XP_047272803.1	0	N/A	27.248	367	47	3.67e-23	106	poly(A) RNA polymerase GLD2 isoform X2 [Homo sapiens]	TRUE	TENT2
XP_064644516.1	XP_047272802.1	0	N/A	27.248	367	47	3.67e-23	106	poly(A) RNA polymerase GLD2 isoform X2 [Homo sapiens]	TRUE	TENT2
XP_064644516.1	XP_016864641.1	0	N/A	27.248	367	47	3.67e-23	106	poly(A) RNA polymerase GLD2 isoform X2 [Homo sapiens]	TRUE	TENT2
XP_064644516.1	NP_001375026.1	0	N/A	27.248	367	47	3.67e-23	106	poly(A) RNA polymerase GLD2 isoform 6 [Homo sapiens]	TRUE	TENT2
XP_064644516.1	NP_001375025.1	0	N/A	27.248	367	47	3.67e-23	106	poly(A) RNA polymerase GLD2 isoform 6 [Homo sapiens]	TRUE	TENT2
XP_064644516.1	NP_001375024.1	0	N/A	27.248	367	47	3.67e-23	106	poly(A) RNA polymerase GLD2 isoform 6 [Homo sapiens]	TRUE	TENT2
XP_064644516.1	NP_001336480.1	0	N/A	27.248	367	47	3.67e-23	106	poly(A) RNA polymerase GLD2 isoform 6 [Homo sapiens]	TRUE	TENT2
XP_064644516.1	XP_047272801.1	0	N/A	27.151	372	47	3.14e-22	103	poly(A) RNA polymerase GLD2 isoform X1 [Homo sapiens]	TRUE	TENT2
XP_064644516.1	XP_047272800.1	0	N/A	27.151	372	47	3.14e-22	103	poly(A) RNA polymerase GLD2 isoform X1 [Homo sapiens]	TRUE	TENT2
XP_064644516.1	XP_011541527.1	0	N/A	27.151	372	47	3.14e-22	103	poly(A) RNA polymerase GLD2 isoform X1 [Homo sapiens]	TRUE	TENT2
XP_064644516.1	XP_011541526.1	0	N/A	27.151	372	47	3.14e-22	103	poly(A) RNA polymerase GLD2 isoform X1 [Homo sapiens]	TRUE	TENT2
XP_064644516.1	XP_011541523.1	0	N/A	27.151	372	47	3.14e-22	103	poly(A) RNA polymerase GLD2 isoform X1 [Homo sapiens]	TRUE	TENT2
XP_064644516.1	XP_011541522.1	0	N/A	27.151	372	47	3.14e-22	103	poly(A) RNA polymerase GLD2 isoform X1 [Homo sapiens]	TRUE	TENT2
XP_064644516.1	NP_001375023.1	0	N/A	27.151	372	47	3.14e-22	103	poly(A) RNA polymerase GLD2 isoform 5 [Homo sapiens]	TRUE	TENT2
XP_064644516.1	NP_001375022.1	0	N/A	27.151	372	47	3.14e-22	103	poly(A) RNA polymerase GLD2 isoform 5 [Homo sapiens]	TRUE	TENT2
XP_064644516.1	NP_001336479.1	0	N/A	27.151	372	47	3.14e-22	103	poly(A) RNA polymerase GLD2 isoform 5 [Homo sapiens]	TRUE	TENT2
XP_064644516.1	NP_001336478.1	0	N/A	27.151	372	47	3.14e-22	103	poly(A) RNA polymerase GLD2 isoform 5 [Homo sapiens]	TRUE	TENT2
XP_064644516.1	XP_005270735.1	0	N/A	27.922	308	39	3.06e-21	102	terminal uridylyltransferase 4 isoform X2 [Homo sapiens]	TRUE	Tut4
XP_064644516.1	XP_011539399.1	0	N/A	27.922	308	39	3.14e-21	102	terminal uridylyltransferase 4 isoform X1 [Homo sapiens]	TRUE	Tut4
XP_064644516.1	XP_005270733.1	0	N/A	27.922	308	39	3.14e-21	102	terminal uridylyltransferase 4 isoform X1 [Homo sapiens]	TRUE	Tut4
XP_064644516.1	NP_001375065.1	0	N/A	27.049	366	47	3.23e-21	98.6	poly(A) RNA polymerase GLD2 isoform 14 [Homo sapiens]	TRUE	TENT2
XP_064644516.1	XP_047272305.1	0	N/A	27.301	326	42	3.34e-21	102	terminal uridylyltransferase 4 isoform X17 [Homo sapiens]	TRUE	Tut4
XP_064644516.1	XP_047272286.1	0	N/A	27.301	326	42	3.34e-21	102	terminal uridylyltransferase 4 isoform X8 [Homo sapiens]	TRUE	Tut4
XP_064644516.1	XP_047272290.1	0	N/A	27.301	326	42	3.37e-21	102	terminal uridylyltransferase 4 isoform X11 [Homo sapiens]	TRUE	Tut4
XP_064644516.1	XP_047272285.1	0	N/A	27.922	308	39	3.46e-21	102	terminal uridylyltransferase 4 isoform X7 [Homo sapiens]	TRUE	Tut4
XP_064644516.1	XP_005270739.1	0	N/A	27.922	308	39	3.48e-21	102	terminal uridylyltransferase 4 isoform X33 [Homo sapiens]	TRUE	Tut4
XP_064644516.1	XP_047272296.1	0	N/A	27.301	326	42	3.48e-21	102	terminal uridylyltransferase 4 isoform X13 [Homo sapiens]	TRUE	Tut4
XP_064644516.1	XP_047272283.1	0	N/A	27.922	308	39	3.5e-21	102	terminal uridylyltransferase 4 isoform X6 [Homo sapiens]	TRUE	Tut4
XP_064644516.1	XP_005270737.1	0	N/A	27.922	308	39	3.5e-21	102	terminal uridylyltransferase 4 isoform X6 [Homo sapiens]	TRUE	Tut4
XP_064644516.1	XP_047272280.1	0	N/A	27.922	308	39	3.51e-21	102	terminal uridylyltransferase 4 isoform X3 [Homo sapiens]	TRUE	Tut4
XP_064644516.1	XP_005270736.1	0	N/A	27.922	308	39	3.51e-21	102	terminal uridylyltransferase 4 isoform X3 [Homo sapiens]	TRUE	Tut4
XP_064644516.1	XP_047272281.1	0	N/A	27.922	308	39	3.54e-21	102	terminal uridylyltransferase 4 isoform X4 [Homo sapiens]	TRUE	Tut4
XP_064644516.1	NP_001009881.1	0	N/A	27.922	308	39	3.54e-21	102	terminal uridylyltransferase 4 isoform a [Homo sapiens]	TRUE	Tut4
XP_064644516.1	XP_047272384.1	0	N/A	27.922	308	39	3.57e-21	101	terminal uridylyltransferase 4 isoform X46 [Homo sapiens]	TRUE	Tut4
XP_064644516.1	XP_047272295.1	0	N/A	27.301	326	42	3.58e-21	102	terminal uridylyltransferase 4 isoform X12 [Homo sapiens]	TRUE	Tut4
XP_064644516.1	XP_016856292.1	0	N/A	27.922	308	39	3.58e-21	102	terminal uridylyltransferase 4 isoform X9 [Homo sapiens]	TRUE	Tut4
XP_064644516.1	XP_016856295.1	0	N/A	27.922	308	39	3.73e-21	102	terminal uridylyltransferase 4 isoform X25 [Homo sapiens]	TRUE	Tut4
XP_064644516.1	XP_047272344.1	0	N/A	27.922	308	39	3.81e-21	102	terminal uridylyltransferase 4 isoform X30 [Homo sapiens]	TRUE	Tut4
XP_064644516.1	XP_047272325.1	0	N/A	27.922	308	39	3.83e-21	102	terminal uridylyltransferase 4 isoform X23 [Homo sapiens]	TRUE	Tut4
XP_064644516.1	XP_011539401.1	0	N/A	27.922	308	39	3.84e-21	102	terminal uridylyltransferase 4 isoform X29 [Homo sapiens]	TRUE	Tut4
XP_064644516.1	XP_047272345.1	0	N/A	27.922	308	39	3.87e-21	102	terminal uridylyltransferase 4 isoform X31 [Homo sapiens]	TRUE	Tut4
XP_064644516.1	XP_016856297.1	0	N/A	27.922	308	39	3.89e-21	102	terminal uridylyltransferase 4 isoform X36 [Homo sapiens]	TRUE	Tut4
XP_064644516.1	XP_047272282.1	0	N/A	27.922	308	39	4.02e-21	102	terminal uridylyltransferase 4 isoform X5 [Homo sapiens]	TRUE	Tut4
XP_064644516.1	NP_056084.1	0	N/A	27.922	308	39	4.02e-21	102	terminal uridylyltransferase 4 isoform b [Homo sapiens]	TRUE	Tut4
XP_064644516.1	XP_047272288.1	0	N/A	27.922	308	39	4.1e-21	102	terminal uridylyltransferase 4 isoform X10 [Homo sapiens]	TRUE	Tut4
XP_064644516.1	XP_016856293.1	0	N/A	27.922	308	39	4.17e-21	102	terminal uridylyltransferase 4 isoform X16 [Homo sapiens]	TRUE	Tut4
XP_064644516.1	XP_016856299.1	0	N/A	27.922	308	39	4.42e-21	102	terminal uridylyltransferase 4 isoform X40 [Homo sapiens]	TRUE	Tut4
XP_064644516.1	XP_016856296.1	0	N/A	27.922	308	39	4.42e-21	102	terminal uridylyltransferase 4 isoform X28 [Homo sapiens]	TRUE	Tut4
XP_064644516.1	XP_047272350.1	0	N/A	27.301	326	42	4.54e-21	102	terminal uridylyltransferase 4 isoform X34 [Homo sapiens]	TRUE	Tut4
XP_064644516.1	XP_047272365.1	0	N/A	27.922	308	39	4.73e-21	101	terminal uridylyltransferase 4 isoform X38 [Homo sapiens]	TRUE	Tut4
XP_064644516.1	XP_047272372.1	0	N/A	27.301	326	42	4.78e-21	101	terminal uridylyltransferase 4 isoform X42 [Homo sapiens]	TRUE	Tut4
XP_064644516.1	XP_047272337.1	0	N/A	27.922	308	39	4.82e-21	101	terminal uridylyltransferase 4 isoform X27 [Homo sapiens]	TRUE	Tut4
XP_064644516.1	NP_001375061.1	0	N/A	27.049	366	47	1.05e-20	98.6	poly(A) RNA polymerase GLD2 isoform 12 [Homo sapiens]	TRUE	TENT2
XP_064644516.1	XP_047272811.1	0	N/A	27.049	366	47	1.25e-20	98.6	poly(A) RNA polymerase GLD2 isoform X4 [Homo sapiens]	TRUE	TENT2
XP_064644516.1	XP_047272810.1	0	N/A	27.049	366	47	1.25e-20	98.6	poly(A) RNA polymerase GLD2 isoform X4 [Homo sapiens]	TRUE	TENT2
XP_064644516.1	XP_047272809.1	0	N/A	27.049	366	47	1.25e-20	98.6	poly(A) RNA polymerase GLD2 isoform X4 [Homo sapiens]	TRUE	TENT2
XP_064644516.1	NP_001375058.1	0	N/A	27.049	366	47	1.25e-20	98.6	poly(A) RNA polymerase GLD2 isoform 2 [Homo sapiens]	TRUE	TENT2
XP_064644516.1	NP_001375057.1	0	N/A	27.049	366	47	1.25e-20	98.6	poly(A) RNA polymerase GLD2 isoform 2 [Homo sapiens]	TRUE	TENT2
XP_064644516.1	NP_001375056.1	0	N/A	27.049	366	47	1.25e-20	98.6	poly(A) RNA polymerase GLD2 isoform 2 [Homo sapiens]	TRUE	TENT2
XP_064644516.1	NP_001375055.1	0	N/A	27.049	366	47	1.25e-20	98.6	poly(A) RNA polymerase GLD2 isoform 2 [Homo sapiens]	TRUE	TENT2
XP_064644516.1	NP_001375054.1	0	N/A	27.049	366	47	1.25e-20	98.6	poly(A) RNA polymerase GLD2 isoform 2 [Homo sapiens]	TRUE	TENT2
XP_064644516.1	NP_001375053.1	0	N/A	27.049	366	47	1.25e-20	98.6	poly(A) RNA polymerase GLD2 isoform 2 [Homo sapiens]	TRUE	TENT2
XP_064644516.1	NP_001375052.1	0	N/A	27.049	366	47	1.25e-20	98.6	poly(A) RNA polymerase GLD2 isoform 2 [Homo sapiens]	TRUE	TENT2
XP_064644516.1	NP_001375051.1	0	N/A	27.049	366	47	1.25e-20	98.6	poly(A) RNA polymerase GLD2 isoform 2 [Homo sapiens]	TRUE	TENT2
XP_064644516.1	NP_001375050.1	0	N/A	27.049	366	47	1.25e-20	98.6	poly(A) RNA polymerase GLD2 isoform 2 [Homo sapiens]	TRUE	TENT2
XP_064644516.1	NP_001375049.1	0	N/A	27.049	366	47	1.25e-20	98.6	poly(A) RNA polymerase GLD2 isoform 2 [Homo sapiens]	TRUE	TENT2
XP_064644516.1	NP_001375048.1	0	N/A	27.049	366	47	1.25e-20	98.6	poly(A) RNA polymerase GLD2 isoform 2 [Homo sapiens]	TRUE	TENT2
XP_064644516.1	NP_001375047.1	0	N/A	27.049	366	47	1.25e-20	98.6	poly(A) RNA polymerase GLD2 isoform 2 [Homo sapiens]	TRUE	TENT2
XP_064644516.1	NP_001375046.1	0	N/A	27.049	366	47	1.25e-20	98.6	poly(A) RNA polymerase GLD2 isoform 2 [Homo sapiens]	TRUE	TENT2
XP_064644516.1	NP_001375045.1	0	N/A	27.049	366	47	1.25e-20	98.6	poly(A) RNA polymerase GLD2 isoform 2 [Homo sapiens]	TRUE	TENT2
XP_064644516.1	NP_001375044.1	0	N/A	27.049	366	47	1.25e-20	98.6	poly(A) RNA polymerase GLD2 isoform 2 [Homo sapiens]	TRUE	TENT2
XP_064644516.1	NP_001375043.1	0	N/A	27.049	366	47	1.25e-20	98.6	poly(A) RNA polymerase GLD2 isoform 2 [Homo sapiens]	TRUE	TENT2
XP_064644516.1	NP_001336483.1	0	N/A	27.049	366	47	1.25e-20	98.6	poly(A) RNA polymerase GLD2 isoform 2 [Homo sapiens]	TRUE	TENT2
XP_064644516.1	NP_001284673.1	0	N/A	27.049	366	47	1.25e-20	98.6	poly(A) RNA polymerase GLD2 isoform 2 [Homo sapiens]	TRUE	TENT2
XP_064644516.1	NP_001172003.1	0	N/A	29.583	240	30	1.3e-20	100	terminal uridylyltransferase 7 isoform 2 [Homo sapiens]	TRUE	Tut7
XP_064644516.1	NP_001375059.1	0	N/A	27.049	366	47	1.59e-20	98.2	poly(A) RNA polymerase GLD2 isoform 10 [Homo sapiens]	TRUE	TENT2
XP_064644516.1	NP_001375060.1	0	N/A	27.049	366	47	5.1e-20	96.3	poly(A) RNA polymerase GLD2 isoform 11 [Homo sapiens]	TRUE	TENT2
XP_064644516.1	XP_047272808.1	0	N/A	27.049	366	47	6.53e-20	96.3	poly(A) RNA polymerase GLD2 isoform X3 [Homo sapiens]	TRUE	TENT2
XP_065923441.1	XP_016856296.1	0	N/A	38.631	1227	79	0	742	terminal uridylyltransferase 4 isoform X28 [Homo sapiens]	TRUE	Tut4
XP_065923441.1	XP_016856295.1	0	N/A	38.631	1227	79	0	742	terminal uridylyltransferase 4 isoform X25 [Homo sapiens]	TRUE	Tut4
XP_065923441.1	XP_047272337.1	0	N/A	38.505	1231	79	0	740	terminal uridylyltransferase 4 isoform X27 [Homo sapiens]	TRUE	Tut4
XP_065923441.1	XP_047272325.1	0	N/A	41.782	1010	66	0	740	terminal uridylyltransferase 4 isoform X23 [Homo sapiens]	TRUE	Tut4
XP_065923441.1	XP_047272283.1	0	N/A	37.569	1275	79	0	735	terminal uridylyltransferase 4 isoform X6 [Homo sapiens]	TRUE	Tut4
XP_065923441.1	XP_047272280.1	0	N/A	37.49	1275	79	0	735	terminal uridylyltransferase 4 isoform X3 [Homo sapiens]	TRUE	Tut4
XP_065923441.1	XP_005270737.1	0	N/A	37.569	1275	79	0	735	terminal uridylyltransferase 4 isoform X6 [Homo sapiens]	TRUE	Tut4
XP_065923441.1	XP_005270736.1	0	N/A	37.49	1275	79	0	735	terminal uridylyltransferase 4 isoform X3 [Homo sapiens]	TRUE	Tut4
XP_065923441.1	XP_005270735.1	0	N/A	37.373	1279	79	0	733	terminal uridylyltransferase 4 isoform X2 [Homo sapiens]	TRUE	Tut4
XP_065923441.1	XP_011539399.1	0	N/A	40.359	1058	66	0	733	terminal uridylyltransferase 4 isoform X1 [Homo sapiens]	TRUE	Tut4
XP_065923441.1	XP_005270733.1	0	N/A	40.359	1058	66	0	733	terminal uridylyltransferase 4 isoform X1 [Homo sapiens]	TRUE	Tut4
XP_065923441.1	XP_047272282.1	0	N/A	37.451	1279	79	0	733	terminal uridylyltransferase 4 isoform X5 [Homo sapiens]	TRUE	Tut4
XP_065923441.1	XP_047272281.1	0	N/A	40.359	1058	66	0	733	terminal uridylyltransferase 4 isoform X4 [Homo sapiens]	TRUE	Tut4
XP_065923441.1	NP_056084.1	0	N/A	37.451	1279	79	0	733	terminal uridylyltransferase 4 isoform b [Homo sapiens]	TRUE	Tut4
XP_065923441.1	NP_001009881.1	0	N/A	40.359	1058	66	0	733	terminal uridylyltransferase 4 isoform a [Homo sapiens]	TRUE	Tut4
XP_065923441.1	XP_047272350.1	0	N/A	37.765	1226	79	0	716	terminal uridylyltransferase 4 isoform X34 [Homo sapiens]	TRUE	Tut4
XP_065923441.1	XP_047272344.1	0	N/A	40.733	1009	66	0	714	terminal uridylyltransferase 4 isoform X30 [Homo sapiens]	TRUE	Tut4
XP_065923441.1	XP_047272290.1	0	N/A	36.735	1274	79	0	709	terminal uridylyltransferase 4 isoform X11 [Homo sapiens]	TRUE	Tut4
XP_065923441.1	XP_047272305.1	0	N/A	36.735	1274	79	0	709	terminal uridylyltransferase 4 isoform X17 [Homo sapiens]	TRUE	Tut4
XP_065923441.1	XP_047272296.1	0	N/A	36.62	1278	79	0	707	terminal uridylyltransferase 4 isoform X13 [Homo sapiens]	TRUE	Tut4
XP_065923441.1	XP_047272286.1	0	N/A	39.357	1057	66	0	707	terminal uridylyltransferase 4 isoform X8 [Homo sapiens]	TRUE	Tut4
XP_065923441.1	XP_047272295.1	0	N/A	39.357	1057	66	0	706	terminal uridylyltransferase 4 isoform X12 [Homo sapiens]	TRUE	Tut4
XP_065923441.1	XP_016856293.1	0	N/A	37.68	1250	79	0	694	terminal uridylyltransferase 4 isoform X16 [Homo sapiens]	TRUE	Tut4
XP_065923441.1	XP_016856292.1	0	N/A	37.68	1250	79	0	694	terminal uridylyltransferase 4 isoform X9 [Homo sapiens]	TRUE	Tut4
XP_065923441.1	XP_047272288.1	0	N/A	40.561	1033	66	0	692	terminal uridylyltransferase 4 isoform X10 [Homo sapiens]	TRUE	Tut4
XP_065923441.1	XP_047272285.1	0	N/A	37.56	1254	79	0	692	terminal uridylyltransferase 4 isoform X7 [Homo sapiens]	TRUE	Tut4
XP_065923441.1	XP_047272345.1	0	N/A	37.571	1227	79	0	690	terminal uridylyltransferase 4 isoform X31 [Homo sapiens]	TRUE	Tut4
XP_065923441.1	XP_011539401.1	0	N/A	40.495	1010	66	0	689	terminal uridylyltransferase 4 isoform X29 [Homo sapiens]	TRUE	Tut4
XP_065923441.1	XP_016856297.1	0	N/A	36.593	1227	79	0	662	terminal uridylyltransferase 4 isoform X36 [Homo sapiens]	TRUE	Tut4
XP_065923441.1	XP_016856299.1	0	N/A	36.593	1227	79	0	662	terminal uridylyltransferase 4 isoform X40 [Homo sapiens]	TRUE	Tut4
XP_065923441.1	XP_047272367.1	0	N/A	36.267	1227	79	0	661	terminal uridylyltransferase 4 isoform X39 [Homo sapiens]	TRUE	Tut4
XP_065923441.1	XP_047272365.1	0	N/A	39.307	1010	66	0	661	terminal uridylyltransferase 4 isoform X38 [Homo sapiens]	TRUE	Tut4
XP_065923441.1	XP_005270739.1	0	N/A	39.307	1010	66	0	660	terminal uridylyltransferase 4 isoform X33 [Homo sapiens]	TRUE	Tut4
XP_065923441.1	XP_047272348.1	0	N/A	38.911	1010	66	0	660	terminal uridylyltransferase 4 isoform X32 [Homo sapiens]	TRUE	Tut4
XP_065923441.1	XP_047272362.1	0	N/A	36.149	1231	79	0	660	terminal uridylyltransferase 4 isoform X37 [Homo sapiens]	TRUE	Tut4
XP_065923441.1	XP_047272354.1	0	N/A	38.911	1010	66	0	659	terminal uridylyltransferase 4 isoform X35 [Homo sapiens]	TRUE	Tut4
XP_065923441.1	XP_047272306.1	0	N/A	35.294	1275	79	0	654	terminal uridylyltransferase 4 isoform X18 [Homo sapiens]	TRUE	Tut4
XP_065923441.1	XP_016856294.1	0	N/A	35.294	1275	79	0	653	terminal uridylyltransferase 4 isoform X20 [Homo sapiens]	TRUE	Tut4
XP_065923441.1	XP_047272303.1	0	N/A	35.184	1279	79	0	652	terminal uridylyltransferase 4 isoform X15 [Homo sapiens]	TRUE	Tut4
XP_065923441.1	XP_047272307.1	0	N/A	35.184	1279	79	0	652	terminal uridylyltransferase 4 isoform X19 [Homo sapiens]	TRUE	Tut4
XP_065923441.1	XP_005270738.1	0	N/A	37.618	1058	66	0	652	terminal uridylyltransferase 4 isoform X14 [Homo sapiens]	TRUE	Tut4
XP_065923441.1	XP_047272372.1	0	N/A	38.256	1009	66	0	634	terminal uridylyltransferase 4 isoform X42 [Homo sapiens]	TRUE	Tut4
XP_065923441.1	XP_047272336.1	0	N/A	35.36	1250	79	0	612	terminal uridylyltransferase 4 isoform X26 [Homo sapiens]	TRUE	Tut4
XP_065923441.1	XP_047272311.1	0	N/A	37.754	1033	66	0	612	terminal uridylyltransferase 4 isoform X21 [Homo sapiens]	TRUE	Tut4
XP_065923441.1	XP_047272327.1	0	N/A	35.247	1254	79	0	611	terminal uridylyltransferase 4 isoform X24 [Homo sapiens]	TRUE	Tut4
XP_065923441.1	XP_047272320.1	0	N/A	37.754	1033	66	0	611	terminal uridylyltransferase 4 isoform X22 [Homo sapiens]	TRUE	Tut4
XP_065923441.1	XP_047272369.1	0	N/A	37.624	1010	66	0	607	terminal uridylyltransferase 4 isoform X41 [Homo sapiens]	TRUE	Tut4
XP_065923441.1	XP_047272377.1	0	N/A	34.23	1227	79	1.89e-180	581	terminal uridylyltransferase 4 isoform X44 [Homo sapiens]	TRUE	Tut4
XP_065923441.1	XP_047272373.1	0	N/A	36.436	1010	66	9.75e-180	579	terminal uridylyltransferase 4 isoform X43 [Homo sapiens]	TRUE	Tut4
XP_065923441.1	NP_001317647.1	0	N/A	50.951	473	31	1.66e-155	493	terminal uridylyltransferase 7 isoform 3 [Homo sapiens]	TRUE	Tut7
XP_065923441.1	XP_005252265.1	0	N/A	54.225	426	28	5.57e-149	493	terminal uridylyltransferase 7 isoform X7 [Homo sapiens]	TRUE	Tut7
XP_065923441.1	XP_016870620.1	0	N/A	50.951	473	31	1.11e-148	494	terminal uridylyltransferase 7 isoform X4 [Homo sapiens]	TRUE	Tut7
XP_065923441.1	XP_016870619.1	0	N/A	50.951	473	31	1.11e-148	494	terminal uridylyltransferase 7 isoform X4 [Homo sapiens]	TRUE	Tut7
XP_065923441.1	NP_078893.2	0	N/A	50.951	473	31	1.11e-148	494	terminal uridylyltransferase 7 isoform 1 [Homo sapiens]	TRUE	Tut7
XP_065923441.1	NP_001171988.1	0	N/A	50.951	473	31	1.11e-148	494	terminal uridylyltransferase 7 isoform 1 [Homo sapiens]	TRUE	Tut7
XP_065923441.1	XP_047279825.1	0	N/A	50.951	473	31	1.34e-148	494	terminal uridylyltransferase 7 isoform X6 [Homo sapiens]	TRUE	Tut7
XP_065923441.1	XP_047279824.1	0	N/A	50.951	473	31	1.34e-148	494	terminal uridylyltransferase 7 isoform X6 [Homo sapiens]	TRUE	Tut7
XP_065923441.1	XP_005252264.1	0	N/A	50.951	473	31	1.34e-148	494	terminal uridylyltransferase 7 isoform X6 [Homo sapiens]	TRUE	Tut7
XP_065923441.1	XP_011517318.1	0	N/A	50.951	473	31	2.04e-148	494	terminal uridylyltransferase 7 isoform X5 [Homo sapiens]	TRUE	Tut7
XP_065923441.1	XP_047279823.1	0	N/A	50.951	473	31	2.38e-148	494	terminal uridylyltransferase 7 isoform X2 [Homo sapiens]	TRUE	Tut7
XP_065923441.1	XP_006717346.1	0	N/A	50.951	473	31	2.38e-148	494	terminal uridylyltransferase 7 isoform X2 [Homo sapiens]	TRUE	Tut7
XP_065923441.1	XP_011517317.1	0	N/A	50.951	473	31	2.73e-148	494	terminal uridylyltransferase 7 isoform X3 [Homo sapiens]	TRUE	Tut7
XP_065923441.1	XP_011517316.1	0	N/A	50.951	473	31	6.96e-148	493	terminal uridylyltransferase 7 isoform X1 [Homo sapiens]	TRUE	Tut7
XP_065923441.1	XP_011517315.1	0	N/A	50.951	473	31	6.96e-148	493	terminal uridylyltransferase 7 isoform X1 [Homo sapiens]	TRUE	Tut7
XP_065923441.1	XP_011517314.1	0	N/A	50.951	473	31	6.96e-148	493	terminal uridylyltransferase 7 isoform X1 [Homo sapiens]	TRUE	Tut7
XP_065923441.1	XP_011517313.1	0	N/A	50.951	473	31	6.96e-148	493	terminal uridylyltransferase 7 isoform X1 [Homo sapiens]	TRUE	Tut7
XP_065923441.1	XP_047272384.1	0	N/A	55.787	432	28	6.59e-147	474	terminal uridylyltransferase 4 isoform X46 [Homo sapiens]	TRUE	Tut4
XP_065923441.1	NP_001172003.1	0	N/A	51.541	357	23	3.89e-107	373	terminal uridylyltransferase 7 isoform 2 [Homo sapiens]	TRUE	Tut7
XP_065923441.1	XP_016856307.1	0	N/A	30.812	714	46	3.13e-80	288	terminal uridylyltransferase 4 isoform X45 [Homo sapiens]	TRUE	Tut4
XP_065923441.1	XP_047279826.1	0	N/A	30.266	489	30	3.66e-60	228	terminal uridylyltransferase 7 isoform X8 [Homo sapiens]	TRUE	Tut7
XP_065923441.1	NP_001375065.1	0	N/A	33.217	286	19	5.75e-43	164	poly(A) RNA polymerase GLD2 isoform 14 [Homo sapiens]	TRUE	TENT2
XP_065923441.1	NP_001375061.1	0	N/A	33.217	286	19	1.05e-42	165	poly(A) RNA polymerase GLD2 isoform 12 [Homo sapiens]	TRUE	TENT2
XP_065923441.1	NP_001375059.1	0	N/A	33.217	286	19	1.94e-42	165	poly(A) RNA polymerase GLD2 isoform 10 [Homo sapiens]	TRUE	TENT2
XP_065923441.1	XP_047272811.1	0	N/A	33.217	286	19	1.98e-42	165	poly(A) RNA polymerase GLD2 isoform X4 [Homo sapiens]	TRUE	TENT2
XP_065923441.1	XP_047272810.1	0	N/A	33.217	286	19	1.98e-42	165	poly(A) RNA polymerase GLD2 isoform X4 [Homo sapiens]	TRUE	TENT2
XP_065923441.1	XP_047272809.1	0	N/A	33.217	286	19	1.98e-42	165	poly(A) RNA polymerase GLD2 isoform X4 [Homo sapiens]	TRUE	TENT2
XP_065923441.1	NP_001375058.1	0	N/A	33.217	286	19	1.98e-42	165	poly(A) RNA polymerase GLD2 isoform 2 [Homo sapiens]	TRUE	TENT2
XP_065923441.1	NP_001375057.1	0	N/A	33.217	286	19	1.98e-42	165	poly(A) RNA polymerase GLD2 isoform 2 [Homo sapiens]	TRUE	TENT2
XP_065923441.1	NP_001375056.1	0	N/A	33.217	286	19	1.98e-42	165	poly(A) RNA polymerase GLD2 isoform 2 [Homo sapiens]	TRUE	TENT2
XP_065923441.1	NP_001375055.1	0	N/A	33.217	286	19	1.98e-42	165	poly(A) RNA polymerase GLD2 isoform 2 [Homo sapiens]	TRUE	TENT2
XP_065923441.1	NP_001375054.1	0	N/A	33.217	286	19	1.98e-42	165	poly(A) RNA polymerase GLD2 isoform 2 [Homo sapiens]	TRUE	TENT2
XP_065923441.1	NP_001375053.1	0	N/A	33.217	286	19	1.98e-42	165	poly(A) RNA polymerase GLD2 isoform 2 [Homo sapiens]	TRUE	TENT2
XP_065923441.1	NP_001375052.1	0	N/A	33.217	286	19	1.98e-42	165	poly(A) RNA polymerase GLD2 isoform 2 [Homo sapiens]	TRUE	TENT2
XP_065923441.1	NP_001375051.1	0	N/A	33.217	286	19	1.98e-42	165	poly(A) RNA polymerase GLD2 isoform 2 [Homo sapiens]	TRUE	TENT2
XP_065923441.1	NP_001375050.1	0	N/A	33.217	286	19	1.98e-42	165	poly(A) RNA polymerase GLD2 isoform 2 [Homo sapiens]	TRUE	TENT2
XP_065923441.1	NP_001375049.1	0	N/A	33.217	286	19	1.98e-42	165	poly(A) RNA polymerase GLD2 isoform 2 [Homo sapiens]	TRUE	TENT2
XP_065923441.1	NP_001375048.1	0	N/A	33.217	286	19	1.98e-42	165	poly(A) RNA polymerase GLD2 isoform 2 [Homo sapiens]	TRUE	TENT2
XP_065923441.1	NP_001375047.1	0	N/A	33.217	286	19	1.98e-42	165	poly(A) RNA polymerase GLD2 isoform 2 [Homo sapiens]	TRUE	TENT2
XP_065923441.1	NP_001375046.1	0	N/A	33.217	286	19	1.98e-42	165	poly(A) RNA polymerase GLD2 isoform 2 [Homo sapiens]	TRUE	TENT2
XP_065923441.1	NP_001375045.1	0	N/A	33.217	286	19	1.98e-42	165	poly(A) RNA polymerase GLD2 isoform 2 [Homo sapiens]	TRUE	TENT2
XP_065923441.1	NP_001375044.1	0	N/A	33.217	286	19	1.98e-42	165	poly(A) RNA polymerase GLD2 isoform 2 [Homo sapiens]	TRUE	TENT2
XP_065923441.1	NP_001375043.1	0	N/A	33.217	286	19	1.98e-42	165	poly(A) RNA polymerase GLD2 isoform 2 [Homo sapiens]	TRUE	TENT2
XP_065923441.1	NP_001336483.1	0	N/A	33.217	286	19	1.98e-42	165	poly(A) RNA polymerase GLD2 isoform 2 [Homo sapiens]	TRUE	TENT2
XP_065923441.1	NP_001284673.1	0	N/A	33.217	286	19	1.98e-42	165	poly(A) RNA polymerase GLD2 isoform 2 [Homo sapiens]	TRUE	TENT2
XP_065923441.1	NP_001375060.1	0	N/A	32.759	290	19	1.54e-40	159	poly(A) RNA polymerase GLD2 isoform 11 [Homo sapiens]	TRUE	TENT2
XP_065923441.1	XP_047272808.1	0	N/A	32.759	290	19	2.16e-40	159	poly(A) RNA polymerase GLD2 isoform X3 [Homo sapiens]	TRUE	TENT2
XP_065923441.1	XP_047272807.1	0	N/A	32.759	290	19	2.16e-40	159	poly(A) RNA polymerase GLD2 isoform X3 [Homo sapiens]	TRUE	TENT2
XP_065923441.1	XP_047272806.1	0	N/A	32.759	290	19	2.16e-40	159	poly(A) RNA polymerase GLD2 isoform X3 [Homo sapiens]	TRUE	TENT2
XP_065923441.1	NP_776158.2	0	N/A	32.759	290	19	2.16e-40	159	poly(A) RNA polymerase GLD2 isoform 1 [Homo sapiens]	TRUE	TENT2
XP_065923441.1	NP_001375041.1	0	N/A	32.759	290	19	2.16e-40	159	poly(A) RNA polymerase GLD2 isoform 1 [Homo sapiens]	TRUE	TENT2
XP_066161508.1	NP_001375061.1	0	N/A	27.559	254	50	1.21e-16	84.7	poly(A) RNA polymerase GLD2 isoform 12 [Homo sapiens]	TRUE	TENT2
XP_066161508.1	XP_047272811.1	0	N/A	27.559	254	50	1.23e-16	84.7	poly(A) RNA polymerase GLD2 isoform X4 [Homo sapiens]	TRUE	TENT2
XP_066161508.1	XP_047272810.1	0	N/A	27.559	254	50	1.23e-16	84.7	poly(A) RNA polymerase GLD2 isoform X4 [Homo sapiens]	TRUE	TENT2
XP_066161508.1	XP_047272809.1	0	N/A	27.559	254	50	1.23e-16	84.7	poly(A) RNA polymerase GLD2 isoform X4 [Homo sapiens]	TRUE	TENT2
XP_066161508.1	NP_001375058.1	0	N/A	27.559	254	50	1.23e-16	84.7	poly(A) RNA polymerase GLD2 isoform 2 [Homo sapiens]	TRUE	TENT2
XP_066161508.1	NP_001375057.1	0	N/A	27.559	254	50	1.23e-16	84.7	poly(A) RNA polymerase GLD2 isoform 2 [Homo sapiens]	TRUE	TENT2
XP_066161508.1	NP_001375056.1	0	N/A	27.559	254	50	1.23e-16	84.7	poly(A) RNA polymerase GLD2 isoform 2 [Homo sapiens]	TRUE	TENT2
XP_066161508.1	NP_001375055.1	0	N/A	27.559	254	50	1.23e-16	84.7	poly(A) RNA polymerase GLD2 isoform 2 [Homo sapiens]	TRUE	TENT2
XP_066161508.1	NP_001375054.1	0	N/A	27.559	254	50	1.23e-16	84.7	poly(A) RNA polymerase GLD2 isoform 2 [Homo sapiens]	TRUE	TENT2
XP_066161508.1	NP_001375053.1	0	N/A	27.559	254	50	1.23e-16	84.7	poly(A) RNA polymerase GLD2 isoform 2 [Homo sapiens]	TRUE	TENT2
XP_066161508.1	NP_001375052.1	0	N/A	27.559	254	50	1.23e-16	84.7	poly(A) RNA polymerase GLD2 isoform 2 [Homo sapiens]	TRUE	TENT2
XP_066161508.1	NP_001375051.1	0	N/A	27.559	254	50	1.23e-16	84.7	poly(A) RNA polymerase GLD2 isoform 2 [Homo sapiens]	TRUE	TENT2
XP_066161508.1	NP_001375050.1	0	N/A	27.559	254	50	1.23e-16	84.7	poly(A) RNA polymerase GLD2 isoform 2 [Homo sapiens]	TRUE	TENT2
XP_066161508.1	NP_001375049.1	0	N/A	27.559	254	50	1.23e-16	84.7	poly(A) RNA polymerase GLD2 isoform 2 [Homo sapiens]	TRUE	TENT2
XP_066161508.1	NP_001375048.1	0	N/A	27.559	254	50	1.23e-16	84.7	poly(A) RNA polymerase GLD2 isoform 2 [Homo sapiens]	TRUE	TENT2
XP_066161508.1	NP_001375047.1	0	N/A	27.559	254	50	1.23e-16	84.7	poly(A) RNA polymerase GLD2 isoform 2 [Homo sapiens]	TRUE	TENT2
XP_066161508.1	NP_001375046.1	0	N/A	27.559	254	50	1.23e-16	84.7	poly(A) RNA polymerase GLD2 isoform 2 [Homo sapiens]	TRUE	TENT2
XP_066161508.1	NP_001375045.1	0	N/A	27.559	254	50	1.23e-16	84.7	poly(A) RNA polymerase GLD2 isoform 2 [Homo sapiens]	TRUE	TENT2
XP_066161508.1	NP_001375044.1	0	N/A	27.559	254	50	1.23e-16	84.7	poly(A) RNA polymerase GLD2 isoform 2 [Homo sapiens]	TRUE	TENT2
XP_066161508.1	NP_001375043.1	0	N/A	27.559	254	50	1.23e-16	84.7	poly(A) RNA polymerase GLD2 isoform 2 [Homo sapiens]	TRUE	TENT2
XP_066161508.1	NP_001336483.1	0	N/A	27.559	254	50	1.23e-16	84.7	poly(A) RNA polymerase GLD2 isoform 2 [Homo sapiens]	TRUE	TENT2
XP_066161508.1	NP_001284673.1	0	N/A	27.559	254	50	1.23e-16	84.7	poly(A) RNA polymerase GLD2 isoform 2 [Homo sapiens]	TRUE	TENT2
XP_066161508.1	NP_001375059.1	0	N/A	27.559	254	50	1.29e-16	84.7	poly(A) RNA polymerase GLD2 isoform 10 [Homo sapiens]	TRUE	TENT2
XP_066161508.1	NP_001375030.1	0	N/A	27.626	257	51	1.33e-16	84.7	poly(A) RNA polymerase GLD2 isoform 9 [Homo sapiens]	TRUE	TENT2
XP_066161508.1	NP_001375065.1	0	N/A	27.559	254	50	3.01e-16	82.8	poly(A) RNA polymerase GLD2 isoform 14 [Homo sapiens]	TRUE	TENT2
XP_066161508.1	NP_001336477.1	0	N/A	29.808	208	41	9.84e-16	79.7	poly(A) RNA polymerase GLD2 isoform 4 [Homo sapiens]	TRUE	TENT2
XP_066161508.1	XP_047272820.1	0	N/A	29.493	217	43	1.02e-15	79.3	poly(A) RNA polymerase GLD2 isoform X11 [Homo sapiens]	TRUE	TENT2
XP_066161508.1	NP_001375027.1	0	N/A	29.493	217	43	2.69e-15	80.9	poly(A) RNA polymerase GLD2 isoform 7 [Homo sapiens]	TRUE	TENT2
XP_066161508.1	XP_047272805.1	0	N/A	29.493	217	43	2.92e-15	80.9	poly(A) RNA polymerase GLD2 isoform X2 [Homo sapiens]	TRUE	TENT2
XP_066161508.1	XP_047272804.1	0	N/A	29.493	217	43	2.92e-15	80.9	poly(A) RNA polymerase GLD2 isoform X2 [Homo sapiens]	TRUE	TENT2
XP_066161508.1	XP_047272803.1	0	N/A	29.493	217	43	2.92e-15	80.9	poly(A) RNA polymerase GLD2 isoform X2 [Homo sapiens]	TRUE	TENT2
XP_066161508.1	XP_047272802.1	0	N/A	29.493	217	43	2.92e-15	80.9	poly(A) RNA polymerase GLD2 isoform X2 [Homo sapiens]	TRUE	TENT2
XP_066161508.1	XP_016864641.1	0	N/A	29.493	217	43	2.92e-15	80.9	poly(A) RNA polymerase GLD2 isoform X2 [Homo sapiens]	TRUE	TENT2
XP_066161508.1	NP_001375026.1	0	N/A	29.493	217	43	2.92e-15	80.9	poly(A) RNA polymerase GLD2 isoform 6 [Homo sapiens]	TRUE	TENT2
XP_066161508.1	NP_001375025.1	0	N/A	29.493	217	43	2.92e-15	80.9	poly(A) RNA polymerase GLD2 isoform 6 [Homo sapiens]	TRUE	TENT2
XP_066161508.1	NP_001375024.1	0	N/A	29.493	217	43	2.92e-15	80.9	poly(A) RNA polymerase GLD2 isoform 6 [Homo sapiens]	TRUE	TENT2
XP_066161508.1	NP_001336480.1	0	N/A	29.493	217	43	2.92e-15	80.9	poly(A) RNA polymerase GLD2 isoform 6 [Homo sapiens]	TRUE	TENT2
XP_066161508.1	XP_047272801.1	0	N/A	29.493	217	43	3.44e-15	80.5	poly(A) RNA polymerase GLD2 isoform X1 [Homo sapiens]	TRUE	TENT2
XP_066161508.1	XP_047272800.1	0	N/A	29.493	217	43	3.44e-15	80.5	poly(A) RNA polymerase GLD2 isoform X1 [Homo sapiens]	TRUE	TENT2
XP_066161508.1	XP_011541527.1	0	N/A	29.493	217	43	3.44e-15	80.5	poly(A) RNA polymerase GLD2 isoform X1 [Homo sapiens]	TRUE	TENT2
XP_066161508.1	XP_011541526.1	0	N/A	29.493	217	43	3.44e-15	80.5	poly(A) RNA polymerase GLD2 isoform X1 [Homo sapiens]	TRUE	TENT2
XP_066161508.1	XP_011541523.1	0	N/A	29.493	217	43	3.44e-15	80.5	poly(A) RNA polymerase GLD2 isoform X1 [Homo sapiens]	TRUE	TENT2
XP_066161508.1	XP_011541522.1	0	N/A	29.493	217	43	3.44e-15	80.5	poly(A) RNA polymerase GLD2 isoform X1 [Homo sapiens]	TRUE	TENT2
XP_066161508.1	NP_001375023.1	0	N/A	29.493	217	43	3.44e-15	80.5	poly(A) RNA polymerase GLD2 isoform 5 [Homo sapiens]	TRUE	TENT2
XP_066161508.1	NP_001375022.1	0	N/A	29.493	217	43	3.44e-15	80.5	poly(A) RNA polymerase GLD2 isoform 5 [Homo sapiens]	TRUE	TENT2
XP_066161508.1	NP_001336479.1	0	N/A	29.493	217	43	3.44e-15	80.5	poly(A) RNA polymerase GLD2 isoform 5 [Homo sapiens]	TRUE	TENT2
XP_066161508.1	NP_001336478.1	0	N/A	29.493	217	43	3.44e-15	80.5	poly(A) RNA polymerase GLD2 isoform 5 [Homo sapiens]	TRUE	TENT2
XP_066161508.1	XP_047272808.1	0	N/A	26.459	257	50	4.16e-15	80.1	poly(A) RNA polymerase GLD2 isoform X3 [Homo sapiens]	TRUE	TENT2
XP_066161508.1	XP_047272807.1	0	N/A	26.459	257	50	4.16e-15	80.1	poly(A) RNA polymerase GLD2 isoform X3 [Homo sapiens]	TRUE	TENT2
XP_066161508.1	XP_047272806.1	0	N/A	26.459	257	50	4.16e-15	80.1	poly(A) RNA polymerase GLD2 isoform X3 [Homo sapiens]	TRUE	TENT2
XP_066161508.1	NP_776158.2	0	N/A	26.459	257	50	4.16e-15	80.1	poly(A) RNA polymerase GLD2 isoform 1 [Homo sapiens]	TRUE	TENT2
XP_066161508.1	NP_001375041.1	0	N/A	26.459	257	50	4.16e-15	80.1	poly(A) RNA polymerase GLD2 isoform 1 [Homo sapiens]	TRUE	TENT2
XP_066161508.1	NP_001375040.1	0	N/A	26.459	257	50	4.16e-15	80.1	poly(A) RNA polymerase GLD2 isoform 1 [Homo sapiens]	TRUE	TENT2
XP_066161508.1	NP_001375039.1	0	N/A	26.459	257	50	4.16e-15	80.1	poly(A) RNA polymerase GLD2 isoform 1 [Homo sapiens]	TRUE	TENT2
XP_066161508.1	NP_001375038.1	0	N/A	26.459	257	50	4.16e-15	80.1	poly(A) RNA polymerase GLD2 isoform 1 [Homo sapiens]	TRUE	TENT2
XP_066161508.1	NP_001375037.1	0	N/A	26.459	257	50	4.16e-15	80.1	poly(A) RNA polymerase GLD2 isoform 1 [Homo sapiens]	TRUE	TENT2
XP_066161508.1	NP_001375036.1	0	N/A	26.459	257	50	4.16e-15	80.1	poly(A) RNA polymerase GLD2 isoform 1 [Homo sapiens]	TRUE	TENT2
XP_066161508.1	NP_001375035.1	0	N/A	26.459	257	50	4.16e-15	80.1	poly(A) RNA polymerase GLD2 isoform 1 [Homo sapiens]	TRUE	TENT2
XP_066161508.1	NP_001375034.1	0	N/A	26.459	257	50	4.16e-15	80.1	poly(A) RNA polymerase GLD2 isoform 1 [Homo sapiens]	TRUE	TENT2
XP_066161508.1	NP_001375032.1	0	N/A	26.459	257	50	4.16e-15	80.1	poly(A) RNA polymerase GLD2 isoform 1 [Homo sapiens]	TRUE	TENT2
XP_066161508.1	NP_001375031.1	0	N/A	26.459	257	50	4.16e-15	80.1	poly(A) RNA polymerase GLD2 isoform 1 [Homo sapiens]	TRUE	TENT2
XP_066161508.1	NP_001336482.1	0	N/A	26.459	257	50	4.16e-15	80.1	poly(A) RNA polymerase GLD2 isoform 1 [Homo sapiens]	TRUE	TENT2
XP_066161508.1	NP_001336481.1	0	N/A	26.459	257	50	4.16e-15	80.1	poly(A) RNA polymerase GLD2 isoform 1 [Homo sapiens]	TRUE	TENT2
XP_066161508.1	NP_001107866.1	0	N/A	26.459	257	50	4.16e-15	80.1	poly(A) RNA polymerase GLD2 isoform 1 [Homo sapiens]	TRUE	TENT2
XP_066161508.1	NP_001107865.1	0	N/A	26.459	257	50	4.16e-15	80.1	poly(A) RNA polymerase GLD2 isoform 1 [Homo sapiens]	TRUE	TENT2
XP_066161508.1	NP_001375042.1	0	N/A	26.459	257	50	4.22e-15	80.1	poly(A) RNA polymerase GLD2 isoform 16 [Homo sapiens]	TRUE	TENT2
XP_066161508.1	NP_001375060.1	0	N/A	26.538	260	51	4.55e-15	79.7	poly(A) RNA polymerase GLD2 isoform 11 [Homo sapiens]	TRUE	TENT2
XP_066161508.1	NP_001375029.1	0	N/A	26.459	257	50	5.13e-15	80.1	poly(A) RNA polymerase GLD2 isoform 8 [Homo sapiens]	TRUE	TENT2
XP_066161508.1	NP_001375028.1	0	N/A	26.459	257	50	5.13e-15	80.1	poly(A) RNA polymerase GLD2 isoform 8 [Homo sapiens]	TRUE	TENT2
XP_066161508.1	NP_001375066.1	0	N/A	31.892	185	37	2.01e-13	73.2	poly(A) RNA polymerase GLD2 isoform 15 [Homo sapiens]	TRUE	TENT2
XP_066161508.1	NP_073741.3	0	N/A	27.372	274	53	1.41e-12	72.8	speckle targeted PIP5K1A-regulated poly(A) polymerase isoform 1 [Homo sapiens]	TRUE	Tut1
XP_066161508.1	XP_005252265.1	0	N/A	24.085	328	64	2.73e-12	72.4	terminal uridylyltransferase 7 isoform X7 [Homo sapiens]	TRUE	Tut7
XP_066161508.1	XP_016870620.1	0	N/A	24.085	328	64	2.86e-12	72	terminal uridylyltransferase 7 isoform X4 [Homo sapiens]	TRUE	Tut7
XP_066161508.1	XP_016870619.1	0	N/A	24.085	328	64	2.86e-12	72	terminal uridylyltransferase 7 isoform X4 [Homo sapiens]	TRUE	Tut7
XP_066161508.1	NP_078893.2	0	N/A	24.085	328	64	2.86e-12	72	terminal uridylyltransferase 7 isoform 1 [Homo sapiens]	TRUE	Tut7
XP_066161508.1	NP_001171988.1	0	N/A	24.085	328	64	2.86e-12	72	terminal uridylyltransferase 7 isoform 1 [Homo sapiens]	TRUE	Tut7
XP_066161508.1	XP_011517317.1	0	N/A	24.085	328	64	2.9e-12	72	terminal uridylyltransferase 7 isoform X3 [Homo sapiens]	TRUE	Tut7
XP_066161508.1	XP_011517316.1	0	N/A	24.085	328	64	2.98e-12	72	terminal uridylyltransferase 7 isoform X1 [Homo sapiens]	TRUE	Tut7
XP_066161508.1	XP_011517315.1	0	N/A	24.085	328	64	2.98e-12	72	terminal uridylyltransferase 7 isoform X1 [Homo sapiens]	TRUE	Tut7
XP_066161508.1	XP_011517314.1	0	N/A	24.085	328	64	2.98e-12	72	terminal uridylyltransferase 7 isoform X1 [Homo sapiens]	TRUE	Tut7
XP_066161508.1	XP_011517313.1	0	N/A	24.085	328	64	2.98e-12	72	terminal uridylyltransferase 7 isoform X1 [Homo sapiens]	TRUE	Tut7
XP_066161508.1	XP_011517318.1	0	N/A	24.085	328	64	3.14e-12	72	terminal uridylyltransferase 7 isoform X5 [Homo sapiens]	TRUE	Tut7
XP_066161508.1	XP_047279825.1	0	N/A	24.085	328	64	3.22e-12	72	terminal uridylyltransferase 7 isoform X6 [Homo sapiens]	TRUE	Tut7
XP_066161508.1	XP_047279824.1	0	N/A	24.085	328	64	3.22e-12	72	terminal uridylyltransferase 7 isoform X6 [Homo sapiens]	TRUE	Tut7
XP_066161508.1	XP_005252264.1	0	N/A	24.085	328	64	3.22e-12	72	terminal uridylyltransferase 7 isoform X6 [Homo sapiens]	TRUE	Tut7
XP_066161508.1	XP_047279823.1	0	N/A	24.085	328	64	3.27e-12	72	terminal uridylyltransferase 7 isoform X2 [Homo sapiens]	TRUE	Tut7
XP_066161508.1	XP_006717346.1	0	N/A	24.085	328	64	3.27e-12	72	terminal uridylyltransferase 7 isoform X2 [Homo sapiens]	TRUE	Tut7
XP_066161508.1	NP_001317647.1	0	N/A	24.085	328	64	4.42e-12	71.2	terminal uridylyltransferase 7 isoform 3 [Homo sapiens]	TRUE	Tut7
XP_066161508.1	XP_047272384.1	0	N/A	22.909	275	54	7.53e-12	70.5	terminal uridylyltransferase 4 isoform X46 [Homo sapiens]	TRUE	Tut4
XP_066161508.1	XP_047272344.1	0	N/A	22.436	312	61	1.36e-11	70.1	terminal uridylyltransferase 4 isoform X30 [Homo sapiens]	TRUE	Tut4
XP_066161508.1	XP_047272372.1	0	N/A	22.436	312	61	1.58e-11	69.7	terminal uridylyltransferase 4 isoform X42 [Homo sapiens]	TRUE	Tut4
XP_066161508.1	XP_047272350.1	0	N/A	22.436	312	61	1.6e-11	69.7	terminal uridylyltransferase 4 isoform X34 [Homo sapiens]	TRUE	Tut4
XP_066161508.1	XP_047272325.1	0	N/A	22.909	275	54	1.71e-11	69.7	terminal uridylyltransferase 4 isoform X23 [Homo sapiens]	TRUE	Tut4
XP_066161508.1	XP_047272345.1	0	N/A	22.909	275	54	1.75e-11	69.7	terminal uridylyltransferase 4 isoform X31 [Homo sapiens]	TRUE	Tut4
XP_066161508.1	XP_016856296.1	0	N/A	22.909	275	54	1.8e-11	69.7	terminal uridylyltransferase 4 isoform X28 [Homo sapiens]	TRUE	Tut4
XP_066161508.1	XP_005270739.1	0	N/A	22.909	275	54	1.82e-11	69.7	terminal uridylyltransferase 4 isoform X33 [Homo sapiens]	TRUE	Tut4
XP_066161508.1	XP_011539401.1	0	N/A	22.909	275	54	1.83e-11	69.7	terminal uridylyltransferase 4 isoform X29 [Homo sapiens]	TRUE	Tut4
XP_066161508.1	XP_016856293.1	0	N/A	25.974	154	31	1.87e-11	69.7	terminal uridylyltransferase 4 isoform X16 [Homo sapiens]	TRUE	Tut4
XP_066161508.1	XP_047272305.1	0	N/A	24.607	191	37	1.89e-11	69.7	terminal uridylyltransferase 4 isoform X17 [Homo sapiens]	TRUE	Tut4
XP_066161508.1	XP_047272283.1	0	N/A	25.974	154	31	1.89e-11	69.7	terminal uridylyltransferase 4 isoform X6 [Homo sapiens]	TRUE	Tut4
XP_067511661.1	NP_001172003.1	0	N/A	37.745	204	36	6.01e-32	134	terminal uridylyltransferase 7 isoform 2 [Homo sapiens]	TRUE	Tut7
XP_067511661.1	XP_047279823.1	0	N/A	37.745	204	36	1.07e-31	133	terminal uridylyltransferase 7 isoform X2 [Homo sapiens]	TRUE	Tut7
XP_067511661.1	XP_006717346.1	0	N/A	37.745	204	36	1.07e-31	133	terminal uridylyltransferase 7 isoform X2 [Homo sapiens]	TRUE	Tut7
XP_067511661.1	NP_001317647.1	0	N/A	37.745	204	36	1.12e-31	132	terminal uridylyltransferase 7 isoform 3 [Homo sapiens]	TRUE	Tut7
XP_067511661.1	XP_011517317.1	0	N/A	37.745	204	36	1.14e-31	133	terminal uridylyltransferase 7 isoform X3 [Homo sapiens]	TRUE	Tut7
XP_067511661.1	XP_047279825.1	0	N/A	37.745	204	36	1.21e-31	132	terminal uridylyltransferase 7 isoform X6 [Homo sapiens]	TRUE	Tut7
XP_067511661.1	XP_047279824.1	0	N/A	37.745	204	36	1.21e-31	132	terminal uridylyltransferase 7 isoform X6 [Homo sapiens]	TRUE	Tut7
XP_067511661.1	XP_005252264.1	0	N/A	37.745	204	36	1.21e-31	132	terminal uridylyltransferase 7 isoform X6 [Homo sapiens]	TRUE	Tut7
XP_067511661.1	XP_005252265.1	0	N/A	37.745	204	36	1.24e-31	132	terminal uridylyltransferase 7 isoform X7 [Homo sapiens]	TRUE	Tut7
XP_067511661.1	XP_016870620.1	0	N/A	37.745	204	36	1.32e-31	132	terminal uridylyltransferase 7 isoform X4 [Homo sapiens]	TRUE	Tut7
XP_067511661.1	XP_016870619.1	0	N/A	37.745	204	36	1.32e-31	132	terminal uridylyltransferase 7 isoform X4 [Homo sapiens]	TRUE	Tut7
XP_067511661.1	NP_078893.2	0	N/A	37.745	204	36	1.32e-31	132	terminal uridylyltransferase 7 isoform 1 [Homo sapiens]	TRUE	Tut7
XP_067511661.1	NP_001171988.1	0	N/A	37.745	204	36	1.32e-31	132	terminal uridylyltransferase 7 isoform 1 [Homo sapiens]	TRUE	Tut7
XP_067511661.1	XP_011517318.1	0	N/A	37.745	204	36	1.38e-31	132	terminal uridylyltransferase 7 isoform X5 [Homo sapiens]	TRUE	Tut7
XP_067511661.1	XP_011517316.1	0	N/A	37.745	204	36	1.41e-31	132	terminal uridylyltransferase 7 isoform X1 [Homo sapiens]	TRUE	Tut7
XP_067511661.1	XP_011517315.1	0	N/A	37.745	204	36	1.41e-31	132	terminal uridylyltransferase 7 isoform X1 [Homo sapiens]	TRUE	Tut7
XP_067511661.1	XP_011517314.1	0	N/A	37.745	204	36	1.41e-31	132	terminal uridylyltransferase 7 isoform X1 [Homo sapiens]	TRUE	Tut7
XP_067511661.1	XP_011517313.1	0	N/A	37.745	204	36	1.41e-31	132	terminal uridylyltransferase 7 isoform X1 [Homo sapiens]	TRUE	Tut7
XP_067511661.1	XP_016856297.1	0	N/A	37.745	204	36	3.31e-30	128	terminal uridylyltransferase 4 isoform X36 [Homo sapiens]	TRUE	Tut4
XP_067511661.1	XP_005270739.1	0	N/A	37.745	204	36	3.31e-30	128	terminal uridylyltransferase 4 isoform X33 [Homo sapiens]	TRUE	Tut4
XP_067511661.1	XP_011539401.1	0	N/A	37.745	204	36	3.67e-30	128	terminal uridylyltransferase 4 isoform X29 [Homo sapiens]	TRUE	Tut4
XP_067511661.1	XP_016856293.1	0	N/A	37.745	204	36	3.85e-30	128	terminal uridylyltransferase 4 isoform X16 [Homo sapiens]	TRUE	Tut4
XP_067511661.1	XP_047272285.1	0	N/A	37.745	204	36	3.86e-30	128	terminal uridylyltransferase 4 isoform X7 [Homo sapiens]	TRUE	Tut4
XP_067511661.1	XP_047272288.1	0	N/A	37.745	204	36	3.89e-30	128	terminal uridylyltransferase 4 isoform X10 [Homo sapiens]	TRUE	Tut4
XP_067511661.1	XP_005270735.1	0	N/A	37.745	204	36	3.92e-30	128	terminal uridylyltransferase 4 isoform X2 [Homo sapiens]	TRUE	Tut4
XP_067511661.1	XP_016856299.1	0	N/A	37.745	204	36	3.92e-30	128	terminal uridylyltransferase 4 isoform X40 [Homo sapiens]	TRUE	Tut4
XP_067511661.1	XP_016856292.1	0	N/A	37.745	204	36	3.93e-30	128	terminal uridylyltransferase 4 isoform X9 [Homo sapiens]	TRUE	Tut4
XP_067511661.1	XP_011539399.1	0	N/A	37.745	204	36	3.95e-30	128	terminal uridylyltransferase 4 isoform X1 [Homo sapiens]	TRUE	Tut4
XP_067511661.1	XP_005270733.1	0	N/A	37.745	204	36	3.95e-30	128	terminal uridylyltransferase 4 isoform X1 [Homo sapiens]	TRUE	Tut4
XP_067511661.1	XP_047272365.1	0	N/A	37.745	204	36	3.99e-30	128	terminal uridylyltransferase 4 isoform X38 [Homo sapiens]	TRUE	Tut4
XP_067511661.1	XP_047272345.1	0	N/A	37.745	204	36	4.08e-30	128	terminal uridylyltransferase 4 isoform X31 [Homo sapiens]	TRUE	Tut4
XP_067511661.1	XP_047272286.1	0	N/A	37.745	204	36	4.19e-30	128	terminal uridylyltransferase 4 isoform X8 [Homo sapiens]	TRUE	Tut4
XP_067511661.1	XP_047272280.1	0	N/A	37.745	204	36	4.21e-30	128	terminal uridylyltransferase 4 isoform X3 [Homo sapiens]	TRUE	Tut4
XP_067511661.1	XP_005270736.1	0	N/A	37.745	204	36	4.21e-30	128	terminal uridylyltransferase 4 isoform X3 [Homo sapiens]	TRUE	Tut4
XP_067511661.1	XP_047272372.1	0	N/A	37.745	204	36	4.23e-30	128	terminal uridylyltransferase 4 isoform X42 [Homo sapiens]	TRUE	Tut4
XP_067511661.1	XP_047272305.1	0	N/A	37.745	204	36	4.33e-30	128	terminal uridylyltransferase 4 isoform X17 [Homo sapiens]	TRUE	Tut4
XP_067511661.1	XP_047272290.1	0	N/A	37.745	204	36	4.38e-30	128	terminal uridylyltransferase 4 isoform X11 [Homo sapiens]	TRUE	Tut4
XP_067511661.1	XP_047272325.1	0	N/A	37.745	204	36	4.46e-30	128	terminal uridylyltransferase 4 isoform X23 [Homo sapiens]	TRUE	Tut4
XP_067511661.1	XP_047272281.1	0	N/A	37.745	204	36	4.52e-30	128	terminal uridylyltransferase 4 isoform X4 [Homo sapiens]	TRUE	Tut4
XP_067511661.1	NP_001009881.1	0	N/A	37.745	204	36	4.52e-30	128	terminal uridylyltransferase 4 isoform a [Homo sapiens]	TRUE	Tut4
XP_067511661.1	XP_047272295.1	0	N/A	37.745	204	36	4.58e-30	128	terminal uridylyltransferase 4 isoform X12 [Homo sapiens]	TRUE	Tut4
XP_067511661.1	XP_047272344.1	0	N/A	37.745	204	36	4.64e-30	128	terminal uridylyltransferase 4 isoform X30 [Homo sapiens]	TRUE	Tut4
XP_067511661.1	XP_047272296.1	0	N/A	37.745	204	36	4.66e-30	128	terminal uridylyltransferase 4 isoform X13 [Homo sapiens]	TRUE	Tut4
XP_067511661.1	XP_016856295.1	0	N/A	37.745	204	36	4.75e-30	128	terminal uridylyltransferase 4 isoform X25 [Homo sapiens]	TRUE	Tut4
XP_067511661.1	XP_047272283.1	0	N/A	37.745	204	36	4.77e-30	128	terminal uridylyltransferase 4 isoform X6 [Homo sapiens]	TRUE	Tut4
XP_067511661.1	XP_005270737.1	0	N/A	37.745	204	36	4.77e-30	128	terminal uridylyltransferase 4 isoform X6 [Homo sapiens]	TRUE	Tut4
XP_067511661.1	XP_047272282.1	0	N/A	37.745	204	36	4.86e-30	128	terminal uridylyltransferase 4 isoform X5 [Homo sapiens]	TRUE	Tut4
XP_067511661.1	NP_056084.1	0	N/A	37.745	204	36	4.86e-30	128	terminal uridylyltransferase 4 isoform b [Homo sapiens]	TRUE	Tut4
XP_067511661.1	XP_047272350.1	0	N/A	37.745	204	36	5.06e-30	128	terminal uridylyltransferase 4 isoform X34 [Homo sapiens]	TRUE	Tut4
XP_067511661.1	XP_016856296.1	0	N/A	37.745	204	36	5.29e-30	127	terminal uridylyltransferase 4 isoform X28 [Homo sapiens]	TRUE	Tut4
XP_067511661.1	XP_047272337.1	0	N/A	37.745	204	36	5.34e-30	127	terminal uridylyltransferase 4 isoform X27 [Homo sapiens]	TRUE	Tut4
XP_067511661.1	XP_047272384.1	0	N/A	37.745	204	36	5.6e-30	127	terminal uridylyltransferase 4 isoform X46 [Homo sapiens]	TRUE	Tut4
XP_067511661.1	NP_001336477.1	0	N/A	33.333	222	40	5.65e-30	120	poly(A) RNA polymerase GLD2 isoform 4 [Homo sapiens]	TRUE	TENT2
XP_067511661.1	XP_047272820.1	0	N/A	37.912	182	33	6.61e-30	120	poly(A) RNA polymerase GLD2 isoform X11 [Homo sapiens]	TRUE	TENT2
XP_067511661.1	NP_001375061.1	0	N/A	33.333	222	40	4.41e-29	122	poly(A) RNA polymerase GLD2 isoform 12 [Homo sapiens]	TRUE	TENT2
XP_067511661.1	XP_047272811.1	0	N/A	33.333	222	40	4.66e-29	122	poly(A) RNA polymerase GLD2 isoform X4 [Homo sapiens]	TRUE	TENT2
XP_067511661.1	XP_047272810.1	0	N/A	33.333	222	40	4.66e-29	122	poly(A) RNA polymerase GLD2 isoform X4 [Homo sapiens]	TRUE	TENT2
XP_067511661.1	XP_047272809.1	0	N/A	33.333	222	40	4.66e-29	122	poly(A) RNA polymerase GLD2 isoform X4 [Homo sapiens]	TRUE	TENT2
XP_067511661.1	NP_001375058.1	0	N/A	33.333	222	40	4.66e-29	122	poly(A) RNA polymerase GLD2 isoform 2 [Homo sapiens]	TRUE	TENT2
XP_067511661.1	NP_001375057.1	0	N/A	33.333	222	40	4.66e-29	122	poly(A) RNA polymerase GLD2 isoform 2 [Homo sapiens]	TRUE	TENT2
XP_067511661.1	NP_001375056.1	0	N/A	33.333	222	40	4.66e-29	122	poly(A) RNA polymerase GLD2 isoform 2 [Homo sapiens]	TRUE	TENT2
XP_067511661.1	NP_001375055.1	0	N/A	33.333	222	40	4.66e-29	122	poly(A) RNA polymerase GLD2 isoform 2 [Homo sapiens]	TRUE	TENT2
XP_067511661.1	NP_001375054.1	0	N/A	33.333	222	40	4.66e-29	122	poly(A) RNA polymerase GLD2 isoform 2 [Homo sapiens]	TRUE	TENT2
XP_067511661.1	NP_001375053.1	0	N/A	33.333	222	40	4.66e-29	122	poly(A) RNA polymerase GLD2 isoform 2 [Homo sapiens]	TRUE	TENT2
XP_067511661.1	NP_001375052.1	0	N/A	33.333	222	40	4.66e-29	122	poly(A) RNA polymerase GLD2 isoform 2 [Homo sapiens]	TRUE	TENT2
XP_067511661.1	NP_001375051.1	0	N/A	33.333	222	40	4.66e-29	122	poly(A) RNA polymerase GLD2 isoform 2 [Homo sapiens]	TRUE	TENT2
XP_067511661.1	NP_001375050.1	0	N/A	33.333	222	40	4.66e-29	122	poly(A) RNA polymerase GLD2 isoform 2 [Homo sapiens]	TRUE	TENT2
XP_067511661.1	NP_001375049.1	0	N/A	33.333	222	40	4.66e-29	122	poly(A) RNA polymerase GLD2 isoform 2 [Homo sapiens]	TRUE	TENT2
XP_067511661.1	NP_001375048.1	0	N/A	33.333	222	40	4.66e-29	122	poly(A) RNA polymerase GLD2 isoform 2 [Homo sapiens]	TRUE	TENT2
XP_067511661.1	NP_001375047.1	0	N/A	33.333	222	40	4.66e-29	122	poly(A) RNA polymerase GLD2 isoform 2 [Homo sapiens]	TRUE	TENT2
XP_067511661.1	NP_001375046.1	0	N/A	33.333	222	40	4.66e-29	122	poly(A) RNA polymerase GLD2 isoform 2 [Homo sapiens]	TRUE	TENT2
XP_067511661.1	NP_001375045.1	0	N/A	33.333	222	40	4.66e-29	122	poly(A) RNA polymerase GLD2 isoform 2 [Homo sapiens]	TRUE	TENT2
XP_067511661.1	NP_001375044.1	0	N/A	33.333	222	40	4.66e-29	122	poly(A) RNA polymerase GLD2 isoform 2 [Homo sapiens]	TRUE	TENT2
XP_067511661.1	NP_001375043.1	0	N/A	33.333	222	40	4.66e-29	122	poly(A) RNA polymerase GLD2 isoform 2 [Homo sapiens]	TRUE	TENT2
XP_067511661.1	NP_001336483.1	0	N/A	33.333	222	40	4.66e-29	122	poly(A) RNA polymerase GLD2 isoform 2 [Homo sapiens]	TRUE	TENT2
XP_067511661.1	NP_001284673.1	0	N/A	33.333	222	40	4.66e-29	122	poly(A) RNA polymerase GLD2 isoform 2 [Homo sapiens]	TRUE	TENT2
XP_067511661.1	NP_001375059.1	0	N/A	33.333	222	40	4.93e-29	122	poly(A) RNA polymerase GLD2 isoform 10 [Homo sapiens]	TRUE	TENT2
XP_067511661.1	XP_047272805.1	0	N/A	37.912	182	33	6.22e-29	122	poly(A) RNA polymerase GLD2 isoform X2 [Homo sapiens]	TRUE	TENT2
XP_067511661.1	XP_047272804.1	0	N/A	37.912	182	33	6.22e-29	122	poly(A) RNA polymerase GLD2 isoform X2 [Homo sapiens]	TRUE	TENT2
XP_067511661.1	XP_047272803.1	0	N/A	37.912	182	33	6.22e-29	122	poly(A) RNA polymerase GLD2 isoform X2 [Homo sapiens]	TRUE	TENT2
XP_067511661.1	XP_047272802.1	0	N/A	37.912	182	33	6.22e-29	122	poly(A) RNA polymerase GLD2 isoform X2 [Homo sapiens]	TRUE	TENT2
XP_067511661.1	XP_016864641.1	0	N/A	37.912	182	33	6.22e-29	122	poly(A) RNA polymerase GLD2 isoform X2 [Homo sapiens]	TRUE	TENT2
XP_067511661.1	NP_001375026.1	0	N/A	37.912	182	33	6.22e-29	122	poly(A) RNA polymerase GLD2 isoform 6 [Homo sapiens]	TRUE	TENT2
XP_067511661.1	NP_001375025.1	0	N/A	37.912	182	33	6.22e-29	122	poly(A) RNA polymerase GLD2 isoform 6 [Homo sapiens]	TRUE	TENT2
XP_067511661.1	NP_001375024.1	0	N/A	37.912	182	33	6.22e-29	122	poly(A) RNA polymerase GLD2 isoform 6 [Homo sapiens]	TRUE	TENT2
XP_067511661.1	NP_001336480.1	0	N/A	37.912	182	33	6.22e-29	122	poly(A) RNA polymerase GLD2 isoform 6 [Homo sapiens]	TRUE	TENT2
XP_067511661.1	NP_001375027.1	0	N/A	37.912	182	33	6.22e-29	122	poly(A) RNA polymerase GLD2 isoform 7 [Homo sapiens]	TRUE	TENT2
XP_067511661.1	NP_001375065.1	0	N/A	37.912	182	33	6.56e-29	120	poly(A) RNA polymerase GLD2 isoform 14 [Homo sapiens]	TRUE	TENT2
XP_067511661.1	NP_001375060.1	0	N/A	33.333	222	40	6.64e-29	121	poly(A) RNA polymerase GLD2 isoform 11 [Homo sapiens]	TRUE	TENT2
XP_067511661.1	NP_001375042.1	0	N/A	37.912	182	33	6.84e-29	122	poly(A) RNA polymerase GLD2 isoform 16 [Homo sapiens]	TRUE	TENT2
XP_067511661.1	XP_047272808.1	0	N/A	37.912	182	33	6.91e-29	122	poly(A) RNA polymerase GLD2 isoform X3 [Homo sapiens]	TRUE	TENT2
XP_067511661.1	XP_047272807.1	0	N/A	37.912	182	33	6.91e-29	122	poly(A) RNA polymerase GLD2 isoform X3 [Homo sapiens]	TRUE	TENT2
XP_067511661.1	XP_047272806.1	0	N/A	37.912	182	33	6.91e-29	122	poly(A) RNA polymerase GLD2 isoform X3 [Homo sapiens]	TRUE	TENT2
XP_067511661.1	NP_776158.2	0	N/A	37.912	182	33	6.91e-29	122	poly(A) RNA polymerase GLD2 isoform 1 [Homo sapiens]	TRUE	TENT2
XP_067511661.1	NP_001375041.1	0	N/A	37.912	182	33	6.91e-29	122	poly(A) RNA polymerase GLD2 isoform 1 [Homo sapiens]	TRUE	TENT2
XP_067511661.1	NP_001375040.1	0	N/A	37.912	182	33	6.91e-29	122	poly(A) RNA polymerase GLD2 isoform 1 [Homo sapiens]	TRUE	TENT2
XP_067511661.1	NP_001375039.1	0	N/A	37.912	182	33	6.91e-29	122	poly(A) RNA polymerase GLD2 isoform 1 [Homo sapiens]	TRUE	TENT2
XP_067511661.1	NP_001375038.1	0	N/A	37.912	182	33	6.91e-29	122	poly(A) RNA polymerase GLD2 isoform 1 [Homo sapiens]	TRUE	TENT2
XP_067511661.1	NP_001375037.1	0	N/A	37.912	182	33	6.91e-29	122	poly(A) RNA polymerase GLD2 isoform 1 [Homo sapiens]	TRUE	TENT2
XP_067511661.1	NP_001375036.1	0	N/A	37.912	182	33	6.91e-29	122	poly(A) RNA polymerase GLD2 isoform 1 [Homo sapiens]	TRUE	TENT2
XP_067515893.1	XP_047290433.1	0	N/A	32.721	272	55	2.28e-31	127	terminal nucleotidyltransferase 4B isoform X6 [Homo sapiens]	TRUE	TENT4B
XP_067515893.1	XP_011521580.1	0	N/A	32.721	272	55	4.54e-31	126	terminal nucleotidyltransferase 4B isoform X5 [Homo sapiens]	TRUE	TENT4B
XP_067515893.1	XP_047290432.1	0	N/A	32.721	272	55	6.36e-31	127	terminal nucleotidyltransferase 4B isoform X4 [Homo sapiens]	TRUE	TENT4B
XP_067515893.1	XP_047290431.1	0	N/A	32.721	272	55	6.76e-31	127	terminal nucleotidyltransferase 4B isoform X3 [Homo sapiens]	TRUE	TENT4B
XP_067515893.1	NP_001035375.2	0	N/A	32.721	272	55	7.55e-31	127	terminal nucleotidyltransferase 4B isoform b [Homo sapiens]	TRUE	TENT4B
XP_067515893.1	XP_011521578.1	0	N/A	32.721	272	55	7.57e-31	127	terminal nucleotidyltransferase 4B isoform X2 [Homo sapiens]	TRUE	TENT4B
XP_067515893.1	NP_001352253.1	0	N/A	32.721	272	55	8.51e-31	127	terminal nucleotidyltransferase 4B isoform d [Homo sapiens]	TRUE	TENT4B
XP_067515893.1	NP_001352252.1	0	N/A	32.721	272	55	9.62e-31	126	terminal nucleotidyltransferase 4B isoform c [Homo sapiens]	TRUE	TENT4B
XP_067515893.1	NP_001035374.2	0	N/A	32.721	272	55	1.14e-30	126	terminal nucleotidyltransferase 4B isoform a [Homo sapiens]	TRUE	TENT4B
XP_067515893.1	XP_011521577.1	0	N/A	32.721	272	55	1.15e-30	126	terminal nucleotidyltransferase 4B isoform X1 [Homo sapiens]	TRUE	TENT4B
XP_067515893.1	NP_008930.2	0	N/A	27.027	333	70	9.35e-26	112	terminal nucleotidyltransferase 4A isoform 1 [Homo sapiens]	TRUE	TENT4A
XP_067515893.1	NP_001165276.2	0	N/A	27.027	333	70	1.06e-25	112	terminal nucleotidyltransferase 4A isoform 2 [Homo sapiens]	TRUE	TENT4A
XP_067515893.1	XP_047272622.1	0	N/A	27.329	322	67	8.2e-25	108	terminal nucleotidyltransferase 4A isoform X1 [Homo sapiens]	TRUE	TENT4A
XP_067515893.1	XP_047272621.1	0	N/A	27.329	322	67	8.2e-25	108	terminal nucleotidyltransferase 4A isoform X1 [Homo sapiens]	TRUE	TENT4A
XP_067515893.1	XP_047272620.1	0	N/A	27.329	322	67	8.2e-25	108	terminal nucleotidyltransferase 4A isoform X1 [Homo sapiens]	TRUE	TENT4A
XP_067515893.1	XP_047272623.1	0	N/A	27.476	313	65	4.12e-24	106	terminal nucleotidyltransferase 4A isoform X2 [Homo sapiens]	TRUE	TENT4A
XP_067515893.1	XP_016864477.1	0	N/A	27.476	313	65	4.12e-24	106	terminal nucleotidyltransferase 4A isoform X2 [Homo sapiens]	TRUE	TENT4A
XP_067515893.1	XP_047272624.1	0	N/A	27.476	313	65	4.42e-24	106	terminal nucleotidyltransferase 4A isoform X3 [Homo sapiens]	TRUE	TENT4A
XP_067515893.1	NP_001317647.1	0	N/A	31.915	141	33	5.89e-07	54.3	terminal uridylyltransferase 7 isoform 3 [Homo sapiens]	TRUE	Tut7
XP_067515893.1	XP_011517318.1	0	N/A	31.915	141	33	9.39e-07	53.9	terminal uridylyltransferase 7 isoform X5 [Homo sapiens]	TRUE	Tut7
XP_067515893.1	XP_011517316.1	0	N/A	31.915	141	33	9.53e-07	53.9	terminal uridylyltransferase 7 isoform X1 [Homo sapiens]	TRUE	Tut7
XP_067515893.1	XP_011517315.1	0	N/A	31.915	141	33	9.53e-07	53.9	terminal uridylyltransferase 7 isoform X1 [Homo sapiens]	TRUE	Tut7
XP_067515893.1	XP_011517314.1	0	N/A	31.915	141	33	9.53e-07	53.9	terminal uridylyltransferase 7 isoform X1 [Homo sapiens]	TRUE	Tut7
XP_067515893.1	XP_011517313.1	0	N/A	31.915	141	33	9.53e-07	53.9	terminal uridylyltransferase 7 isoform X1 [Homo sapiens]	TRUE	Tut7
XP_067515893.1	XP_047279825.1	0	N/A	31.915	141	33	9.54e-07	53.9	terminal uridylyltransferase 7 isoform X6 [Homo sapiens]	TRUE	Tut7
XP_067515893.1	XP_047279824.1	0	N/A	31.915	141	33	9.54e-07	53.9	terminal uridylyltransferase 7 isoform X6 [Homo sapiens]	TRUE	Tut7
XP_067515893.1	XP_005252264.1	0	N/A	31.915	141	33	9.54e-07	53.9	terminal uridylyltransferase 7 isoform X6 [Homo sapiens]	TRUE	Tut7
XP_067515893.1	XP_011517317.1	0	N/A	31.915	141	33	9.68e-07	53.9	terminal uridylyltransferase 7 isoform X3 [Homo sapiens]	TRUE	Tut7
XP_067515893.1	XP_005252265.1	0	N/A	31.915	141	33	9.86e-07	53.9	terminal uridylyltransferase 7 isoform X7 [Homo sapiens]	TRUE	Tut7
XP_067515893.1	XP_047279823.1	0	N/A	31.915	141	33	1.04e-06	53.9	terminal uridylyltransferase 7 isoform X2 [Homo sapiens]	TRUE	Tut7
XP_067515893.1	XP_006717346.1	0	N/A	31.915	141	33	1.04e-06	53.9	terminal uridylyltransferase 7 isoform X2 [Homo sapiens]	TRUE	Tut7
XP_067515893.1	XP_016870620.1	0	N/A	31.915	141	33	1.05e-06	53.5	terminal uridylyltransferase 7 isoform X4 [Homo sapiens]	TRUE	Tut7
XP_067515893.1	XP_016870619.1	0	N/A	31.915	141	33	1.05e-06	53.5	terminal uridylyltransferase 7 isoform X4 [Homo sapiens]	TRUE	Tut7
XP_067515893.1	NP_078893.2	0	N/A	31.915	141	33	1.05e-06	53.5	terminal uridylyltransferase 7 isoform 1 [Homo sapiens]	TRUE	Tut7
XP_067515893.1	NP_001171988.1	0	N/A	31.915	141	33	1.05e-06	53.5	terminal uridylyltransferase 7 isoform 1 [Homo sapiens]	TRUE	Tut7
XP_067515893.1	XP_047272348.1	0	N/A	28.346	127	31	4.56e-05	48.5	terminal uridylyltransferase 4 isoform X32 [Homo sapiens]	TRUE	Tut4
XP_067515893.1	XP_047272295.1	0	N/A	28.346	127	31	4.67e-05	48.5	terminal uridylyltransferase 4 isoform X12 [Homo sapiens]	TRUE	Tut4
XP_067515893.1	XP_047272365.1	0	N/A	28.346	127	31	4.68e-05	48.5	terminal uridylyltransferase 4 isoform X38 [Homo sapiens]	TRUE	Tut4
XP_067515893.1	XP_005270735.1	0	N/A	28.346	127	31	4.68e-05	48.5	terminal uridylyltransferase 4 isoform X2 [Homo sapiens]	TRUE	Tut4
XP_067515893.1	XP_047272325.1	0	N/A	28.346	127	31	4.69e-05	48.5	terminal uridylyltransferase 4 isoform X23 [Homo sapiens]	TRUE	Tut4
XP_067515893.1	XP_005270738.1	0	N/A	28.346	127	31	4.7e-05	48.5	terminal uridylyltransferase 4 isoform X14 [Homo sapiens]	TRUE	Tut4
XP_067515893.1	XP_047272296.1	0	N/A	28.346	127	31	4.71e-05	48.5	terminal uridylyltransferase 4 isoform X13 [Homo sapiens]	TRUE	Tut4
XP_067515893.1	XP_047272281.1	0	N/A	28.346	127	31	4.72e-05	48.5	terminal uridylyltransferase 4 isoform X4 [Homo sapiens]	TRUE	Tut4
XP_067515893.1	NP_001009881.1	0	N/A	28.346	127	31	4.72e-05	48.5	terminal uridylyltransferase 4 isoform a [Homo sapiens]	TRUE	Tut4
XP_067515893.1	XP_011539399.1	0	N/A	28.346	127	31	4.72e-05	48.5	terminal uridylyltransferase 4 isoform X1 [Homo sapiens]	TRUE	Tut4
XP_067515893.1	XP_005270733.1	0	N/A	28.346	127	31	4.72e-05	48.5	terminal uridylyltransferase 4 isoform X1 [Homo sapiens]	TRUE	Tut4
XP_067515893.1	XP_047272282.1	0	N/A	28.346	127	31	4.76e-05	48.5	terminal uridylyltransferase 4 isoform X5 [Homo sapiens]	TRUE	Tut4
XP_067515893.1	NP_056084.1	0	N/A	28.346	127	31	4.76e-05	48.5	terminal uridylyltransferase 4 isoform b [Homo sapiens]	TRUE	Tut4
XP_067515893.1	XP_047272303.1	0	N/A	28.346	127	31	4.79e-05	48.5	terminal uridylyltransferase 4 isoform X15 [Homo sapiens]	TRUE	Tut4
XP_067515893.1	XP_047272290.1	0	N/A	28.346	127	31	4.79e-05	48.5	terminal uridylyltransferase 4 isoform X11 [Homo sapiens]	TRUE	Tut4
XP_067515893.1	XP_047272344.1	0	N/A	28.346	127	31	4.81e-05	48.5	terminal uridylyltransferase 4 isoform X30 [Homo sapiens]	TRUE	Tut4
XP_067515893.1	XP_047272337.1	0	N/A	28.346	127	31	4.81e-05	48.5	terminal uridylyltransferase 4 isoform X27 [Homo sapiens]	TRUE	Tut4
XP_067515893.1	XP_047272283.1	0	N/A	28.346	127	31	4.84e-05	48.5	terminal uridylyltransferase 4 isoform X6 [Homo sapiens]	TRUE	Tut4
XP_067515893.1	XP_005270737.1	0	N/A	28.346	127	31	4.84e-05	48.5	terminal uridylyltransferase 4 isoform X6 [Homo sapiens]	TRUE	Tut4
XP_067515893.1	XP_016856295.1	0	N/A	28.346	127	31	4.86e-05	48.5	terminal uridylyltransferase 4 isoform X25 [Homo sapiens]	TRUE	Tut4
XP_067515893.1	XP_047272372.1	0	N/A	28.346	127	31	4.87e-05	48.5	terminal uridylyltransferase 4 isoform X42 [Homo sapiens]	TRUE	Tut4
XP_067515893.1	XP_047272285.1	0	N/A	28.346	127	31	4.87e-05	48.5	terminal uridylyltransferase 4 isoform X7 [Homo sapiens]	TRUE	Tut4
XP_067515893.1	XP_047272367.1	0	N/A	28.346	127	31	4.88e-05	48.5	terminal uridylyltransferase 4 isoform X39 [Homo sapiens]	TRUE	Tut4
XP_067515893.1	XP_047272362.1	0	N/A	28.346	127	31	4.88e-05	48.5	terminal uridylyltransferase 4 isoform X37 [Homo sapiens]	TRUE	Tut4
XP_067515893.1	XP_005270739.1	0	N/A	28.346	127	31	4.89e-05	48.5	terminal uridylyltransferase 4 isoform X33 [Homo sapiens]	TRUE	Tut4
XP_067515893.1	XP_016856293.1	0	N/A	28.346	127	31	4.91e-05	48.5	terminal uridylyltransferase 4 isoform X16 [Homo sapiens]	TRUE	Tut4
XP_067515893.1	XP_047272280.1	0	N/A	28.346	127	31	4.92e-05	48.5	terminal uridylyltransferase 4 isoform X3 [Homo sapiens]	TRUE	Tut4
XP_067515893.1	XP_005270736.1	0	N/A	28.346	127	31	4.92e-05	48.5	terminal uridylyltransferase 4 isoform X3 [Homo sapiens]	TRUE	Tut4
XP_067515893.1	XP_047272305.1	0	N/A	28.346	127	31	4.95e-05	48.5	terminal uridylyltransferase 4 isoform X17 [Homo sapiens]	TRUE	Tut4
XP_067515893.1	XP_047272354.1	0	N/A	28.346	127	31	4.97e-05	48.5	terminal uridylyltransferase 4 isoform X35 [Homo sapiens]	TRUE	Tut4
XP_067515893.1	XP_047272350.1	0	N/A	28.346	127	31	4.97e-05	48.5	terminal uridylyltransferase 4 isoform X34 [Homo sapiens]	TRUE	Tut4
XP_067515893.1	XP_047272307.1	0	N/A	28.346	127	31	5e-05	48.5	terminal uridylyltransferase 4 isoform X19 [Homo sapiens]	TRUE	Tut4
XP_067515893.1	XP_047272286.1	0	N/A	28.346	127	31	5e-05	48.5	terminal uridylyltransferase 4 isoform X8 [Homo sapiens]	TRUE	Tut4
XP_067515893.1	XP_047272306.1	0	N/A	28.346	127	31	5.04e-05	48.5	terminal uridylyltransferase 4 isoform X18 [Homo sapiens]	TRUE	Tut4
XP_067515893.1	XP_016856297.1	0	N/A	28.346	127	31	5.06e-05	48.5	terminal uridylyltransferase 4 isoform X36 [Homo sapiens]	TRUE	Tut4
XP_067515893.1	XP_016856294.1	0	N/A	28.346	127	31	5.08e-05	48.5	terminal uridylyltransferase 4 isoform X20 [Homo sapiens]	TRUE	Tut4
XP_067515893.1	XP_047272288.1	0	N/A	28.346	127	31	5.09e-05	48.5	terminal uridylyltransferase 4 isoform X10 [Homo sapiens]	TRUE	Tut4
XP_067515893.1	XP_016856296.1	0	N/A	28.346	127	31	5.11e-05	48.5	terminal uridylyltransferase 4 isoform X28 [Homo sapiens]	TRUE	Tut4
XP_067515893.1	XP_047272327.1	0	N/A	28.346	127	31	5.12e-05	48.5	terminal uridylyltransferase 4 isoform X24 [Homo sapiens]	TRUE	Tut4
XP_067515893.1	XP_047272320.1	0	N/A	28.346	127	31	5.12e-05	48.5	terminal uridylyltransferase 4 isoform X22 [Homo sapiens]	TRUE	Tut4
XP_067515893.1	XP_047272377.1	0	N/A	28.346	127	31	5.21e-05	48.1	terminal uridylyltransferase 4 isoform X44 [Homo sapiens]	TRUE	Tut4
XP_067515893.1	XP_047272373.1	0	N/A	28.346	127	31	5.22e-05	48.1	terminal uridylyltransferase 4 isoform X43 [Homo sapiens]	TRUE	Tut4
XP_067515893.1	XP_016856292.1	0	N/A	28.346	127	31	5.22e-05	48.1	terminal uridylyltransferase 4 isoform X9 [Homo sapiens]	TRUE	Tut4
XP_067515893.1	XP_047272369.1	0	N/A	28.346	127	31	5.23e-05	48.1	terminal uridylyltransferase 4 isoform X41 [Homo sapiens]	TRUE	Tut4
XP_067515893.1	XP_047272345.1	0	N/A	28.346	127	31	5.24e-05	48.1	terminal uridylyltransferase 4 isoform X31 [Homo sapiens]	TRUE	Tut4
XP_067515893.1	XP_047272311.1	0	N/A	28.346	127	31	5.25e-05	48.1	terminal uridylyltransferase 4 isoform X21 [Homo sapiens]	TRUE	Tut4
XP_067515893.1	XP_016856307.1	0	N/A	28.346	127	31	5.26e-05	48.1	terminal uridylyltransferase 4 isoform X45 [Homo sapiens]	TRUE	Tut4
XP_067515893.1	XP_016856299.1	0	N/A	28.346	127	31	5.32e-05	48.1	terminal uridylyltransferase 4 isoform X40 [Homo sapiens]	TRUE	Tut4
XP_067515893.1	XP_047272336.1	0	N/A	28.346	127	31	5.34e-05	48.1	terminal uridylyltransferase 4 isoform X26 [Homo sapiens]	TRUE	Tut4
XP_067515893.1	XP_011539401.1	0	N/A	28.346	127	31	5.47e-05	48.1	terminal uridylyltransferase 4 isoform X29 [Homo sapiens]	TRUE	Tut4
XP_067515893.1	XP_047272384.1	0	N/A	29.771	131	29	0.066	38.1	terminal uridylyltransferase 4 isoform X46 [Homo sapiens]	TRUE	Tut4
XP_067515893.1	XP_047279826.1	0	N/A	26.23	122	30	0.09	37.7	terminal uridylyltransferase 7 isoform X8 [Homo sapiens]	TRUE	Tut7
XP_067519529.1	NP_001375059.1	0	N/A	32.857	70	28	0.091	36.2	poly(A) RNA polymerase GLD2 isoform 10 [Homo sapiens]	TRUE	TENT2
XP_067519529.1	NP_001375042.1	0	N/A	32.857	70	28	0.093	36.2	poly(A) RNA polymerase GLD2 isoform 16 [Homo sapiens]	TRUE	TENT2
XP_067519529.1	NP_001375027.1	0	N/A	32.857	70	28	0.098	36.2	poly(A) RNA polymerase GLD2 isoform 7 [Homo sapiens]	TRUE	TENT2
XP_067523248.1	NP_001172003.1	0	N/A	25	252	30	2.57e-07	57	terminal uridylyltransferase 7 isoform 2 [Homo sapiens]	TRUE	Tut7
XP_067523248.1	XP_016870620.1	0	N/A	25	252	30	4.82e-07	56.2	terminal uridylyltransferase 7 isoform X4 [Homo sapiens]	TRUE	Tut7
XP_067523248.1	XP_016870619.1	0	N/A	25	252	30	4.82e-07	56.2	terminal uridylyltransferase 7 isoform X4 [Homo sapiens]	TRUE	Tut7
XP_067523248.1	NP_078893.2	0	N/A	25	252	30	4.82e-07	56.2	terminal uridylyltransferase 7 isoform 1 [Homo sapiens]	TRUE	Tut7
XP_067523248.1	NP_001171988.1	0	N/A	25	252	30	4.82e-07	56.2	terminal uridylyltransferase 7 isoform 1 [Homo sapiens]	TRUE	Tut7
XP_067523248.1	XP_047279823.1	0	N/A	25	252	30	5.32e-07	55.8	terminal uridylyltransferase 7 isoform X2 [Homo sapiens]	TRUE	Tut7
XP_067523248.1	XP_006717346.1	0	N/A	25	252	30	5.32e-07	55.8	terminal uridylyltransferase 7 isoform X2 [Homo sapiens]	TRUE	Tut7
XP_067523248.1	XP_047279825.1	0	N/A	25	252	30	5.46e-07	55.8	terminal uridylyltransferase 7 isoform X6 [Homo sapiens]	TRUE	Tut7
XP_067523248.1	XP_047279824.1	0	N/A	25	252	30	5.46e-07	55.8	terminal uridylyltransferase 7 isoform X6 [Homo sapiens]	TRUE	Tut7
XP_067523248.1	XP_005252264.1	0	N/A	25	252	30	5.46e-07	55.8	terminal uridylyltransferase 7 isoform X6 [Homo sapiens]	TRUE	Tut7
XP_067523248.1	XP_011517318.1	0	N/A	25	252	30	5.95e-07	55.8	terminal uridylyltransferase 7 isoform X5 [Homo sapiens]	TRUE	Tut7
XP_067523248.1	NP_001317647.1	0	N/A	25	252	30	6.47e-07	55.5	terminal uridylyltransferase 7 isoform 3 [Homo sapiens]	TRUE	Tut7
XP_067523248.1	XP_005252265.1	0	N/A	25	252	30	6.73e-07	55.5	terminal uridylyltransferase 7 isoform X7 [Homo sapiens]	TRUE	Tut7
XP_067523248.1	XP_011517317.1	0	N/A	25	252	30	7.04e-07	55.5	terminal uridylyltransferase 7 isoform X3 [Homo sapiens]	TRUE	Tut7
XP_067523248.1	XP_011517316.1	0	N/A	25	252	30	7.35e-07	55.5	terminal uridylyltransferase 7 isoform X1 [Homo sapiens]	TRUE	Tut7
XP_067523248.1	XP_011517315.1	0	N/A	25	252	30	7.35e-07	55.5	terminal uridylyltransferase 7 isoform X1 [Homo sapiens]	TRUE	Tut7
XP_067523248.1	XP_011517314.1	0	N/A	25	252	30	7.35e-07	55.5	terminal uridylyltransferase 7 isoform X1 [Homo sapiens]	TRUE	Tut7
XP_067523248.1	XP_011517313.1	0	N/A	25	252	30	7.35e-07	55.5	terminal uridylyltransferase 7 isoform X1 [Homo sapiens]	TRUE	Tut7
XP_067523248.1	XP_047272288.1	0	N/A	23.2	250	30	9.91e-06	52	terminal uridylyltransferase 4 isoform X10 [Homo sapiens]	TRUE	Tut4
XP_067523248.1	XP_047272285.1	0	N/A	23.2	250	30	1e-05	52	terminal uridylyltransferase 4 isoform X7 [Homo sapiens]	TRUE	Tut4
XP_067523248.1	XP_047272283.1	0	N/A	23.2	250	30	1e-05	52	terminal uridylyltransferase 4 isoform X6 [Homo sapiens]	TRUE	Tut4
XP_067523248.1	XP_005270737.1	0	N/A	23.2	250	30	1e-05	52	terminal uridylyltransferase 4 isoform X6 [Homo sapiens]	TRUE	Tut4
XP_067523248.1	XP_016856293.1	0	N/A	23.2	250	30	1.03e-05	52	terminal uridylyltransferase 4 isoform X16 [Homo sapiens]	TRUE	Tut4
XP_067523248.1	XP_016856292.1	0	N/A	23.2	250	30	1.05e-05	51.6	terminal uridylyltransferase 4 isoform X9 [Homo sapiens]	TRUE	Tut4
XP_067523248.1	XP_047272282.1	0	N/A	23.2	250	30	1.06e-05	51.6	terminal uridylyltransferase 4 isoform X5 [Homo sapiens]	TRUE	Tut4
XP_067523248.1	NP_056084.1	0	N/A	23.2	250	30	1.06e-05	51.6	terminal uridylyltransferase 4 isoform b [Homo sapiens]	TRUE	Tut4
XP_067523248.1	XP_011539399.1	0	N/A	23.2	250	30	1.06e-05	51.6	terminal uridylyltransferase 4 isoform X1 [Homo sapiens]	TRUE	Tut4
XP_067523248.1	XP_005270733.1	0	N/A	23.2	250	30	1.06e-05	51.6	terminal uridylyltransferase 4 isoform X1 [Homo sapiens]	TRUE	Tut4
XP_067523248.1	XP_047272281.1	0	N/A	23.2	250	30	1.12e-05	51.6	terminal uridylyltransferase 4 isoform X4 [Homo sapiens]	TRUE	Tut4
XP_067523248.1	NP_001009881.1	0	N/A	23.2	250	30	1.12e-05	51.6	terminal uridylyltransferase 4 isoform a [Homo sapiens]	TRUE	Tut4
XP_067523248.1	XP_047272280.1	0	N/A	23.2	250	30	1.12e-05	51.6	terminal uridylyltransferase 4 isoform X3 [Homo sapiens]	TRUE	Tut4
XP_067523248.1	XP_005270736.1	0	N/A	23.2	250	30	1.12e-05	51.6	terminal uridylyltransferase 4 isoform X3 [Homo sapiens]	TRUE	Tut4
XP_067523248.1	XP_005270735.1	0	N/A	23.2	250	30	1.12e-05	51.6	terminal uridylyltransferase 4 isoform X2 [Homo sapiens]	TRUE	Tut4
XP_067523248.1	XP_047272286.1	0	N/A	23.2	250	30	1.16e-05	51.6	terminal uridylyltransferase 4 isoform X8 [Homo sapiens]	TRUE	Tut4
XP_067523248.1	XP_047272305.1	0	N/A	23.2	250	30	1.18e-05	51.6	terminal uridylyltransferase 4 isoform X17 [Homo sapiens]	TRUE	Tut4
XP_067523248.1	XP_047272296.1	0	N/A	23.2	250	30	1.18e-05	51.6	terminal uridylyltransferase 4 isoform X13 [Homo sapiens]	TRUE	Tut4
XP_067523248.1	XP_047272295.1	0	N/A	23.2	250	30	1.2e-05	51.6	terminal uridylyltransferase 4 isoform X12 [Homo sapiens]	TRUE	Tut4
XP_067523248.1	XP_047272290.1	0	N/A	23.2	250	30	1.22e-05	51.6	terminal uridylyltransferase 4 isoform X11 [Homo sapiens]	TRUE	Tut4
XP_067523248.1	XP_016856297.1	0	N/A	23.2	250	30	1.27e-05	51.6	terminal uridylyltransferase 4 isoform X36 [Homo sapiens]	TRUE	Tut4
XP_067523248.1	XP_047272365.1	0	N/A	23.2	250	30	1.31e-05	51.6	terminal uridylyltransferase 4 isoform X38 [Homo sapiens]	TRUE	Tut4
XP_067523248.1	XP_047272345.1	0	N/A	23.2	250	30	1.32e-05	51.6	terminal uridylyltransferase 4 isoform X31 [Homo sapiens]	TRUE	Tut4
XP_067523248.1	XP_005270739.1	0	N/A	23.2	250	30	1.36e-05	51.6	terminal uridylyltransferase 4 isoform X33 [Homo sapiens]	TRUE	Tut4
XP_067523248.1	XP_011539401.1	0	N/A	23.2	250	30	1.36e-05	51.6	terminal uridylyltransferase 4 isoform X29 [Homo sapiens]	TRUE	Tut4
XP_067523248.1	XP_016856295.1	0	N/A	23.2	250	30	1.4e-05	51.2	terminal uridylyltransferase 4 isoform X25 [Homo sapiens]	TRUE	Tut4
XP_067523248.1	XP_047272325.1	0	N/A	23.2	250	30	1.4e-05	51.2	terminal uridylyltransferase 4 isoform X23 [Homo sapiens]	TRUE	Tut4
XP_067523248.1	XP_016856299.1	0	N/A	23.2	250	30	1.41e-05	51.2	terminal uridylyltransferase 4 isoform X40 [Homo sapiens]	TRUE	Tut4
XP_067523248.1	XP_016856296.1	0	N/A	23.2	250	30	1.45e-05	51.2	terminal uridylyltransferase 4 isoform X28 [Homo sapiens]	TRUE	Tut4
XP_067523248.1	XP_047272372.1	0	N/A	23.2	250	30	1.48e-05	51.2	terminal uridylyltransferase 4 isoform X42 [Homo sapiens]	TRUE	Tut4
XP_067523248.1	XP_047272337.1	0	N/A	23.2	250	30	1.55e-05	51.2	terminal uridylyltransferase 4 isoform X27 [Homo sapiens]	TRUE	Tut4
XP_067523248.1	XP_047272350.1	0	N/A	23.2	250	30	1.58e-05	51.2	terminal uridylyltransferase 4 isoform X34 [Homo sapiens]	TRUE	Tut4
XP_067523248.1	XP_047272344.1	0	N/A	23.2	250	30	1.64e-05	51.2	terminal uridylyltransferase 4 isoform X30 [Homo sapiens]	TRUE	Tut4
XP_067523248.1	XP_047272384.1	0	N/A	23.2	250	30	5.94e-05	49.3	terminal uridylyltransferase 4 isoform X46 [Homo sapiens]	TRUE	Tut4
XP_067526706.1	XP_016856295.1	0	N/A	35	200	72	2.74e-27	112	terminal uridylyltransferase 4 isoform X25 [Homo sapiens]	TRUE	Tut4
XP_067526706.1	XP_011539401.1	0	N/A	35	200	72	2.76e-27	112	terminal uridylyltransferase 4 isoform X29 [Homo sapiens]	TRUE	Tut4
XP_067526706.1	XP_047272345.1	0	N/A	35	200	72	2.9e-27	112	terminal uridylyltransferase 4 isoform X31 [Homo sapiens]	TRUE	Tut4
XP_067526706.1	XP_047272344.1	0	N/A	35	200	72	2.9e-27	112	terminal uridylyltransferase 4 isoform X30 [Homo sapiens]	TRUE	Tut4
XP_067526706.1	XP_047272325.1	0	N/A	35	200	72	2.93e-27	112	terminal uridylyltransferase 4 isoform X23 [Homo sapiens]	TRUE	Tut4
XP_067526706.1	XP_005270739.1	0	N/A	35	200	72	2.95e-27	112	terminal uridylyltransferase 4 isoform X33 [Homo sapiens]	TRUE	Tut4
XP_067526706.1	XP_047272280.1	0	N/A	35	200	72	3.09e-27	112	terminal uridylyltransferase 4 isoform X3 [Homo sapiens]	TRUE	Tut4
XP_067526706.1	XP_005270736.1	0	N/A	35	200	72	3.09e-27	112	terminal uridylyltransferase 4 isoform X3 [Homo sapiens]	TRUE	Tut4
XP_067526706.1	XP_011539399.1	0	N/A	35	200	72	3.09e-27	112	terminal uridylyltransferase 4 isoform X1 [Homo sapiens]	TRUE	Tut4
XP_067526706.1	XP_005270733.1	0	N/A	35	200	72	3.09e-27	112	terminal uridylyltransferase 4 isoform X1 [Homo sapiens]	TRUE	Tut4
XP_067526706.1	XP_016856297.1	0	N/A	35	200	72	3.12e-27	112	terminal uridylyltransferase 4 isoform X36 [Homo sapiens]	TRUE	Tut4
XP_067526706.1	XP_047272290.1	0	N/A	35	200	72	3.14e-27	112	terminal uridylyltransferase 4 isoform X11 [Homo sapiens]	TRUE	Tut4
XP_067526706.1	XP_005270735.1	0	N/A	35	200	72	3.18e-27	112	terminal uridylyltransferase 4 isoform X2 [Homo sapiens]	TRUE	Tut4
XP_067526706.1	XP_047272337.1	0	N/A	35	200	72	3.19e-27	112	terminal uridylyltransferase 4 isoform X27 [Homo sapiens]	TRUE	Tut4
XP_067526706.1	XP_047272296.1	0	N/A	35	200	72	3.23e-27	112	terminal uridylyltransferase 4 isoform X13 [Homo sapiens]	TRUE	Tut4
XP_067526706.1	XP_047272350.1	0	N/A	35	200	72	3.24e-27	112	terminal uridylyltransferase 4 isoform X34 [Homo sapiens]	TRUE	Tut4
XP_067526706.1	XP_016856292.1	0	N/A	35	200	72	3.27e-27	112	terminal uridylyltransferase 4 isoform X9 [Homo sapiens]	TRUE	Tut4
XP_067526706.1	XP_047272285.1	0	N/A	35	200	72	3.3e-27	112	terminal uridylyltransferase 4 isoform X7 [Homo sapiens]	TRUE	Tut4
XP_067526706.1	XP_047272286.1	0	N/A	35	200	72	3.33e-27	112	terminal uridylyltransferase 4 isoform X8 [Homo sapiens]	TRUE	Tut4
XP_067526706.1	XP_016856296.1	0	N/A	35	200	72	3.41e-27	112	terminal uridylyltransferase 4 isoform X28 [Homo sapiens]	TRUE	Tut4
XP_067526706.1	XP_047272295.1	0	N/A	35	200	72	3.42e-27	112	terminal uridylyltransferase 4 isoform X12 [Homo sapiens]	TRUE	Tut4
XP_067526706.1	XP_047272372.1	0	N/A	35	200	72	3.46e-27	112	terminal uridylyltransferase 4 isoform X42 [Homo sapiens]	TRUE	Tut4
XP_067526706.1	XP_047272305.1	0	N/A	35	200	72	3.56e-27	112	terminal uridylyltransferase 4 isoform X17 [Homo sapiens]	TRUE	Tut4
XP_067526706.1	XP_047272283.1	0	N/A	35	200	72	3.56e-27	112	terminal uridylyltransferase 4 isoform X6 [Homo sapiens]	TRUE	Tut4
XP_067526706.1	XP_005270737.1	0	N/A	35	200	72	3.56e-27	112	terminal uridylyltransferase 4 isoform X6 [Homo sapiens]	TRUE	Tut4
XP_067526706.1	XP_047272384.1	0	N/A	35	200	72	3.62e-27	112	terminal uridylyltransferase 4 isoform X46 [Homo sapiens]	TRUE	Tut4
XP_067526706.1	XP_016856299.1	0	N/A	35	200	72	3.63e-27	112	terminal uridylyltransferase 4 isoform X40 [Homo sapiens]	TRUE	Tut4
XP_067526706.1	XP_047272282.1	0	N/A	35	200	72	3.67e-27	112	terminal uridylyltransferase 4 isoform X5 [Homo sapiens]	TRUE	Tut4
XP_067526706.1	NP_056084.1	0	N/A	35	200	72	3.67e-27	112	terminal uridylyltransferase 4 isoform b [Homo sapiens]	TRUE	Tut4
XP_067526706.1	XP_047272281.1	0	N/A	35	200	72	3.74e-27	112	terminal uridylyltransferase 4 isoform X4 [Homo sapiens]	TRUE	Tut4
XP_067526706.1	NP_001009881.1	0	N/A	35	200	72	3.74e-27	112	terminal uridylyltransferase 4 isoform a [Homo sapiens]	TRUE	Tut4
XP_067526706.1	XP_047272365.1	0	N/A	35	200	72	3.74e-27	112	terminal uridylyltransferase 4 isoform X38 [Homo sapiens]	TRUE	Tut4
XP_067526706.1	XP_047272288.1	0	N/A	35	200	72	3.77e-27	112	terminal uridylyltransferase 4 isoform X10 [Homo sapiens]	TRUE	Tut4
XP_067526706.1	XP_016856293.1	0	N/A	35	200	72	4.06e-27	112	terminal uridylyltransferase 4 isoform X16 [Homo sapiens]	TRUE	Tut4
XP_067526706.1	XP_047272820.1	0	N/A	35.028	177	62	9.59e-26	103	poly(A) RNA polymerase GLD2 isoform X11 [Homo sapiens]	TRUE	TENT2
XP_067526706.1	NP_001336477.1	0	N/A	35.028	177	62	1.94e-25	103	poly(A) RNA polymerase GLD2 isoform 4 [Homo sapiens]	TRUE	TENT2
XP_067526706.1	NP_001375066.1	0	N/A	35.294	170	61	7.36e-25	102	poly(A) RNA polymerase GLD2 isoform 15 [Homo sapiens]	TRUE	TENT2
XP_067526706.1	XP_005252265.1	0	N/A	35.359	181	64	1.19e-24	105	terminal uridylyltransferase 7 isoform X7 [Homo sapiens]	TRUE	Tut7
XP_067526706.1	NP_001317647.1	0	N/A	35.359	181	64	1.23e-24	105	terminal uridylyltransferase 7 isoform 3 [Homo sapiens]	TRUE	Tut7
XP_067526706.1	NP_001172003.1	0	N/A	35.359	181	64	1.3e-24	105	terminal uridylyltransferase 7 isoform 2 [Homo sapiens]	TRUE	Tut7
XP_067526706.1	XP_016870620.1	0	N/A	35.359	181	64	1.38e-24	105	terminal uridylyltransferase 7 isoform X4 [Homo sapiens]	TRUE	Tut7
XP_067526706.1	XP_016870619.1	0	N/A	35.359	181	64	1.38e-24	105	terminal uridylyltransferase 7 isoform X4 [Homo sapiens]	TRUE	Tut7
XP_067526706.1	NP_078893.2	0	N/A	35.359	181	64	1.38e-24	105	terminal uridylyltransferase 7 isoform 1 [Homo sapiens]	TRUE	Tut7
XP_067526706.1	NP_001171988.1	0	N/A	35.359	181	64	1.38e-24	105	terminal uridylyltransferase 7 isoform 1 [Homo sapiens]	TRUE	Tut7
XP_067526706.1	XP_011517317.1	0	N/A	35.359	181	64	1.39e-24	105	terminal uridylyltransferase 7 isoform X3 [Homo sapiens]	TRUE	Tut7
XP_067526706.1	XP_047279825.1	0	N/A	35.359	181	64	1.41e-24	105	terminal uridylyltransferase 7 isoform X6 [Homo sapiens]	TRUE	Tut7
XP_067526706.1	XP_047279824.1	0	N/A	35.359	181	64	1.41e-24	105	terminal uridylyltransferase 7 isoform X6 [Homo sapiens]	TRUE	Tut7
XP_067526706.1	XP_005252264.1	0	N/A	35.359	181	64	1.41e-24	105	terminal uridylyltransferase 7 isoform X6 [Homo sapiens]	TRUE	Tut7
XP_067526706.1	XP_047279823.1	0	N/A	35.359	181	64	1.43e-24	105	terminal uridylyltransferase 7 isoform X2 [Homo sapiens]	TRUE	Tut7
XP_067526706.1	XP_006717346.1	0	N/A	35.359	181	64	1.43e-24	105	terminal uridylyltransferase 7 isoform X2 [Homo sapiens]	TRUE	Tut7
XP_067526706.1	XP_011517318.1	0	N/A	35.359	181	64	1.44e-24	105	terminal uridylyltransferase 7 isoform X5 [Homo sapiens]	TRUE	Tut7
XP_067526706.1	XP_011517316.1	0	N/A	33.163	196	70	1.46e-24	105	terminal uridylyltransferase 7 isoform X1 [Homo sapiens]	TRUE	Tut7
XP_067526706.1	XP_011517315.1	0	N/A	33.163	196	70	1.46e-24	105	terminal uridylyltransferase 7 isoform X1 [Homo sapiens]	TRUE	Tut7
XP_067526706.1	XP_011517314.1	0	N/A	33.163	196	70	1.46e-24	105	terminal uridylyltransferase 7 isoform X1 [Homo sapiens]	TRUE	Tut7
XP_067526706.1	XP_011517313.1	0	N/A	33.163	196	70	1.46e-24	105	terminal uridylyltransferase 7 isoform X1 [Homo sapiens]	TRUE	Tut7
XP_067526706.1	NP_001375065.1	0	N/A	35.028	177	62	1.56e-24	102	poly(A) RNA polymerase GLD2 isoform 14 [Homo sapiens]	TRUE	TENT2
XP_067526706.1	NP_001375061.1	0	N/A	35.028	177	62	3.78e-24	102	poly(A) RNA polymerase GLD2 isoform 12 [Homo sapiens]	TRUE	TENT2
XP_067526706.1	NP_001375059.1	0	N/A	35.028	177	62	4.35e-24	102	poly(A) RNA polymerase GLD2 isoform 10 [Homo sapiens]	TRUE	TENT2
XP_067526706.1	XP_047272811.1	0	N/A	35.028	177	62	4.37e-24	102	poly(A) RNA polymerase GLD2 isoform X4 [Homo sapiens]	TRUE	TENT2
XP_067526706.1	XP_047272810.1	0	N/A	35.028	177	62	4.37e-24	102	poly(A) RNA polymerase GLD2 isoform X4 [Homo sapiens]	TRUE	TENT2
XP_067526706.1	XP_047272809.1	0	N/A	35.028	177	62	4.37e-24	102	poly(A) RNA polymerase GLD2 isoform X4 [Homo sapiens]	TRUE	TENT2
XP_067526706.1	NP_001375058.1	0	N/A	35.028	177	62	4.37e-24	102	poly(A) RNA polymerase GLD2 isoform 2 [Homo sapiens]	TRUE	TENT2
XP_067526706.1	NP_001375057.1	0	N/A	35.028	177	62	4.37e-24	102	poly(A) RNA polymerase GLD2 isoform 2 [Homo sapiens]	TRUE	TENT2
XP_067526706.1	NP_001375056.1	0	N/A	35.028	177	62	4.37e-24	102	poly(A) RNA polymerase GLD2 isoform 2 [Homo sapiens]	TRUE	TENT2
XP_067526706.1	NP_001375055.1	0	N/A	35.028	177	62	4.37e-24	102	poly(A) RNA polymerase GLD2 isoform 2 [Homo sapiens]	TRUE	TENT2
XP_067526706.1	NP_001375054.1	0	N/A	35.028	177	62	4.37e-24	102	poly(A) RNA polymerase GLD2 isoform 2 [Homo sapiens]	TRUE	TENT2
XP_067526706.1	NP_001375053.1	0	N/A	35.028	177	62	4.37e-24	102	poly(A) RNA polymerase GLD2 isoform 2 [Homo sapiens]	TRUE	TENT2
XP_067526706.1	NP_001375052.1	0	N/A	35.028	177	62	4.37e-24	102	poly(A) RNA polymerase GLD2 isoform 2 [Homo sapiens]	TRUE	TENT2
XP_067526706.1	NP_001375051.1	0	N/A	35.028	177	62	4.37e-24	102	poly(A) RNA polymerase GLD2 isoform 2 [Homo sapiens]	TRUE	TENT2
XP_067526706.1	NP_001375050.1	0	N/A	35.028	177	62	4.37e-24	102	poly(A) RNA polymerase GLD2 isoform 2 [Homo sapiens]	TRUE	TENT2
XP_067526706.1	NP_001375049.1	0	N/A	35.028	177	62	4.37e-24	102	poly(A) RNA polymerase GLD2 isoform 2 [Homo sapiens]	TRUE	TENT2
XP_067526706.1	NP_001375048.1	0	N/A	35.028	177	62	4.37e-24	102	poly(A) RNA polymerase GLD2 isoform 2 [Homo sapiens]	TRUE	TENT2
XP_067526706.1	NP_001375047.1	0	N/A	35.028	177	62	4.37e-24	102	poly(A) RNA polymerase GLD2 isoform 2 [Homo sapiens]	TRUE	TENT2
XP_067526706.1	NP_001375046.1	0	N/A	35.028	177	62	4.37e-24	102	poly(A) RNA polymerase GLD2 isoform 2 [Homo sapiens]	TRUE	TENT2
XP_067526706.1	NP_001375045.1	0	N/A	35.028	177	62	4.37e-24	102	poly(A) RNA polymerase GLD2 isoform 2 [Homo sapiens]	TRUE	TENT2
XP_067526706.1	NP_001375044.1	0	N/A	35.028	177	62	4.37e-24	102	poly(A) RNA polymerase GLD2 isoform 2 [Homo sapiens]	TRUE	TENT2
XP_067526706.1	NP_001375043.1	0	N/A	35.028	177	62	4.37e-24	102	poly(A) RNA polymerase GLD2 isoform 2 [Homo sapiens]	TRUE	TENT2
XP_067526706.1	NP_001336483.1	0	N/A	35.028	177	62	4.37e-24	102	poly(A) RNA polymerase GLD2 isoform 2 [Homo sapiens]	TRUE	TENT2
XP_067526706.1	NP_001284673.1	0	N/A	35.028	177	62	4.37e-24	102	poly(A) RNA polymerase GLD2 isoform 2 [Homo sapiens]	TRUE	TENT2
XP_067526706.1	NP_001375060.1	0	N/A	35.028	177	62	4.65e-24	102	poly(A) RNA polymerase GLD2 isoform 11 [Homo sapiens]	TRUE	TENT2
XP_067526706.1	NP_001375027.1	0	N/A	35.028	177	62	4.8e-24	102	poly(A) RNA polymerase GLD2 isoform 7 [Homo sapiens]	TRUE	TENT2
XP_067526706.1	NP_001375030.1	0	N/A	35.028	177	62	4.9e-24	102	poly(A) RNA polymerase GLD2 isoform 9 [Homo sapiens]	TRUE	TENT2
XP_067526706.1	NP_001375042.1	0	N/A	35.028	177	62	5.15e-24	102	poly(A) RNA polymerase GLD2 isoform 16 [Homo sapiens]	TRUE	TENT2
XP_067526706.1	XP_047272805.1	0	N/A	35.028	177	62	5.17e-24	102	poly(A) RNA polymerase GLD2 isoform X2 [Homo sapiens]	TRUE	TENT2
XP_067526706.1	XP_047272804.1	0	N/A	35.028	177	62	5.17e-24	102	poly(A) RNA polymerase GLD2 isoform X2 [Homo sapiens]	TRUE	TENT2
XP_067526706.1	XP_047272803.1	0	N/A	35.028	177	62	5.17e-24	102	poly(A) RNA polymerase GLD2 isoform X2 [Homo sapiens]	TRUE	TENT2
XP_067526706.1	XP_047272802.1	0	N/A	35.028	177	62	5.17e-24	102	poly(A) RNA polymerase GLD2 isoform X2 [Homo sapiens]	TRUE	TENT2
XP_067526706.1	XP_016864641.1	0	N/A	35.028	177	62	5.17e-24	102	poly(A) RNA polymerase GLD2 isoform X2 [Homo sapiens]	TRUE	TENT2
XP_067526706.1	NP_001375026.1	0	N/A	35.028	177	62	5.17e-24	102	poly(A) RNA polymerase GLD2 isoform 6 [Homo sapiens]	TRUE	TENT2
XP_067526706.1	NP_001375025.1	0	N/A	35.028	177	62	5.17e-24	102	poly(A) RNA polymerase GLD2 isoform 6 [Homo sapiens]	TRUE	TENT2
XP_067526706.1	NP_001375024.1	0	N/A	35.028	177	62	5.17e-24	102	poly(A) RNA polymerase GLD2 isoform 6 [Homo sapiens]	TRUE	TENT2
XP_067526706.1	NP_001336480.1	0	N/A	35.028	177	62	5.17e-24	102	poly(A) RNA polymerase GLD2 isoform 6 [Homo sapiens]	TRUE	TENT2
XP_067526706.1	XP_047272808.1	0	N/A	35.028	177	62	5.39e-24	102	poly(A) RNA polymerase GLD2 isoform X3 [Homo sapiens]	TRUE	TENT2
XP_067526706.1	XP_047272807.1	0	N/A	35.028	177	62	5.39e-24	102	poly(A) RNA polymerase GLD2 isoform X3 [Homo sapiens]	TRUE	TENT2
XP_067526706.1	XP_047272806.1	0	N/A	35.028	177	62	5.39e-24	102	poly(A) RNA polymerase GLD2 isoform X3 [Homo sapiens]	TRUE	TENT2
XP_067526706.1	NP_776158.2	0	N/A	35.028	177	62	5.39e-24	102	poly(A) RNA polymerase GLD2 isoform 1 [Homo sapiens]	TRUE	TENT2
XP_067526706.1	NP_001375041.1	0	N/A	35.028	177	62	5.39e-24	102	poly(A) RNA polymerase GLD2 isoform 1 [Homo sapiens]	TRUE	TENT2
XP_067526706.1	NP_001375040.1	0	N/A	35.028	177	62	5.39e-24	102	poly(A) RNA polymerase GLD2 isoform 1 [Homo sapiens]	TRUE	TENT2
XP_067526706.1	NP_001375039.1	0	N/A	35.028	177	62	5.39e-24	102	poly(A) RNA polymerase GLD2 isoform 1 [Homo sapiens]	TRUE	TENT2
XP_067526706.1	NP_001375038.1	0	N/A	35.028	177	62	5.39e-24	102	poly(A) RNA polymerase GLD2 isoform 1 [Homo sapiens]	TRUE	TENT2
XP_067526879.1	NP_001317647.1	0	N/A	35.857	251	39	2.26e-32	134	terminal uridylyltransferase 7 isoform 3 [Homo sapiens]	TRUE	Tut7
XP_067526879.1	XP_047279823.1	0	N/A	35.857	251	39	2.81e-32	135	terminal uridylyltransferase 7 isoform X2 [Homo sapiens]	TRUE	Tut7
XP_067526879.1	XP_006717346.1	0	N/A	35.857	251	39	2.81e-32	135	terminal uridylyltransferase 7 isoform X2 [Homo sapiens]	TRUE	Tut7
XP_067526879.1	XP_011517317.1	0	N/A	35.857	251	39	2.99e-32	135	terminal uridylyltransferase 7 isoform X3 [Homo sapiens]	TRUE	Tut7
XP_067526879.1	XP_047279825.1	0	N/A	35.857	251	39	3.06e-32	135	terminal uridylyltransferase 7 isoform X6 [Homo sapiens]	TRUE	Tut7
XP_067526879.1	XP_047279824.1	0	N/A	35.857	251	39	3.06e-32	135	terminal uridylyltransferase 7 isoform X6 [Homo sapiens]	TRUE	Tut7
XP_067526879.1	XP_005252264.1	0	N/A	35.857	251	39	3.06e-32	135	terminal uridylyltransferase 7 isoform X6 [Homo sapiens]	TRUE	Tut7
XP_067526879.1	XP_011517318.1	0	N/A	35.857	251	39	3.15e-32	134	terminal uridylyltransferase 7 isoform X5 [Homo sapiens]	TRUE	Tut7
XP_067526879.1	XP_016870620.1	0	N/A	35.857	251	39	3.16e-32	134	terminal uridylyltransferase 7 isoform X4 [Homo sapiens]	TRUE	Tut7
XP_067526879.1	XP_016870619.1	0	N/A	35.857	251	39	3.16e-32	134	terminal uridylyltransferase 7 isoform X4 [Homo sapiens]	TRUE	Tut7
XP_067526879.1	NP_078893.2	0	N/A	35.857	251	39	3.16e-32	134	terminal uridylyltransferase 7 isoform 1 [Homo sapiens]	TRUE	Tut7
XP_067526879.1	NP_001171988.1	0	N/A	35.857	251	39	3.16e-32	134	terminal uridylyltransferase 7 isoform 1 [Homo sapiens]	TRUE	Tut7
XP_067526879.1	XP_005252265.1	0	N/A	35.857	251	39	3.34e-32	134	terminal uridylyltransferase 7 isoform X7 [Homo sapiens]	TRUE	Tut7
XP_067526879.1	XP_011517316.1	0	N/A	35.857	251	39	3.7e-32	134	terminal uridylyltransferase 7 isoform X1 [Homo sapiens]	TRUE	Tut7
XP_067526879.1	XP_011517315.1	0	N/A	35.857	251	39	3.7e-32	134	terminal uridylyltransferase 7 isoform X1 [Homo sapiens]	TRUE	Tut7
XP_067526879.1	XP_011517314.1	0	N/A	35.857	251	39	3.7e-32	134	terminal uridylyltransferase 7 isoform X1 [Homo sapiens]	TRUE	Tut7
XP_067526879.1	XP_011517313.1	0	N/A	35.857	251	39	3.7e-32	134	terminal uridylyltransferase 7 isoform X1 [Homo sapiens]	TRUE	Tut7
XP_067526879.1	XP_016856297.1	0	N/A	34.137	249	39	2.29e-29	126	terminal uridylyltransferase 4 isoform X36 [Homo sapiens]	TRUE	Tut4
XP_067526879.1	XP_005270739.1	0	N/A	34.137	249	39	2.31e-29	126	terminal uridylyltransferase 4 isoform X33 [Homo sapiens]	TRUE	Tut4
XP_067526879.1	XP_011539399.1	0	N/A	34.137	249	39	2.43e-29	126	terminal uridylyltransferase 4 isoform X1 [Homo sapiens]	TRUE	Tut4
XP_067526879.1	XP_005270733.1	0	N/A	34.137	249	39	2.43e-29	126	terminal uridylyltransferase 4 isoform X1 [Homo sapiens]	TRUE	Tut4
XP_067526879.1	XP_011539401.1	0	N/A	34.137	249	39	2.47e-29	125	terminal uridylyltransferase 4 isoform X29 [Homo sapiens]	TRUE	Tut4
XP_067526879.1	XP_047272280.1	0	N/A	34.137	249	39	2.47e-29	126	terminal uridylyltransferase 4 isoform X3 [Homo sapiens]	TRUE	Tut4
XP_067526879.1	XP_005270736.1	0	N/A	34.137	249	39	2.47e-29	126	terminal uridylyltransferase 4 isoform X3 [Homo sapiens]	TRUE	Tut4
XP_067526879.1	XP_005270735.1	0	N/A	34.137	249	39	2.52e-29	125	terminal uridylyltransferase 4 isoform X2 [Homo sapiens]	TRUE	Tut4
XP_067526879.1	XP_047272345.1	0	N/A	34.137	249	39	2.55e-29	125	terminal uridylyltransferase 4 isoform X31 [Homo sapiens]	TRUE	Tut4
XP_067526879.1	XP_047272285.1	0	N/A	34.137	249	39	2.57e-29	125	terminal uridylyltransferase 4 isoform X7 [Homo sapiens]	TRUE	Tut4
XP_067526879.1	XP_047272290.1	0	N/A	34.137	249	39	2.64e-29	125	terminal uridylyltransferase 4 isoform X11 [Homo sapiens]	TRUE	Tut4
XP_067526879.1	XP_016856292.1	0	N/A	34.137	249	39	2.69e-29	125	terminal uridylyltransferase 4 isoform X9 [Homo sapiens]	TRUE	Tut4
XP_067526879.1	XP_047272325.1	0	N/A	34.137	249	39	2.72e-29	125	terminal uridylyltransferase 4 isoform X23 [Homo sapiens]	TRUE	Tut4
XP_067526879.1	XP_047272286.1	0	N/A	34.137	249	39	2.77e-29	125	terminal uridylyltransferase 4 isoform X8 [Homo sapiens]	TRUE	Tut4
XP_067526879.1	XP_047272384.1	0	N/A	34.137	249	39	2.81e-29	125	terminal uridylyltransferase 4 isoform X46 [Homo sapiens]	TRUE	Tut4
XP_067526879.1	XP_047272365.1	0	N/A	34.137	249	39	2.86e-29	125	terminal uridylyltransferase 4 isoform X38 [Homo sapiens]	TRUE	Tut4
XP_067526879.1	XP_016856299.1	0	N/A	34.137	249	39	2.88e-29	125	terminal uridylyltransferase 4 isoform X40 [Homo sapiens]	TRUE	Tut4
XP_067526879.1	XP_047272344.1	0	N/A	34.137	249	39	2.93e-29	125	terminal uridylyltransferase 4 isoform X30 [Homo sapiens]	TRUE	Tut4
XP_067526879.1	XP_016856295.1	0	N/A	34.137	249	39	2.94e-29	125	terminal uridylyltransferase 4 isoform X25 [Homo sapiens]	TRUE	Tut4
XP_067526879.1	XP_047272372.1	0	N/A	34.137	249	39	2.95e-29	125	terminal uridylyltransferase 4 isoform X42 [Homo sapiens]	TRUE	Tut4
XP_067526879.1	XP_047272296.1	0	N/A	34.137	249	39	3.43e-29	125	terminal uridylyltransferase 4 isoform X13 [Homo sapiens]	TRUE	Tut4
XP_067526879.1	XP_047272305.1	0	N/A	34.137	249	39	3.46e-29	125	terminal uridylyltransferase 4 isoform X17 [Homo sapiens]	TRUE	Tut4
XP_067526879.1	XP_016856293.1	0	N/A	34.137	249	39	3.49e-29	125	terminal uridylyltransferase 4 isoform X16 [Homo sapiens]	TRUE	Tut4
XP_067526879.1	XP_047272295.1	0	N/A	34.137	249	39	3.49e-29	125	terminal uridylyltransferase 4 isoform X12 [Homo sapiens]	TRUE	Tut4
XP_067526879.1	XP_047272281.1	0	N/A	34.137	249	39	3.55e-29	125	terminal uridylyltransferase 4 isoform X4 [Homo sapiens]	TRUE	Tut4
XP_067526879.1	NP_001009881.1	0	N/A	34.137	249	39	3.55e-29	125	terminal uridylyltransferase 4 isoform a [Homo sapiens]	TRUE	Tut4
XP_067526879.1	XP_047272282.1	0	N/A	34.137	249	39	3.58e-29	125	terminal uridylyltransferase 4 isoform X5 [Homo sapiens]	TRUE	Tut4
XP_067526879.1	NP_056084.1	0	N/A	34.137	249	39	3.58e-29	125	terminal uridylyltransferase 4 isoform b [Homo sapiens]	TRUE	Tut4
XP_067526879.1	XP_047272288.1	0	N/A	34.137	249	39	3.59e-29	125	terminal uridylyltransferase 4 isoform X10 [Homo sapiens]	TRUE	Tut4
XP_067526879.1	XP_047272350.1	0	N/A	34.137	249	39	3.62e-29	125	terminal uridylyltransferase 4 isoform X34 [Homo sapiens]	TRUE	Tut4
XP_067526879.1	XP_047272337.1	0	N/A	34.137	249	39	3.65e-29	125	terminal uridylyltransferase 4 isoform X27 [Homo sapiens]	TRUE	Tut4
XP_067526879.1	XP_016856296.1	0	N/A	34.137	249	39	3.75e-29	125	terminal uridylyltransferase 4 isoform X28 [Homo sapiens]	TRUE	Tut4
XP_067526879.1	XP_047272283.1	0	N/A	34.137	249	39	3.81e-29	125	terminal uridylyltransferase 4 isoform X6 [Homo sapiens]	TRUE	Tut4
XP_067526879.1	XP_005270737.1	0	N/A	34.137	249	39	3.81e-29	125	terminal uridylyltransferase 4 isoform X6 [Homo sapiens]	TRUE	Tut4
XP_067526879.1	NP_001172003.1	0	N/A	35.808	229	36	1.22e-28	124	terminal uridylyltransferase 7 isoform 2 [Homo sapiens]	TRUE	Tut7
XP_067526879.1	NP_001375061.1	0	N/A	30.42	286	46	9.6e-26	112	poly(A) RNA polymerase GLD2 isoform 12 [Homo sapiens]	TRUE	TENT2
XP_067526879.1	XP_047272811.1	0	N/A	30.42	286	46	1.06e-25	112	poly(A) RNA polymerase GLD2 isoform X4 [Homo sapiens]	TRUE	TENT2
XP_067526879.1	XP_047272810.1	0	N/A	30.42	286	46	1.06e-25	112	poly(A) RNA polymerase GLD2 isoform X4 [Homo sapiens]	TRUE	TENT2
XP_067526879.1	XP_047272809.1	0	N/A	30.42	286	46	1.06e-25	112	poly(A) RNA polymerase GLD2 isoform X4 [Homo sapiens]	TRUE	TENT2
XP_067526879.1	NP_001375058.1	0	N/A	30.42	286	46	1.06e-25	112	poly(A) RNA polymerase GLD2 isoform 2 [Homo sapiens]	TRUE	TENT2
XP_067526879.1	NP_001375057.1	0	N/A	30.42	286	46	1.06e-25	112	poly(A) RNA polymerase GLD2 isoform 2 [Homo sapiens]	TRUE	TENT2
XP_067526879.1	NP_001375056.1	0	N/A	30.42	286	46	1.06e-25	112	poly(A) RNA polymerase GLD2 isoform 2 [Homo sapiens]	TRUE	TENT2
XP_067526879.1	NP_001375055.1	0	N/A	30.42	286	46	1.06e-25	112	poly(A) RNA polymerase GLD2 isoform 2 [Homo sapiens]	TRUE	TENT2
XP_067526879.1	NP_001375054.1	0	N/A	30.42	286	46	1.06e-25	112	poly(A) RNA polymerase GLD2 isoform 2 [Homo sapiens]	TRUE	TENT2
XP_067526879.1	NP_001375053.1	0	N/A	30.42	286	46	1.06e-25	112	poly(A) RNA polymerase GLD2 isoform 2 [Homo sapiens]	TRUE	TENT2
XP_067526879.1	NP_001375052.1	0	N/A	30.42	286	46	1.06e-25	112	poly(A) RNA polymerase GLD2 isoform 2 [Homo sapiens]	TRUE	TENT2
XP_067526879.1	NP_001375051.1	0	N/A	30.42	286	46	1.06e-25	112	poly(A) RNA polymerase GLD2 isoform 2 [Homo sapiens]	TRUE	TENT2
XP_067526879.1	NP_001375050.1	0	N/A	30.42	286	46	1.06e-25	112	poly(A) RNA polymerase GLD2 isoform 2 [Homo sapiens]	TRUE	TENT2
XP_067526879.1	NP_001375049.1	0	N/A	30.42	286	46	1.06e-25	112	poly(A) RNA polymerase GLD2 isoform 2 [Homo sapiens]	TRUE	TENT2
XP_067526879.1	NP_001375048.1	0	N/A	30.42	286	46	1.06e-25	112	poly(A) RNA polymerase GLD2 isoform 2 [Homo sapiens]	TRUE	TENT2
XP_067526879.1	NP_001375047.1	0	N/A	30.42	286	46	1.06e-25	112	poly(A) RNA polymerase GLD2 isoform 2 [Homo sapiens]	TRUE	TENT2
XP_067526879.1	NP_001375046.1	0	N/A	30.42	286	46	1.06e-25	112	poly(A) RNA polymerase GLD2 isoform 2 [Homo sapiens]	TRUE	TENT2
XP_067526879.1	NP_001375045.1	0	N/A	30.42	286	46	1.06e-25	112	poly(A) RNA polymerase GLD2 isoform 2 [Homo sapiens]	TRUE	TENT2
XP_067526879.1	NP_001375044.1	0	N/A	30.42	286	46	1.06e-25	112	poly(A) RNA polymerase GLD2 isoform 2 [Homo sapiens]	TRUE	TENT2
XP_067526879.1	NP_001375043.1	0	N/A	30.42	286	46	1.06e-25	112	poly(A) RNA polymerase GLD2 isoform 2 [Homo sapiens]	TRUE	TENT2
XP_067526879.1	NP_001336483.1	0	N/A	30.42	286	46	1.06e-25	112	poly(A) RNA polymerase GLD2 isoform 2 [Homo sapiens]	TRUE	TENT2
XP_067526879.1	NP_001284673.1	0	N/A	30.42	286	46	1.06e-25	112	poly(A) RNA polymerase GLD2 isoform 2 [Homo sapiens]	TRUE	TENT2
XP_067526879.1	NP_001375059.1	0	N/A	30.42	286	46	1.07e-25	112	poly(A) RNA polymerase GLD2 isoform 10 [Homo sapiens]	TRUE	TENT2
XP_067526879.1	NP_001375030.1	0	N/A	30.42	286	46	1.48e-25	112	poly(A) RNA polymerase GLD2 isoform 9 [Homo sapiens]	TRUE	TENT2
XP_067526879.1	NP_001375065.1	0	N/A	30.42	286	46	2.85e-25	109	poly(A) RNA polymerase GLD2 isoform 14 [Homo sapiens]	TRUE	TENT2
XP_067526879.1	XP_047272808.1	0	N/A	30.69	290	46	3.63e-25	111	poly(A) RNA polymerase GLD2 isoform X3 [Homo sapiens]	TRUE	TENT2
XP_067526879.1	XP_047272807.1	0	N/A	30.69	290	46	3.63e-25	111	poly(A) RNA polymerase GLD2 isoform X3 [Homo sapiens]	TRUE	TENT2
XP_067526879.1	XP_047272806.1	0	N/A	30.69	290	46	3.63e-25	111	poly(A) RNA polymerase GLD2 isoform X3 [Homo sapiens]	TRUE	TENT2
XP_067526879.1	NP_776158.2	0	N/A	30.69	290	46	3.63e-25	111	poly(A) RNA polymerase GLD2 isoform 1 [Homo sapiens]	TRUE	TENT2
XP_067526879.1	NP_001375041.1	0	N/A	30.69	290	46	3.63e-25	111	poly(A) RNA polymerase GLD2 isoform 1 [Homo sapiens]	TRUE	TENT2
XP_067526879.1	NP_001375040.1	0	N/A	30.69	290	46	3.63e-25	111	poly(A) RNA polymerase GLD2 isoform 1 [Homo sapiens]	TRUE	TENT2
XP_067526879.1	NP_001375039.1	0	N/A	30.69	290	46	3.63e-25	111	poly(A) RNA polymerase GLD2 isoform 1 [Homo sapiens]	TRUE	TENT2
XP_067526879.1	NP_001375038.1	0	N/A	30.69	290	46	3.63e-25	111	poly(A) RNA polymerase GLD2 isoform 1 [Homo sapiens]	TRUE	TENT2
XP_067526879.1	NP_001375037.1	0	N/A	30.69	290	46	3.63e-25	111	poly(A) RNA polymerase GLD2 isoform 1 [Homo sapiens]	TRUE	TENT2
XP_067526879.1	NP_001375036.1	0	N/A	30.69	290	46	3.63e-25	111	poly(A) RNA polymerase GLD2 isoform 1 [Homo sapiens]	TRUE	TENT2
XP_067526879.1	NP_001375035.1	0	N/A	30.69	290	46	3.63e-25	111	poly(A) RNA polymerase GLD2 isoform 1 [Homo sapiens]	TRUE	TENT2
XP_067526879.1	NP_001375034.1	0	N/A	30.69	290	46	3.63e-25	111	poly(A) RNA polymerase GLD2 isoform 1 [Homo sapiens]	TRUE	TENT2
XP_067526879.1	NP_001375032.1	0	N/A	30.69	290	46	3.63e-25	111	poly(A) RNA polymerase GLD2 isoform 1 [Homo sapiens]	TRUE	TENT2
XP_067526879.1	NP_001375031.1	0	N/A	30.69	290	46	3.63e-25	111	poly(A) RNA polymerase GLD2 isoform 1 [Homo sapiens]	TRUE	TENT2
XP_067526879.1	NP_001336482.1	0	N/A	30.69	290	46	3.63e-25	111	poly(A) RNA polymerase GLD2 isoform 1 [Homo sapiens]	TRUE	TENT2
XP_067526879.1	NP_001336481.1	0	N/A	30.69	290	46	3.63e-25	111	poly(A) RNA polymerase GLD2 isoform 1 [Homo sapiens]	TRUE	TENT2
XP_067526879.1	NP_001107866.1	0	N/A	30.69	290	46	3.63e-25	111	poly(A) RNA polymerase GLD2 isoform 1 [Homo sapiens]	TRUE	TENT2
XP_067526879.1	NP_001107865.1	0	N/A	30.69	290	46	3.63e-25	111	poly(A) RNA polymerase GLD2 isoform 1 [Homo sapiens]	TRUE	TENT2
XP_067526879.1	NP_001375060.1	0	N/A	30.69	290	46	3.7e-25	110	poly(A) RNA polymerase GLD2 isoform 11 [Homo sapiens]	TRUE	TENT2
XP_067526879.1	NP_001375042.1	0	N/A	30.69	290	46	4.03e-25	110	poly(A) RNA polymerase GLD2 isoform 16 [Homo sapiens]	TRUE	TENT2
XP_067526879.1	NP_001375029.1	0	N/A	30.69	290	46	5.8e-25	110	poly(A) RNA polymerase GLD2 isoform 8 [Homo sapiens]	TRUE	TENT2
XP_067526879.1	NP_001375028.1	0	N/A	30.69	290	46	5.8e-25	110	poly(A) RNA polymerase GLD2 isoform 8 [Homo sapiens]	TRUE	TENT2
XP_067526879.1	NP_001375027.1	0	N/A	29.26	311	46	1.25e-23	106	poly(A) RNA polymerase GLD2 isoform 7 [Homo sapiens]	TRUE	TENT2
XP_073392285.1	XP_047272811.1	0	N/A	26.966	356	35	9.8e-17	87	poly(A) RNA polymerase GLD2 isoform X4 [Homo sapiens]	TRUE	TENT2
XP_073392285.1	XP_047272810.1	0	N/A	26.966	356	35	9.8e-17	87	poly(A) RNA polymerase GLD2 isoform X4 [Homo sapiens]	TRUE	TENT2
XP_073392285.1	XP_047272809.1	0	N/A	26.966	356	35	9.8e-17	87	poly(A) RNA polymerase GLD2 isoform X4 [Homo sapiens]	TRUE	TENT2
XP_073392285.1	NP_001375058.1	0	N/A	26.966	356	35	9.8e-17	87	poly(A) RNA polymerase GLD2 isoform 2 [Homo sapiens]	TRUE	TENT2
XP_073392285.1	NP_001375057.1	0	N/A	26.966	356	35	9.8e-17	87	poly(A) RNA polymerase GLD2 isoform 2 [Homo sapiens]	TRUE	TENT2
XP_073392285.1	NP_001375056.1	0	N/A	26.966	356	35	9.8e-17	87	poly(A) RNA polymerase GLD2 isoform 2 [Homo sapiens]	TRUE	TENT2
XP_073392285.1	NP_001375055.1	0	N/A	26.966	356	35	9.8e-17	87	poly(A) RNA polymerase GLD2 isoform 2 [Homo sapiens]	TRUE	TENT2
XP_073392285.1	NP_001375054.1	0	N/A	26.966	356	35	9.8e-17	87	poly(A) RNA polymerase GLD2 isoform 2 [Homo sapiens]	TRUE	TENT2
XP_073392285.1	NP_001375053.1	0	N/A	26.966	356	35	9.8e-17	87	poly(A) RNA polymerase GLD2 isoform 2 [Homo sapiens]	TRUE	TENT2
XP_073392285.1	NP_001375052.1	0	N/A	26.966	356	35	9.8e-17	87	poly(A) RNA polymerase GLD2 isoform 2 [Homo sapiens]	TRUE	TENT2
XP_073392285.1	NP_001375051.1	0	N/A	26.966	356	35	9.8e-17	87	poly(A) RNA polymerase GLD2 isoform 2 [Homo sapiens]	TRUE	TENT2
XP_073392285.1	NP_001375050.1	0	N/A	26.966	356	35	9.8e-17	87	poly(A) RNA polymerase GLD2 isoform 2 [Homo sapiens]	TRUE	TENT2
XP_073392285.1	NP_001375049.1	0	N/A	26.966	356	35	9.8e-17	87	poly(A) RNA polymerase GLD2 isoform 2 [Homo sapiens]	TRUE	TENT2
XP_073392285.1	NP_001375048.1	0	N/A	26.966	356	35	9.8e-17	87	poly(A) RNA polymerase GLD2 isoform 2 [Homo sapiens]	TRUE	TENT2
XP_073392285.1	NP_001375047.1	0	N/A	26.966	356	35	9.8e-17	87	poly(A) RNA polymerase GLD2 isoform 2 [Homo sapiens]	TRUE	TENT2
XP_073392285.1	NP_001375046.1	0	N/A	26.966	356	35	9.8e-17	87	poly(A) RNA polymerase GLD2 isoform 2 [Homo sapiens]	TRUE	TENT2
XP_073392285.1	NP_001375045.1	0	N/A	26.966	356	35	9.8e-17	87	poly(A) RNA polymerase GLD2 isoform 2 [Homo sapiens]	TRUE	TENT2
XP_073392285.1	NP_001375044.1	0	N/A	26.966	356	35	9.8e-17	87	poly(A) RNA polymerase GLD2 isoform 2 [Homo sapiens]	TRUE	TENT2
XP_073392285.1	NP_001375043.1	0	N/A	26.966	356	35	9.8e-17	87	poly(A) RNA polymerase GLD2 isoform 2 [Homo sapiens]	TRUE	TENT2
XP_073392285.1	NP_001336483.1	0	N/A	26.966	356	35	9.8e-17	87	poly(A) RNA polymerase GLD2 isoform 2 [Homo sapiens]	TRUE	TENT2
XP_073392285.1	NP_001284673.1	0	N/A	26.966	356	35	9.8e-17	87	poly(A) RNA polymerase GLD2 isoform 2 [Homo sapiens]	TRUE	TENT2
XP_073392285.1	NP_001375059.1	0	N/A	26.966	356	35	1.06e-16	86.7	poly(A) RNA polymerase GLD2 isoform 10 [Homo sapiens]	TRUE	TENT2
XP_073392285.1	NP_001375061.1	0	N/A	26.966	356	35	1.11e-16	86.7	poly(A) RNA polymerase GLD2 isoform 12 [Homo sapiens]	TRUE	TENT2
XP_073392285.1	NP_060579.3	0	N/A	29.018	224	21	1.25e-16	87	poly(A) RNA polymerase, mitochondrial precursor [Homo sapiens]	TRUE	mtPAP
XP_073392285.1	NP_001317647.1	0	N/A	27.184	206	21	3.06e-16	86.3	terminal uridylyltransferase 7 isoform 3 [Homo sapiens]	TRUE	Tut7
XP_073392285.1	XP_047279823.1	0	N/A	27.184	206	21	3.29e-16	86.7	terminal uridylyltransferase 7 isoform X2 [Homo sapiens]	TRUE	Tut7
XP_073392285.1	XP_006717346.1	0	N/A	27.184	206	21	3.29e-16	86.7	terminal uridylyltransferase 7 isoform X2 [Homo sapiens]	TRUE	Tut7
XP_073392285.1	XP_047279825.1	0	N/A	25.378	331	33	3.45e-16	86.7	terminal uridylyltransferase 7 isoform X6 [Homo sapiens]	TRUE	Tut7
XP_073392285.1	XP_047279824.1	0	N/A	25.378	331	33	3.45e-16	86.7	terminal uridylyltransferase 7 isoform X6 [Homo sapiens]	TRUE	Tut7
XP_073392285.1	XP_005252264.1	0	N/A	25.378	331	33	3.45e-16	86.7	terminal uridylyltransferase 7 isoform X6 [Homo sapiens]	TRUE	Tut7
XP_073392285.1	XP_005252265.1	0	N/A	24.695	328	33	3.7e-16	86.7	terminal uridylyltransferase 7 isoform X7 [Homo sapiens]	TRUE	Tut7
XP_073392285.1	XP_016870620.1	0	N/A	27.184	206	21	3.77e-16	86.7	terminal uridylyltransferase 7 isoform X4 [Homo sapiens]	TRUE	Tut7
XP_073392285.1	XP_016870619.1	0	N/A	27.184	206	21	3.77e-16	86.7	terminal uridylyltransferase 7 isoform X4 [Homo sapiens]	TRUE	Tut7
XP_073392285.1	NP_078893.2	0	N/A	27.184	206	21	3.77e-16	86.7	terminal uridylyltransferase 7 isoform 1 [Homo sapiens]	TRUE	Tut7
XP_073392285.1	NP_001171988.1	0	N/A	27.184	206	21	3.77e-16	86.7	terminal uridylyltransferase 7 isoform 1 [Homo sapiens]	TRUE	Tut7
XP_073392285.1	XP_011517317.1	0	N/A	24.695	328	33	3.96e-16	86.7	terminal uridylyltransferase 7 isoform X3 [Homo sapiens]	TRUE	Tut7
XP_073392285.1	XP_011517318.1	0	N/A	25.378	331	33	4.03e-16	86.7	terminal uridylyltransferase 7 isoform X5 [Homo sapiens]	TRUE	Tut7
XP_073392285.1	XP_011517316.1	0	N/A	24.695	328	33	4.04e-16	86.7	terminal uridylyltransferase 7 isoform X1 [Homo sapiens]	TRUE	Tut7
XP_073392285.1	XP_011517315.1	0	N/A	24.695	328	33	4.04e-16	86.7	terminal uridylyltransferase 7 isoform X1 [Homo sapiens]	TRUE	Tut7
XP_073392285.1	XP_011517314.1	0	N/A	24.695	328	33	4.04e-16	86.7	terminal uridylyltransferase 7 isoform X1 [Homo sapiens]	TRUE	Tut7
XP_073392285.1	XP_011517313.1	0	N/A	24.695	328	33	4.04e-16	86.7	terminal uridylyltransferase 7 isoform X1 [Homo sapiens]	TRUE	Tut7
XP_073392285.1	NP_001375065.1	0	N/A	26.966	356	35	5.14e-16	83.6	poly(A) RNA polymerase GLD2 isoform 14 [Homo sapiens]	TRUE	TENT2
XP_073392285.1	NP_001375030.1	0	N/A	28.803	309	30	7.8e-16	84.3	poly(A) RNA polymerase GLD2 isoform 9 [Homo sapiens]	TRUE	TENT2
XP_073392285.1	NP_001375042.1	0	N/A	26.389	360	35	1.82e-15	82.8	poly(A) RNA polymerase GLD2 isoform 16 [Homo sapiens]	TRUE	TENT2
XP_073392285.1	XP_047272808.1	0	N/A	26.389	360	35	1.88e-15	82.8	poly(A) RNA polymerase GLD2 isoform X3 [Homo sapiens]	TRUE	TENT2
XP_073392285.1	XP_047272807.1	0	N/A	26.389	360	35	1.88e-15	82.8	poly(A) RNA polymerase GLD2 isoform X3 [Homo sapiens]	TRUE	TENT2
XP_073392285.1	XP_047272806.1	0	N/A	26.389	360	35	1.88e-15	82.8	poly(A) RNA polymerase GLD2 isoform X3 [Homo sapiens]	TRUE	TENT2
XP_073392285.1	NP_776158.2	0	N/A	26.389	360	35	1.88e-15	82.8	poly(A) RNA polymerase GLD2 isoform 1 [Homo sapiens]	TRUE	TENT2
XP_073392285.1	NP_001375041.1	0	N/A	26.389	360	35	1.88e-15	82.8	poly(A) RNA polymerase GLD2 isoform 1 [Homo sapiens]	TRUE	TENT2
XP_073392285.1	NP_001375040.1	0	N/A	26.389	360	35	1.88e-15	82.8	poly(A) RNA polymerase GLD2 isoform 1 [Homo sapiens]	TRUE	TENT2
XP_073392285.1	NP_001375039.1	0	N/A	26.389	360	35	1.88e-15	82.8	poly(A) RNA polymerase GLD2 isoform 1 [Homo sapiens]	TRUE	TENT2
XP_073392285.1	NP_001375038.1	0	N/A	26.389	360	35	1.88e-15	82.8	poly(A) RNA polymerase GLD2 isoform 1 [Homo sapiens]	TRUE	TENT2
XP_073392285.1	NP_001375037.1	0	N/A	26.389	360	35	1.88e-15	82.8	poly(A) RNA polymerase GLD2 isoform 1 [Homo sapiens]	TRUE	TENT2
XP_073392285.1	NP_001375036.1	0	N/A	26.389	360	35	1.88e-15	82.8	poly(A) RNA polymerase GLD2 isoform 1 [Homo sapiens]	TRUE	TENT2
XP_073392285.1	NP_001375035.1	0	N/A	26.389	360	35	1.88e-15	82.8	poly(A) RNA polymerase GLD2 isoform 1 [Homo sapiens]	TRUE	TENT2
XP_073392285.1	NP_001375034.1	0	N/A	26.389	360	35	1.88e-15	82.8	poly(A) RNA polymerase GLD2 isoform 1 [Homo sapiens]	TRUE	TENT2
XP_073392285.1	NP_001375032.1	0	N/A	26.389	360	35	1.88e-15	82.8	poly(A) RNA polymerase GLD2 isoform 1 [Homo sapiens]	TRUE	TENT2
XP_073392285.1	NP_001375031.1	0	N/A	26.389	360	35	1.88e-15	82.8	poly(A) RNA polymerase GLD2 isoform 1 [Homo sapiens]	TRUE	TENT2
XP_073392285.1	NP_001336482.1	0	N/A	26.389	360	35	1.88e-15	82.8	poly(A) RNA polymerase GLD2 isoform 1 [Homo sapiens]	TRUE	TENT2
XP_073392285.1	NP_001336481.1	0	N/A	26.389	360	35	1.88e-15	82.8	poly(A) RNA polymerase GLD2 isoform 1 [Homo sapiens]	TRUE	TENT2
XP_073392285.1	NP_001107866.1	0	N/A	26.389	360	35	1.88e-15	82.8	poly(A) RNA polymerase GLD2 isoform 1 [Homo sapiens]	TRUE	TENT2
XP_073392285.1	NP_001107865.1	0	N/A	26.389	360	35	1.88e-15	82.8	poly(A) RNA polymerase GLD2 isoform 1 [Homo sapiens]	TRUE	TENT2
XP_073392285.1	NP_001375060.1	0	N/A	26.389	360	35	2.31e-15	82.4	poly(A) RNA polymerase GLD2 isoform 11 [Homo sapiens]	TRUE	TENT2
XP_073392285.1	XP_047272820.1	0	N/A	29.181	281	27	5.68e-15	78.6	poly(A) RNA polymerase GLD2 isoform X11 [Homo sapiens]	TRUE	TENT2
XP_073392285.1	NP_001172003.1	0	N/A	28.063	253	25	6.65e-15	82.4	terminal uridylyltransferase 7 isoform 2 [Homo sapiens]	TRUE	Tut7
XP_073392285.1	XP_047272805.1	0	N/A	26.26	377	35	8.6e-15	80.9	poly(A) RNA polymerase GLD2 isoform X2 [Homo sapiens]	TRUE	TENT2
XP_073392285.1	XP_047272804.1	0	N/A	26.26	377	35	8.6e-15	80.9	poly(A) RNA polymerase GLD2 isoform X2 [Homo sapiens]	TRUE	TENT2
XP_073392285.1	XP_047272803.1	0	N/A	26.26	377	35	8.6e-15	80.9	poly(A) RNA polymerase GLD2 isoform X2 [Homo sapiens]	TRUE	TENT2
XP_073392285.1	XP_047272802.1	0	N/A	26.26	377	35	8.6e-15	80.9	poly(A) RNA polymerase GLD2 isoform X2 [Homo sapiens]	TRUE	TENT2
XP_073392285.1	XP_016864641.1	0	N/A	26.26	377	35	8.6e-15	80.9	poly(A) RNA polymerase GLD2 isoform X2 [Homo sapiens]	TRUE	TENT2
XP_073392285.1	NP_001375026.1	0	N/A	26.26	377	35	8.6e-15	80.9	poly(A) RNA polymerase GLD2 isoform 6 [Homo sapiens]	TRUE	TENT2
XP_073392285.1	NP_001375025.1	0	N/A	26.26	377	35	8.6e-15	80.9	poly(A) RNA polymerase GLD2 isoform 6 [Homo sapiens]	TRUE	TENT2
XP_073392285.1	NP_001375024.1	0	N/A	26.26	377	35	8.6e-15	80.9	poly(A) RNA polymerase GLD2 isoform 6 [Homo sapiens]	TRUE	TENT2
XP_073392285.1	NP_001336480.1	0	N/A	26.26	377	35	8.6e-15	80.9	poly(A) RNA polymerase GLD2 isoform 6 [Homo sapiens]	TRUE	TENT2
XP_073392285.1	NP_001375027.1	0	N/A	26.26	377	35	9.94e-15	80.9	poly(A) RNA polymerase GLD2 isoform 7 [Homo sapiens]	TRUE	TENT2
XP_073392285.1	NP_001336477.1	0	N/A	29.615	260	25	1.02e-14	77.8	poly(A) RNA polymerase GLD2 isoform 4 [Homo sapiens]	TRUE	TENT2
XP_073392285.1	NP_001375029.1	0	N/A	28.115	313	30	1.49e-14	80.1	poly(A) RNA polymerase GLD2 isoform 8 [Homo sapiens]	TRUE	TENT2
XP_073392285.1	NP_001375028.1	0	N/A	28.115	313	30	1.49e-14	80.1	poly(A) RNA polymerase GLD2 isoform 8 [Homo sapiens]	TRUE	TENT2
XP_073392285.1	XP_047272801.1	0	N/A	28.674	279	27	1.54e-14	80.1	poly(A) RNA polymerase GLD2 isoform X1 [Homo sapiens]	TRUE	TENT2
XP_073392285.1	XP_047272800.1	0	N/A	28.674	279	27	1.54e-14	80.1	poly(A) RNA polymerase GLD2 isoform X1 [Homo sapiens]	TRUE	TENT2
XP_073392285.1	XP_011541527.1	0	N/A	28.674	279	27	1.54e-14	80.1	poly(A) RNA polymerase GLD2 isoform X1 [Homo sapiens]	TRUE	TENT2
XP_073392285.1	XP_011541526.1	0	N/A	28.674	279	27	1.54e-14	80.1	poly(A) RNA polymerase GLD2 isoform X1 [Homo sapiens]	TRUE	TENT2
XP_073392285.1	XP_011541523.1	0	N/A	28.674	279	27	1.54e-14	80.1	poly(A) RNA polymerase GLD2 isoform X1 [Homo sapiens]	TRUE	TENT2
XP_073392285.1	XP_011541522.1	0	N/A	28.674	279	27	1.54e-14	80.1	poly(A) RNA polymerase GLD2 isoform X1 [Homo sapiens]	TRUE	TENT2
XP_073392285.1	NP_001375023.1	0	N/A	28.674	279	27	1.54e-14	80.1	poly(A) RNA polymerase GLD2 isoform 5 [Homo sapiens]	TRUE	TENT2
XP_073392285.1	NP_001375022.1	0	N/A	28.674	279	27	1.54e-14	80.1	poly(A) RNA polymerase GLD2 isoform 5 [Homo sapiens]	TRUE	TENT2
XP_073392285.1	NP_001336479.1	0	N/A	28.674	279	27	1.54e-14	80.1	poly(A) RNA polymerase GLD2 isoform 5 [Homo sapiens]	TRUE	TENT2
XP_073392285.1	NP_001336478.1	0	N/A	28.674	279	27	1.54e-14	80.1	poly(A) RNA polymerase GLD2 isoform 5 [Homo sapiens]	TRUE	TENT2
XP_073392285.1	XP_016856296.1	0	N/A	23.292	322	32	1.99e-14	80.9	terminal uridylyltransferase 4 isoform X28 [Homo sapiens]	TRUE	Tut4
XP_073392285.1	XP_047272367.1	0	N/A	23.292	322	32	2.05e-14	80.9	terminal uridylyltransferase 4 isoform X39 [Homo sapiens]	TRUE	Tut4
XP_073392285.1	XP_047272325.1	0	N/A	23.292	322	32	2.05e-14	80.9	terminal uridylyltransferase 4 isoform X23 [Homo sapiens]	TRUE	Tut4
XP_073392285.1	XP_047272344.1	0	N/A	23.292	322	32	2.06e-14	80.9	terminal uridylyltransferase 4 isoform X30 [Homo sapiens]	TRUE	Tut4
XP_073392285.1	XP_016856295.1	0	N/A	23.292	322	32	2.12e-14	80.9	terminal uridylyltransferase 4 isoform X25 [Homo sapiens]	TRUE	Tut4
XP_073392285.1	XP_047272362.1	0	N/A	23.292	322	32	2.12e-14	80.9	terminal uridylyltransferase 4 isoform X37 [Homo sapiens]	TRUE	Tut4
XP_073392285.1	XP_047272337.1	0	N/A	23.292	322	32	2.19e-14	80.9	terminal uridylyltransferase 4 isoform X27 [Homo sapiens]	TRUE	Tut4
XP_073392285.1	XP_047272354.1	0	N/A	23.292	322	32	2.19e-14	80.9	terminal uridylyltransferase 4 isoform X35 [Homo sapiens]	TRUE	Tut4
XP_073392285.1	XP_047272348.1	0	N/A	23.292	322	32	2.2e-14	80.9	terminal uridylyltransferase 4 isoform X32 [Homo sapiens]	TRUE	Tut4
XP_073392285.1	XP_047272350.1	0	N/A	23.292	322	32	2.29e-14	80.9	terminal uridylyltransferase 4 isoform X34 [Homo sapiens]	TRUE	Tut4
XP_073392285.1	XP_016856293.1	0	N/A	23.333	330	33	2.97e-14	80.5	terminal uridylyltransferase 4 isoform X16 [Homo sapiens]	TRUE	Tut4
XP_073392285.1	XP_016856292.1	0	N/A	23.333	330	33	3.1e-14	80.5	terminal uridylyltransferase 4 isoform X9 [Homo sapiens]	TRUE	Tut4
XP_075911159.1	NP_001035374.2	0	N/A	59.824	341	46	6.89e-149	452	terminal nucleotidyltransferase 4B isoform a [Homo sapiens]	TRUE	TENT4B
XP_075911159.1	XP_011521577.1	0	N/A	59.824	341	46	7.1e-149	452	terminal nucleotidyltransferase 4B isoform X1 [Homo sapiens]	TRUE	TENT4B
XP_075911159.1	NP_001352252.1	0	N/A	59.824	341	46	1.09e-148	452	terminal nucleotidyltransferase 4B isoform c [Homo sapiens]	TRUE	TENT4B
XP_075911159.1	XP_047290432.1	0	N/A	59.824	341	46	1.16e-148	450	terminal nucleotidyltransferase 4B isoform X4 [Homo sapiens]	TRUE	TENT4B
XP_075911159.1	NP_001035375.2	0	N/A	59.824	341	46	1.53e-148	450	terminal nucleotidyltransferase 4B isoform b [Homo sapiens]	TRUE	TENT4B
XP_075911159.1	XP_011521578.1	0	N/A	59.824	341	46	1.57e-148	450	terminal nucleotidyltransferase 4B isoform X2 [Homo sapiens]	TRUE	TENT4B
XP_075911159.1	NP_001352253.1	0	N/A	59.824	341	46	5.04e-148	451	terminal nucleotidyltransferase 4B isoform d [Homo sapiens]	TRUE	TENT4B
XP_075911159.1	XP_047290431.1	0	N/A	59.824	341	46	6.91e-148	449	terminal nucleotidyltransferase 4B isoform X3 [Homo sapiens]	TRUE	TENT4B
XP_075911159.1	XP_011521580.1	0	N/A	59.509	326	44	2.39e-142	430	terminal nucleotidyltransferase 4B isoform X5 [Homo sapiens]	TRUE	TENT4B
XP_075911159.1	XP_047290433.1	0	N/A	59.509	326	44	2.99e-142	428	terminal nucleotidyltransferase 4B isoform X6 [Homo sapiens]	TRUE	TENT4B
XP_075911159.1	NP_008930.2	0	N/A	57.567	337	45	5.93e-132	412	terminal nucleotidyltransferase 4A isoform 1 [Homo sapiens]	TRUE	TENT4A
XP_075911159.1	NP_001165276.2	0	N/A	57.567	337	45	6.02e-132	412	terminal nucleotidyltransferase 4A isoform 2 [Homo sapiens]	TRUE	TENT4A
XP_075911159.1	XP_047272622.1	0	N/A	57.605	309	42	8.91e-121	375	terminal nucleotidyltransferase 4A isoform X1 [Homo sapiens]	TRUE	TENT4A
XP_075911159.1	XP_047272621.1	0	N/A	57.605	309	42	8.91e-121	375	terminal nucleotidyltransferase 4A isoform X1 [Homo sapiens]	TRUE	TENT4A
XP_075911159.1	XP_047272620.1	0	N/A	57.605	309	42	8.91e-121	375	terminal nucleotidyltransferase 4A isoform X1 [Homo sapiens]	TRUE	TENT4A
XP_075911159.1	XP_047272623.1	0	N/A	57.616	302	41	2.53e-118	368	terminal nucleotidyltransferase 4A isoform X2 [Homo sapiens]	TRUE	TENT4A
XP_075911159.1	XP_016864477.1	0	N/A	57.616	302	41	2.53e-118	368	terminal nucleotidyltransferase 4A isoform X2 [Homo sapiens]	TRUE	TENT4A
XP_075911159.1	XP_047272624.1	0	N/A	57.616	302	41	2.88e-118	368	terminal nucleotidyltransferase 4A isoform X3 [Homo sapiens]	TRUE	TENT4A
XP_075911159.1	XP_047272811.1	0	N/A	25.185	270	31	9.94e-13	73.6	poly(A) RNA polymerase GLD2 isoform X4 [Homo sapiens]	TRUE	TENT2
XP_075911159.1	XP_047272810.1	0	N/A	25.185	270	31	9.94e-13	73.6	poly(A) RNA polymerase GLD2 isoform X4 [Homo sapiens]	TRUE	TENT2
XP_075911159.1	XP_047272809.1	0	N/A	25.185	270	31	9.94e-13	73.6	poly(A) RNA polymerase GLD2 isoform X4 [Homo sapiens]	TRUE	TENT2
XP_075911159.1	NP_001375058.1	0	N/A	25.185	270	31	9.94e-13	73.6	poly(A) RNA polymerase GLD2 isoform 2 [Homo sapiens]	TRUE	TENT2
XP_075911159.1	NP_001375057.1	0	N/A	25.185	270	31	9.94e-13	73.6	poly(A) RNA polymerase GLD2 isoform 2 [Homo sapiens]	TRUE	TENT2
XP_075911159.1	NP_001375056.1	0	N/A	25.185	270	31	9.94e-13	73.6	poly(A) RNA polymerase GLD2 isoform 2 [Homo sapiens]	TRUE	TENT2
XP_075911159.1	NP_001375055.1	0	N/A	25.185	270	31	9.94e-13	73.6	poly(A) RNA polymerase GLD2 isoform 2 [Homo sapiens]	TRUE	TENT2
XP_075911159.1	NP_001375054.1	0	N/A	25.185	270	31	9.94e-13	73.6	poly(A) RNA polymerase GLD2 isoform 2 [Homo sapiens]	TRUE	TENT2
XP_075911159.1	NP_001375053.1	0	N/A	25.185	270	31	9.94e-13	73.6	poly(A) RNA polymerase GLD2 isoform 2 [Homo sapiens]	TRUE	TENT2
XP_075911159.1	NP_001375052.1	0	N/A	25.185	270	31	9.94e-13	73.6	poly(A) RNA polymerase GLD2 isoform 2 [Homo sapiens]	TRUE	TENT2
XP_075911159.1	NP_001375051.1	0	N/A	25.185	270	31	9.94e-13	73.6	poly(A) RNA polymerase GLD2 isoform 2 [Homo sapiens]	TRUE	TENT2
XP_075911159.1	NP_001375050.1	0	N/A	25.185	270	31	9.94e-13	73.6	poly(A) RNA polymerase GLD2 isoform 2 [Homo sapiens]	TRUE	TENT2
XP_075911159.1	NP_001375049.1	0	N/A	25.185	270	31	9.94e-13	73.6	poly(A) RNA polymerase GLD2 isoform 2 [Homo sapiens]	TRUE	TENT2
XP_075911159.1	NP_001375048.1	0	N/A	25.185	270	31	9.94e-13	73.6	poly(A) RNA polymerase GLD2 isoform 2 [Homo sapiens]	TRUE	TENT2
XP_075911159.1	NP_001375047.1	0	N/A	25.185	270	31	9.94e-13	73.6	poly(A) RNA polymerase GLD2 isoform 2 [Homo sapiens]	TRUE	TENT2
XP_075911159.1	NP_001375046.1	0	N/A	25.185	270	31	9.94e-13	73.6	poly(A) RNA polymerase GLD2 isoform 2 [Homo sapiens]	TRUE	TENT2
XP_075911159.1	NP_001375045.1	0	N/A	25.185	270	31	9.94e-13	73.6	poly(A) RNA polymerase GLD2 isoform 2 [Homo sapiens]	TRUE	TENT2
XP_075911159.1	NP_001375044.1	0	N/A	25.185	270	31	9.94e-13	73.6	poly(A) RNA polymerase GLD2 isoform 2 [Homo sapiens]	TRUE	TENT2
XP_075911159.1	NP_001375043.1	0	N/A	25.185	270	31	9.94e-13	73.6	poly(A) RNA polymerase GLD2 isoform 2 [Homo sapiens]	TRUE	TENT2
XP_075911159.1	NP_001336483.1	0	N/A	25.185	270	31	9.94e-13	73.6	poly(A) RNA polymerase GLD2 isoform 2 [Homo sapiens]	TRUE	TENT2
XP_075911159.1	NP_001284673.1	0	N/A	25.185	270	31	9.94e-13	73.6	poly(A) RNA polymerase GLD2 isoform 2 [Homo sapiens]	TRUE	TENT2
XP_075911159.1	NP_001375059.1	0	N/A	25.185	270	31	1.05e-12	73.6	poly(A) RNA polymerase GLD2 isoform 10 [Homo sapiens]	TRUE	TENT2
XP_075911159.1	NP_001375061.1	0	N/A	25.185	270	31	1.22e-12	73.2	poly(A) RNA polymerase GLD2 isoform 12 [Homo sapiens]	TRUE	TENT2
XP_075911159.1	NP_001375065.1	0	N/A	25.185	270	31	4.42e-12	70.9	poly(A) RNA polymerase GLD2 isoform 14 [Homo sapiens]	TRUE	TENT2
XP_075911159.1	XP_047272808.1	0	N/A	24.542	273	31	1.07e-11	70.5	poly(A) RNA polymerase GLD2 isoform X3 [Homo sapiens]	TRUE	TENT2
XP_075911159.1	XP_047272807.1	0	N/A	24.542	273	31	1.07e-11	70.5	poly(A) RNA polymerase GLD2 isoform X3 [Homo sapiens]	TRUE	TENT2
XP_075911159.1	XP_047272806.1	0	N/A	24.542	273	31	1.07e-11	70.5	poly(A) RNA polymerase GLD2 isoform X3 [Homo sapiens]	TRUE	TENT2
XP_075911159.1	NP_776158.2	0	N/A	24.542	273	31	1.07e-11	70.5	poly(A) RNA polymerase GLD2 isoform 1 [Homo sapiens]	TRUE	TENT2
XP_075911159.1	NP_001375041.1	0	N/A	24.542	273	31	1.07e-11	70.5	poly(A) RNA polymerase GLD2 isoform 1 [Homo sapiens]	TRUE	TENT2
XP_075911159.1	NP_001375040.1	0	N/A	24.542	273	31	1.07e-11	70.5	poly(A) RNA polymerase GLD2 isoform 1 [Homo sapiens]	TRUE	TENT2
XP_075911159.1	NP_001375039.1	0	N/A	24.542	273	31	1.07e-11	70.5	poly(A) RNA polymerase GLD2 isoform 1 [Homo sapiens]	TRUE	TENT2
XP_075911159.1	NP_001375038.1	0	N/A	24.542	273	31	1.07e-11	70.5	poly(A) RNA polymerase GLD2 isoform 1 [Homo sapiens]	TRUE	TENT2
XP_075911159.1	NP_001375037.1	0	N/A	24.542	273	31	1.07e-11	70.5	poly(A) RNA polymerase GLD2 isoform 1 [Homo sapiens]	TRUE	TENT2
XP_075911159.1	NP_001375036.1	0	N/A	24.542	273	31	1.07e-11	70.5	poly(A) RNA polymerase GLD2 isoform 1 [Homo sapiens]	TRUE	TENT2
XP_075911159.1	NP_001375035.1	0	N/A	24.542	273	31	1.07e-11	70.5	poly(A) RNA polymerase GLD2 isoform 1 [Homo sapiens]	TRUE	TENT2
XP_075911159.1	NP_001375034.1	0	N/A	24.542	273	31	1.07e-11	70.5	poly(A) RNA polymerase GLD2 isoform 1 [Homo sapiens]	TRUE	TENT2
XP_075911159.1	NP_001375032.1	0	N/A	24.542	273	31	1.07e-11	70.5	poly(A) RNA polymerase GLD2 isoform 1 [Homo sapiens]	TRUE	TENT2
XP_075911159.1	NP_001375031.1	0	N/A	24.542	273	31	1.07e-11	70.5	poly(A) RNA polymerase GLD2 isoform 1 [Homo sapiens]	TRUE	TENT2
XP_075911159.1	NP_001336482.1	0	N/A	24.542	273	31	1.07e-11	70.5	poly(A) RNA polymerase GLD2 isoform 1 [Homo sapiens]	TRUE	TENT2
XP_075911159.1	NP_001336481.1	0	N/A	24.542	273	31	1.07e-11	70.5	poly(A) RNA polymerase GLD2 isoform 1 [Homo sapiens]	TRUE	TENT2
XP_075911159.1	NP_001107866.1	0	N/A	24.542	273	31	1.07e-11	70.5	poly(A) RNA polymerase GLD2 isoform 1 [Homo sapiens]	TRUE	TENT2
XP_075911159.1	NP_001107865.1	0	N/A	24.542	273	31	1.07e-11	70.5	poly(A) RNA polymerase GLD2 isoform 1 [Homo sapiens]	TRUE	TENT2
XP_075911159.1	NP_001375042.1	0	N/A	24.542	273	31	1.26e-11	70.1	poly(A) RNA polymerase GLD2 isoform 16 [Homo sapiens]	TRUE	TENT2
XP_075911159.1	NP_001375060.1	0	N/A	24.542	273	31	1.42e-11	70.1	poly(A) RNA polymerase GLD2 isoform 11 [Homo sapiens]	TRUE	TENT2
XP_075911159.1	XP_047272820.1	0	N/A	30	170	19	1.91e-11	67.4	poly(A) RNA polymerase GLD2 isoform X11 [Homo sapiens]	TRUE	TENT2
XP_075911159.1	NP_001336477.1	0	N/A	30	170	19	3.07e-11	67	poly(A) RNA polymerase GLD2 isoform 4 [Homo sapiens]	TRUE	TENT2
XP_075911159.1	XP_047272805.1	0	N/A	30	170	19	5.69e-11	68.2	poly(A) RNA polymerase GLD2 isoform X2 [Homo sapiens]	TRUE	TENT2
XP_075911159.1	XP_047272804.1	0	N/A	30	170	19	5.69e-11	68.2	poly(A) RNA polymerase GLD2 isoform X2 [Homo sapiens]	TRUE	TENT2
XP_075911159.1	XP_047272803.1	0	N/A	30	170	19	5.69e-11	68.2	poly(A) RNA polymerase GLD2 isoform X2 [Homo sapiens]	TRUE	TENT2
XP_075911159.1	XP_047272802.1	0	N/A	30	170	19	5.69e-11	68.2	poly(A) RNA polymerase GLD2 isoform X2 [Homo sapiens]	TRUE	TENT2
XP_075911159.1	XP_016864641.1	0	N/A	30	170	19	5.69e-11	68.2	poly(A) RNA polymerase GLD2 isoform X2 [Homo sapiens]	TRUE	TENT2
XP_075911159.1	NP_001375026.1	0	N/A	30	170	19	5.69e-11	68.2	poly(A) RNA polymerase GLD2 isoform 6 [Homo sapiens]	TRUE	TENT2
XP_075911159.1	NP_001375025.1	0	N/A	30	170	19	5.69e-11	68.2	poly(A) RNA polymerase GLD2 isoform 6 [Homo sapiens]	TRUE	TENT2
XP_075911159.1	NP_001375024.1	0	N/A	30	170	19	5.69e-11	68.2	poly(A) RNA polymerase GLD2 isoform 6 [Homo sapiens]	TRUE	TENT2
XP_075911159.1	NP_001336480.1	0	N/A	30	170	19	5.69e-11	68.2	poly(A) RNA polymerase GLD2 isoform 6 [Homo sapiens]	TRUE	TENT2
XP_075911159.1	NP_001375027.1	0	N/A	30	170	19	5.77e-11	68.2	poly(A) RNA polymerase GLD2 isoform 7 [Homo sapiens]	TRUE	TENT2
XP_075911159.1	NP_001375030.1	0	N/A	30	170	19	6.7e-11	67.8	poly(A) RNA polymerase GLD2 isoform 9 [Homo sapiens]	TRUE	TENT2
XP_075911159.1	XP_047272801.1	0	N/A	30	170	19	7.33e-11	67.8	poly(A) RNA polymerase GLD2 isoform X1 [Homo sapiens]	TRUE	TENT2
XP_075911159.1	XP_047272800.1	0	N/A	30	170	19	7.33e-11	67.8	poly(A) RNA polymerase GLD2 isoform X1 [Homo sapiens]	TRUE	TENT2
XP_075911159.1	XP_011541527.1	0	N/A	30	170	19	7.33e-11	67.8	poly(A) RNA polymerase GLD2 isoform X1 [Homo sapiens]	TRUE	TENT2
XP_075911159.1	XP_011541526.1	0	N/A	30	170	19	7.33e-11	67.8	poly(A) RNA polymerase GLD2 isoform X1 [Homo sapiens]	TRUE	TENT2
XP_075911159.1	XP_011541523.1	0	N/A	30	170	19	7.33e-11	67.8	poly(A) RNA polymerase GLD2 isoform X1 [Homo sapiens]	TRUE	TENT2
XP_075911159.1	XP_011541522.1	0	N/A	30	170	19	7.33e-11	67.8	poly(A) RNA polymerase GLD2 isoform X1 [Homo sapiens]	TRUE	TENT2
XP_075911159.1	NP_001375023.1	0	N/A	30	170	19	7.33e-11	67.8	poly(A) RNA polymerase GLD2 isoform 5 [Homo sapiens]	TRUE	TENT2
XP_075911159.1	NP_001375022.1	0	N/A	30	170	19	7.33e-11	67.8	poly(A) RNA polymerase GLD2 isoform 5 [Homo sapiens]	TRUE	TENT2
XP_075911159.1	NP_001336479.1	0	N/A	30	170	19	7.33e-11	67.8	poly(A) RNA polymerase GLD2 isoform 5 [Homo sapiens]	TRUE	TENT2
XP_075911159.1	NP_001336478.1	0	N/A	30	170	19	7.33e-11	67.8	poly(A) RNA polymerase GLD2 isoform 5 [Homo sapiens]	TRUE	TENT2
XP_075911159.1	NP_001375029.1	0	N/A	30	170	19	8.72e-11	67.8	poly(A) RNA polymerase GLD2 isoform 8 [Homo sapiens]	TRUE	TENT2
XP_075911159.1	NP_001375028.1	0	N/A	30	170	19	8.72e-11	67.8	poly(A) RNA polymerase GLD2 isoform 8 [Homo sapiens]	TRUE	TENT2
XP_075911159.1	XP_047279823.1	0	N/A	27.528	178	23	1.56e-10	67.8	terminal uridylyltransferase 7 isoform X2 [Homo sapiens]	TRUE	Tut7
XP_075911159.1	XP_006717346.1	0	N/A	27.528	178	23	1.56e-10	67.8	terminal uridylyltransferase 7 isoform X2 [Homo sapiens]	TRUE	Tut7
XP_075911159.1	XP_047279825.1	0	N/A	27.528	178	23	1.91e-10	67.4	terminal uridylyltransferase 7 isoform X6 [Homo sapiens]	TRUE	Tut7
XP_075911159.1	XP_047279824.1	0	N/A	27.528	178	23	1.91e-10	67.4	terminal uridylyltransferase 7 isoform X6 [Homo sapiens]	TRUE	Tut7
XP_075911159.1	XP_005252264.1	0	N/A	27.528	178	23	1.91e-10	67.4	terminal uridylyltransferase 7 isoform X6 [Homo sapiens]	TRUE	Tut7
XP_075911159.1	XP_016870620.1	0	N/A	27.528	178	23	1.92e-10	67.4	terminal uridylyltransferase 7 isoform X4 [Homo sapiens]	TRUE	Tut7
XP_075911159.1	XP_016870619.1	0	N/A	27.528	178	23	1.92e-10	67.4	terminal uridylyltransferase 7 isoform X4 [Homo sapiens]	TRUE	Tut7
XP_075911159.1	NP_078893.2	0	N/A	27.528	178	23	1.92e-10	67.4	terminal uridylyltransferase 7 isoform 1 [Homo sapiens]	TRUE	Tut7
XP_075911159.1	NP_001171988.1	0	N/A	27.528	178	23	1.92e-10	67.4	terminal uridylyltransferase 7 isoform 1 [Homo sapiens]	TRUE	Tut7
XP_075911159.1	XP_011517318.1	0	N/A	27.528	178	23	2.04e-10	67.4	terminal uridylyltransferase 7 isoform X5 [Homo sapiens]	TRUE	Tut7
XP_075911159.1	XP_011517317.1	0	N/A	27.528	178	23	2.12e-10	67	terminal uridylyltransferase 7 isoform X3 [Homo sapiens]	TRUE	Tut7
XP_075911159.1	XP_011517316.1	0	N/A	27.528	178	23	2.84e-10	66.6	terminal uridylyltransferase 7 isoform X1 [Homo sapiens]	TRUE	Tut7
XP_075911159.1	XP_011517315.1	0	N/A	27.528	178	23	2.84e-10	66.6	terminal uridylyltransferase 7 isoform X1 [Homo sapiens]	TRUE	Tut7
XP_075911206.1	NP_001035374.2	0	N/A	59.824	341	44	2.99e-148	452	terminal nucleotidyltransferase 4B isoform a [Homo sapiens]	TRUE	TENT4B
XP_075911206.1	XP_011521577.1	0	N/A	59.824	341	44	3.08e-148	452	terminal nucleotidyltransferase 4B isoform X1 [Homo sapiens]	TRUE	TENT4B
XP_075911206.1	NP_001035375.2	0	N/A	59.824	341	44	4.45e-148	450	terminal nucleotidyltransferase 4B isoform b [Homo sapiens]	TRUE	TENT4B
XP_075911206.1	XP_011521578.1	0	N/A	59.824	341	44	4.59e-148	450	terminal nucleotidyltransferase 4B isoform X2 [Homo sapiens]	TRUE	TENT4B
XP_075911206.1	XP_047290432.1	0	N/A	59.824	341	44	5.5e-148	450	terminal nucleotidyltransferase 4B isoform X4 [Homo sapiens]	TRUE	TENT4B
XP_075911206.1	NP_001352252.1	0	N/A	59.824	341	44	7.46e-148	451	terminal nucleotidyltransferase 4B isoform c [Homo sapiens]	TRUE	TENT4B
XP_075911206.1	NP_001352253.1	0	N/A	59.824	341	44	2.07e-147	451	terminal nucleotidyltransferase 4B isoform d [Homo sapiens]	TRUE	TENT4B
XP_075911206.1	XP_047290431.1	0	N/A	59.824	341	44	2.8e-147	449	terminal nucleotidyltransferase 4B isoform X3 [Homo sapiens]	TRUE	TENT4B
XP_075911206.1	XP_011521580.1	0	N/A	59.509	326	42	1.03e-141	429	terminal nucleotidyltransferase 4B isoform X5 [Homo sapiens]	TRUE	TENT4B
XP_075911206.1	XP_047290433.1	0	N/A	59.509	326	42	1.37e-141	427	terminal nucleotidyltransferase 4B isoform X6 [Homo sapiens]	TRUE	TENT4B
XP_075911206.1	NP_008930.2	0	N/A	57.567	337	43	2.09e-131	411	terminal nucleotidyltransferase 4A isoform 1 [Homo sapiens]	TRUE	TENT4A
XP_075911206.1	NP_001165276.2	0	N/A	57.567	337	43	2.36e-131	411	terminal nucleotidyltransferase 4A isoform 2 [Homo sapiens]	TRUE	TENT4A
XP_075911206.1	XP_047272622.1	0	N/A	57.605	309	39	3.62e-120	374	terminal nucleotidyltransferase 4A isoform X1 [Homo sapiens]	TRUE	TENT4A
XP_075911206.1	XP_047272621.1	0	N/A	57.605	309	39	3.62e-120	374	terminal nucleotidyltransferase 4A isoform X1 [Homo sapiens]	TRUE	TENT4A
XP_075911206.1	XP_047272620.1	0	N/A	57.605	309	39	3.62e-120	374	terminal nucleotidyltransferase 4A isoform X1 [Homo sapiens]	TRUE	TENT4A
XP_075911206.1	XP_047272624.1	0	N/A	57.616	302	39	9.64e-118	367	terminal nucleotidyltransferase 4A isoform X3 [Homo sapiens]	TRUE	TENT4A
XP_075911206.1	XP_047272623.1	0	N/A	57.616	302	39	1e-117	367	terminal nucleotidyltransferase 4A isoform X2 [Homo sapiens]	TRUE	TENT4A
XP_075911206.1	XP_016864477.1	0	N/A	57.616	302	39	1e-117	367	terminal nucleotidyltransferase 4A isoform X2 [Homo sapiens]	TRUE	TENT4A
XP_075911206.1	XP_047272811.1	0	N/A	25.185	270	30	1.2e-12	73.6	poly(A) RNA polymerase GLD2 isoform X4 [Homo sapiens]	TRUE	TENT2
XP_075911206.1	XP_047272810.1	0	N/A	25.185	270	30	1.2e-12	73.6	poly(A) RNA polymerase GLD2 isoform X4 [Homo sapiens]	TRUE	TENT2
XP_075911206.1	XP_047272809.1	0	N/A	25.185	270	30	1.2e-12	73.6	poly(A) RNA polymerase GLD2 isoform X4 [Homo sapiens]	TRUE	TENT2
XP_075911206.1	NP_001375058.1	0	N/A	25.185	270	30	1.2e-12	73.6	poly(A) RNA polymerase GLD2 isoform 2 [Homo sapiens]	TRUE	TENT2
XP_075911206.1	NP_001375057.1	0	N/A	25.185	270	30	1.2e-12	73.6	poly(A) RNA polymerase GLD2 isoform 2 [Homo sapiens]	TRUE	TENT2
XP_075911206.1	NP_001375056.1	0	N/A	25.185	270	30	1.2e-12	73.6	poly(A) RNA polymerase GLD2 isoform 2 [Homo sapiens]	TRUE	TENT2
XP_075911206.1	NP_001375055.1	0	N/A	25.185	270	30	1.2e-12	73.6	poly(A) RNA polymerase GLD2 isoform 2 [Homo sapiens]	TRUE	TENT2
XP_075911206.1	NP_001375054.1	0	N/A	25.185	270	30	1.2e-12	73.6	poly(A) RNA polymerase GLD2 isoform 2 [Homo sapiens]	TRUE	TENT2
XP_075911206.1	NP_001375053.1	0	N/A	25.185	270	30	1.2e-12	73.6	poly(A) RNA polymerase GLD2 isoform 2 [Homo sapiens]	TRUE	TENT2
XP_075911206.1	NP_001375052.1	0	N/A	25.185	270	30	1.2e-12	73.6	poly(A) RNA polymerase GLD2 isoform 2 [Homo sapiens]	TRUE	TENT2
XP_075911206.1	NP_001375051.1	0	N/A	25.185	270	30	1.2e-12	73.6	poly(A) RNA polymerase GLD2 isoform 2 [Homo sapiens]	TRUE	TENT2
XP_075911206.1	NP_001375050.1	0	N/A	25.185	270	30	1.2e-12	73.6	poly(A) RNA polymerase GLD2 isoform 2 [Homo sapiens]	TRUE	TENT2
XP_075911206.1	NP_001375049.1	0	N/A	25.185	270	30	1.2e-12	73.6	poly(A) RNA polymerase GLD2 isoform 2 [Homo sapiens]	TRUE	TENT2
XP_075911206.1	NP_001375048.1	0	N/A	25.185	270	30	1.2e-12	73.6	poly(A) RNA polymerase GLD2 isoform 2 [Homo sapiens]	TRUE	TENT2
XP_075911206.1	NP_001375047.1	0	N/A	25.185	270	30	1.2e-12	73.6	poly(A) RNA polymerase GLD2 isoform 2 [Homo sapiens]	TRUE	TENT2
XP_075911206.1	NP_001375046.1	0	N/A	25.185	270	30	1.2e-12	73.6	poly(A) RNA polymerase GLD2 isoform 2 [Homo sapiens]	TRUE	TENT2
XP_075911206.1	NP_001375045.1	0	N/A	25.185	270	30	1.2e-12	73.6	poly(A) RNA polymerase GLD2 isoform 2 [Homo sapiens]	TRUE	TENT2
XP_075911206.1	NP_001375044.1	0	N/A	25.185	270	30	1.2e-12	73.6	poly(A) RNA polymerase GLD2 isoform 2 [Homo sapiens]	TRUE	TENT2
XP_075911206.1	NP_001375043.1	0	N/A	25.185	270	30	1.2e-12	73.6	poly(A) RNA polymerase GLD2 isoform 2 [Homo sapiens]	TRUE	TENT2
XP_075911206.1	NP_001336483.1	0	N/A	25.185	270	30	1.2e-12	73.6	poly(A) RNA polymerase GLD2 isoform 2 [Homo sapiens]	TRUE	TENT2
XP_075911206.1	NP_001284673.1	0	N/A	25.185	270	30	1.2e-12	73.6	poly(A) RNA polymerase GLD2 isoform 2 [Homo sapiens]	TRUE	TENT2
XP_075911206.1	NP_001375059.1	0	N/A	25.185	270	30	1.28e-12	73.6	poly(A) RNA polymerase GLD2 isoform 10 [Homo sapiens]	TRUE	TENT2
XP_075911206.1	NP_001375061.1	0	N/A	25.185	270	30	1.56e-12	73.2	poly(A) RNA polymerase GLD2 isoform 12 [Homo sapiens]	TRUE	TENT2
XP_075911206.1	NP_001375065.1	0	N/A	24.91	277	31	4.55e-12	70.9	poly(A) RNA polymerase GLD2 isoform 14 [Homo sapiens]	TRUE	TENT2
XP_075911206.1	XP_047272808.1	0	N/A	24.542	273	30	1.38e-11	70.1	poly(A) RNA polymerase GLD2 isoform X3 [Homo sapiens]	TRUE	TENT2
XP_075911206.1	XP_047272807.1	0	N/A	24.542	273	30	1.38e-11	70.1	poly(A) RNA polymerase GLD2 isoform X3 [Homo sapiens]	TRUE	TENT2
XP_075911206.1	XP_047272806.1	0	N/A	24.542	273	30	1.38e-11	70.1	poly(A) RNA polymerase GLD2 isoform X3 [Homo sapiens]	TRUE	TENT2
XP_075911206.1	NP_776158.2	0	N/A	24.542	273	30	1.38e-11	70.1	poly(A) RNA polymerase GLD2 isoform 1 [Homo sapiens]	TRUE	TENT2
XP_075911206.1	NP_001375041.1	0	N/A	24.542	273	30	1.38e-11	70.1	poly(A) RNA polymerase GLD2 isoform 1 [Homo sapiens]	TRUE	TENT2
XP_075911206.1	NP_001375040.1	0	N/A	24.542	273	30	1.38e-11	70.1	poly(A) RNA polymerase GLD2 isoform 1 [Homo sapiens]	TRUE	TENT2
XP_075911206.1	NP_001375039.1	0	N/A	24.542	273	30	1.38e-11	70.1	poly(A) RNA polymerase GLD2 isoform 1 [Homo sapiens]	TRUE	TENT2
XP_075911206.1	NP_001375038.1	0	N/A	24.542	273	30	1.38e-11	70.1	poly(A) RNA polymerase GLD2 isoform 1 [Homo sapiens]	TRUE	TENT2
XP_075911206.1	NP_001375037.1	0	N/A	24.542	273	30	1.38e-11	70.1	poly(A) RNA polymerase GLD2 isoform 1 [Homo sapiens]	TRUE	TENT2
XP_075911206.1	NP_001375036.1	0	N/A	24.542	273	30	1.38e-11	70.1	poly(A) RNA polymerase GLD2 isoform 1 [Homo sapiens]	TRUE	TENT2
XP_075911206.1	NP_001375035.1	0	N/A	24.542	273	30	1.38e-11	70.1	poly(A) RNA polymerase GLD2 isoform 1 [Homo sapiens]	TRUE	TENT2
XP_075911206.1	NP_001375034.1	0	N/A	24.542	273	30	1.38e-11	70.1	poly(A) RNA polymerase GLD2 isoform 1 [Homo sapiens]	TRUE	TENT2
XP_075911206.1	NP_001375032.1	0	N/A	24.542	273	30	1.38e-11	70.1	poly(A) RNA polymerase GLD2 isoform 1 [Homo sapiens]	TRUE	TENT2
XP_075911206.1	NP_001375031.1	0	N/A	24.542	273	30	1.38e-11	70.1	poly(A) RNA polymerase GLD2 isoform 1 [Homo sapiens]	TRUE	TENT2
XP_075911206.1	NP_001336482.1	0	N/A	24.542	273	30	1.38e-11	70.1	poly(A) RNA polymerase GLD2 isoform 1 [Homo sapiens]	TRUE	TENT2
XP_075911206.1	NP_001336481.1	0	N/A	24.542	273	30	1.38e-11	70.1	poly(A) RNA polymerase GLD2 isoform 1 [Homo sapiens]	TRUE	TENT2
XP_075911206.1	NP_001107866.1	0	N/A	24.542	273	30	1.38e-11	70.1	poly(A) RNA polymerase GLD2 isoform 1 [Homo sapiens]	TRUE	TENT2
XP_075911206.1	NP_001107865.1	0	N/A	24.542	273	30	1.38e-11	70.1	poly(A) RNA polymerase GLD2 isoform 1 [Homo sapiens]	TRUE	TENT2
XP_075911206.1	NP_001375042.1	0	N/A	24.542	273	30	1.71e-11	70.1	poly(A) RNA polymerase GLD2 isoform 16 [Homo sapiens]	TRUE	TENT2
XP_075911206.1	NP_001375060.1	0	N/A	24.286	280	31	2.09e-11	69.7	poly(A) RNA polymerase GLD2 isoform 11 [Homo sapiens]	TRUE	TENT2
XP_075911206.1	NP_001336477.1	0	N/A	31.373	153	16	3.87e-11	66.6	poly(A) RNA polymerase GLD2 isoform 4 [Homo sapiens]	TRUE	TENT2
XP_075911206.1	XP_047272805.1	0	N/A	30	170	18	6.31e-11	68.2	poly(A) RNA polymerase GLD2 isoform X2 [Homo sapiens]	TRUE	TENT2
XP_075911206.1	XP_047272804.1	0	N/A	30	170	18	6.31e-11	68.2	poly(A) RNA polymerase GLD2 isoform X2 [Homo sapiens]	TRUE	TENT2
XP_075911206.1	XP_047272803.1	0	N/A	30	170	18	6.31e-11	68.2	poly(A) RNA polymerase GLD2 isoform X2 [Homo sapiens]	TRUE	TENT2
XP_075911206.1	XP_047272802.1	0	N/A	30	170	18	6.31e-11	68.2	poly(A) RNA polymerase GLD2 isoform X2 [Homo sapiens]	TRUE	TENT2
XP_075911206.1	XP_016864641.1	0	N/A	30	170	18	6.31e-11	68.2	poly(A) RNA polymerase GLD2 isoform X2 [Homo sapiens]	TRUE	TENT2
XP_075911206.1	NP_001375026.1	0	N/A	30	170	18	6.31e-11	68.2	poly(A) RNA polymerase GLD2 isoform 6 [Homo sapiens]	TRUE	TENT2
XP_075911206.1	NP_001375025.1	0	N/A	30	170	18	6.31e-11	68.2	poly(A) RNA polymerase GLD2 isoform 6 [Homo sapiens]	TRUE	TENT2
XP_075911206.1	NP_001375024.1	0	N/A	30	170	18	6.31e-11	68.2	poly(A) RNA polymerase GLD2 isoform 6 [Homo sapiens]	TRUE	TENT2
XP_075911206.1	NP_001336480.1	0	N/A	30	170	18	6.31e-11	68.2	poly(A) RNA polymerase GLD2 isoform 6 [Homo sapiens]	TRUE	TENT2
XP_075911206.1	NP_001375027.1	0	N/A	30	170	18	6.75e-11	68.2	poly(A) RNA polymerase GLD2 isoform 7 [Homo sapiens]	TRUE	TENT2
XP_075911206.1	NP_001375030.1	0	N/A	30	170	18	8.25e-11	67.8	poly(A) RNA polymerase GLD2 isoform 9 [Homo sapiens]	TRUE	TENT2
XP_075911206.1	XP_047272801.1	0	N/A	30	170	18	8.27e-11	67.8	poly(A) RNA polymerase GLD2 isoform X1 [Homo sapiens]	TRUE	TENT2
XP_075911206.1	XP_047272800.1	0	N/A	30	170	18	8.27e-11	67.8	poly(A) RNA polymerase GLD2 isoform X1 [Homo sapiens]	TRUE	TENT2
XP_075911206.1	XP_011541527.1	0	N/A	30	170	18	8.27e-11	67.8	poly(A) RNA polymerase GLD2 isoform X1 [Homo sapiens]	TRUE	TENT2
XP_075911206.1	XP_011541526.1	0	N/A	30	170	18	8.27e-11	67.8	poly(A) RNA polymerase GLD2 isoform X1 [Homo sapiens]	TRUE	TENT2
XP_075911206.1	XP_011541523.1	0	N/A	30	170	18	8.27e-11	67.8	poly(A) RNA polymerase GLD2 isoform X1 [Homo sapiens]	TRUE	TENT2
XP_075911206.1	XP_011541522.1	0	N/A	30	170	18	8.27e-11	67.8	poly(A) RNA polymerase GLD2 isoform X1 [Homo sapiens]	TRUE	TENT2
XP_075911206.1	NP_001375023.1	0	N/A	30	170	18	8.27e-11	67.8	poly(A) RNA polymerase GLD2 isoform 5 [Homo sapiens]	TRUE	TENT2
XP_075911206.1	NP_001375022.1	0	N/A	30	170	18	8.27e-11	67.8	poly(A) RNA polymerase GLD2 isoform 5 [Homo sapiens]	TRUE	TENT2
XP_075911206.1	NP_001336479.1	0	N/A	30	170	18	8.27e-11	67.8	poly(A) RNA polymerase GLD2 isoform 5 [Homo sapiens]	TRUE	TENT2
XP_075911206.1	NP_001336478.1	0	N/A	30	170	18	8.27e-11	67.8	poly(A) RNA polymerase GLD2 isoform 5 [Homo sapiens]	TRUE	TENT2
XP_075911206.1	NP_001375029.1	0	N/A	30	170	18	1.09e-10	67.4	poly(A) RNA polymerase GLD2 isoform 8 [Homo sapiens]	TRUE	TENT2
XP_075911206.1	NP_001375028.1	0	N/A	30	170	18	1.09e-10	67.4	poly(A) RNA polymerase GLD2 isoform 8 [Homo sapiens]	TRUE	TENT2
XP_075911206.1	XP_047279823.1	0	N/A	27.528	178	22	1.28e-10	68.2	terminal uridylyltransferase 7 isoform X2 [Homo sapiens]	TRUE	Tut7
XP_075911206.1	XP_006717346.1	0	N/A	27.528	178	22	1.28e-10	68.2	terminal uridylyltransferase 7 isoform X2 [Homo sapiens]	TRUE	Tut7
XP_075911206.1	XP_011517318.1	0	N/A	27.528	178	22	1.65e-10	67.8	terminal uridylyltransferase 7 isoform X5 [Homo sapiens]	TRUE	Tut7
XP_075911206.1	XP_047279825.1	0	N/A	27.528	178	22	1.66e-10	67.8	terminal uridylyltransferase 7 isoform X6 [Homo sapiens]	TRUE	Tut7
XP_075911206.1	XP_047279824.1	0	N/A	27.528	178	22	1.66e-10	67.8	terminal uridylyltransferase 7 isoform X6 [Homo sapiens]	TRUE	Tut7
XP_075911206.1	XP_005252264.1	0	N/A	27.528	178	22	1.66e-10	67.8	terminal uridylyltransferase 7 isoform X6 [Homo sapiens]	TRUE	Tut7
XP_075911206.1	XP_016870620.1	0	N/A	27.528	178	22	1.76e-10	67.4	terminal uridylyltransferase 7 isoform X4 [Homo sapiens]	TRUE	Tut7
XP_075911206.1	XP_016870619.1	0	N/A	27.528	178	22	1.76e-10	67.4	terminal uridylyltransferase 7 isoform X4 [Homo sapiens]	TRUE	Tut7
XP_075911206.1	NP_078893.2	0	N/A	27.528	178	22	1.76e-10	67.4	terminal uridylyltransferase 7 isoform 1 [Homo sapiens]	TRUE	Tut7
XP_075911206.1	NP_001171988.1	0	N/A	27.528	178	22	1.76e-10	67.4	terminal uridylyltransferase 7 isoform 1 [Homo sapiens]	TRUE	Tut7
XP_075911206.1	XP_011517317.1	0	N/A	27.528	178	22	1.78e-10	67.4	terminal uridylyltransferase 7 isoform X3 [Homo sapiens]	TRUE	Tut7
XP_075911206.1	XP_011517316.1	0	N/A	27.528	178	22	2.38e-10	67	terminal uridylyltransferase 7 isoform X1 [Homo sapiens]	TRUE	Tut7
XP_075911206.1	XP_011517315.1	0	N/A	27.528	178	22	2.38e-10	67	terminal uridylyltransferase 7 isoform X1 [Homo sapiens]	TRUE	Tut7
XP_075911206.1	XP_011517314.1	0	N/A	27.528	178	22	2.38e-10	67	terminal uridylyltransferase 7 isoform X1 [Homo sapiens]	TRUE	Tut7
XP_075919662.1	XP_016856292.1	0	N/A	61.328	512	26	0	681	terminal uridylyltransferase 4 isoform X9 [Homo sapiens]	TRUE	Tut4
XP_075919662.1	XP_047272280.1	0	N/A	61.328	512	26	0	680	terminal uridylyltransferase 4 isoform X3 [Homo sapiens]	TRUE	Tut4
XP_075919662.1	XP_016856297.1	0	N/A	61.328	512	26	0	680	terminal uridylyltransferase 4 isoform X36 [Homo sapiens]	TRUE	Tut4
XP_075919662.1	XP_016856293.1	0	N/A	61.328	512	26	0	680	terminal uridylyltransferase 4 isoform X16 [Homo sapiens]	TRUE	Tut4
XP_075919662.1	XP_005270736.1	0	N/A	61.328	512	26	0	680	terminal uridylyltransferase 4 isoform X3 [Homo sapiens]	TRUE	Tut4
XP_075919662.1	XP_047272283.1	0	N/A	61.328	512	26	0	680	terminal uridylyltransferase 4 isoform X6 [Homo sapiens]	TRUE	Tut4
XP_075919662.1	XP_016856299.1	0	N/A	61.328	512	26	0	680	terminal uridylyltransferase 4 isoform X40 [Homo sapiens]	TRUE	Tut4
XP_075919662.1	XP_005270737.1	0	N/A	61.328	512	26	0	680	terminal uridylyltransferase 4 isoform X6 [Homo sapiens]	TRUE	Tut4
XP_075919662.1	XP_047272345.1	0	N/A	61.328	512	26	0	679	terminal uridylyltransferase 4 isoform X31 [Homo sapiens]	TRUE	Tut4
XP_075919662.1	XP_016856295.1	0	N/A	61.328	512	26	0	678	terminal uridylyltransferase 4 isoform X25 [Homo sapiens]	TRUE	Tut4
XP_075919662.1	XP_016856296.1	0	N/A	61.328	512	26	0	677	terminal uridylyltransferase 4 isoform X28 [Homo sapiens]	TRUE	Tut4
XP_075919662.1	XP_047272285.1	0	N/A	60.659	516	26	0	676	terminal uridylyltransferase 4 isoform X7 [Homo sapiens]	TRUE	Tut4
XP_075919662.1	XP_005270735.1	0	N/A	60.659	516	26	0	676	terminal uridylyltransferase 4 isoform X2 [Homo sapiens]	TRUE	Tut4
XP_075919662.1	XP_047272288.1	0	N/A	60.542	517	26	0	676	terminal uridylyltransferase 4 isoform X10 [Homo sapiens]	TRUE	Tut4
XP_075919662.1	XP_011539399.1	0	N/A	60.542	517	26	0	676	terminal uridylyltransferase 4 isoform X1 [Homo sapiens]	TRUE	Tut4
XP_075919662.1	XP_005270733.1	0	N/A	60.542	517	26	0	676	terminal uridylyltransferase 4 isoform X1 [Homo sapiens]	TRUE	Tut4
XP_075919662.1	XP_047272282.1	0	N/A	60.659	516	26	0	676	terminal uridylyltransferase 4 isoform X5 [Homo sapiens]	TRUE	Tut4
XP_075919662.1	XP_047272281.1	0	N/A	60.542	517	26	0	676	terminal uridylyltransferase 4 isoform X4 [Homo sapiens]	TRUE	Tut4
XP_075919662.1	XP_005270739.1	0	N/A	60.542	517	26	0	676	terminal uridylyltransferase 4 isoform X33 [Homo sapiens]	TRUE	Tut4
XP_075919662.1	NP_056084.1	0	N/A	60.659	516	26	0	676	terminal uridylyltransferase 4 isoform b [Homo sapiens]	TRUE	Tut4
XP_075919662.1	NP_001009881.1	0	N/A	60.542	517	26	0	676	terminal uridylyltransferase 4 isoform a [Homo sapiens]	TRUE	Tut4
XP_075919662.1	XP_047272365.1	0	N/A	60.659	516	26	0	675	terminal uridylyltransferase 4 isoform X38 [Homo sapiens]	TRUE	Tut4
XP_075919662.1	XP_011539401.1	0	N/A	60.542	517	26	0	675	terminal uridylyltransferase 4 isoform X29 [Homo sapiens]	TRUE	Tut4
XP_075919662.1	XP_047272325.1	0	N/A	60.659	516	26	0	674	terminal uridylyltransferase 4 isoform X23 [Homo sapiens]	TRUE	Tut4
XP_075919662.1	XP_047272337.1	0	N/A	60.659	516	26	0	673	terminal uridylyltransferase 4 isoform X27 [Homo sapiens]	TRUE	Tut4
XP_075919662.1	XP_047272384.1	0	N/A	60.542	517	26	0	666	terminal uridylyltransferase 4 isoform X46 [Homo sapiens]	TRUE	Tut4
XP_075919662.1	XP_047272290.1	0	N/A	59.18	512	26	0	638	terminal uridylyltransferase 4 isoform X11 [Homo sapiens]	TRUE	Tut4
XP_075919662.1	XP_047272305.1	0	N/A	59.18	512	26	0	637	terminal uridylyltransferase 4 isoform X17 [Homo sapiens]	TRUE	Tut4
XP_075919662.1	XP_047272350.1	0	N/A	59.18	512	26	0	636	terminal uridylyltransferase 4 isoform X34 [Homo sapiens]	TRUE	Tut4
XP_075919662.1	XP_047272286.1	0	N/A	58.414	517	26	0	634	terminal uridylyltransferase 4 isoform X8 [Homo sapiens]	TRUE	Tut4
XP_075919662.1	XP_047272372.1	0	N/A	58.527	516	26	0	633	terminal uridylyltransferase 4 isoform X42 [Homo sapiens]	TRUE	Tut4
XP_075919662.1	XP_047272295.1	0	N/A	58.414	517	26	0	633	terminal uridylyltransferase 4 isoform X12 [Homo sapiens]	TRUE	Tut4
XP_075919662.1	XP_047272296.1	0	N/A	58.527	516	26	0	633	terminal uridylyltransferase 4 isoform X13 [Homo sapiens]	TRUE	Tut4
XP_075919662.1	XP_047272344.1	0	N/A	58.414	517	26	0	632	terminal uridylyltransferase 4 isoform X30 [Homo sapiens]	TRUE	Tut4
XP_075919662.1	XP_005252265.1	0	N/A	62.645	431	23	0	616	terminal uridylyltransferase 7 isoform X7 [Homo sapiens]	TRUE	Tut7
XP_075919662.1	XP_047279823.1	0	N/A	63.059	425	23	0	614	terminal uridylyltransferase 7 isoform X2 [Homo sapiens]	TRUE	Tut7
XP_075919662.1	XP_006717346.1	0	N/A	63.059	425	23	0	614	terminal uridylyltransferase 7 isoform X2 [Homo sapiens]	TRUE	Tut7
XP_075919662.1	XP_016870620.1	0	N/A	63.059	425	23	0	613	terminal uridylyltransferase 7 isoform X4 [Homo sapiens]	TRUE	Tut7
XP_075919662.1	XP_016870619.1	0	N/A	63.059	425	23	0	613	terminal uridylyltransferase 7 isoform X4 [Homo sapiens]	TRUE	Tut7
XP_075919662.1	NP_078893.2	0	N/A	63.059	425	23	0	613	terminal uridylyltransferase 7 isoform 1 [Homo sapiens]	TRUE	Tut7
XP_075919662.1	NP_001171988.1	0	N/A	63.059	425	23	0	613	terminal uridylyltransferase 7 isoform 1 [Homo sapiens]	TRUE	Tut7
XP_075919662.1	XP_047279825.1	0	N/A	63.059	425	23	0	613	terminal uridylyltransferase 7 isoform X6 [Homo sapiens]	TRUE	Tut7
XP_075919662.1	XP_047279824.1	0	N/A	63.059	425	23	0	613	terminal uridylyltransferase 7 isoform X6 [Homo sapiens]	TRUE	Tut7
XP_075919662.1	XP_005252264.1	0	N/A	63.059	425	23	0	613	terminal uridylyltransferase 7 isoform X6 [Homo sapiens]	TRUE	Tut7
XP_075919662.1	XP_011517318.1	0	N/A	63.059	425	23	0	613	terminal uridylyltransferase 7 isoform X5 [Homo sapiens]	TRUE	Tut7
XP_075919662.1	XP_011517317.1	0	N/A	63.059	425	23	0	613	terminal uridylyltransferase 7 isoform X3 [Homo sapiens]	TRUE	Tut7
XP_075919662.1	NP_001317647.1	0	N/A	63.059	425	23	0	613	terminal uridylyltransferase 7 isoform 3 [Homo sapiens]	TRUE	Tut7
XP_075919662.1	XP_011517316.1	0	N/A	63.059	425	23	0	612	terminal uridylyltransferase 7 isoform X1 [Homo sapiens]	TRUE	Tut7
XP_075919662.1	XP_011517315.1	0	N/A	63.059	425	23	0	612	terminal uridylyltransferase 7 isoform X1 [Homo sapiens]	TRUE	Tut7
XP_075919662.1	XP_011517314.1	0	N/A	63.059	425	23	0	612	terminal uridylyltransferase 7 isoform X1 [Homo sapiens]	TRUE	Tut7
XP_075919662.1	XP_011517313.1	0	N/A	63.059	425	23	0	612	terminal uridylyltransferase 7 isoform X1 [Homo sapiens]	TRUE	Tut7
XP_075919662.1	XP_047272336.1	0	N/A	55.273	512	26	0	594	terminal uridylyltransferase 4 isoform X26 [Homo sapiens]	TRUE	Tut4
XP_075919662.1	XP_047272306.1	0	N/A	55.273	512	26	0	594	terminal uridylyltransferase 4 isoform X18 [Homo sapiens]	TRUE	Tut4
XP_075919662.1	XP_047272377.1	0	N/A	55.273	512	26	0	593	terminal uridylyltransferase 4 isoform X44 [Homo sapiens]	TRUE	Tut4
XP_075919662.1	XP_016856294.1	0	N/A	55.273	512	26	0	593	terminal uridylyltransferase 4 isoform X20 [Homo sapiens]	TRUE	Tut4
XP_075919662.1	XP_047272367.1	0	N/A	55.273	512	26	0	592	terminal uridylyltransferase 4 isoform X39 [Homo sapiens]	TRUE	Tut4
XP_075919662.1	XP_047272373.1	0	N/A	54.545	517	26	2.82e-180	589	terminal uridylyltransferase 4 isoform X43 [Homo sapiens]	TRUE	Tut4
XP_075919662.1	XP_047272369.1	0	N/A	54.545	517	26	4.18e-180	589	terminal uridylyltransferase 4 isoform X41 [Homo sapiens]	TRUE	Tut4
XP_075919662.1	XP_047272311.1	0	N/A	54.545	517	26	4.3e-180	590	terminal uridylyltransferase 4 isoform X21 [Homo sapiens]	TRUE	Tut4
XP_075919662.1	XP_047272348.1	0	N/A	54.545	517	26	8.05e-180	588	terminal uridylyltransferase 4 isoform X32 [Homo sapiens]	TRUE	Tut4
XP_075919662.1	XP_047272320.1	0	N/A	54.545	517	26	1.04e-179	589	terminal uridylyltransferase 4 isoform X22 [Homo sapiens]	TRUE	Tut4
XP_075919662.1	XP_005270738.1	0	N/A	54.545	517	26	1.12e-179	590	terminal uridylyltransferase 4 isoform X14 [Homo sapiens]	TRUE	Tut4
XP_075919662.1	XP_047272327.1	0	N/A	54.651	516	26	1.24e-179	589	terminal uridylyltransferase 4 isoform X24 [Homo sapiens]	TRUE	Tut4
XP_075919662.1	XP_047272303.1	0	N/A	54.651	516	26	1.32e-179	590	terminal uridylyltransferase 4 isoform X15 [Homo sapiens]	TRUE	Tut4
XP_075919662.1	XP_047272307.1	0	N/A	54.651	516	26	1.91e-179	589	terminal uridylyltransferase 4 isoform X19 [Homo sapiens]	TRUE	Tut4
XP_075919662.1	XP_047272354.1	0	N/A	54.545	517	26	2.16e-179	587	terminal uridylyltransferase 4 isoform X35 [Homo sapiens]	TRUE	Tut4
XP_075919662.1	XP_047272362.1	0	N/A	54.651	516	26	3.14e-179	587	terminal uridylyltransferase 4 isoform X37 [Homo sapiens]	TRUE	Tut4
XP_075919662.1	NP_001172003.1	0	N/A	68.836	292	16	2.5e-137	463	terminal uridylyltransferase 7 isoform 2 [Homo sapiens]	TRUE	Tut7
XP_075919662.1	XP_016856307.1	0	N/A	54.861	144	8	4.35e-46	184	terminal uridylyltransferase 4 isoform X45 [Homo sapiens]	TRUE	Tut4
XP_075919662.1	NP_001375065.1	0	N/A	34.524	252	13	1.08e-35	142	poly(A) RNA polymerase GLD2 isoform 14 [Homo sapiens]	TRUE	TENT2
XP_075919662.1	NP_001375061.1	0	N/A	34.524	252	13	1.62e-33	138	poly(A) RNA polymerase GLD2 isoform 12 [Homo sapiens]	TRUE	TENT2
XP_075919662.1	NP_001375060.1	0	N/A	34.375	256	13	1.8e-33	138	poly(A) RNA polymerase GLD2 isoform 11 [Homo sapiens]	TRUE	TENT2
XP_075919662.1	NP_001375059.1	0	N/A	34.524	252	13	4.64e-33	137	poly(A) RNA polymerase GLD2 isoform 10 [Homo sapiens]	TRUE	TENT2
XP_075919662.1	XP_047272811.1	0	N/A	34.524	252	13	4.67e-33	137	poly(A) RNA polymerase GLD2 isoform X4 [Homo sapiens]	TRUE	TENT2
XP_075919662.1	XP_047272810.1	0	N/A	34.524	252	13	4.67e-33	137	poly(A) RNA polymerase GLD2 isoform X4 [Homo sapiens]	TRUE	TENT2
XP_075919662.1	XP_047272809.1	0	N/A	34.524	252	13	4.67e-33	137	poly(A) RNA polymerase GLD2 isoform X4 [Homo sapiens]	TRUE	TENT2
XP_075919662.1	NP_001375058.1	0	N/A	34.524	252	13	4.67e-33	137	poly(A) RNA polymerase GLD2 isoform 2 [Homo sapiens]	TRUE	TENT2
XP_075919662.1	NP_001375057.1	0	N/A	34.524	252	13	4.67e-33	137	poly(A) RNA polymerase GLD2 isoform 2 [Homo sapiens]	TRUE	TENT2
XP_075919662.1	NP_001375056.1	0	N/A	34.524	252	13	4.67e-33	137	poly(A) RNA polymerase GLD2 isoform 2 [Homo sapiens]	TRUE	TENT2
XP_075919662.1	NP_001375055.1	0	N/A	34.524	252	13	4.67e-33	137	poly(A) RNA polymerase GLD2 isoform 2 [Homo sapiens]	TRUE	TENT2
XP_075919662.1	NP_001375054.1	0	N/A	34.524	252	13	4.67e-33	137	poly(A) RNA polymerase GLD2 isoform 2 [Homo sapiens]	TRUE	TENT2
XP_075919662.1	NP_001375053.1	0	N/A	34.524	252	13	4.67e-33	137	poly(A) RNA polymerase GLD2 isoform 2 [Homo sapiens]	TRUE	TENT2
XP_075919662.1	NP_001375052.1	0	N/A	34.524	252	13	4.67e-33	137	poly(A) RNA polymerase GLD2 isoform 2 [Homo sapiens]	TRUE	TENT2
XP_075919662.1	NP_001375051.1	0	N/A	34.524	252	13	4.67e-33	137	poly(A) RNA polymerase GLD2 isoform 2 [Homo sapiens]	TRUE	TENT2
XP_075919662.1	NP_001375050.1	0	N/A	34.524	252	13	4.67e-33	137	poly(A) RNA polymerase GLD2 isoform 2 [Homo sapiens]	TRUE	TENT2
XP_075919662.1	NP_001375049.1	0	N/A	34.524	252	13	4.67e-33	137	poly(A) RNA polymerase GLD2 isoform 2 [Homo sapiens]	TRUE	TENT2
XP_075919662.1	NP_001375048.1	0	N/A	34.524	252	13	4.67e-33	137	poly(A) RNA polymerase GLD2 isoform 2 [Homo sapiens]	TRUE	TENT2
XP_075919662.1	NP_001375047.1	0	N/A	34.524	252	13	4.67e-33	137	poly(A) RNA polymerase GLD2 isoform 2 [Homo sapiens]	TRUE	TENT2
XP_075919662.1	NP_001375046.1	0	N/A	34.524	252	13	4.67e-33	137	poly(A) RNA polymerase GLD2 isoform 2 [Homo sapiens]	TRUE	TENT2
XP_075919662.1	NP_001375045.1	0	N/A	34.524	252	13	4.67e-33	137	poly(A) RNA polymerase GLD2 isoform 2 [Homo sapiens]	TRUE	TENT2
XP_075919662.1	NP_001375044.1	0	N/A	34.524	252	13	4.67e-33	137	poly(A) RNA polymerase GLD2 isoform 2 [Homo sapiens]	TRUE	TENT2
XP_075919662.1	NP_001375043.1	0	N/A	34.524	252	13	4.67e-33	137	poly(A) RNA polymerase GLD2 isoform 2 [Homo sapiens]	TRUE	TENT2
XP_075919662.1	NP_001336483.1	0	N/A	34.524	252	13	4.67e-33	137	poly(A) RNA polymerase GLD2 isoform 2 [Homo sapiens]	TRUE	TENT2
XP_075919662.1	NP_001284673.1	0	N/A	34.524	252	13	4.67e-33	137	poly(A) RNA polymerase GLD2 isoform 2 [Homo sapiens]	TRUE	TENT2
XP_075919662.1	NP_001375030.1	0	N/A	34.661	251	13	5.14e-33	137	poly(A) RNA polymerase GLD2 isoform 9 [Homo sapiens]	TRUE	TENT2
XP_075919662.1	NP_001375029.1	0	N/A	34.51	255	13	5.71e-33	137	poly(A) RNA polymerase GLD2 isoform 8 [Homo sapiens]	TRUE	TENT2
XP_075919662.1	NP_001375028.1	0	N/A	34.51	255	13	5.71e-33	137	poly(A) RNA polymerase GLD2 isoform 8 [Homo sapiens]	TRUE	TENT2
XP_075919662.1	NP_001375042.1	0	N/A	34.375	256	13	6.33e-33	137	poly(A) RNA polymerase GLD2 isoform 16 [Homo sapiens]	TRUE	TENT2
XP_075919662.1	XP_047272808.1	0	N/A	34.375	256	13	6.61e-33	137	poly(A) RNA polymerase GLD2 isoform X3 [Homo sapiens]	TRUE	TENT2
XP_075919662.1	XP_047272807.1	0	N/A	34.375	256	13	6.61e-33	137	poly(A) RNA polymerase GLD2 isoform X3 [Homo sapiens]	TRUE	TENT2
XP_075919695.1	XP_016856292.1	0	N/A	61.252	511	20	0	679	terminal uridylyltransferase 4 isoform X9 [Homo sapiens]	TRUE	Tut4
XP_075919695.1	XP_047272280.1	0	N/A	61.252	511	20	0	679	terminal uridylyltransferase 4 isoform X3 [Homo sapiens]	TRUE	Tut4
XP_075919695.1	XP_005270736.1	0	N/A	61.252	511	20	0	679	terminal uridylyltransferase 4 isoform X3 [Homo sapiens]	TRUE	Tut4
XP_075919695.1	XP_016856297.1	0	N/A	61.252	511	20	0	678	terminal uridylyltransferase 4 isoform X36 [Homo sapiens]	TRUE	Tut4
XP_075919695.1	XP_016856293.1	0	N/A	61.252	511	20	0	678	terminal uridylyltransferase 4 isoform X16 [Homo sapiens]	TRUE	Tut4
XP_075919695.1	XP_047272345.1	0	N/A	61.252	511	20	0	678	terminal uridylyltransferase 4 isoform X31 [Homo sapiens]	TRUE	Tut4
XP_075919695.1	XP_047272283.1	0	N/A	61.252	511	20	0	678	terminal uridylyltransferase 4 isoform X6 [Homo sapiens]	TRUE	Tut4
XP_075919695.1	XP_016856299.1	0	N/A	61.252	511	20	0	678	terminal uridylyltransferase 4 isoform X40 [Homo sapiens]	TRUE	Tut4
XP_075919695.1	XP_005270737.1	0	N/A	61.252	511	20	0	678	terminal uridylyltransferase 4 isoform X6 [Homo sapiens]	TRUE	Tut4
XP_075919695.1	XP_016856295.1	0	N/A	61.252	511	20	0	677	terminal uridylyltransferase 4 isoform X25 [Homo sapiens]	TRUE	Tut4
XP_075919695.1	XP_016856296.1	0	N/A	61.252	511	20	0	676	terminal uridylyltransferase 4 isoform X28 [Homo sapiens]	TRUE	Tut4
XP_075919695.1	XP_047272285.1	0	N/A	60.583	515	20	0	675	terminal uridylyltransferase 4 isoform X7 [Homo sapiens]	TRUE	Tut4
XP_075919695.1	XP_005270735.1	0	N/A	60.583	515	20	0	674	terminal uridylyltransferase 4 isoform X2 [Homo sapiens]	TRUE	Tut4
XP_075919695.1	XP_047272288.1	0	N/A	60.465	516	20	0	674	terminal uridylyltransferase 4 isoform X10 [Homo sapiens]	TRUE	Tut4
XP_075919695.1	XP_011539399.1	0	N/A	60.465	516	20	0	674	terminal uridylyltransferase 4 isoform X1 [Homo sapiens]	TRUE	Tut4
XP_075919695.1	XP_005270733.1	0	N/A	60.465	516	20	0	674	terminal uridylyltransferase 4 isoform X1 [Homo sapiens]	TRUE	Tut4
XP_075919695.1	XP_047272365.1	0	N/A	60.583	515	20	0	674	terminal uridylyltransferase 4 isoform X38 [Homo sapiens]	TRUE	Tut4
XP_075919695.1	XP_005270739.1	0	N/A	60.465	516	20	0	674	terminal uridylyltransferase 4 isoform X33 [Homo sapiens]	TRUE	Tut4
XP_075919695.1	XP_047272325.1	0	N/A	60.583	515	20	0	673	terminal uridylyltransferase 4 isoform X23 [Homo sapiens]	TRUE	Tut4
XP_075919695.1	XP_047272282.1	0	N/A	60.583	515	20	0	673	terminal uridylyltransferase 4 isoform X5 [Homo sapiens]	TRUE	Tut4
XP_075919695.1	XP_011539401.1	0	N/A	60.465	516	20	0	673	terminal uridylyltransferase 4 isoform X29 [Homo sapiens]	TRUE	Tut4
XP_075919695.1	NP_056084.1	0	N/A	60.583	515	20	0	673	terminal uridylyltransferase 4 isoform b [Homo sapiens]	TRUE	Tut4
XP_075919695.1	XP_047272281.1	0	N/A	60.465	516	20	0	673	terminal uridylyltransferase 4 isoform X4 [Homo sapiens]	TRUE	Tut4
XP_075919695.1	NP_001009881.1	0	N/A	60.465	516	20	0	673	terminal uridylyltransferase 4 isoform a [Homo sapiens]	TRUE	Tut4
XP_075919695.1	XP_047272337.1	0	N/A	60.583	515	20	0	672	terminal uridylyltransferase 4 isoform X27 [Homo sapiens]	TRUE	Tut4
XP_075919695.1	XP_047272384.1	0	N/A	60.465	516	20	0	665	terminal uridylyltransferase 4 isoform X46 [Homo sapiens]	TRUE	Tut4
XP_075919695.1	XP_047272290.1	0	N/A	59.1	511	20	0	637	terminal uridylyltransferase 4 isoform X11 [Homo sapiens]	TRUE	Tut4
XP_075919695.1	XP_047272305.1	0	N/A	59.1	511	20	0	636	terminal uridylyltransferase 4 isoform X17 [Homo sapiens]	TRUE	Tut4
XP_075919695.1	XP_047272350.1	0	N/A	59.1	511	20	0	634	terminal uridylyltransferase 4 isoform X34 [Homo sapiens]	TRUE	Tut4
XP_075919695.1	XP_047272286.1	0	N/A	58.333	516	20	0	632	terminal uridylyltransferase 4 isoform X8 [Homo sapiens]	TRUE	Tut4
XP_075919695.1	XP_047272372.1	0	N/A	58.447	515	20	0	631	terminal uridylyltransferase 4 isoform X42 [Homo sapiens]	TRUE	Tut4
XP_075919695.1	XP_047272296.1	0	N/A	58.447	515	20	0	631	terminal uridylyltransferase 4 isoform X13 [Homo sapiens]	TRUE	Tut4
XP_075919695.1	XP_047272295.1	0	N/A	58.333	516	20	0	631	terminal uridylyltransferase 4 isoform X12 [Homo sapiens]	TRUE	Tut4
XP_075919695.1	XP_047272344.1	0	N/A	58.333	516	20	0	630	terminal uridylyltransferase 4 isoform X30 [Homo sapiens]	TRUE	Tut4
XP_075919695.1	XP_005252265.1	0	N/A	62.413	431	17	0	605	terminal uridylyltransferase 7 isoform X7 [Homo sapiens]	TRUE	Tut7
XP_075919695.1	XP_047279823.1	0	N/A	62.824	425	17	0	603	terminal uridylyltransferase 7 isoform X2 [Homo sapiens]	TRUE	Tut7
XP_075919695.1	XP_006717346.1	0	N/A	62.824	425	17	0	603	terminal uridylyltransferase 7 isoform X2 [Homo sapiens]	TRUE	Tut7
XP_075919695.1	XP_016870620.1	0	N/A	62.824	425	17	0	602	terminal uridylyltransferase 7 isoform X4 [Homo sapiens]	TRUE	Tut7
XP_075919695.1	XP_016870619.1	0	N/A	62.824	425	17	0	602	terminal uridylyltransferase 7 isoform X4 [Homo sapiens]	TRUE	Tut7
XP_075919695.1	XP_011517317.1	0	N/A	62.824	425	17	0	602	terminal uridylyltransferase 7 isoform X3 [Homo sapiens]	TRUE	Tut7
XP_075919695.1	NP_078893.2	0	N/A	62.824	425	17	0	602	terminal uridylyltransferase 7 isoform 1 [Homo sapiens]	TRUE	Tut7
XP_075919695.1	NP_001171988.1	0	N/A	62.824	425	17	0	602	terminal uridylyltransferase 7 isoform 1 [Homo sapiens]	TRUE	Tut7
XP_075919695.1	XP_047279825.1	0	N/A	62.824	425	17	0	602	terminal uridylyltransferase 7 isoform X6 [Homo sapiens]	TRUE	Tut7
XP_075919695.1	XP_047279824.1	0	N/A	62.824	425	17	0	602	terminal uridylyltransferase 7 isoform X6 [Homo sapiens]	TRUE	Tut7
XP_075919695.1	XP_005252264.1	0	N/A	62.824	425	17	0	602	terminal uridylyltransferase 7 isoform X6 [Homo sapiens]	TRUE	Tut7
XP_075919695.1	XP_011517318.1	0	N/A	62.824	425	17	0	601	terminal uridylyltransferase 7 isoform X5 [Homo sapiens]	TRUE	Tut7
XP_075919695.1	XP_011517316.1	0	N/A	62.824	425	17	0	601	terminal uridylyltransferase 7 isoform X1 [Homo sapiens]	TRUE	Tut7
XP_075919695.1	XP_011517315.1	0	N/A	62.824	425	17	0	601	terminal uridylyltransferase 7 isoform X1 [Homo sapiens]	TRUE	Tut7
XP_075919695.1	XP_011517314.1	0	N/A	62.824	425	17	0	601	terminal uridylyltransferase 7 isoform X1 [Homo sapiens]	TRUE	Tut7
XP_075919695.1	XP_011517313.1	0	N/A	62.824	425	17	0	601	terminal uridylyltransferase 7 isoform X1 [Homo sapiens]	TRUE	Tut7
XP_075919695.1	NP_001317647.1	0	N/A	53.672	531	19	0	584	terminal uridylyltransferase 7 isoform 3 [Homo sapiens]	TRUE	Tut7
XP_075919695.1	XP_047272377.1	0	N/A	55.186	511	20	2.21e-178	592	terminal uridylyltransferase 4 isoform X44 [Homo sapiens]	TRUE	Tut4
XP_075919695.1	XP_047272336.1	0	N/A	55.186	511	20	7.77e-178	593	terminal uridylyltransferase 4 isoform X26 [Homo sapiens]	TRUE	Tut4
XP_075919695.1	XP_047272367.1	0	N/A	55.186	511	20	1.27e-177	591	terminal uridylyltransferase 4 isoform X39 [Homo sapiens]	TRUE	Tut4
XP_075919695.1	XP_047272306.1	0	N/A	55.186	511	20	1.51e-177	593	terminal uridylyltransferase 4 isoform X18 [Homo sapiens]	TRUE	Tut4
XP_075919695.1	XP_016856294.1	0	N/A	55.186	511	20	2.62e-177	592	terminal uridylyltransferase 4 isoform X20 [Homo sapiens]	TRUE	Tut4
XP_075919695.1	XP_047272373.1	0	N/A	54.457	516	20	1.01e-176	588	terminal uridylyltransferase 4 isoform X43 [Homo sapiens]	TRUE	Tut4
XP_075919695.1	XP_047272369.1	0	N/A	54.457	516	20	1.42e-176	588	terminal uridylyltransferase 4 isoform X41 [Homo sapiens]	TRUE	Tut4
XP_075919695.1	XP_047272311.1	0	N/A	54.457	516	20	2.12e-176	589	terminal uridylyltransferase 4 isoform X21 [Homo sapiens]	TRUE	Tut4
XP_075919695.1	XP_047272348.1	0	N/A	54.457	516	20	2.28e-176	588	terminal uridylyltransferase 4 isoform X32 [Homo sapiens]	TRUE	Tut4
XP_075919695.1	XP_047272327.1	0	N/A	54.563	515	20	3.23e-176	588	terminal uridylyltransferase 4 isoform X24 [Homo sapiens]	TRUE	Tut4
XP_075919695.1	XP_047272362.1	0	N/A	54.563	515	20	4.17e-176	587	terminal uridylyltransferase 4 isoform X37 [Homo sapiens]	TRUE	Tut4
XP_075919695.1	XP_047272320.1	0	N/A	54.457	516	20	4.86e-176	588	terminal uridylyltransferase 4 isoform X22 [Homo sapiens]	TRUE	Tut4
XP_075919695.1	XP_047272303.1	0	N/A	54.563	515	20	4.99e-176	589	terminal uridylyltransferase 4 isoform X15 [Homo sapiens]	TRUE	Tut4
XP_075919695.1	XP_047272354.1	0	N/A	54.457	516	20	6.59e-176	587	terminal uridylyltransferase 4 isoform X35 [Homo sapiens]	TRUE	Tut4
XP_075919695.1	XP_005270738.1	0	N/A	54.457	516	20	6.94e-176	588	terminal uridylyltransferase 4 isoform X14 [Homo sapiens]	TRUE	Tut4
XP_075919695.1	XP_047272307.1	0	N/A	54.563	515	20	8.65e-176	588	terminal uridylyltransferase 4 isoform X19 [Homo sapiens]	TRUE	Tut4
XP_075919695.1	NP_001172003.1	0	N/A	68.493	292	12	2.02e-132	453	terminal uridylyltransferase 7 isoform 2 [Homo sapiens]	TRUE	Tut7
XP_075919695.1	XP_047279826.1	0	N/A	48.148	216	9	3.14e-54	211	terminal uridylyltransferase 7 isoform X8 [Homo sapiens]	TRUE	Tut7
XP_075919695.1	XP_016856307.1	0	N/A	54.861	144	6	1.37e-45	183	terminal uridylyltransferase 4 isoform X45 [Homo sapiens]	TRUE	Tut4
XP_075919695.1	NP_001375065.1	0	N/A	34.109	258	10	1.3e-36	145	poly(A) RNA polymerase GLD2 isoform 14 [Homo sapiens]	TRUE	TENT2
XP_075919695.1	NP_001375061.1	0	N/A	34.524	252	10	4.23e-35	144	poly(A) RNA polymerase GLD2 isoform 12 [Homo sapiens]	TRUE	TENT2
XP_075919695.1	NP_001375060.1	0	N/A	34.375	256	10	6.59e-35	143	poly(A) RNA polymerase GLD2 isoform 11 [Homo sapiens]	TRUE	TENT2
XP_075919695.1	NP_001375059.1	0	N/A	34.524	252	10	1.59e-34	142	poly(A) RNA polymerase GLD2 isoform 10 [Homo sapiens]	TRUE	TENT2
XP_075919695.1	XP_047272811.1	0	N/A	34.524	252	10	1.66e-34	142	poly(A) RNA polymerase GLD2 isoform X4 [Homo sapiens]	TRUE	TENT2
XP_075919695.1	XP_047272810.1	0	N/A	34.524	252	10	1.66e-34	142	poly(A) RNA polymerase GLD2 isoform X4 [Homo sapiens]	TRUE	TENT2
XP_075919695.1	XP_047272809.1	0	N/A	34.524	252	10	1.66e-34	142	poly(A) RNA polymerase GLD2 isoform X4 [Homo sapiens]	TRUE	TENT2
XP_075919695.1	NP_001375058.1	0	N/A	34.524	252	10	1.66e-34	142	poly(A) RNA polymerase GLD2 isoform 2 [Homo sapiens]	TRUE	TENT2
XP_075919695.1	NP_001375057.1	0	N/A	34.524	252	10	1.66e-34	142	poly(A) RNA polymerase GLD2 isoform 2 [Homo sapiens]	TRUE	TENT2
XP_075919695.1	NP_001375056.1	0	N/A	34.524	252	10	1.66e-34	142	poly(A) RNA polymerase GLD2 isoform 2 [Homo sapiens]	TRUE	TENT2
XP_075919695.1	NP_001375055.1	0	N/A	34.524	252	10	1.66e-34	142	poly(A) RNA polymerase GLD2 isoform 2 [Homo sapiens]	TRUE	TENT2
XP_075919695.1	NP_001375054.1	0	N/A	34.524	252	10	1.66e-34	142	poly(A) RNA polymerase GLD2 isoform 2 [Homo sapiens]	TRUE	TENT2
XP_075919695.1	NP_001375053.1	0	N/A	34.524	252	10	1.66e-34	142	poly(A) RNA polymerase GLD2 isoform 2 [Homo sapiens]	TRUE	TENT2
XP_075919695.1	NP_001375052.1	0	N/A	34.524	252	10	1.66e-34	142	poly(A) RNA polymerase GLD2 isoform 2 [Homo sapiens]	TRUE	TENT2
XP_075919695.1	NP_001375051.1	0	N/A	34.524	252	10	1.66e-34	142	poly(A) RNA polymerase GLD2 isoform 2 [Homo sapiens]	TRUE	TENT2
XP_075919695.1	NP_001375050.1	0	N/A	34.524	252	10	1.66e-34	142	poly(A) RNA polymerase GLD2 isoform 2 [Homo sapiens]	TRUE	TENT2
XP_075919695.1	NP_001375049.1	0	N/A	34.524	252	10	1.66e-34	142	poly(A) RNA polymerase GLD2 isoform 2 [Homo sapiens]	TRUE	TENT2
XP_075919695.1	NP_001375048.1	0	N/A	34.524	252	10	1.66e-34	142	poly(A) RNA polymerase GLD2 isoform 2 [Homo sapiens]	TRUE	TENT2
XP_075919695.1	NP_001375047.1	0	N/A	34.524	252	10	1.66e-34	142	poly(A) RNA polymerase GLD2 isoform 2 [Homo sapiens]	TRUE	TENT2
XP_075919695.1	NP_001375046.1	0	N/A	34.524	252	10	1.66e-34	142	poly(A) RNA polymerase GLD2 isoform 2 [Homo sapiens]	TRUE	TENT2
XP_075919695.1	NP_001375045.1	0	N/A	34.524	252	10	1.66e-34	142	poly(A) RNA polymerase GLD2 isoform 2 [Homo sapiens]	TRUE	TENT2
XP_075919695.1	NP_001375044.1	0	N/A	34.524	252	10	1.66e-34	142	poly(A) RNA polymerase GLD2 isoform 2 [Homo sapiens]	TRUE	TENT2
XP_075919695.1	NP_001375043.1	0	N/A	34.524	252	10	1.66e-34	142	poly(A) RNA polymerase GLD2 isoform 2 [Homo sapiens]	TRUE	TENT2
XP_075919695.1	NP_001336483.1	0	N/A	34.524	252	10	1.66e-34	142	poly(A) RNA polymerase GLD2 isoform 2 [Homo sapiens]	TRUE	TENT2
XP_075919695.1	NP_001284673.1	0	N/A	34.524	252	10	1.66e-34	142	poly(A) RNA polymerase GLD2 isoform 2 [Homo sapiens]	TRUE	TENT2
XP_075919695.1	XP_047272808.1	0	N/A	34.375	256	10	2.15e-34	142	poly(A) RNA polymerase GLD2 isoform X3 [Homo sapiens]	TRUE	TENT2
XP_075919695.1	XP_047272807.1	0	N/A	34.375	256	10	2.15e-34	142	poly(A) RNA polymerase GLD2 isoform X3 [Homo sapiens]	TRUE	TENT2
XP_075919695.1	XP_047272806.1	0	N/A	34.375	256	10	2.15e-34	142	poly(A) RNA polymerase GLD2 isoform X3 [Homo sapiens]	TRUE	TENT2
XP_075919695.1	NP_776158.2	0	N/A	34.375	256	10	2.15e-34	142	poly(A) RNA polymerase GLD2 isoform 1 [Homo sapiens]	TRUE	TENT2
XP_075919695.1	NP_001375041.1	0	N/A	34.375	256	10	2.15e-34	142	poly(A) RNA polymerase GLD2 isoform 1 [Homo sapiens]	TRUE	TENT2
XP_077863534.1	NP_001035375.2	0	N/A	56.873	371	53	1.6e-132	404	terminal nucleotidyltransferase 4B isoform b [Homo sapiens]	TRUE	TENT4B
XP_077863534.1	XP_011521578.1	0	N/A	56.873	371	53	1.64e-132	404	terminal nucleotidyltransferase 4B isoform X2 [Homo sapiens]	TRUE	TENT4B
XP_077863534.1	XP_047290432.1	0	N/A	56.72	372	53	2.24e-132	404	terminal nucleotidyltransferase 4B isoform X4 [Homo sapiens]	TRUE	TENT4B
XP_077863534.1	NP_001035374.2	0	N/A	56.873	371	53	2.89e-132	405	terminal nucleotidyltransferase 4B isoform a [Homo sapiens]	TRUE	TENT4B
XP_077863534.1	XP_011521577.1	0	N/A	56.873	371	53	2.97e-132	405	terminal nucleotidyltransferase 4B isoform X1 [Homo sapiens]	TRUE	TENT4B
XP_077863534.1	NP_001352252.1	0	N/A	56.873	371	53	2.98e-132	405	terminal nucleotidyltransferase 4B isoform c [Homo sapiens]	TRUE	TENT4B
XP_077863534.1	XP_047290431.1	0	N/A	56.873	371	53	5e-132	404	terminal nucleotidyltransferase 4B isoform X3 [Homo sapiens]	TRUE	TENT4B
XP_077863534.1	NP_001352253.1	0	N/A	56.873	371	53	7.53e-132	405	terminal nucleotidyltransferase 4B isoform d [Homo sapiens]	TRUE	TENT4B
XP_077863534.1	XP_047290433.1	0	N/A	67.273	275	44	2.23e-129	390	terminal nucleotidyltransferase 4B isoform X6 [Homo sapiens]	TRUE	TENT4B
XP_077863534.1	XP_011521580.1	0	N/A	67.273	275	44	3.08e-129	392	terminal nucleotidyltransferase 4B isoform X5 [Homo sapiens]	TRUE	TENT4B
XP_077863534.1	NP_008930.2	0	N/A	54.768	367	53	4.39e-128	397	terminal nucleotidyltransferase 4A isoform 1 [Homo sapiens]	TRUE	TENT4A
XP_077863534.1	NP_001165276.2	0	N/A	54.768	367	53	6.7e-128	397	terminal nucleotidyltransferase 4A isoform 2 [Homo sapiens]	TRUE	TENT4A
XP_077863534.1	XP_047272622.1	0	N/A	63.86	285	46	7.57e-128	389	terminal nucleotidyltransferase 4A isoform X1 [Homo sapiens]	TRUE	TENT4A
XP_077863534.1	XP_047272621.1	0	N/A	63.86	285	46	7.57e-128	389	terminal nucleotidyltransferase 4A isoform X1 [Homo sapiens]	TRUE	TENT4A
XP_077863534.1	XP_047272620.1	0	N/A	63.86	285	46	7.57e-128	389	terminal nucleotidyltransferase 4A isoform X1 [Homo sapiens]	TRUE	TENT4A
XP_077863534.1	XP_047272624.1	0	N/A	63.86	285	46	1.28e-127	388	terminal nucleotidyltransferase 4A isoform X3 [Homo sapiens]	TRUE	TENT4A
XP_077863534.1	XP_047272623.1	0	N/A	63.86	285	46	1.3e-127	388	terminal nucleotidyltransferase 4A isoform X2 [Homo sapiens]	TRUE	TENT4A
XP_077863534.1	XP_016864477.1	0	N/A	63.86	285	46	1.3e-127	388	terminal nucleotidyltransferase 4A isoform X2 [Homo sapiens]	TRUE	TENT4A
XP_077863534.1	NP_001336477.1	0	N/A	24.272	206	28	2.97e-09	60.8	poly(A) RNA polymerase GLD2 isoform 4 [Homo sapiens]	TRUE	TENT2
XP_077863534.1	XP_047272820.1	0	N/A	24.272	206	28	3.66e-09	60.5	poly(A) RNA polymerase GLD2 isoform X11 [Homo sapiens]	TRUE	TENT2
XP_077863534.1	XP_047272811.1	0	N/A	24.272	206	28	6.03e-09	61.2	poly(A) RNA polymerase GLD2 isoform X4 [Homo sapiens]	TRUE	TENT2
XP_077863534.1	XP_047272810.1	0	N/A	24.272	206	28	6.03e-09	61.2	poly(A) RNA polymerase GLD2 isoform X4 [Homo sapiens]	TRUE	TENT2
XP_077863534.1	XP_047272809.1	0	N/A	24.272	206	28	6.03e-09	61.2	poly(A) RNA polymerase GLD2 isoform X4 [Homo sapiens]	TRUE	TENT2
XP_077863534.1	NP_001375058.1	0	N/A	24.272	206	28	6.03e-09	61.2	poly(A) RNA polymerase GLD2 isoform 2 [Homo sapiens]	TRUE	TENT2
XP_077863534.1	NP_001375057.1	0	N/A	24.272	206	28	6.03e-09	61.2	poly(A) RNA polymerase GLD2 isoform 2 [Homo sapiens]	TRUE	TENT2
XP_077863534.1	NP_001375056.1	0	N/A	24.272	206	28	6.03e-09	61.2	poly(A) RNA polymerase GLD2 isoform 2 [Homo sapiens]	TRUE	TENT2
XP_077863534.1	NP_001375055.1	0	N/A	24.272	206	28	6.03e-09	61.2	poly(A) RNA polymerase GLD2 isoform 2 [Homo sapiens]	TRUE	TENT2
XP_077863534.1	NP_001375054.1	0	N/A	24.272	206	28	6.03e-09	61.2	poly(A) RNA polymerase GLD2 isoform 2 [Homo sapiens]	TRUE	TENT2
XP_077863534.1	NP_001375053.1	0	N/A	24.272	206	28	6.03e-09	61.2	poly(A) RNA polymerase GLD2 isoform 2 [Homo sapiens]	TRUE	TENT2
XP_077863534.1	NP_001375052.1	0	N/A	24.272	206	28	6.03e-09	61.2	poly(A) RNA polymerase GLD2 isoform 2 [Homo sapiens]	TRUE	TENT2
XP_077863534.1	NP_001375051.1	0	N/A	24.272	206	28	6.03e-09	61.2	poly(A) RNA polymerase GLD2 isoform 2 [Homo sapiens]	TRUE	TENT2
XP_077863534.1	NP_001375050.1	0	N/A	24.272	206	28	6.03e-09	61.2	poly(A) RNA polymerase GLD2 isoform 2 [Homo sapiens]	TRUE	TENT2
XP_077863534.1	NP_001375049.1	0	N/A	24.272	206	28	6.03e-09	61.2	poly(A) RNA polymerase GLD2 isoform 2 [Homo sapiens]	TRUE	TENT2
XP_077863534.1	NP_001375048.1	0	N/A	24.272	206	28	6.03e-09	61.2	poly(A) RNA polymerase GLD2 isoform 2 [Homo sapiens]	TRUE	TENT2
XP_077863534.1	NP_001375047.1	0	N/A	24.272	206	28	6.03e-09	61.2	poly(A) RNA polymerase GLD2 isoform 2 [Homo sapiens]	TRUE	TENT2
XP_077863534.1	NP_001375046.1	0	N/A	24.272	206	28	6.03e-09	61.2	poly(A) RNA polymerase GLD2 isoform 2 [Homo sapiens]	TRUE	TENT2
XP_077863534.1	NP_001375045.1	0	N/A	24.272	206	28	6.03e-09	61.2	poly(A) RNA polymerase GLD2 isoform 2 [Homo sapiens]	TRUE	TENT2
XP_077863534.1	NP_001375044.1	0	N/A	24.272	206	28	6.03e-09	61.2	poly(A) RNA polymerase GLD2 isoform 2 [Homo sapiens]	TRUE	TENT2
XP_077863534.1	NP_001375043.1	0	N/A	24.272	206	28	6.03e-09	61.2	poly(A) RNA polymerase GLD2 isoform 2 [Homo sapiens]	TRUE	TENT2
XP_077863534.1	NP_001336483.1	0	N/A	24.272	206	28	6.03e-09	61.2	poly(A) RNA polymerase GLD2 isoform 2 [Homo sapiens]	TRUE	TENT2
XP_077863534.1	NP_001284673.1	0	N/A	24.272	206	28	6.03e-09	61.2	poly(A) RNA polymerase GLD2 isoform 2 [Homo sapiens]	TRUE	TENT2
XP_077863534.1	NP_001375059.1	0	N/A	24.272	206	28	6.5e-09	61.2	poly(A) RNA polymerase GLD2 isoform 10 [Homo sapiens]	TRUE	TENT2
XP_077863534.1	XP_047272808.1	0	N/A	24.272	206	28	7.17e-09	61.2	poly(A) RNA polymerase GLD2 isoform X3 [Homo sapiens]	TRUE	TENT2
XP_077863534.1	XP_047272807.1	0	N/A	24.272	206	28	7.17e-09	61.2	poly(A) RNA polymerase GLD2 isoform X3 [Homo sapiens]	TRUE	TENT2
XP_077863534.1	XP_047272806.1	0	N/A	24.272	206	28	7.17e-09	61.2	poly(A) RNA polymerase GLD2 isoform X3 [Homo sapiens]	TRUE	TENT2
XP_077863534.1	NP_776158.2	0	N/A	24.272	206	28	7.17e-09	61.2	poly(A) RNA polymerase GLD2 isoform 1 [Homo sapiens]	TRUE	TENT2
XP_077863534.1	NP_001375041.1	0	N/A	24.272	206	28	7.17e-09	61.2	poly(A) RNA polymerase GLD2 isoform 1 [Homo sapiens]	TRUE	TENT2
XP_077863534.1	NP_001375040.1	0	N/A	24.272	206	28	7.17e-09	61.2	poly(A) RNA polymerase GLD2 isoform 1 [Homo sapiens]	TRUE	TENT2
XP_077863534.1	NP_001375039.1	0	N/A	24.272	206	28	7.17e-09	61.2	poly(A) RNA polymerase GLD2 isoform 1 [Homo sapiens]	TRUE	TENT2
XP_077863534.1	NP_001375038.1	0	N/A	24.272	206	28	7.17e-09	61.2	poly(A) RNA polymerase GLD2 isoform 1 [Homo sapiens]	TRUE	TENT2
XP_077863534.1	NP_001375037.1	0	N/A	24.272	206	28	7.17e-09	61.2	poly(A) RNA polymerase GLD2 isoform 1 [Homo sapiens]	TRUE	TENT2
XP_077863534.1	NP_001375036.1	0	N/A	24.272	206	28	7.17e-09	61.2	poly(A) RNA polymerase GLD2 isoform 1 [Homo sapiens]	TRUE	TENT2
XP_077863534.1	NP_001375035.1	0	N/A	24.272	206	28	7.17e-09	61.2	poly(A) RNA polymerase GLD2 isoform 1 [Homo sapiens]	TRUE	TENT2
XP_077863534.1	NP_001375034.1	0	N/A	24.272	206	28	7.17e-09	61.2	poly(A) RNA polymerase GLD2 isoform 1 [Homo sapiens]	TRUE	TENT2
XP_077863534.1	NP_001375032.1	0	N/A	24.272	206	28	7.17e-09	61.2	poly(A) RNA polymerase GLD2 isoform 1 [Homo sapiens]	TRUE	TENT2
XP_077863534.1	NP_001375031.1	0	N/A	24.272	206	28	7.17e-09	61.2	poly(A) RNA polymerase GLD2 isoform 1 [Homo sapiens]	TRUE	TENT2
XP_077863534.1	NP_001336482.1	0	N/A	24.272	206	28	7.17e-09	61.2	poly(A) RNA polymerase GLD2 isoform 1 [Homo sapiens]	TRUE	TENT2
XP_077863534.1	NP_001336481.1	0	N/A	24.272	206	28	7.17e-09	61.2	poly(A) RNA polymerase GLD2 isoform 1 [Homo sapiens]	TRUE	TENT2
XP_077863534.1	NP_001107866.1	0	N/A	24.272	206	28	7.17e-09	61.2	poly(A) RNA polymerase GLD2 isoform 1 [Homo sapiens]	TRUE	TENT2
XP_077863534.1	NP_001107865.1	0	N/A	24.272	206	28	7.17e-09	61.2	poly(A) RNA polymerase GLD2 isoform 1 [Homo sapiens]	TRUE	TENT2
XP_077863534.1	XP_047272805.1	0	N/A	24.272	206	28	7.52e-09	61.2	poly(A) RNA polymerase GLD2 isoform X2 [Homo sapiens]	TRUE	TENT2
XP_077863534.1	XP_047272804.1	0	N/A	24.272	206	28	7.52e-09	61.2	poly(A) RNA polymerase GLD2 isoform X2 [Homo sapiens]	TRUE	TENT2
XP_077863534.1	XP_047272803.1	0	N/A	24.272	206	28	7.52e-09	61.2	poly(A) RNA polymerase GLD2 isoform X2 [Homo sapiens]	TRUE	TENT2
XP_077863534.1	XP_047272802.1	0	N/A	24.272	206	28	7.52e-09	61.2	poly(A) RNA polymerase GLD2 isoform X2 [Homo sapiens]	TRUE	TENT2
XP_077863534.1	XP_016864641.1	0	N/A	24.272	206	28	7.52e-09	61.2	poly(A) RNA polymerase GLD2 isoform X2 [Homo sapiens]	TRUE	TENT2
XP_077863534.1	NP_001375026.1	0	N/A	24.272	206	28	7.52e-09	61.2	poly(A) RNA polymerase GLD2 isoform 6 [Homo sapiens]	TRUE	TENT2
XP_077863534.1	NP_001375025.1	0	N/A	24.272	206	28	7.52e-09	61.2	poly(A) RNA polymerase GLD2 isoform 6 [Homo sapiens]	TRUE	TENT2
XP_077863534.1	NP_001375024.1	0	N/A	24.272	206	28	7.52e-09	61.2	poly(A) RNA polymerase GLD2 isoform 6 [Homo sapiens]	TRUE	TENT2
XP_077863534.1	NP_001336480.1	0	N/A	24.272	206	28	7.52e-09	61.2	poly(A) RNA polymerase GLD2 isoform 6 [Homo sapiens]	TRUE	TENT2
XP_077863534.1	NP_001375042.1	0	N/A	24.272	206	28	7.54e-09	60.8	poly(A) RNA polymerase GLD2 isoform 16 [Homo sapiens]	TRUE	TENT2
XP_077863534.1	NP_001375027.1	0	N/A	24.272	206	28	7.71e-09	60.8	poly(A) RNA polymerase GLD2 isoform 7 [Homo sapiens]	TRUE	TENT2
XP_077863534.1	NP_001375061.1	0	N/A	24.272	206	28	8.57e-09	60.8	poly(A) RNA polymerase GLD2 isoform 12 [Homo sapiens]	TRUE	TENT2
XP_077863534.1	NP_001375030.1	0	N/A	24.272	206	28	8.86e-09	60.8	poly(A) RNA polymerase GLD2 isoform 9 [Homo sapiens]	TRUE	TENT2
XP_077863534.1	XP_047272801.1	0	N/A	24.272	206	28	9.41e-09	60.8	poly(A) RNA polymerase GLD2 isoform X1 [Homo sapiens]	TRUE	TENT2
XP_077863534.1	XP_047272800.1	0	N/A	24.272	206	28	9.41e-09	60.8	poly(A) RNA polymerase GLD2 isoform X1 [Homo sapiens]	TRUE	TENT2
XP_077863534.1	XP_011541527.1	0	N/A	24.272	206	28	9.41e-09	60.8	poly(A) RNA polymerase GLD2 isoform X1 [Homo sapiens]	TRUE	TENT2
XP_077863534.1	XP_011541526.1	0	N/A	24.272	206	28	9.41e-09	60.8	poly(A) RNA polymerase GLD2 isoform X1 [Homo sapiens]	TRUE	TENT2
XP_077863534.1	XP_011541523.1	0	N/A	24.272	206	28	9.41e-09	60.8	poly(A) RNA polymerase GLD2 isoform X1 [Homo sapiens]	TRUE	TENT2
XP_077863534.1	XP_011541522.1	0	N/A	24.272	206	28	9.41e-09	60.8	poly(A) RNA polymerase GLD2 isoform X1 [Homo sapiens]	TRUE	TENT2
XP_077863534.1	NP_001375023.1	0	N/A	24.272	206	28	9.41e-09	60.8	poly(A) RNA polymerase GLD2 isoform 5 [Homo sapiens]	TRUE	TENT2
XP_077863534.1	NP_001375022.1	0	N/A	24.272	206	28	9.41e-09	60.8	poly(A) RNA polymerase GLD2 isoform 5 [Homo sapiens]	TRUE	TENT2
XP_077863534.1	NP_001336479.1	0	N/A	24.272	206	28	9.41e-09	60.8	poly(A) RNA polymerase GLD2 isoform 5 [Homo sapiens]	TRUE	TENT2
XP_077863534.1	NP_001336478.1	0	N/A	24.272	206	28	9.41e-09	60.8	poly(A) RNA polymerase GLD2 isoform 5 [Homo sapiens]	TRUE	TENT2
XP_077863534.1	NP_001375060.1	0	N/A	24.272	206	28	1.02e-08	60.5	poly(A) RNA polymerase GLD2 isoform 11 [Homo sapiens]	TRUE	TENT2
XP_077863534.1	NP_001375029.1	0	N/A	24.272	206	28	1.11e-08	60.5	poly(A) RNA polymerase GLD2 isoform 8 [Homo sapiens]	TRUE	TENT2
XP_077863534.1	NP_001375028.1	0	N/A	24.272	206	28	1.11e-08	60.5	poly(A) RNA polymerase GLD2 isoform 8 [Homo sapiens]	TRUE	TENT2
XP_077863534.1	NP_001375065.1	0	N/A	24.272	206	28	1.67e-08	59.3	poly(A) RNA polymerase GLD2 isoform 14 [Homo sapiens]	TRUE	TENT2
XP_077863534.1	XP_047272384.1	0	N/A	26.705	176	26	1.13e-07	57.8	terminal uridylyltransferase 4 isoform X46 [Homo sapiens]	TRUE	Tut4
XP_077863534.1	XP_016856293.1	0	N/A	26.705	176	26	1.5e-07	57.4	terminal uridylyltransferase 4 isoform X16 [Homo sapiens]	TRUE	Tut4
XP_077863534.1	XP_047272288.1	0	N/A	26.705	176	26	1.57e-07	57.4	terminal uridylyltransferase 4 isoform X10 [Homo sapiens]	TRUE	Tut4
XP_077863534.1	XP_016856299.1	0	N/A	26.705	176	26	1.65e-07	57.4	terminal uridylyltransferase 4 isoform X40 [Homo sapiens]	TRUE	Tut4
XP_077863534.1	XP_047272372.1	0	N/A	26.064	188	28	1.7e-07	57.4	terminal uridylyltransferase 4 isoform X42 [Homo sapiens]	TRUE	Tut4
XP_077863534.1	XP_047272283.1	0	N/A	26.705	176	26	1.76e-07	57.4	terminal uridylyltransferase 4 isoform X6 [Homo sapiens]	TRUE	Tut4
XP_077863534.1	XP_005270737.1	0	N/A	26.705	176	26	1.76e-07	57.4	terminal uridylyltransferase 4 isoform X6 [Homo sapiens]	TRUE	Tut4
XP_077863534.1	XP_047272365.1	0	N/A	26.705	176	26	1.77e-07	57.4	terminal uridylyltransferase 4 isoform X38 [Homo sapiens]	TRUE	Tut4
XP_077863534.1	XP_047272282.1	0	N/A	26.705	176	26	1.79e-07	57.4	terminal uridylyltransferase 4 isoform X5 [Homo sapiens]	TRUE	Tut4
XP_077863534.1	NP_056084.1	0	N/A	26.705	176	26	1.79e-07	57.4	terminal uridylyltransferase 4 isoform b [Homo sapiens]	TRUE	Tut4
XP_077863534.1	XP_047272281.1	0	N/A	26.705	176	26	1.79e-07	57.4	terminal uridylyltransferase 4 isoform X4 [Homo sapiens]	TRUE	Tut4
XP_077863534.1	NP_001009881.1	0	N/A	26.705	176	26	1.79e-07	57.4	terminal uridylyltransferase 4 isoform a [Homo sapiens]	TRUE	Tut4
XP_077863534.1	XP_047272295.1	0	N/A	26.064	188	28	1.81e-07	57.4	terminal uridylyltransferase 4 isoform X12 [Homo sapiens]	TRUE	Tut4
XP_078481455.1	NP_001375065.1	0	N/A	40.286	350	49	2.87e-68	230	poly(A) RNA polymerase GLD2 isoform 14 [Homo sapiens]	TRUE	TENT2
XP_078481455.1	NP_001375061.1	0	N/A	40.233	343	49	5.33e-68	232	poly(A) RNA polymerase GLD2 isoform 12 [Homo sapiens]	TRUE	TENT2
XP_078481455.1	XP_047272811.1	0	N/A	40.233	343	49	1.14e-67	232	poly(A) RNA polymerase GLD2 isoform X4 [Homo sapiens]	TRUE	TENT2
XP_078481455.1	XP_047272810.1	0	N/A	40.233	343	49	1.14e-67	232	poly(A) RNA polymerase GLD2 isoform X4 [Homo sapiens]	TRUE	TENT2
XP_078481455.1	XP_047272809.1	0	N/A	40.233	343	49	1.14e-67	232	poly(A) RNA polymerase GLD2 isoform X4 [Homo sapiens]	TRUE	TENT2
XP_078481455.1	NP_001375058.1	0	N/A	40.233	343	49	1.14e-67	232	poly(A) RNA polymerase GLD2 isoform 2 [Homo sapiens]	TRUE	TENT2
XP_078481455.1	NP_001375057.1	0	N/A	40.233	343	49	1.14e-67	232	poly(A) RNA polymerase GLD2 isoform 2 [Homo sapiens]	TRUE	TENT2
XP_078481455.1	NP_001375056.1	0	N/A	40.233	343	49	1.14e-67	232	poly(A) RNA polymerase GLD2 isoform 2 [Homo sapiens]	TRUE	TENT2
XP_078481455.1	NP_001375055.1	0	N/A	40.233	343	49	1.14e-67	232	poly(A) RNA polymerase GLD2 isoform 2 [Homo sapiens]	TRUE	TENT2
XP_078481455.1	NP_001375054.1	0	N/A	40.233	343	49	1.14e-67	232	poly(A) RNA polymerase GLD2 isoform 2 [Homo sapiens]	TRUE	TENT2
XP_078481455.1	NP_001375053.1	0	N/A	40.233	343	49	1.14e-67	232	poly(A) RNA polymerase GLD2 isoform 2 [Homo sapiens]	TRUE	TENT2
XP_078481455.1	NP_001375052.1	0	N/A	40.233	343	49	1.14e-67	232	poly(A) RNA polymerase GLD2 isoform 2 [Homo sapiens]	TRUE	TENT2
XP_078481455.1	NP_001375051.1	0	N/A	40.233	343	49	1.14e-67	232	poly(A) RNA polymerase GLD2 isoform 2 [Homo sapiens]	TRUE	TENT2
XP_078481455.1	NP_001375050.1	0	N/A	40.233	343	49	1.14e-67	232	poly(A) RNA polymerase GLD2 isoform 2 [Homo sapiens]	TRUE	TENT2
XP_078481455.1	NP_001375049.1	0	N/A	40.233	343	49	1.14e-67	232	poly(A) RNA polymerase GLD2 isoform 2 [Homo sapiens]	TRUE	TENT2
XP_078481455.1	NP_001375048.1	0	N/A	40.233	343	49	1.14e-67	232	poly(A) RNA polymerase GLD2 isoform 2 [Homo sapiens]	TRUE	TENT2
XP_078481455.1	NP_001375047.1	0	N/A	40.233	343	49	1.14e-67	232	poly(A) RNA polymerase GLD2 isoform 2 [Homo sapiens]	TRUE	TENT2
XP_078481455.1	NP_001375046.1	0	N/A	40.233	343	49	1.14e-67	232	poly(A) RNA polymerase GLD2 isoform 2 [Homo sapiens]	TRUE	TENT2
XP_078481455.1	NP_001375045.1	0	N/A	40.233	343	49	1.14e-67	232	poly(A) RNA polymerase GLD2 isoform 2 [Homo sapiens]	TRUE	TENT2
XP_078481455.1	NP_001375044.1	0	N/A	40.233	343	49	1.14e-67	232	poly(A) RNA polymerase GLD2 isoform 2 [Homo sapiens]	TRUE	TENT2
XP_078481455.1	NP_001375043.1	0	N/A	40.233	343	49	1.14e-67	232	poly(A) RNA polymerase GLD2 isoform 2 [Homo sapiens]	TRUE	TENT2
XP_078481455.1	NP_001336483.1	0	N/A	40.233	343	49	1.14e-67	232	poly(A) RNA polymerase GLD2 isoform 2 [Homo sapiens]	TRUE	TENT2
XP_078481455.1	NP_001284673.1	0	N/A	40.233	343	49	1.14e-67	232	poly(A) RNA polymerase GLD2 isoform 2 [Homo sapiens]	TRUE	TENT2
XP_078481455.1	NP_001375059.1	0	N/A	40.233	343	49	1.2e-67	232	poly(A) RNA polymerase GLD2 isoform 10 [Homo sapiens]	TRUE	TENT2
XP_078481455.1	NP_001375060.1	0	N/A	41.143	350	49	4.1e-67	229	poly(A) RNA polymerase GLD2 isoform 11 [Homo sapiens]	TRUE	TENT2
XP_078481455.1	NP_001375027.1	0	N/A	38.692	367	49	4.35e-67	231	poly(A) RNA polymerase GLD2 isoform 7 [Homo sapiens]	TRUE	TENT2
XP_078481455.1	XP_047272805.1	0	N/A	38.692	367	49	4.7e-67	231	poly(A) RNA polymerase GLD2 isoform X2 [Homo sapiens]	TRUE	TENT2
XP_078481455.1	XP_047272804.1	0	N/A	38.692	367	49	4.7e-67	231	poly(A) RNA polymerase GLD2 isoform X2 [Homo sapiens]	TRUE	TENT2
XP_078481455.1	XP_047272803.1	0	N/A	38.692	367	49	4.7e-67	231	poly(A) RNA polymerase GLD2 isoform X2 [Homo sapiens]	TRUE	TENT2
XP_078481455.1	XP_047272802.1	0	N/A	38.692	367	49	4.7e-67	231	poly(A) RNA polymerase GLD2 isoform X2 [Homo sapiens]	TRUE	TENT2
XP_078481455.1	XP_016864641.1	0	N/A	38.692	367	49	4.7e-67	231	poly(A) RNA polymerase GLD2 isoform X2 [Homo sapiens]	TRUE	TENT2
XP_078481455.1	NP_001375026.1	0	N/A	38.692	367	49	4.7e-67	231	poly(A) RNA polymerase GLD2 isoform 6 [Homo sapiens]	TRUE	TENT2
XP_078481455.1	NP_001375025.1	0	N/A	38.692	367	49	4.7e-67	231	poly(A) RNA polymerase GLD2 isoform 6 [Homo sapiens]	TRUE	TENT2
XP_078481455.1	NP_001375024.1	0	N/A	38.692	367	49	4.7e-67	231	poly(A) RNA polymerase GLD2 isoform 6 [Homo sapiens]	TRUE	TENT2
XP_078481455.1	NP_001336480.1	0	N/A	38.692	367	49	4.7e-67	231	poly(A) RNA polymerase GLD2 isoform 6 [Homo sapiens]	TRUE	TENT2
XP_078481455.1	NP_001375042.1	0	N/A	41.143	350	49	8.23e-67	229	poly(A) RNA polymerase GLD2 isoform 16 [Homo sapiens]	TRUE	TENT2
XP_078481455.1	XP_047272808.1	0	N/A	41.143	350	49	8.61e-67	229	poly(A) RNA polymerase GLD2 isoform X3 [Homo sapiens]	TRUE	TENT2
XP_078481455.1	XP_047272807.1	0	N/A	41.143	350	49	8.61e-67	229	poly(A) RNA polymerase GLD2 isoform X3 [Homo sapiens]	TRUE	TENT2
XP_078481455.1	XP_047272806.1	0	N/A	41.143	350	49	8.61e-67	229	poly(A) RNA polymerase GLD2 isoform X3 [Homo sapiens]	TRUE	TENT2
XP_078481455.1	NP_776158.2	0	N/A	41.143	350	49	8.61e-67	229	poly(A) RNA polymerase GLD2 isoform 1 [Homo sapiens]	TRUE	TENT2
XP_078481455.1	NP_001375041.1	0	N/A	41.143	350	49	8.61e-67	229	poly(A) RNA polymerase GLD2 isoform 1 [Homo sapiens]	TRUE	TENT2
XP_078481455.1	NP_001375040.1	0	N/A	41.143	350	49	8.61e-67	229	poly(A) RNA polymerase GLD2 isoform 1 [Homo sapiens]	TRUE	TENT2
XP_078481455.1	NP_001375039.1	0	N/A	41.143	350	49	8.61e-67	229	poly(A) RNA polymerase GLD2 isoform 1 [Homo sapiens]	TRUE	TENT2
XP_078481455.1	NP_001375038.1	0	N/A	41.143	350	49	8.61e-67	229	poly(A) RNA polymerase GLD2 isoform 1 [Homo sapiens]	TRUE	TENT2
XP_078481455.1	NP_001375037.1	0	N/A	41.143	350	49	8.61e-67	229	poly(A) RNA polymerase GLD2 isoform 1 [Homo sapiens]	TRUE	TENT2
XP_078481455.1	NP_001375036.1	0	N/A	41.143	350	49	8.61e-67	229	poly(A) RNA polymerase GLD2 isoform 1 [Homo sapiens]	TRUE	TENT2
XP_078481455.1	NP_001375035.1	0	N/A	41.143	350	49	8.61e-67	229	poly(A) RNA polymerase GLD2 isoform 1 [Homo sapiens]	TRUE	TENT2
XP_078481455.1	NP_001375034.1	0	N/A	41.143	350	49	8.61e-67	229	poly(A) RNA polymerase GLD2 isoform 1 [Homo sapiens]	TRUE	TENT2
XP_078481455.1	NP_001375032.1	0	N/A	41.143	350	49	8.61e-67	229	poly(A) RNA polymerase GLD2 isoform 1 [Homo sapiens]	TRUE	TENT2
XP_078481455.1	NP_001375031.1	0	N/A	41.143	350	49	8.61e-67	229	poly(A) RNA polymerase GLD2 isoform 1 [Homo sapiens]	TRUE	TENT2
XP_078481455.1	NP_001336482.1	0	N/A	41.143	350	49	8.61e-67	229	poly(A) RNA polymerase GLD2 isoform 1 [Homo sapiens]	TRUE	TENT2
XP_078481455.1	NP_001336481.1	0	N/A	41.143	350	49	8.61e-67	229	poly(A) RNA polymerase GLD2 isoform 1 [Homo sapiens]	TRUE	TENT2
XP_078481455.1	NP_001107866.1	0	N/A	41.143	350	49	8.61e-67	229	poly(A) RNA polymerase GLD2 isoform 1 [Homo sapiens]	TRUE	TENT2
XP_078481455.1	NP_001107865.1	0	N/A	41.143	350	49	8.61e-67	229	poly(A) RNA polymerase GLD2 isoform 1 [Homo sapiens]	TRUE	TENT2
XP_078481455.1	XP_047272801.1	0	N/A	39.084	371	49	6.93e-66	228	poly(A) RNA polymerase GLD2 isoform X1 [Homo sapiens]	TRUE	TENT2
XP_078481455.1	XP_047272800.1	0	N/A	39.084	371	49	6.93e-66	228	poly(A) RNA polymerase GLD2 isoform X1 [Homo sapiens]	TRUE	TENT2
XP_078481455.1	XP_011541527.1	0	N/A	39.084	371	49	6.93e-66	228	poly(A) RNA polymerase GLD2 isoform X1 [Homo sapiens]	TRUE	TENT2
XP_078481455.1	XP_011541526.1	0	N/A	39.084	371	49	6.93e-66	228	poly(A) RNA polymerase GLD2 isoform X1 [Homo sapiens]	TRUE	TENT2
XP_078481455.1	XP_011541523.1	0	N/A	39.084	371	49	6.93e-66	228	poly(A) RNA polymerase GLD2 isoform X1 [Homo sapiens]	TRUE	TENT2
XP_078481455.1	XP_011541522.1	0	N/A	39.084	371	49	6.93e-66	228	poly(A) RNA polymerase GLD2 isoform X1 [Homo sapiens]	TRUE	TENT2
XP_078481455.1	NP_001375023.1	0	N/A	39.084	371	49	6.93e-66	228	poly(A) RNA polymerase GLD2 isoform 5 [Homo sapiens]	TRUE	TENT2
XP_078481455.1	NP_001375022.1	0	N/A	39.084	371	49	6.93e-66	228	poly(A) RNA polymerase GLD2 isoform 5 [Homo sapiens]	TRUE	TENT2
XP_078481455.1	NP_001336479.1	0	N/A	39.084	371	49	6.93e-66	228	poly(A) RNA polymerase GLD2 isoform 5 [Homo sapiens]	TRUE	TENT2
XP_078481455.1	NP_001336478.1	0	N/A	39.084	371	49	6.93e-66	228	poly(A) RNA polymerase GLD2 isoform 5 [Homo sapiens]	TRUE	TENT2
XP_078481455.1	NP_001375030.1	0	N/A	39.205	352	49	2.62e-65	226	poly(A) RNA polymerase GLD2 isoform 9 [Homo sapiens]	TRUE	TENT2
XP_078481455.1	NP_001375029.1	0	N/A	40.111	359	49	1.38e-64	224	poly(A) RNA polymerase GLD2 isoform 8 [Homo sapiens]	TRUE	TENT2
XP_078481455.1	NP_001375028.1	0	N/A	40.111	359	49	1.38e-64	224	poly(A) RNA polymerase GLD2 isoform 8 [Homo sapiens]	TRUE	TENT2
XP_078481455.1	XP_047272820.1	0	N/A	42.149	242	35	6.33e-52	182	poly(A) RNA polymerase GLD2 isoform X11 [Homo sapiens]	TRUE	TENT2
XP_078481455.1	NP_001336477.1	0	N/A	42.609	230	33	1.51e-50	179	poly(A) RNA polymerase GLD2 isoform 4 [Homo sapiens]	TRUE	TENT2
XP_078481455.1	XP_047272817.1	0	N/A	44.105	229	29	6.02e-45	167	poly(A) RNA polymerase GLD2 isoform X9 [Homo sapiens]	TRUE	TENT2
XP_078481455.1	XP_047272818.1	0	N/A	48.585	212	29	1.09e-44	165	poly(A) RNA polymerase GLD2 isoform X10 [Homo sapiens]	TRUE	TENT2
XP_078481455.1	XP_047272816.1	0	N/A	44.635	233	29	7.96e-44	164	poly(A) RNA polymerase GLD2 isoform X8 [Homo sapiens]	TRUE	TENT2
XP_078481455.1	NP_001375066.1	0	N/A	42.029	207	30	2.82e-42	157	poly(A) RNA polymerase GLD2 isoform 15 [Homo sapiens]	TRUE	TENT2
XP_078481455.1	XP_047272815.1	0	N/A	32.07	343	49	1.48e-40	156	poly(A) RNA polymerase GLD2 isoform X7 [Homo sapiens]	TRUE	TENT2
XP_078481455.1	NP_001375064.1	0	N/A	32.07	343	49	1.48e-40	156	poly(A) RNA polymerase GLD2 isoform 13 [Homo sapiens]	TRUE	TENT2
XP_078481455.1	NP_001375063.1	0	N/A	32.07	343	49	1.48e-40	156	poly(A) RNA polymerase GLD2 isoform 13 [Homo sapiens]	TRUE	TENT2
XP_078481455.1	XP_047272814.1	0	N/A	33.143	350	49	1.07e-39	154	poly(A) RNA polymerase GLD2 isoform X6 [Homo sapiens]	TRUE	TENT2
XP_078481455.1	XP_047272813.1	0	N/A	33.143	350	49	1.07e-39	154	poly(A) RNA polymerase GLD2 isoform X6 [Homo sapiens]	TRUE	TENT2
XP_078481455.1	XP_047272812.1	0	N/A	33.143	350	49	1.07e-39	154	poly(A) RNA polymerase GLD2 isoform X6 [Homo sapiens]	TRUE	TENT2
XP_078481455.1	NP_001375062.1	0	N/A	33.143	350	49	1.07e-39	154	poly(A) RNA polymerase GLD2 isoform 3 [Homo sapiens]	TRUE	TENT2
XP_078481455.1	NP_001284674.1	0	N/A	33.143	350	49	1.07e-39	154	poly(A) RNA polymerase GLD2 isoform 3 [Homo sapiens]	TRUE	TENT2
XP_078481455.1	XP_011541531.1	0	N/A	31.536	371	49	4.85e-39	152	poly(A) RNA polymerase GLD2 isoform X5 [Homo sapiens]	TRUE	TENT2
XP_078481455.1	NP_001317647.1	0	N/A	28.571	364	51	7.88e-32	134	terminal uridylyltransferase 7 isoform 3 [Homo sapiens]	TRUE	Tut7
XP_078481455.1	XP_047279825.1	0	N/A	28.571	364	51	1.33e-31	134	terminal uridylyltransferase 7 isoform X6 [Homo sapiens]	TRUE	Tut7
XP_078481455.1	XP_047279824.1	0	N/A	28.571	364	51	1.33e-31	134	terminal uridylyltransferase 7 isoform X6 [Homo sapiens]	TRUE	Tut7
XP_078481455.1	XP_005252264.1	0	N/A	28.571	364	51	1.33e-31	134	terminal uridylyltransferase 7 isoform X6 [Homo sapiens]	TRUE	Tut7
XP_078481455.1	XP_011517318.1	0	N/A	28.571	364	51	1.39e-31	134	terminal uridylyltransferase 7 isoform X5 [Homo sapiens]	TRUE	Tut7
XP_078481455.1	XP_047279823.1	0	N/A	28.571	364	51	1.41e-31	134	terminal uridylyltransferase 7 isoform X2 [Homo sapiens]	TRUE	Tut7
XP_078481455.1	XP_006717346.1	0	N/A	28.571	364	51	1.41e-31	134	terminal uridylyltransferase 7 isoform X2 [Homo sapiens]	TRUE	Tut7
XP_078481455.1	XP_011517317.1	0	N/A	28.571	364	51	1.42e-31	134	terminal uridylyltransferase 7 isoform X3 [Homo sapiens]	TRUE	Tut7
XP_078481455.1	XP_016870620.1	0	N/A	28.571	364	51	1.56e-31	134	terminal uridylyltransferase 7 isoform X4 [Homo sapiens]	TRUE	Tut7
XP_078481455.1	XP_016870619.1	0	N/A	28.571	364	51	1.56e-31	134	terminal uridylyltransferase 7 isoform X4 [Homo sapiens]	TRUE	Tut7
XP_078481455.1	NP_078893.2	0	N/A	28.571	364	51	1.56e-31	134	terminal uridylyltransferase 7 isoform 1 [Homo sapiens]	TRUE	Tut7
XP_078481455.1	NP_001171988.1	0	N/A	28.571	364	51	1.56e-31	134	terminal uridylyltransferase 7 isoform 1 [Homo sapiens]	TRUE	Tut7
XP_078481455.1	XP_011517316.1	0	N/A	28.571	364	51	1.73e-31	134	terminal uridylyltransferase 7 isoform X1 [Homo sapiens]	TRUE	Tut7
XP_078481455.1	XP_011517315.1	0	N/A	28.571	364	51	1.73e-31	134	terminal uridylyltransferase 7 isoform X1 [Homo sapiens]	TRUE	Tut7
XP_078481455.1	XP_011517314.1	0	N/A	28.571	364	51	1.73e-31	134	terminal uridylyltransferase 7 isoform X1 [Homo sapiens]	TRUE	Tut7
XP_078481455.1	XP_011517313.1	0	N/A	28.571	364	51	1.73e-31	134	terminal uridylyltransferase 7 isoform X1 [Homo sapiens]	TRUE	Tut7
XP_078481455.1	XP_005252265.1	0	N/A	28.571	364	51	1.93e-31	134	terminal uridylyltransferase 7 isoform X7 [Homo sapiens]	TRUE	Tut7
XP_078481455.1	XP_047272372.1	0	N/A	30.612	294	40	1.04e-29	129	terminal uridylyltransferase 4 isoform X42 [Homo sapiens]	TRUE	Tut4
XP_078482722.1	NP_001035375.2	0	N/A	53.614	332	49	4.39e-119	372	terminal nucleotidyltransferase 4B isoform b [Homo sapiens]	TRUE	TENT4B
XP_078482722.1	XP_011521578.1	0	N/A	53.614	332	49	4.51e-119	372	terminal nucleotidyltransferase 4B isoform X2 [Homo sapiens]	TRUE	TENT4B
XP_078482722.1	NP_001035374.2	0	N/A	53.614	332	49	6.56e-119	373	terminal nucleotidyltransferase 4B isoform a [Homo sapiens]	TRUE	TENT4B
XP_078482722.1	XP_011521577.1	0	N/A	53.614	332	49	6.74e-119	373	terminal nucleotidyltransferase 4B isoform X1 [Homo sapiens]	TRUE	TENT4B
XP_078482722.1	XP_047290432.1	0	N/A	53.614	332	49	1.06e-118	370	terminal nucleotidyltransferase 4B isoform X4 [Homo sapiens]	TRUE	TENT4B
XP_078482722.1	NP_001352252.1	0	N/A	53.614	332	49	2.08e-118	371	terminal nucleotidyltransferase 4B isoform c [Homo sapiens]	TRUE	TENT4B
XP_078482722.1	XP_047290431.1	0	N/A	53.614	332	49	4.21e-118	370	terminal nucleotidyltransferase 4B isoform X3 [Homo sapiens]	TRUE	TENT4B
XP_078482722.1	NP_001352253.1	0	N/A	53.614	332	49	6.04e-118	370	terminal nucleotidyltransferase 4B isoform d [Homo sapiens]	TRUE	TENT4B
XP_078482722.1	NP_001165276.2	0	N/A	50.949	369	52	9.13e-117	370	terminal nucleotidyltransferase 4A isoform 2 [Homo sapiens]	TRUE	TENT4A
XP_078482722.1	NP_008930.2	0	N/A	50.949	369	52	1.14e-116	370	terminal nucleotidyltransferase 4A isoform 1 [Homo sapiens]	TRUE	TENT4A
XP_078482722.1	XP_047290433.1	0	N/A	54.313	313	46	1.74e-113	352	terminal nucleotidyltransferase 4B isoform X6 [Homo sapiens]	TRUE	TENT4B
XP_078482722.1	XP_011521580.1	0	N/A	54.313	313	46	3.05e-113	352	terminal nucleotidyltransferase 4B isoform X5 [Homo sapiens]	TRUE	TENT4B
XP_078482722.1	XP_047272622.1	0	N/A	54.636	302	44	2.06e-105	333	terminal nucleotidyltransferase 4A isoform X1 [Homo sapiens]	TRUE	TENT4A
XP_078482722.1	XP_047272621.1	0	N/A	54.636	302	44	2.06e-105	333	terminal nucleotidyltransferase 4A isoform X1 [Homo sapiens]	TRUE	TENT4A
XP_078482722.1	XP_047272620.1	0	N/A	54.636	302	44	2.06e-105	333	terminal nucleotidyltransferase 4A isoform X1 [Homo sapiens]	TRUE	TENT4A
XP_078482722.1	XP_047272624.1	0	N/A	54.949	293	43	5.88e-103	326	terminal nucleotidyltransferase 4A isoform X3 [Homo sapiens]	TRUE	TENT4A
XP_078482722.1	XP_047272623.1	0	N/A	54.949	293	43	6.12e-103	326	terminal nucleotidyltransferase 4A isoform X2 [Homo sapiens]	TRUE	TENT4A
XP_078482722.1	XP_016864477.1	0	N/A	54.949	293	43	6.12e-103	326	terminal nucleotidyltransferase 4A isoform X2 [Homo sapiens]	TRUE	TENT4A
XP_078482722.1	XP_016856293.1	0	N/A	23.78	328	41	5.98e-13	75.1	terminal uridylyltransferase 4 isoform X16 [Homo sapiens]	TRUE	Tut4
XP_078482722.1	XP_047272288.1	0	N/A	23.78	328	41	7.34e-13	75.1	terminal uridylyltransferase 4 isoform X10 [Homo sapiens]	TRUE	Tut4
XP_078482722.1	XP_016856299.1	0	N/A	23.78	328	41	7.76e-13	74.7	terminal uridylyltransferase 4 isoform X40 [Homo sapiens]	TRUE	Tut4
XP_078482722.1	XP_047272365.1	0	N/A	23.78	328	41	7.83e-13	74.7	terminal uridylyltransferase 4 isoform X38 [Homo sapiens]	TRUE	Tut4
XP_078482722.1	XP_016856292.1	0	N/A	23.926	326	41	9.02e-13	74.7	terminal uridylyltransferase 4 isoform X9 [Homo sapiens]	TRUE	Tut4
XP_078482722.1	XP_047272282.1	0	N/A	23.78	328	41	9.36e-13	74.7	terminal uridylyltransferase 4 isoform X5 [Homo sapiens]	TRUE	Tut4
XP_078482722.1	NP_056084.1	0	N/A	23.78	328	41	9.36e-13	74.7	terminal uridylyltransferase 4 isoform b [Homo sapiens]	TRUE	Tut4
XP_078482722.1	XP_047272281.1	0	N/A	23.78	328	41	9.61e-13	74.7	terminal uridylyltransferase 4 isoform X4 [Homo sapiens]	TRUE	Tut4
XP_078482722.1	NP_001009881.1	0	N/A	23.78	328	41	9.61e-13	74.7	terminal uridylyltransferase 4 isoform a [Homo sapiens]	TRUE	Tut4
XP_078482722.1	XP_047272283.1	0	N/A	23.78	328	41	9.68e-13	74.7	terminal uridylyltransferase 4 isoform X6 [Homo sapiens]	TRUE	Tut4
XP_078482722.1	XP_005270737.1	0	N/A	23.78	328	41	9.68e-13	74.7	terminal uridylyltransferase 4 isoform X6 [Homo sapiens]	TRUE	Tut4
XP_078482722.1	XP_047272285.1	0	N/A	23.926	326	41	1e-12	74.7	terminal uridylyltransferase 4 isoform X7 [Homo sapiens]	TRUE	Tut4
XP_078482722.1	XP_016856297.1	0	N/A	23.926	326	41	1.01e-12	74.3	terminal uridylyltransferase 4 isoform X36 [Homo sapiens]	TRUE	Tut4
XP_078482722.1	XP_005270739.1	0	N/A	23.78	328	41	1.02e-12	74.3	terminal uridylyltransferase 4 isoform X33 [Homo sapiens]	TRUE	Tut4
XP_078482722.1	XP_016856296.1	0	N/A	23.78	328	41	1.05e-12	74.3	terminal uridylyltransferase 4 isoform X28 [Homo sapiens]	TRUE	Tut4
XP_078482722.1	XP_047272345.1	0	N/A	23.78	328	41	1.08e-12	74.3	terminal uridylyltransferase 4 isoform X31 [Homo sapiens]	TRUE	Tut4
XP_078482722.1	XP_011539401.1	0	N/A	23.78	328	41	1.11e-12	74.3	terminal uridylyltransferase 4 isoform X29 [Homo sapiens]	TRUE	Tut4
XP_078482722.1	XP_047272280.1	0	N/A	23.926	326	41	1.13e-12	74.3	terminal uridylyltransferase 4 isoform X3 [Homo sapiens]	TRUE	Tut4
XP_078482722.1	XP_005270736.1	0	N/A	23.926	326	41	1.13e-12	74.3	terminal uridylyltransferase 4 isoform X3 [Homo sapiens]	TRUE	Tut4
XP_078482722.1	XP_047272337.1	0	N/A	23.78	328	41	1.16e-12	74.3	terminal uridylyltransferase 4 isoform X27 [Homo sapiens]	TRUE	Tut4
XP_078482722.1	XP_011539399.1	0	N/A	23.926	326	41	1.3e-12	74.3	terminal uridylyltransferase 4 isoform X1 [Homo sapiens]	TRUE	Tut4
XP_078482722.1	XP_005270733.1	0	N/A	23.926	326	41	1.3e-12	74.3	terminal uridylyltransferase 4 isoform X1 [Homo sapiens]	TRUE	Tut4
XP_078482722.1	XP_005270735.1	0	N/A	23.926	326	41	1.35e-12	73.9	terminal uridylyltransferase 4 isoform X2 [Homo sapiens]	TRUE	Tut4
XP_078482722.1	XP_016856295.1	0	N/A	23.78	328	41	1.46e-12	73.9	terminal uridylyltransferase 4 isoform X25 [Homo sapiens]	TRUE	Tut4
XP_078482722.1	XP_047272325.1	0	N/A	23.78	328	41	1.59e-12	73.9	terminal uridylyltransferase 4 isoform X23 [Homo sapiens]	TRUE	Tut4
XP_078482722.1	XP_047272384.1	0	N/A	23.926	326	41	1.74e-12	73.6	terminal uridylyltransferase 4 isoform X46 [Homo sapiens]	TRUE	Tut4
XP_078482722.1	XP_047279823.1	0	N/A	23.585	318	41	2.38e-12	73.2	terminal uridylyltransferase 7 isoform X2 [Homo sapiens]	TRUE	Tut7
XP_078482722.1	XP_006717346.1	0	N/A	23.585	318	41	2.38e-12	73.2	terminal uridylyltransferase 7 isoform X2 [Homo sapiens]	TRUE	Tut7
XP_078482722.1	XP_047279825.1	0	N/A	23.585	318	41	2.77e-12	73.2	terminal uridylyltransferase 7 isoform X6 [Homo sapiens]	TRUE	Tut7
XP_078482722.1	XP_047279824.1	0	N/A	23.585	318	41	2.77e-12	73.2	terminal uridylyltransferase 7 isoform X6 [Homo sapiens]	TRUE	Tut7
XP_078482722.1	XP_005252264.1	0	N/A	23.585	318	41	2.77e-12	73.2	terminal uridylyltransferase 7 isoform X6 [Homo sapiens]	TRUE	Tut7
XP_078482722.1	XP_016870620.1	0	N/A	23.585	318	41	2.81e-12	73.2	terminal uridylyltransferase 7 isoform X4 [Homo sapiens]	TRUE	Tut7
XP_078482722.1	XP_016870619.1	0	N/A	23.585	318	41	2.81e-12	73.2	terminal uridylyltransferase 7 isoform X4 [Homo sapiens]	TRUE	Tut7
XP_078482722.1	NP_078893.2	0	N/A	23.585	318	41	2.81e-12	73.2	terminal uridylyltransferase 7 isoform 1 [Homo sapiens]	TRUE	Tut7
XP_078482722.1	NP_001171988.1	0	N/A	23.585	318	41	2.81e-12	73.2	terminal uridylyltransferase 7 isoform 1 [Homo sapiens]	TRUE	Tut7
XP_078482722.1	XP_011517317.1	0	N/A	23.27	318	41	2.9e-12	73.2	terminal uridylyltransferase 7 isoform X3 [Homo sapiens]	TRUE	Tut7
XP_078482722.1	XP_011517318.1	0	N/A	23.585	318	41	2.95e-12	73.2	terminal uridylyltransferase 7 isoform X5 [Homo sapiens]	TRUE	Tut7
XP_078482722.1	NP_001317647.1	0	N/A	23.875	289	36	2.96e-12	72.8	terminal uridylyltransferase 7 isoform 3 [Homo sapiens]	TRUE	Tut7
XP_078482722.1	XP_005252265.1	0	N/A	23.875	289	36	3.18e-12	72.8	terminal uridylyltransferase 7 isoform X7 [Homo sapiens]	TRUE	Tut7
XP_078482722.1	XP_011517316.1	0	N/A	23.27	318	41	3.25e-12	72.8	terminal uridylyltransferase 7 isoform X1 [Homo sapiens]	TRUE	Tut7
XP_078482722.1	XP_011517315.1	0	N/A	23.27	318	41	3.25e-12	72.8	terminal uridylyltransferase 7 isoform X1 [Homo sapiens]	TRUE	Tut7
XP_078482722.1	XP_011517314.1	0	N/A	23.27	318	41	3.25e-12	72.8	terminal uridylyltransferase 7 isoform X1 [Homo sapiens]	TRUE	Tut7
XP_078482722.1	XP_011517313.1	0	N/A	23.27	318	41	3.25e-12	72.8	terminal uridylyltransferase 7 isoform X1 [Homo sapiens]	TRUE	Tut7
XP_078482722.1	XP_047272372.1	0	N/A	23.81	294	36	2.34e-11	70.1	terminal uridylyltransferase 4 isoform X42 [Homo sapiens]	TRUE	Tut4
XP_078482722.1	XP_047272305.1	0	N/A	23.81	294	36	2.59e-11	70.1	terminal uridylyltransferase 4 isoform X17 [Homo sapiens]	TRUE	Tut4
XP_078482722.1	XP_047272296.1	0	N/A	23.81	294	36	2.73e-11	69.7	terminal uridylyltransferase 4 isoform X13 [Homo sapiens]	TRUE	Tut4
XP_078482722.1	XP_047272295.1	0	N/A	23.81	294	36	2.75e-11	69.7	terminal uridylyltransferase 4 isoform X12 [Homo sapiens]	TRUE	Tut4
XP_078482722.1	XP_047272350.1	0	N/A	23.81	294	36	3.34e-11	69.7	terminal uridylyltransferase 4 isoform X34 [Homo sapiens]	TRUE	Tut4
XP_078482722.1	XP_047272290.1	0	N/A	23.973	292	36	3.61e-11	69.3	terminal uridylyltransferase 4 isoform X11 [Homo sapiens]	TRUE	Tut4
XP_078482722.1	XP_047272286.1	0	N/A	23.973	292	36	3.68e-11	69.3	terminal uridylyltransferase 4 isoform X8 [Homo sapiens]	TRUE	Tut4
XP_078482722.1	XP_047272344.1	0	N/A	23.81	294	36	5e-11	68.9	terminal uridylyltransferase 4 isoform X30 [Homo sapiens]	TRUE	Tut4
XP_078482722.1	XP_047272367.1	0	N/A	20.513	273	37	1.39e-10	67.4	terminal uridylyltransferase 4 isoform X39 [Homo sapiens]	TRUE	Tut4
XP_078482722.1	XP_047272354.1	0	N/A	20.513	273	37	1.63e-10	67.4	terminal uridylyltransferase 4 isoform X35 [Homo sapiens]	TRUE	Tut4
XP_078482722.1	XP_047272362.1	0	N/A	20.513	273	37	1.68e-10	67.4	terminal uridylyltransferase 4 isoform X37 [Homo sapiens]	TRUE	Tut4
XP_078482722.1	XP_047272348.1	0	N/A	20.513	273	37	2.49e-10	66.6	terminal uridylyltransferase 4 isoform X32 [Homo sapiens]	TRUE	Tut4
XP_078482722.1	XP_047272808.1	0	N/A	24.621	264	33	4.87e-10	65.1	poly(A) RNA polymerase GLD2 isoform X3 [Homo sapiens]	TRUE	TENT2
XP_078482722.1	XP_047272807.1	0	N/A	24.621	264	33	4.87e-10	65.1	poly(A) RNA polymerase GLD2 isoform X3 [Homo sapiens]	TRUE	TENT2
XP_078482722.1	XP_047272806.1	0	N/A	24.621	264	33	4.87e-10	65.1	poly(A) RNA polymerase GLD2 isoform X3 [Homo sapiens]	TRUE	TENT2
XP_078482722.1	NP_776158.2	0	N/A	24.621	264	33	4.87e-10	65.1	poly(A) RNA polymerase GLD2 isoform 1 [Homo sapiens]	TRUE	TENT2
XP_078482722.1	NP_001375041.1	0	N/A	24.621	264	33	4.87e-10	65.1	poly(A) RNA polymerase GLD2 isoform 1 [Homo sapiens]	TRUE	TENT2
XP_078482722.1	NP_001375040.1	0	N/A	24.621	264	33	4.87e-10	65.1	poly(A) RNA polymerase GLD2 isoform 1 [Homo sapiens]	TRUE	TENT2
XP_078482722.1	NP_001375039.1	0	N/A	24.621	264	33	4.87e-10	65.1	poly(A) RNA polymerase GLD2 isoform 1 [Homo sapiens]	TRUE	TENT2
XP_078482722.1	NP_001375038.1	0	N/A	24.621	264	33	4.87e-10	65.1	poly(A) RNA polymerase GLD2 isoform 1 [Homo sapiens]	TRUE	TENT2
XP_078482722.1	NP_001375037.1	0	N/A	24.621	264	33	4.87e-10	65.1	poly(A) RNA polymerase GLD2 isoform 1 [Homo sapiens]	TRUE	TENT2
XP_078482722.1	NP_001375036.1	0	N/A	24.621	264	33	4.87e-10	65.1	poly(A) RNA polymerase GLD2 isoform 1 [Homo sapiens]	TRUE	TENT2
XP_078482722.1	NP_001375035.1	0	N/A	24.621	264	33	4.87e-10	65.1	poly(A) RNA polymerase GLD2 isoform 1 [Homo sapiens]	TRUE	TENT2
XP_078482722.1	NP_001375034.1	0	N/A	24.621	264	33	4.87e-10	65.1	poly(A) RNA polymerase GLD2 isoform 1 [Homo sapiens]	TRUE	TENT2
XP_078482722.1	NP_001375032.1	0	N/A	24.621	264	33	4.87e-10	65.1	poly(A) RNA polymerase GLD2 isoform 1 [Homo sapiens]	TRUE	TENT2
XP_078482722.1	NP_001375031.1	0	N/A	24.621	264	33	4.87e-10	65.1	poly(A) RNA polymerase GLD2 isoform 1 [Homo sapiens]	TRUE	TENT2
XP_078482722.1	NP_001336482.1	0	N/A	24.621	264	33	4.87e-10	65.1	poly(A) RNA polymerase GLD2 isoform 1 [Homo sapiens]	TRUE	TENT2
XP_078482722.1	NP_001336481.1	0	N/A	24.621	264	33	4.87e-10	65.1	poly(A) RNA polymerase GLD2 isoform 1 [Homo sapiens]	TRUE	TENT2
XP_078482722.1	NP_001107866.1	0	N/A	24.621	264	33	4.87e-10	65.1	poly(A) RNA polymerase GLD2 isoform 1 [Homo sapiens]	TRUE	TENT2
XP_078482722.1	NP_001107865.1	0	N/A	24.621	264	33	4.87e-10	65.1	poly(A) RNA polymerase GLD2 isoform 1 [Homo sapiens]	TRUE	TENT2
XP_078482722.1	NP_001375042.1	0	N/A	24.621	264	33	5.26e-10	65.1	poly(A) RNA polymerase GLD2 isoform 16 [Homo sapiens]	TRUE	TENT2
XP_078482722.1	XP_047272811.1	0	N/A	24.809	262	33	5.64e-10	64.7	poly(A) RNA polymerase GLD2 isoform X4 [Homo sapiens]	TRUE	TENT2
XP_078482722.1	XP_047272810.1	0	N/A	24.809	262	33	5.64e-10	64.7	poly(A) RNA polymerase GLD2 isoform X4 [Homo sapiens]	TRUE	TENT2
XP_078482722.1	XP_047272809.1	0	N/A	24.809	262	33	5.64e-10	64.7	poly(A) RNA polymerase GLD2 isoform X4 [Homo sapiens]	TRUE	TENT2
XP_078482722.1	NP_001375058.1	0	N/A	24.809	262	33	5.64e-10	64.7	poly(A) RNA polymerase GLD2 isoform 2 [Homo sapiens]	TRUE	TENT2
XP_078482722.1	NP_001375057.1	0	N/A	24.809	262	33	5.64e-10	64.7	poly(A) RNA polymerase GLD2 isoform 2 [Homo sapiens]	TRUE	TENT2
XP_078482722.1	NP_001375056.1	0	N/A	24.809	262	33	5.64e-10	64.7	poly(A) RNA polymerase GLD2 isoform 2 [Homo sapiens]	TRUE	TENT2
XP_078482722.1	NP_001375055.1	0	N/A	24.809	262	33	5.64e-10	64.7	poly(A) RNA polymerase GLD2 isoform 2 [Homo sapiens]	TRUE	TENT2
XP_078482722.1	NP_001375054.1	0	N/A	24.809	262	33	5.64e-10	64.7	poly(A) RNA polymerase GLD2 isoform 2 [Homo sapiens]	TRUE	TENT2
XP_078484802.1	XP_047272384.1	0	N/A	43.492	653	42	1.82e-159	507	terminal uridylyltransferase 4 isoform X46 [Homo sapiens]	TRUE	Tut4
XP_078484802.1	XP_016856297.1	0	N/A	43.846	650	42	4.35e-157	517	terminal uridylyltransferase 4 isoform X36 [Homo sapiens]	TRUE	Tut4
XP_078484802.1	XP_016856299.1	0	N/A	43.846	650	42	5.88e-157	517	terminal uridylyltransferase 4 isoform X40 [Homo sapiens]	TRUE	Tut4
XP_078484802.1	XP_047272345.1	0	N/A	43.846	650	42	6.83e-157	517	terminal uridylyltransferase 4 isoform X31 [Homo sapiens]	TRUE	Tut4
XP_078484802.1	NP_001317647.1	0	N/A	57.108	415	29	1.05e-156	496	terminal uridylyltransferase 7 isoform 3 [Homo sapiens]	TRUE	Tut7
XP_078484802.1	XP_016856295.1	0	N/A	43.846	650	42	1.2e-156	517	terminal uridylyltransferase 4 isoform X25 [Homo sapiens]	TRUE	Tut4
XP_078484802.1	XP_016856293.1	0	N/A	43.846	650	42	1.44e-156	517	terminal uridylyltransferase 4 isoform X16 [Homo sapiens]	TRUE	Tut4
XP_078484802.1	XP_016856296.1	0	N/A	43.846	650	42	1.47e-156	516	terminal uridylyltransferase 4 isoform X28 [Homo sapiens]	TRUE	Tut4
XP_078484802.1	XP_016856292.1	0	N/A	43.846	650	42	1.74e-156	517	terminal uridylyltransferase 4 isoform X9 [Homo sapiens]	TRUE	Tut4
XP_078484802.1	XP_047272280.1	0	N/A	43.846	650	42	3.51e-156	517	terminal uridylyltransferase 4 isoform X3 [Homo sapiens]	TRUE	Tut4
XP_078484802.1	XP_005270736.1	0	N/A	43.846	650	42	3.51e-156	517	terminal uridylyltransferase 4 isoform X3 [Homo sapiens]	TRUE	Tut4
XP_078484802.1	XP_047272283.1	0	N/A	43.846	650	42	4e-156	517	terminal uridylyltransferase 4 isoform X6 [Homo sapiens]	TRUE	Tut4
XP_078484802.1	XP_005270737.1	0	N/A	43.846	650	42	4e-156	517	terminal uridylyltransferase 4 isoform X6 [Homo sapiens]	TRUE	Tut4
XP_078484802.1	XP_047272365.1	0	N/A	43.425	654	42	1.26e-155	513	terminal uridylyltransferase 4 isoform X38 [Homo sapiens]	TRUE	Tut4
XP_078484802.1	XP_005270739.1	0	N/A	43.359	655	42	1.79e-155	513	terminal uridylyltransferase 4 isoform X33 [Homo sapiens]	TRUE	Tut4
XP_078484802.1	XP_047272325.1	0	N/A	43.425	654	42	4.18e-155	513	terminal uridylyltransferase 4 isoform X23 [Homo sapiens]	TRUE	Tut4
XP_078484802.1	XP_047272285.1	0	N/A	43.425	654	42	4.41e-155	513	terminal uridylyltransferase 4 isoform X7 [Homo sapiens]	TRUE	Tut4
XP_078484802.1	XP_011539401.1	0	N/A	43.359	655	42	4.93e-155	512	terminal uridylyltransferase 4 isoform X29 [Homo sapiens]	TRUE	Tut4
XP_078484802.1	XP_047272337.1	0	N/A	43.425	654	42	6.6e-155	512	terminal uridylyltransferase 4 isoform X27 [Homo sapiens]	TRUE	Tut4
XP_078484802.1	XP_047272288.1	0	N/A	43.359	655	42	8.78e-155	513	terminal uridylyltransferase 4 isoform X10 [Homo sapiens]	TRUE	Tut4
XP_078484802.1	XP_047272282.1	0	N/A	43.425	654	42	1.13e-154	513	terminal uridylyltransferase 4 isoform X5 [Homo sapiens]	TRUE	Tut4
XP_078484802.1	NP_056084.1	0	N/A	43.425	654	42	1.13e-154	513	terminal uridylyltransferase 4 isoform b [Homo sapiens]	TRUE	Tut4
XP_078484802.1	XP_005270735.1	0	N/A	43.425	654	42	1.39e-154	513	terminal uridylyltransferase 4 isoform X2 [Homo sapiens]	TRUE	Tut4
XP_078484802.1	XP_047272281.1	0	N/A	43.359	655	42	1.61e-154	512	terminal uridylyltransferase 4 isoform X4 [Homo sapiens]	TRUE	Tut4
XP_078484802.1	NP_001009881.1	0	N/A	43.359	655	42	1.61e-154	512	terminal uridylyltransferase 4 isoform a [Homo sapiens]	TRUE	Tut4
XP_078484802.1	XP_011539399.1	0	N/A	43.359	655	42	2.03e-154	512	terminal uridylyltransferase 4 isoform X1 [Homo sapiens]	TRUE	Tut4
XP_078484802.1	XP_005270733.1	0	N/A	43.359	655	42	2.03e-154	512	terminal uridylyltransferase 4 isoform X1 [Homo sapiens]	TRUE	Tut4
XP_078484802.1	XP_005252265.1	0	N/A	56.398	422	29	1.73e-151	498	terminal uridylyltransferase 7 isoform X7 [Homo sapiens]	TRUE	Tut7
XP_078484802.1	XP_047272350.1	0	N/A	42.989	649	42	2.11e-150	499	terminal uridylyltransferase 4 isoform X34 [Homo sapiens]	TRUE	Tut4
XP_078484802.1	XP_047279825.1	0	N/A	57.108	415	29	6.43e-150	496	terminal uridylyltransferase 7 isoform X6 [Homo sapiens]	TRUE	Tut7
XP_078484802.1	XP_047279824.1	0	N/A	57.108	415	29	6.43e-150	496	terminal uridylyltransferase 7 isoform X6 [Homo sapiens]	TRUE	Tut7
XP_078484802.1	XP_005252264.1	0	N/A	57.108	415	29	6.43e-150	496	terminal uridylyltransferase 7 isoform X6 [Homo sapiens]	TRUE	Tut7
XP_078484802.1	XP_047272290.1	0	N/A	42.989	649	42	6.52e-150	499	terminal uridylyltransferase 4 isoform X11 [Homo sapiens]	TRUE	Tut4
XP_078484802.1	XP_047272305.1	0	N/A	42.989	649	42	8.06e-150	499	terminal uridylyltransferase 4 isoform X17 [Homo sapiens]	TRUE	Tut4
XP_078484802.1	XP_047279823.1	0	N/A	57.108	415	29	8.95e-150	497	terminal uridylyltransferase 7 isoform X2 [Homo sapiens]	TRUE	Tut7
XP_078484802.1	XP_006717346.1	0	N/A	57.108	415	29	8.95e-150	497	terminal uridylyltransferase 7 isoform X2 [Homo sapiens]	TRUE	Tut7
XP_078484802.1	XP_016870620.1	0	N/A	57.108	415	29	9.48e-150	496	terminal uridylyltransferase 7 isoform X4 [Homo sapiens]	TRUE	Tut7
XP_078484802.1	XP_016870619.1	0	N/A	57.108	415	29	9.48e-150	496	terminal uridylyltransferase 7 isoform X4 [Homo sapiens]	TRUE	Tut7
XP_078484802.1	NP_078893.2	0	N/A	57.108	415	29	9.48e-150	496	terminal uridylyltransferase 7 isoform 1 [Homo sapiens]	TRUE	Tut7
XP_078484802.1	NP_001171988.1	0	N/A	57.108	415	29	9.48e-150	496	terminal uridylyltransferase 7 isoform 1 [Homo sapiens]	TRUE	Tut7
XP_078484802.1	XP_011517318.1	0	N/A	57.108	415	29	1.24e-149	496	terminal uridylyltransferase 7 isoform X5 [Homo sapiens]	TRUE	Tut7
XP_078484802.1	XP_011517317.1	0	N/A	57.108	415	29	1.6e-149	496	terminal uridylyltransferase 7 isoform X3 [Homo sapiens]	TRUE	Tut7
XP_078484802.1	XP_047272372.1	0	N/A	42.573	653	42	2.5e-149	495	terminal uridylyltransferase 4 isoform X42 [Homo sapiens]	TRUE	Tut4
XP_078484802.1	XP_011517316.1	0	N/A	57.108	415	29	4.18e-149	496	terminal uridylyltransferase 7 isoform X1 [Homo sapiens]	TRUE	Tut7
XP_078484802.1	XP_011517315.1	0	N/A	57.108	415	29	4.18e-149	496	terminal uridylyltransferase 7 isoform X1 [Homo sapiens]	TRUE	Tut7
XP_078484802.1	XP_011517314.1	0	N/A	57.108	415	29	4.18e-149	496	terminal uridylyltransferase 7 isoform X1 [Homo sapiens]	TRUE	Tut7
XP_078484802.1	XP_011517313.1	0	N/A	57.108	415	29	4.18e-149	496	terminal uridylyltransferase 7 isoform X1 [Homo sapiens]	TRUE	Tut7
XP_078484802.1	XP_047272344.1	0	N/A	42.508	654	42	1.06e-148	494	terminal uridylyltransferase 4 isoform X30 [Homo sapiens]	TRUE	Tut4
XP_078484802.1	XP_047272296.1	0	N/A	42.573	653	42	2.28e-148	495	terminal uridylyltransferase 4 isoform X13 [Homo sapiens]	TRUE	Tut4
XP_078484802.1	XP_047272295.1	0	N/A	42.508	654	42	2.85e-148	494	terminal uridylyltransferase 4 isoform X12 [Homo sapiens]	TRUE	Tut4
XP_078484802.1	XP_047272286.1	0	N/A	42.508	654	42	2.99e-148	494	terminal uridylyltransferase 4 isoform X8 [Homo sapiens]	TRUE	Tut4
XP_078484802.1	XP_047272377.1	0	N/A	39.077	650	42	1.36e-125	429	terminal uridylyltransferase 4 isoform X44 [Homo sapiens]	TRUE	Tut4
XP_078484802.1	XP_047272336.1	0	N/A	39.077	650	42	2.34e-125	429	terminal uridylyltransferase 4 isoform X26 [Homo sapiens]	TRUE	Tut4
XP_078484802.1	XP_047272367.1	0	N/A	39.077	650	42	2.81e-125	429	terminal uridylyltransferase 4 isoform X39 [Homo sapiens]	TRUE	Tut4
XP_078484802.1	XP_047272306.1	0	N/A	39.077	650	42	5.05e-125	429	terminal uridylyltransferase 4 isoform X18 [Homo sapiens]	TRUE	Tut4
XP_078484802.1	XP_016856294.1	0	N/A	39.077	650	42	6.07e-125	429	terminal uridylyltransferase 4 isoform X20 [Homo sapiens]	TRUE	Tut4
XP_078484802.1	XP_047272369.1	0	N/A	38.626	655	42	3.46e-124	425	terminal uridylyltransferase 4 isoform X41 [Homo sapiens]	TRUE	Tut4
XP_078484802.1	XP_047272373.1	0	N/A	38.626	655	42	3.8e-124	425	terminal uridylyltransferase 4 isoform X43 [Homo sapiens]	TRUE	Tut4
XP_078484802.1	XP_047272327.1	0	N/A	38.685	654	42	6.65e-124	426	terminal uridylyltransferase 4 isoform X24 [Homo sapiens]	TRUE	Tut4
XP_078484802.1	XP_047272311.1	0	N/A	38.626	655	42	7.65e-124	425	terminal uridylyltransferase 4 isoform X21 [Homo sapiens]	TRUE	Tut4
XP_078484802.1	XP_047272320.1	0	N/A	38.626	655	42	8.33e-124	425	terminal uridylyltransferase 4 isoform X22 [Homo sapiens]	TRUE	Tut4
XP_078484802.1	XP_047272362.1	0	N/A	38.685	654	42	9.37e-124	424	terminal uridylyltransferase 4 isoform X37 [Homo sapiens]	TRUE	Tut4
XP_078484802.1	XP_047272348.1	0	N/A	38.626	655	42	1.14e-123	424	terminal uridylyltransferase 4 isoform X32 [Homo sapiens]	TRUE	Tut4
XP_078484802.1	XP_047272354.1	0	N/A	38.626	655	42	1.21e-123	424	terminal uridylyltransferase 4 isoform X35 [Homo sapiens]	TRUE	Tut4
XP_078484802.1	XP_047272303.1	0	N/A	38.685	654	42	1.42e-123	425	terminal uridylyltransferase 4 isoform X15 [Homo sapiens]	TRUE	Tut4
XP_078484802.1	XP_005270738.1	0	N/A	38.626	655	42	1.67e-123	425	terminal uridylyltransferase 4 isoform X14 [Homo sapiens]	TRUE	Tut4
XP_078484802.1	XP_047272307.1	0	N/A	38.685	654	42	1.74e-123	424	terminal uridylyltransferase 4 isoform X19 [Homo sapiens]	TRUE	Tut4
XP_078484802.1	NP_001172003.1	0	N/A	63.014	292	20	5.44e-115	395	terminal uridylyltransferase 7 isoform 2 [Homo sapiens]	TRUE	Tut7
XP_078484802.1	XP_047279826.1	0	N/A	32.829	463	32	3.7e-69	256	terminal uridylyltransferase 7 isoform X8 [Homo sapiens]	TRUE	Tut7
XP_078484802.1	XP_016856307.1	0	N/A	39.914	233	16	7.59e-47	186	terminal uridylyltransferase 4 isoform X45 [Homo sapiens]	TRUE	Tut4
XP_078484802.1	NP_001375061.1	0	N/A	30.03	333	23	1.08e-33	139	poly(A) RNA polymerase GLD2 isoform 12 [Homo sapiens]	TRUE	TENT2
XP_078484802.1	XP_047272811.1	0	N/A	30.03	333	23	1.22e-33	139	poly(A) RNA polymerase GLD2 isoform X4 [Homo sapiens]	TRUE	TENT2
XP_078484802.1	XP_047272810.1	0	N/A	30.03	333	23	1.22e-33	139	poly(A) RNA polymerase GLD2 isoform X4 [Homo sapiens]	TRUE	TENT2
XP_078484802.1	XP_047272809.1	0	N/A	30.03	333	23	1.22e-33	139	poly(A) RNA polymerase GLD2 isoform X4 [Homo sapiens]	TRUE	TENT2
XP_078484802.1	NP_001375058.1	0	N/A	30.03	333	23	1.22e-33	139	poly(A) RNA polymerase GLD2 isoform 2 [Homo sapiens]	TRUE	TENT2
XP_078484802.1	NP_001375057.1	0	N/A	30.03	333	23	1.22e-33	139	poly(A) RNA polymerase GLD2 isoform 2 [Homo sapiens]	TRUE	TENT2
XP_078484802.1	NP_001375056.1	0	N/A	30.03	333	23	1.22e-33	139	poly(A) RNA polymerase GLD2 isoform 2 [Homo sapiens]	TRUE	TENT2
XP_078484802.1	NP_001375055.1	0	N/A	30.03	333	23	1.22e-33	139	poly(A) RNA polymerase GLD2 isoform 2 [Homo sapiens]	TRUE	TENT2
XP_078484802.1	NP_001375054.1	0	N/A	30.03	333	23	1.22e-33	139	poly(A) RNA polymerase GLD2 isoform 2 [Homo sapiens]	TRUE	TENT2
XP_078484802.1	NP_001375053.1	0	N/A	30.03	333	23	1.22e-33	139	poly(A) RNA polymerase GLD2 isoform 2 [Homo sapiens]	TRUE	TENT2
XP_078484802.1	NP_001375052.1	0	N/A	30.03	333	23	1.22e-33	139	poly(A) RNA polymerase GLD2 isoform 2 [Homo sapiens]	TRUE	TENT2
XP_078484802.1	NP_001375051.1	0	N/A	30.03	333	23	1.22e-33	139	poly(A) RNA polymerase GLD2 isoform 2 [Homo sapiens]	TRUE	TENT2
XP_078484802.1	NP_001375050.1	0	N/A	30.03	333	23	1.22e-33	139	poly(A) RNA polymerase GLD2 isoform 2 [Homo sapiens]	TRUE	TENT2
XP_078484802.1	NP_001375049.1	0	N/A	30.03	333	23	1.22e-33	139	poly(A) RNA polymerase GLD2 isoform 2 [Homo sapiens]	TRUE	TENT2
XP_078484802.1	NP_001375048.1	0	N/A	30.03	333	23	1.22e-33	139	poly(A) RNA polymerase GLD2 isoform 2 [Homo sapiens]	TRUE	TENT2
XP_078484802.1	NP_001375047.1	0	N/A	30.03	333	23	1.22e-33	139	poly(A) RNA polymerase GLD2 isoform 2 [Homo sapiens]	TRUE	TENT2
XP_078484802.1	NP_001375046.1	0	N/A	30.03	333	23	1.22e-33	139	poly(A) RNA polymerase GLD2 isoform 2 [Homo sapiens]	TRUE	TENT2
XP_078484802.1	NP_001375045.1	0	N/A	30.03	333	23	1.22e-33	139	poly(A) RNA polymerase GLD2 isoform 2 [Homo sapiens]	TRUE	TENT2
XP_078484802.1	NP_001375044.1	0	N/A	30.03	333	23	1.22e-33	139	poly(A) RNA polymerase GLD2 isoform 2 [Homo sapiens]	TRUE	TENT2
XP_078484802.1	NP_001375043.1	0	N/A	30.03	333	23	1.22e-33	139	poly(A) RNA polymerase GLD2 isoform 2 [Homo sapiens]	TRUE	TENT2
XP_078484802.1	NP_001336483.1	0	N/A	30.03	333	23	1.22e-33	139	poly(A) RNA polymerase GLD2 isoform 2 [Homo sapiens]	TRUE	TENT2
XP_078484802.1	NP_001284673.1	0	N/A	30.03	333	23	1.22e-33	139	poly(A) RNA polymerase GLD2 isoform 2 [Homo sapiens]	TRUE	TENT2
XP_078484802.1	NP_001375059.1	0	N/A	30.03	333	23	1.23e-33	139	poly(A) RNA polymerase GLD2 isoform 10 [Homo sapiens]	TRUE	TENT2
XP_078484802.1	XP_047272808.1	0	N/A	29.97	337	23	1.47e-33	139	poly(A) RNA polymerase GLD2 isoform X3 [Homo sapiens]	TRUE	TENT2
XP_078484802.1	XP_047272807.1	0	N/A	29.97	337	23	1.47e-33	139	poly(A) RNA polymerase GLD2 isoform X3 [Homo sapiens]	TRUE	TENT2
XP_078484802.1	XP_047272806.1	0	N/A	29.97	337	23	1.47e-33	139	poly(A) RNA polymerase GLD2 isoform X3 [Homo sapiens]	TRUE	TENT2
XP_078484802.1	NP_776158.2	0	N/A	29.97	337	23	1.47e-33	139	poly(A) RNA polymerase GLD2 isoform 1 [Homo sapiens]	TRUE	TENT2
XP_078484802.1	NP_001375041.1	0	N/A	29.97	337	23	1.47e-33	139	poly(A) RNA polymerase GLD2 isoform 1 [Homo sapiens]	TRUE	TENT2
XP_078484802.1	NP_001375040.1	0	N/A	29.97	337	23	1.47e-33	139	poly(A) RNA polymerase GLD2 isoform 1 [Homo sapiens]	TRUE	TENT2
XP_078484802.1	NP_001375039.1	0	N/A	29.97	337	23	1.47e-33	139	poly(A) RNA polymerase GLD2 isoform 1 [Homo sapiens]	TRUE	TENT2
XP_078488327.1	NP_060579.3	0	N/A	23.25	400	73	7.39e-22	101	poly(A) RNA polymerase, mitochondrial precursor [Homo sapiens]	TRUE	mtPAP
XP_078488327.1	NP_001317647.1	0	N/A	28.155	309	52	8.74e-19	92.8	terminal uridylyltransferase 7 isoform 3 [Homo sapiens]	TRUE	Tut7
XP_078488327.1	XP_011517318.1	0	N/A	28.155	309	52	1.59e-18	92.4	terminal uridylyltransferase 7 isoform X5 [Homo sapiens]	TRUE	Tut7
XP_078488327.1	XP_005252265.1	0	N/A	28.155	309	52	1.77e-18	92	terminal uridylyltransferase 7 isoform X7 [Homo sapiens]	TRUE	Tut7
XP_078488327.1	XP_047279825.1	0	N/A	28.155	309	52	1.78e-18	92	terminal uridylyltransferase 7 isoform X6 [Homo sapiens]	TRUE	Tut7
XP_078488327.1	XP_047279824.1	0	N/A	28.155	309	52	1.78e-18	92	terminal uridylyltransferase 7 isoform X6 [Homo sapiens]	TRUE	Tut7
XP_078488327.1	XP_005252264.1	0	N/A	28.155	309	52	1.78e-18	92	terminal uridylyltransferase 7 isoform X6 [Homo sapiens]	TRUE	Tut7
XP_078488327.1	XP_011517317.1	0	N/A	28.155	309	52	1.78e-18	92	terminal uridylyltransferase 7 isoform X3 [Homo sapiens]	TRUE	Tut7
XP_078488327.1	XP_016870620.1	0	N/A	28.155	309	52	1.88e-18	92	terminal uridylyltransferase 7 isoform X4 [Homo sapiens]	TRUE	Tut7
XP_078488327.1	XP_016870619.1	0	N/A	28.155	309	52	1.88e-18	92	terminal uridylyltransferase 7 isoform X4 [Homo sapiens]	TRUE	Tut7
XP_078488327.1	NP_078893.2	0	N/A	28.155	309	52	1.88e-18	92	terminal uridylyltransferase 7 isoform 1 [Homo sapiens]	TRUE	Tut7
XP_078488327.1	NP_001171988.1	0	N/A	28.155	309	52	1.88e-18	92	terminal uridylyltransferase 7 isoform 1 [Homo sapiens]	TRUE	Tut7
XP_078488327.1	XP_047279823.1	0	N/A	28.155	309	52	1.98e-18	92	terminal uridylyltransferase 7 isoform X2 [Homo sapiens]	TRUE	Tut7
XP_078488327.1	XP_006717346.1	0	N/A	28.155	309	52	1.98e-18	92	terminal uridylyltransferase 7 isoform X2 [Homo sapiens]	TRUE	Tut7
XP_078488327.1	XP_011517316.1	0	N/A	28.155	309	52	2.35e-18	91.7	terminal uridylyltransferase 7 isoform X1 [Homo sapiens]	TRUE	Tut7
XP_078488327.1	XP_011517315.1	0	N/A	28.155	309	52	2.35e-18	91.7	terminal uridylyltransferase 7 isoform X1 [Homo sapiens]	TRUE	Tut7
XP_078488327.1	XP_011517314.1	0	N/A	28.155	309	52	2.35e-18	91.7	terminal uridylyltransferase 7 isoform X1 [Homo sapiens]	TRUE	Tut7
XP_078488327.1	XP_011517313.1	0	N/A	28.155	309	52	2.35e-18	91.7	terminal uridylyltransferase 7 isoform X1 [Homo sapiens]	TRUE	Tut7
XP_078488327.1	NP_001375030.1	0	N/A	25.784	287	51	3.16e-16	84	poly(A) RNA polymerase GLD2 isoform 9 [Homo sapiens]	TRUE	TENT2
XP_078488327.1	NP_001375065.1	0	N/A	25.368	272	48	4.95e-16	82.4	poly(A) RNA polymerase GLD2 isoform 14 [Homo sapiens]	TRUE	TENT2
XP_078488327.1	XP_047272365.1	0	N/A	28.517	263	47	6.35e-16	84	terminal uridylyltransferase 4 isoform X38 [Homo sapiens]	TRUE	Tut4
XP_078488327.1	XP_047272285.1	0	N/A	28.517	263	47	6.79e-16	84	terminal uridylyltransferase 4 isoform X7 [Homo sapiens]	TRUE	Tut4
XP_078488327.1	XP_005270739.1	0	N/A	28.09	267	47	7.12e-16	84	terminal uridylyltransferase 4 isoform X33 [Homo sapiens]	TRUE	Tut4
XP_078488327.1	XP_016856299.1	0	N/A	28.517	263	47	7.3e-16	84	terminal uridylyltransferase 4 isoform X40 [Homo sapiens]	TRUE	Tut4
XP_078488327.1	XP_047272281.1	0	N/A	28.517	263	47	7.37e-16	84	terminal uridylyltransferase 4 isoform X4 [Homo sapiens]	TRUE	Tut4
XP_078488327.1	NP_001009881.1	0	N/A	28.517	263	47	7.37e-16	84	terminal uridylyltransferase 4 isoform a [Homo sapiens]	TRUE	Tut4
XP_078488327.1	XP_016856292.1	0	N/A	28.517	263	47	7.54e-16	84	terminal uridylyltransferase 4 isoform X9 [Homo sapiens]	TRUE	Tut4
XP_078488327.1	XP_047272282.1	0	N/A	28.517	263	47	7.56e-16	84	terminal uridylyltransferase 4 isoform X5 [Homo sapiens]	TRUE	Tut4
XP_078488327.1	NP_056084.1	0	N/A	28.517	263	47	7.56e-16	84	terminal uridylyltransferase 4 isoform b [Homo sapiens]	TRUE	Tut4
XP_078488327.1	XP_047272283.1	0	N/A	28.517	263	47	7.63e-16	84	terminal uridylyltransferase 4 isoform X6 [Homo sapiens]	TRUE	Tut4
XP_078488327.1	XP_005270737.1	0	N/A	28.517	263	47	7.63e-16	84	terminal uridylyltransferase 4 isoform X6 [Homo sapiens]	TRUE	Tut4
XP_078488327.1	XP_047272337.1	0	N/A	28.897	263	47	7.68e-16	84	terminal uridylyltransferase 4 isoform X27 [Homo sapiens]	TRUE	Tut4
XP_078488327.1	XP_005270735.1	0	N/A	28.517	263	47	7.7e-16	84	terminal uridylyltransferase 4 isoform X2 [Homo sapiens]	TRUE	Tut4
XP_078488327.1	XP_011539399.1	0	N/A	28.09	267	47	7.71e-16	84	terminal uridylyltransferase 4 isoform X1 [Homo sapiens]	TRUE	Tut4
XP_078488327.1	XP_005270733.1	0	N/A	28.09	267	47	7.71e-16	84	terminal uridylyltransferase 4 isoform X1 [Homo sapiens]	TRUE	Tut4
XP_078488327.1	XP_016856297.1	0	N/A	28.09	267	47	7.77e-16	84	terminal uridylyltransferase 4 isoform X36 [Homo sapiens]	TRUE	Tut4
XP_078488327.1	XP_011539401.1	0	N/A	28.897	263	47	7.86e-16	84	terminal uridylyltransferase 4 isoform X29 [Homo sapiens]	TRUE	Tut4
XP_078488327.1	XP_047272325.1	0	N/A	28.09	267	47	8.03e-16	84	terminal uridylyltransferase 4 isoform X23 [Homo sapiens]	TRUE	Tut4
XP_078488327.1	XP_047272288.1	0	N/A	28.517	263	47	8.08e-16	84	terminal uridylyltransferase 4 isoform X10 [Homo sapiens]	TRUE	Tut4
XP_078488327.1	XP_047272345.1	0	N/A	28.897	263	47	8.27e-16	83.6	terminal uridylyltransferase 4 isoform X31 [Homo sapiens]	TRUE	Tut4
XP_078488327.1	XP_016856295.1	0	N/A	28.09	267	47	8.45e-16	83.6	terminal uridylyltransferase 4 isoform X25 [Homo sapiens]	TRUE	Tut4
XP_078488327.1	XP_016856296.1	0	N/A	28.517	263	47	8.67e-16	83.6	terminal uridylyltransferase 4 isoform X28 [Homo sapiens]	TRUE	Tut4
XP_078488327.1	XP_016856293.1	0	N/A	28.517	263	47	8.8e-16	83.6	terminal uridylyltransferase 4 isoform X16 [Homo sapiens]	TRUE	Tut4
XP_078488327.1	XP_047272280.1	0	N/A	28.517	263	47	9e-16	83.6	terminal uridylyltransferase 4 isoform X3 [Homo sapiens]	TRUE	Tut4
XP_078488327.1	XP_005270736.1	0	N/A	28.517	263	47	9e-16	83.6	terminal uridylyltransferase 4 isoform X3 [Homo sapiens]	TRUE	Tut4
XP_078488327.1	XP_047272372.1	0	N/A	29.675	246	44	1.17e-15	83.2	terminal uridylyltransferase 4 isoform X42 [Homo sapiens]	TRUE	Tut4
XP_078488327.1	XP_047272296.1	0	N/A	29.675	246	44	1.3e-15	83.2	terminal uridylyltransferase 4 isoform X13 [Homo sapiens]	TRUE	Tut4
XP_078488327.1	XP_047272286.1	0	N/A	29.2	250	44	1.33e-15	83.2	terminal uridylyltransferase 4 isoform X8 [Homo sapiens]	TRUE	Tut4
XP_078488327.1	XP_047272295.1	0	N/A	29.675	246	44	1.34e-15	83.2	terminal uridylyltransferase 4 isoform X12 [Homo sapiens]	TRUE	Tut4
XP_078488327.1	XP_047272344.1	0	N/A	29.2	250	44	1.36e-15	83.2	terminal uridylyltransferase 4 isoform X30 [Homo sapiens]	TRUE	Tut4
XP_078488327.1	XP_047272305.1	0	N/A	29.675	246	44	1.36e-15	83.2	terminal uridylyltransferase 4 isoform X17 [Homo sapiens]	TRUE	Tut4
XP_078488327.1	XP_047272290.1	0	N/A	29.2	250	44	1.36e-15	83.2	terminal uridylyltransferase 4 isoform X11 [Homo sapiens]	TRUE	Tut4
XP_078488327.1	XP_047272350.1	0	N/A	30.081	246	44	1.38e-15	83.2	terminal uridylyltransferase 4 isoform X34 [Homo sapiens]	TRUE	Tut4
XP_078488327.1	NP_001375061.1	0	N/A	25.368	272	48	1.65e-15	81.6	poly(A) RNA polymerase GLD2 isoform 12 [Homo sapiens]	TRUE	TENT2
XP_078488327.1	XP_047272805.1	0	N/A	26.642	274	48	1.79e-15	81.6	poly(A) RNA polymerase GLD2 isoform X2 [Homo sapiens]	TRUE	TENT2
XP_078488327.1	XP_047272804.1	0	N/A	26.642	274	48	1.79e-15	81.6	poly(A) RNA polymerase GLD2 isoform X2 [Homo sapiens]	TRUE	TENT2
XP_078488327.1	XP_047272803.1	0	N/A	26.642	274	48	1.79e-15	81.6	poly(A) RNA polymerase GLD2 isoform X2 [Homo sapiens]	TRUE	TENT2
XP_078488327.1	XP_047272802.1	0	N/A	26.642	274	48	1.79e-15	81.6	poly(A) RNA polymerase GLD2 isoform X2 [Homo sapiens]	TRUE	TENT2
XP_078488327.1	XP_016864641.1	0	N/A	26.642	274	48	1.79e-15	81.6	poly(A) RNA polymerase GLD2 isoform X2 [Homo sapiens]	TRUE	TENT2
XP_078488327.1	NP_001375026.1	0	N/A	26.642	274	48	1.79e-15	81.6	poly(A) RNA polymerase GLD2 isoform 6 [Homo sapiens]	TRUE	TENT2
XP_078488327.1	NP_001375025.1	0	N/A	26.642	274	48	1.79e-15	81.6	poly(A) RNA polymerase GLD2 isoform 6 [Homo sapiens]	TRUE	TENT2
XP_078488327.1	NP_001375024.1	0	N/A	26.642	274	48	1.79e-15	81.6	poly(A) RNA polymerase GLD2 isoform 6 [Homo sapiens]	TRUE	TENT2
XP_078488327.1	NP_001336480.1	0	N/A	26.642	274	48	1.79e-15	81.6	poly(A) RNA polymerase GLD2 isoform 6 [Homo sapiens]	TRUE	TENT2
XP_078488327.1	NP_001375027.1	0	N/A	26.642	274	48	1.95e-15	81.6	poly(A) RNA polymerase GLD2 isoform 7 [Homo sapiens]	TRUE	TENT2
XP_078488327.1	XP_047272811.1	0	N/A	25.368	272	48	1.96e-15	81.3	poly(A) RNA polymerase GLD2 isoform X4 [Homo sapiens]	TRUE	TENT2
XP_078488327.1	XP_047272810.1	0	N/A	25.368	272	48	1.96e-15	81.3	poly(A) RNA polymerase GLD2 isoform X4 [Homo sapiens]	TRUE	TENT2
XP_078488327.1	XP_047272809.1	0	N/A	25.368	272	48	1.96e-15	81.3	poly(A) RNA polymerase GLD2 isoform X4 [Homo sapiens]	TRUE	TENT2
XP_078488327.1	NP_001375058.1	0	N/A	25.368	272	48	1.96e-15	81.3	poly(A) RNA polymerase GLD2 isoform 2 [Homo sapiens]	TRUE	TENT2
XP_078488327.1	NP_001375057.1	0	N/A	25.368	272	48	1.96e-15	81.3	poly(A) RNA polymerase GLD2 isoform 2 [Homo sapiens]	TRUE	TENT2
XP_078488327.1	NP_001375056.1	0	N/A	25.368	272	48	1.96e-15	81.3	poly(A) RNA polymerase GLD2 isoform 2 [Homo sapiens]	TRUE	TENT2
XP_078488327.1	NP_001375055.1	0	N/A	25.368	272	48	1.96e-15	81.3	poly(A) RNA polymerase GLD2 isoform 2 [Homo sapiens]	TRUE	TENT2
XP_078488327.1	NP_001375054.1	0	N/A	25.368	272	48	1.96e-15	81.3	poly(A) RNA polymerase GLD2 isoform 2 [Homo sapiens]	TRUE	TENT2
XP_078488327.1	NP_001375053.1	0	N/A	25.368	272	48	1.96e-15	81.3	poly(A) RNA polymerase GLD2 isoform 2 [Homo sapiens]	TRUE	TENT2
XP_078488327.1	NP_001375052.1	0	N/A	25.368	272	48	1.96e-15	81.3	poly(A) RNA polymerase GLD2 isoform 2 [Homo sapiens]	TRUE	TENT2
XP_078488327.1	NP_001375051.1	0	N/A	25.368	272	48	1.96e-15	81.3	poly(A) RNA polymerase GLD2 isoform 2 [Homo sapiens]	TRUE	TENT2
XP_078488327.1	NP_001375050.1	0	N/A	25.368	272	48	1.96e-15	81.3	poly(A) RNA polymerase GLD2 isoform 2 [Homo sapiens]	TRUE	TENT2
XP_078488327.1	NP_001375049.1	0	N/A	25.368	272	48	1.96e-15	81.3	poly(A) RNA polymerase GLD2 isoform 2 [Homo sapiens]	TRUE	TENT2
XP_078488327.1	NP_001375048.1	0	N/A	25.368	272	48	1.96e-15	81.3	poly(A) RNA polymerase GLD2 isoform 2 [Homo sapiens]	TRUE	TENT2
XP_078488327.1	NP_001375047.1	0	N/A	25.368	272	48	1.96e-15	81.3	poly(A) RNA polymerase GLD2 isoform 2 [Homo sapiens]	TRUE	TENT2
XP_078488327.1	NP_001375046.1	0	N/A	25.368	272	48	1.96e-15	81.3	poly(A) RNA polymerase GLD2 isoform 2 [Homo sapiens]	TRUE	TENT2
XP_078488327.1	NP_001375045.1	0	N/A	25.368	272	48	1.96e-15	81.3	poly(A) RNA polymerase GLD2 isoform 2 [Homo sapiens]	TRUE	TENT2
XP_078488327.1	NP_001375044.1	0	N/A	25.368	272	48	1.96e-15	81.3	poly(A) RNA polymerase GLD2 isoform 2 [Homo sapiens]	TRUE	TENT2
XP_078488327.1	NP_001375043.1	0	N/A	25.368	272	48	1.96e-15	81.3	poly(A) RNA polymerase GLD2 isoform 2 [Homo sapiens]	TRUE	TENT2
XP_078488327.1	NP_001336483.1	0	N/A	25.368	272	48	1.96e-15	81.3	poly(A) RNA polymerase GLD2 isoform 2 [Homo sapiens]	TRUE	TENT2
XP_078488327.1	NP_001284673.1	0	N/A	25.368	272	48	1.96e-15	81.3	poly(A) RNA polymerase GLD2 isoform 2 [Homo sapiens]	TRUE	TENT2
XP_078488327.1	XP_047272384.1	0	N/A	28.517	263	47	2.09e-15	82	terminal uridylyltransferase 4 isoform X46 [Homo sapiens]	TRUE	Tut4
XP_078488327.1	NP_001375059.1	0	N/A	25.368	272	48	2.09e-15	81.3	poly(A) RNA polymerase GLD2 isoform 10 [Homo sapiens]	TRUE	TENT2
XP_078488327.1	NP_001375029.1	0	N/A	25.685	292	51	3.3e-15	80.9	poly(A) RNA polymerase GLD2 isoform 8 [Homo sapiens]	TRUE	TENT2
XP_078488327.1	NP_001375028.1	0	N/A	25.685	292	51	3.3e-15	80.9	poly(A) RNA polymerase GLD2 isoform 8 [Homo sapiens]	TRUE	TENT2
XP_078488327.1	NP_001172003.1	0	N/A	28.509	228	39	4.96e-15	81.3	terminal uridylyltransferase 7 isoform 2 [Homo sapiens]	TRUE	Tut7
XP_078488327.1	NP_001375060.1	0	N/A	25.271	277	48	1.68e-14	78.2	poly(A) RNA polymerase GLD2 isoform 11 [Homo sapiens]	TRUE	TENT2
XP_078488327.1	NP_001375042.1	0	N/A	25.271	277	48	1.99e-14	78.2	poly(A) RNA polymerase GLD2 isoform 16 [Homo sapiens]	TRUE	TENT2
XP_078488327.1	XP_047272808.1	0	N/A	25.271	277	48	2.13e-14	78.2	poly(A) RNA polymerase GLD2 isoform X3 [Homo sapiens]	TRUE	TENT2
XP_078488327.1	XP_047272807.1	0	N/A	25.271	277	48	2.13e-14	78.2	poly(A) RNA polymerase GLD2 isoform X3 [Homo sapiens]	TRUE	TENT2
XP_078488327.1	XP_047272806.1	0	N/A	25.271	277	48	2.13e-14	78.2	poly(A) RNA polymerase GLD2 isoform X3 [Homo sapiens]	TRUE	TENT2
XP_078488327.1	NP_776158.2	0	N/A	25.271	277	48	2.13e-14	78.2	poly(A) RNA polymerase GLD2 isoform 1 [Homo sapiens]	TRUE	TENT2
XP_078488327.1	NP_001375041.1	0	N/A	25.271	277	48	2.13e-14	78.2	poly(A) RNA polymerase GLD2 isoform 1 [Homo sapiens]	TRUE	TENT2
XP_078488327.1	NP_001375040.1	0	N/A	25.271	277	48	2.13e-14	78.2	poly(A) RNA polymerase GLD2 isoform 1 [Homo sapiens]	TRUE	TENT2
XP_078488327.1	NP_001375039.1	0	N/A	25.271	277	48	2.13e-14	78.2	poly(A) RNA polymerase GLD2 isoform 1 [Homo sapiens]	TRUE	TENT2
XP_078488327.1	NP_001375038.1	0	N/A	25.271	277	48	2.13e-14	78.2	poly(A) RNA polymerase GLD2 isoform 1 [Homo sapiens]	TRUE	TENT2
XP_081628929.1	NP_001375065.1	0	N/A	37.419	310	48	5.8e-47	171	poly(A) RNA polymerase GLD2 isoform 14 [Homo sapiens]	TRUE	TENT2
XP_081628929.1	NP_001375061.1	0	N/A	37.417	302	46	2.18e-46	172	poly(A) RNA polymerase GLD2 isoform 12 [Homo sapiens]	TRUE	TENT2
XP_081628929.1	XP_047272811.1	0	N/A	37.417	302	46	2.89e-46	172	poly(A) RNA polymerase GLD2 isoform X4 [Homo sapiens]	TRUE	TENT2
XP_081628929.1	XP_047272810.1	0	N/A	37.417	302	46	2.89e-46	172	poly(A) RNA polymerase GLD2 isoform X4 [Homo sapiens]	TRUE	TENT2
XP_081628929.1	XP_047272809.1	0	N/A	37.417	302	46	2.89e-46	172	poly(A) RNA polymerase GLD2 isoform X4 [Homo sapiens]	TRUE	TENT2
XP_081628929.1	NP_001375058.1	0	N/A	37.417	302	46	2.89e-46	172	poly(A) RNA polymerase GLD2 isoform 2 [Homo sapiens]	TRUE	TENT2
XP_081628929.1	NP_001375057.1	0	N/A	37.417	302	46	2.89e-46	172	poly(A) RNA polymerase GLD2 isoform 2 [Homo sapiens]	TRUE	TENT2
XP_081628929.1	NP_001375056.1	0	N/A	37.417	302	46	2.89e-46	172	poly(A) RNA polymerase GLD2 isoform 2 [Homo sapiens]	TRUE	TENT2
XP_081628929.1	NP_001375055.1	0	N/A	37.417	302	46	2.89e-46	172	poly(A) RNA polymerase GLD2 isoform 2 [Homo sapiens]	TRUE	TENT2
XP_081628929.1	NP_001375054.1	0	N/A	37.417	302	46	2.89e-46	172	poly(A) RNA polymerase GLD2 isoform 2 [Homo sapiens]	TRUE	TENT2
XP_081628929.1	NP_001375053.1	0	N/A	37.417	302	46	2.89e-46	172	poly(A) RNA polymerase GLD2 isoform 2 [Homo sapiens]	TRUE	TENT2
XP_081628929.1	NP_001375052.1	0	N/A	37.417	302	46	2.89e-46	172	poly(A) RNA polymerase GLD2 isoform 2 [Homo sapiens]	TRUE	TENT2
XP_081628929.1	NP_001375051.1	0	N/A	37.417	302	46	2.89e-46	172	poly(A) RNA polymerase GLD2 isoform 2 [Homo sapiens]	TRUE	TENT2
XP_081628929.1	NP_001375050.1	0	N/A	37.417	302	46	2.89e-46	172	poly(A) RNA polymerase GLD2 isoform 2 [Homo sapiens]	TRUE	TENT2
XP_081628929.1	NP_001375049.1	0	N/A	37.417	302	46	2.89e-46	172	poly(A) RNA polymerase GLD2 isoform 2 [Homo sapiens]	TRUE	TENT2
XP_081628929.1	NP_001375048.1	0	N/A	37.417	302	46	2.89e-46	172	poly(A) RNA polymerase GLD2 isoform 2 [Homo sapiens]	TRUE	TENT2
XP_081628929.1	NP_001375047.1	0	N/A	37.417	302	46	2.89e-46	172	poly(A) RNA polymerase GLD2 isoform 2 [Homo sapiens]	TRUE	TENT2
XP_081628929.1	NP_001375046.1	0	N/A	37.417	302	46	2.89e-46	172	poly(A) RNA polymerase GLD2 isoform 2 [Homo sapiens]	TRUE	TENT2
XP_081628929.1	NP_001375045.1	0	N/A	37.417	302	46	2.89e-46	172	poly(A) RNA polymerase GLD2 isoform 2 [Homo sapiens]	TRUE	TENT2
XP_081628929.1	NP_001375044.1	0	N/A	37.417	302	46	2.89e-46	172	poly(A) RNA polymerase GLD2 isoform 2 [Homo sapiens]	TRUE	TENT2
XP_081628929.1	NP_001375043.1	0	N/A	37.417	302	46	2.89e-46	172	poly(A) RNA polymerase GLD2 isoform 2 [Homo sapiens]	TRUE	TENT2
XP_081628929.1	NP_001336483.1	0	N/A	37.417	302	46	2.89e-46	172	poly(A) RNA polymerase GLD2 isoform 2 [Homo sapiens]	TRUE	TENT2
XP_081628929.1	NP_001284673.1	0	N/A	37.417	302	46	2.89e-46	172	poly(A) RNA polymerase GLD2 isoform 2 [Homo sapiens]	TRUE	TENT2
XP_081628929.1	NP_001375059.1	0	N/A	37.417	302	46	3.19e-46	172	poly(A) RNA polymerase GLD2 isoform 10 [Homo sapiens]	TRUE	TENT2
XP_081628929.1	NP_001375060.1	0	N/A	37.705	305	46	6.83e-46	171	poly(A) RNA polymerase GLD2 isoform 11 [Homo sapiens]	TRUE	TENT2
XP_081628929.1	NP_001375042.1	0	N/A	37.705	305	46	9.6e-46	171	poly(A) RNA polymerase GLD2 isoform 16 [Homo sapiens]	TRUE	TENT2
XP_081628929.1	XP_047272808.1	0	N/A	37.705	305	46	9.68e-46	171	poly(A) RNA polymerase GLD2 isoform X3 [Homo sapiens]	TRUE	TENT2
XP_081628929.1	XP_047272807.1	0	N/A	37.705	305	46	9.68e-46	171	poly(A) RNA polymerase GLD2 isoform X3 [Homo sapiens]	TRUE	TENT2
XP_081628929.1	XP_047272806.1	0	N/A	37.705	305	46	9.68e-46	171	poly(A) RNA polymerase GLD2 isoform X3 [Homo sapiens]	TRUE	TENT2
XP_081628929.1	NP_776158.2	0	N/A	37.705	305	46	9.68e-46	171	poly(A) RNA polymerase GLD2 isoform 1 [Homo sapiens]	TRUE	TENT2
XP_081628929.1	NP_001375041.1	0	N/A	37.705	305	46	9.68e-46	171	poly(A) RNA polymerase GLD2 isoform 1 [Homo sapiens]	TRUE	TENT2
XP_081628929.1	NP_001375040.1	0	N/A	37.705	305	46	9.68e-46	171	poly(A) RNA polymerase GLD2 isoform 1 [Homo sapiens]	TRUE	TENT2
XP_081628929.1	NP_001375039.1	0	N/A	37.705	305	46	9.68e-46	171	poly(A) RNA polymerase GLD2 isoform 1 [Homo sapiens]	TRUE	TENT2
XP_081628929.1	NP_001375038.1	0	N/A	37.705	305	46	9.68e-46	171	poly(A) RNA polymerase GLD2 isoform 1 [Homo sapiens]	TRUE	TENT2
XP_081628929.1	NP_001375037.1	0	N/A	37.705	305	46	9.68e-46	171	poly(A) RNA polymerase GLD2 isoform 1 [Homo sapiens]	TRUE	TENT2
XP_081628929.1	NP_001375036.1	0	N/A	37.705	305	46	9.68e-46	171	poly(A) RNA polymerase GLD2 isoform 1 [Homo sapiens]	TRUE	TENT2
XP_081628929.1	NP_001375035.1	0	N/A	37.705	305	46	9.68e-46	171	poly(A) RNA polymerase GLD2 isoform 1 [Homo sapiens]	TRUE	TENT2
XP_081628929.1	NP_001375034.1	0	N/A	37.705	305	46	9.68e-46	171	poly(A) RNA polymerase GLD2 isoform 1 [Homo sapiens]	TRUE	TENT2
XP_081628929.1	NP_001375032.1	0	N/A	37.705	305	46	9.68e-46	171	poly(A) RNA polymerase GLD2 isoform 1 [Homo sapiens]	TRUE	TENT2
XP_081628929.1	NP_001375031.1	0	N/A	37.705	305	46	9.68e-46	171	poly(A) RNA polymerase GLD2 isoform 1 [Homo sapiens]	TRUE	TENT2
XP_081628929.1	NP_001336482.1	0	N/A	37.705	305	46	9.68e-46	171	poly(A) RNA polymerase GLD2 isoform 1 [Homo sapiens]	TRUE	TENT2
XP_081628929.1	NP_001336481.1	0	N/A	37.705	305	46	9.68e-46	171	poly(A) RNA polymerase GLD2 isoform 1 [Homo sapiens]	TRUE	TENT2
XP_081628929.1	NP_001107866.1	0	N/A	37.705	305	46	9.68e-46	171	poly(A) RNA polymerase GLD2 isoform 1 [Homo sapiens]	TRUE	TENT2
XP_081628929.1	NP_001107865.1	0	N/A	37.705	305	46	9.68e-46	171	poly(A) RNA polymerase GLD2 isoform 1 [Homo sapiens]	TRUE	TENT2
XP_081628929.1	NP_001375030.1	0	N/A	39.552	268	41	4.89e-45	169	poly(A) RNA polymerase GLD2 isoform 9 [Homo sapiens]	TRUE	TENT2
XP_081628929.1	NP_001375029.1	0	N/A	39.852	271	41	1.67e-44	168	poly(A) RNA polymerase GLD2 isoform 8 [Homo sapiens]	TRUE	TENT2
XP_081628929.1	NP_001375028.1	0	N/A	39.852	271	41	1.67e-44	168	poly(A) RNA polymerase GLD2 isoform 8 [Homo sapiens]	TRUE	TENT2
XP_081628929.1	NP_001375027.1	0	N/A	35.417	336	48	1.89e-43	165	poly(A) RNA polymerase GLD2 isoform 7 [Homo sapiens]	TRUE	TENT2
XP_081628929.1	XP_047272805.1	0	N/A	35.417	336	48	2.1e-43	165	poly(A) RNA polymerase GLD2 isoform X2 [Homo sapiens]	TRUE	TENT2
XP_081628929.1	XP_047272804.1	0	N/A	35.417	336	48	2.1e-43	165	poly(A) RNA polymerase GLD2 isoform X2 [Homo sapiens]	TRUE	TENT2
XP_081628929.1	XP_047272803.1	0	N/A	35.417	336	48	2.1e-43	165	poly(A) RNA polymerase GLD2 isoform X2 [Homo sapiens]	TRUE	TENT2
XP_081628929.1	XP_047272802.1	0	N/A	35.417	336	48	2.1e-43	165	poly(A) RNA polymerase GLD2 isoform X2 [Homo sapiens]	TRUE	TENT2
XP_081628929.1	XP_016864641.1	0	N/A	35.417	336	48	2.1e-43	165	poly(A) RNA polymerase GLD2 isoform X2 [Homo sapiens]	TRUE	TENT2
XP_081628929.1	NP_001375026.1	0	N/A	35.417	336	48	2.1e-43	165	poly(A) RNA polymerase GLD2 isoform 6 [Homo sapiens]	TRUE	TENT2
XP_081628929.1	NP_001375025.1	0	N/A	35.417	336	48	2.1e-43	165	poly(A) RNA polymerase GLD2 isoform 6 [Homo sapiens]	TRUE	TENT2
XP_081628929.1	NP_001375024.1	0	N/A	35.417	336	48	2.1e-43	165	poly(A) RNA polymerase GLD2 isoform 6 [Homo sapiens]	TRUE	TENT2
XP_081628929.1	NP_001336480.1	0	N/A	35.417	336	48	2.1e-43	165	poly(A) RNA polymerase GLD2 isoform 6 [Homo sapiens]	TRUE	TENT2
XP_081628929.1	XP_047272801.1	0	N/A	34.94	332	46	1.02e-42	163	poly(A) RNA polymerase GLD2 isoform X1 [Homo sapiens]	TRUE	TENT2
XP_081628929.1	XP_047272800.1	0	N/A	34.94	332	46	1.02e-42	163	poly(A) RNA polymerase GLD2 isoform X1 [Homo sapiens]	TRUE	TENT2
XP_081628929.1	XP_011541527.1	0	N/A	34.94	332	46	1.02e-42	163	poly(A) RNA polymerase GLD2 isoform X1 [Homo sapiens]	TRUE	TENT2
XP_081628929.1	XP_011541526.1	0	N/A	34.94	332	46	1.02e-42	163	poly(A) RNA polymerase GLD2 isoform X1 [Homo sapiens]	TRUE	TENT2
XP_081628929.1	XP_011541523.1	0	N/A	34.94	332	46	1.02e-42	163	poly(A) RNA polymerase GLD2 isoform X1 [Homo sapiens]	TRUE	TENT2
XP_081628929.1	XP_011541522.1	0	N/A	34.94	332	46	1.02e-42	163	poly(A) RNA polymerase GLD2 isoform X1 [Homo sapiens]	TRUE	TENT2
XP_081628929.1	NP_001375023.1	0	N/A	34.94	332	46	1.02e-42	163	poly(A) RNA polymerase GLD2 isoform 5 [Homo sapiens]	TRUE	TENT2
XP_081628929.1	NP_001375022.1	0	N/A	34.94	332	46	1.02e-42	163	poly(A) RNA polymerase GLD2 isoform 5 [Homo sapiens]	TRUE	TENT2
XP_081628929.1	NP_001336479.1	0	N/A	34.94	332	46	1.02e-42	163	poly(A) RNA polymerase GLD2 isoform 5 [Homo sapiens]	TRUE	TENT2
XP_081628929.1	NP_001336478.1	0	N/A	34.94	332	46	1.02e-42	163	poly(A) RNA polymerase GLD2 isoform 5 [Homo sapiens]	TRUE	TENT2
XP_081628929.1	NP_001336477.1	0	N/A	42.18	211	32	2.29e-37	142	poly(A) RNA polymerase GLD2 isoform 4 [Homo sapiens]	TRUE	TENT2
XP_081628929.1	XP_047272820.1	0	N/A	42.18	211	32	3.7e-37	141	poly(A) RNA polymerase GLD2 isoform X11 [Homo sapiens]	TRUE	TENT2
XP_081628929.1	NP_001375066.1	0	N/A	42.487	193	30	1.22e-33	132	poly(A) RNA polymerase GLD2 isoform 15 [Homo sapiens]	TRUE	TENT2
XP_081628929.1	NP_001317647.1	0	N/A	32.237	304	46	2.16e-33	139	terminal uridylyltransferase 7 isoform 3 [Homo sapiens]	TRUE	Tut7
XP_081628929.1	XP_047279823.1	0	N/A	33.696	276	41	4.33e-33	139	terminal uridylyltransferase 7 isoform X2 [Homo sapiens]	TRUE	Tut7
XP_081628929.1	XP_006717346.1	0	N/A	33.696	276	41	4.33e-33	139	terminal uridylyltransferase 7 isoform X2 [Homo sapiens]	TRUE	Tut7
XP_081628929.1	XP_016870620.1	0	N/A	33.696	276	41	4.71e-33	139	terminal uridylyltransferase 7 isoform X4 [Homo sapiens]	TRUE	Tut7
XP_081628929.1	XP_016870619.1	0	N/A	33.696	276	41	4.71e-33	139	terminal uridylyltransferase 7 isoform X4 [Homo sapiens]	TRUE	Tut7
XP_081628929.1	NP_078893.2	0	N/A	33.696	276	41	4.71e-33	139	terminal uridylyltransferase 7 isoform 1 [Homo sapiens]	TRUE	Tut7
XP_081628929.1	NP_001171988.1	0	N/A	33.696	276	41	4.71e-33	139	terminal uridylyltransferase 7 isoform 1 [Homo sapiens]	TRUE	Tut7
XP_081628929.1	XP_011517317.1	0	N/A	33.696	276	41	4.73e-33	139	terminal uridylyltransferase 7 isoform X3 [Homo sapiens]	TRUE	Tut7
XP_081628929.1	XP_047279825.1	0	N/A	33.696	276	41	4.81e-33	139	terminal uridylyltransferase 7 isoform X6 [Homo sapiens]	TRUE	Tut7
XP_081628929.1	XP_047279824.1	0	N/A	33.696	276	41	4.81e-33	139	terminal uridylyltransferase 7 isoform X6 [Homo sapiens]	TRUE	Tut7
XP_081628929.1	XP_005252264.1	0	N/A	33.696	276	41	4.81e-33	139	terminal uridylyltransferase 7 isoform X6 [Homo sapiens]	TRUE	Tut7
XP_081628929.1	XP_011517318.1	0	N/A	33.696	276	41	5.43e-33	138	terminal uridylyltransferase 7 isoform X5 [Homo sapiens]	TRUE	Tut7
XP_081628929.1	XP_011517316.1	0	N/A	33.696	276	41	6.27e-33	138	terminal uridylyltransferase 7 isoform X1 [Homo sapiens]	TRUE	Tut7
XP_081628929.1	XP_011517315.1	0	N/A	33.696	276	41	6.27e-33	138	terminal uridylyltransferase 7 isoform X1 [Homo sapiens]	TRUE	Tut7
XP_081628929.1	XP_011517314.1	0	N/A	33.696	276	41	6.27e-33	138	terminal uridylyltransferase 7 isoform X1 [Homo sapiens]	TRUE	Tut7
XP_081628929.1	XP_011517313.1	0	N/A	33.696	276	41	6.27e-33	138	terminal uridylyltransferase 7 isoform X1 [Homo sapiens]	TRUE	Tut7
XP_081628929.1	XP_005252265.1	0	N/A	33.696	276	41	6.65e-33	138	terminal uridylyltransferase 7 isoform X7 [Homo sapiens]	TRUE	Tut7
XP_081628929.1	XP_016856292.1	0	N/A	31.525	295	43	5.41e-28	123	terminal uridylyltransferase 4 isoform X9 [Homo sapiens]	TRUE	Tut4
XP_081628929.1	XP_016856293.1	0	N/A	31.525	295	43	5.9e-28	123	terminal uridylyltransferase 4 isoform X16 [Homo sapiens]	TRUE	Tut4
XP_081628929.1	XP_047272285.1	0	N/A	31.525	295	43	5.91e-28	123	terminal uridylyltransferase 4 isoform X7 [Homo sapiens]	TRUE	Tut4
XP_081628929.1	XP_047272288.1	0	N/A	31.525	295	43	6.34e-28	122	terminal uridylyltransferase 4 isoform X10 [Homo sapiens]	TRUE	Tut4
XP_081628929.1	XP_047272365.1	0	N/A	31.525	295	43	6.42e-28	122	terminal uridylyltransferase 4 isoform X38 [Homo sapiens]	TRUE	Tut4
XP_081628929.1	XP_047272280.1	0	N/A	31.525	295	43	6.73e-28	122	terminal uridylyltransferase 4 isoform X3 [Homo sapiens]	TRUE	Tut4
XP_081628929.1	XP_005270736.1	0	N/A	31.525	295	43	6.73e-28	122	terminal uridylyltransferase 4 isoform X3 [Homo sapiens]	TRUE	Tut4
XP_081628929.1	XP_011539399.1	0	N/A	31.525	295	43	6.8e-28	122	terminal uridylyltransferase 4 isoform X1 [Homo sapiens]	TRUE	Tut4
XP_081628929.1	XP_005270733.1	0	N/A	31.525	295	43	6.8e-28	122	terminal uridylyltransferase 4 isoform X1 [Homo sapiens]	TRUE	Tut4
XP_081628929.1	XP_047272283.1	0	N/A	31.525	295	43	6.84e-28	122	terminal uridylyltransferase 4 isoform X6 [Homo sapiens]	TRUE	Tut4
XP_081628929.1	XP_005270737.1	0	N/A	31.525	295	43	6.84e-28	122	terminal uridylyltransferase 4 isoform X6 [Homo sapiens]	TRUE	Tut4
XP_081628929.1	XP_005270735.1	0	N/A	31.525	295	43	7.1e-28	122	terminal uridylyltransferase 4 isoform X2 [Homo sapiens]	TRUE	Tut4
XP_081628929.1	XP_016856299.1	0	N/A	31.525	295	43	7.19e-28	122	terminal uridylyltransferase 4 isoform X40 [Homo sapiens]	TRUE	Tut4
XP_081629028.1	XP_047272384.1	0	N/A	41.339	508	31	3.07e-106	363	terminal uridylyltransferase 4 isoform X46 [Homo sapiens]	TRUE	Tut4
XP_081629028.1	XP_016856297.1	0	N/A	41.304	506	31	4.21e-105	372	terminal uridylyltransferase 4 isoform X36 [Homo sapiens]	TRUE	Tut4
XP_081629028.1	XP_016856292.1	0	N/A	41.304	506	31	4.29e-105	372	terminal uridylyltransferase 4 isoform X9 [Homo sapiens]	TRUE	Tut4
XP_081629028.1	XP_016856299.1	0	N/A	41.304	506	31	4.83e-105	371	terminal uridylyltransferase 4 isoform X40 [Homo sapiens]	TRUE	Tut4
XP_081629028.1	XP_047272345.1	0	N/A	41.304	506	31	5.64e-105	371	terminal uridylyltransferase 4 isoform X31 [Homo sapiens]	TRUE	Tut4
XP_081629028.1	XP_016856293.1	0	N/A	41.304	506	31	6.78e-105	372	terminal uridylyltransferase 4 isoform X16 [Homo sapiens]	TRUE	Tut4
XP_081629028.1	XP_047272280.1	0	N/A	41.304	506	31	7.89e-105	372	terminal uridylyltransferase 4 isoform X3 [Homo sapiens]	TRUE	Tut4
XP_081629028.1	XP_005270736.1	0	N/A	41.304	506	31	7.89e-105	372	terminal uridylyltransferase 4 isoform X3 [Homo sapiens]	TRUE	Tut4
XP_081629028.1	XP_016856295.1	0	N/A	41.304	506	31	1.08e-104	371	terminal uridylyltransferase 4 isoform X25 [Homo sapiens]	TRUE	Tut4
XP_081629028.1	XP_016856296.1	0	N/A	41.304	506	31	1.21e-104	370	terminal uridylyltransferase 4 isoform X28 [Homo sapiens]	TRUE	Tut4
XP_081629028.1	XP_047272283.1	0	N/A	41.304	506	31	1.22e-104	371	terminal uridylyltransferase 4 isoform X6 [Homo sapiens]	TRUE	Tut4
XP_081629028.1	XP_005270737.1	0	N/A	41.304	506	31	1.22e-104	371	terminal uridylyltransferase 4 isoform X6 [Homo sapiens]	TRUE	Tut4
XP_081629028.1	XP_047272365.1	0	N/A	41.026	507	31	5.52e-104	368	terminal uridylyltransferase 4 isoform X38 [Homo sapiens]	TRUE	Tut4
XP_081629028.1	XP_005270739.1	0	N/A	41.339	508	31	6e-104	368	terminal uridylyltransferase 4 isoform X33 [Homo sapiens]	TRUE	Tut4
XP_081629028.1	XP_047272285.1	0	N/A	41.026	507	31	7.63e-104	369	terminal uridylyltransferase 4 isoform X7 [Homo sapiens]	TRUE	Tut4
XP_081629028.1	XP_011539401.1	0	N/A	41.339	508	31	8.53e-104	368	terminal uridylyltransferase 4 isoform X29 [Homo sapiens]	TRUE	Tut4
XP_081629028.1	XP_005270735.1	0	N/A	41.026	507	31	9.81e-104	369	terminal uridylyltransferase 4 isoform X2 [Homo sapiens]	TRUE	Tut4
XP_081629028.1	XP_047272325.1	0	N/A	41.026	507	31	1.05e-103	368	terminal uridylyltransferase 4 isoform X23 [Homo sapiens]	TRUE	Tut4
XP_081629028.1	XP_047272288.1	0	N/A	40.945	508	31	1.25e-103	368	terminal uridylyltransferase 4 isoform X10 [Homo sapiens]	TRUE	Tut4
XP_081629028.1	XP_011539399.1	0	N/A	41.339	508	31	1.3e-103	368	terminal uridylyltransferase 4 isoform X1 [Homo sapiens]	TRUE	Tut4
XP_081629028.1	XP_005270733.1	0	N/A	41.339	508	31	1.3e-103	368	terminal uridylyltransferase 4 isoform X1 [Homo sapiens]	TRUE	Tut4
XP_081629028.1	XP_047272337.1	0	N/A	41.026	507	31	1.58e-103	367	terminal uridylyltransferase 4 isoform X27 [Homo sapiens]	TRUE	Tut4
XP_081629028.1	XP_047272281.1	0	N/A	41.339	508	31	1.73e-103	368	terminal uridylyltransferase 4 isoform X4 [Homo sapiens]	TRUE	Tut4
XP_081629028.1	NP_001009881.1	0	N/A	41.339	508	31	1.73e-103	368	terminal uridylyltransferase 4 isoform a [Homo sapiens]	TRUE	Tut4
XP_081629028.1	XP_047272282.1	0	N/A	41.026	507	31	1.79e-103	368	terminal uridylyltransferase 4 isoform X5 [Homo sapiens]	TRUE	Tut4
XP_081629028.1	NP_056084.1	0	N/A	41.026	507	31	1.79e-103	368	terminal uridylyltransferase 4 isoform b [Homo sapiens]	TRUE	Tut4
XP_081629028.1	NP_001317647.1	0	N/A	41.876	437	28	3.64e-97	334	terminal uridylyltransferase 7 isoform 3 [Homo sapiens]	TRUE	Tut7
XP_081629028.1	XP_047272290.1	0	N/A	39.526	506	31	5.58e-95	342	terminal uridylyltransferase 4 isoform X11 [Homo sapiens]	TRUE	Tut4
XP_081629028.1	XP_047272305.1	0	N/A	39.526	506	31	6.35e-95	341	terminal uridylyltransferase 4 isoform X17 [Homo sapiens]	TRUE	Tut4
XP_081629028.1	XP_047272350.1	0	N/A	39.526	506	31	8.32e-95	340	terminal uridylyltransferase 4 isoform X34 [Homo sapiens]	TRUE	Tut4
XP_081629028.1	XP_047272372.1	0	N/A	39.25	507	31	4.43e-94	338	terminal uridylyltransferase 4 isoform X42 [Homo sapiens]	TRUE	Tut4
XP_081629028.1	XP_047272286.1	0	N/A	39.567	508	31	6.12e-94	338	terminal uridylyltransferase 4 isoform X8 [Homo sapiens]	TRUE	Tut4
XP_081629028.1	XP_047272296.1	0	N/A	39.25	507	31	8.01e-94	338	terminal uridylyltransferase 4 isoform X13 [Homo sapiens]	TRUE	Tut4
XP_081629028.1	XP_047272295.1	0	N/A	39.567	508	31	1.03e-93	338	terminal uridylyltransferase 4 isoform X12 [Homo sapiens]	TRUE	Tut4
XP_081629028.1	XP_047272344.1	0	N/A	39.567	508	31	1.16e-93	337	terminal uridylyltransferase 4 isoform X30 [Homo sapiens]	TRUE	Tut4
XP_081629028.1	XP_005252265.1	0	N/A	41.913	439	28	3.26e-93	334	terminal uridylyltransferase 7 isoform X7 [Homo sapiens]	TRUE	Tut7
XP_081629028.1	XP_016870620.1	0	N/A	41.876	437	28	4.4e-93	335	terminal uridylyltransferase 7 isoform X4 [Homo sapiens]	TRUE	Tut7
XP_081629028.1	XP_016870619.1	0	N/A	41.876	437	28	4.4e-93	335	terminal uridylyltransferase 7 isoform X4 [Homo sapiens]	TRUE	Tut7
XP_081629028.1	NP_078893.2	0	N/A	41.876	437	28	4.4e-93	335	terminal uridylyltransferase 7 isoform 1 [Homo sapiens]	TRUE	Tut7
XP_081629028.1	NP_001171988.1	0	N/A	41.876	437	28	4.4e-93	335	terminal uridylyltransferase 7 isoform 1 [Homo sapiens]	TRUE	Tut7
XP_081629028.1	XP_047279823.1	0	N/A	41.876	437	28	4.96e-93	335	terminal uridylyltransferase 7 isoform X2 [Homo sapiens]	TRUE	Tut7
XP_081629028.1	XP_006717346.1	0	N/A	41.876	437	28	4.96e-93	335	terminal uridylyltransferase 7 isoform X2 [Homo sapiens]	TRUE	Tut7
XP_081629028.1	XP_047279825.1	0	N/A	41.876	437	28	5.67e-93	334	terminal uridylyltransferase 7 isoform X6 [Homo sapiens]	TRUE	Tut7
XP_081629028.1	XP_047279824.1	0	N/A	41.876	437	28	5.67e-93	334	terminal uridylyltransferase 7 isoform X6 [Homo sapiens]	TRUE	Tut7
XP_081629028.1	XP_005252264.1	0	N/A	41.876	437	28	5.67e-93	334	terminal uridylyltransferase 7 isoform X6 [Homo sapiens]	TRUE	Tut7
XP_081629028.1	XP_011517318.1	0	N/A	41.876	437	28	5.91e-93	334	terminal uridylyltransferase 7 isoform X5 [Homo sapiens]	TRUE	Tut7
XP_081629028.1	XP_011517317.1	0	N/A	41.876	437	28	8.59e-93	334	terminal uridylyltransferase 7 isoform X3 [Homo sapiens]	TRUE	Tut7
XP_081629028.1	XP_011517316.1	0	N/A	42.166	434	28	1.13e-92	334	terminal uridylyltransferase 7 isoform X1 [Homo sapiens]	TRUE	Tut7
XP_081629028.1	XP_011517315.1	0	N/A	42.166	434	28	1.13e-92	334	terminal uridylyltransferase 7 isoform X1 [Homo sapiens]	TRUE	Tut7
XP_081629028.1	XP_011517314.1	0	N/A	42.166	434	28	1.13e-92	334	terminal uridylyltransferase 7 isoform X1 [Homo sapiens]	TRUE	Tut7
XP_081629028.1	XP_011517313.1	0	N/A	42.166	434	28	1.13e-92	334	terminal uridylyltransferase 7 isoform X1 [Homo sapiens]	TRUE	Tut7
XP_081629028.1	XP_047272377.1	0	N/A	36.31	504	31	5.61e-83	303	terminal uridylyltransferase 4 isoform X44 [Homo sapiens]	TRUE	Tut4
XP_081629028.1	XP_047272336.1	0	N/A	36.31	504	31	6.57e-83	304	terminal uridylyltransferase 4 isoform X26 [Homo sapiens]	TRUE	Tut4
XP_081629028.1	XP_047272306.1	0	N/A	36.31	504	31	7.38e-83	303	terminal uridylyltransferase 4 isoform X18 [Homo sapiens]	TRUE	Tut4
XP_081629028.1	XP_016856294.1	0	N/A	36.31	504	31	1.28e-82	303	terminal uridylyltransferase 4 isoform X20 [Homo sapiens]	TRUE	Tut4
XP_081629028.1	XP_047272367.1	0	N/A	36.31	504	31	1.35e-82	302	terminal uridylyltransferase 4 isoform X39 [Homo sapiens]	TRUE	Tut4
XP_081629028.1	XP_047272311.1	0	N/A	36.166	506	31	8.9e-82	300	terminal uridylyltransferase 4 isoform X21 [Homo sapiens]	TRUE	Tut4
XP_081629028.1	XP_047272327.1	0	N/A	35.842	505	31	9.16e-82	300	terminal uridylyltransferase 4 isoform X24 [Homo sapiens]	TRUE	Tut4
XP_081629028.1	XP_047272373.1	0	N/A	35.771	506	31	9.99e-82	300	terminal uridylyltransferase 4 isoform X43 [Homo sapiens]	TRUE	Tut4
XP_081629028.1	XP_047272369.1	0	N/A	36.166	506	31	1e-81	300	terminal uridylyltransferase 4 isoform X41 [Homo sapiens]	TRUE	Tut4
XP_081629028.1	XP_047272320.1	0	N/A	35.771	506	31	1.09e-81	300	terminal uridylyltransferase 4 isoform X22 [Homo sapiens]	TRUE	Tut4
XP_081629028.1	XP_047272303.1	0	N/A	35.842	505	31	1.11e-81	300	terminal uridylyltransferase 4 isoform X15 [Homo sapiens]	TRUE	Tut4
XP_081629028.1	XP_005270738.1	0	N/A	35.771	506	31	1.43e-81	300	terminal uridylyltransferase 4 isoform X14 [Homo sapiens]	TRUE	Tut4
XP_081629028.1	XP_047272348.1	0	N/A	36.166	506	31	1.45e-81	299	terminal uridylyltransferase 4 isoform X32 [Homo sapiens]	TRUE	Tut4
XP_081629028.1	XP_047272307.1	0	N/A	35.842	505	31	1.56e-81	300	terminal uridylyltransferase 4 isoform X19 [Homo sapiens]	TRUE	Tut4
XP_081629028.1	XP_047272362.1	0	N/A	35.842	505	31	1.57e-81	299	terminal uridylyltransferase 4 isoform X37 [Homo sapiens]	TRUE	Tut4
XP_081629028.1	XP_047272354.1	0	N/A	36.166	506	31	1.89e-81	299	terminal uridylyltransferase 4 isoform X35 [Homo sapiens]	TRUE	Tut4
XP_081629028.1	NP_001172003.1	0	N/A	46.104	308	19	2.51e-72	268	terminal uridylyltransferase 7 isoform 2 [Homo sapiens]	TRUE	Tut7
XP_081629028.1	NP_001375030.1	0	N/A	31.93	285	18	3.68e-27	120	poly(A) RNA polymerase GLD2 isoform 9 [Homo sapiens]	TRUE	TENT2
XP_081629028.1	NP_001375061.1	0	N/A	32.549	255	16	1.93e-26	117	poly(A) RNA polymerase GLD2 isoform 12 [Homo sapiens]	TRUE	TENT2
XP_081629028.1	NP_001375065.1	0	N/A	32.549	255	16	1.98e-26	115	poly(A) RNA polymerase GLD2 isoform 14 [Homo sapiens]	TRUE	TENT2
XP_081629028.1	XP_047272811.1	0	N/A	32.549	255	16	2.17e-26	117	poly(A) RNA polymerase GLD2 isoform X4 [Homo sapiens]	TRUE	TENT2
XP_081629028.1	XP_047272810.1	0	N/A	32.549	255	16	2.17e-26	117	poly(A) RNA polymerase GLD2 isoform X4 [Homo sapiens]	TRUE	TENT2
XP_081629028.1	XP_047272809.1	0	N/A	32.549	255	16	2.17e-26	117	poly(A) RNA polymerase GLD2 isoform X4 [Homo sapiens]	TRUE	TENT2
XP_081629028.1	NP_001375058.1	0	N/A	32.549	255	16	2.17e-26	117	poly(A) RNA polymerase GLD2 isoform 2 [Homo sapiens]	TRUE	TENT2
XP_081629028.1	NP_001375057.1	0	N/A	32.549	255	16	2.17e-26	117	poly(A) RNA polymerase GLD2 isoform 2 [Homo sapiens]	TRUE	TENT2
XP_081629028.1	NP_001375056.1	0	N/A	32.549	255	16	2.17e-26	117	poly(A) RNA polymerase GLD2 isoform 2 [Homo sapiens]	TRUE	TENT2
XP_081629028.1	NP_001375055.1	0	N/A	32.549	255	16	2.17e-26	117	poly(A) RNA polymerase GLD2 isoform 2 [Homo sapiens]	TRUE	TENT2
XP_081629028.1	NP_001375054.1	0	N/A	32.549	255	16	2.17e-26	117	poly(A) RNA polymerase GLD2 isoform 2 [Homo sapiens]	TRUE	TENT2
XP_081629028.1	NP_001375053.1	0	N/A	32.549	255	16	2.17e-26	117	poly(A) RNA polymerase GLD2 isoform 2 [Homo sapiens]	TRUE	TENT2
XP_081629028.1	NP_001375052.1	0	N/A	32.549	255	16	2.17e-26	117	poly(A) RNA polymerase GLD2 isoform 2 [Homo sapiens]	TRUE	TENT2
XP_081629028.1	NP_001375051.1	0	N/A	32.549	255	16	2.17e-26	117	poly(A) RNA polymerase GLD2 isoform 2 [Homo sapiens]	TRUE	TENT2
XP_081629028.1	NP_001375050.1	0	N/A	32.549	255	16	2.17e-26	117	poly(A) RNA polymerase GLD2 isoform 2 [Homo sapiens]	TRUE	TENT2
XP_081629028.1	NP_001375049.1	0	N/A	32.549	255	16	2.17e-26	117	poly(A) RNA polymerase GLD2 isoform 2 [Homo sapiens]	TRUE	TENT2
XP_081629028.1	NP_001375048.1	0	N/A	32.549	255	16	2.17e-26	117	poly(A) RNA polymerase GLD2 isoform 2 [Homo sapiens]	TRUE	TENT2
XP_081629028.1	NP_001375047.1	0	N/A	32.549	255	16	2.17e-26	117	poly(A) RNA polymerase GLD2 isoform 2 [Homo sapiens]	TRUE	TENT2
XP_081629028.1	NP_001375046.1	0	N/A	32.549	255	16	2.17e-26	117	poly(A) RNA polymerase GLD2 isoform 2 [Homo sapiens]	TRUE	TENT2
XP_081629028.1	NP_001375045.1	0	N/A	32.549	255	16	2.17e-26	117	poly(A) RNA polymerase GLD2 isoform 2 [Homo sapiens]	TRUE	TENT2
XP_081629028.1	NP_001375044.1	0	N/A	32.549	255	16	2.17e-26	117	poly(A) RNA polymerase GLD2 isoform 2 [Homo sapiens]	TRUE	TENT2
XP_081629028.1	NP_001375043.1	0	N/A	32.549	255	16	2.17e-26	117	poly(A) RNA polymerase GLD2 isoform 2 [Homo sapiens]	TRUE	TENT2
XP_081629028.1	NP_001336483.1	0	N/A	32.549	255	16	2.17e-26	117	poly(A) RNA polymerase GLD2 isoform 2 [Homo sapiens]	TRUE	TENT2
XP_081629028.1	NP_001284673.1	0	N/A	32.549	255	16	2.17e-26	117	poly(A) RNA polymerase GLD2 isoform 2 [Homo sapiens]	TRUE	TENT2
XP_081629028.1	NP_001375059.1	0	N/A	32.549	255	16	2.29e-26	117	poly(A) RNA polymerase GLD2 isoform 10 [Homo sapiens]	TRUE	TENT2
XP_081629028.1	NP_001375029.1	0	N/A	31.379	290	18	6.6e-26	116	poly(A) RNA polymerase GLD2 isoform 8 [Homo sapiens]	TRUE	TENT2
XP_081629028.1	NP_001375028.1	0	N/A	31.379	290	18	6.6e-26	116	poly(A) RNA polymerase GLD2 isoform 8 [Homo sapiens]	TRUE	TENT2
XP_081629028.1	XP_047272808.1	0	N/A	31.923	260	16	3.38e-25	114	poly(A) RNA polymerase GLD2 isoform X3 [Homo sapiens]	TRUE	TENT2
XP_081629028.1	XP_047272807.1	0	N/A	31.923	260	16	3.38e-25	114	poly(A) RNA polymerase GLD2 isoform X3 [Homo sapiens]	TRUE	TENT2
XP_081629028.1	XP_047272806.1	0	N/A	31.923	260	16	3.38e-25	114	poly(A) RNA polymerase GLD2 isoform X3 [Homo sapiens]	TRUE	TENT2
XP_081629028.1	NP_776158.2	0	N/A	31.923	260	16	3.38e-25	114	poly(A) RNA polymerase GLD2 isoform 1 [Homo sapiens]	TRUE	TENT2
XP_081629028.1	NP_001375041.1	0	N/A	31.923	260	16	3.38e-25	114	poly(A) RNA polymerase GLD2 isoform 1 [Homo sapiens]	TRUE	TENT2
XP_081629075.1	NP_001035375.2	0	N/A	48.916	323	76	6.38e-99	311	terminal nucleotidyltransferase 4B isoform b [Homo sapiens]	TRUE	TENT4B
XP_081629075.1	XP_011521578.1	0	N/A	48.916	323	76	6.54e-99	311	terminal nucleotidyltransferase 4B isoform X2 [Homo sapiens]	TRUE	TENT4B
XP_081629075.1	XP_047290432.1	0	N/A	48.916	323	76	1.04e-98	310	terminal nucleotidyltransferase 4B isoform X4 [Homo sapiens]	TRUE	TENT4B
XP_081629075.1	NP_001035374.2	0	N/A	48.916	323	76	1.6e-98	311	terminal nucleotidyltransferase 4B isoform a [Homo sapiens]	TRUE	TENT4B
XP_081629075.1	XP_011521577.1	0	N/A	48.916	323	76	1.63e-98	311	terminal nucleotidyltransferase 4B isoform X1 [Homo sapiens]	TRUE	TENT4B
XP_081629075.1	NP_001352252.1	0	N/A	48.916	323	76	1.68e-98	311	terminal nucleotidyltransferase 4B isoform c [Homo sapiens]	TRUE	TENT4B
XP_081629075.1	XP_047290431.1	0	N/A	48.916	323	76	3.02e-98	309	terminal nucleotidyltransferase 4B isoform X3 [Homo sapiens]	TRUE	TENT4B
XP_081629075.1	NP_001352253.1	0	N/A	48.916	323	76	7.15e-98	310	terminal nucleotidyltransferase 4B isoform d [Homo sapiens]	TRUE	TENT4B
XP_081629075.1	XP_047290433.1	0	N/A	48.22	309	72	4.01e-94	293	terminal nucleotidyltransferase 4B isoform X6 [Homo sapiens]	TRUE	TENT4B
XP_081629075.1	XP_011521580.1	0	N/A	48.22	309	72	2.01e-93	293	terminal nucleotidyltransferase 4B isoform X5 [Homo sapiens]	TRUE	TENT4B
XP_081629075.1	NP_001165276.2	0	N/A	46.933	326	76	7.35e-93	298	terminal nucleotidyltransferase 4A isoform 2 [Homo sapiens]	TRUE	TENT4A
XP_081629075.1	NP_008930.2	0	N/A	46.933	326	76	7.74e-93	298	terminal nucleotidyltransferase 4A isoform 1 [Homo sapiens]	TRUE	TENT4A
XP_081629075.1	XP_047272622.1	0	N/A	45.973	298	70	2.04e-83	267	terminal nucleotidyltransferase 4A isoform X1 [Homo sapiens]	TRUE	TENT4A
XP_081629075.1	XP_047272621.1	0	N/A	45.973	298	70	2.04e-83	267	terminal nucleotidyltransferase 4A isoform X1 [Homo sapiens]	TRUE	TENT4A
XP_081629075.1	XP_047272620.1	0	N/A	45.973	298	70	2.04e-83	267	terminal nucleotidyltransferase 4A isoform X1 [Homo sapiens]	TRUE	TENT4A
XP_081629075.1	XP_047272624.1	0	N/A	46.021	289	68	1.13e-80	260	terminal nucleotidyltransferase 4A isoform X3 [Homo sapiens]	TRUE	TENT4A
XP_081629075.1	XP_047272623.1	0	N/A	46.021	289	68	1.21e-80	260	terminal nucleotidyltransferase 4A isoform X2 [Homo sapiens]	TRUE	TENT4A
XP_081629075.1	XP_016864477.1	0	N/A	46.021	289	68	1.21e-80	260	terminal nucleotidyltransferase 4A isoform X2 [Homo sapiens]	TRUE	TENT4A
XP_081629075.1	XP_011517318.1	0	N/A	24.653	288	57	8.05e-13	73.2	terminal uridylyltransferase 7 isoform X5 [Homo sapiens]	TRUE	Tut7
XP_081629075.1	XP_047279825.1	0	N/A	24.653	288	57	8.26e-13	73.2	terminal uridylyltransferase 7 isoform X6 [Homo sapiens]	TRUE	Tut7
XP_081629075.1	XP_047279824.1	0	N/A	24.653	288	57	8.26e-13	73.2	terminal uridylyltransferase 7 isoform X6 [Homo sapiens]	TRUE	Tut7
XP_081629075.1	XP_005252264.1	0	N/A	24.653	288	57	8.26e-13	73.2	terminal uridylyltransferase 7 isoform X6 [Homo sapiens]	TRUE	Tut7
XP_081629075.1	XP_011517317.1	0	N/A	24.653	288	57	8.39e-13	73.2	terminal uridylyltransferase 7 isoform X3 [Homo sapiens]	TRUE	Tut7
XP_081629075.1	XP_005252265.1	0	N/A	24.653	288	57	8.43e-13	73.2	terminal uridylyltransferase 7 isoform X7 [Homo sapiens]	TRUE	Tut7
XP_081629075.1	XP_011517316.1	0	N/A	24.653	288	57	9.43e-13	73.2	terminal uridylyltransferase 7 isoform X1 [Homo sapiens]	TRUE	Tut7
XP_081629075.1	XP_011517315.1	0	N/A	24.653	288	57	9.43e-13	73.2	terminal uridylyltransferase 7 isoform X1 [Homo sapiens]	TRUE	Tut7
XP_081629075.1	XP_011517314.1	0	N/A	24.653	288	57	9.43e-13	73.2	terminal uridylyltransferase 7 isoform X1 [Homo sapiens]	TRUE	Tut7
XP_081629075.1	XP_011517313.1	0	N/A	24.653	288	57	9.43e-13	73.2	terminal uridylyltransferase 7 isoform X1 [Homo sapiens]	TRUE	Tut7
XP_081629075.1	XP_047279823.1	0	N/A	24.653	288	57	1.01e-12	72.8	terminal uridylyltransferase 7 isoform X2 [Homo sapiens]	TRUE	Tut7
XP_081629075.1	XP_006717346.1	0	N/A	24.653	288	57	1.01e-12	72.8	terminal uridylyltransferase 7 isoform X2 [Homo sapiens]	TRUE	Tut7
XP_081629075.1	XP_016870620.1	0	N/A	24.653	288	57	1.04e-12	72.8	terminal uridylyltransferase 7 isoform X4 [Homo sapiens]	TRUE	Tut7
XP_081629075.1	XP_016870619.1	0	N/A	24.653	288	57	1.04e-12	72.8	terminal uridylyltransferase 7 isoform X4 [Homo sapiens]	TRUE	Tut7
XP_081629075.1	NP_078893.2	0	N/A	24.653	288	57	1.04e-12	72.8	terminal uridylyltransferase 7 isoform 1 [Homo sapiens]	TRUE	Tut7
XP_081629075.1	NP_001171988.1	0	N/A	24.653	288	57	1.04e-12	72.8	terminal uridylyltransferase 7 isoform 1 [Homo sapiens]	TRUE	Tut7
XP_081629075.1	NP_001317647.1	0	N/A	24.653	288	57	1.16e-12	72.4	terminal uridylyltransferase 7 isoform 3 [Homo sapiens]	TRUE	Tut7
XP_081629075.1	NP_001375060.1	0	N/A	23.49	298	59	1.87e-10	65.1	poly(A) RNA polymerase GLD2 isoform 11 [Homo sapiens]	TRUE	TENT2
XP_081629075.1	XP_047272808.1	0	N/A	23.49	298	59	2.08e-10	65.1	poly(A) RNA polymerase GLD2 isoform X3 [Homo sapiens]	TRUE	TENT2
XP_081629075.1	XP_047272807.1	0	N/A	23.49	298	59	2.08e-10	65.1	poly(A) RNA polymerase GLD2 isoform X3 [Homo sapiens]	TRUE	TENT2
XP_081629075.1	XP_047272806.1	0	N/A	23.49	298	59	2.08e-10	65.1	poly(A) RNA polymerase GLD2 isoform X3 [Homo sapiens]	TRUE	TENT2
XP_081629075.1	NP_776158.2	0	N/A	23.49	298	59	2.08e-10	65.1	poly(A) RNA polymerase GLD2 isoform 1 [Homo sapiens]	TRUE	TENT2
XP_081629075.1	NP_001375041.1	0	N/A	23.49	298	59	2.08e-10	65.1	poly(A) RNA polymerase GLD2 isoform 1 [Homo sapiens]	TRUE	TENT2
XP_081629075.1	NP_001375040.1	0	N/A	23.49	298	59	2.08e-10	65.1	poly(A) RNA polymerase GLD2 isoform 1 [Homo sapiens]	TRUE	TENT2
XP_081629075.1	NP_001375039.1	0	N/A	23.49	298	59	2.08e-10	65.1	poly(A) RNA polymerase GLD2 isoform 1 [Homo sapiens]	TRUE	TENT2
XP_081629075.1	NP_001375038.1	0	N/A	23.49	298	59	2.08e-10	65.1	poly(A) RNA polymerase GLD2 isoform 1 [Homo sapiens]	TRUE	TENT2
XP_081629075.1	NP_001375037.1	0	N/A	23.49	298	59	2.08e-10	65.1	poly(A) RNA polymerase GLD2 isoform 1 [Homo sapiens]	TRUE	TENT2
XP_081629075.1	NP_001375036.1	0	N/A	23.49	298	59	2.08e-10	65.1	poly(A) RNA polymerase GLD2 isoform 1 [Homo sapiens]	TRUE	TENT2
XP_081629075.1	NP_001375035.1	0	N/A	23.49	298	59	2.08e-10	65.1	poly(A) RNA polymerase GLD2 isoform 1 [Homo sapiens]	TRUE	TENT2
XP_081629075.1	NP_001375034.1	0	N/A	23.49	298	59	2.08e-10	65.1	poly(A) RNA polymerase GLD2 isoform 1 [Homo sapiens]	TRUE	TENT2
XP_081629075.1	NP_001375032.1	0	N/A	23.49	298	59	2.08e-10	65.1	poly(A) RNA polymerase GLD2 isoform 1 [Homo sapiens]	TRUE	TENT2
XP_081629075.1	NP_001375031.1	0	N/A	23.49	298	59	2.08e-10	65.1	poly(A) RNA polymerase GLD2 isoform 1 [Homo sapiens]	TRUE	TENT2
XP_081629075.1	NP_001336482.1	0	N/A	23.49	298	59	2.08e-10	65.1	poly(A) RNA polymerase GLD2 isoform 1 [Homo sapiens]	TRUE	TENT2
XP_081629075.1	NP_001336481.1	0	N/A	23.49	298	59	2.08e-10	65.1	poly(A) RNA polymerase GLD2 isoform 1 [Homo sapiens]	TRUE	TENT2
XP_081629075.1	NP_001107866.1	0	N/A	23.49	298	59	2.08e-10	65.1	poly(A) RNA polymerase GLD2 isoform 1 [Homo sapiens]	TRUE	TENT2
XP_081629075.1	NP_001107865.1	0	N/A	23.49	298	59	2.08e-10	65.1	poly(A) RNA polymerase GLD2 isoform 1 [Homo sapiens]	TRUE	TENT2
XP_081629075.1	NP_001375042.1	0	N/A	23.49	298	59	2.25e-10	64.7	poly(A) RNA polymerase GLD2 isoform 16 [Homo sapiens]	TRUE	TENT2
XP_081629075.1	NP_001375059.1	0	N/A	23.264	288	59	4.31e-10	63.9	poly(A) RNA polymerase GLD2 isoform 10 [Homo sapiens]	TRUE	TENT2
XP_081629075.1	XP_047272811.1	0	N/A	23.264	288	59	4.4e-10	63.9	poly(A) RNA polymerase GLD2 isoform X4 [Homo sapiens]	TRUE	TENT2
XP_081629075.1	XP_047272810.1	0	N/A	23.264	288	59	4.4e-10	63.9	poly(A) RNA polymerase GLD2 isoform X4 [Homo sapiens]	TRUE	TENT2
XP_081629075.1	XP_047272809.1	0	N/A	23.264	288	59	4.4e-10	63.9	poly(A) RNA polymerase GLD2 isoform X4 [Homo sapiens]	TRUE	TENT2
XP_081629075.1	NP_001375058.1	0	N/A	23.264	288	59	4.4e-10	63.9	poly(A) RNA polymerase GLD2 isoform 2 [Homo sapiens]	TRUE	TENT2
XP_081629075.1	NP_001375057.1	0	N/A	23.264	288	59	4.4e-10	63.9	poly(A) RNA polymerase GLD2 isoform 2 [Homo sapiens]	TRUE	TENT2
XP_081629075.1	NP_001375056.1	0	N/A	23.264	288	59	4.4e-10	63.9	poly(A) RNA polymerase GLD2 isoform 2 [Homo sapiens]	TRUE	TENT2
XP_081629075.1	NP_001375055.1	0	N/A	23.264	288	59	4.4e-10	63.9	poly(A) RNA polymerase GLD2 isoform 2 [Homo sapiens]	TRUE	TENT2
XP_081629075.1	NP_001375054.1	0	N/A	23.264	288	59	4.4e-10	63.9	poly(A) RNA polymerase GLD2 isoform 2 [Homo sapiens]	TRUE	TENT2
XP_081629075.1	NP_001375053.1	0	N/A	23.264	288	59	4.4e-10	63.9	poly(A) RNA polymerase GLD2 isoform 2 [Homo sapiens]	TRUE	TENT2
XP_081629075.1	NP_001375052.1	0	N/A	23.264	288	59	4.4e-10	63.9	poly(A) RNA polymerase GLD2 isoform 2 [Homo sapiens]	TRUE	TENT2
XP_081629075.1	NP_001375051.1	0	N/A	23.264	288	59	4.4e-10	63.9	poly(A) RNA polymerase GLD2 isoform 2 [Homo sapiens]	TRUE	TENT2
XP_081629075.1	NP_001375050.1	0	N/A	23.264	288	59	4.4e-10	63.9	poly(A) RNA polymerase GLD2 isoform 2 [Homo sapiens]	TRUE	TENT2
XP_081629075.1	NP_001375049.1	0	N/A	23.264	288	59	4.4e-10	63.9	poly(A) RNA polymerase GLD2 isoform 2 [Homo sapiens]	TRUE	TENT2
XP_081629075.1	NP_001375048.1	0	N/A	23.264	288	59	4.4e-10	63.9	poly(A) RNA polymerase GLD2 isoform 2 [Homo sapiens]	TRUE	TENT2
XP_081629075.1	NP_001375047.1	0	N/A	23.264	288	59	4.4e-10	63.9	poly(A) RNA polymerase GLD2 isoform 2 [Homo sapiens]	TRUE	TENT2
XP_081629075.1	NP_001375046.1	0	N/A	23.264	288	59	4.4e-10	63.9	poly(A) RNA polymerase GLD2 isoform 2 [Homo sapiens]	TRUE	TENT2
XP_081629075.1	NP_001375045.1	0	N/A	23.264	288	59	4.4e-10	63.9	poly(A) RNA polymerase GLD2 isoform 2 [Homo sapiens]	TRUE	TENT2
XP_081629075.1	NP_001375044.1	0	N/A	23.264	288	59	4.4e-10	63.9	poly(A) RNA polymerase GLD2 isoform 2 [Homo sapiens]	TRUE	TENT2
XP_081629075.1	NP_001375043.1	0	N/A	23.264	288	59	4.4e-10	63.9	poly(A) RNA polymerase GLD2 isoform 2 [Homo sapiens]	TRUE	TENT2
XP_081629075.1	NP_001336483.1	0	N/A	23.264	288	59	4.4e-10	63.9	poly(A) RNA polymerase GLD2 isoform 2 [Homo sapiens]	TRUE	TENT2
XP_081629075.1	NP_001284673.1	0	N/A	23.264	288	59	4.4e-10	63.9	poly(A) RNA polymerase GLD2 isoform 2 [Homo sapiens]	TRUE	TENT2
XP_081629075.1	NP_001375061.1	0	N/A	24.521	261	52	4.59e-10	63.9	poly(A) RNA polymerase GLD2 isoform 12 [Homo sapiens]	TRUE	TENT2
XP_081629075.1	NP_001375065.1	0	N/A	23.264	288	59	6.04e-10	63.2	poly(A) RNA polymerase GLD2 isoform 14 [Homo sapiens]	TRUE	TENT2
XP_081629075.1	NP_001336477.1	0	N/A	27.273	187	37	2.5e-09	60.1	poly(A) RNA polymerase GLD2 isoform 4 [Homo sapiens]	TRUE	TENT2
XP_081629075.1	XP_047272384.1	0	N/A	22.997	287	57	3.7e-09	61.6	terminal uridylyltransferase 4 isoform X46 [Homo sapiens]	TRUE	Tut4
XP_081629075.1	XP_047272820.1	0	N/A	27.273	187	37	3.71e-09	59.7	poly(A) RNA polymerase GLD2 isoform X11 [Homo sapiens]	TRUE	TENT2
XP_081629075.1	XP_016856299.1	0	N/A	22.997	287	57	5.16e-09	61.2	terminal uridylyltransferase 4 isoform X40 [Homo sapiens]	TRUE	Tut4
XP_081629075.1	XP_047272283.1	0	N/A	22.997	287	57	5.45e-09	61.2	terminal uridylyltransferase 4 isoform X6 [Homo sapiens]	TRUE	Tut4
XP_081629075.1	XP_005270737.1	0	N/A	22.997	287	57	5.45e-09	61.2	terminal uridylyltransferase 4 isoform X6 [Homo sapiens]	TRUE	Tut4
XP_081629075.1	XP_047272282.1	0	N/A	22.997	287	57	5.8e-09	61.2	terminal uridylyltransferase 4 isoform X5 [Homo sapiens]	TRUE	Tut4
XP_081629075.1	NP_056084.1	0	N/A	22.997	287	57	5.8e-09	61.2	terminal uridylyltransferase 4 isoform b [Homo sapiens]	TRUE	Tut4
XP_081629075.1	XP_016856296.1	0	N/A	22.997	287	57	5.86e-09	61.2	terminal uridylyltransferase 4 isoform X28 [Homo sapiens]	TRUE	Tut4
XP_081629075.1	XP_047272365.1	0	N/A	22.997	287	57	5.94e-09	61.2	terminal uridylyltransferase 4 isoform X38 [Homo sapiens]	TRUE	Tut4
XP_081629075.1	XP_047272288.1	0	N/A	22.997	287	57	5.94e-09	61.2	terminal uridylyltransferase 4 isoform X10 [Homo sapiens]	TRUE	Tut4
XP_081629075.1	XP_016856297.1	0	N/A	22.997	287	57	5.94e-09	61.2	terminal uridylyltransferase 4 isoform X36 [Homo sapiens]	TRUE	Tut4
XP_081629075.1	XP_047272345.1	0	N/A	22.997	287	57	5.95e-09	61.2	terminal uridylyltransferase 4 isoform X31 [Homo sapiens]	TRUE	Tut4
XP_081629075.1	XP_047272337.1	0	N/A	22.997	287	57	6.01e-09	60.8	terminal uridylyltransferase 4 isoform X27 [Homo sapiens]	TRUE	Tut4
XP_081629075.1	XP_047272281.1	0	N/A	22.997	287	57	6.06e-09	60.8	terminal uridylyltransferase 4 isoform X4 [Homo sapiens]	TRUE	Tut4
XP_081629075.1	NP_001009881.1	0	N/A	22.997	287	57	6.06e-09	60.8	terminal uridylyltransferase 4 isoform a [Homo sapiens]	TRUE	Tut4
XP_081629075.1	XP_011539401.1	0	N/A	22.997	287	57	6.11e-09	60.8	terminal uridylyltransferase 4 isoform X29 [Homo sapiens]	TRUE	Tut4
XP_081629075.1	XP_005270735.1	0	N/A	22.997	287	57	6.11e-09	60.8	terminal uridylyltransferase 4 isoform X2 [Homo sapiens]	TRUE	Tut4
XP_081629075.1	XP_011539399.1	0	N/A	22.997	287	57	6.11e-09	60.8	terminal uridylyltransferase 4 isoform X1 [Homo sapiens]	TRUE	Tut4
XP_081629075.1	XP_005270733.1	0	N/A	22.997	287	57	6.11e-09	60.8	terminal uridylyltransferase 4 isoform X1 [Homo sapiens]	TRUE	Tut4
XP_081629075.1	XP_047272325.1	0	N/A	22.997	287	57	6.28e-09	60.8	terminal uridylyltransferase 4 isoform X23 [Homo sapiens]	TRUE	Tut4
XP_081636965.1	NP_001165276.2	0	N/A	46.076	395	54	1.18e-101	331	terminal nucleotidyltransferase 4A isoform 2 [Homo sapiens]	TRUE	TENT4A
XP_081636965.1	NP_008930.2	0	N/A	46.076	395	54	1.21e-101	331	terminal nucleotidyltransferase 4A isoform 1 [Homo sapiens]	TRUE	TENT4A
XP_081636965.1	NP_001035375.2	0	N/A	50	330	46	1.13e-95	311	terminal nucleotidyltransferase 4B isoform b [Homo sapiens]	TRUE	TENT4B
XP_081636965.1	XP_011521578.1	0	N/A	50	330	46	1.16e-95	311	terminal nucleotidyltransferase 4B isoform X2 [Homo sapiens]	TRUE	TENT4B
XP_081636965.1	XP_047290433.1	0	N/A	50.313	320	45	1.73e-95	306	terminal nucleotidyltransferase 4B isoform X6 [Homo sapiens]	TRUE	TENT4B
XP_081636965.1	NP_001035374.2	0	N/A	50	330	46	1.96e-95	312	terminal nucleotidyltransferase 4B isoform a [Homo sapiens]	TRUE	TENT4B
XP_081636965.1	XP_011521577.1	0	N/A	50	330	46	2e-95	312	terminal nucleotidyltransferase 4B isoform X1 [Homo sapiens]	TRUE	TENT4B
XP_081636965.1	XP_047290432.1	0	N/A	50	330	46	2.37e-95	310	terminal nucleotidyltransferase 4B isoform X4 [Homo sapiens]	TRUE	TENT4B
XP_081636965.1	NP_001352252.1	0	N/A	50	330	46	3.89e-95	311	terminal nucleotidyltransferase 4B isoform c [Homo sapiens]	TRUE	TENT4B
XP_081636965.1	XP_011521580.1	0	N/A	50.313	320	45	4.19e-95	306	terminal nucleotidyltransferase 4B isoform X5 [Homo sapiens]	TRUE	TENT4B
XP_081636965.1	XP_047290431.1	0	N/A	50	330	46	5.98e-95	310	terminal nucleotidyltransferase 4B isoform X3 [Homo sapiens]	TRUE	TENT4B
XP_081636965.1	NP_001352253.1	0	N/A	50	330	46	1.09e-94	311	terminal nucleotidyltransferase 4B isoform d [Homo sapiens]	TRUE	TENT4B
XP_081636965.1	XP_047272622.1	0	N/A	49.074	324	44	3.12e-92	299	terminal nucleotidyltransferase 4A isoform X1 [Homo sapiens]	TRUE	TENT4A
XP_081636965.1	XP_047272621.1	0	N/A	49.074	324	44	3.12e-92	299	terminal nucleotidyltransferase 4A isoform X1 [Homo sapiens]	TRUE	TENT4A
XP_081636965.1	XP_047272620.1	0	N/A	49.074	324	44	3.12e-92	299	terminal nucleotidyltransferase 4A isoform X1 [Homo sapiens]	TRUE	TENT4A
XP_081636965.1	XP_047272623.1	0	N/A	49.057	318	43	2.07e-90	294	terminal nucleotidyltransferase 4A isoform X2 [Homo sapiens]	TRUE	TENT4A
XP_081636965.1	XP_016864477.1	0	N/A	49.057	318	43	2.07e-90	294	terminal nucleotidyltransferase 4A isoform X2 [Homo sapiens]	TRUE	TENT4A
XP_081636965.1	XP_047272624.1	0	N/A	49.057	318	43	2.73e-90	294	terminal nucleotidyltransferase 4A isoform X3 [Homo sapiens]	TRUE	TENT4A
XP_081636965.1	XP_047272808.1	0	N/A	26.433	314	39	9.79e-16	83.2	poly(A) RNA polymerase GLD2 isoform X3 [Homo sapiens]	TRUE	TENT2
XP_081636965.1	XP_047272807.1	0	N/A	26.433	314	39	9.79e-16	83.2	poly(A) RNA polymerase GLD2 isoform X3 [Homo sapiens]	TRUE	TENT2
XP_081636965.1	XP_047272806.1	0	N/A	26.433	314	39	9.79e-16	83.2	poly(A) RNA polymerase GLD2 isoform X3 [Homo sapiens]	TRUE	TENT2
XP_081636965.1	NP_776158.2	0	N/A	26.433	314	39	9.79e-16	83.2	poly(A) RNA polymerase GLD2 isoform 1 [Homo sapiens]	TRUE	TENT2
XP_081636965.1	NP_001375041.1	0	N/A	26.433	314	39	9.79e-16	83.2	poly(A) RNA polymerase GLD2 isoform 1 [Homo sapiens]	TRUE	TENT2
XP_081636965.1	NP_001375040.1	0	N/A	26.433	314	39	9.79e-16	83.2	poly(A) RNA polymerase GLD2 isoform 1 [Homo sapiens]	TRUE	TENT2
XP_081636965.1	NP_001375039.1	0	N/A	26.433	314	39	9.79e-16	83.2	poly(A) RNA polymerase GLD2 isoform 1 [Homo sapiens]	TRUE	TENT2
XP_081636965.1	NP_001375038.1	0	N/A	26.433	314	39	9.79e-16	83.2	poly(A) RNA polymerase GLD2 isoform 1 [Homo sapiens]	TRUE	TENT2
XP_081636965.1	NP_001375037.1	0	N/A	26.433	314	39	9.79e-16	83.2	poly(A) RNA polymerase GLD2 isoform 1 [Homo sapiens]	TRUE	TENT2
XP_081636965.1	NP_001375036.1	0	N/A	26.433	314	39	9.79e-16	83.2	poly(A) RNA polymerase GLD2 isoform 1 [Homo sapiens]	TRUE	TENT2
XP_081636965.1	NP_001375035.1	0	N/A	26.433	314	39	9.79e-16	83.2	poly(A) RNA polymerase GLD2 isoform 1 [Homo sapiens]	TRUE	TENT2
XP_081636965.1	NP_001375034.1	0	N/A	26.433	314	39	9.79e-16	83.2	poly(A) RNA polymerase GLD2 isoform 1 [Homo sapiens]	TRUE	TENT2
XP_081636965.1	NP_001375032.1	0	N/A	26.433	314	39	9.79e-16	83.2	poly(A) RNA polymerase GLD2 isoform 1 [Homo sapiens]	TRUE	TENT2
XP_081636965.1	NP_001375031.1	0	N/A	26.433	314	39	9.79e-16	83.2	poly(A) RNA polymerase GLD2 isoform 1 [Homo sapiens]	TRUE	TENT2
XP_081636965.1	NP_001336482.1	0	N/A	26.433	314	39	9.79e-16	83.2	poly(A) RNA polymerase GLD2 isoform 1 [Homo sapiens]	TRUE	TENT2
XP_081636965.1	NP_001336481.1	0	N/A	26.433	314	39	9.79e-16	83.2	poly(A) RNA polymerase GLD2 isoform 1 [Homo sapiens]	TRUE	TENT2
XP_081636965.1	NP_001107866.1	0	N/A	26.433	314	39	9.79e-16	83.2	poly(A) RNA polymerase GLD2 isoform 1 [Homo sapiens]	TRUE	TENT2
XP_081636965.1	NP_001107865.1	0	N/A	26.433	314	39	9.79e-16	83.2	poly(A) RNA polymerase GLD2 isoform 1 [Homo sapiens]	TRUE	TENT2
XP_081636965.1	NP_001375060.1	0	N/A	26.433	314	39	9.83e-16	82.8	poly(A) RNA polymerase GLD2 isoform 11 [Homo sapiens]	TRUE	TENT2
XP_081636965.1	NP_001375042.1	0	N/A	26.433	314	39	1.06e-15	82.8	poly(A) RNA polymerase GLD2 isoform 16 [Homo sapiens]	TRUE	TENT2
XP_081636965.1	NP_001375061.1	0	N/A	26.623	308	39	1.18e-15	82.8	poly(A) RNA polymerase GLD2 isoform 12 [Homo sapiens]	TRUE	TENT2
XP_081636965.1	XP_047272811.1	0	N/A	26.623	308	39	1.22e-15	82.8	poly(A) RNA polymerase GLD2 isoform X4 [Homo sapiens]	TRUE	TENT2
XP_081636965.1	XP_047272810.1	0	N/A	26.623	308	39	1.22e-15	82.8	poly(A) RNA polymerase GLD2 isoform X4 [Homo sapiens]	TRUE	TENT2
XP_081636965.1	XP_047272809.1	0	N/A	26.623	308	39	1.22e-15	82.8	poly(A) RNA polymerase GLD2 isoform X4 [Homo sapiens]	TRUE	TENT2
XP_081636965.1	NP_001375058.1	0	N/A	26.623	308	39	1.22e-15	82.8	poly(A) RNA polymerase GLD2 isoform 2 [Homo sapiens]	TRUE	TENT2
XP_081636965.1	NP_001375057.1	0	N/A	26.623	308	39	1.22e-15	82.8	poly(A) RNA polymerase GLD2 isoform 2 [Homo sapiens]	TRUE	TENT2
XP_081636965.1	NP_001375056.1	0	N/A	26.623	308	39	1.22e-15	82.8	poly(A) RNA polymerase GLD2 isoform 2 [Homo sapiens]	TRUE	TENT2
XP_081636965.1	NP_001375055.1	0	N/A	26.623	308	39	1.22e-15	82.8	poly(A) RNA polymerase GLD2 isoform 2 [Homo sapiens]	TRUE	TENT2
XP_081636965.1	NP_001375054.1	0	N/A	26.623	308	39	1.22e-15	82.8	poly(A) RNA polymerase GLD2 isoform 2 [Homo sapiens]	TRUE	TENT2
XP_081636965.1	NP_001375053.1	0	N/A	26.623	308	39	1.22e-15	82.8	poly(A) RNA polymerase GLD2 isoform 2 [Homo sapiens]	TRUE	TENT2
XP_081636965.1	NP_001375052.1	0	N/A	26.623	308	39	1.22e-15	82.8	poly(A) RNA polymerase GLD2 isoform 2 [Homo sapiens]	TRUE	TENT2
XP_081636965.1	NP_001375051.1	0	N/A	26.623	308	39	1.22e-15	82.8	poly(A) RNA polymerase GLD2 isoform 2 [Homo sapiens]	TRUE	TENT2
XP_081636965.1	NP_001375050.1	0	N/A	26.623	308	39	1.22e-15	82.8	poly(A) RNA polymerase GLD2 isoform 2 [Homo sapiens]	TRUE	TENT2
XP_081636965.1	NP_001375049.1	0	N/A	26.623	308	39	1.22e-15	82.8	poly(A) RNA polymerase GLD2 isoform 2 [Homo sapiens]	TRUE	TENT2
XP_081636965.1	NP_001375048.1	0	N/A	26.623	308	39	1.22e-15	82.8	poly(A) RNA polymerase GLD2 isoform 2 [Homo sapiens]	TRUE	TENT2
XP_081636965.1	NP_001375047.1	0	N/A	26.623	308	39	1.22e-15	82.8	poly(A) RNA polymerase GLD2 isoform 2 [Homo sapiens]	TRUE	TENT2
XP_081636965.1	NP_001375046.1	0	N/A	26.623	308	39	1.22e-15	82.8	poly(A) RNA polymerase GLD2 isoform 2 [Homo sapiens]	TRUE	TENT2
XP_081636965.1	NP_001375045.1	0	N/A	26.623	308	39	1.22e-15	82.8	poly(A) RNA polymerase GLD2 isoform 2 [Homo sapiens]	TRUE	TENT2
XP_081636965.1	NP_001375044.1	0	N/A	26.623	308	39	1.22e-15	82.8	poly(A) RNA polymerase GLD2 isoform 2 [Homo sapiens]	TRUE	TENT2
XP_081636965.1	NP_001375043.1	0	N/A	26.623	308	39	1.22e-15	82.8	poly(A) RNA polymerase GLD2 isoform 2 [Homo sapiens]	TRUE	TENT2
XP_081636965.1	NP_001336483.1	0	N/A	26.623	308	39	1.22e-15	82.8	poly(A) RNA polymerase GLD2 isoform 2 [Homo sapiens]	TRUE	TENT2
XP_081636965.1	NP_001284673.1	0	N/A	26.623	308	39	1.22e-15	82.8	poly(A) RNA polymerase GLD2 isoform 2 [Homo sapiens]	TRUE	TENT2
XP_081636965.1	NP_001375059.1	0	N/A	26.623	308	39	1.4e-15	82.4	poly(A) RNA polymerase GLD2 isoform 10 [Homo sapiens]	TRUE	TENT2
XP_081636965.1	NP_001375065.1	0	N/A	26.623	308	39	2.45e-15	80.9	poly(A) RNA polymerase GLD2 isoform 14 [Homo sapiens]	TRUE	TENT2
XP_081636965.1	XP_047272801.1	0	N/A	26.19	336	39	1.46e-13	76.3	poly(A) RNA polymerase GLD2 isoform X1 [Homo sapiens]	TRUE	TENT2
XP_081636965.1	XP_047272800.1	0	N/A	26.19	336	39	1.46e-13	76.3	poly(A) RNA polymerase GLD2 isoform X1 [Homo sapiens]	TRUE	TENT2
XP_081636965.1	XP_011541527.1	0	N/A	26.19	336	39	1.46e-13	76.3	poly(A) RNA polymerase GLD2 isoform X1 [Homo sapiens]	TRUE	TENT2
XP_081636965.1	XP_011541526.1	0	N/A	26.19	336	39	1.46e-13	76.3	poly(A) RNA polymerase GLD2 isoform X1 [Homo sapiens]	TRUE	TENT2
XP_081636965.1	XP_011541523.1	0	N/A	26.19	336	39	1.46e-13	76.3	poly(A) RNA polymerase GLD2 isoform X1 [Homo sapiens]	TRUE	TENT2
XP_081636965.1	XP_011541522.1	0	N/A	26.19	336	39	1.46e-13	76.3	poly(A) RNA polymerase GLD2 isoform X1 [Homo sapiens]	TRUE	TENT2
XP_081636965.1	NP_001375023.1	0	N/A	26.19	336	39	1.46e-13	76.3	poly(A) RNA polymerase GLD2 isoform 5 [Homo sapiens]	TRUE	TENT2
XP_081636965.1	NP_001375022.1	0	N/A	26.19	336	39	1.46e-13	76.3	poly(A) RNA polymerase GLD2 isoform 5 [Homo sapiens]	TRUE	TENT2
XP_081636965.1	NP_001336479.1	0	N/A	26.19	336	39	1.46e-13	76.3	poly(A) RNA polymerase GLD2 isoform 5 [Homo sapiens]	TRUE	TENT2
XP_081636965.1	NP_001336478.1	0	N/A	26.19	336	39	1.46e-13	76.3	poly(A) RNA polymerase GLD2 isoform 5 [Homo sapiens]	TRUE	TENT2
XP_081636965.1	XP_047272818.1	0	N/A	30.57	193	26	1.46e-13	75.1	poly(A) RNA polymerase GLD2 isoform X10 [Homo sapiens]	TRUE	TENT2
XP_081636965.1	NP_001375029.1	0	N/A	25.309	324	39	2.35e-13	75.5	poly(A) RNA polymerase GLD2 isoform 8 [Homo sapiens]	TRUE	TENT2
XP_081636965.1	NP_001375028.1	0	N/A	25.309	324	39	2.35e-13	75.5	poly(A) RNA polymerase GLD2 isoform 8 [Homo sapiens]	TRUE	TENT2
XP_081636965.1	NP_001375030.1	0	N/A	25.472	318	39	2.72e-13	75.5	poly(A) RNA polymerase GLD2 isoform 9 [Homo sapiens]	TRUE	TENT2
XP_081636965.1	XP_047272805.1	0	N/A	25.526	333	39	3.11e-13	75.5	poly(A) RNA polymerase GLD2 isoform X2 [Homo sapiens]	TRUE	TENT2
XP_081636965.1	XP_047272804.1	0	N/A	25.526	333	39	3.11e-13	75.5	poly(A) RNA polymerase GLD2 isoform X2 [Homo sapiens]	TRUE	TENT2
XP_081636965.1	XP_047272803.1	0	N/A	25.526	333	39	3.11e-13	75.5	poly(A) RNA polymerase GLD2 isoform X2 [Homo sapiens]	TRUE	TENT2
XP_081636965.1	XP_047272802.1	0	N/A	25.526	333	39	3.11e-13	75.5	poly(A) RNA polymerase GLD2 isoform X2 [Homo sapiens]	TRUE	TENT2
XP_081636965.1	XP_016864641.1	0	N/A	25.526	333	39	3.11e-13	75.5	poly(A) RNA polymerase GLD2 isoform X2 [Homo sapiens]	TRUE	TENT2
XP_081636965.1	NP_001375026.1	0	N/A	25.526	333	39	3.11e-13	75.5	poly(A) RNA polymerase GLD2 isoform 6 [Homo sapiens]	TRUE	TENT2
XP_081636965.1	NP_001375025.1	0	N/A	25.526	333	39	3.11e-13	75.5	poly(A) RNA polymerase GLD2 isoform 6 [Homo sapiens]	TRUE	TENT2
XP_081636965.1	NP_001375024.1	0	N/A	25.526	333	39	3.11e-13	75.5	poly(A) RNA polymerase GLD2 isoform 6 [Homo sapiens]	TRUE	TENT2
XP_081636965.1	NP_001336480.1	0	N/A	25.526	333	39	3.11e-13	75.5	poly(A) RNA polymerase GLD2 isoform 6 [Homo sapiens]	TRUE	TENT2
XP_081636965.1	NP_001375027.1	0	N/A	25.526	333	39	3.48e-13	75.1	poly(A) RNA polymerase GLD2 isoform 7 [Homo sapiens]	TRUE	TENT2
XP_081636965.1	NP_001336477.1	0	N/A	29.126	206	25	6.33e-12	68.9	poly(A) RNA polymerase GLD2 isoform 4 [Homo sapiens]	TRUE	TENT2
XP_081636965.1	XP_047272820.1	0	N/A	29.126	206	25	1.23e-11	68.2	poly(A) RNA polymerase GLD2 isoform X11 [Homo sapiens]	TRUE	TENT2
XP_081636965.1	XP_047272816.1	0	N/A	29.767	215	26	3.12e-11	68.2	poly(A) RNA polymerase GLD2 isoform X8 [Homo sapiens]	TRUE	TENT2
XP_081636965.1	XP_047272817.1	0	N/A	28.774	212	26	5.96e-11	67.4	poly(A) RNA polymerase GLD2 isoform X9 [Homo sapiens]	TRUE	TENT2
XP_081636965.1	XP_047272367.1	0	N/A	22.559	297	40	6.28e-10	65.5	terminal uridylyltransferase 4 isoform X39 [Homo sapiens]	TRUE	Tut4
XP_081636965.1	XP_047272362.1	0	N/A	22.559	297	40	7.07e-10	65.5	terminal uridylyltransferase 4 isoform X37 [Homo sapiens]	TRUE	Tut4
XP_081636965.1	XP_016856296.1	0	N/A	22.559	297	40	7.23e-10	65.5	terminal uridylyltransferase 4 isoform X28 [Homo sapiens]	TRUE	Tut4
XP_081636965.1	XP_047272354.1	0	N/A	22.559	297	40	7.26e-10	65.5	terminal uridylyltransferase 4 isoform X35 [Homo sapiens]	TRUE	Tut4
XP_081636965.1	XP_047272337.1	0	N/A	22.559	297	40	7.42e-10	65.5	terminal uridylyltransferase 4 isoform X27 [Homo sapiens]	TRUE	Tut4
XP_081636965.1	XP_047272350.1	0	N/A	22.559	297	40	7.64e-10	65.5	terminal uridylyltransferase 4 isoform X34 [Homo sapiens]	TRUE	Tut4
XP_081636965.1	XP_016856295.1	0	N/A	22.559	297	40	1.02e-09	65.1	terminal uridylyltransferase 4 isoform X25 [Homo sapiens]	TRUE	Tut4
XP_081636965.1	XP_047272348.1	0	N/A	22.559	297	40	1.07e-09	64.7	terminal uridylyltransferase 4 isoform X32 [Homo sapiens]	TRUE	Tut4
XP_081636965.1	XP_047272344.1	0	N/A	22.559	297	40	1.08e-09	64.7	terminal uridylyltransferase 4 isoform X30 [Homo sapiens]	TRUE	Tut4
XP_081636965.1	XP_047272325.1	0	N/A	22.559	297	40	1.15e-09	64.7	terminal uridylyltransferase 4 isoform X23 [Homo sapiens]	TRUE	Tut4
XP_081646052.1	XP_047290432.1	0	N/A	45.874	412	27	8.15e-104	347	terminal nucleotidyltransferase 4B isoform X4 [Homo sapiens]	TRUE	TENT4B
XP_081646052.1	NP_001035375.2	0	N/A	45.874	412	27	1.07e-103	347	terminal nucleotidyltransferase 4B isoform b [Homo sapiens]	TRUE	TENT4B
XP_081646052.1	XP_011521578.1	0	N/A	45.874	412	27	1.1e-103	347	terminal nucleotidyltransferase 4B isoform X2 [Homo sapiens]	TRUE	TENT4B
XP_081646052.1	XP_047290431.1	0	N/A	45.874	412	27	2.71e-103	347	terminal nucleotidyltransferase 4B isoform X3 [Homo sapiens]	TRUE	TENT4B
XP_081646052.1	XP_047290433.1	0	N/A	46.231	398	26	5.04e-102	337	terminal nucleotidyltransferase 4B isoform X6 [Homo sapiens]	TRUE	TENT4B
XP_081646052.1	NP_001035374.2	0	N/A	50.588	340	24	6.57e-102	343	terminal nucleotidyltransferase 4B isoform a [Homo sapiens]	TRUE	TENT4B
XP_081646052.1	XP_011521577.1	0	N/A	50.588	340	24	6.74e-102	343	terminal nucleotidyltransferase 4B isoform X1 [Homo sapiens]	TRUE	TENT4B
XP_081646052.1	NP_001352252.1	0	N/A	50.588	340	24	6.98e-102	343	terminal nucleotidyltransferase 4B isoform c [Homo sapiens]	TRUE	TENT4B
XP_081646052.1	NP_001352253.1	0	N/A	50.588	340	24	1.66e-101	343	terminal nucleotidyltransferase 4B isoform d [Homo sapiens]	TRUE	TENT4B
XP_081646052.1	NP_001165276.2	0	N/A	52.616	344	24	7.83e-101	343	terminal nucleotidyltransferase 4A isoform 2 [Homo sapiens]	TRUE	TENT4A
XP_081646052.1	NP_008930.2	0	N/A	52.616	344	24	8.67e-101	343	terminal nucleotidyltransferase 4A isoform 1 [Homo sapiens]	TRUE	TENT4A
XP_081646052.1	XP_011521580.1	0	N/A	51.227	326	23	2.27e-100	334	terminal nucleotidyltransferase 4B isoform X5 [Homo sapiens]	TRUE	TENT4B
XP_081646052.1	XP_047272622.1	0	N/A	52.885	312	22	1.51e-91	310	terminal nucleotidyltransferase 4A isoform X1 [Homo sapiens]	TRUE	TENT4A
XP_081646052.1	XP_047272621.1	0	N/A	52.885	312	22	1.51e-91	310	terminal nucleotidyltransferase 4A isoform X1 [Homo sapiens]	TRUE	TENT4A
XP_081646052.1	XP_047272620.1	0	N/A	52.885	312	22	1.51e-91	310	terminal nucleotidyltransferase 4A isoform X1 [Homo sapiens]	TRUE	TENT4A
XP_081646052.1	XP_047272624.1	0	N/A	52.769	307	21	1.67e-89	303	terminal nucleotidyltransferase 4A isoform X3 [Homo sapiens]	TRUE	TENT4A
XP_081646052.1	XP_047272623.1	0	N/A	52.769	307	21	1.93e-89	303	terminal nucleotidyltransferase 4A isoform X2 [Homo sapiens]	TRUE	TENT4A
XP_081646052.1	XP_016864477.1	0	N/A	52.769	307	21	1.93e-89	303	terminal nucleotidyltransferase 4A isoform X2 [Homo sapiens]	TRUE	TENT4A
XP_081646052.1	XP_047279825.1	0	N/A	24.468	282	17	4.62e-14	80.5	terminal uridylyltransferase 7 isoform X6 [Homo sapiens]	TRUE	Tut7
XP_081646052.1	XP_047279824.1	0	N/A	24.468	282	17	4.62e-14	80.5	terminal uridylyltransferase 7 isoform X6 [Homo sapiens]	TRUE	Tut7
XP_081646052.1	XP_005252264.1	0	N/A	24.468	282	17	4.62e-14	80.5	terminal uridylyltransferase 7 isoform X6 [Homo sapiens]	TRUE	Tut7
XP_081646052.1	NP_001317647.1	0	N/A	24.468	282	17	4.82e-14	80.1	terminal uridylyltransferase 7 isoform 3 [Homo sapiens]	TRUE	Tut7
XP_081646052.1	XP_005252265.1	0	N/A	24.468	282	17	5.05e-14	80.5	terminal uridylyltransferase 7 isoform X7 [Homo sapiens]	TRUE	Tut7
XP_081646052.1	XP_047279823.1	0	N/A	24.468	282	17	5.09e-14	80.5	terminal uridylyltransferase 7 isoform X2 [Homo sapiens]	TRUE	Tut7
XP_081646052.1	XP_006717346.1	0	N/A	24.468	282	17	5.09e-14	80.5	terminal uridylyltransferase 7 isoform X2 [Homo sapiens]	TRUE	Tut7
XP_081646052.1	XP_011517316.1	0	N/A	24.468	282	17	5.1e-14	80.5	terminal uridylyltransferase 7 isoform X1 [Homo sapiens]	TRUE	Tut7
XP_081646052.1	XP_011517315.1	0	N/A	24.468	282	17	5.1e-14	80.5	terminal uridylyltransferase 7 isoform X1 [Homo sapiens]	TRUE	Tut7
XP_081646052.1	XP_011517314.1	0	N/A	24.468	282	17	5.1e-14	80.5	terminal uridylyltransferase 7 isoform X1 [Homo sapiens]	TRUE	Tut7
XP_081646052.1	XP_011517313.1	0	N/A	24.468	282	17	5.1e-14	80.5	terminal uridylyltransferase 7 isoform X1 [Homo sapiens]	TRUE	Tut7
XP_081646052.1	XP_011517318.1	0	N/A	24.468	282	17	5.39e-14	80.1	terminal uridylyltransferase 7 isoform X5 [Homo sapiens]	TRUE	Tut7
XP_081646052.1	XP_016870620.1	0	N/A	24.468	282	17	5.63e-14	80.1	terminal uridylyltransferase 7 isoform X4 [Homo sapiens]	TRUE	Tut7
XP_081646052.1	XP_016870619.1	0	N/A	24.468	282	17	5.63e-14	80.1	terminal uridylyltransferase 7 isoform X4 [Homo sapiens]	TRUE	Tut7
XP_081646052.1	NP_078893.2	0	N/A	24.468	282	17	5.63e-14	80.1	terminal uridylyltransferase 7 isoform 1 [Homo sapiens]	TRUE	Tut7
XP_081646052.1	NP_001171988.1	0	N/A	24.468	282	17	5.63e-14	80.1	terminal uridylyltransferase 7 isoform 1 [Homo sapiens]	TRUE	Tut7
XP_081646052.1	XP_011517317.1	0	N/A	24.468	282	17	5.77e-14	80.1	terminal uridylyltransferase 7 isoform X3 [Homo sapiens]	TRUE	Tut7
XP_081646052.1	NP_001375061.1	0	N/A	23.939	330	20	7.76e-14	78.2	poly(A) RNA polymerase GLD2 isoform 12 [Homo sapiens]	TRUE	TENT2
XP_081646052.1	XP_047272811.1	0	N/A	23.939	330	20	8.57e-14	78.2	poly(A) RNA polymerase GLD2 isoform X4 [Homo sapiens]	TRUE	TENT2
XP_081646052.1	XP_047272810.1	0	N/A	23.939	330	20	8.57e-14	78.2	poly(A) RNA polymerase GLD2 isoform X4 [Homo sapiens]	TRUE	TENT2
XP_081646052.1	XP_047272809.1	0	N/A	23.939	330	20	8.57e-14	78.2	poly(A) RNA polymerase GLD2 isoform X4 [Homo sapiens]	TRUE	TENT2
XP_081646052.1	NP_001375058.1	0	N/A	23.939	330	20	8.57e-14	78.2	poly(A) RNA polymerase GLD2 isoform 2 [Homo sapiens]	TRUE	TENT2
XP_081646052.1	NP_001375057.1	0	N/A	23.939	330	20	8.57e-14	78.2	poly(A) RNA polymerase GLD2 isoform 2 [Homo sapiens]	TRUE	TENT2
XP_081646052.1	NP_001375056.1	0	N/A	23.939	330	20	8.57e-14	78.2	poly(A) RNA polymerase GLD2 isoform 2 [Homo sapiens]	TRUE	TENT2
XP_081646052.1	NP_001375055.1	0	N/A	23.939	330	20	8.57e-14	78.2	poly(A) RNA polymerase GLD2 isoform 2 [Homo sapiens]	TRUE	TENT2
XP_081646052.1	NP_001375054.1	0	N/A	23.939	330	20	8.57e-14	78.2	poly(A) RNA polymerase GLD2 isoform 2 [Homo sapiens]	TRUE	TENT2
XP_081646052.1	NP_001375053.1	0	N/A	23.939	330	20	8.57e-14	78.2	poly(A) RNA polymerase GLD2 isoform 2 [Homo sapiens]	TRUE	TENT2
XP_081646052.1	NP_001375052.1	0	N/A	23.939	330	20	8.57e-14	78.2	poly(A) RNA polymerase GLD2 isoform 2 [Homo sapiens]	TRUE	TENT2
XP_081646052.1	NP_001375051.1	0	N/A	23.939	330	20	8.57e-14	78.2	poly(A) RNA polymerase GLD2 isoform 2 [Homo sapiens]	TRUE	TENT2
XP_081646052.1	NP_001375050.1	0	N/A	23.939	330	20	8.57e-14	78.2	poly(A) RNA polymerase GLD2 isoform 2 [Homo sapiens]	TRUE	TENT2
XP_081646052.1	NP_001375049.1	0	N/A	23.939	330	20	8.57e-14	78.2	poly(A) RNA polymerase GLD2 isoform 2 [Homo sapiens]	TRUE	TENT2
XP_081646052.1	NP_001375048.1	0	N/A	23.939	330	20	8.57e-14	78.2	poly(A) RNA polymerase GLD2 isoform 2 [Homo sapiens]	TRUE	TENT2
XP_081646052.1	NP_001375047.1	0	N/A	23.939	330	20	8.57e-14	78.2	poly(A) RNA polymerase GLD2 isoform 2 [Homo sapiens]	TRUE	TENT2
XP_081646052.1	NP_001375046.1	0	N/A	23.939	330	20	8.57e-14	78.2	poly(A) RNA polymerase GLD2 isoform 2 [Homo sapiens]	TRUE	TENT2
XP_081646052.1	NP_001375045.1	0	N/A	23.939	330	20	8.57e-14	78.2	poly(A) RNA polymerase GLD2 isoform 2 [Homo sapiens]	TRUE	TENT2
XP_081646052.1	NP_001375044.1	0	N/A	23.939	330	20	8.57e-14	78.2	poly(A) RNA polymerase GLD2 isoform 2 [Homo sapiens]	TRUE	TENT2
XP_081646052.1	NP_001375043.1	0	N/A	23.939	330	20	8.57e-14	78.2	poly(A) RNA polymerase GLD2 isoform 2 [Homo sapiens]	TRUE	TENT2
XP_081646052.1	NP_001336483.1	0	N/A	23.939	330	20	8.57e-14	78.2	poly(A) RNA polymerase GLD2 isoform 2 [Homo sapiens]	TRUE	TENT2
XP_081646052.1	NP_001284673.1	0	N/A	23.939	330	20	8.57e-14	78.2	poly(A) RNA polymerase GLD2 isoform 2 [Homo sapiens]	TRUE	TENT2
XP_081646052.1	NP_001375059.1	0	N/A	23.939	330	20	9.31e-14	78.2	poly(A) RNA polymerase GLD2 isoform 10 [Homo sapiens]	TRUE	TENT2
XP_081646052.1	NP_001375065.1	0	N/A	23.939	330	20	1.28e-13	76.6	poly(A) RNA polymerase GLD2 isoform 14 [Homo sapiens]	TRUE	TENT2
XP_081646052.1	NP_001336477.1	0	N/A	26.389	216	13	3.8e-13	73.6	poly(A) RNA polymerase GLD2 isoform 4 [Homo sapiens]	TRUE	TENT2
XP_081646052.1	NP_001375060.1	0	N/A	22.754	334	20	7.28e-13	75.1	poly(A) RNA polymerase GLD2 isoform 11 [Homo sapiens]	TRUE	TENT2
XP_081646052.1	NP_001375042.1	0	N/A	22.754	334	20	1.02e-12	75.1	poly(A) RNA polymerase GLD2 isoform 16 [Homo sapiens]	TRUE	TENT2
XP_081646052.1	XP_047272808.1	0	N/A	22.754	334	20	1.03e-12	75.1	poly(A) RNA polymerase GLD2 isoform X3 [Homo sapiens]	TRUE	TENT2
XP_081646052.1	XP_047272807.1	0	N/A	22.754	334	20	1.03e-12	75.1	poly(A) RNA polymerase GLD2 isoform X3 [Homo sapiens]	TRUE	TENT2
XP_081646052.1	XP_047272806.1	0	N/A	22.754	334	20	1.03e-12	75.1	poly(A) RNA polymerase GLD2 isoform X3 [Homo sapiens]	TRUE	TENT2
XP_081646052.1	NP_776158.2	0	N/A	22.754	334	20	1.03e-12	75.1	poly(A) RNA polymerase GLD2 isoform 1 [Homo sapiens]	TRUE	TENT2
XP_081646052.1	NP_001375041.1	0	N/A	22.754	334	20	1.03e-12	75.1	poly(A) RNA polymerase GLD2 isoform 1 [Homo sapiens]	TRUE	TENT2
XP_081646052.1	NP_001375040.1	0	N/A	22.754	334	20	1.03e-12	75.1	poly(A) RNA polymerase GLD2 isoform 1 [Homo sapiens]	TRUE	TENT2
XP_081646052.1	NP_001375039.1	0	N/A	22.754	334	20	1.03e-12	75.1	poly(A) RNA polymerase GLD2 isoform 1 [Homo sapiens]	TRUE	TENT2
XP_081646052.1	NP_001375038.1	0	N/A	22.754	334	20	1.03e-12	75.1	poly(A) RNA polymerase GLD2 isoform 1 [Homo sapiens]	TRUE	TENT2
XP_081646052.1	NP_001375037.1	0	N/A	22.754	334	20	1.03e-12	75.1	poly(A) RNA polymerase GLD2 isoform 1 [Homo sapiens]	TRUE	TENT2
XP_081646052.1	NP_001375036.1	0	N/A	22.754	334	20	1.03e-12	75.1	poly(A) RNA polymerase GLD2 isoform 1 [Homo sapiens]	TRUE	TENT2
XP_081646052.1	NP_001375035.1	0	N/A	22.754	334	20	1.03e-12	75.1	poly(A) RNA polymerase GLD2 isoform 1 [Homo sapiens]	TRUE	TENT2
XP_081646052.1	NP_001375034.1	0	N/A	22.754	334	20	1.03e-12	75.1	poly(A) RNA polymerase GLD2 isoform 1 [Homo sapiens]	TRUE	TENT2
XP_081646052.1	NP_001375032.1	0	N/A	22.754	334	20	1.03e-12	75.1	poly(A) RNA polymerase GLD2 isoform 1 [Homo sapiens]	TRUE	TENT2
XP_081646052.1	NP_001375031.1	0	N/A	22.754	334	20	1.03e-12	75.1	poly(A) RNA polymerase GLD2 isoform 1 [Homo sapiens]	TRUE	TENT2
XP_081646052.1	NP_001336482.1	0	N/A	22.754	334	20	1.03e-12	75.1	poly(A) RNA polymerase GLD2 isoform 1 [Homo sapiens]	TRUE	TENT2
XP_081646052.1	NP_001336481.1	0	N/A	22.754	334	20	1.03e-12	75.1	poly(A) RNA polymerase GLD2 isoform 1 [Homo sapiens]	TRUE	TENT2
XP_081646052.1	NP_001107866.1	0	N/A	22.754	334	20	1.03e-12	75.1	poly(A) RNA polymerase GLD2 isoform 1 [Homo sapiens]	TRUE	TENT2
XP_081646052.1	NP_001107865.1	0	N/A	22.754	334	20	1.03e-12	75.1	poly(A) RNA polymerase GLD2 isoform 1 [Homo sapiens]	TRUE	TENT2
XP_081646052.1	XP_047272820.1	0	N/A	26.389	216	13	1.18e-12	72	poly(A) RNA polymerase GLD2 isoform X11 [Homo sapiens]	TRUE	TENT2
XP_081646052.1	NP_001375030.1	0	N/A	26.389	216	13	2.73e-12	73.6	poly(A) RNA polymerase GLD2 isoform 9 [Homo sapiens]	TRUE	TENT2
XP_081646052.1	XP_047272805.1	0	N/A	26.389	216	13	2.77e-12	73.6	poly(A) RNA polymerase GLD2 isoform X2 [Homo sapiens]	TRUE	TENT2
XP_081646052.1	XP_047272804.1	0	N/A	26.389	216	13	2.77e-12	73.6	poly(A) RNA polymerase GLD2 isoform X2 [Homo sapiens]	TRUE	TENT2
XP_081646052.1	XP_047272803.1	0	N/A	26.389	216	13	2.77e-12	73.6	poly(A) RNA polymerase GLD2 isoform X2 [Homo sapiens]	TRUE	TENT2
XP_081646052.1	XP_047272802.1	0	N/A	26.389	216	13	2.77e-12	73.6	poly(A) RNA polymerase GLD2 isoform X2 [Homo sapiens]	TRUE	TENT2
XP_081646052.1	XP_016864641.1	0	N/A	26.389	216	13	2.77e-12	73.6	poly(A) RNA polymerase GLD2 isoform X2 [Homo sapiens]	TRUE	TENT2
XP_081646052.1	NP_001375026.1	0	N/A	26.389	216	13	2.77e-12	73.6	poly(A) RNA polymerase GLD2 isoform 6 [Homo sapiens]	TRUE	TENT2
XP_081646052.1	NP_001375025.1	0	N/A	26.389	216	13	2.77e-12	73.6	poly(A) RNA polymerase GLD2 isoform 6 [Homo sapiens]	TRUE	TENT2
XP_081646052.1	NP_001375024.1	0	N/A	26.389	216	13	2.77e-12	73.6	poly(A) RNA polymerase GLD2 isoform 6 [Homo sapiens]	TRUE	TENT2
XP_081646052.1	NP_001336480.1	0	N/A	26.389	216	13	2.77e-12	73.6	poly(A) RNA polymerase GLD2 isoform 6 [Homo sapiens]	TRUE	TENT2
XP_081646052.1	NP_001375027.1	0	N/A	26.389	216	13	2.81e-12	73.6	poly(A) RNA polymerase GLD2 isoform 7 [Homo sapiens]	TRUE	TENT2
XP_081646052.1	NP_001375029.1	0	N/A	26.389	216	13	3.29e-12	73.6	poly(A) RNA polymerase GLD2 isoform 8 [Homo sapiens]	TRUE	TENT2
XP_081646052.1	NP_001375028.1	0	N/A	26.389	216	13	3.29e-12	73.6	poly(A) RNA polymerase GLD2 isoform 8 [Homo sapiens]	TRUE	TENT2
XP_081646052.1	XP_047272801.1	0	N/A	26.389	216	13	3.51e-12	73.2	poly(A) RNA polymerase GLD2 isoform X1 [Homo sapiens]	TRUE	TENT2
XP_081646052.1	XP_047272800.1	0	N/A	26.389	216	13	3.51e-12	73.2	poly(A) RNA polymerase GLD2 isoform X1 [Homo sapiens]	TRUE	TENT2
XP_081646052.1	XP_011541527.1	0	N/A	26.389	216	13	3.51e-12	73.2	poly(A) RNA polymerase GLD2 isoform X1 [Homo sapiens]	TRUE	TENT2
XP_081646052.1	XP_011541526.1	0	N/A	26.389	216	13	3.51e-12	73.2	poly(A) RNA polymerase GLD2 isoform X1 [Homo sapiens]	TRUE	TENT2
XP_081646052.1	XP_011541523.1	0	N/A	26.389	216	13	3.51e-12	73.2	poly(A) RNA polymerase GLD2 isoform X1 [Homo sapiens]	TRUE	TENT2
XP_081646052.1	XP_011541522.1	0	N/A	26.389	216	13	3.51e-12	73.2	poly(A) RNA polymerase GLD2 isoform X1 [Homo sapiens]	TRUE	TENT2
XP_636183.1	XP_016882594.1	0	N/A	35.499	431	23	1.31e-54	212	regulator of nonsense transcripts 1 isoform X1 [Homo sapiens]	FALSE	NA
XP_636183.1	NP_001284478.1	0	N/A	35.499	431	23	1.59e-54	211	regulator of nonsense transcripts 1 isoform 1 [Homo sapiens]	FALSE	NA
XP_636183.1	XP_016882595.1	0	N/A	35.499	431	23	1.7e-54	211	regulator of nonsense transcripts 1 isoform X2 [Homo sapiens]	FALSE	NA
XP_636183.1	NP_002902.2	0	N/A	35.499	431	23	1.83e-54	211	regulator of nonsense transcripts 1 isoform 2 [Homo sapiens]	FALSE	NA
XP_636183.1	XP_047295147.1	0	N/A	35.499	431	23	2.68e-54	211	regulator of nonsense transcripts 1 isoform X3 [Homo sapiens]	FALSE	NA
XP_636183.1	NP_002171.2	0	N/A	26.964	560	29	1.46e-39	163	DNA-binding protein SMUBP-2 [Homo sapiens]	FALSE	NA
XP_636183.1	XP_047282837.1	0	N/A	26.964	560	29	1.68e-39	162	DNA-binding protein SMUBP-2 isoform X1 [Homo sapiens]	FALSE	NA
XP_636183.1	XP_011537719.1	0	N/A	30.841	428	23	3.99e-36	150	DNA replication ATP-dependent helicase/nuclease DNA2 isoform X3 [Homo sapiens]	FALSE	NA
XP_636183.1	XP_011530399.1	0	N/A	29.284	461	24	5.39e-36	152	5'-3' DNA helicase ZGRF1 isoform X16 [Homo sapiens]	FALSE	NA
XP_636183.1	XP_011530401.1	0	N/A	29.284	461	24	6.4e-36	151	5'-3' DNA helicase ZGRF1 isoform X18 [Homo sapiens]	FALSE	NA
XP_636183.1	XP_011530400.1	0	N/A	29.284	461	24	6.4e-36	151	5'-3' DNA helicase ZGRF1 isoform X18 [Homo sapiens]	FALSE	NA
XP_636183.1	XP_016871288.1	0	N/A	30.841	428	23	8.1e-36	150	DNA replication ATP-dependent helicase/nuclease DNA2 isoform X2 [Homo sapiens]	FALSE	NA
XP_636183.1	XP_047271875.1	0	N/A	29.778	450	23	9.21e-36	152	5'-3' DNA helicase ZGRF1 isoform X11 [Homo sapiens]	FALSE	NA
XP_636183.1	NP_001073918.2	0	N/A	30.841	428	23	9.8e-36	151	DNA replication ATP-dependent helicase/nuclease DNA2 [Homo sapiens]	FALSE	NA
XP_636183.1	XP_047271865.1	0	N/A	29.778	450	23	1.05e-35	152	5'-3' DNA helicase ZGRF1 isoform X2 [Homo sapiens]	FALSE	NA
XP_636183.1	XP_011530393.1	0	N/A	29.778	450	23	1.05e-35	152	5'-3' DNA helicase ZGRF1 isoform X2 [Homo sapiens]	FALSE	NA
XP_636183.1	XP_005263172.1	0	N/A	29.778	450	23	1.05e-35	152	5'-3' DNA helicase ZGRF1 isoform X1 [Homo sapiens]	FALSE	NA
XP_636183.1	NP_060862.3	0	N/A	29.778	450	23	1.05e-35	152	5'-3' DNA helicase ZGRF1 isoform 1 [Homo sapiens]	FALSE	NA
XP_636183.1	XP_047271868.1	0	N/A	29.778	450	23	1.09e-35	152	5'-3' DNA helicase ZGRF1 isoform X6 [Homo sapiens]	FALSE	NA
XP_636183.1	XP_016863859.1	0	N/A	29.778	450	23	1.09e-35	152	5'-3' DNA helicase ZGRF1 isoform X6 [Homo sapiens]	FALSE	NA
XP_636183.1	XP_047271874.1	0	N/A	29.778	450	23	1.11e-35	152	5'-3' DNA helicase ZGRF1 isoform X10 [Homo sapiens]	FALSE	NA
XP_636183.1	XP_047271873.1	0	N/A	29.778	450	23	1.11e-35	152	5'-3' DNA helicase ZGRF1 isoform X10 [Homo sapiens]	FALSE	NA
XP_636183.1	XP_047271870.1	0	N/A	29.778	450	23	1.18e-35	151	5'-3' DNA helicase ZGRF1 isoform X7 [Homo sapiens]	FALSE	NA
XP_636183.1	XP_047271869.1	0	N/A	29.778	450	23	1.18e-35	151	5'-3' DNA helicase ZGRF1 isoform X7 [Homo sapiens]	FALSE	NA
XP_636183.1	XP_047271871.1	0	N/A	29.778	450	23	1.22e-35	151	5'-3' DNA helicase ZGRF1 isoform X8 [Homo sapiens]	FALSE	NA
XP_636183.1	XP_011530396.1	0	N/A	29.778	450	23	1.22e-35	151	5'-3' DNA helicase ZGRF1 isoform X8 [Homo sapiens]	FALSE	NA
XP_636183.1	XP_047271872.1	0	N/A	29.778	450	23	1.27e-35	151	5'-3' DNA helicase ZGRF1 isoform X9 [Homo sapiens]	FALSE	NA
XP_636183.1	XP_047271866.1	0	N/A	29.778	450	23	1.33e-35	151	5'-3' DNA helicase ZGRF1 isoform X4 [Homo sapiens]	FALSE	NA
XP_636183.1	XP_047271867.1	0	N/A	29.778	450	23	1.34e-35	151	5'-3' DNA helicase ZGRF1 isoform X5 [Homo sapiens]	FALSE	NA
XP_636183.1	NP_001337326.1	0	N/A	29.778	450	23	1.34e-35	151	5'-3' DNA helicase ZGRF1 isoform 2 [Homo sapiens]	FALSE	NA
XP_636183.1	XP_016863858.1	0	N/A	29.778	450	23	1.34e-35	151	5'-3' DNA helicase ZGRF1 isoform X3 [Homo sapiens]	FALSE	NA
XP_636183.1	XP_011530394.1	0	N/A	29.778	450	23	1.34e-35	151	5'-3' DNA helicase ZGRF1 isoform X3 [Homo sapiens]	FALSE	NA
XP_636183.1	XP_006717743.1	0	N/A	30.841	428	23	1.82e-35	150	DNA replication ATP-dependent helicase/nuclease DNA2 isoform X1 [Homo sapiens]	FALSE	NA
XP_636183.1	XP_047278979.1	0	N/A	30.887	327	18	1.75e-32	141	putative helicase senataxin isoform X2 [Homo sapiens]	FALSE	NA
XP_636183.1	NP_055861.3	0	N/A	30.887	327	18	1.75e-32	141	probable helicase senataxin isoform 1 [Homo sapiens]	FALSE	NA
XP_636183.1	NP_001338456.1	0	N/A	30.887	327	18	1.75e-32	141	probable helicase senataxin isoform 1 [Homo sapiens]	FALSE	NA
XP_636183.1	NP_066014.1	0	N/A	28.894	443	23	1.64e-31	137	helicase MOV-10 isoform 1 [Homo sapiens]	FALSE	NA
XP_636183.1	NP_001356436.1	0	N/A	28.894	443	23	1.64e-31	137	helicase MOV-10 isoform 1 [Homo sapiens]	FALSE	NA
XP_636183.1	NP_001308253.1	0	N/A	28.894	443	23	1.64e-31	137	helicase MOV-10 isoform 1 [Homo sapiens]	FALSE	NA
XP_636183.1	NP_001123551.1	0	N/A	28.894	443	23	1.64e-31	137	helicase MOV-10 isoform 1 [Homo sapiens]	FALSE	NA
XP_636183.1	XP_047277033.1	0	N/A	28.894	443	23	1.7e-31	137	helicase MOV-10 isoform X1 [Homo sapiens]	FALSE	NA
XP_636183.1	XP_047277030.1	0	N/A	28.894	443	23	1.7e-31	137	helicase MOV-10 isoform X1 [Homo sapiens]	FALSE	NA
XP_636183.1	XP_047277027.1	0	N/A	28.894	443	23	1.7e-31	137	helicase MOV-10 isoform X1 [Homo sapiens]	FALSE	NA
XP_636183.1	NP_001376492.1	0	N/A	28.894	443	23	1.7e-31	137	helicase MOV-10 isoform 2 [Homo sapiens]	FALSE	NA
XP_636183.1	NP_001376491.1	0	N/A	28.894	443	23	1.7e-31	137	helicase MOV-10 isoform 2 [Homo sapiens]	FALSE	NA
XP_636183.1	NP_001273001.1	0	N/A	28.894	443	23	1.7e-31	137	helicase MOV-10 isoform 2 [Homo sapiens]	FALSE	NA
XP_636183.1	XP_011516707.1	0	N/A	31.348	319	18	5.85e-31	136	putative helicase senataxin isoform X1 [Homo sapiens]	FALSE	NA
XP_636183.1	XP_011516706.1	0	N/A	31.348	319	18	5.85e-31	136	putative helicase senataxin isoform X1 [Homo sapiens]	FALSE	NA
XP_636183.1	XP_005272230.1	0	N/A	31.348	319	18	5.85e-31	136	putative helicase senataxin isoform X1 [Homo sapiens]	FALSE	NA
XP_636183.1	XP_005272229.1	0	N/A	31.348	319	18	5.85e-31	136	putative helicase senataxin isoform X1 [Homo sapiens]	FALSE	NA
XP_636183.1	NP_001338457.1	0	N/A	31.348	319	18	5.85e-31	136	probable helicase senataxin isoform 2 [Homo sapiens]	FALSE	NA
XP_636183.1	XP_016873159.1	0	N/A	32.155	283	16	2.66e-29	128	DNA-binding protein SMUBP-2 isoform X2 [Homo sapiens]	FALSE	NA
XP_636183.1	NP_061868.1	0	N/A	30.184	434	23	4.15e-27	123	RNA helicase Mov10l1 isoform 1 [Homo sapiens]	FALSE	NA
XP_636183.1	XP_005261980.1	0	N/A	30.184	434	23	5.6e-27	122	RNA helicase Mov10l1 isoform X6 [Homo sapiens]	FALSE	NA
XP_636183.1	NP_001157577.1	0	N/A	30.282	426	23	3.77e-26	120	RNA helicase Mov10l1 isoform 3 [Homo sapiens]	FALSE	NA
XP_636183.1	XP_016873160.1	0	N/A	26.781	407	21	9.1e-25	113	DNA-binding protein SMUBP-2 isoform X5 [Homo sapiens]	FALSE	NA
XP_636183.1	NP_066363.1	0	N/A	30.986	355	20	9.39e-24	112	NFX1-type zinc finger-containing protein 1 [Homo sapiens]	FALSE	NA
XP_636183.1	XP_011516708.1	0	N/A	30.249	281	15	2.32e-23	111	putative helicase senataxin isoform X3 [Homo sapiens]	FALSE	NA
XP_636183.1	XP_047297371.1	0	N/A	27.673	477	23	5.78e-23	108	RNA helicase Mov10l1 isoform X11 [Homo sapiens]	FALSE	NA
XP_636183.1	XP_016884325.1	0	N/A	27.673	477	23	5.78e-23	108	RNA helicase Mov10l1 isoform X11 [Homo sapiens]	FALSE	NA
XP_636183.1	XP_016884324.1	0	N/A	27.673	477	23	5.78e-23	108	RNA helicase Mov10l1 isoform X11 [Homo sapiens]	FALSE	NA
XP_636183.1	XP_011529000.1	0	N/A	27.673	477	23	2.05e-22	108	RNA helicase Mov10l1 isoform X4 [Homo sapiens]	FALSE	NA
XP_636183.1	XP_011529002.1	0	N/A	27.673	477	23	2.15e-22	107	RNA helicase Mov10l1 isoform X5 [Homo sapiens]	FALSE	NA
XP_636183.1	XP_011529001.1	0	N/A	27.673	477	23	2.15e-22	107	RNA helicase Mov10l1 isoform X5 [Homo sapiens]	FALSE	NA
XP_636183.1	NP_001375060.1	0	N/A	30.108	279	16	2.27e-22	105	poly(A) RNA polymerase GLD2 isoform 11 [Homo sapiens]	TRUE	TENT2
XP_636183.1	NP_001375065.1	0	N/A	30.182	275	16	2.31e-22	103	poly(A) RNA polymerase GLD2 isoform 14 [Homo sapiens]	TRUE	TENT2
XP_636183.1	NP_001375042.1	0	N/A	30.108	279	16	2.39e-22	105	poly(A) RNA polymerase GLD2 isoform 16 [Homo sapiens]	TRUE	TENT2
XP_636183.1	XP_047272808.1	0	N/A	30.108	279	16	2.46e-22	105	poly(A) RNA polymerase GLD2 isoform X3 [Homo sapiens]	TRUE	TENT2
XP_636183.1	XP_047272807.1	0	N/A	30.108	279	16	2.46e-22	105	poly(A) RNA polymerase GLD2 isoform X3 [Homo sapiens]	TRUE	TENT2
XP_636183.1	XP_047272806.1	0	N/A	30.108	279	16	2.46e-22	105	poly(A) RNA polymerase GLD2 isoform X3 [Homo sapiens]	TRUE	TENT2
XP_636183.1	NP_776158.2	0	N/A	30.108	279	16	2.46e-22	105	poly(A) RNA polymerase GLD2 isoform 1 [Homo sapiens]	TRUE	TENT2
XP_636183.1	NP_001375041.1	0	N/A	30.108	279	16	2.46e-22	105	poly(A) RNA polymerase GLD2 isoform 1 [Homo sapiens]	TRUE	TENT2
XP_636183.1	NP_001375040.1	0	N/A	30.108	279	16	2.46e-22	105	poly(A) RNA polymerase GLD2 isoform 1 [Homo sapiens]	TRUE	TENT2
XP_636183.1	NP_001375039.1	0	N/A	30.108	279	16	2.46e-22	105	poly(A) RNA polymerase GLD2 isoform 1 [Homo sapiens]	TRUE	TENT2
XP_636183.1	NP_001375038.1	0	N/A	30.108	279	16	2.46e-22	105	poly(A) RNA polymerase GLD2 isoform 1 [Homo sapiens]	TRUE	TENT2
XP_636183.1	NP_001375037.1	0	N/A	30.108	279	16	2.46e-22	105	poly(A) RNA polymerase GLD2 isoform 1 [Homo sapiens]	TRUE	TENT2
XP_636183.1	NP_001375036.1	0	N/A	30.108	279	16	2.46e-22	105	poly(A) RNA polymerase GLD2 isoform 1 [Homo sapiens]	TRUE	TENT2
XP_636183.1	NP_001375035.1	0	N/A	30.108	279	16	2.46e-22	105	poly(A) RNA polymerase GLD2 isoform 1 [Homo sapiens]	TRUE	TENT2
XP_636183.1	NP_001375034.1	0	N/A	30.108	279	16	2.46e-22	105	poly(A) RNA polymerase GLD2 isoform 1 [Homo sapiens]	TRUE	TENT2
XP_636183.1	NP_001375032.1	0	N/A	30.108	279	16	2.46e-22	105	poly(A) RNA polymerase GLD2 isoform 1 [Homo sapiens]	TRUE	TENT2
XP_636183.1	NP_001375031.1	0	N/A	30.108	279	16	2.46e-22	105	poly(A) RNA polymerase GLD2 isoform 1 [Homo sapiens]	TRUE	TENT2
XP_636183.1	NP_001336482.1	0	N/A	30.108	279	16	2.46e-22	105	poly(A) RNA polymerase GLD2 isoform 1 [Homo sapiens]	TRUE	TENT2
XP_636183.1	NP_001336481.1	0	N/A	30.108	279	16	2.46e-22	105	poly(A) RNA polymerase GLD2 isoform 1 [Homo sapiens]	TRUE	TENT2
XP_636183.1	NP_001107866.1	0	N/A	30.108	279	16	2.46e-22	105	poly(A) RNA polymerase GLD2 isoform 1 [Homo sapiens]	TRUE	TENT2
XP_636183.1	NP_001107865.1	0	N/A	30.108	279	16	2.46e-22	105	poly(A) RNA polymerase GLD2 isoform 1 [Homo sapiens]	TRUE	TENT2
XP_636183.1	XP_011528999.1	0	N/A	27.673	477	23	2.66e-22	107	RNA helicase Mov10l1 isoform X2 [Homo sapiens]	FALSE	NA
XP_636183.1	XP_011528998.1	0	N/A	27.673	477	23	2.68e-22	107	RNA helicase Mov10l1 isoform X1 [Homo sapiens]	FALSE	NA
XP_636183.1	NP_001375061.1	0	N/A	30.182	275	16	4.34e-22	103	poly(A) RNA polymerase GLD2 isoform 12 [Homo sapiens]	TRUE	TENT2
XP_636183.1	XP_047272811.1	0	N/A	30.182	275	16	4.45e-22	104	poly(A) RNA polymerase GLD2 isoform X4 [Homo sapiens]	TRUE	TENT2
XP_636183.1	XP_047272810.1	0	N/A	30.182	275	16	4.45e-22	104	poly(A) RNA polymerase GLD2 isoform X4 [Homo sapiens]	TRUE	TENT2
XP_636183.1	XP_047272809.1	0	N/A	30.182	275	16	4.45e-22	104	poly(A) RNA polymerase GLD2 isoform X4 [Homo sapiens]	TRUE	TENT2
XP_636183.1	NP_001375058.1	0	N/A	30.182	275	16	4.45e-22	104	poly(A) RNA polymerase GLD2 isoform 2 [Homo sapiens]	TRUE	TENT2
XP_636183.1	NP_001375057.1	0	N/A	30.182	275	16	4.45e-22	104	poly(A) RNA polymerase GLD2 isoform 2 [Homo sapiens]	TRUE	TENT2
XP_636183.1	NP_001375056.1	0	N/A	30.182	275	16	4.45e-22	104	poly(A) RNA polymerase GLD2 isoform 2 [Homo sapiens]	TRUE	TENT2
XP_636183.1	NP_001375055.1	0	N/A	30.182	275	16	4.45e-22	104	poly(A) RNA polymerase GLD2 isoform 2 [Homo sapiens]	TRUE	TENT2
XP_636183.1	NP_001375054.1	0	N/A	30.182	275	16	4.45e-22	104	poly(A) RNA polymerase GLD2 isoform 2 [Homo sapiens]	TRUE	TENT2
XP_636183.1	NP_001375053.1	0	N/A	30.182	275	16	4.45e-22	104	poly(A) RNA polymerase GLD2 isoform 2 [Homo sapiens]	TRUE	TENT2
XP_636183.1	NP_001375052.1	0	N/A	30.182	275	16	4.45e-22	104	poly(A) RNA polymerase GLD2 isoform 2 [Homo sapiens]	TRUE	TENT2
XP_636183.1	NP_001375051.1	0	N/A	30.182	275	16	4.45e-22	104	poly(A) RNA polymerase GLD2 isoform 2 [Homo sapiens]	TRUE	TENT2
XP_636183.1	NP_001375050.1	0	N/A	30.182	275	16	4.45e-22	104	poly(A) RNA polymerase GLD2 isoform 2 [Homo sapiens]	TRUE	TENT2
XP_636185.1	XP_047272818.1	0	N/A	30.986	142	28	5.23e-07	53.9	poly(A) RNA polymerase GLD2 isoform X10 [Homo sapiens]	TRUE	TENT2
XP_636185.1	NP_001375060.1	0	N/A	30.986	142	28	7.69e-07	53.9	poly(A) RNA polymerase GLD2 isoform 11 [Homo sapiens]	TRUE	TENT2
XP_636185.1	XP_047272808.1	0	N/A	30.986	142	28	7.99e-07	53.9	poly(A) RNA polymerase GLD2 isoform X3 [Homo sapiens]	TRUE	TENT2
XP_636185.1	XP_047272807.1	0	N/A	30.986	142	28	7.99e-07	53.9	poly(A) RNA polymerase GLD2 isoform X3 [Homo sapiens]	TRUE	TENT2
XP_636185.1	XP_047272806.1	0	N/A	30.986	142	28	7.99e-07	53.9	poly(A) RNA polymerase GLD2 isoform X3 [Homo sapiens]	TRUE	TENT2
XP_636185.1	NP_776158.2	0	N/A	30.986	142	28	7.99e-07	53.9	poly(A) RNA polymerase GLD2 isoform 1 [Homo sapiens]	TRUE	TENT2
XP_636185.1	NP_001375041.1	0	N/A	30.986	142	28	7.99e-07	53.9	poly(A) RNA polymerase GLD2 isoform 1 [Homo sapiens]	TRUE	TENT2
XP_636185.1	NP_001375040.1	0	N/A	30.986	142	28	7.99e-07	53.9	poly(A) RNA polymerase GLD2 isoform 1 [Homo sapiens]	TRUE	TENT2
XP_636185.1	NP_001375039.1	0	N/A	30.986	142	28	7.99e-07	53.9	poly(A) RNA polymerase GLD2 isoform 1 [Homo sapiens]	TRUE	TENT2
XP_636185.1	NP_001375038.1	0	N/A	30.986	142	28	7.99e-07	53.9	poly(A) RNA polymerase GLD2 isoform 1 [Homo sapiens]	TRUE	TENT2
XP_636185.1	NP_001375037.1	0	N/A	30.986	142	28	7.99e-07	53.9	poly(A) RNA polymerase GLD2 isoform 1 [Homo sapiens]	TRUE	TENT2
XP_636185.1	NP_001375036.1	0	N/A	30.986	142	28	7.99e-07	53.9	poly(A) RNA polymerase GLD2 isoform 1 [Homo sapiens]	TRUE	TENT2
XP_636185.1	NP_001375035.1	0	N/A	30.986	142	28	7.99e-07	53.9	poly(A) RNA polymerase GLD2 isoform 1 [Homo sapiens]	TRUE	TENT2
XP_636185.1	NP_001375034.1	0	N/A	30.986	142	28	7.99e-07	53.9	poly(A) RNA polymerase GLD2 isoform 1 [Homo sapiens]	TRUE	TENT2
XP_636185.1	NP_001375032.1	0	N/A	30.986	142	28	7.99e-07	53.9	poly(A) RNA polymerase GLD2 isoform 1 [Homo sapiens]	TRUE	TENT2
XP_636185.1	NP_001375031.1	0	N/A	30.986	142	28	7.99e-07	53.9	poly(A) RNA polymerase GLD2 isoform 1 [Homo sapiens]	TRUE	TENT2
XP_636185.1	NP_001336482.1	0	N/A	30.986	142	28	7.99e-07	53.9	poly(A) RNA polymerase GLD2 isoform 1 [Homo sapiens]	TRUE	TENT2
XP_636185.1	NP_001336481.1	0	N/A	30.986	142	28	7.99e-07	53.9	poly(A) RNA polymerase GLD2 isoform 1 [Homo sapiens]	TRUE	TENT2
XP_636185.1	NP_001107866.1	0	N/A	30.986	142	28	7.99e-07	53.9	poly(A) RNA polymerase GLD2 isoform 1 [Homo sapiens]	TRUE	TENT2
XP_636185.1	NP_001107865.1	0	N/A	30.986	142	28	7.99e-07	53.9	poly(A) RNA polymerase GLD2 isoform 1 [Homo sapiens]	TRUE	TENT2
XP_636185.1	NP_001375042.1	0	N/A	30.986	142	28	8.33e-07	53.9	poly(A) RNA polymerase GLD2 isoform 16 [Homo sapiens]	TRUE	TENT2
XP_636185.1	NP_001375061.1	0	N/A	31.159	138	28	1.61e-06	52.8	poly(A) RNA polymerase GLD2 isoform 12 [Homo sapiens]	TRUE	TENT2
XP_636185.1	XP_047272811.1	0	N/A	31.159	138	28	1.79e-06	52.8	poly(A) RNA polymerase GLD2 isoform X4 [Homo sapiens]	TRUE	TENT2
XP_636185.1	XP_047272810.1	0	N/A	31.159	138	28	1.79e-06	52.8	poly(A) RNA polymerase GLD2 isoform X4 [Homo sapiens]	TRUE	TENT2
XP_636185.1	XP_047272809.1	0	N/A	31.159	138	28	1.79e-06	52.8	poly(A) RNA polymerase GLD2 isoform X4 [Homo sapiens]	TRUE	TENT2
XP_636185.1	NP_001375058.1	0	N/A	31.159	138	28	1.79e-06	52.8	poly(A) RNA polymerase GLD2 isoform 2 [Homo sapiens]	TRUE	TENT2
XP_636185.1	NP_001375057.1	0	N/A	31.159	138	28	1.79e-06	52.8	poly(A) RNA polymerase GLD2 isoform 2 [Homo sapiens]	TRUE	TENT2
XP_636185.1	NP_001375056.1	0	N/A	31.159	138	28	1.79e-06	52.8	poly(A) RNA polymerase GLD2 isoform 2 [Homo sapiens]	TRUE	TENT2
XP_636185.1	NP_001375055.1	0	N/A	31.159	138	28	1.79e-06	52.8	poly(A) RNA polymerase GLD2 isoform 2 [Homo sapiens]	TRUE	TENT2
XP_636185.1	NP_001375054.1	0	N/A	31.159	138	28	1.79e-06	52.8	poly(A) RNA polymerase GLD2 isoform 2 [Homo sapiens]	TRUE	TENT2
XP_636185.1	NP_001375053.1	0	N/A	31.159	138	28	1.79e-06	52.8	poly(A) RNA polymerase GLD2 isoform 2 [Homo sapiens]	TRUE	TENT2
XP_636185.1	NP_001375052.1	0	N/A	31.159	138	28	1.79e-06	52.8	poly(A) RNA polymerase GLD2 isoform 2 [Homo sapiens]	TRUE	TENT2
XP_636185.1	NP_001375051.1	0	N/A	31.159	138	28	1.79e-06	52.8	poly(A) RNA polymerase GLD2 isoform 2 [Homo sapiens]	TRUE	TENT2
XP_636185.1	NP_001375050.1	0	N/A	31.159	138	28	1.79e-06	52.8	poly(A) RNA polymerase GLD2 isoform 2 [Homo sapiens]	TRUE	TENT2
XP_636185.1	NP_001375049.1	0	N/A	31.159	138	28	1.79e-06	52.8	poly(A) RNA polymerase GLD2 isoform 2 [Homo sapiens]	TRUE	TENT2
XP_636185.1	NP_001375048.1	0	N/A	31.159	138	28	1.79e-06	52.8	poly(A) RNA polymerase GLD2 isoform 2 [Homo sapiens]	TRUE	TENT2
XP_636185.1	NP_001375047.1	0	N/A	31.159	138	28	1.79e-06	52.8	poly(A) RNA polymerase GLD2 isoform 2 [Homo sapiens]	TRUE	TENT2
XP_636185.1	NP_001375046.1	0	N/A	31.159	138	28	1.79e-06	52.8	poly(A) RNA polymerase GLD2 isoform 2 [Homo sapiens]	TRUE	TENT2
XP_636185.1	NP_001375045.1	0	N/A	31.159	138	28	1.79e-06	52.8	poly(A) RNA polymerase GLD2 isoform 2 [Homo sapiens]	TRUE	TENT2
XP_636185.1	NP_001375044.1	0	N/A	31.159	138	28	1.79e-06	52.8	poly(A) RNA polymerase GLD2 isoform 2 [Homo sapiens]	TRUE	TENT2
XP_636185.1	NP_001375043.1	0	N/A	31.159	138	28	1.79e-06	52.8	poly(A) RNA polymerase GLD2 isoform 2 [Homo sapiens]	TRUE	TENT2
XP_636185.1	NP_001336483.1	0	N/A	31.159	138	28	1.79e-06	52.8	poly(A) RNA polymerase GLD2 isoform 2 [Homo sapiens]	TRUE	TENT2
XP_636185.1	NP_001284673.1	0	N/A	31.159	138	28	1.79e-06	52.8	poly(A) RNA polymerase GLD2 isoform 2 [Homo sapiens]	TRUE	TENT2
XP_636185.1	NP_001375059.1	0	N/A	31.159	138	28	1.95e-06	52.8	poly(A) RNA polymerase GLD2 isoform 10 [Homo sapiens]	TRUE	TENT2
XP_636185.1	NP_001375065.1	0	N/A	31.159	138	28	2.62e-06	52	poly(A) RNA polymerase GLD2 isoform 14 [Homo sapiens]	TRUE	TENT2
XP_636185.1	XP_005252265.1	0	N/A	29.771	131	27	3.31e-06	52.4	terminal uridylyltransferase 7 isoform X7 [Homo sapiens]	TRUE	Tut7
XP_636185.1	XP_016870620.1	0	N/A	30.645	124	26	3.38e-06	52.4	terminal uridylyltransferase 7 isoform X4 [Homo sapiens]	TRUE	Tut7
XP_636185.1	XP_016870619.1	0	N/A	30.645	124	26	3.38e-06	52.4	terminal uridylyltransferase 7 isoform X4 [Homo sapiens]	TRUE	Tut7
XP_636185.1	NP_078893.2	0	N/A	30.645	124	26	3.38e-06	52.4	terminal uridylyltransferase 7 isoform 1 [Homo sapiens]	TRUE	Tut7
XP_636185.1	NP_001171988.1	0	N/A	30.645	124	26	3.38e-06	52.4	terminal uridylyltransferase 7 isoform 1 [Homo sapiens]	TRUE	Tut7
XP_636185.1	XP_011517318.1	0	N/A	30.645	124	26	3.41e-06	52.4	terminal uridylyltransferase 7 isoform X5 [Homo sapiens]	TRUE	Tut7
XP_636185.1	XP_011517316.1	0	N/A	30.645	124	26	3.58e-06	52.4	terminal uridylyltransferase 7 isoform X1 [Homo sapiens]	TRUE	Tut7
XP_636185.1	XP_011517315.1	0	N/A	30.645	124	26	3.58e-06	52.4	terminal uridylyltransferase 7 isoform X1 [Homo sapiens]	TRUE	Tut7
XP_636185.1	XP_011517314.1	0	N/A	30.645	124	26	3.58e-06	52.4	terminal uridylyltransferase 7 isoform X1 [Homo sapiens]	TRUE	Tut7
XP_636185.1	XP_011517313.1	0	N/A	30.645	124	26	3.58e-06	52.4	terminal uridylyltransferase 7 isoform X1 [Homo sapiens]	TRUE	Tut7
XP_636185.1	XP_047279825.1	0	N/A	30.645	124	26	3.75e-06	52.4	terminal uridylyltransferase 7 isoform X6 [Homo sapiens]	TRUE	Tut7
XP_636185.1	XP_047279824.1	0	N/A	30.645	124	26	3.75e-06	52.4	terminal uridylyltransferase 7 isoform X6 [Homo sapiens]	TRUE	Tut7
XP_636185.1	XP_005252264.1	0	N/A	30.645	124	26	3.75e-06	52.4	terminal uridylyltransferase 7 isoform X6 [Homo sapiens]	TRUE	Tut7
XP_636185.1	XP_047279823.1	0	N/A	30.645	124	26	3.94e-06	52.4	terminal uridylyltransferase 7 isoform X2 [Homo sapiens]	TRUE	Tut7
XP_636185.1	XP_006717346.1	0	N/A	30.645	124	26	3.94e-06	52.4	terminal uridylyltransferase 7 isoform X2 [Homo sapiens]	TRUE	Tut7
XP_636185.1	XP_011517317.1	0	N/A	30.645	124	26	4e-06	52.4	terminal uridylyltransferase 7 isoform X3 [Homo sapiens]	TRUE	Tut7
XP_636185.1	NP_001317647.1	0	N/A	30.645	124	26	4.01e-06	52	terminal uridylyltransferase 7 isoform 3 [Homo sapiens]	TRUE	Tut7
XP_636185.1	NP_001375029.1	0	N/A	31.967	122	24	1.28e-05	50.1	poly(A) RNA polymerase GLD2 isoform 8 [Homo sapiens]	TRUE	TENT2
XP_636185.1	NP_001375028.1	0	N/A	31.967	122	24	1.28e-05	50.1	poly(A) RNA polymerase GLD2 isoform 8 [Homo sapiens]	TRUE	TENT2
XP_636185.1	NP_001375030.1	0	N/A	32.203	118	24	2.77e-05	48.9	poly(A) RNA polymerase GLD2 isoform 9 [Homo sapiens]	TRUE	TENT2
XP_636185.1	XP_047272286.1	0	N/A	25.874	143	29	0.000112	47.8	terminal uridylyltransferase 4 isoform X8 [Homo sapiens]	TRUE	Tut4
XP_636185.1	XP_011521580.1	0	N/A	30.556	108	23	0.000113	47.4	terminal nucleotidyltransferase 4B isoform X5 [Homo sapiens]	TRUE	TENT4B
XP_636185.1	XP_047272350.1	0	N/A	25.874	143	29	0.000116	47.4	terminal uridylyltransferase 4 isoform X34 [Homo sapiens]	TRUE	Tut4
XP_636185.1	XP_047272344.1	0	N/A	25.874	143	29	0.000116	47.4	terminal uridylyltransferase 4 isoform X30 [Homo sapiens]	TRUE	Tut4
XP_636185.1	XP_047272305.1	0	N/A	25.874	143	29	0.000116	47.4	terminal uridylyltransferase 4 isoform X17 [Homo sapiens]	TRUE	Tut4
XP_636185.1	XP_047272372.1	0	N/A	25.874	143	29	0.000116	47.4	terminal uridylyltransferase 4 isoform X42 [Homo sapiens]	TRUE	Tut4
XP_636185.1	XP_047272290.1	0	N/A	25.874	143	29	0.000117	47.4	terminal uridylyltransferase 4 isoform X11 [Homo sapiens]	TRUE	Tut4
XP_636185.1	XP_047272296.1	0	N/A	25.874	143	29	0.000125	47.4	terminal uridylyltransferase 4 isoform X13 [Homo sapiens]	TRUE	Tut4
XP_636185.1	XP_047272295.1	0	N/A	25.874	143	29	0.00013	47.4	terminal uridylyltransferase 4 isoform X12 [Homo sapiens]	TRUE	Tut4
XP_636185.1	XP_047290433.1	0	N/A	30.556	108	23	0.000135	47	terminal nucleotidyltransferase 4B isoform X6 [Homo sapiens]	TRUE	TENT4B
XP_636185.1	NP_001035374.2	0	N/A	30.556	108	23	0.00015	47	terminal nucleotidyltransferase 4B isoform a [Homo sapiens]	TRUE	TENT4B
XP_636185.1	XP_011521577.1	0	N/A	30.556	108	23	0.00015	47	terminal nucleotidyltransferase 4B isoform X1 [Homo sapiens]	TRUE	TENT4B
XP_636185.1	NP_001035375.2	0	N/A	30.556	108	23	0.000174	46.6	terminal nucleotidyltransferase 4B isoform b [Homo sapiens]	TRUE	TENT4B
XP_636185.1	XP_011521578.1	0	N/A	30.556	108	23	0.000174	46.6	terminal nucleotidyltransferase 4B isoform X2 [Homo sapiens]	TRUE	TENT4B
XP_636185.1	NP_001352253.1	0	N/A	30.556	108	23	0.000177	46.6	terminal nucleotidyltransferase 4B isoform d [Homo sapiens]	TRUE	TENT4B
XP_636185.1	NP_001352252.1	0	N/A	30.556	108	23	0.000181	46.6	terminal nucleotidyltransferase 4B isoform c [Homo sapiens]	TRUE	TENT4B
XP_636185.1	XP_047290431.1	0	N/A	30.556	108	23	0.000182	46.6	terminal nucleotidyltransferase 4B isoform X3 [Homo sapiens]	TRUE	TENT4B
XP_636185.1	XP_047290432.1	0	N/A	30.556	108	23	2e-04	46.6	terminal nucleotidyltransferase 4B isoform X4 [Homo sapiens]	TRUE	TENT4B
XP_636185.1	XP_047272814.1	0	N/A	29.927	137	27	0.00025	45.8	poly(A) RNA polymerase GLD2 isoform X6 [Homo sapiens]	TRUE	TENT2
XP_636185.1	XP_047272813.1	0	N/A	29.927	137	27	0.00025	45.8	poly(A) RNA polymerase GLD2 isoform X6 [Homo sapiens]	TRUE	TENT2
XP_636185.1	XP_047272812.1	0	N/A	29.927	137	27	0.00025	45.8	poly(A) RNA polymerase GLD2 isoform X6 [Homo sapiens]	TRUE	TENT2
XP_636185.1	NP_001375062.1	0	N/A	29.927	137	27	0.00025	45.8	poly(A) RNA polymerase GLD2 isoform 3 [Homo sapiens]	TRUE	TENT2
XP_636185.1	NP_001284674.1	0	N/A	29.927	137	27	0.00025	45.8	poly(A) RNA polymerase GLD2 isoform 3 [Homo sapiens]	TRUE	TENT2
XP_636185.1	XP_047272384.1	0	N/A	25.362	138	28	0.00049	45.4	terminal uridylyltransferase 4 isoform X46 [Homo sapiens]	TRUE	Tut4
XP_636185.1	XP_047272815.1	0	N/A	30.075	133	27	0.000537	45.1	poly(A) RNA polymerase GLD2 isoform X7 [Homo sapiens]	TRUE	TENT2
XP_636185.1	NP_001375064.1	0	N/A	30.075	133	27	0.000537	45.1	poly(A) RNA polymerase GLD2 isoform 13 [Homo sapiens]	TRUE	TENT2
XP_636185.1	NP_001375063.1	0	N/A	30.075	133	27	0.000537	45.1	poly(A) RNA polymerase GLD2 isoform 13 [Homo sapiens]	TRUE	TENT2
XP_636185.1	XP_016856297.1	0	N/A	25.362	138	28	0.000633	45.1	terminal uridylyltransferase 4 isoform X36 [Homo sapiens]	TRUE	Tut4
XP_636185.1	XP_047272311.1	0	N/A	25.362	138	28	0.000658	45.1	terminal uridylyltransferase 4 isoform X21 [Homo sapiens]	TRUE	Tut4
XP_636185.1	XP_047272285.1	0	N/A	25.362	138	28	0.000665	45.1	terminal uridylyltransferase 4 isoform X7 [Homo sapiens]	TRUE	Tut4
XP_636185.1	XP_005270735.1	0	N/A	25.362	138	28	0.000672	45.1	terminal uridylyltransferase 4 isoform X2 [Homo sapiens]	TRUE	Tut4
XP_636185.1	XP_005270739.1	0	N/A	25.362	138	28	0.000673	45.1	terminal uridylyltransferase 4 isoform X33 [Homo sapiens]	TRUE	Tut4
XP_636185.1	XP_016856292.1	0	N/A	25.362	138	28	0.000677	45.1	terminal uridylyltransferase 4 isoform X9 [Homo sapiens]	TRUE	Tut4
XP_636185.1	XP_047272307.1	0	N/A	25.362	138	28	0.000682	45.1	terminal uridylyltransferase 4 isoform X19 [Homo sapiens]	TRUE	Tut4
XP_636185.1	XP_047272306.1	0	N/A	25.362	138	28	0.000682	45.1	terminal uridylyltransferase 4 isoform X18 [Homo sapiens]	TRUE	Tut4
XP_640670.1	NP_001317647.1	0	N/A	33.91	289	30	3.84e-38	155	terminal uridylyltransferase 7 isoform 3 [Homo sapiens]	TRUE	Tut7
XP_640670.1	XP_047279823.1	0	N/A	33.793	290	30	1.46e-37	155	terminal uridylyltransferase 7 isoform X2 [Homo sapiens]	TRUE	Tut7
XP_640670.1	XP_006717346.1	0	N/A	33.793	290	30	1.46e-37	155	terminal uridylyltransferase 7 isoform X2 [Homo sapiens]	TRUE	Tut7
XP_640670.1	XP_016870620.1	0	N/A	33.793	290	30	1.49e-37	155	terminal uridylyltransferase 7 isoform X4 [Homo sapiens]	TRUE	Tut7
XP_640670.1	XP_016870619.1	0	N/A	33.793	290	30	1.49e-37	155	terminal uridylyltransferase 7 isoform X4 [Homo sapiens]	TRUE	Tut7
XP_640670.1	NP_078893.2	0	N/A	33.793	290	30	1.49e-37	155	terminal uridylyltransferase 7 isoform 1 [Homo sapiens]	TRUE	Tut7
XP_640670.1	NP_001171988.1	0	N/A	33.793	290	30	1.49e-37	155	terminal uridylyltransferase 7 isoform 1 [Homo sapiens]	TRUE	Tut7
XP_640670.1	XP_011517318.1	0	N/A	33.793	290	30	1.7e-37	155	terminal uridylyltransferase 7 isoform X5 [Homo sapiens]	TRUE	Tut7
XP_640670.1	XP_011517317.1	0	N/A	33.793	290	30	1.91e-37	155	terminal uridylyltransferase 7 isoform X3 [Homo sapiens]	TRUE	Tut7
XP_640670.1	XP_047279825.1	0	N/A	33.793	290	30	1.94e-37	155	terminal uridylyltransferase 7 isoform X6 [Homo sapiens]	TRUE	Tut7
XP_640670.1	XP_047279824.1	0	N/A	33.793	290	30	1.94e-37	155	terminal uridylyltransferase 7 isoform X6 [Homo sapiens]	TRUE	Tut7
XP_640670.1	XP_005252264.1	0	N/A	33.793	290	30	1.94e-37	155	terminal uridylyltransferase 7 isoform X6 [Homo sapiens]	TRUE	Tut7
XP_640670.1	XP_005252265.1	0	N/A	33.793	290	30	2.57e-37	154	terminal uridylyltransferase 7 isoform X7 [Homo sapiens]	TRUE	Tut7
XP_640670.1	XP_011517316.1	0	N/A	33.793	290	30	2.79e-37	154	terminal uridylyltransferase 7 isoform X1 [Homo sapiens]	TRUE	Tut7
XP_640670.1	XP_011517315.1	0	N/A	33.793	290	30	2.79e-37	154	terminal uridylyltransferase 7 isoform X1 [Homo sapiens]	TRUE	Tut7
XP_640670.1	XP_011517314.1	0	N/A	33.793	290	30	2.79e-37	154	terminal uridylyltransferase 7 isoform X1 [Homo sapiens]	TRUE	Tut7
XP_640670.1	XP_011517313.1	0	N/A	33.793	290	30	2.79e-37	154	terminal uridylyltransferase 7 isoform X1 [Homo sapiens]	TRUE	Tut7
XP_640670.1	XP_047272305.1	0	N/A	33.559	295	31	5.32e-36	150	terminal uridylyltransferase 4 isoform X17 [Homo sapiens]	TRUE	Tut4
XP_640670.1	XP_047272372.1	0	N/A	33.559	295	31	6.08e-36	150	terminal uridylyltransferase 4 isoform X42 [Homo sapiens]	TRUE	Tut4
XP_640670.1	XP_047272296.1	0	N/A	33.559	295	31	6.33e-36	150	terminal uridylyltransferase 4 isoform X13 [Homo sapiens]	TRUE	Tut4
XP_640670.1	XP_047272290.1	0	N/A	33.559	295	31	6.39e-36	150	terminal uridylyltransferase 4 isoform X11 [Homo sapiens]	TRUE	Tut4
XP_640670.1	XP_047272350.1	0	N/A	33.559	295	31	6.57e-36	150	terminal uridylyltransferase 4 isoform X34 [Homo sapiens]	TRUE	Tut4
XP_640670.1	XP_047272295.1	0	N/A	33.559	295	31	6.73e-36	150	terminal uridylyltransferase 4 isoform X12 [Homo sapiens]	TRUE	Tut4
XP_640670.1	XP_047272286.1	0	N/A	33.559	295	31	6.98e-36	150	terminal uridylyltransferase 4 isoform X8 [Homo sapiens]	TRUE	Tut4
XP_640670.1	XP_047272344.1	0	N/A	33.559	295	31	1e-35	149	terminal uridylyltransferase 4 isoform X30 [Homo sapiens]	TRUE	Tut4
XP_640670.1	XP_016856293.1	0	N/A	33.818	275	29	6.43e-34	144	terminal uridylyltransferase 4 isoform X16 [Homo sapiens]	TRUE	Tut4
XP_640670.1	XP_016856292.1	0	N/A	33.818	275	29	6.67e-34	144	terminal uridylyltransferase 4 isoform X9 [Homo sapiens]	TRUE	Tut4
XP_640670.1	XP_047272288.1	0	N/A	33.818	275	29	6.84e-34	144	terminal uridylyltransferase 4 isoform X10 [Homo sapiens]	TRUE	Tut4
XP_640670.1	XP_016856299.1	0	N/A	33.818	275	29	7.32e-34	144	terminal uridylyltransferase 4 isoform X40 [Homo sapiens]	TRUE	Tut4
XP_640670.1	XP_047272285.1	0	N/A	33.818	275	29	7.47e-34	144	terminal uridylyltransferase 4 isoform X7 [Homo sapiens]	TRUE	Tut4
XP_640670.1	XP_005270735.1	0	N/A	33.818	275	29	8.01e-34	143	terminal uridylyltransferase 4 isoform X2 [Homo sapiens]	TRUE	Tut4
XP_640670.1	XP_047272365.1	0	N/A	33.818	275	29	8.06e-34	143	terminal uridylyltransferase 4 isoform X38 [Homo sapiens]	TRUE	Tut4
XP_640670.1	XP_047272280.1	0	N/A	33.818	275	29	8.21e-34	143	terminal uridylyltransferase 4 isoform X3 [Homo sapiens]	TRUE	Tut4
XP_640670.1	XP_005270736.1	0	N/A	33.818	275	29	8.21e-34	143	terminal uridylyltransferase 4 isoform X3 [Homo sapiens]	TRUE	Tut4
XP_640670.1	XP_011539399.1	0	N/A	33.818	275	29	8.22e-34	143	terminal uridylyltransferase 4 isoform X1 [Homo sapiens]	TRUE	Tut4
XP_640670.1	XP_005270733.1	0	N/A	33.818	275	29	8.22e-34	143	terminal uridylyltransferase 4 isoform X1 [Homo sapiens]	TRUE	Tut4
XP_640670.1	XP_047272283.1	0	N/A	33.818	275	29	8.4e-34	143	terminal uridylyltransferase 4 isoform X6 [Homo sapiens]	TRUE	Tut4
XP_640670.1	XP_005270737.1	0	N/A	33.818	275	29	8.4e-34	143	terminal uridylyltransferase 4 isoform X6 [Homo sapiens]	TRUE	Tut4
XP_640670.1	XP_047272282.1	0	N/A	33.818	275	29	8.56e-34	143	terminal uridylyltransferase 4 isoform X5 [Homo sapiens]	TRUE	Tut4
XP_640670.1	NP_056084.1	0	N/A	33.818	275	29	8.56e-34	143	terminal uridylyltransferase 4 isoform b [Homo sapiens]	TRUE	Tut4
XP_640670.1	XP_047272281.1	0	N/A	33.818	275	29	8.64e-34	143	terminal uridylyltransferase 4 isoform X4 [Homo sapiens]	TRUE	Tut4
XP_640670.1	NP_001009881.1	0	N/A	33.818	275	29	8.64e-34	143	terminal uridylyltransferase 4 isoform a [Homo sapiens]	TRUE	Tut4
XP_640670.1	XP_005270739.1	0	N/A	33.818	275	29	8.82e-34	143	terminal uridylyltransferase 4 isoform X33 [Homo sapiens]	TRUE	Tut4
XP_640670.1	XP_016856297.1	0	N/A	33.818	275	29	8.95e-34	143	terminal uridylyltransferase 4 isoform X36 [Homo sapiens]	TRUE	Tut4
XP_640670.1	XP_047272345.1	0	N/A	33.818	275	29	9.08e-34	143	terminal uridylyltransferase 4 isoform X31 [Homo sapiens]	TRUE	Tut4
XP_640670.1	XP_016856296.1	0	N/A	33.818	275	29	9.55e-34	143	terminal uridylyltransferase 4 isoform X28 [Homo sapiens]	TRUE	Tut4
XP_640670.1	XP_011539401.1	0	N/A	33.818	275	29	9.66e-34	143	terminal uridylyltransferase 4 isoform X29 [Homo sapiens]	TRUE	Tut4
XP_640670.1	XP_047272337.1	0	N/A	33.818	275	29	9.82e-34	143	terminal uridylyltransferase 4 isoform X27 [Homo sapiens]	TRUE	Tut4
XP_640670.1	XP_016856295.1	0	N/A	33.818	275	29	1.05e-33	143	terminal uridylyltransferase 4 isoform X25 [Homo sapiens]	TRUE	Tut4
XP_640670.1	XP_047272325.1	0	N/A	33.818	275	29	1.18e-33	143	terminal uridylyltransferase 4 isoform X23 [Homo sapiens]	TRUE	Tut4
XP_640670.1	XP_047272384.1	0	N/A	33.818	275	29	4.59e-33	140	terminal uridylyltransferase 4 isoform X46 [Homo sapiens]	TRUE	Tut4
XP_640670.1	NP_001172003.1	0	N/A	34.468	235	25	2.77e-31	135	terminal uridylyltransferase 7 isoform 2 [Homo sapiens]	TRUE	Tut7
XP_640670.1	NP_001375065.1	0	N/A	28.794	257	27	3.97e-27	116	poly(A) RNA polymerase GLD2 isoform 14 [Homo sapiens]	TRUE	TENT2
XP_640670.1	NP_001375060.1	0	N/A	29.278	263	27	8.86e-27	117	poly(A) RNA polymerase GLD2 isoform 11 [Homo sapiens]	TRUE	TENT2
XP_640670.1	NP_001375061.1	0	N/A	29.661	236	25	9.59e-27	117	poly(A) RNA polymerase GLD2 isoform 12 [Homo sapiens]	TRUE	TENT2
XP_640670.1	NP_001375042.1	0	N/A	30.165	242	25	1.17e-26	117	poly(A) RNA polymerase GLD2 isoform 16 [Homo sapiens]	TRUE	TENT2
XP_640670.1	XP_047272808.1	0	N/A	30.165	242	25	1.26e-26	117	poly(A) RNA polymerase GLD2 isoform X3 [Homo sapiens]	TRUE	TENT2
XP_640670.1	XP_047272807.1	0	N/A	30.165	242	25	1.26e-26	117	poly(A) RNA polymerase GLD2 isoform X3 [Homo sapiens]	TRUE	TENT2
XP_640670.1	XP_047272806.1	0	N/A	30.165	242	25	1.26e-26	117	poly(A) RNA polymerase GLD2 isoform X3 [Homo sapiens]	TRUE	TENT2
XP_640670.1	NP_776158.2	0	N/A	30.165	242	25	1.26e-26	117	poly(A) RNA polymerase GLD2 isoform 1 [Homo sapiens]	TRUE	TENT2
XP_640670.1	NP_001375041.1	0	N/A	30.165	242	25	1.26e-26	117	poly(A) RNA polymerase GLD2 isoform 1 [Homo sapiens]	TRUE	TENT2
XP_640670.1	NP_001375040.1	0	N/A	30.165	242	25	1.26e-26	117	poly(A) RNA polymerase GLD2 isoform 1 [Homo sapiens]	TRUE	TENT2
XP_640670.1	NP_001375039.1	0	N/A	30.165	242	25	1.26e-26	117	poly(A) RNA polymerase GLD2 isoform 1 [Homo sapiens]	TRUE	TENT2
XP_640670.1	NP_001375038.1	0	N/A	30.165	242	25	1.26e-26	117	poly(A) RNA polymerase GLD2 isoform 1 [Homo sapiens]	TRUE	TENT2
XP_640670.1	NP_001375037.1	0	N/A	30.165	242	25	1.26e-26	117	poly(A) RNA polymerase GLD2 isoform 1 [Homo sapiens]	TRUE	TENT2
XP_640670.1	NP_001375036.1	0	N/A	30.165	242	25	1.26e-26	117	poly(A) RNA polymerase GLD2 isoform 1 [Homo sapiens]	TRUE	TENT2
XP_640670.1	NP_001375035.1	0	N/A	30.165	242	25	1.26e-26	117	poly(A) RNA polymerase GLD2 isoform 1 [Homo sapiens]	TRUE	TENT2
XP_640670.1	NP_001375034.1	0	N/A	30.165	242	25	1.26e-26	117	poly(A) RNA polymerase GLD2 isoform 1 [Homo sapiens]	TRUE	TENT2
XP_640670.1	NP_001375032.1	0	N/A	30.165	242	25	1.26e-26	117	poly(A) RNA polymerase GLD2 isoform 1 [Homo sapiens]	TRUE	TENT2
XP_640670.1	NP_001375031.1	0	N/A	30.165	242	25	1.26e-26	117	poly(A) RNA polymerase GLD2 isoform 1 [Homo sapiens]	TRUE	TENT2
XP_640670.1	NP_001336482.1	0	N/A	30.165	242	25	1.26e-26	117	poly(A) RNA polymerase GLD2 isoform 1 [Homo sapiens]	TRUE	TENT2
XP_640670.1	NP_001336481.1	0	N/A	30.165	242	25	1.26e-26	117	poly(A) RNA polymerase GLD2 isoform 1 [Homo sapiens]	TRUE	TENT2
XP_640670.1	NP_001107866.1	0	N/A	30.165	242	25	1.26e-26	117	poly(A) RNA polymerase GLD2 isoform 1 [Homo sapiens]	TRUE	TENT2
XP_640670.1	NP_001107865.1	0	N/A	30.165	242	25	1.26e-26	117	poly(A) RNA polymerase GLD2 isoform 1 [Homo sapiens]	TRUE	TENT2
XP_640670.1	XP_047272811.1	0	N/A	29.661	236	25	1.29e-26	117	poly(A) RNA polymerase GLD2 isoform X4 [Homo sapiens]	TRUE	TENT2
XP_640670.1	XP_047272810.1	0	N/A	29.661	236	25	1.29e-26	117	poly(A) RNA polymerase GLD2 isoform X4 [Homo sapiens]	TRUE	TENT2
XP_640670.1	XP_047272809.1	0	N/A	29.661	236	25	1.29e-26	117	poly(A) RNA polymerase GLD2 isoform X4 [Homo sapiens]	TRUE	TENT2
XP_640670.1	NP_001375058.1	0	N/A	29.661	236	25	1.29e-26	117	poly(A) RNA polymerase GLD2 isoform 2 [Homo sapiens]	TRUE	TENT2
XP_640670.1	NP_001375057.1	0	N/A	29.661	236	25	1.29e-26	117	poly(A) RNA polymerase GLD2 isoform 2 [Homo sapiens]	TRUE	TENT2
XP_640670.1	NP_001375056.1	0	N/A	29.661	236	25	1.29e-26	117	poly(A) RNA polymerase GLD2 isoform 2 [Homo sapiens]	TRUE	TENT2
XP_640670.1	NP_001375055.1	0	N/A	29.661	236	25	1.29e-26	117	poly(A) RNA polymerase GLD2 isoform 2 [Homo sapiens]	TRUE	TENT2
XP_640670.1	NP_001375054.1	0	N/A	29.661	236	25	1.29e-26	117	poly(A) RNA polymerase GLD2 isoform 2 [Homo sapiens]	TRUE	TENT2
XP_640670.1	NP_001375053.1	0	N/A	29.661	236	25	1.29e-26	117	poly(A) RNA polymerase GLD2 isoform 2 [Homo sapiens]	TRUE	TENT2
XP_640670.1	NP_001375052.1	0	N/A	29.661	236	25	1.29e-26	117	poly(A) RNA polymerase GLD2 isoform 2 [Homo sapiens]	TRUE	TENT2
XP_640670.1	NP_001375051.1	0	N/A	29.661	236	25	1.29e-26	117	poly(A) RNA polymerase GLD2 isoform 2 [Homo sapiens]	TRUE	TENT2
XP_640670.1	NP_001375050.1	0	N/A	29.661	236	25	1.29e-26	117	poly(A) RNA polymerase GLD2 isoform 2 [Homo sapiens]	TRUE	TENT2
XP_640670.1	NP_001375049.1	0	N/A	29.661	236	25	1.29e-26	117	poly(A) RNA polymerase GLD2 isoform 2 [Homo sapiens]	TRUE	TENT2
XP_640670.1	NP_001375048.1	0	N/A	29.661	236	25	1.29e-26	117	poly(A) RNA polymerase GLD2 isoform 2 [Homo sapiens]	TRUE	TENT2
XP_640670.1	NP_001375047.1	0	N/A	29.661	236	25	1.29e-26	117	poly(A) RNA polymerase GLD2 isoform 2 [Homo sapiens]	TRUE	TENT2
XP_640670.1	NP_001375046.1	0	N/A	29.661	236	25	1.29e-26	117	poly(A) RNA polymerase GLD2 isoform 2 [Homo sapiens]	TRUE	TENT2
XP_640670.1	NP_001375045.1	0	N/A	29.661	236	25	1.29e-26	117	poly(A) RNA polymerase GLD2 isoform 2 [Homo sapiens]	TRUE	TENT2
XP_640670.1	NP_001375044.1	0	N/A	29.661	236	25	1.29e-26	117	poly(A) RNA polymerase GLD2 isoform 2 [Homo sapiens]	TRUE	TENT2
XP_640670.1	NP_001375043.1	0	N/A	29.661	236	25	1.29e-26	117	poly(A) RNA polymerase GLD2 isoform 2 [Homo sapiens]	TRUE	TENT2
XP_640670.1	NP_001336483.1	0	N/A	29.661	236	25	1.29e-26	117	poly(A) RNA polymerase GLD2 isoform 2 [Homo sapiens]	TRUE	TENT2
XP_640670.1	NP_001284673.1	0	N/A	29.661	236	25	1.29e-26	117	poly(A) RNA polymerase GLD2 isoform 2 [Homo sapiens]	TRUE	TENT2
XP_640670.1	NP_001375059.1	0	N/A	29.661	236	25	1.3e-26	117	poly(A) RNA polymerase GLD2 isoform 10 [Homo sapiens]	TRUE	TENT2
XP_640670.1	NP_001375029.1	0	N/A	30.165	242	25	2.36e-26	116	poly(A) RNA polymerase GLD2 isoform 8 [Homo sapiens]	TRUE	TENT2
XP_640670.1	NP_001375028.1	0	N/A	30.165	242	25	2.36e-26	116	poly(A) RNA polymerase GLD2 isoform 8 [Homo sapiens]	TRUE	TENT2
XP_640670.1	NP_001375030.1	0	N/A	29.661	236	25	2.74e-26	116	poly(A) RNA polymerase GLD2 isoform 9 [Homo sapiens]	TRUE	TENT2
XP_640670.1	XP_047272805.1	0	N/A	26.596	282	27	5.92e-24	109	poly(A) RNA polymerase GLD2 isoform X2 [Homo sapiens]	TRUE	TENT2
XP_642359.1	NP_001317647.1	0	N/A	39.203	301	27	1.03e-52	201	terminal uridylyltransferase 7 isoform 3 [Homo sapiens]	TRUE	Tut7
XP_642359.1	XP_016870620.1	0	N/A	39.203	301	27	3.44e-51	200	terminal uridylyltransferase 7 isoform X4 [Homo sapiens]	TRUE	Tut7
XP_642359.1	XP_016870619.1	0	N/A	39.203	301	27	3.44e-51	200	terminal uridylyltransferase 7 isoform X4 [Homo sapiens]	TRUE	Tut7
XP_642359.1	NP_078893.2	0	N/A	39.203	301	27	3.44e-51	200	terminal uridylyltransferase 7 isoform 1 [Homo sapiens]	TRUE	Tut7
XP_642359.1	NP_001171988.1	0	N/A	39.203	301	27	3.44e-51	200	terminal uridylyltransferase 7 isoform 1 [Homo sapiens]	TRUE	Tut7
XP_642359.1	XP_011517318.1	0	N/A	39.203	301	27	4.22e-51	199	terminal uridylyltransferase 7 isoform X5 [Homo sapiens]	TRUE	Tut7
XP_642359.1	XP_047279823.1	0	N/A	39.203	301	27	4.51e-51	199	terminal uridylyltransferase 7 isoform X2 [Homo sapiens]	TRUE	Tut7
XP_642359.1	XP_006717346.1	0	N/A	39.203	301	27	4.51e-51	199	terminal uridylyltransferase 7 isoform X2 [Homo sapiens]	TRUE	Tut7
XP_642359.1	XP_047279825.1	0	N/A	39.203	301	27	4.59e-51	199	terminal uridylyltransferase 7 isoform X6 [Homo sapiens]	TRUE	Tut7
XP_642359.1	XP_047279824.1	0	N/A	39.203	301	27	4.59e-51	199	terminal uridylyltransferase 7 isoform X6 [Homo sapiens]	TRUE	Tut7
XP_642359.1	XP_005252264.1	0	N/A	39.203	301	27	4.59e-51	199	terminal uridylyltransferase 7 isoform X6 [Homo sapiens]	TRUE	Tut7
XP_642359.1	XP_011517317.1	0	N/A	39.203	301	27	4.9e-51	199	terminal uridylyltransferase 7 isoform X3 [Homo sapiens]	TRUE	Tut7
XP_642359.1	XP_005252265.1	0	N/A	39.203	301	27	5.16e-51	199	terminal uridylyltransferase 7 isoform X7 [Homo sapiens]	TRUE	Tut7
XP_642359.1	XP_011517316.1	0	N/A	39.203	301	27	8.13e-51	199	terminal uridylyltransferase 7 isoform X1 [Homo sapiens]	TRUE	Tut7
XP_642359.1	XP_011517315.1	0	N/A	39.203	301	27	8.13e-51	199	terminal uridylyltransferase 7 isoform X1 [Homo sapiens]	TRUE	Tut7
XP_642359.1	XP_011517314.1	0	N/A	39.203	301	27	8.13e-51	199	terminal uridylyltransferase 7 isoform X1 [Homo sapiens]	TRUE	Tut7
XP_642359.1	XP_011517313.1	0	N/A	39.203	301	27	8.13e-51	199	terminal uridylyltransferase 7 isoform X1 [Homo sapiens]	TRUE	Tut7
XP_642359.1	XP_047272384.1	0	N/A	36.207	348	31	4.96e-50	194	terminal uridylyltransferase 4 isoform X46 [Homo sapiens]	TRUE	Tut4
XP_642359.1	XP_016856292.1	0	N/A	36.81	326	29	2.69e-49	194	terminal uridylyltransferase 4 isoform X9 [Homo sapiens]	TRUE	Tut4
XP_642359.1	XP_016856293.1	0	N/A	36.81	326	29	2.85e-49	194	terminal uridylyltransferase 4 isoform X16 [Homo sapiens]	TRUE	Tut4
XP_642359.1	XP_047272285.1	0	N/A	36.503	326	29	3.15e-49	194	terminal uridylyltransferase 4 isoform X7 [Homo sapiens]	TRUE	Tut4
XP_642359.1	XP_005270735.1	0	N/A	36.81	326	29	3.41e-49	194	terminal uridylyltransferase 4 isoform X2 [Homo sapiens]	TRUE	Tut4
XP_642359.1	XP_011539399.1	0	N/A	36.503	326	29	3.56e-49	194	terminal uridylyltransferase 4 isoform X1 [Homo sapiens]	TRUE	Tut4
XP_642359.1	XP_005270733.1	0	N/A	36.503	326	29	3.56e-49	194	terminal uridylyltransferase 4 isoform X1 [Homo sapiens]	TRUE	Tut4
XP_642359.1	XP_047272288.1	0	N/A	36.81	326	29	3.61e-49	194	terminal uridylyltransferase 4 isoform X10 [Homo sapiens]	TRUE	Tut4
XP_642359.1	XP_047272280.1	0	N/A	36.81	326	29	3.71e-49	194	terminal uridylyltransferase 4 isoform X3 [Homo sapiens]	TRUE	Tut4
XP_642359.1	XP_005270736.1	0	N/A	36.81	326	29	3.71e-49	194	terminal uridylyltransferase 4 isoform X3 [Homo sapiens]	TRUE	Tut4
XP_642359.1	XP_005270739.1	0	N/A	36.81	326	29	3.77e-49	193	terminal uridylyltransferase 4 isoform X33 [Homo sapiens]	TRUE	Tut4
XP_642359.1	XP_016856297.1	0	N/A	36.81	326	29	4.17e-49	193	terminal uridylyltransferase 4 isoform X36 [Homo sapiens]	TRUE	Tut4
XP_642359.1	XP_047272345.1	0	N/A	36.81	326	29	4.17e-49	193	terminal uridylyltransferase 4 isoform X31 [Homo sapiens]	TRUE	Tut4
XP_642359.1	XP_047272365.1	0	N/A	36.81	326	29	4.38e-49	193	terminal uridylyltransferase 4 isoform X38 [Homo sapiens]	TRUE	Tut4
XP_642359.1	XP_047272283.1	0	N/A	36.81	326	29	4.5e-49	193	terminal uridylyltransferase 4 isoform X6 [Homo sapiens]	TRUE	Tut4
XP_642359.1	XP_005270737.1	0	N/A	36.81	326	29	4.5e-49	193	terminal uridylyltransferase 4 isoform X6 [Homo sapiens]	TRUE	Tut4
XP_642359.1	XP_047272282.1	0	N/A	36.81	326	29	4.67e-49	193	terminal uridylyltransferase 4 isoform X5 [Homo sapiens]	TRUE	Tut4
XP_642359.1	NP_056084.1	0	N/A	36.81	326	29	4.67e-49	193	terminal uridylyltransferase 4 isoform b [Homo sapiens]	TRUE	Tut4
XP_642359.1	XP_047272281.1	0	N/A	36.81	326	29	4.76e-49	193	terminal uridylyltransferase 4 isoform X4 [Homo sapiens]	TRUE	Tut4
XP_642359.1	NP_001009881.1	0	N/A	36.81	326	29	4.76e-49	193	terminal uridylyltransferase 4 isoform a [Homo sapiens]	TRUE	Tut4
XP_642359.1	XP_016856299.1	0	N/A	36.81	326	29	5.06e-49	193	terminal uridylyltransferase 4 isoform X40 [Homo sapiens]	TRUE	Tut4
XP_642359.1	XP_011539401.1	0	N/A	36.81	326	29	5.97e-49	193	terminal uridylyltransferase 4 isoform X29 [Homo sapiens]	TRUE	Tut4
XP_642359.1	XP_016856295.1	0	N/A	36.556	331	30	6.22e-49	193	terminal uridylyltransferase 4 isoform X25 [Homo sapiens]	TRUE	Tut4
XP_642359.1	XP_047272325.1	0	N/A	36.556	331	30	6.35e-49	193	terminal uridylyltransferase 4 isoform X23 [Homo sapiens]	TRUE	Tut4
XP_642359.1	XP_016856296.1	0	N/A	36.81	326	29	8.69e-49	192	terminal uridylyltransferase 4 isoform X28 [Homo sapiens]	TRUE	Tut4
XP_642359.1	XP_047272337.1	0	N/A	36.81	326	29	9.42e-49	192	terminal uridylyltransferase 4 isoform X27 [Homo sapiens]	TRUE	Tut4
XP_642359.1	XP_047272290.1	0	N/A	39.236	288	26	4.17e-47	187	terminal uridylyltransferase 4 isoform X11 [Homo sapiens]	TRUE	Tut4
XP_642359.1	XP_047272286.1	0	N/A	39.236	288	26	4.85e-47	187	terminal uridylyltransferase 4 isoform X8 [Homo sapiens]	TRUE	Tut4
XP_642359.1	XP_047272295.1	0	N/A	39.236	288	26	5.74e-47	186	terminal uridylyltransferase 4 isoform X12 [Homo sapiens]	TRUE	Tut4
XP_642359.1	XP_047272296.1	0	N/A	39.236	288	26	5.89e-47	186	terminal uridylyltransferase 4 isoform X13 [Homo sapiens]	TRUE	Tut4
XP_642359.1	XP_047272305.1	0	N/A	39.236	288	26	5.97e-47	186	terminal uridylyltransferase 4 isoform X17 [Homo sapiens]	TRUE	Tut4
XP_642359.1	XP_047272372.1	0	N/A	39.236	288	26	6.73e-47	186	terminal uridylyltransferase 4 isoform X42 [Homo sapiens]	TRUE	Tut4
XP_642359.1	XP_047272344.1	0	N/A	39.236	288	26	8e-47	186	terminal uridylyltransferase 4 isoform X30 [Homo sapiens]	TRUE	Tut4
XP_642359.1	XP_047272350.1	0	N/A	39.236	288	26	9.59e-47	186	terminal uridylyltransferase 4 isoform X34 [Homo sapiens]	TRUE	Tut4
XP_642359.1	NP_001172003.1	0	N/A	38.71	248	22	8.39e-41	166	terminal uridylyltransferase 7 isoform 2 [Homo sapiens]	TRUE	Tut7
XP_642359.1	NP_001375061.1	0	N/A	31.786	280	25	8.61e-31	129	poly(A) RNA polymerase GLD2 isoform 12 [Homo sapiens]	TRUE	TENT2
XP_642359.1	XP_047272811.1	0	N/A	31.786	280	25	1.23e-30	129	poly(A) RNA polymerase GLD2 isoform X4 [Homo sapiens]	TRUE	TENT2
XP_642359.1	XP_047272810.1	0	N/A	31.786	280	25	1.23e-30	129	poly(A) RNA polymerase GLD2 isoform X4 [Homo sapiens]	TRUE	TENT2
XP_642359.1	XP_047272809.1	0	N/A	31.786	280	25	1.23e-30	129	poly(A) RNA polymerase GLD2 isoform X4 [Homo sapiens]	TRUE	TENT2
XP_642359.1	NP_001375058.1	0	N/A	31.786	280	25	1.23e-30	129	poly(A) RNA polymerase GLD2 isoform 2 [Homo sapiens]	TRUE	TENT2
XP_642359.1	NP_001375057.1	0	N/A	31.786	280	25	1.23e-30	129	poly(A) RNA polymerase GLD2 isoform 2 [Homo sapiens]	TRUE	TENT2
XP_642359.1	NP_001375056.1	0	N/A	31.786	280	25	1.23e-30	129	poly(A) RNA polymerase GLD2 isoform 2 [Homo sapiens]	TRUE	TENT2
XP_642359.1	NP_001375055.1	0	N/A	31.786	280	25	1.23e-30	129	poly(A) RNA polymerase GLD2 isoform 2 [Homo sapiens]	TRUE	TENT2
XP_642359.1	NP_001375054.1	0	N/A	31.786	280	25	1.23e-30	129	poly(A) RNA polymerase GLD2 isoform 2 [Homo sapiens]	TRUE	TENT2
XP_642359.1	NP_001375053.1	0	N/A	31.786	280	25	1.23e-30	129	poly(A) RNA polymerase GLD2 isoform 2 [Homo sapiens]	TRUE	TENT2
XP_642359.1	NP_001375052.1	0	N/A	31.786	280	25	1.23e-30	129	poly(A) RNA polymerase GLD2 isoform 2 [Homo sapiens]	TRUE	TENT2
XP_642359.1	NP_001375051.1	0	N/A	31.786	280	25	1.23e-30	129	poly(A) RNA polymerase GLD2 isoform 2 [Homo sapiens]	TRUE	TENT2
XP_642359.1	NP_001375050.1	0	N/A	31.786	280	25	1.23e-30	129	poly(A) RNA polymerase GLD2 isoform 2 [Homo sapiens]	TRUE	TENT2
XP_642359.1	NP_001375049.1	0	N/A	31.786	280	25	1.23e-30	129	poly(A) RNA polymerase GLD2 isoform 2 [Homo sapiens]	TRUE	TENT2
XP_642359.1	NP_001375048.1	0	N/A	31.786	280	25	1.23e-30	129	poly(A) RNA polymerase GLD2 isoform 2 [Homo sapiens]	TRUE	TENT2
XP_642359.1	NP_001375047.1	0	N/A	31.786	280	25	1.23e-30	129	poly(A) RNA polymerase GLD2 isoform 2 [Homo sapiens]	TRUE	TENT2
XP_642359.1	NP_001375046.1	0	N/A	31.786	280	25	1.23e-30	129	poly(A) RNA polymerase GLD2 isoform 2 [Homo sapiens]	TRUE	TENT2
XP_642359.1	NP_001375045.1	0	N/A	31.786	280	25	1.23e-30	129	poly(A) RNA polymerase GLD2 isoform 2 [Homo sapiens]	TRUE	TENT2
XP_642359.1	NP_001375044.1	0	N/A	31.786	280	25	1.23e-30	129	poly(A) RNA polymerase GLD2 isoform 2 [Homo sapiens]	TRUE	TENT2
XP_642359.1	NP_001375043.1	0	N/A	31.786	280	25	1.23e-30	129	poly(A) RNA polymerase GLD2 isoform 2 [Homo sapiens]	TRUE	TENT2
XP_642359.1	NP_001336483.1	0	N/A	31.786	280	25	1.23e-30	129	poly(A) RNA polymerase GLD2 isoform 2 [Homo sapiens]	TRUE	TENT2
XP_642359.1	NP_001284673.1	0	N/A	31.786	280	25	1.23e-30	129	poly(A) RNA polymerase GLD2 isoform 2 [Homo sapiens]	TRUE	TENT2
XP_642359.1	NP_001375059.1	0	N/A	31.786	280	25	1.24e-30	129	poly(A) RNA polymerase GLD2 isoform 10 [Homo sapiens]	TRUE	TENT2
XP_642359.1	XP_047272311.1	0	N/A	30.061	326	29	3.17e-30	132	terminal uridylyltransferase 4 isoform X21 [Homo sapiens]	TRUE	Tut4
XP_642359.1	XP_047272306.1	0	N/A	30.061	326	29	3.42e-30	132	terminal uridylyltransferase 4 isoform X18 [Homo sapiens]	TRUE	Tut4
XP_642359.1	XP_047272303.1	0	N/A	30.061	326	29	3.76e-30	132	terminal uridylyltransferase 4 isoform X15 [Homo sapiens]	TRUE	Tut4
XP_642359.1	XP_005270738.1	0	N/A	30.061	326	29	3.83e-30	132	terminal uridylyltransferase 4 isoform X14 [Homo sapiens]	TRUE	Tut4
XP_642359.1	XP_047272327.1	0	N/A	30.061	326	29	3.84e-30	132	terminal uridylyltransferase 4 isoform X24 [Homo sapiens]	TRUE	Tut4
XP_642359.1	XP_047272320.1	0	N/A	30.061	326	29	4.01e-30	132	terminal uridylyltransferase 4 isoform X22 [Homo sapiens]	TRUE	Tut4
XP_642359.1	NP_001375060.1	0	N/A	31.338	284	25	4.12e-30	127	poly(A) RNA polymerase GLD2 isoform 11 [Homo sapiens]	TRUE	TENT2
XP_642359.1	XP_016856294.1	0	N/A	30.061	326	29	4.15e-30	132	terminal uridylyltransferase 4 isoform X20 [Homo sapiens]	TRUE	Tut4
XP_642359.1	XP_047272336.1	0	N/A	30.061	326	29	4.51e-30	132	terminal uridylyltransferase 4 isoform X26 [Homo sapiens]	TRUE	Tut4
XP_642359.1	XP_047272377.1	0	N/A	30.061	326	29	4.59e-30	132	terminal uridylyltransferase 4 isoform X44 [Homo sapiens]	TRUE	Tut4
XP_642359.1	XP_047272373.1	0	N/A	30.061	326	29	4.6e-30	132	terminal uridylyltransferase 4 isoform X43 [Homo sapiens]	TRUE	Tut4
XP_642359.1	XP_047272369.1	0	N/A	30.061	326	29	4.64e-30	132	terminal uridylyltransferase 4 isoform X41 [Homo sapiens]	TRUE	Tut4
XP_642359.1	NP_001375042.1	0	N/A	31.338	284	25	5.44e-30	127	poly(A) RNA polymerase GLD2 isoform 16 [Homo sapiens]	TRUE	TENT2
XP_642359.1	XP_047272307.1	0	N/A	30.061	326	29	5.45e-30	132	terminal uridylyltransferase 4 isoform X19 [Homo sapiens]	TRUE	Tut4
XP_642359.1	NP_001375030.1	0	N/A	30.986	284	25	5.95e-30	127	poly(A) RNA polymerase GLD2 isoform 9 [Homo sapiens]	TRUE	TENT2
XP_642359.1	XP_047272808.1	0	N/A	31.338	284	25	5.99e-30	127	poly(A) RNA polymerase GLD2 isoform X3 [Homo sapiens]	TRUE	TENT2
XP_642359.1	XP_047272807.1	0	N/A	31.338	284	25	5.99e-30	127	poly(A) RNA polymerase GLD2 isoform X3 [Homo sapiens]	TRUE	TENT2
XP_642359.1	XP_047272806.1	0	N/A	31.338	284	25	5.99e-30	127	poly(A) RNA polymerase GLD2 isoform X3 [Homo sapiens]	TRUE	TENT2
XP_642359.1	NP_776158.2	0	N/A	31.338	284	25	5.99e-30	127	poly(A) RNA polymerase GLD2 isoform 1 [Homo sapiens]	TRUE	TENT2
XP_642359.1	NP_001375041.1	0	N/A	31.338	284	25	5.99e-30	127	poly(A) RNA polymerase GLD2 isoform 1 [Homo sapiens]	TRUE	TENT2
XP_642359.1	NP_001375040.1	0	N/A	31.338	284	25	5.99e-30	127	poly(A) RNA polymerase GLD2 isoform 1 [Homo sapiens]	TRUE	TENT2
XP_642359.1	NP_001375039.1	0	N/A	31.338	284	25	5.99e-30	127	poly(A) RNA polymerase GLD2 isoform 1 [Homo sapiens]	TRUE	TENT2
XP_642359.1	NP_001375038.1	0	N/A	31.338	284	25	5.99e-30	127	poly(A) RNA polymerase GLD2 isoform 1 [Homo sapiens]	TRUE	TENT2
XP_642359.1	NP_001375037.1	0	N/A	31.338	284	25	5.99e-30	127	poly(A) RNA polymerase GLD2 isoform 1 [Homo sapiens]	TRUE	TENT2
XP_642359.1	NP_001375036.1	0	N/A	31.338	284	25	5.99e-30	127	poly(A) RNA polymerase GLD2 isoform 1 [Homo sapiens]	TRUE	TENT2
XP_644037.1	NP_001165276.2	0	N/A	38.579	197	10	4.54e-26	119	terminal nucleotidyltransferase 4A isoform 2 [Homo sapiens]	TRUE	TENT4A
XP_644037.1	NP_008930.2	0	N/A	38.579	197	10	4.55e-26	119	terminal nucleotidyltransferase 4A isoform 1 [Homo sapiens]	TRUE	TENT4A
XP_644037.1	XP_011521580.1	0	N/A	39.378	193	10	1.76e-25	115	terminal nucleotidyltransferase 4B isoform X5 [Homo sapiens]	TRUE	TENT4B
XP_644037.1	NP_001035374.2	0	N/A	38.86	193	10	1.77e-25	117	terminal nucleotidyltransferase 4B isoform a [Homo sapiens]	TRUE	TENT4B
XP_644037.1	XP_011521577.1	0	N/A	38.86	193	10	1.77e-25	117	terminal nucleotidyltransferase 4B isoform X1 [Homo sapiens]	TRUE	TENT4B
XP_644037.1	NP_001035375.2	0	N/A	38.86	193	10	2.61e-25	116	terminal nucleotidyltransferase 4B isoform b [Homo sapiens]	TRUE	TENT4B
XP_644037.1	XP_011521578.1	0	N/A	38.86	193	10	2.62e-25	116	terminal nucleotidyltransferase 4B isoform X2 [Homo sapiens]	TRUE	TENT4B
XP_644037.1	XP_047290433.1	0	N/A	39.378	193	10	2.76e-25	114	terminal nucleotidyltransferase 4B isoform X6 [Homo sapiens]	TRUE	TENT4B
XP_644037.1	NP_001352252.1	0	N/A	38.86	193	10	3.24e-25	116	terminal nucleotidyltransferase 4B isoform c [Homo sapiens]	TRUE	TENT4B
XP_644037.1	NP_001352253.1	0	N/A	38.86	193	10	3.52e-25	116	terminal nucleotidyltransferase 4B isoform d [Homo sapiens]	TRUE	TENT4B
XP_644037.1	XP_047290432.1	0	N/A	38.86	193	10	5.36e-25	115	terminal nucleotidyltransferase 4B isoform X4 [Homo sapiens]	TRUE	TENT4B
XP_644037.1	XP_047290431.1	0	N/A	38.86	193	10	6.19e-25	115	terminal nucleotidyltransferase 4B isoform X3 [Homo sapiens]	TRUE	TENT4B
XP_644037.1	XP_047272624.1	0	N/A	41.212	165	9	4.22e-22	105	terminal nucleotidyltransferase 4A isoform X3 [Homo sapiens]	TRUE	TENT4A
XP_644037.1	XP_047272623.1	0	N/A	41.212	165	9	4.37e-22	105	terminal nucleotidyltransferase 4A isoform X2 [Homo sapiens]	TRUE	TENT4A
XP_644037.1	XP_016864477.1	0	N/A	41.212	165	9	4.37e-22	105	terminal nucleotidyltransferase 4A isoform X2 [Homo sapiens]	TRUE	TENT4A
XP_644037.1	XP_047272622.1	0	N/A	41.212	165	9	4.6e-22	105	terminal nucleotidyltransferase 4A isoform X1 [Homo sapiens]	TRUE	TENT4A
XP_644037.1	XP_047272621.1	0	N/A	41.212	165	9	4.6e-22	105	terminal nucleotidyltransferase 4A isoform X1 [Homo sapiens]	TRUE	TENT4A
XP_644037.1	XP_047272620.1	0	N/A	41.212	165	9	4.6e-22	105	terminal nucleotidyltransferase 4A isoform X1 [Homo sapiens]	TRUE	TENT4A
XP_644037.1	NP_001375065.1	0	N/A	23.193	332	17	3.03e-05	51.2	poly(A) RNA polymerase GLD2 isoform 14 [Homo sapiens]	TRUE	TENT2
XP_644037.1	XP_047272811.1	0	N/A	22.892	332	17	0.000335	48.1	poly(A) RNA polymerase GLD2 isoform X4 [Homo sapiens]	TRUE	TENT2
XP_644037.1	XP_047272810.1	0	N/A	22.892	332	17	0.000335	48.1	poly(A) RNA polymerase GLD2 isoform X4 [Homo sapiens]	TRUE	TENT2
XP_644037.1	XP_047272809.1	0	N/A	22.892	332	17	0.000335	48.1	poly(A) RNA polymerase GLD2 isoform X4 [Homo sapiens]	TRUE	TENT2
XP_644037.1	NP_001375058.1	0	N/A	22.892	332	17	0.000335	48.1	poly(A) RNA polymerase GLD2 isoform 2 [Homo sapiens]	TRUE	TENT2
XP_644037.1	NP_001375057.1	0	N/A	22.892	332	17	0.000335	48.1	poly(A) RNA polymerase GLD2 isoform 2 [Homo sapiens]	TRUE	TENT2
XP_644037.1	NP_001375056.1	0	N/A	22.892	332	17	0.000335	48.1	poly(A) RNA polymerase GLD2 isoform 2 [Homo sapiens]	TRUE	TENT2
XP_644037.1	NP_001375055.1	0	N/A	22.892	332	17	0.000335	48.1	poly(A) RNA polymerase GLD2 isoform 2 [Homo sapiens]	TRUE	TENT2
XP_644037.1	NP_001375054.1	0	N/A	22.892	332	17	0.000335	48.1	poly(A) RNA polymerase GLD2 isoform 2 [Homo sapiens]	TRUE	TENT2
XP_644037.1	NP_001375053.1	0	N/A	22.892	332	17	0.000335	48.1	poly(A) RNA polymerase GLD2 isoform 2 [Homo sapiens]	TRUE	TENT2
XP_644037.1	NP_001375052.1	0	N/A	22.892	332	17	0.000335	48.1	poly(A) RNA polymerase GLD2 isoform 2 [Homo sapiens]	TRUE	TENT2
XP_644037.1	NP_001375051.1	0	N/A	22.892	332	17	0.000335	48.1	poly(A) RNA polymerase GLD2 isoform 2 [Homo sapiens]	TRUE	TENT2
XP_644037.1	NP_001375050.1	0	N/A	22.892	332	17	0.000335	48.1	poly(A) RNA polymerase GLD2 isoform 2 [Homo sapiens]	TRUE	TENT2
XP_644037.1	NP_001375049.1	0	N/A	22.892	332	17	0.000335	48.1	poly(A) RNA polymerase GLD2 isoform 2 [Homo sapiens]	TRUE	TENT2
XP_644037.1	NP_001375048.1	0	N/A	22.892	332	17	0.000335	48.1	poly(A) RNA polymerase GLD2 isoform 2 [Homo sapiens]	TRUE	TENT2
XP_644037.1	NP_001375047.1	0	N/A	22.892	332	17	0.000335	48.1	poly(A) RNA polymerase GLD2 isoform 2 [Homo sapiens]	TRUE	TENT2
XP_644037.1	NP_001375046.1	0	N/A	22.892	332	17	0.000335	48.1	poly(A) RNA polymerase GLD2 isoform 2 [Homo sapiens]	TRUE	TENT2
XP_644037.1	NP_001375045.1	0	N/A	22.892	332	17	0.000335	48.1	poly(A) RNA polymerase GLD2 isoform 2 [Homo sapiens]	TRUE	TENT2
XP_644037.1	NP_001375044.1	0	N/A	22.892	332	17	0.000335	48.1	poly(A) RNA polymerase GLD2 isoform 2 [Homo sapiens]	TRUE	TENT2
XP_644037.1	NP_001375043.1	0	N/A	22.892	332	17	0.000335	48.1	poly(A) RNA polymerase GLD2 isoform 2 [Homo sapiens]	TRUE	TENT2
XP_644037.1	NP_001336483.1	0	N/A	22.892	332	17	0.000335	48.1	poly(A) RNA polymerase GLD2 isoform 2 [Homo sapiens]	TRUE	TENT2
XP_644037.1	NP_001284673.1	0	N/A	22.892	332	17	0.000335	48.1	poly(A) RNA polymerase GLD2 isoform 2 [Homo sapiens]	TRUE	TENT2
XP_644037.1	NP_001375059.1	0	N/A	22.892	332	17	0.000355	48.1	poly(A) RNA polymerase GLD2 isoform 10 [Homo sapiens]	TRUE	TENT2
XP_644037.1	NP_001375061.1	0	N/A	22.892	332	17	0.000426	47.8	poly(A) RNA polymerase GLD2 isoform 12 [Homo sapiens]	TRUE	TENT2
XP_644037.1	NP_001375042.1	0	N/A	22.917	336	17	0.003	45.1	poly(A) RNA polymerase GLD2 isoform 16 [Homo sapiens]	TRUE	TENT2
XP_644037.1	XP_016856293.1	0	N/A	24.121	199	10	0.003	45.4	terminal uridylyltransferase 4 isoform X16 [Homo sapiens]	TRUE	Tut4
XP_644037.1	XP_047272808.1	0	N/A	22.917	336	17	0.004	44.7	poly(A) RNA polymerase GLD2 isoform X3 [Homo sapiens]	TRUE	TENT2
XP_644037.1	XP_047272807.1	0	N/A	22.917	336	17	0.004	44.7	poly(A) RNA polymerase GLD2 isoform X3 [Homo sapiens]	TRUE	TENT2
XP_644037.1	XP_047272806.1	0	N/A	22.917	336	17	0.004	44.7	poly(A) RNA polymerase GLD2 isoform X3 [Homo sapiens]	TRUE	TENT2
XP_644037.1	NP_776158.2	0	N/A	22.917	336	17	0.004	44.7	poly(A) RNA polymerase GLD2 isoform 1 [Homo sapiens]	TRUE	TENT2
XP_644037.1	NP_001375041.1	0	N/A	22.917	336	17	0.004	44.7	poly(A) RNA polymerase GLD2 isoform 1 [Homo sapiens]	TRUE	TENT2
XP_644037.1	NP_001375040.1	0	N/A	22.917	336	17	0.004	44.7	poly(A) RNA polymerase GLD2 isoform 1 [Homo sapiens]	TRUE	TENT2
XP_644037.1	NP_001375039.1	0	N/A	22.917	336	17	0.004	44.7	poly(A) RNA polymerase GLD2 isoform 1 [Homo sapiens]	TRUE	TENT2
XP_644037.1	NP_001375038.1	0	N/A	22.917	336	17	0.004	44.7	poly(A) RNA polymerase GLD2 isoform 1 [Homo sapiens]	TRUE	TENT2
XP_644037.1	NP_001375037.1	0	N/A	22.917	336	17	0.004	44.7	poly(A) RNA polymerase GLD2 isoform 1 [Homo sapiens]	TRUE	TENT2
XP_644037.1	NP_001375036.1	0	N/A	22.917	336	17	0.004	44.7	poly(A) RNA polymerase GLD2 isoform 1 [Homo sapiens]	TRUE	TENT2
XP_644037.1	NP_001375035.1	0	N/A	22.917	336	17	0.004	44.7	poly(A) RNA polymerase GLD2 isoform 1 [Homo sapiens]	TRUE	TENT2
XP_644037.1	NP_001375034.1	0	N/A	22.917	336	17	0.004	44.7	poly(A) RNA polymerase GLD2 isoform 1 [Homo sapiens]	TRUE	TENT2
XP_644037.1	NP_001375032.1	0	N/A	22.917	336	17	0.004	44.7	poly(A) RNA polymerase GLD2 isoform 1 [Homo sapiens]	TRUE	TENT2
XP_644037.1	NP_001375031.1	0	N/A	22.917	336	17	0.004	44.7	poly(A) RNA polymerase GLD2 isoform 1 [Homo sapiens]	TRUE	TENT2
XP_644037.1	NP_001336482.1	0	N/A	22.917	336	17	0.004	44.7	poly(A) RNA polymerase GLD2 isoform 1 [Homo sapiens]	TRUE	TENT2
XP_644037.1	NP_001336481.1	0	N/A	22.917	336	17	0.004	44.7	poly(A) RNA polymerase GLD2 isoform 1 [Homo sapiens]	TRUE	TENT2
XP_644037.1	NP_001107866.1	0	N/A	22.917	336	17	0.004	44.7	poly(A) RNA polymerase GLD2 isoform 1 [Homo sapiens]	TRUE	TENT2
XP_644037.1	NP_001107865.1	0	N/A	22.917	336	17	0.004	44.7	poly(A) RNA polymerase GLD2 isoform 1 [Homo sapiens]	TRUE	TENT2
XP_644037.1	XP_047272288.1	0	N/A	24.121	199	10	0.004	45.1	terminal uridylyltransferase 4 isoform X10 [Homo sapiens]	TRUE	Tut4
XP_644037.1	XP_016856292.1	0	N/A	24.121	199	10	0.004	45.1	terminal uridylyltransferase 4 isoform X9 [Homo sapiens]	TRUE	Tut4
XP_644037.1	XP_047272283.1	0	N/A	24.121	199	10	0.004	45.1	terminal uridylyltransferase 4 isoform X6 [Homo sapiens]	TRUE	Tut4
XP_644037.1	XP_005270737.1	0	N/A	24.121	199	10	0.004	45.1	terminal uridylyltransferase 4 isoform X6 [Homo sapiens]	TRUE	Tut4
XP_644037.1	XP_047272285.1	0	N/A	24.121	199	10	0.004	45.1	terminal uridylyltransferase 4 isoform X7 [Homo sapiens]	TRUE	Tut4
XP_644037.1	NP_001375060.1	0	N/A	22.917	336	17	0.005	44.3	poly(A) RNA polymerase GLD2 isoform 11 [Homo sapiens]	TRUE	TENT2
XP_644037.1	XP_047272281.1	0	N/A	24.121	199	10	0.005	44.7	terminal uridylyltransferase 4 isoform X4 [Homo sapiens]	TRUE	Tut4
XP_644037.1	NP_001009881.1	0	N/A	24.121	199	10	0.005	44.7	terminal uridylyltransferase 4 isoform a [Homo sapiens]	TRUE	Tut4
XP_644037.1	XP_016856299.1	0	N/A	24.121	199	10	0.005	44.7	terminal uridylyltransferase 4 isoform X40 [Homo sapiens]	TRUE	Tut4
XP_644037.1	XP_047272282.1	0	N/A	24.121	199	10	0.005	44.7	terminal uridylyltransferase 4 isoform X5 [Homo sapiens]	TRUE	Tut4
XP_644037.1	NP_056084.1	0	N/A	24.121	199	10	0.005	44.7	terminal uridylyltransferase 4 isoform b [Homo sapiens]	TRUE	Tut4
XP_644037.1	XP_011539399.1	0	N/A	24.121	199	10	0.005	44.7	terminal uridylyltransferase 4 isoform X1 [Homo sapiens]	TRUE	Tut4
XP_644037.1	XP_005270733.1	0	N/A	24.121	199	10	0.005	44.7	terminal uridylyltransferase 4 isoform X1 [Homo sapiens]	TRUE	Tut4
XP_644037.1	XP_047272365.1	0	N/A	24.121	199	10	0.005	44.7	terminal uridylyltransferase 4 isoform X38 [Homo sapiens]	TRUE	Tut4
XP_644037.1	XP_047272280.1	0	N/A	24.121	199	10	0.005	44.7	terminal uridylyltransferase 4 isoform X3 [Homo sapiens]	TRUE	Tut4
XP_644037.1	XP_005270736.1	0	N/A	24.121	199	10	0.005	44.7	terminal uridylyltransferase 4 isoform X3 [Homo sapiens]	TRUE	Tut4
XP_644037.1	XP_005270735.1	0	N/A	24.121	199	10	0.005	44.7	terminal uridylyltransferase 4 isoform X2 [Homo sapiens]	TRUE	Tut4
XP_644037.1	XP_016856297.1	0	N/A	24.121	199	10	0.006	44.7	terminal uridylyltransferase 4 isoform X36 [Homo sapiens]	TRUE	Tut4
XP_644037.1	XP_005270739.1	0	N/A	24.121	199	10	0.007	44.3	terminal uridylyltransferase 4 isoform X33 [Homo sapiens]	TRUE	Tut4
XP_644037.1	XP_047272345.1	0	N/A	24.121	199	10	0.008	43.9	terminal uridylyltransferase 4 isoform X31 [Homo sapiens]	TRUE	Tut4
XP_644037.1	XP_016856296.1	0	N/A	24.121	199	10	0.008	43.9	terminal uridylyltransferase 4 isoform X28 [Homo sapiens]	TRUE	Tut4
XP_644037.1	XP_011539401.1	0	N/A	24.121	199	10	0.009	43.9	terminal uridylyltransferase 4 isoform X29 [Homo sapiens]	TRUE	Tut4
XP_644037.1	XP_047272337.1	0	N/A	24.121	199	10	0.01	43.9	terminal uridylyltransferase 4 isoform X27 [Homo sapiens]	TRUE	Tut4
XP_644037.1	XP_016856295.1	0	N/A	24.121	199	10	0.01	43.5	terminal uridylyltransferase 4 isoform X25 [Homo sapiens]	TRUE	Tut4
XP_644037.1	NP_001375030.1	0	N/A	23.622	254	13	0.011	43.1	poly(A) RNA polymerase GLD2 isoform 9 [Homo sapiens]	TRUE	TENT2
XP_644037.1	XP_047272325.1	0	N/A	24.121	199	10	0.012	43.5	terminal uridylyltransferase 4 isoform X23 [Homo sapiens]	TRUE	Tut4
XP_644037.1	XP_047272384.1	0	N/A	24.121	199	10	0.012	43.5	terminal uridylyltransferase 4 isoform X46 [Homo sapiens]	TRUE	Tut4
XP_644037.1	XP_047272818.1	0	N/A	24.583	240	12	0.049	40.8	poly(A) RNA polymerase GLD2 isoform X10 [Homo sapiens]	TRUE	TENT2
XP_645343.1	NP_001317647.1	0	N/A	32.558	215	44	6.33e-19	92.4	terminal uridylyltransferase 7 isoform 3 [Homo sapiens]	TRUE	Tut7
XP_645343.1	XP_016870620.1	0	N/A	32.558	215	44	6.95e-19	92.8	terminal uridylyltransferase 7 isoform X4 [Homo sapiens]	TRUE	Tut7
XP_645343.1	XP_016870619.1	0	N/A	32.558	215	44	6.95e-19	92.8	terminal uridylyltransferase 7 isoform X4 [Homo sapiens]	TRUE	Tut7
XP_645343.1	NP_078893.2	0	N/A	32.558	215	44	6.95e-19	92.8	terminal uridylyltransferase 7 isoform 1 [Homo sapiens]	TRUE	Tut7
XP_645343.1	NP_001171988.1	0	N/A	32.558	215	44	6.95e-19	92.8	terminal uridylyltransferase 7 isoform 1 [Homo sapiens]	TRUE	Tut7
XP_645343.1	XP_011517318.1	0	N/A	32.558	215	44	7.13e-19	92.8	terminal uridylyltransferase 7 isoform X5 [Homo sapiens]	TRUE	Tut7
XP_645343.1	XP_005252265.1	0	N/A	32.558	215	44	7.23e-19	92.4	terminal uridylyltransferase 7 isoform X7 [Homo sapiens]	TRUE	Tut7
XP_645343.1	XP_047279825.1	0	N/A	32.558	215	44	7.57e-19	92.4	terminal uridylyltransferase 7 isoform X6 [Homo sapiens]	TRUE	Tut7
XP_645343.1	XP_047279824.1	0	N/A	32.558	215	44	7.57e-19	92.4	terminal uridylyltransferase 7 isoform X6 [Homo sapiens]	TRUE	Tut7
XP_645343.1	XP_005252264.1	0	N/A	32.558	215	44	7.57e-19	92.4	terminal uridylyltransferase 7 isoform X6 [Homo sapiens]	TRUE	Tut7
XP_645343.1	XP_011517317.1	0	N/A	32.558	215	44	8.21e-19	92.4	terminal uridylyltransferase 7 isoform X3 [Homo sapiens]	TRUE	Tut7
XP_645343.1	XP_047279823.1	0	N/A	32.558	215	44	8.6e-19	92.4	terminal uridylyltransferase 7 isoform X2 [Homo sapiens]	TRUE	Tut7
XP_645343.1	XP_006717346.1	0	N/A	32.558	215	44	8.6e-19	92.4	terminal uridylyltransferase 7 isoform X2 [Homo sapiens]	TRUE	Tut7
XP_645343.1	XP_011517316.1	0	N/A	32.558	215	44	9.25e-19	92.4	terminal uridylyltransferase 7 isoform X1 [Homo sapiens]	TRUE	Tut7
XP_645343.1	XP_011517315.1	0	N/A	32.558	215	44	9.25e-19	92.4	terminal uridylyltransferase 7 isoform X1 [Homo sapiens]	TRUE	Tut7
XP_645343.1	XP_011517314.1	0	N/A	32.558	215	44	9.25e-19	92.4	terminal uridylyltransferase 7 isoform X1 [Homo sapiens]	TRUE	Tut7
XP_645343.1	XP_011517313.1	0	N/A	32.558	215	44	9.25e-19	92.4	terminal uridylyltransferase 7 isoform X1 [Homo sapiens]	TRUE	Tut7
XP_645343.1	NP_001375065.1	0	N/A	30.87	230	44	8.66e-16	81.3	poly(A) RNA polymerase GLD2 isoform 14 [Homo sapiens]	TRUE	TENT2
XP_645343.1	NP_001375061.1	0	N/A	30.87	230	44	1.1e-15	81.6	poly(A) RNA polymerase GLD2 isoform 12 [Homo sapiens]	TRUE	TENT2
XP_645343.1	XP_047272811.1	0	N/A	30.87	230	44	1.23e-15	81.6	poly(A) RNA polymerase GLD2 isoform X4 [Homo sapiens]	TRUE	TENT2
XP_645343.1	XP_047272810.1	0	N/A	30.87	230	44	1.23e-15	81.6	poly(A) RNA polymerase GLD2 isoform X4 [Homo sapiens]	TRUE	TENT2
XP_645343.1	XP_047272809.1	0	N/A	30.87	230	44	1.23e-15	81.6	poly(A) RNA polymerase GLD2 isoform X4 [Homo sapiens]	TRUE	TENT2
XP_645343.1	NP_001375058.1	0	N/A	30.87	230	44	1.23e-15	81.6	poly(A) RNA polymerase GLD2 isoform 2 [Homo sapiens]	TRUE	TENT2
XP_645343.1	NP_001375057.1	0	N/A	30.87	230	44	1.23e-15	81.6	poly(A) RNA polymerase GLD2 isoform 2 [Homo sapiens]	TRUE	TENT2
XP_645343.1	NP_001375056.1	0	N/A	30.87	230	44	1.23e-15	81.6	poly(A) RNA polymerase GLD2 isoform 2 [Homo sapiens]	TRUE	TENT2
XP_645343.1	NP_001375055.1	0	N/A	30.87	230	44	1.23e-15	81.6	poly(A) RNA polymerase GLD2 isoform 2 [Homo sapiens]	TRUE	TENT2
XP_645343.1	NP_001375054.1	0	N/A	30.87	230	44	1.23e-15	81.6	poly(A) RNA polymerase GLD2 isoform 2 [Homo sapiens]	TRUE	TENT2
XP_645343.1	NP_001375053.1	0	N/A	30.87	230	44	1.23e-15	81.6	poly(A) RNA polymerase GLD2 isoform 2 [Homo sapiens]	TRUE	TENT2
XP_645343.1	NP_001375052.1	0	N/A	30.87	230	44	1.23e-15	81.6	poly(A) RNA polymerase GLD2 isoform 2 [Homo sapiens]	TRUE	TENT2
XP_645343.1	NP_001375051.1	0	N/A	30.87	230	44	1.23e-15	81.6	poly(A) RNA polymerase GLD2 isoform 2 [Homo sapiens]	TRUE	TENT2
XP_645343.1	NP_001375050.1	0	N/A	30.87	230	44	1.23e-15	81.6	poly(A) RNA polymerase GLD2 isoform 2 [Homo sapiens]	TRUE	TENT2
XP_645343.1	NP_001375049.1	0	N/A	30.87	230	44	1.23e-15	81.6	poly(A) RNA polymerase GLD2 isoform 2 [Homo sapiens]	TRUE	TENT2
XP_645343.1	NP_001375048.1	0	N/A	30.87	230	44	1.23e-15	81.6	poly(A) RNA polymerase GLD2 isoform 2 [Homo sapiens]	TRUE	TENT2
XP_645343.1	NP_001375047.1	0	N/A	30.87	230	44	1.23e-15	81.6	poly(A) RNA polymerase GLD2 isoform 2 [Homo sapiens]	TRUE	TENT2
XP_645343.1	NP_001375046.1	0	N/A	30.87	230	44	1.23e-15	81.6	poly(A) RNA polymerase GLD2 isoform 2 [Homo sapiens]	TRUE	TENT2
XP_645343.1	NP_001375045.1	0	N/A	30.87	230	44	1.23e-15	81.6	poly(A) RNA polymerase GLD2 isoform 2 [Homo sapiens]	TRUE	TENT2
XP_645343.1	NP_001375044.1	0	N/A	30.87	230	44	1.23e-15	81.6	poly(A) RNA polymerase GLD2 isoform 2 [Homo sapiens]	TRUE	TENT2
XP_645343.1	NP_001375043.1	0	N/A	30.87	230	44	1.23e-15	81.6	poly(A) RNA polymerase GLD2 isoform 2 [Homo sapiens]	TRUE	TENT2
XP_645343.1	NP_001336483.1	0	N/A	30.87	230	44	1.23e-15	81.6	poly(A) RNA polymerase GLD2 isoform 2 [Homo sapiens]	TRUE	TENT2
XP_645343.1	NP_001284673.1	0	N/A	30.87	230	44	1.23e-15	81.6	poly(A) RNA polymerase GLD2 isoform 2 [Homo sapiens]	TRUE	TENT2
XP_645343.1	NP_001375059.1	0	N/A	30.87	230	44	1.42e-15	81.3	poly(A) RNA polymerase GLD2 isoform 10 [Homo sapiens]	TRUE	TENT2
XP_645343.1	NP_001375060.1	0	N/A	29.741	232	44	5.2e-15	79.3	poly(A) RNA polymerase GLD2 isoform 11 [Homo sapiens]	TRUE	TENT2
XP_645343.1	NP_001375042.1	0	N/A	30.342	234	44	6.53e-15	79.3	poly(A) RNA polymerase GLD2 isoform 16 [Homo sapiens]	TRUE	TENT2
XP_645343.1	XP_047272808.1	0	N/A	30.342	234	44	6.73e-15	79.3	poly(A) RNA polymerase GLD2 isoform X3 [Homo sapiens]	TRUE	TENT2
XP_645343.1	XP_047272807.1	0	N/A	30.342	234	44	6.73e-15	79.3	poly(A) RNA polymerase GLD2 isoform X3 [Homo sapiens]	TRUE	TENT2
XP_645343.1	XP_047272806.1	0	N/A	30.342	234	44	6.73e-15	79.3	poly(A) RNA polymerase GLD2 isoform X3 [Homo sapiens]	TRUE	TENT2
XP_645343.1	NP_776158.2	0	N/A	30.342	234	44	6.73e-15	79.3	poly(A) RNA polymerase GLD2 isoform 1 [Homo sapiens]	TRUE	TENT2
XP_645343.1	NP_001375041.1	0	N/A	30.342	234	44	6.73e-15	79.3	poly(A) RNA polymerase GLD2 isoform 1 [Homo sapiens]	TRUE	TENT2
XP_645343.1	NP_001375040.1	0	N/A	30.342	234	44	6.73e-15	79.3	poly(A) RNA polymerase GLD2 isoform 1 [Homo sapiens]	TRUE	TENT2
XP_645343.1	NP_001375039.1	0	N/A	30.342	234	44	6.73e-15	79.3	poly(A) RNA polymerase GLD2 isoform 1 [Homo sapiens]	TRUE	TENT2
XP_645343.1	NP_001375038.1	0	N/A	30.342	234	44	6.73e-15	79.3	poly(A) RNA polymerase GLD2 isoform 1 [Homo sapiens]	TRUE	TENT2
XP_645343.1	NP_001375037.1	0	N/A	30.342	234	44	6.73e-15	79.3	poly(A) RNA polymerase GLD2 isoform 1 [Homo sapiens]	TRUE	TENT2
XP_645343.1	NP_001375036.1	0	N/A	30.342	234	44	6.73e-15	79.3	poly(A) RNA polymerase GLD2 isoform 1 [Homo sapiens]	TRUE	TENT2
XP_645343.1	NP_001375035.1	0	N/A	30.342	234	44	6.73e-15	79.3	poly(A) RNA polymerase GLD2 isoform 1 [Homo sapiens]	TRUE	TENT2
XP_645343.1	NP_001375034.1	0	N/A	30.342	234	44	6.73e-15	79.3	poly(A) RNA polymerase GLD2 isoform 1 [Homo sapiens]	TRUE	TENT2
XP_645343.1	NP_001375032.1	0	N/A	30.342	234	44	6.73e-15	79.3	poly(A) RNA polymerase GLD2 isoform 1 [Homo sapiens]	TRUE	TENT2
XP_645343.1	NP_001375031.1	0	N/A	30.342	234	44	6.73e-15	79.3	poly(A) RNA polymerase GLD2 isoform 1 [Homo sapiens]	TRUE	TENT2
XP_645343.1	NP_001336482.1	0	N/A	30.342	234	44	6.73e-15	79.3	poly(A) RNA polymerase GLD2 isoform 1 [Homo sapiens]	TRUE	TENT2
XP_645343.1	NP_001336481.1	0	N/A	30.342	234	44	6.73e-15	79.3	poly(A) RNA polymerase GLD2 isoform 1 [Homo sapiens]	TRUE	TENT2
XP_645343.1	NP_001107866.1	0	N/A	30.342	234	44	6.73e-15	79.3	poly(A) RNA polymerase GLD2 isoform 1 [Homo sapiens]	TRUE	TENT2
XP_645343.1	NP_001107865.1	0	N/A	30.342	234	44	6.73e-15	79.3	poly(A) RNA polymerase GLD2 isoform 1 [Homo sapiens]	TRUE	TENT2
XP_645343.1	NP_001375030.1	0	N/A	31.05	219	42	9.12e-15	79	poly(A) RNA polymerase GLD2 isoform 9 [Homo sapiens]	TRUE	TENT2
XP_645343.1	NP_001336477.1	0	N/A	34.337	166	31	1.31e-14	76.3	poly(A) RNA polymerase GLD2 isoform 4 [Homo sapiens]	TRUE	TENT2
XP_645343.1	NP_001375029.1	0	N/A	29.864	221	42	4.02e-14	77	poly(A) RNA polymerase GLD2 isoform 8 [Homo sapiens]	TRUE	TENT2
XP_645343.1	NP_001375028.1	0	N/A	29.864	221	42	4.02e-14	77	poly(A) RNA polymerase GLD2 isoform 8 [Homo sapiens]	TRUE	TENT2
XP_645343.1	XP_047272820.1	0	N/A	34.132	167	32	5.84e-14	73.9	poly(A) RNA polymerase GLD2 isoform X11 [Homo sapiens]	TRUE	TENT2
XP_645343.1	XP_047272805.1	0	N/A	28.74	254	44	7.38e-14	76.3	poly(A) RNA polymerase GLD2 isoform X2 [Homo sapiens]	TRUE	TENT2
XP_645343.1	XP_047272804.1	0	N/A	28.74	254	44	7.38e-14	76.3	poly(A) RNA polymerase GLD2 isoform X2 [Homo sapiens]	TRUE	TENT2
XP_645343.1	XP_047272803.1	0	N/A	28.74	254	44	7.38e-14	76.3	poly(A) RNA polymerase GLD2 isoform X2 [Homo sapiens]	TRUE	TENT2
XP_645343.1	XP_047272802.1	0	N/A	28.74	254	44	7.38e-14	76.3	poly(A) RNA polymerase GLD2 isoform X2 [Homo sapiens]	TRUE	TENT2
XP_645343.1	XP_016864641.1	0	N/A	28.74	254	44	7.38e-14	76.3	poly(A) RNA polymerase GLD2 isoform X2 [Homo sapiens]	TRUE	TENT2
XP_645343.1	NP_001375026.1	0	N/A	28.74	254	44	7.38e-14	76.3	poly(A) RNA polymerase GLD2 isoform 6 [Homo sapiens]	TRUE	TENT2
XP_645343.1	NP_001375025.1	0	N/A	28.74	254	44	7.38e-14	76.3	poly(A) RNA polymerase GLD2 isoform 6 [Homo sapiens]	TRUE	TENT2
XP_645343.1	NP_001375024.1	0	N/A	28.74	254	44	7.38e-14	76.3	poly(A) RNA polymerase GLD2 isoform 6 [Homo sapiens]	TRUE	TENT2
XP_645343.1	NP_001336480.1	0	N/A	28.74	254	44	7.38e-14	76.3	poly(A) RNA polymerase GLD2 isoform 6 [Homo sapiens]	TRUE	TENT2
XP_645343.1	NP_001375027.1	0	N/A	28.74	254	44	7.7e-14	75.9	poly(A) RNA polymerase GLD2 isoform 7 [Homo sapiens]	TRUE	TENT2
XP_645343.1	XP_047272801.1	0	N/A	34.132	167	32	2.71e-13	74.3	poly(A) RNA polymerase GLD2 isoform X1 [Homo sapiens]	TRUE	TENT2
XP_645343.1	XP_047272800.1	0	N/A	34.132	167	32	2.71e-13	74.3	poly(A) RNA polymerase GLD2 isoform X1 [Homo sapiens]	TRUE	TENT2
XP_645343.1	XP_011541527.1	0	N/A	34.132	167	32	2.71e-13	74.3	poly(A) RNA polymerase GLD2 isoform X1 [Homo sapiens]	TRUE	TENT2
XP_645343.1	XP_011541526.1	0	N/A	34.132	167	32	2.71e-13	74.3	poly(A) RNA polymerase GLD2 isoform X1 [Homo sapiens]	TRUE	TENT2
XP_645343.1	XP_011541523.1	0	N/A	34.132	167	32	2.71e-13	74.3	poly(A) RNA polymerase GLD2 isoform X1 [Homo sapiens]	TRUE	TENT2
XP_645343.1	XP_011541522.1	0	N/A	34.132	167	32	2.71e-13	74.3	poly(A) RNA polymerase GLD2 isoform X1 [Homo sapiens]	TRUE	TENT2
XP_645343.1	NP_001375023.1	0	N/A	34.132	167	32	2.71e-13	74.3	poly(A) RNA polymerase GLD2 isoform 5 [Homo sapiens]	TRUE	TENT2
XP_645343.1	NP_001375022.1	0	N/A	34.132	167	32	2.71e-13	74.3	poly(A) RNA polymerase GLD2 isoform 5 [Homo sapiens]	TRUE	TENT2
XP_645343.1	NP_001336479.1	0	N/A	34.132	167	32	2.71e-13	74.3	poly(A) RNA polymerase GLD2 isoform 5 [Homo sapiens]	TRUE	TENT2
XP_645343.1	NP_001336478.1	0	N/A	34.132	167	32	2.71e-13	74.3	poly(A) RNA polymerase GLD2 isoform 5 [Homo sapiens]	TRUE	TENT2
XP_645343.1	XP_016856297.1	0	N/A	32.461	191	40	3.01e-13	75.1	terminal uridylyltransferase 4 isoform X36 [Homo sapiens]	TRUE	Tut4
XP_645343.1	XP_005270739.1	0	N/A	32.461	191	40	3.1e-13	75.1	terminal uridylyltransferase 4 isoform X33 [Homo sapiens]	TRUE	Tut4
XP_645343.1	XP_005270735.1	0	N/A	32.461	191	40	3.17e-13	75.1	terminal uridylyltransferase 4 isoform X2 [Homo sapiens]	TRUE	Tut4
XP_645343.1	XP_011539399.1	0	N/A	32.461	191	40	3.2e-13	75.1	terminal uridylyltransferase 4 isoform X1 [Homo sapiens]	TRUE	Tut4
XP_645343.1	XP_005270733.1	0	N/A	32.461	191	40	3.2e-13	75.1	terminal uridylyltransferase 4 isoform X1 [Homo sapiens]	TRUE	Tut4
XP_645343.1	XP_047272285.1	0	N/A	32.461	191	40	3.21e-13	75.1	terminal uridylyltransferase 4 isoform X7 [Homo sapiens]	TRUE	Tut4
XP_645343.1	XP_047272283.1	0	N/A	32.461	191	40	3.22e-13	75.1	terminal uridylyltransferase 4 isoform X6 [Homo sapiens]	TRUE	Tut4
XP_645343.1	XP_005270737.1	0	N/A	32.461	191	40	3.22e-13	75.1	terminal uridylyltransferase 4 isoform X6 [Homo sapiens]	TRUE	Tut4
XP_645343.1	XP_047272280.1	0	N/A	32.461	191	40	3.25e-13	75.1	terminal uridylyltransferase 4 isoform X3 [Homo sapiens]	TRUE	Tut4
XP_645343.1	XP_005270736.1	0	N/A	32.461	191	40	3.25e-13	75.1	terminal uridylyltransferase 4 isoform X3 [Homo sapiens]	TRUE	Tut4
XP_645343.1	XP_016856292.1	0	N/A	32.461	191	40	3.36e-13	74.7	terminal uridylyltransferase 4 isoform X9 [Homo sapiens]	TRUE	Tut4
XP_645343.1	XP_047272281.1	0	N/A	32.461	191	40	3.46e-13	74.7	terminal uridylyltransferase 4 isoform X4 [Homo sapiens]	TRUE	Tut4
XP_645343.1	NP_001009881.1	0	N/A	32.461	191	40	3.46e-13	74.7	terminal uridylyltransferase 4 isoform a [Homo sapiens]	TRUE	Tut4
XP_645343.1	XP_047272288.1	0	N/A	32.461	191	40	3.48e-13	74.7	terminal uridylyltransferase 4 isoform X10 [Homo sapiens]	TRUE	Tut4
XP_646845.1	NP_001336477.1	0	N/A	39.785	93	85	1.52e-19	82.4	poly(A) RNA polymerase GLD2 isoform 4 [Homo sapiens]	TRUE	TENT2
XP_646845.1	XP_047272820.1	0	N/A	40.659	91	83	1.59e-19	82.4	poly(A) RNA polymerase GLD2 isoform X11 [Homo sapiens]	TRUE	TENT2
XP_646845.1	NP_001375065.1	0	N/A	40.659	91	83	5.3e-19	82.4	poly(A) RNA polymerase GLD2 isoform 14 [Homo sapiens]	TRUE	TENT2
XP_646845.1	XP_047272811.1	0	N/A	40.659	91	83	6.69e-19	82.4	poly(A) RNA polymerase GLD2 isoform X4 [Homo sapiens]	TRUE	TENT2
XP_646845.1	XP_047272810.1	0	N/A	40.659	91	83	6.69e-19	82.4	poly(A) RNA polymerase GLD2 isoform X4 [Homo sapiens]	TRUE	TENT2
XP_646845.1	XP_047272809.1	0	N/A	40.659	91	83	6.69e-19	82.4	poly(A) RNA polymerase GLD2 isoform X4 [Homo sapiens]	TRUE	TENT2
XP_646845.1	NP_001375058.1	0	N/A	40.659	91	83	6.69e-19	82.4	poly(A) RNA polymerase GLD2 isoform 2 [Homo sapiens]	TRUE	TENT2
XP_646845.1	NP_001375057.1	0	N/A	40.659	91	83	6.69e-19	82.4	poly(A) RNA polymerase GLD2 isoform 2 [Homo sapiens]	TRUE	TENT2
XP_646845.1	NP_001375056.1	0	N/A	40.659	91	83	6.69e-19	82.4	poly(A) RNA polymerase GLD2 isoform 2 [Homo sapiens]	TRUE	TENT2
XP_646845.1	NP_001375055.1	0	N/A	40.659	91	83	6.69e-19	82.4	poly(A) RNA polymerase GLD2 isoform 2 [Homo sapiens]	TRUE	TENT2
XP_646845.1	NP_001375054.1	0	N/A	40.659	91	83	6.69e-19	82.4	poly(A) RNA polymerase GLD2 isoform 2 [Homo sapiens]	TRUE	TENT2
XP_646845.1	NP_001375053.1	0	N/A	40.659	91	83	6.69e-19	82.4	poly(A) RNA polymerase GLD2 isoform 2 [Homo sapiens]	TRUE	TENT2
XP_646845.1	NP_001375052.1	0	N/A	40.659	91	83	6.69e-19	82.4	poly(A) RNA polymerase GLD2 isoform 2 [Homo sapiens]	TRUE	TENT2
XP_646845.1	NP_001375051.1	0	N/A	40.659	91	83	6.69e-19	82.4	poly(A) RNA polymerase GLD2 isoform 2 [Homo sapiens]	TRUE	TENT2
XP_646845.1	NP_001375050.1	0	N/A	40.659	91	83	6.69e-19	82.4	poly(A) RNA polymerase GLD2 isoform 2 [Homo sapiens]	TRUE	TENT2
XP_646845.1	NP_001375049.1	0	N/A	40.659	91	83	6.69e-19	82.4	poly(A) RNA polymerase GLD2 isoform 2 [Homo sapiens]	TRUE	TENT2
XP_646845.1	NP_001375048.1	0	N/A	40.659	91	83	6.69e-19	82.4	poly(A) RNA polymerase GLD2 isoform 2 [Homo sapiens]	TRUE	TENT2
XP_646845.1	NP_001375047.1	0	N/A	40.659	91	83	6.69e-19	82.4	poly(A) RNA polymerase GLD2 isoform 2 [Homo sapiens]	TRUE	TENT2
XP_646845.1	NP_001375046.1	0	N/A	40.659	91	83	6.69e-19	82.4	poly(A) RNA polymerase GLD2 isoform 2 [Homo sapiens]	TRUE	TENT2
XP_646845.1	NP_001375045.1	0	N/A	40.659	91	83	6.69e-19	82.4	poly(A) RNA polymerase GLD2 isoform 2 [Homo sapiens]	TRUE	TENT2
XP_646845.1	NP_001375044.1	0	N/A	40.659	91	83	6.69e-19	82.4	poly(A) RNA polymerase GLD2 isoform 2 [Homo sapiens]	TRUE	TENT2
XP_646845.1	NP_001375043.1	0	N/A	40.659	91	83	6.69e-19	82.4	poly(A) RNA polymerase GLD2 isoform 2 [Homo sapiens]	TRUE	TENT2
XP_646845.1	NP_001336483.1	0	N/A	40.659	91	83	6.69e-19	82.4	poly(A) RNA polymerase GLD2 isoform 2 [Homo sapiens]	TRUE	TENT2
XP_646845.1	NP_001284673.1	0	N/A	40.659	91	83	6.69e-19	82.4	poly(A) RNA polymerase GLD2 isoform 2 [Homo sapiens]	TRUE	TENT2
XP_646845.1	NP_001375059.1	0	N/A	40.659	91	83	6.81e-19	82.4	poly(A) RNA polymerase GLD2 isoform 10 [Homo sapiens]	TRUE	TENT2
XP_646845.1	NP_001375061.1	0	N/A	40.659	91	83	7.11e-19	82.4	poly(A) RNA polymerase GLD2 isoform 12 [Homo sapiens]	TRUE	TENT2
XP_646845.1	XP_047272808.1	0	N/A	40.659	91	83	7.79e-19	82.4	poly(A) RNA polymerase GLD2 isoform X3 [Homo sapiens]	TRUE	TENT2
XP_646845.1	XP_047272807.1	0	N/A	40.659	91	83	7.79e-19	82.4	poly(A) RNA polymerase GLD2 isoform X3 [Homo sapiens]	TRUE	TENT2
XP_646845.1	XP_047272806.1	0	N/A	40.659	91	83	7.79e-19	82.4	poly(A) RNA polymerase GLD2 isoform X3 [Homo sapiens]	TRUE	TENT2
XP_646845.1	NP_776158.2	0	N/A	40.659	91	83	7.79e-19	82.4	poly(A) RNA polymerase GLD2 isoform 1 [Homo sapiens]	TRUE	TENT2
XP_646845.1	NP_001375041.1	0	N/A	40.659	91	83	7.79e-19	82.4	poly(A) RNA polymerase GLD2 isoform 1 [Homo sapiens]	TRUE	TENT2
XP_646845.1	NP_001375040.1	0	N/A	40.659	91	83	7.79e-19	82.4	poly(A) RNA polymerase GLD2 isoform 1 [Homo sapiens]	TRUE	TENT2
XP_646845.1	NP_001375039.1	0	N/A	40.659	91	83	7.79e-19	82.4	poly(A) RNA polymerase GLD2 isoform 1 [Homo sapiens]	TRUE	TENT2
XP_646845.1	NP_001375038.1	0	N/A	40.659	91	83	7.79e-19	82.4	poly(A) RNA polymerase GLD2 isoform 1 [Homo sapiens]	TRUE	TENT2
XP_646845.1	NP_001375037.1	0	N/A	40.659	91	83	7.79e-19	82.4	poly(A) RNA polymerase GLD2 isoform 1 [Homo sapiens]	TRUE	TENT2
XP_646845.1	NP_001375036.1	0	N/A	40.659	91	83	7.79e-19	82.4	poly(A) RNA polymerase GLD2 isoform 1 [Homo sapiens]	TRUE	TENT2
XP_646845.1	NP_001375035.1	0	N/A	40.659	91	83	7.79e-19	82.4	poly(A) RNA polymerase GLD2 isoform 1 [Homo sapiens]	TRUE	TENT2
XP_646845.1	NP_001375034.1	0	N/A	40.659	91	83	7.79e-19	82.4	poly(A) RNA polymerase GLD2 isoform 1 [Homo sapiens]	TRUE	TENT2
XP_646845.1	NP_001375032.1	0	N/A	40.659	91	83	7.79e-19	82.4	poly(A) RNA polymerase GLD2 isoform 1 [Homo sapiens]	TRUE	TENT2
XP_646845.1	NP_001375031.1	0	N/A	40.659	91	83	7.79e-19	82.4	poly(A) RNA polymerase GLD2 isoform 1 [Homo sapiens]	TRUE	TENT2
XP_646845.1	NP_001336482.1	0	N/A	40.659	91	83	7.79e-19	82.4	poly(A) RNA polymerase GLD2 isoform 1 [Homo sapiens]	TRUE	TENT2
XP_646845.1	NP_001336481.1	0	N/A	40.659	91	83	7.79e-19	82.4	poly(A) RNA polymerase GLD2 isoform 1 [Homo sapiens]	TRUE	TENT2
XP_646845.1	NP_001107866.1	0	N/A	40.659	91	83	7.79e-19	82.4	poly(A) RNA polymerase GLD2 isoform 1 [Homo sapiens]	TRUE	TENT2
XP_646845.1	NP_001107865.1	0	N/A	40.659	91	83	7.79e-19	82.4	poly(A) RNA polymerase GLD2 isoform 1 [Homo sapiens]	TRUE	TENT2
XP_646845.1	NP_001375042.1	0	N/A	40.659	91	83	8.17e-19	82.4	poly(A) RNA polymerase GLD2 isoform 16 [Homo sapiens]	TRUE	TENT2
XP_646845.1	NP_001375030.1	0	N/A	40.659	91	83	8.33e-19	82.4	poly(A) RNA polymerase GLD2 isoform 9 [Homo sapiens]	TRUE	TENT2
XP_646845.1	NP_001375027.1	0	N/A	40.659	91	83	8.45e-19	82.4	poly(A) RNA polymerase GLD2 isoform 7 [Homo sapiens]	TRUE	TENT2
XP_646845.1	XP_047272805.1	0	N/A	40.659	91	83	8.46e-19	82.4	poly(A) RNA polymerase GLD2 isoform X2 [Homo sapiens]	TRUE	TENT2
XP_646845.1	XP_047272804.1	0	N/A	40.659	91	83	8.46e-19	82.4	poly(A) RNA polymerase GLD2 isoform X2 [Homo sapiens]	TRUE	TENT2
XP_646845.1	XP_047272803.1	0	N/A	40.659	91	83	8.46e-19	82.4	poly(A) RNA polymerase GLD2 isoform X2 [Homo sapiens]	TRUE	TENT2
XP_646845.1	XP_047272802.1	0	N/A	40.659	91	83	8.46e-19	82.4	poly(A) RNA polymerase GLD2 isoform X2 [Homo sapiens]	TRUE	TENT2
XP_646845.1	XP_016864641.1	0	N/A	40.659	91	83	8.46e-19	82.4	poly(A) RNA polymerase GLD2 isoform X2 [Homo sapiens]	TRUE	TENT2
XP_646845.1	NP_001375026.1	0	N/A	40.659	91	83	8.46e-19	82.4	poly(A) RNA polymerase GLD2 isoform 6 [Homo sapiens]	TRUE	TENT2
XP_646845.1	NP_001375025.1	0	N/A	40.659	91	83	8.46e-19	82.4	poly(A) RNA polymerase GLD2 isoform 6 [Homo sapiens]	TRUE	TENT2
XP_646845.1	NP_001375024.1	0	N/A	40.659	91	83	8.46e-19	82.4	poly(A) RNA polymerase GLD2 isoform 6 [Homo sapiens]	TRUE	TENT2
XP_646845.1	NP_001336480.1	0	N/A	40.659	91	83	8.46e-19	82.4	poly(A) RNA polymerase GLD2 isoform 6 [Homo sapiens]	TRUE	TENT2
XP_646845.1	NP_001375060.1	0	N/A	40.659	91	83	9.64e-19	82	poly(A) RNA polymerase GLD2 isoform 11 [Homo sapiens]	TRUE	TENT2
XP_646845.1	XP_047272801.1	0	N/A	40.659	91	83	1.16e-18	82	poly(A) RNA polymerase GLD2 isoform X1 [Homo sapiens]	TRUE	TENT2
XP_646845.1	XP_047272800.1	0	N/A	40.659	91	83	1.16e-18	82	poly(A) RNA polymerase GLD2 isoform X1 [Homo sapiens]	TRUE	TENT2
XP_646845.1	XP_011541527.1	0	N/A	40.659	91	83	1.16e-18	82	poly(A) RNA polymerase GLD2 isoform X1 [Homo sapiens]	TRUE	TENT2
XP_646845.1	XP_011541526.1	0	N/A	40.659	91	83	1.16e-18	82	poly(A) RNA polymerase GLD2 isoform X1 [Homo sapiens]	TRUE	TENT2
XP_646845.1	XP_011541523.1	0	N/A	40.659	91	83	1.16e-18	82	poly(A) RNA polymerase GLD2 isoform X1 [Homo sapiens]	TRUE	TENT2
XP_646845.1	XP_011541522.1	0	N/A	40.659	91	83	1.16e-18	82	poly(A) RNA polymerase GLD2 isoform X1 [Homo sapiens]	TRUE	TENT2
XP_646845.1	NP_001375023.1	0	N/A	40.659	91	83	1.16e-18	82	poly(A) RNA polymerase GLD2 isoform 5 [Homo sapiens]	TRUE	TENT2
XP_646845.1	NP_001375022.1	0	N/A	40.659	91	83	1.16e-18	82	poly(A) RNA polymerase GLD2 isoform 5 [Homo sapiens]	TRUE	TENT2
XP_646845.1	NP_001336479.1	0	N/A	40.659	91	83	1.16e-18	82	poly(A) RNA polymerase GLD2 isoform 5 [Homo sapiens]	TRUE	TENT2
XP_646845.1	NP_001336478.1	0	N/A	40.659	91	83	1.16e-18	82	poly(A) RNA polymerase GLD2 isoform 5 [Homo sapiens]	TRUE	TENT2
XP_646845.1	NP_001375029.1	0	N/A	40.659	91	83	1.18e-18	82	poly(A) RNA polymerase GLD2 isoform 8 [Homo sapiens]	TRUE	TENT2
XP_646845.1	NP_001375028.1	0	N/A	40.659	91	83	1.18e-18	82	poly(A) RNA polymerase GLD2 isoform 8 [Homo sapiens]	TRUE	TENT2
XP_646845.1	XP_047272818.1	0	N/A	38.554	83	76	4.06e-15	71.6	poly(A) RNA polymerase GLD2 isoform X10 [Homo sapiens]	TRUE	TENT2
XP_646845.1	XP_047272817.1	0	N/A	38.554	83	76	4.44e-15	71.6	poly(A) RNA polymerase GLD2 isoform X9 [Homo sapiens]	TRUE	TENT2
XP_646845.1	XP_047272816.1	0	N/A	38.554	83	76	6.24e-15	71.2	poly(A) RNA polymerase GLD2 isoform X8 [Homo sapiens]	TRUE	TENT2
XP_646845.1	NP_001375066.1	0	N/A	40.26	77	71	3.14e-14	68.6	poly(A) RNA polymerase GLD2 isoform 15 [Homo sapiens]	TRUE	TENT2
XP_646845.1	NP_001317647.1	0	N/A	34.066	91	83	5.08e-14	68.9	terminal uridylyltransferase 7 isoform 3 [Homo sapiens]	TRUE	Tut7
XP_646845.1	NP_001172003.1	0	N/A	34.066	91	83	5.22e-14	68.9	terminal uridylyltransferase 7 isoform 2 [Homo sapiens]	TRUE	Tut7
XP_646845.1	XP_005252265.1	0	N/A	34.066	91	83	5.24e-14	68.9	terminal uridylyltransferase 7 isoform X7 [Homo sapiens]	TRUE	Tut7
XP_646845.1	XP_047279825.1	0	N/A	34.066	91	83	5.26e-14	68.9	terminal uridylyltransferase 7 isoform X6 [Homo sapiens]	TRUE	Tut7
XP_646845.1	XP_047279824.1	0	N/A	34.066	91	83	5.26e-14	68.9	terminal uridylyltransferase 7 isoform X6 [Homo sapiens]	TRUE	Tut7
XP_646845.1	XP_005252264.1	0	N/A	34.066	91	83	5.26e-14	68.9	terminal uridylyltransferase 7 isoform X6 [Homo sapiens]	TRUE	Tut7
XP_646845.1	XP_011517318.1	0	N/A	34.066	91	83	5.26e-14	68.9	terminal uridylyltransferase 7 isoform X5 [Homo sapiens]	TRUE	Tut7
XP_646845.1	XP_016870620.1	0	N/A	34.066	91	83	5.26e-14	68.9	terminal uridylyltransferase 7 isoform X4 [Homo sapiens]	TRUE	Tut7
XP_646845.1	XP_016870619.1	0	N/A	34.066	91	83	5.26e-14	68.9	terminal uridylyltransferase 7 isoform X4 [Homo sapiens]	TRUE	Tut7
XP_646845.1	NP_078893.2	0	N/A	34.066	91	83	5.26e-14	68.9	terminal uridylyltransferase 7 isoform 1 [Homo sapiens]	TRUE	Tut7
XP_646845.1	NP_001171988.1	0	N/A	34.066	91	83	5.26e-14	68.9	terminal uridylyltransferase 7 isoform 1 [Homo sapiens]	TRUE	Tut7
XP_646845.1	XP_011517317.1	0	N/A	34.066	91	83	5.27e-14	68.9	terminal uridylyltransferase 7 isoform X3 [Homo sapiens]	TRUE	Tut7
XP_646845.1	XP_047279823.1	0	N/A	34.066	91	83	5.27e-14	68.9	terminal uridylyltransferase 7 isoform X2 [Homo sapiens]	TRUE	Tut7
XP_646845.1	XP_006717346.1	0	N/A	34.066	91	83	5.27e-14	68.9	terminal uridylyltransferase 7 isoform X2 [Homo sapiens]	TRUE	Tut7
XP_646845.1	XP_011517316.1	0	N/A	34.066	91	83	5.27e-14	68.9	terminal uridylyltransferase 7 isoform X1 [Homo sapiens]	TRUE	Tut7
XP_646845.1	XP_011517315.1	0	N/A	34.066	91	83	5.27e-14	68.9	terminal uridylyltransferase 7 isoform X1 [Homo sapiens]	TRUE	Tut7
XP_646845.1	XP_011517314.1	0	N/A	34.066	91	83	5.27e-14	68.9	terminal uridylyltransferase 7 isoform X1 [Homo sapiens]	TRUE	Tut7
XP_646845.1	XP_011517313.1	0	N/A	34.066	91	83	5.27e-14	68.9	terminal uridylyltransferase 7 isoform X1 [Homo sapiens]	TRUE	Tut7
XP_646845.1	XP_047272372.1	0	N/A	32.967	91	83	1.11e-13	67.8	terminal uridylyltransferase 4 isoform X42 [Homo sapiens]	TRUE	Tut4
XP_646845.1	XP_016856299.1	0	N/A	32.967	91	83	1.11e-13	67.8	terminal uridylyltransferase 4 isoform X40 [Homo sapiens]	TRUE	Tut4
XP_646845.1	XP_047272365.1	0	N/A	32.967	91	83	1.11e-13	67.8	terminal uridylyltransferase 4 isoform X38 [Homo sapiens]	TRUE	Tut4
XP_646845.1	XP_016856297.1	0	N/A	32.967	91	83	1.11e-13	67.8	terminal uridylyltransferase 4 isoform X36 [Homo sapiens]	TRUE	Tut4
XP_646845.1	XP_047272350.1	0	N/A	32.967	91	83	1.11e-13	67.8	terminal uridylyltransferase 4 isoform X34 [Homo sapiens]	TRUE	Tut4
XP_646845.1	XP_005270739.1	0	N/A	32.967	91	83	1.11e-13	67.8	terminal uridylyltransferase 4 isoform X33 [Homo sapiens]	TRUE	Tut4
XP_646845.1	XP_047272345.1	0	N/A	32.967	91	83	1.11e-13	67.8	terminal uridylyltransferase 4 isoform X31 [Homo sapiens]	TRUE	Tut4
XP_646845.1	XP_047272344.1	0	N/A	32.967	91	83	1.11e-13	67.8	terminal uridylyltransferase 4 isoform X30 [Homo sapiens]	TRUE	Tut4
XP_646845.1	XP_011539401.1	0	N/A	32.967	91	83	1.11e-13	67.8	terminal uridylyltransferase 4 isoform X29 [Homo sapiens]	TRUE	Tut4
XP_646847.2	XP_016882594.1	0	N/A	34.765	489	19	1.58e-58	225	regulator of nonsense transcripts 1 isoform X1 [Homo sapiens]	FALSE	NA
XP_646847.2	NP_001284478.1	0	N/A	34.765	489	19	1.64e-58	225	regulator of nonsense transcripts 1 isoform 1 [Homo sapiens]	FALSE	NA
XP_646847.2	XP_016882595.1	0	N/A	34.765	489	19	1.81e-58	225	regulator of nonsense transcripts 1 isoform X2 [Homo sapiens]	FALSE	NA
XP_646847.2	NP_002902.2	0	N/A	34.765	489	19	2.02e-58	224	regulator of nonsense transcripts 1 isoform 2 [Homo sapiens]	FALSE	NA
XP_646847.2	XP_047295147.1	0	N/A	34.898	490	19	2.95e-58	224	regulator of nonsense transcripts 1 isoform X3 [Homo sapiens]	FALSE	NA
XP_646847.2	XP_011530399.1	0	N/A	32.093	430	16	5.77e-44	178	5'-3' DNA helicase ZGRF1 isoform X16 [Homo sapiens]	FALSE	NA
XP_646847.2	XP_011530401.1	0	N/A	32.093	430	16	5.86e-44	178	5'-3' DNA helicase ZGRF1 isoform X18 [Homo sapiens]	FALSE	NA
XP_646847.2	XP_011530400.1	0	N/A	32.093	430	16	5.86e-44	178	5'-3' DNA helicase ZGRF1 isoform X18 [Homo sapiens]	FALSE	NA
XP_646847.2	XP_047271871.1	0	N/A	31.944	432	16	5.89e-44	179	5'-3' DNA helicase ZGRF1 isoform X8 [Homo sapiens]	FALSE	NA
XP_646847.2	XP_011530396.1	0	N/A	31.944	432	16	5.89e-44	179	5'-3' DNA helicase ZGRF1 isoform X8 [Homo sapiens]	FALSE	NA
XP_646847.2	XP_047271874.1	0	N/A	31.944	432	16	6.47e-44	179	5'-3' DNA helicase ZGRF1 isoform X10 [Homo sapiens]	FALSE	NA
XP_646847.2	XP_047271873.1	0	N/A	31.944	432	16	6.47e-44	179	5'-3' DNA helicase ZGRF1 isoform X10 [Homo sapiens]	FALSE	NA
XP_646847.2	XP_047271875.1	0	N/A	32.093	430	16	6.75e-44	179	5'-3' DNA helicase ZGRF1 isoform X11 [Homo sapiens]	FALSE	NA
XP_646847.2	XP_047271872.1	0	N/A	31.944	432	16	6.89e-44	179	5'-3' DNA helicase ZGRF1 isoform X9 [Homo sapiens]	FALSE	NA
XP_646847.2	XP_005263172.1	0	N/A	31.944	432	16	7.29e-44	179	5'-3' DNA helicase ZGRF1 isoform X1 [Homo sapiens]	FALSE	NA
XP_646847.2	NP_060862.3	0	N/A	31.944	432	16	7.29e-44	179	5'-3' DNA helicase ZGRF1 isoform 1 [Homo sapiens]	FALSE	NA
XP_646847.2	XP_047271870.1	0	N/A	31.944	432	16	7.29e-44	179	5'-3' DNA helicase ZGRF1 isoform X7 [Homo sapiens]	FALSE	NA
XP_646847.2	XP_047271869.1	0	N/A	31.944	432	16	7.29e-44	179	5'-3' DNA helicase ZGRF1 isoform X7 [Homo sapiens]	FALSE	NA
XP_646847.2	XP_047271867.1	0	N/A	31.944	432	16	8.19e-44	179	5'-3' DNA helicase ZGRF1 isoform X5 [Homo sapiens]	FALSE	NA
XP_646847.2	NP_001337326.1	0	N/A	31.944	432	16	8.19e-44	179	5'-3' DNA helicase ZGRF1 isoform 2 [Homo sapiens]	FALSE	NA
XP_646847.2	XP_047271868.1	0	N/A	31.944	432	16	8.86e-44	179	5'-3' DNA helicase ZGRF1 isoform X6 [Homo sapiens]	FALSE	NA
XP_646847.2	XP_016863859.1	0	N/A	31.944	432	16	8.86e-44	179	5'-3' DNA helicase ZGRF1 isoform X6 [Homo sapiens]	FALSE	NA
XP_646847.2	XP_047271865.1	0	N/A	31.944	432	16	9.1e-44	179	5'-3' DNA helicase ZGRF1 isoform X2 [Homo sapiens]	FALSE	NA
XP_646847.2	XP_011530393.1	0	N/A	31.944	432	16	9.1e-44	179	5'-3' DNA helicase ZGRF1 isoform X2 [Homo sapiens]	FALSE	NA
XP_646847.2	XP_016863858.1	0	N/A	31.944	432	16	1.01e-43	179	5'-3' DNA helicase ZGRF1 isoform X3 [Homo sapiens]	FALSE	NA
XP_646847.2	XP_011530394.1	0	N/A	31.944	432	16	1.01e-43	179	5'-3' DNA helicase ZGRF1 isoform X3 [Homo sapiens]	FALSE	NA
XP_646847.2	XP_047271866.1	0	N/A	32.093	430	16	1.04e-43	179	5'-3' DNA helicase ZGRF1 isoform X4 [Homo sapiens]	FALSE	NA
XP_646847.2	XP_047278979.1	0	N/A	36.306	314	12	1.21e-41	172	putative helicase senataxin isoform X2 [Homo sapiens]	FALSE	NA
XP_646847.2	NP_055861.3	0	N/A	36.306	314	12	1.21e-41	172	probable helicase senataxin isoform 1 [Homo sapiens]	FALSE	NA
XP_646847.2	NP_001338456.1	0	N/A	36.306	314	12	1.21e-41	172	probable helicase senataxin isoform 1 [Homo sapiens]	FALSE	NA
XP_646847.2	XP_011516707.1	0	N/A	38.095	294	12	3.28e-40	167	putative helicase senataxin isoform X1 [Homo sapiens]	FALSE	NA
XP_646847.2	XP_011516706.1	0	N/A	38.095	294	12	3.28e-40	167	putative helicase senataxin isoform X1 [Homo sapiens]	FALSE	NA
XP_646847.2	XP_005272230.1	0	N/A	38.095	294	12	3.28e-40	167	putative helicase senataxin isoform X1 [Homo sapiens]	FALSE	NA
XP_646847.2	XP_005272229.1	0	N/A	38.095	294	12	3.28e-40	167	putative helicase senataxin isoform X1 [Homo sapiens]	FALSE	NA
XP_646847.2	NP_001338457.1	0	N/A	38.095	294	12	3.28e-40	167	probable helicase senataxin isoform 2 [Homo sapiens]	FALSE	NA
XP_646847.2	XP_011516708.1	0	N/A	37.548	261	10	5.44e-32	140	putative helicase senataxin isoform X3 [Homo sapiens]	FALSE	NA
XP_646847.2	XP_011537719.1	0	N/A	29.762	420	16	4.03e-31	135	DNA replication ATP-dependent helicase/nuclease DNA2 isoform X3 [Homo sapiens]	FALSE	NA
XP_646847.2	NP_061868.1	0	N/A	31.63	411	16	5.03e-31	136	RNA helicase Mov10l1 isoform 1 [Homo sapiens]	FALSE	NA
XP_646847.2	NP_001073918.2	0	N/A	29.833	419	16	5.39e-31	136	DNA replication ATP-dependent helicase/nuclease DNA2 [Homo sapiens]	FALSE	NA
XP_646847.2	XP_005261980.1	0	N/A	31.63	411	16	6e-31	136	RNA helicase Mov10l1 isoform X6 [Homo sapiens]	FALSE	NA
XP_646847.2	XP_016871288.1	0	N/A	29.762	420	16	6.35e-31	135	DNA replication ATP-dependent helicase/nuclease DNA2 isoform X2 [Homo sapiens]	FALSE	NA
XP_646847.2	XP_006717743.1	0	N/A	29.833	419	16	7.8e-31	135	DNA replication ATP-dependent helicase/nuclease DNA2 isoform X1 [Homo sapiens]	FALSE	NA
XP_646847.2	NP_002171.2	0	N/A	30.093	432	16	1.38e-30	135	DNA-binding protein SMUBP-2 [Homo sapiens]	FALSE	NA
XP_646847.2	XP_047282837.1	0	N/A	30.093	432	16	1.94e-30	134	DNA-binding protein SMUBP-2 isoform X1 [Homo sapiens]	FALSE	NA
XP_646847.2	NP_001157577.1	0	N/A	31.852	405	16	4.83e-29	130	RNA helicase Mov10l1 isoform 3 [Homo sapiens]	FALSE	NA
XP_646847.2	NP_208384.3	0	N/A	27.699	491	17	1.64e-28	129	3'-5' exoribonuclease HELZ2 isoform 2 [Homo sapiens]	FALSE	NA
XP_646847.2	NP_001032412.2	0	N/A	27.699	491	17	3.16e-28	128	3'-5' exoribonuclease HELZ2 isoform 1 [Homo sapiens]	FALSE	NA
XP_646847.2	XP_024307774.1	0	N/A	27.699	491	17	3.59e-28	128	3'-5' exoribonuclease HELZ2 isoform X1 [Homo sapiens]	FALSE	NA
XP_646847.2	XP_047277033.1	0	N/A	28.446	457	17	1.48e-27	125	helicase MOV-10 isoform X1 [Homo sapiens]	FALSE	NA
XP_646847.2	XP_047277030.1	0	N/A	28.446	457	17	1.48e-27	125	helicase MOV-10 isoform X1 [Homo sapiens]	FALSE	NA
XP_646847.2	XP_047277027.1	0	N/A	28.446	457	17	1.48e-27	125	helicase MOV-10 isoform X1 [Homo sapiens]	FALSE	NA
XP_646847.2	NP_001376492.1	0	N/A	28.446	457	17	1.48e-27	125	helicase MOV-10 isoform 2 [Homo sapiens]	FALSE	NA
XP_646847.2	NP_001376491.1	0	N/A	28.446	457	17	1.48e-27	125	helicase MOV-10 isoform 2 [Homo sapiens]	FALSE	NA
XP_646847.2	NP_001273001.1	0	N/A	28.446	457	17	1.48e-27	125	helicase MOV-10 isoform 2 [Homo sapiens]	FALSE	NA
XP_646847.2	NP_066014.1	0	N/A	28.228	457	17	1.5e-27	125	helicase MOV-10 isoform 1 [Homo sapiens]	FALSE	NA
XP_646847.2	NP_001356436.1	0	N/A	28.228	457	17	1.5e-27	125	helicase MOV-10 isoform 1 [Homo sapiens]	FALSE	NA
XP_646847.2	NP_001308253.1	0	N/A	28.228	457	17	1.5e-27	125	helicase MOV-10 isoform 1 [Homo sapiens]	FALSE	NA
XP_646847.2	NP_001123551.1	0	N/A	28.228	457	17	1.5e-27	125	helicase MOV-10 isoform 1 [Homo sapiens]	FALSE	NA
XP_646847.2	XP_016873159.1	0	N/A	34.043	282	12	5.83e-27	122	DNA-binding protein SMUBP-2 isoform X2 [Homo sapiens]	FALSE	NA
XP_646847.2	XP_011528998.1	0	N/A	29.231	455	16	5.81e-26	120	RNA helicase Mov10l1 isoform X1 [Homo sapiens]	FALSE	NA
XP_646847.2	XP_011529002.1	0	N/A	29.231	455	16	6.66e-26	120	RNA helicase Mov10l1 isoform X5 [Homo sapiens]	FALSE	NA
XP_646847.2	XP_011529001.1	0	N/A	29.231	455	16	6.66e-26	120	RNA helicase Mov10l1 isoform X5 [Homo sapiens]	FALSE	NA
XP_646847.2	XP_011528999.1	0	N/A	29.231	455	16	7.53e-26	119	RNA helicase Mov10l1 isoform X2 [Homo sapiens]	FALSE	NA
XP_646847.2	XP_011529000.1	0	N/A	29.231	455	16	8.47e-26	119	RNA helicase Mov10l1 isoform X4 [Homo sapiens]	FALSE	NA
XP_646847.2	XP_047297371.1	0	N/A	29.694	458	16	2.01e-24	114	RNA helicase Mov10l1 isoform X11 [Homo sapiens]	FALSE	NA
XP_646847.2	XP_016884325.1	0	N/A	29.694	458	16	2.01e-24	114	RNA helicase Mov10l1 isoform X11 [Homo sapiens]	FALSE	NA
XP_646847.2	XP_016884324.1	0	N/A	29.694	458	16	2.01e-24	114	RNA helicase Mov10l1 isoform X11 [Homo sapiens]	FALSE	NA
XP_646847.2	NP_001157578.1	0	N/A	32.404	287	11	2.27e-24	109	RNA helicase Mov10l1 isoform 4 [Homo sapiens]	FALSE	NA
XP_646847.2	XP_011516709.1	0	N/A	37.391	230	9	3.43e-24	114	putative helicase senataxin isoform X4 [Homo sapiens]	FALSE	NA
XP_646847.2	NP_001317647.1	0	N/A	26.159	302	12	2.29e-23	110	terminal uridylyltransferase 7 isoform 3 [Homo sapiens]	TRUE	Tut7
XP_646847.2	XP_005252265.1	0	N/A	26.073	303	12	4.21e-23	110	terminal uridylyltransferase 7 isoform X7 [Homo sapiens]	TRUE	Tut7
XP_646847.2	XP_011517317.1	0	N/A	26.073	303	12	4.52e-23	110	terminal uridylyltransferase 7 isoform X3 [Homo sapiens]	TRUE	Tut7
XP_646847.2	XP_047279823.1	0	N/A	26.073	303	12	4.56e-23	110	terminal uridylyltransferase 7 isoform X2 [Homo sapiens]	TRUE	Tut7
XP_646847.2	XP_006717346.1	0	N/A	26.073	303	12	4.56e-23	110	terminal uridylyltransferase 7 isoform X2 [Homo sapiens]	TRUE	Tut7
XP_646847.2	XP_047279825.1	0	N/A	26.159	302	12	4.63e-23	110	terminal uridylyltransferase 7 isoform X6 [Homo sapiens]	TRUE	Tut7
XP_646847.2	XP_047279824.1	0	N/A	26.159	302	12	4.63e-23	110	terminal uridylyltransferase 7 isoform X6 [Homo sapiens]	TRUE	Tut7
XP_646847.2	XP_005252264.1	0	N/A	26.159	302	12	4.63e-23	110	terminal uridylyltransferase 7 isoform X6 [Homo sapiens]	TRUE	Tut7
XP_646847.2	XP_016870620.1	0	N/A	26.159	302	12	4.98e-23	110	terminal uridylyltransferase 7 isoform X4 [Homo sapiens]	TRUE	Tut7
XP_646847.2	XP_016870619.1	0	N/A	26.159	302	12	4.98e-23	110	terminal uridylyltransferase 7 isoform X4 [Homo sapiens]	TRUE	Tut7
XP_646847.2	NP_078893.2	0	N/A	26.159	302	12	4.98e-23	110	terminal uridylyltransferase 7 isoform 1 [Homo sapiens]	TRUE	Tut7
XP_646847.2	NP_001171988.1	0	N/A	26.159	302	12	4.98e-23	110	terminal uridylyltransferase 7 isoform 1 [Homo sapiens]	TRUE	Tut7
XP_646847.2	XP_011517318.1	0	N/A	26.159	302	12	5.1e-23	110	terminal uridylyltransferase 7 isoform X5 [Homo sapiens]	TRUE	Tut7
XP_646847.2	XP_011517316.1	0	N/A	26.073	303	12	5.65e-23	110	terminal uridylyltransferase 7 isoform X1 [Homo sapiens]	TRUE	Tut7
XP_646847.2	XP_011517315.1	0	N/A	26.073	303	12	5.65e-23	110	terminal uridylyltransferase 7 isoform X1 [Homo sapiens]	TRUE	Tut7
XP_646847.2	XP_011517314.1	0	N/A	26.073	303	12	5.65e-23	110	terminal uridylyltransferase 7 isoform X1 [Homo sapiens]	TRUE	Tut7
XP_646847.2	XP_011517313.1	0	N/A	26.073	303	12	5.65e-23	110	terminal uridylyltransferase 7 isoform X1 [Homo sapiens]	TRUE	Tut7
XP_646847.2	XP_047272808.1	0	N/A	29.01	293	12	2.57e-21	102	poly(A) RNA polymerase GLD2 isoform X3 [Homo sapiens]	TRUE	TENT2
XP_646847.2	XP_047272807.1	0	N/A	29.01	293	12	2.57e-21	102	poly(A) RNA polymerase GLD2 isoform X3 [Homo sapiens]	TRUE	TENT2
XP_646847.2	XP_047272806.1	0	N/A	29.01	293	12	2.57e-21	102	poly(A) RNA polymerase GLD2 isoform X3 [Homo sapiens]	TRUE	TENT2
XP_646847.2	NP_776158.2	0	N/A	29.01	293	12	2.57e-21	102	poly(A) RNA polymerase GLD2 isoform 1 [Homo sapiens]	TRUE	TENT2
XP_646847.2	NP_001375041.1	0	N/A	29.01	293	12	2.57e-21	102	poly(A) RNA polymerase GLD2 isoform 1 [Homo sapiens]	TRUE	TENT2
XP_646847.2	NP_001375040.1	0	N/A	29.01	293	12	2.57e-21	102	poly(A) RNA polymerase GLD2 isoform 1 [Homo sapiens]	TRUE	TENT2
XP_646847.2	NP_001375039.1	0	N/A	29.01	293	12	2.57e-21	102	poly(A) RNA polymerase GLD2 isoform 1 [Homo sapiens]	TRUE	TENT2
XP_646847.2	NP_001375038.1	0	N/A	29.01	293	12	2.57e-21	102	poly(A) RNA polymerase GLD2 isoform 1 [Homo sapiens]	TRUE	TENT2
XP_646847.2	NP_001375037.1	0	N/A	29.01	293	12	2.57e-21	102	poly(A) RNA polymerase GLD2 isoform 1 [Homo sapiens]	TRUE	TENT2
XP_646847.2	NP_001375036.1	0	N/A	29.01	293	12	2.57e-21	102	poly(A) RNA polymerase GLD2 isoform 1 [Homo sapiens]	TRUE	TENT2
XP_646847.2	NP_001375035.1	0	N/A	29.01	293	12	2.57e-21	102	poly(A) RNA polymerase GLD2 isoform 1 [Homo sapiens]	TRUE	TENT2
XP_646847.2	NP_001375034.1	0	N/A	29.01	293	12	2.57e-21	102	poly(A) RNA polymerase GLD2 isoform 1 [Homo sapiens]	TRUE	TENT2
XP_646847.2	NP_001375032.1	0	N/A	29.01	293	12	2.57e-21	102	poly(A) RNA polymerase GLD2 isoform 1 [Homo sapiens]	TRUE	TENT2
XP_646847.2	NP_001375031.1	0	N/A	29.01	293	12	2.57e-21	102	poly(A) RNA polymerase GLD2 isoform 1 [Homo sapiens]	TRUE	TENT2
XP_646848.1	XP_016882595.1	0	N/A	35.223	494	18	1.74e-59	228	regulator of nonsense transcripts 1 isoform X2 [Homo sapiens]	FALSE	NA
XP_646848.1	XP_016882594.1	0	N/A	35.223	494	18	1.86e-59	228	regulator of nonsense transcripts 1 isoform X1 [Homo sapiens]	FALSE	NA
XP_646848.1	NP_002902.2	0	N/A	35.223	494	18	1.91e-59	228	regulator of nonsense transcripts 1 isoform 2 [Homo sapiens]	FALSE	NA
XP_646848.1	NP_001284478.1	0	N/A	35.223	494	18	2.11e-59	228	regulator of nonsense transcripts 1 isoform 1 [Homo sapiens]	FALSE	NA
XP_646848.1	XP_047295147.1	0	N/A	35.223	494	18	3.63e-59	227	regulator of nonsense transcripts 1 isoform X3 [Homo sapiens]	FALSE	NA
XP_646848.1	XP_047271875.1	0	N/A	31.481	432	15	1.03e-44	182	5'-3' DNA helicase ZGRF1 isoform X11 [Homo sapiens]	FALSE	NA
XP_646848.1	XP_047271874.1	0	N/A	31.481	432	15	1.15e-44	182	5'-3' DNA helicase ZGRF1 isoform X10 [Homo sapiens]	FALSE	NA
XP_646848.1	XP_047271873.1	0	N/A	31.481	432	15	1.15e-44	182	5'-3' DNA helicase ZGRF1 isoform X10 [Homo sapiens]	FALSE	NA
XP_646848.1	XP_011530399.1	0	N/A	31.481	432	15	1.26e-44	181	5'-3' DNA helicase ZGRF1 isoform X16 [Homo sapiens]	FALSE	NA
XP_646848.1	XP_047271870.1	0	N/A	31.481	432	15	1.36e-44	182	5'-3' DNA helicase ZGRF1 isoform X7 [Homo sapiens]	FALSE	NA
XP_646848.1	XP_047271869.1	0	N/A	31.481	432	15	1.36e-44	182	5'-3' DNA helicase ZGRF1 isoform X7 [Homo sapiens]	FALSE	NA
XP_646848.1	XP_047271867.1	0	N/A	31.481	432	15	1.39e-44	182	5'-3' DNA helicase ZGRF1 isoform X5 [Homo sapiens]	FALSE	NA
XP_646848.1	NP_001337326.1	0	N/A	31.481	432	15	1.39e-44	182	5'-3' DNA helicase ZGRF1 isoform 2 [Homo sapiens]	FALSE	NA
XP_646848.1	XP_047271866.1	0	N/A	31.481	432	15	1.41e-44	182	5'-3' DNA helicase ZGRF1 isoform X4 [Homo sapiens]	FALSE	NA
XP_646848.1	XP_047271868.1	0	N/A	31.481	432	15	1.48e-44	182	5'-3' DNA helicase ZGRF1 isoform X6 [Homo sapiens]	FALSE	NA
XP_646848.1	XP_016863859.1	0	N/A	31.481	432	15	1.48e-44	182	5'-3' DNA helicase ZGRF1 isoform X6 [Homo sapiens]	FALSE	NA
XP_646848.1	XP_047271872.1	0	N/A	31.481	432	15	1.48e-44	182	5'-3' DNA helicase ZGRF1 isoform X9 [Homo sapiens]	FALSE	NA
XP_646848.1	XP_047271871.1	0	N/A	31.481	432	15	1.5e-44	182	5'-3' DNA helicase ZGRF1 isoform X8 [Homo sapiens]	FALSE	NA
XP_646848.1	XP_011530396.1	0	N/A	31.481	432	15	1.5e-44	182	5'-3' DNA helicase ZGRF1 isoform X8 [Homo sapiens]	FALSE	NA
XP_646848.1	XP_047271865.1	0	N/A	31.481	432	15	1.56e-44	182	5'-3' DNA helicase ZGRF1 isoform X2 [Homo sapiens]	FALSE	NA
XP_646848.1	XP_011530393.1	0	N/A	31.481	432	15	1.56e-44	182	5'-3' DNA helicase ZGRF1 isoform X2 [Homo sapiens]	FALSE	NA
XP_646848.1	XP_005263172.1	0	N/A	31.481	432	15	1.57e-44	182	5'-3' DNA helicase ZGRF1 isoform X1 [Homo sapiens]	FALSE	NA
XP_646848.1	NP_060862.3	0	N/A	31.481	432	15	1.57e-44	182	5'-3' DNA helicase ZGRF1 isoform 1 [Homo sapiens]	FALSE	NA
XP_646848.1	XP_016863858.1	0	N/A	31.481	432	15	1.8e-44	181	5'-3' DNA helicase ZGRF1 isoform X3 [Homo sapiens]	FALSE	NA
XP_646848.1	XP_011530394.1	0	N/A	31.481	432	15	1.8e-44	181	5'-3' DNA helicase ZGRF1 isoform X3 [Homo sapiens]	FALSE	NA
XP_646848.1	XP_011530401.1	0	N/A	31.481	432	15	1.88e-44	180	5'-3' DNA helicase ZGRF1 isoform X18 [Homo sapiens]	FALSE	NA
XP_646848.1	XP_011530400.1	0	N/A	31.481	432	15	1.88e-44	180	5'-3' DNA helicase ZGRF1 isoform X18 [Homo sapiens]	FALSE	NA
XP_646848.1	XP_047278979.1	0	N/A	36.306	314	11	8.72e-42	173	putative helicase senataxin isoform X2 [Homo sapiens]	FALSE	NA
XP_646848.1	NP_055861.3	0	N/A	36.306	314	11	8.72e-42	173	probable helicase senataxin isoform 1 [Homo sapiens]	FALSE	NA
XP_646848.1	NP_001338456.1	0	N/A	36.306	314	11	8.72e-42	173	probable helicase senataxin isoform 1 [Homo sapiens]	FALSE	NA
XP_646848.1	XP_011516707.1	0	N/A	38.095	294	11	3.82e-40	167	putative helicase senataxin isoform X1 [Homo sapiens]	FALSE	NA
XP_646848.1	XP_011516706.1	0	N/A	38.095	294	11	3.82e-40	167	putative helicase senataxin isoform X1 [Homo sapiens]	FALSE	NA
XP_646848.1	XP_005272230.1	0	N/A	38.095	294	11	3.82e-40	167	putative helicase senataxin isoform X1 [Homo sapiens]	FALSE	NA
XP_646848.1	XP_005272229.1	0	N/A	38.095	294	11	3.82e-40	167	putative helicase senataxin isoform X1 [Homo sapiens]	FALSE	NA
XP_646848.1	NP_001338457.1	0	N/A	38.095	294	11	3.82e-40	167	probable helicase senataxin isoform 2 [Homo sapiens]	FALSE	NA
XP_646848.1	XP_047282837.1	0	N/A	31.797	434	15	1.88e-38	160	DNA-binding protein SMUBP-2 isoform X1 [Homo sapiens]	FALSE	NA
XP_646848.1	NP_002171.2	0	N/A	31.797	434	15	2.81e-38	160	DNA-binding protein SMUBP-2 [Homo sapiens]	FALSE	NA
XP_646848.1	XP_011537719.1	0	N/A	30.569	422	15	3.82e-34	145	DNA replication ATP-dependent helicase/nuclease DNA2 isoform X3 [Homo sapiens]	FALSE	NA
XP_646848.1	XP_016871288.1	0	N/A	30.569	422	15	4.03e-34	145	DNA replication ATP-dependent helicase/nuclease DNA2 isoform X2 [Homo sapiens]	FALSE	NA
XP_646848.1	NP_001073918.2	0	N/A	30.569	422	15	6.49e-34	146	DNA replication ATP-dependent helicase/nuclease DNA2 [Homo sapiens]	FALSE	NA
XP_646848.1	XP_006717743.1	0	N/A	30.569	422	15	6.67e-34	146	DNA replication ATP-dependent helicase/nuclease DNA2 isoform X1 [Homo sapiens]	FALSE	NA
XP_646848.1	XP_011516708.1	0	N/A	37.548	261	9	7.3e-32	140	putative helicase senataxin isoform X3 [Homo sapiens]	FALSE	NA
XP_646848.1	XP_005261980.1	0	N/A	31.178	433	15	1.71e-30	135	RNA helicase Mov10l1 isoform X6 [Homo sapiens]	FALSE	NA
XP_646848.1	NP_061868.1	0	N/A	31.178	433	15	1.73e-30	135	RNA helicase Mov10l1 isoform 1 [Homo sapiens]	FALSE	NA
XP_646848.1	NP_001157577.1	0	N/A	31.382	427	15	2.21e-28	128	RNA helicase Mov10l1 isoform 3 [Homo sapiens]	FALSE	NA
XP_646848.1	NP_001032412.2	0	N/A	26.884	491	16	1.95e-27	125	3'-5' exoribonuclease HELZ2 isoform 1 [Homo sapiens]	FALSE	NA
XP_646848.1	XP_047277033.1	0	N/A	28.132	455	16	2.21e-27	124	helicase MOV-10 isoform X1 [Homo sapiens]	FALSE	NA
XP_646848.1	XP_047277030.1	0	N/A	28.132	455	16	2.21e-27	124	helicase MOV-10 isoform X1 [Homo sapiens]	FALSE	NA
XP_646848.1	XP_047277027.1	0	N/A	28.132	455	16	2.21e-27	124	helicase MOV-10 isoform X1 [Homo sapiens]	FALSE	NA
XP_646848.1	NP_001376492.1	0	N/A	28.132	455	16	2.21e-27	124	helicase MOV-10 isoform 2 [Homo sapiens]	FALSE	NA
XP_646848.1	NP_001376491.1	0	N/A	28.132	455	16	2.21e-27	124	helicase MOV-10 isoform 2 [Homo sapiens]	FALSE	NA
XP_646848.1	NP_001273001.1	0	N/A	28.132	455	16	2.21e-27	124	helicase MOV-10 isoform 2 [Homo sapiens]	FALSE	NA
XP_646848.1	NP_208384.3	0	N/A	26.908	498	16	2.5e-27	125	3'-5' exoribonuclease HELZ2 isoform 2 [Homo sapiens]	FALSE	NA
XP_646848.1	XP_024307774.1	0	N/A	26.884	491	16	2.57e-27	125	3'-5' exoribonuclease HELZ2 isoform X1 [Homo sapiens]	FALSE	NA
XP_646848.1	NP_066014.1	0	N/A	28.132	455	16	3.21e-27	124	helicase MOV-10 isoform 1 [Homo sapiens]	FALSE	NA
XP_646848.1	NP_001356436.1	0	N/A	28.132	455	16	3.21e-27	124	helicase MOV-10 isoform 1 [Homo sapiens]	FALSE	NA
XP_646848.1	NP_001308253.1	0	N/A	28.132	455	16	3.21e-27	124	helicase MOV-10 isoform 1 [Homo sapiens]	FALSE	NA
XP_646848.1	NP_001123551.1	0	N/A	28.132	455	16	3.21e-27	124	helicase MOV-10 isoform 1 [Homo sapiens]	FALSE	NA
XP_646848.1	XP_016873159.1	0	N/A	33.571	280	11	1.27e-25	117	DNA-binding protein SMUBP-2 isoform X2 [Homo sapiens]	FALSE	NA
XP_646848.1	XP_011529002.1	0	N/A	28.931	477	15	1.99e-25	118	RNA helicase Mov10l1 isoform X5 [Homo sapiens]	FALSE	NA
XP_646848.1	XP_011529001.1	0	N/A	28.931	477	15	1.99e-25	118	RNA helicase Mov10l1 isoform X5 [Homo sapiens]	FALSE	NA
XP_646848.1	XP_011528998.1	0	N/A	28.931	477	15	2.51e-25	118	RNA helicase Mov10l1 isoform X1 [Homo sapiens]	FALSE	NA
XP_646848.1	XP_011528999.1	0	N/A	28.931	477	15	2.57e-25	118	RNA helicase Mov10l1 isoform X2 [Homo sapiens]	FALSE	NA
XP_646848.1	XP_011529000.1	0	N/A	28.931	477	15	2.99e-25	118	RNA helicase Mov10l1 isoform X4 [Homo sapiens]	FALSE	NA
XP_646848.1	XP_011516709.1	0	N/A	37.391	230	8	4.96e-24	114	putative helicase senataxin isoform X4 [Homo sapiens]	FALSE	NA
XP_646848.1	XP_047297371.1	0	N/A	29.375	480	15	1.45e-23	111	RNA helicase Mov10l1 isoform X11 [Homo sapiens]	FALSE	NA
XP_646848.1	XP_016884325.1	0	N/A	29.375	480	15	1.45e-23	111	RNA helicase Mov10l1 isoform X11 [Homo sapiens]	FALSE	NA
XP_646848.1	XP_016884324.1	0	N/A	29.375	480	15	1.45e-23	111	RNA helicase Mov10l1 isoform X11 [Homo sapiens]	FALSE	NA
XP_646848.1	NP_001157578.1	0	N/A	32.404	287	10	2.34e-23	106	RNA helicase Mov10l1 isoform 4 [Homo sapiens]	FALSE	NA
XP_646848.1	XP_011517316.1	0	N/A	24.28	486	17	2.25e-22	108	terminal uridylyltransferase 7 isoform X1 [Homo sapiens]	TRUE	Tut7
XP_646848.1	XP_011517315.1	0	N/A	24.28	486	17	2.25e-22	108	terminal uridylyltransferase 7 isoform X1 [Homo sapiens]	TRUE	Tut7
XP_646848.1	XP_011517314.1	0	N/A	24.28	486	17	2.25e-22	108	terminal uridylyltransferase 7 isoform X1 [Homo sapiens]	TRUE	Tut7
XP_646848.1	XP_011517313.1	0	N/A	24.28	486	17	2.25e-22	108	terminal uridylyltransferase 7 isoform X1 [Homo sapiens]	TRUE	Tut7
XP_646848.1	XP_047279823.1	0	N/A	26.214	309	12	2.36e-22	108	terminal uridylyltransferase 7 isoform X2 [Homo sapiens]	TRUE	Tut7
XP_646848.1	XP_006717346.1	0	N/A	26.214	309	12	2.36e-22	108	terminal uridylyltransferase 7 isoform X2 [Homo sapiens]	TRUE	Tut7
XP_646848.1	XP_011517317.1	0	N/A	26.214	309	12	2.83e-22	108	terminal uridylyltransferase 7 isoform X3 [Homo sapiens]	TRUE	Tut7
XP_646848.1	NP_001317647.1	0	N/A	26.214	309	12	2.91e-22	107	terminal uridylyltransferase 7 isoform 3 [Homo sapiens]	TRUE	Tut7
XP_646848.1	XP_047279825.1	0	N/A	26.214	309	12	3.08e-22	108	terminal uridylyltransferase 7 isoform X6 [Homo sapiens]	TRUE	Tut7
XP_646848.1	XP_047279824.1	0	N/A	26.214	309	12	3.08e-22	108	terminal uridylyltransferase 7 isoform X6 [Homo sapiens]	TRUE	Tut7
XP_646848.1	XP_005252264.1	0	N/A	26.214	309	12	3.08e-22	108	terminal uridylyltransferase 7 isoform X6 [Homo sapiens]	TRUE	Tut7
XP_646848.1	XP_005252265.1	0	N/A	26.214	309	12	3.13e-22	108	terminal uridylyltransferase 7 isoform X7 [Homo sapiens]	TRUE	Tut7
XP_646848.1	NP_066363.1	0	N/A	31.715	309	11	3.51e-22	108	NFX1-type zinc finger-containing protein 1 [Homo sapiens]	FALSE	NA
XP_646848.1	XP_016870620.1	0	N/A	26.214	309	12	3.67e-22	108	terminal uridylyltransferase 7 isoform X4 [Homo sapiens]	TRUE	Tut7
XP_646848.1	XP_016870619.1	0	N/A	26.214	309	12	3.67e-22	108	terminal uridylyltransferase 7 isoform X4 [Homo sapiens]	TRUE	Tut7
XP_646848.1	NP_078893.2	0	N/A	26.214	309	12	3.67e-22	108	terminal uridylyltransferase 7 isoform 1 [Homo sapiens]	TRUE	Tut7
XP_646848.1	NP_001171988.1	0	N/A	26.214	309	12	3.67e-22	108	terminal uridylyltransferase 7 isoform 1 [Homo sapiens]	TRUE	Tut7
XP_646848.1	NP_001375060.1	0	N/A	27.869	366	14	4.16e-22	104	poly(A) RNA polymerase GLD2 isoform 11 [Homo sapiens]	TRUE	TENT2
XP_646848.1	XP_011517318.1	0	N/A	26.214	309	12	4.19e-22	107	terminal uridylyltransferase 7 isoform X5 [Homo sapiens]	TRUE	Tut7
XP_646848.1	NP_001375042.1	0	N/A	27.869	366	14	4.25e-22	105	poly(A) RNA polymerase GLD2 isoform 16 [Homo sapiens]	TRUE	TENT2
XP_646848.1	XP_047272808.1	0	N/A	27.869	366	14	4.69e-22	105	poly(A) RNA polymerase GLD2 isoform X3 [Homo sapiens]	TRUE	TENT2
XP_646848.1	XP_047272807.1	0	N/A	27.869	366	14	4.69e-22	105	poly(A) RNA polymerase GLD2 isoform X3 [Homo sapiens]	TRUE	TENT2
XP_646848.1	XP_047272806.1	0	N/A	27.869	366	14	4.69e-22	105	poly(A) RNA polymerase GLD2 isoform X3 [Homo sapiens]	TRUE	TENT2
XP_646848.1	NP_776158.2	0	N/A	27.869	366	14	4.69e-22	105	poly(A) RNA polymerase GLD2 isoform 1 [Homo sapiens]	TRUE	TENT2
XP_646848.1	NP_001375041.1	0	N/A	27.869	366	14	4.69e-22	105	poly(A) RNA polymerase GLD2 isoform 1 [Homo sapiens]	TRUE	TENT2
XP_646848.1	NP_001375040.1	0	N/A	27.869	366	14	4.69e-22	105	poly(A) RNA polymerase GLD2 isoform 1 [Homo sapiens]	TRUE	TENT2
XP_646848.1	NP_001375039.1	0	N/A	27.869	366	14	4.69e-22	105	poly(A) RNA polymerase GLD2 isoform 1 [Homo sapiens]	TRUE	TENT2
XP_646848.1	NP_001375038.1	0	N/A	27.869	366	14	4.69e-22	105	poly(A) RNA polymerase GLD2 isoform 1 [Homo sapiens]	TRUE	TENT2
XP_646848.1	NP_001375037.1	0	N/A	27.869	366	14	4.69e-22	105	poly(A) RNA polymerase GLD2 isoform 1 [Homo sapiens]	TRUE	TENT2
XP_646848.1	NP_001375036.1	0	N/A	27.869	366	14	4.69e-22	105	poly(A) RNA polymerase GLD2 isoform 1 [Homo sapiens]	TRUE	TENT2
XP_646848.1	NP_001375035.1	0	N/A	27.869	366	14	4.69e-22	105	poly(A) RNA polymerase GLD2 isoform 1 [Homo sapiens]	TRUE	TENT2
XP_647058.1	XP_016882595.1	0	N/A	33.833	467	9	3.98e-57	222	regulator of nonsense transcripts 1 isoform X2 [Homo sapiens]	FALSE	NA
XP_647058.1	NP_002902.2	0	N/A	33.833	467	9	4.53e-57	222	regulator of nonsense transcripts 1 isoform 2 [Homo sapiens]	FALSE	NA
XP_647058.1	XP_016882594.1	0	N/A	33.833	467	9	5.07e-57	222	regulator of nonsense transcripts 1 isoform X1 [Homo sapiens]	FALSE	NA
XP_647058.1	NP_001284478.1	0	N/A	33.833	467	9	6.42e-57	221	regulator of nonsense transcripts 1 isoform 1 [Homo sapiens]	FALSE	NA
XP_647058.1	XP_047295147.1	0	N/A	34.047	467	9	1.19e-53	211	regulator of nonsense transcripts 1 isoform X3 [Homo sapiens]	FALSE	NA
XP_647058.1	XP_047278979.1	0	N/A	38.158	304	6	7.56e-44	181	putative helicase senataxin isoform X2 [Homo sapiens]	FALSE	NA
XP_647058.1	NP_055861.3	0	N/A	38.158	304	6	7.56e-44	181	probable helicase senataxin isoform 1 [Homo sapiens]	FALSE	NA
XP_647058.1	NP_001338456.1	0	N/A	38.158	304	6	7.56e-44	181	probable helicase senataxin isoform 1 [Homo sapiens]	FALSE	NA
XP_647058.1	XP_011516707.1	0	N/A	38.721	297	6	2.47e-42	176	putative helicase senataxin isoform X1 [Homo sapiens]	FALSE	NA
XP_647058.1	XP_011516706.1	0	N/A	38.721	297	6	2.47e-42	176	putative helicase senataxin isoform X1 [Homo sapiens]	FALSE	NA
XP_647058.1	XP_005272230.1	0	N/A	38.721	297	6	2.47e-42	176	putative helicase senataxin isoform X1 [Homo sapiens]	FALSE	NA
XP_647058.1	XP_005272229.1	0	N/A	38.721	297	6	2.47e-42	176	putative helicase senataxin isoform X1 [Homo sapiens]	FALSE	NA
XP_647058.1	NP_001338457.1	0	N/A	38.721	297	6	2.47e-42	176	probable helicase senataxin isoform 2 [Homo sapiens]	FALSE	NA
XP_647058.1	XP_047271875.1	0	N/A	27.391	460	9	1.04e-34	150	5'-3' DNA helicase ZGRF1 isoform X11 [Homo sapiens]	FALSE	NA
XP_647058.1	XP_047271874.1	0	N/A	27.391	460	9	1.24e-34	150	5'-3' DNA helicase ZGRF1 isoform X10 [Homo sapiens]	FALSE	NA
XP_647058.1	XP_047271873.1	0	N/A	27.391	460	9	1.24e-34	150	5'-3' DNA helicase ZGRF1 isoform X10 [Homo sapiens]	FALSE	NA
XP_647058.1	XP_016863858.1	0	N/A	27.391	460	9	1.25e-34	150	5'-3' DNA helicase ZGRF1 isoform X3 [Homo sapiens]	FALSE	NA
XP_647058.1	XP_011530394.1	0	N/A	27.391	460	9	1.25e-34	150	5'-3' DNA helicase ZGRF1 isoform X3 [Homo sapiens]	FALSE	NA
XP_647058.1	XP_047271871.1	0	N/A	27.391	460	9	1.28e-34	150	5'-3' DNA helicase ZGRF1 isoform X8 [Homo sapiens]	FALSE	NA
XP_647058.1	XP_011530396.1	0	N/A	27.391	460	9	1.28e-34	150	5'-3' DNA helicase ZGRF1 isoform X8 [Homo sapiens]	FALSE	NA
XP_647058.1	XP_047271870.1	0	N/A	27.391	460	9	1.3e-34	150	5'-3' DNA helicase ZGRF1 isoform X7 [Homo sapiens]	FALSE	NA
XP_647058.1	XP_047271869.1	0	N/A	27.391	460	9	1.3e-34	150	5'-3' DNA helicase ZGRF1 isoform X7 [Homo sapiens]	FALSE	NA
XP_647058.1	XP_047271866.1	0	N/A	27.391	460	9	1.41e-34	150	5'-3' DNA helicase ZGRF1 isoform X4 [Homo sapiens]	FALSE	NA
XP_647058.1	XP_047271872.1	0	N/A	27.391	460	9	1.45e-34	150	5'-3' DNA helicase ZGRF1 isoform X9 [Homo sapiens]	FALSE	NA
XP_647058.1	XP_047271865.1	0	N/A	27.391	460	9	1.57e-34	150	5'-3' DNA helicase ZGRF1 isoform X2 [Homo sapiens]	FALSE	NA
XP_647058.1	XP_011530393.1	0	N/A	27.391	460	9	1.57e-34	150	5'-3' DNA helicase ZGRF1 isoform X2 [Homo sapiens]	FALSE	NA
XP_647058.1	XP_047271868.1	0	N/A	27.391	460	9	1.58e-34	150	5'-3' DNA helicase ZGRF1 isoform X6 [Homo sapiens]	FALSE	NA
XP_647058.1	XP_016863859.1	0	N/A	27.391	460	9	1.58e-34	150	5'-3' DNA helicase ZGRF1 isoform X6 [Homo sapiens]	FALSE	NA
XP_647058.1	XP_005263172.1	0	N/A	27.391	460	9	1.73e-34	149	5'-3' DNA helicase ZGRF1 isoform X1 [Homo sapiens]	FALSE	NA
XP_647058.1	NP_060862.3	0	N/A	27.391	460	9	1.73e-34	149	5'-3' DNA helicase ZGRF1 isoform 1 [Homo sapiens]	FALSE	NA
XP_647058.1	XP_047271867.1	0	N/A	27.391	460	9	1.87e-34	149	5'-3' DNA helicase ZGRF1 isoform X5 [Homo sapiens]	FALSE	NA
XP_647058.1	NP_001337326.1	0	N/A	27.391	460	9	1.87e-34	149	5'-3' DNA helicase ZGRF1 isoform 2 [Homo sapiens]	FALSE	NA
XP_647058.1	XP_011530399.1	0	N/A	26.957	460	9	7.42e-34	147	5'-3' DNA helicase ZGRF1 isoform X16 [Homo sapiens]	FALSE	NA
XP_647058.1	XP_011530401.1	0	N/A	26.957	460	9	8.93e-34	146	5'-3' DNA helicase ZGRF1 isoform X18 [Homo sapiens]	FALSE	NA
XP_647058.1	XP_011530400.1	0	N/A	26.957	460	9	8.93e-34	146	5'-3' DNA helicase ZGRF1 isoform X18 [Homo sapiens]	FALSE	NA
XP_647058.1	XP_005261980.1	0	N/A	30.088	452	9	1.45e-33	146	RNA helicase Mov10l1 isoform X6 [Homo sapiens]	FALSE	NA
XP_647058.1	NP_061868.1	0	N/A	30.088	452	9	1.57e-33	146	RNA helicase Mov10l1 isoform 1 [Homo sapiens]	FALSE	NA
XP_647058.1	XP_011516708.1	0	N/A	36.782	261	5	1.38e-32	143	putative helicase senataxin isoform X3 [Homo sapiens]	FALSE	NA
XP_647058.1	XP_047282837.1	0	N/A	29.047	451	8	3.1e-32	141	DNA-binding protein SMUBP-2 isoform X1 [Homo sapiens]	FALSE	NA
XP_647058.1	NP_001157577.1	0	N/A	30.248	443	9	6.44e-32	140	RNA helicase Mov10l1 isoform 3 [Homo sapiens]	FALSE	NA
XP_647058.1	NP_002171.2	0	N/A	29.047	451	8	1.1e-31	139	DNA-binding protein SMUBP-2 [Homo sapiens]	FALSE	NA
XP_647058.1	NP_001375061.1	0	N/A	30.645	310	7	1.73e-29	127	poly(A) RNA polymerase GLD2 isoform 12 [Homo sapiens]	TRUE	TENT2
XP_647058.1	NP_001375059.1	0	N/A	30.645	310	7	2.11e-29	128	poly(A) RNA polymerase GLD2 isoform 10 [Homo sapiens]	TRUE	TENT2
XP_647058.1	XP_047272811.1	0	N/A	30.645	310	7	2.14e-29	128	poly(A) RNA polymerase GLD2 isoform X4 [Homo sapiens]	TRUE	TENT2
XP_647058.1	XP_047272810.1	0	N/A	30.645	310	7	2.14e-29	128	poly(A) RNA polymerase GLD2 isoform X4 [Homo sapiens]	TRUE	TENT2
XP_647058.1	XP_047272809.1	0	N/A	30.645	310	7	2.14e-29	128	poly(A) RNA polymerase GLD2 isoform X4 [Homo sapiens]	TRUE	TENT2
XP_647058.1	NP_001375058.1	0	N/A	30.645	310	7	2.14e-29	128	poly(A) RNA polymerase GLD2 isoform 2 [Homo sapiens]	TRUE	TENT2
XP_647058.1	NP_001375057.1	0	N/A	30.645	310	7	2.14e-29	128	poly(A) RNA polymerase GLD2 isoform 2 [Homo sapiens]	TRUE	TENT2
XP_647058.1	NP_001375056.1	0	N/A	30.645	310	7	2.14e-29	128	poly(A) RNA polymerase GLD2 isoform 2 [Homo sapiens]	TRUE	TENT2
XP_647058.1	NP_001375055.1	0	N/A	30.645	310	7	2.14e-29	128	poly(A) RNA polymerase GLD2 isoform 2 [Homo sapiens]	TRUE	TENT2
XP_647058.1	NP_001375054.1	0	N/A	30.645	310	7	2.14e-29	128	poly(A) RNA polymerase GLD2 isoform 2 [Homo sapiens]	TRUE	TENT2
XP_647058.1	NP_001375053.1	0	N/A	30.645	310	7	2.14e-29	128	poly(A) RNA polymerase GLD2 isoform 2 [Homo sapiens]	TRUE	TENT2
XP_647058.1	NP_001375052.1	0	N/A	30.645	310	7	2.14e-29	128	poly(A) RNA polymerase GLD2 isoform 2 [Homo sapiens]	TRUE	TENT2
XP_647058.1	NP_001375051.1	0	N/A	30.645	310	7	2.14e-29	128	poly(A) RNA polymerase GLD2 isoform 2 [Homo sapiens]	TRUE	TENT2
XP_647058.1	NP_001375050.1	0	N/A	30.645	310	7	2.14e-29	128	poly(A) RNA polymerase GLD2 isoform 2 [Homo sapiens]	TRUE	TENT2
XP_647058.1	NP_001375049.1	0	N/A	30.645	310	7	2.14e-29	128	poly(A) RNA polymerase GLD2 isoform 2 [Homo sapiens]	TRUE	TENT2
XP_647058.1	NP_001375048.1	0	N/A	30.645	310	7	2.14e-29	128	poly(A) RNA polymerase GLD2 isoform 2 [Homo sapiens]	TRUE	TENT2
XP_647058.1	NP_001375047.1	0	N/A	30.645	310	7	2.14e-29	128	poly(A) RNA polymerase GLD2 isoform 2 [Homo sapiens]	TRUE	TENT2
XP_647058.1	NP_001375046.1	0	N/A	30.645	310	7	2.14e-29	128	poly(A) RNA polymerase GLD2 isoform 2 [Homo sapiens]	TRUE	TENT2
XP_647058.1	NP_001375045.1	0	N/A	30.645	310	7	2.14e-29	128	poly(A) RNA polymerase GLD2 isoform 2 [Homo sapiens]	TRUE	TENT2
XP_647058.1	NP_001375044.1	0	N/A	30.645	310	7	2.14e-29	128	poly(A) RNA polymerase GLD2 isoform 2 [Homo sapiens]	TRUE	TENT2
XP_647058.1	NP_001375043.1	0	N/A	30.645	310	7	2.14e-29	128	poly(A) RNA polymerase GLD2 isoform 2 [Homo sapiens]	TRUE	TENT2
XP_647058.1	NP_001336483.1	0	N/A	30.645	310	7	2.14e-29	128	poly(A) RNA polymerase GLD2 isoform 2 [Homo sapiens]	TRUE	TENT2
XP_647058.1	NP_001284673.1	0	N/A	30.645	310	7	2.14e-29	128	poly(A) RNA polymerase GLD2 isoform 2 [Homo sapiens]	TRUE	TENT2
XP_647058.1	NP_001375065.1	0	N/A	30.645	310	7	4.43e-29	124	poly(A) RNA polymerase GLD2 isoform 14 [Homo sapiens]	TRUE	TENT2
XP_647058.1	NP_001375060.1	0	N/A	30.573	314	7	4.58e-29	126	poly(A) RNA polymerase GLD2 isoform 11 [Homo sapiens]	TRUE	TENT2
XP_647058.1	XP_047272808.1	0	N/A	30.573	314	7	5.16e-29	127	poly(A) RNA polymerase GLD2 isoform X3 [Homo sapiens]	TRUE	TENT2
XP_647058.1	XP_047272807.1	0	N/A	30.573	314	7	5.16e-29	127	poly(A) RNA polymerase GLD2 isoform X3 [Homo sapiens]	TRUE	TENT2
XP_647058.1	XP_047272806.1	0	N/A	30.573	314	7	5.16e-29	127	poly(A) RNA polymerase GLD2 isoform X3 [Homo sapiens]	TRUE	TENT2
XP_647058.1	NP_776158.2	0	N/A	30.573	314	7	5.16e-29	127	poly(A) RNA polymerase GLD2 isoform 1 [Homo sapiens]	TRUE	TENT2
XP_647058.1	NP_001375041.1	0	N/A	30.573	314	7	5.16e-29	127	poly(A) RNA polymerase GLD2 isoform 1 [Homo sapiens]	TRUE	TENT2
XP_647058.1	NP_001375040.1	0	N/A	30.573	314	7	5.16e-29	127	poly(A) RNA polymerase GLD2 isoform 1 [Homo sapiens]	TRUE	TENT2
XP_647058.1	NP_001375039.1	0	N/A	30.573	314	7	5.16e-29	127	poly(A) RNA polymerase GLD2 isoform 1 [Homo sapiens]	TRUE	TENT2
XP_647058.1	NP_001375038.1	0	N/A	30.573	314	7	5.16e-29	127	poly(A) RNA polymerase GLD2 isoform 1 [Homo sapiens]	TRUE	TENT2
XP_647058.1	NP_001375037.1	0	N/A	30.573	314	7	5.16e-29	127	poly(A) RNA polymerase GLD2 isoform 1 [Homo sapiens]	TRUE	TENT2
XP_647058.1	NP_001375036.1	0	N/A	30.573	314	7	5.16e-29	127	poly(A) RNA polymerase GLD2 isoform 1 [Homo sapiens]	TRUE	TENT2
XP_647058.1	NP_001375035.1	0	N/A	30.573	314	7	5.16e-29	127	poly(A) RNA polymerase GLD2 isoform 1 [Homo sapiens]	TRUE	TENT2
XP_647058.1	NP_001375034.1	0	N/A	30.573	314	7	5.16e-29	127	poly(A) RNA polymerase GLD2 isoform 1 [Homo sapiens]	TRUE	TENT2
XP_647058.1	NP_001375032.1	0	N/A	30.573	314	7	5.16e-29	127	poly(A) RNA polymerase GLD2 isoform 1 [Homo sapiens]	TRUE	TENT2
XP_647058.1	NP_001375031.1	0	N/A	30.573	314	7	5.16e-29	127	poly(A) RNA polymerase GLD2 isoform 1 [Homo sapiens]	TRUE	TENT2
XP_647058.1	NP_001336482.1	0	N/A	30.573	314	7	5.16e-29	127	poly(A) RNA polymerase GLD2 isoform 1 [Homo sapiens]	TRUE	TENT2
XP_647058.1	NP_001336481.1	0	N/A	30.573	314	7	5.16e-29	127	poly(A) RNA polymerase GLD2 isoform 1 [Homo sapiens]	TRUE	TENT2
XP_647058.1	NP_001107866.1	0	N/A	30.573	314	7	5.16e-29	127	poly(A) RNA polymerase GLD2 isoform 1 [Homo sapiens]	TRUE	TENT2
XP_647058.1	NP_001107865.1	0	N/A	30.573	314	7	5.16e-29	127	poly(A) RNA polymerase GLD2 isoform 1 [Homo sapiens]	TRUE	TENT2
XP_647058.1	NP_001375042.1	0	N/A	30.573	314	7	5.84e-29	127	poly(A) RNA polymerase GLD2 isoform 16 [Homo sapiens]	TRUE	TENT2
XP_647058.1	NP_001073918.2	0	N/A	27.803	446	9	7.15e-29	130	DNA replication ATP-dependent helicase/nuclease DNA2 [Homo sapiens]	FALSE	NA
XP_647058.1	XP_016871288.1	0	N/A	27.803	446	9	7.22e-29	130	DNA replication ATP-dependent helicase/nuclease DNA2 isoform X2 [Homo sapiens]	FALSE	NA
XP_647058.1	XP_006717743.1	0	N/A	27.803	446	9	7.92e-29	130	DNA replication ATP-dependent helicase/nuclease DNA2 isoform X1 [Homo sapiens]	FALSE	NA
XP_647058.1	XP_011537719.1	0	N/A	27.803	446	9	1.24e-28	128	DNA replication ATP-dependent helicase/nuclease DNA2 isoform X3 [Homo sapiens]	FALSE	NA
XP_647058.1	NP_001375030.1	0	N/A	30.12	332	7	1.43e-28	125	poly(A) RNA polymerase GLD2 isoform 9 [Homo sapiens]	TRUE	TENT2
XP_647058.1	NP_001375029.1	0	N/A	30.06	336	7	3.08e-28	125	poly(A) RNA polymerase GLD2 isoform 8 [Homo sapiens]	TRUE	TENT2
XP_647058.1	NP_001375028.1	0	N/A	30.06	336	7	3.08e-28	125	poly(A) RNA polymerase GLD2 isoform 8 [Homo sapiens]	TRUE	TENT2
XP_647058.1	XP_047297371.1	0	N/A	27.419	496	9	3.41e-28	127	RNA helicase Mov10l1 isoform X11 [Homo sapiens]	FALSE	NA
XP_647058.1	XP_016884325.1	0	N/A	27.419	496	9	3.41e-28	127	RNA helicase Mov10l1 isoform X11 [Homo sapiens]	FALSE	NA
XP_647058.1	XP_016884324.1	0	N/A	27.419	496	9	3.41e-28	127	RNA helicase Mov10l1 isoform X11 [Homo sapiens]	FALSE	NA
XP_647058.1	XP_011529000.1	0	N/A	27.419	496	9	2.2e-27	125	RNA helicase Mov10l1 isoform X4 [Homo sapiens]	FALSE	NA
XP_647058.1	XP_011528999.1	0	N/A	27.419	496	9	2.22e-27	125	RNA helicase Mov10l1 isoform X2 [Homo sapiens]	FALSE	NA
XP_647058.1	XP_011528998.1	0	N/A	27.419	496	9	2.57e-27	125	RNA helicase Mov10l1 isoform X1 [Homo sapiens]	FALSE	NA
XP_647058.1	NP_001336477.1	0	N/A	34.071	226	5	2.74e-27	116	poly(A) RNA polymerase GLD2 isoform 4 [Homo sapiens]	TRUE	TENT2
XP_647058.1	XP_011529002.1	0	N/A	27.419	496	9	3.34e-27	125	RNA helicase Mov10l1 isoform X5 [Homo sapiens]	FALSE	NA
XP_648697.1	XP_047290432.1	0	N/A	29.642	307	72	7.03e-28	118	terminal nucleotidyltransferase 4B isoform X4 [Homo sapiens]	TRUE	TENT4B
XP_648697.1	XP_047290431.1	0	N/A	29.642	307	72	7.46e-28	118	terminal nucleotidyltransferase 4B isoform X3 [Homo sapiens]	TRUE	TENT4B
XP_648697.1	NP_001352253.1	0	N/A	29.642	307	72	7.55e-28	118	terminal nucleotidyltransferase 4B isoform d [Homo sapiens]	TRUE	TENT4B
XP_648697.1	NP_001352252.1	0	N/A	29.642	307	72	7.73e-28	118	terminal nucleotidyltransferase 4B isoform c [Homo sapiens]	TRUE	TENT4B
XP_648697.1	NP_001035375.2	0	N/A	29.642	307	72	8.44e-28	117	terminal nucleotidyltransferase 4B isoform b [Homo sapiens]	TRUE	TENT4B
XP_648697.1	XP_011521578.1	0	N/A	29.642	307	72	8.46e-28	117	terminal nucleotidyltransferase 4B isoform X2 [Homo sapiens]	TRUE	TENT4B
XP_648697.1	NP_001035374.2	0	N/A	29.642	307	72	9.58e-28	117	terminal nucleotidyltransferase 4B isoform a [Homo sapiens]	TRUE	TENT4B
XP_648697.1	XP_011521577.1	0	N/A	29.642	307	72	9.59e-28	117	terminal nucleotidyltransferase 4B isoform X1 [Homo sapiens]	TRUE	TENT4B
XP_648697.1	XP_047290433.1	0	N/A	29.801	302	70	1.26e-27	116	terminal nucleotidyltransferase 4B isoform X6 [Homo sapiens]	TRUE	TENT4B
XP_648697.1	XP_011521580.1	0	N/A	29.801	302	70	1.77e-27	116	terminal nucleotidyltransferase 4B isoform X5 [Homo sapiens]	TRUE	TENT4B
XP_648697.1	NP_008930.2	0	N/A	28.155	309	71	4.63e-21	97.8	terminal nucleotidyltransferase 4A isoform 1 [Homo sapiens]	TRUE	TENT4A
XP_648697.1	NP_001165276.2	0	N/A	28.155	309	71	4.76e-21	97.8	terminal nucleotidyltransferase 4A isoform 2 [Homo sapiens]	TRUE	TENT4A
XP_648697.1	XP_047272622.1	0	N/A	27.986	293	67	1.23e-19	93.2	terminal nucleotidyltransferase 4A isoform X1 [Homo sapiens]	TRUE	TENT4A
XP_648697.1	XP_047272621.1	0	N/A	27.986	293	67	1.23e-19	93.2	terminal nucleotidyltransferase 4A isoform X1 [Homo sapiens]	TRUE	TENT4A
XP_648697.1	XP_047272620.1	0	N/A	27.986	293	67	1.23e-19	93.2	terminal nucleotidyltransferase 4A isoform X1 [Homo sapiens]	TRUE	TENT4A
XP_648697.1	XP_047272623.1	0	N/A	29.545	264	60	1.24e-18	90.1	terminal nucleotidyltransferase 4A isoform X2 [Homo sapiens]	TRUE	TENT4A
XP_648697.1	XP_016864477.1	0	N/A	29.545	264	60	1.24e-18	90.1	terminal nucleotidyltransferase 4A isoform X2 [Homo sapiens]	TRUE	TENT4A
XP_648697.1	XP_047272624.1	0	N/A	29.545	264	60	1.4e-18	90.1	terminal nucleotidyltransferase 4A isoform X3 [Homo sapiens]	TRUE	TENT4A
XP_648697.1	NP_001336477.1	0	N/A	23.834	193	39	1.34e-09	60.8	poly(A) RNA polymerase GLD2 isoform 4 [Homo sapiens]	TRUE	TENT2
XP_648697.1	NP_001375065.1	0	N/A	22.857	245	50	2.15e-09	61.2	poly(A) RNA polymerase GLD2 isoform 14 [Homo sapiens]	TRUE	TENT2
XP_648697.1	NP_001375061.1	0	N/A	22.593	270	56	2.68e-09	61.2	poly(A) RNA polymerase GLD2 isoform 12 [Homo sapiens]	TRUE	TENT2
XP_648697.1	NP_001375060.1	0	N/A	23.394	218	45	3.44e-09	60.8	poly(A) RNA polymerase GLD2 isoform 11 [Homo sapiens]	TRUE	TENT2
XP_648697.1	XP_047272820.1	0	N/A	23.834	193	39	3.55e-09	59.7	poly(A) RNA polymerase GLD2 isoform X11 [Homo sapiens]	TRUE	TENT2
XP_648697.1	NP_001375059.1	0	N/A	23.834	193	39	4.04e-09	60.8	poly(A) RNA polymerase GLD2 isoform 10 [Homo sapiens]	TRUE	TENT2
XP_648697.1	XP_047272811.1	0	N/A	23.834	193	39	4.16e-09	60.8	poly(A) RNA polymerase GLD2 isoform X4 [Homo sapiens]	TRUE	TENT2
XP_648697.1	XP_047272810.1	0	N/A	23.834	193	39	4.16e-09	60.8	poly(A) RNA polymerase GLD2 isoform X4 [Homo sapiens]	TRUE	TENT2
XP_648697.1	XP_047272809.1	0	N/A	23.834	193	39	4.16e-09	60.8	poly(A) RNA polymerase GLD2 isoform X4 [Homo sapiens]	TRUE	TENT2
XP_648697.1	NP_001375058.1	0	N/A	23.834	193	39	4.16e-09	60.8	poly(A) RNA polymerase GLD2 isoform 2 [Homo sapiens]	TRUE	TENT2
XP_648697.1	NP_001375057.1	0	N/A	23.834	193	39	4.16e-09	60.8	poly(A) RNA polymerase GLD2 isoform 2 [Homo sapiens]	TRUE	TENT2
XP_648697.1	NP_001375056.1	0	N/A	23.834	193	39	4.16e-09	60.8	poly(A) RNA polymerase GLD2 isoform 2 [Homo sapiens]	TRUE	TENT2
XP_648697.1	NP_001375055.1	0	N/A	23.834	193	39	4.16e-09	60.8	poly(A) RNA polymerase GLD2 isoform 2 [Homo sapiens]	TRUE	TENT2
XP_648697.1	NP_001375054.1	0	N/A	23.834	193	39	4.16e-09	60.8	poly(A) RNA polymerase GLD2 isoform 2 [Homo sapiens]	TRUE	TENT2
XP_648697.1	NP_001375053.1	0	N/A	23.834	193	39	4.16e-09	60.8	poly(A) RNA polymerase GLD2 isoform 2 [Homo sapiens]	TRUE	TENT2
XP_648697.1	NP_001375052.1	0	N/A	23.834	193	39	4.16e-09	60.8	poly(A) RNA polymerase GLD2 isoform 2 [Homo sapiens]	TRUE	TENT2
XP_648697.1	NP_001375051.1	0	N/A	23.834	193	39	4.16e-09	60.8	poly(A) RNA polymerase GLD2 isoform 2 [Homo sapiens]	TRUE	TENT2
XP_648697.1	NP_001375050.1	0	N/A	23.834	193	39	4.16e-09	60.8	poly(A) RNA polymerase GLD2 isoform 2 [Homo sapiens]	TRUE	TENT2
XP_648697.1	NP_001375049.1	0	N/A	23.834	193	39	4.16e-09	60.8	poly(A) RNA polymerase GLD2 isoform 2 [Homo sapiens]	TRUE	TENT2
XP_648697.1	NP_001375048.1	0	N/A	23.834	193	39	4.16e-09	60.8	poly(A) RNA polymerase GLD2 isoform 2 [Homo sapiens]	TRUE	TENT2
XP_648697.1	NP_001375047.1	0	N/A	23.834	193	39	4.16e-09	60.8	poly(A) RNA polymerase GLD2 isoform 2 [Homo sapiens]	TRUE	TENT2
XP_648697.1	NP_001375046.1	0	N/A	23.834	193	39	4.16e-09	60.8	poly(A) RNA polymerase GLD2 isoform 2 [Homo sapiens]	TRUE	TENT2
XP_648697.1	NP_001375045.1	0	N/A	23.834	193	39	4.16e-09	60.8	poly(A) RNA polymerase GLD2 isoform 2 [Homo sapiens]	TRUE	TENT2
XP_648697.1	NP_001375044.1	0	N/A	23.834	193	39	4.16e-09	60.8	poly(A) RNA polymerase GLD2 isoform 2 [Homo sapiens]	TRUE	TENT2
XP_648697.1	NP_001375043.1	0	N/A	23.834	193	39	4.16e-09	60.8	poly(A) RNA polymerase GLD2 isoform 2 [Homo sapiens]	TRUE	TENT2
XP_648697.1	NP_001336483.1	0	N/A	23.834	193	39	4.16e-09	60.8	poly(A) RNA polymerase GLD2 isoform 2 [Homo sapiens]	TRUE	TENT2
XP_648697.1	NP_001284673.1	0	N/A	23.834	193	39	4.16e-09	60.8	poly(A) RNA polymerase GLD2 isoform 2 [Homo sapiens]	TRUE	TENT2
XP_648697.1	XP_047272808.1	0	N/A	23.834	193	39	4.22e-09	60.8	poly(A) RNA polymerase GLD2 isoform X3 [Homo sapiens]	TRUE	TENT2
XP_648697.1	XP_047272807.1	0	N/A	23.834	193	39	4.22e-09	60.8	poly(A) RNA polymerase GLD2 isoform X3 [Homo sapiens]	TRUE	TENT2
XP_648697.1	XP_047272806.1	0	N/A	23.834	193	39	4.22e-09	60.8	poly(A) RNA polymerase GLD2 isoform X3 [Homo sapiens]	TRUE	TENT2
XP_648697.1	NP_776158.2	0	N/A	23.834	193	39	4.22e-09	60.8	poly(A) RNA polymerase GLD2 isoform 1 [Homo sapiens]	TRUE	TENT2
XP_648697.1	NP_001375041.1	0	N/A	23.834	193	39	4.22e-09	60.8	poly(A) RNA polymerase GLD2 isoform 1 [Homo sapiens]	TRUE	TENT2
XP_648697.1	NP_001375040.1	0	N/A	23.834	193	39	4.22e-09	60.8	poly(A) RNA polymerase GLD2 isoform 1 [Homo sapiens]	TRUE	TENT2
XP_648697.1	NP_001375039.1	0	N/A	23.834	193	39	4.22e-09	60.8	poly(A) RNA polymerase GLD2 isoform 1 [Homo sapiens]	TRUE	TENT2
XP_648697.1	NP_001375038.1	0	N/A	23.834	193	39	4.22e-09	60.8	poly(A) RNA polymerase GLD2 isoform 1 [Homo sapiens]	TRUE	TENT2
XP_648697.1	NP_001375037.1	0	N/A	23.834	193	39	4.22e-09	60.8	poly(A) RNA polymerase GLD2 isoform 1 [Homo sapiens]	TRUE	TENT2
XP_648697.1	NP_001375036.1	0	N/A	23.834	193	39	4.22e-09	60.8	poly(A) RNA polymerase GLD2 isoform 1 [Homo sapiens]	TRUE	TENT2
XP_648697.1	NP_001375035.1	0	N/A	23.834	193	39	4.22e-09	60.8	poly(A) RNA polymerase GLD2 isoform 1 [Homo sapiens]	TRUE	TENT2
XP_648697.1	NP_001375034.1	0	N/A	23.834	193	39	4.22e-09	60.8	poly(A) RNA polymerase GLD2 isoform 1 [Homo sapiens]	TRUE	TENT2
XP_648697.1	NP_001375032.1	0	N/A	23.834	193	39	4.22e-09	60.8	poly(A) RNA polymerase GLD2 isoform 1 [Homo sapiens]	TRUE	TENT2
XP_648697.1	NP_001375031.1	0	N/A	23.834	193	39	4.22e-09	60.8	poly(A) RNA polymerase GLD2 isoform 1 [Homo sapiens]	TRUE	TENT2
XP_648697.1	NP_001336482.1	0	N/A	23.834	193	39	4.22e-09	60.8	poly(A) RNA polymerase GLD2 isoform 1 [Homo sapiens]	TRUE	TENT2
XP_648697.1	NP_001336481.1	0	N/A	23.834	193	39	4.22e-09	60.8	poly(A) RNA polymerase GLD2 isoform 1 [Homo sapiens]	TRUE	TENT2
XP_648697.1	NP_001107866.1	0	N/A	23.834	193	39	4.22e-09	60.8	poly(A) RNA polymerase GLD2 isoform 1 [Homo sapiens]	TRUE	TENT2
XP_648697.1	NP_001107865.1	0	N/A	23.834	193	39	4.22e-09	60.8	poly(A) RNA polymerase GLD2 isoform 1 [Homo sapiens]	TRUE	TENT2
XP_648697.1	NP_001375042.1	0	N/A	23.834	193	39	4.45e-09	60.5	poly(A) RNA polymerase GLD2 isoform 16 [Homo sapiens]	TRUE	TENT2
XP_648697.1	NP_001375030.1	0	N/A	23.834	193	39	4.5e-09	60.5	poly(A) RNA polymerase GLD2 isoform 9 [Homo sapiens]	TRUE	TENT2
XP_648697.1	NP_001375029.1	0	N/A	23.834	193	39	5.13e-09	60.5	poly(A) RNA polymerase GLD2 isoform 8 [Homo sapiens]	TRUE	TENT2
XP_648697.1	NP_001375028.1	0	N/A	23.834	193	39	5.13e-09	60.5	poly(A) RNA polymerase GLD2 isoform 8 [Homo sapiens]	TRUE	TENT2
XP_648697.1	XP_047272805.1	0	N/A	23.834	193	39	8.79e-09	59.7	poly(A) RNA polymerase GLD2 isoform X2 [Homo sapiens]	TRUE	TENT2
XP_648697.1	XP_047272804.1	0	N/A	23.834	193	39	8.79e-09	59.7	poly(A) RNA polymerase GLD2 isoform X2 [Homo sapiens]	TRUE	TENT2
XP_648697.1	XP_047272803.1	0	N/A	23.834	193	39	8.79e-09	59.7	poly(A) RNA polymerase GLD2 isoform X2 [Homo sapiens]	TRUE	TENT2
XP_648697.1	XP_047272802.1	0	N/A	23.834	193	39	8.79e-09	59.7	poly(A) RNA polymerase GLD2 isoform X2 [Homo sapiens]	TRUE	TENT2
XP_648697.1	XP_016864641.1	0	N/A	23.834	193	39	8.79e-09	59.7	poly(A) RNA polymerase GLD2 isoform X2 [Homo sapiens]	TRUE	TENT2
XP_648697.1	NP_001375026.1	0	N/A	23.834	193	39	8.79e-09	59.7	poly(A) RNA polymerase GLD2 isoform 6 [Homo sapiens]	TRUE	TENT2
XP_648697.1	NP_001375025.1	0	N/A	23.834	193	39	8.79e-09	59.7	poly(A) RNA polymerase GLD2 isoform 6 [Homo sapiens]	TRUE	TENT2
XP_648697.1	NP_001375024.1	0	N/A	23.834	193	39	8.79e-09	59.7	poly(A) RNA polymerase GLD2 isoform 6 [Homo sapiens]	TRUE	TENT2
XP_648697.1	NP_001336480.1	0	N/A	23.834	193	39	8.79e-09	59.7	poly(A) RNA polymerase GLD2 isoform 6 [Homo sapiens]	TRUE	TENT2
XP_648697.1	XP_047272801.1	0	N/A	23.834	193	39	9.66e-09	59.7	poly(A) RNA polymerase GLD2 isoform X1 [Homo sapiens]	TRUE	TENT2
XP_648697.1	XP_047272800.1	0	N/A	23.834	193	39	9.66e-09	59.7	poly(A) RNA polymerase GLD2 isoform X1 [Homo sapiens]	TRUE	TENT2
XP_648697.1	XP_011541527.1	0	N/A	23.834	193	39	9.66e-09	59.7	poly(A) RNA polymerase GLD2 isoform X1 [Homo sapiens]	TRUE	TENT2
XP_648697.1	XP_011541526.1	0	N/A	23.834	193	39	9.66e-09	59.7	poly(A) RNA polymerase GLD2 isoform X1 [Homo sapiens]	TRUE	TENT2
XP_648697.1	XP_011541523.1	0	N/A	23.834	193	39	9.66e-09	59.7	poly(A) RNA polymerase GLD2 isoform X1 [Homo sapiens]	TRUE	TENT2
XP_648697.1	XP_011541522.1	0	N/A	23.834	193	39	9.66e-09	59.7	poly(A) RNA polymerase GLD2 isoform X1 [Homo sapiens]	TRUE	TENT2
XP_648697.1	NP_001375023.1	0	N/A	23.834	193	39	9.66e-09	59.7	poly(A) RNA polymerase GLD2 isoform 5 [Homo sapiens]	TRUE	TENT2
XP_648697.1	NP_001375022.1	0	N/A	23.834	193	39	9.66e-09	59.7	poly(A) RNA polymerase GLD2 isoform 5 [Homo sapiens]	TRUE	TENT2
XP_648697.1	NP_001336479.1	0	N/A	23.834	193	39	9.66e-09	59.7	poly(A) RNA polymerase GLD2 isoform 5 [Homo sapiens]	TRUE	TENT2
XP_648697.1	NP_001336478.1	0	N/A	23.834	193	39	9.66e-09	59.7	poly(A) RNA polymerase GLD2 isoform 5 [Homo sapiens]	TRUE	TENT2
XP_648697.1	NP_001375027.1	0	N/A	23.834	193	39	9.76e-09	59.7	poly(A) RNA polymerase GLD2 isoform 7 [Homo sapiens]	TRUE	TENT2
XP_648697.1	XP_047272325.1	0	N/A	21.723	267	60	1.26e-07	56.6	terminal uridylyltransferase 4 isoform X23 [Homo sapiens]	TRUE	Tut4
XP_648697.1	XP_047272337.1	0	N/A	21.723	267	60	1.29e-07	56.6	terminal uridylyltransferase 4 isoform X27 [Homo sapiens]	TRUE	Tut4
XP_648697.1	XP_016856296.1	0	N/A	21.723	267	60	1.32e-07	56.6	terminal uridylyltransferase 4 isoform X28 [Homo sapiens]	TRUE	Tut4
XP_648697.1	XP_047272348.1	0	N/A	21.723	267	60	1.36e-07	56.6	terminal uridylyltransferase 4 isoform X32 [Homo sapiens]	TRUE	Tut4
XP_648697.1	XP_016856295.1	0	N/A	21.723	267	60	1.42e-07	56.6	terminal uridylyltransferase 4 isoform X25 [Homo sapiens]	TRUE	Tut4
XP_648697.1	XP_047272344.1	0	N/A	21.723	267	60	1.51e-07	56.2	terminal uridylyltransferase 4 isoform X30 [Homo sapiens]	TRUE	Tut4
XP_648697.1	XP_047272350.1	0	N/A	21.723	267	60	1.54e-07	56.2	terminal uridylyltransferase 4 isoform X34 [Homo sapiens]	TRUE	Tut4
XP_648697.1	XP_047272367.1	0	N/A	21.723	267	60	1.64e-07	56.2	terminal uridylyltransferase 4 isoform X39 [Homo sapiens]	TRUE	Tut4
XP_648697.1	XP_047272354.1	0	N/A	21.723	267	60	1.7e-07	56.2	terminal uridylyltransferase 4 isoform X35 [Homo sapiens]	TRUE	Tut4
XP_648697.1	XP_047272362.1	0	N/A	21.723	267	60	1.71e-07	56.2	terminal uridylyltransferase 4 isoform X37 [Homo sapiens]	TRUE	Tut4
XP_648697.1	XP_047272345.1	0	N/A	21.654	254	60	3.08e-06	52.4	terminal uridylyltransferase 4 isoform X31 [Homo sapiens]	TRUE	Tut4
XP_648697.1	XP_047272369.1	0	N/A	21.654	254	60	3.18e-06	52	terminal uridylyltransferase 4 isoform X41 [Homo sapiens]	TRUE	Tut4
XP_648697.1	XP_011539401.1	0	N/A	21.654	254	60	3.4e-06	52	terminal uridylyltransferase 4 isoform X29 [Homo sapiens]	TRUE	Tut4
XP_648914.1	XP_047290433.1	0	N/A	27.273	330	91	3.14e-34	133	terminal nucleotidyltransferase 4B isoform X6 [Homo sapiens]	TRUE	TENT4B
XP_648914.1	XP_047290432.1	0	N/A	26.686	341	95	5.07e-34	134	terminal nucleotidyltransferase 4B isoform X4 [Homo sapiens]	TRUE	TENT4B
XP_648914.1	XP_047290431.1	0	N/A	26.686	341	95	5.82e-34	134	terminal nucleotidyltransferase 4B isoform X3 [Homo sapiens]	TRUE	TENT4B
XP_648914.1	XP_011521580.1	0	N/A	27.273	330	91	6.98e-34	132	terminal nucleotidyltransferase 4B isoform X5 [Homo sapiens]	TRUE	TENT4B
XP_648914.1	NP_001352252.1	0	N/A	26.686	341	95	9e-34	134	terminal nucleotidyltransferase 4B isoform c [Homo sapiens]	TRUE	TENT4B
XP_648914.1	NP_001035375.2	0	N/A	26.686	341	95	9.12e-34	133	terminal nucleotidyltransferase 4B isoform b [Homo sapiens]	TRUE	TENT4B
XP_648914.1	XP_011521578.1	0	N/A	26.686	341	95	9.16e-34	133	terminal nucleotidyltransferase 4B isoform X2 [Homo sapiens]	TRUE	TENT4B
XP_648914.1	NP_001352253.1	0	N/A	26.686	341	95	1.15e-33	133	terminal nucleotidyltransferase 4B isoform d [Homo sapiens]	TRUE	TENT4B
XP_648914.1	NP_001035374.2	0	N/A	26.686	341	95	1.48e-33	133	terminal nucleotidyltransferase 4B isoform a [Homo sapiens]	TRUE	TENT4B
XP_648914.1	XP_011521577.1	0	N/A	26.686	341	95	1.48e-33	133	terminal nucleotidyltransferase 4B isoform X1 [Homo sapiens]	TRUE	TENT4B
XP_648914.1	NP_001165276.2	0	N/A	27.545	334	93	3.04e-31	126	terminal nucleotidyltransferase 4A isoform 2 [Homo sapiens]	TRUE	TENT4A
XP_648914.1	NP_008930.2	0	N/A	27.545	334	93	3.34e-31	126	terminal nucleotidyltransferase 4A isoform 1 [Homo sapiens]	TRUE	TENT4A
XP_648914.1	XP_047272622.1	0	N/A	27.586	319	89	8.86e-31	124	terminal nucleotidyltransferase 4A isoform X1 [Homo sapiens]	TRUE	TENT4A
XP_648914.1	XP_047272621.1	0	N/A	27.586	319	89	8.86e-31	124	terminal nucleotidyltransferase 4A isoform X1 [Homo sapiens]	TRUE	TENT4A
XP_648914.1	XP_047272620.1	0	N/A	27.586	319	89	8.86e-31	124	terminal nucleotidyltransferase 4A isoform X1 [Homo sapiens]	TRUE	TENT4A
XP_648914.1	XP_047272623.1	0	N/A	27.157	313	87	6.74e-29	119	terminal nucleotidyltransferase 4A isoform X2 [Homo sapiens]	TRUE	TENT4A
XP_648914.1	XP_016864477.1	0	N/A	27.157	313	87	6.74e-29	119	terminal nucleotidyltransferase 4A isoform X2 [Homo sapiens]	TRUE	TENT4A
XP_648914.1	XP_047272624.1	0	N/A	27.157	313	87	7.24e-29	119	terminal nucleotidyltransferase 4A isoform X3 [Homo sapiens]	TRUE	TENT4A
XP_648914.1	NP_001317647.1	0	N/A	24.26	169	50	3.86e-07	54.3	terminal uridylyltransferase 7 isoform 3 [Homo sapiens]	TRUE	Tut7
XP_648914.1	XP_005252265.1	0	N/A	24.26	169	50	5.68e-07	53.9	terminal uridylyltransferase 7 isoform X7 [Homo sapiens]	TRUE	Tut7
XP_648914.1	XP_011517316.1	0	N/A	24.26	169	50	5.88e-07	53.9	terminal uridylyltransferase 7 isoform X1 [Homo sapiens]	TRUE	Tut7
XP_648914.1	XP_011517315.1	0	N/A	24.26	169	50	5.88e-07	53.9	terminal uridylyltransferase 7 isoform X1 [Homo sapiens]	TRUE	Tut7
XP_648914.1	XP_011517314.1	0	N/A	24.26	169	50	5.88e-07	53.9	terminal uridylyltransferase 7 isoform X1 [Homo sapiens]	TRUE	Tut7
XP_648914.1	XP_011517313.1	0	N/A	24.26	169	50	5.88e-07	53.9	terminal uridylyltransferase 7 isoform X1 [Homo sapiens]	TRUE	Tut7
XP_648914.1	XP_011517317.1	0	N/A	24.26	169	50	5.93e-07	53.9	terminal uridylyltransferase 7 isoform X3 [Homo sapiens]	TRUE	Tut7
XP_648914.1	XP_011517318.1	0	N/A	24.26	169	50	6.11e-07	53.9	terminal uridylyltransferase 7 isoform X5 [Homo sapiens]	TRUE	Tut7
XP_648914.1	XP_047279825.1	0	N/A	24.26	169	50	6.27e-07	53.9	terminal uridylyltransferase 7 isoform X6 [Homo sapiens]	TRUE	Tut7
XP_648914.1	XP_047279824.1	0	N/A	24.26	169	50	6.27e-07	53.9	terminal uridylyltransferase 7 isoform X6 [Homo sapiens]	TRUE	Tut7
XP_648914.1	XP_005252264.1	0	N/A	24.26	169	50	6.27e-07	53.9	terminal uridylyltransferase 7 isoform X6 [Homo sapiens]	TRUE	Tut7
XP_648914.1	XP_047279823.1	0	N/A	24.26	169	50	6.71e-07	53.9	terminal uridylyltransferase 7 isoform X2 [Homo sapiens]	TRUE	Tut7
XP_648914.1	XP_006717346.1	0	N/A	24.26	169	50	6.71e-07	53.9	terminal uridylyltransferase 7 isoform X2 [Homo sapiens]	TRUE	Tut7
XP_648914.1	XP_016870620.1	0	N/A	24.26	169	50	6.86e-07	53.9	terminal uridylyltransferase 7 isoform X4 [Homo sapiens]	TRUE	Tut7
XP_648914.1	XP_016870619.1	0	N/A	24.26	169	50	6.86e-07	53.9	terminal uridylyltransferase 7 isoform X4 [Homo sapiens]	TRUE	Tut7
XP_648914.1	NP_078893.2	0	N/A	24.26	169	50	6.86e-07	53.9	terminal uridylyltransferase 7 isoform 1 [Homo sapiens]	TRUE	Tut7
XP_648914.1	NP_001171988.1	0	N/A	24.26	169	50	6.86e-07	53.9	terminal uridylyltransferase 7 isoform 1 [Homo sapiens]	TRUE	Tut7
XP_648914.1	NP_001375065.1	0	N/A	27.419	186	54	2.22e-06	51.6	poly(A) RNA polymerase GLD2 isoform 14 [Homo sapiens]	TRUE	TENT2
XP_648914.1	XP_047279826.1	0	N/A	23.377	154	46	2.52e-06	52	terminal uridylyltransferase 7 isoform X8 [Homo sapiens]	TRUE	Tut7
XP_648914.1	NP_001375059.1	0	N/A	27.419	186	54	3.4e-06	51.2	poly(A) RNA polymerase GLD2 isoform 10 [Homo sapiens]	TRUE	TENT2
XP_648914.1	NP_001375061.1	0	N/A	27.419	186	54	3.55e-06	50.8	poly(A) RNA polymerase GLD2 isoform 12 [Homo sapiens]	TRUE	TENT2
XP_648914.1	XP_047272811.1	0	N/A	27.419	186	54	3.59e-06	51.2	poly(A) RNA polymerase GLD2 isoform X4 [Homo sapiens]	TRUE	TENT2
XP_648914.1	XP_047272810.1	0	N/A	27.419	186	54	3.59e-06	51.2	poly(A) RNA polymerase GLD2 isoform X4 [Homo sapiens]	TRUE	TENT2
XP_648914.1	XP_047272809.1	0	N/A	27.419	186	54	3.59e-06	51.2	poly(A) RNA polymerase GLD2 isoform X4 [Homo sapiens]	TRUE	TENT2
XP_648914.1	NP_001375058.1	0	N/A	27.419	186	54	3.59e-06	51.2	poly(A) RNA polymerase GLD2 isoform 2 [Homo sapiens]	TRUE	TENT2
XP_648914.1	NP_001375057.1	0	N/A	27.419	186	54	3.59e-06	51.2	poly(A) RNA polymerase GLD2 isoform 2 [Homo sapiens]	TRUE	TENT2
XP_648914.1	NP_001375056.1	0	N/A	27.419	186	54	3.59e-06	51.2	poly(A) RNA polymerase GLD2 isoform 2 [Homo sapiens]	TRUE	TENT2
XP_648914.1	NP_001375055.1	0	N/A	27.419	186	54	3.59e-06	51.2	poly(A) RNA polymerase GLD2 isoform 2 [Homo sapiens]	TRUE	TENT2
XP_648914.1	NP_001375054.1	0	N/A	27.419	186	54	3.59e-06	51.2	poly(A) RNA polymerase GLD2 isoform 2 [Homo sapiens]	TRUE	TENT2
XP_648914.1	NP_001375053.1	0	N/A	27.419	186	54	3.59e-06	51.2	poly(A) RNA polymerase GLD2 isoform 2 [Homo sapiens]	TRUE	TENT2
XP_648914.1	NP_001375052.1	0	N/A	27.419	186	54	3.59e-06	51.2	poly(A) RNA polymerase GLD2 isoform 2 [Homo sapiens]	TRUE	TENT2
XP_648914.1	NP_001375051.1	0	N/A	27.419	186	54	3.59e-06	51.2	poly(A) RNA polymerase GLD2 isoform 2 [Homo sapiens]	TRUE	TENT2
XP_648914.1	NP_001375050.1	0	N/A	27.419	186	54	3.59e-06	51.2	poly(A) RNA polymerase GLD2 isoform 2 [Homo sapiens]	TRUE	TENT2
XP_648914.1	NP_001375049.1	0	N/A	27.419	186	54	3.59e-06	51.2	poly(A) RNA polymerase GLD2 isoform 2 [Homo sapiens]	TRUE	TENT2
XP_648914.1	NP_001375048.1	0	N/A	27.419	186	54	3.59e-06	51.2	poly(A) RNA polymerase GLD2 isoform 2 [Homo sapiens]	TRUE	TENT2
XP_648914.1	NP_001375047.1	0	N/A	27.419	186	54	3.59e-06	51.2	poly(A) RNA polymerase GLD2 isoform 2 [Homo sapiens]	TRUE	TENT2
XP_648914.1	NP_001375046.1	0	N/A	27.419	186	54	3.59e-06	51.2	poly(A) RNA polymerase GLD2 isoform 2 [Homo sapiens]	TRUE	TENT2
XP_648914.1	NP_001375045.1	0	N/A	27.419	186	54	3.59e-06	51.2	poly(A) RNA polymerase GLD2 isoform 2 [Homo sapiens]	TRUE	TENT2
XP_648914.1	NP_001375044.1	0	N/A	27.419	186	54	3.59e-06	51.2	poly(A) RNA polymerase GLD2 isoform 2 [Homo sapiens]	TRUE	TENT2
XP_648914.1	NP_001375043.1	0	N/A	27.419	186	54	3.59e-06	51.2	poly(A) RNA polymerase GLD2 isoform 2 [Homo sapiens]	TRUE	TENT2
XP_648914.1	NP_001336483.1	0	N/A	27.419	186	54	3.59e-06	51.2	poly(A) RNA polymerase GLD2 isoform 2 [Homo sapiens]	TRUE	TENT2
XP_648914.1	NP_001284673.1	0	N/A	27.419	186	54	3.59e-06	51.2	poly(A) RNA polymerase GLD2 isoform 2 [Homo sapiens]	TRUE	TENT2
XP_648914.1	XP_005270735.1	0	N/A	24.599	187	54	4.19e-06	51.2	terminal uridylyltransferase 4 isoform X2 [Homo sapiens]	TRUE	Tut4
XP_648914.1	XP_011539399.1	0	N/A	24.599	187	54	4.34e-06	51.2	terminal uridylyltransferase 4 isoform X1 [Homo sapiens]	TRUE	Tut4
XP_648914.1	XP_005270733.1	0	N/A	24.599	187	54	4.34e-06	51.2	terminal uridylyltransferase 4 isoform X1 [Homo sapiens]	TRUE	Tut4
XP_648914.1	XP_047272295.1	0	N/A	24.599	187	54	4.45e-06	51.2	terminal uridylyltransferase 4 isoform X12 [Homo sapiens]	TRUE	Tut4
XP_648914.1	XP_047272296.1	0	N/A	24.599	187	54	4.53e-06	51.2	terminal uridylyltransferase 4 isoform X13 [Homo sapiens]	TRUE	Tut4
XP_648914.1	XP_047272286.1	0	N/A	24.599	187	54	4.53e-06	51.2	terminal uridylyltransferase 4 isoform X8 [Homo sapiens]	TRUE	Tut4
XP_648914.1	NP_001375030.1	0	N/A	29.078	141	41	4.57e-06	50.8	poly(A) RNA polymerase GLD2 isoform 9 [Homo sapiens]	TRUE	TENT2
XP_648914.1	XP_047272280.1	0	N/A	24.599	187	54	4.66e-06	51.2	terminal uridylyltransferase 4 isoform X3 [Homo sapiens]	TRUE	Tut4
XP_648914.1	XP_005270736.1	0	N/A	24.599	187	54	4.66e-06	51.2	terminal uridylyltransferase 4 isoform X3 [Homo sapiens]	TRUE	Tut4
XP_648914.1	XP_047272306.1	0	N/A	24.599	187	54	4.86e-06	51.2	terminal uridylyltransferase 4 isoform X18 [Homo sapiens]	TRUE	Tut4
XP_648914.1	XP_047272282.1	0	N/A	24.599	187	54	4.91e-06	51.2	terminal uridylyltransferase 4 isoform X5 [Homo sapiens]	TRUE	Tut4
XP_648914.1	NP_056084.1	0	N/A	24.599	187	54	4.91e-06	51.2	terminal uridylyltransferase 4 isoform b [Homo sapiens]	TRUE	Tut4
XP_648914.1	XP_047272281.1	0	N/A	24.599	187	54	4.91e-06	51.2	terminal uridylyltransferase 4 isoform X4 [Homo sapiens]	TRUE	Tut4
XP_648914.1	NP_001009881.1	0	N/A	24.599	187	54	4.91e-06	51.2	terminal uridylyltransferase 4 isoform a [Homo sapiens]	TRUE	Tut4
XP_648914.1	XP_047272290.1	0	N/A	24.599	187	54	5.08e-06	50.8	terminal uridylyltransferase 4 isoform X11 [Homo sapiens]	TRUE	Tut4
XP_648914.1	XP_047272305.1	0	N/A	24.599	187	54	5.21e-06	50.8	terminal uridylyltransferase 4 isoform X17 [Homo sapiens]	TRUE	Tut4
XP_648914.1	XP_047272303.1	0	N/A	24.599	187	54	5.26e-06	50.8	terminal uridylyltransferase 4 isoform X15 [Homo sapiens]	TRUE	Tut4
XP_648914.1	XP_005270738.1	0	N/A	24.599	187	54	5.3e-06	50.8	terminal uridylyltransferase 4 isoform X14 [Homo sapiens]	TRUE	Tut4
XP_648914.1	XP_047272283.1	0	N/A	24.599	187	54	5.75e-06	50.8	terminal uridylyltransferase 4 isoform X6 [Homo sapiens]	TRUE	Tut4
XP_648914.1	XP_005270737.1	0	N/A	24.599	187	54	5.75e-06	50.8	terminal uridylyltransferase 4 isoform X6 [Homo sapiens]	TRUE	Tut4
XP_648914.1	XP_016856294.1	0	N/A	24.599	187	54	5.94e-06	50.8	terminal uridylyltransferase 4 isoform X20 [Homo sapiens]	TRUE	Tut4
XP_648914.1	XP_047272307.1	0	N/A	24.599	187	54	6.05e-06	50.8	terminal uridylyltransferase 4 isoform X19 [Homo sapiens]	TRUE	Tut4
XP_648914.1	XP_047272325.1	0	N/A	23.669	169	50	7.13e-06	50.4	terminal uridylyltransferase 4 isoform X23 [Homo sapiens]	TRUE	Tut4
XP_648914.1	XP_047272344.1	0	N/A	23.669	169	50	7.57e-06	50.4	terminal uridylyltransferase 4 isoform X30 [Homo sapiens]	TRUE	Tut4
XP_648914.1	XP_047272350.1	0	N/A	23.669	169	50	7.63e-06	50.4	terminal uridylyltransferase 4 isoform X34 [Homo sapiens]	TRUE	Tut4
XP_648914.1	XP_047272362.1	0	N/A	23.669	169	50	7.97e-06	50.4	terminal uridylyltransferase 4 isoform X37 [Homo sapiens]	TRUE	Tut4
XP_648914.1	XP_047272348.1	0	N/A	23.669	169	50	7.97e-06	50.4	terminal uridylyltransferase 4 isoform X32 [Homo sapiens]	TRUE	Tut4
XP_648914.1	XP_016856296.1	0	N/A	23.669	169	50	8.06e-06	50.4	terminal uridylyltransferase 4 isoform X28 [Homo sapiens]	TRUE	Tut4
XP_648914.1	XP_016856295.1	0	N/A	23.669	169	50	8.14e-06	50.4	terminal uridylyltransferase 4 isoform X25 [Homo sapiens]	TRUE	Tut4
XP_648914.1	XP_047272354.1	0	N/A	23.669	169	50	8.25e-06	50.4	terminal uridylyltransferase 4 isoform X35 [Homo sapiens]	TRUE	Tut4
XP_648914.1	XP_047272337.1	0	N/A	23.669	169	50	8.43e-06	50.4	terminal uridylyltransferase 4 isoform X27 [Homo sapiens]	TRUE	Tut4
XP_648914.1	XP_047272367.1	0	N/A	23.669	169	50	9.5e-06	50.1	terminal uridylyltransferase 4 isoform X39 [Homo sapiens]	TRUE	Tut4
XP_648914.1	XP_047272808.1	0	N/A	27.368	190	54	2.04e-05	48.5	poly(A) RNA polymerase GLD2 isoform X3 [Homo sapiens]	TRUE	TENT2
XP_648914.1	XP_047272807.1	0	N/A	27.368	190	54	2.04e-05	48.5	poly(A) RNA polymerase GLD2 isoform X3 [Homo sapiens]	TRUE	TENT2
XP_648914.1	XP_047272806.1	0	N/A	27.368	190	54	2.04e-05	48.5	poly(A) RNA polymerase GLD2 isoform X3 [Homo sapiens]	TRUE	TENT2
XP_648914.1	NP_776158.2	0	N/A	27.368	190	54	2.04e-05	48.5	poly(A) RNA polymerase GLD2 isoform 1 [Homo sapiens]	TRUE	TENT2
XP_648914.1	NP_001375041.1	0	N/A	27.368	190	54	2.04e-05	48.5	poly(A) RNA polymerase GLD2 isoform 1 [Homo sapiens]	TRUE	TENT2
XP_648914.1	NP_001375040.1	0	N/A	27.368	190	54	2.04e-05	48.5	poly(A) RNA polymerase GLD2 isoform 1 [Homo sapiens]	TRUE	TENT2
XP_648914.1	NP_001375039.1	0	N/A	27.368	190	54	2.04e-05	48.5	poly(A) RNA polymerase GLD2 isoform 1 [Homo sapiens]	TRUE	TENT2
XP_648914.1	NP_001375038.1	0	N/A	27.368	190	54	2.04e-05	48.5	poly(A) RNA polymerase GLD2 isoform 1 [Homo sapiens]	TRUE	TENT2
XP_651039.2	XP_047272622.1	0	N/A	31.098	164	47	8.57e-12	68.6	terminal nucleotidyltransferase 4A isoform X1 [Homo sapiens]	TRUE	TENT4A
XP_651039.2	XP_047272621.1	0	N/A	31.098	164	47	8.57e-12	68.6	terminal nucleotidyltransferase 4A isoform X1 [Homo sapiens]	TRUE	TENT4A
XP_651039.2	XP_047272620.1	0	N/A	31.098	164	47	8.57e-12	68.6	terminal nucleotidyltransferase 4A isoform X1 [Homo sapiens]	TRUE	TENT4A
XP_651039.2	XP_047272624.1	0	N/A	31.25	160	46	1.75e-11	67.8	terminal nucleotidyltransferase 4A isoform X3 [Homo sapiens]	TRUE	TENT4A
XP_651039.2	XP_047272623.1	0	N/A	31.25	160	46	1.76e-11	67.8	terminal nucleotidyltransferase 4A isoform X2 [Homo sapiens]	TRUE	TENT4A
XP_651039.2	XP_016864477.1	0	N/A	31.25	160	46	1.76e-11	67.8	terminal nucleotidyltransferase 4A isoform X2 [Homo sapiens]	TRUE	TENT4A
XP_651039.2	NP_001165276.2	0	N/A	30.864	162	47	2e-11	67.8	terminal nucleotidyltransferase 4A isoform 2 [Homo sapiens]	TRUE	TENT4A
XP_651039.2	NP_008930.2	0	N/A	30.864	162	47	2.13e-11	67.8	terminal nucleotidyltransferase 4A isoform 1 [Homo sapiens]	TRUE	TENT4A
XP_651039.2	XP_016856297.1	0	N/A	25.128	195	55	3.84e-10	63.9	terminal uridylyltransferase 4 isoform X36 [Homo sapiens]	TRUE	Tut4
XP_651039.2	XP_047272345.1	0	N/A	25.128	195	55	3.88e-10	63.9	terminal uridylyltransferase 4 isoform X31 [Homo sapiens]	TRUE	Tut4
XP_651039.2	XP_005270739.1	0	N/A	25.128	195	55	3.91e-10	63.9	terminal uridylyltransferase 4 isoform X33 [Homo sapiens]	TRUE	Tut4
XP_651039.2	XP_047272325.1	0	N/A	25.128	195	55	3.93e-10	63.9	terminal uridylyltransferase 4 isoform X23 [Homo sapiens]	TRUE	Tut4
XP_651039.2	XP_047272280.1	0	N/A	25.128	195	55	3.95e-10	63.9	terminal uridylyltransferase 4 isoform X3 [Homo sapiens]	TRUE	Tut4
XP_651039.2	XP_005270736.1	0	N/A	25.128	195	55	3.95e-10	63.9	terminal uridylyltransferase 4 isoform X3 [Homo sapiens]	TRUE	Tut4
XP_651039.2	XP_011539401.1	0	N/A	25.128	195	55	3.95e-10	63.9	terminal uridylyltransferase 4 isoform X29 [Homo sapiens]	TRUE	Tut4
XP_651039.2	XP_016856295.1	0	N/A	25.128	195	55	4.07e-10	63.9	terminal uridylyltransferase 4 isoform X25 [Homo sapiens]	TRUE	Tut4
XP_651039.2	XP_016856292.1	0	N/A	25.128	195	55	4.12e-10	63.9	terminal uridylyltransferase 4 isoform X9 [Homo sapiens]	TRUE	Tut4
XP_651039.2	XP_047272285.1	0	N/A	25.128	195	55	4.16e-10	63.9	terminal uridylyltransferase 4 isoform X7 [Homo sapiens]	TRUE	Tut4
XP_651039.2	XP_005270735.1	0	N/A	25.128	195	55	4.17e-10	63.9	terminal uridylyltransferase 4 isoform X2 [Homo sapiens]	TRUE	Tut4
XP_651039.2	XP_047272365.1	0	N/A	25.128	195	55	4.24e-10	63.9	terminal uridylyltransferase 4 isoform X38 [Homo sapiens]	TRUE	Tut4
XP_651039.2	XP_011539399.1	0	N/A	25.128	195	55	4.25e-10	63.9	terminal uridylyltransferase 4 isoform X1 [Homo sapiens]	TRUE	Tut4
XP_651039.2	XP_005270733.1	0	N/A	25.128	195	55	4.25e-10	63.9	terminal uridylyltransferase 4 isoform X1 [Homo sapiens]	TRUE	Tut4
XP_651039.2	XP_047272337.1	0	N/A	25.128	195	55	4.41e-10	63.9	terminal uridylyltransferase 4 isoform X27 [Homo sapiens]	TRUE	Tut4
XP_651039.2	XP_016856299.1	0	N/A	25.128	195	55	4.47e-10	63.9	terminal uridylyltransferase 4 isoform X40 [Homo sapiens]	TRUE	Tut4
XP_651039.2	XP_016856296.1	0	N/A	25.128	195	55	4.49e-10	63.9	terminal uridylyltransferase 4 isoform X28 [Homo sapiens]	TRUE	Tut4
XP_651039.2	XP_047272288.1	0	N/A	25.128	195	55	4.76e-10	63.5	terminal uridylyltransferase 4 isoform X10 [Homo sapiens]	TRUE	Tut4
XP_651039.2	XP_047272283.1	0	N/A	25.128	195	55	4.85e-10	63.5	terminal uridylyltransferase 4 isoform X6 [Homo sapiens]	TRUE	Tut4
XP_651039.2	XP_005270737.1	0	N/A	25.128	195	55	4.85e-10	63.5	terminal uridylyltransferase 4 isoform X6 [Homo sapiens]	TRUE	Tut4
XP_651039.2	XP_047272281.1	0	N/A	25.128	195	55	4.9e-10	63.5	terminal uridylyltransferase 4 isoform X4 [Homo sapiens]	TRUE	Tut4
XP_651039.2	NP_001009881.1	0	N/A	25.128	195	55	4.9e-10	63.5	terminal uridylyltransferase 4 isoform a [Homo sapiens]	TRUE	Tut4
XP_651039.2	XP_047272282.1	0	N/A	25.128	195	55	4.94e-10	63.5	terminal uridylyltransferase 4 isoform X5 [Homo sapiens]	TRUE	Tut4
XP_651039.2	NP_056084.1	0	N/A	25.128	195	55	4.94e-10	63.5	terminal uridylyltransferase 4 isoform b [Homo sapiens]	TRUE	Tut4
XP_651039.2	XP_047272384.1	0	N/A	25.128	195	55	5.09e-10	63.5	terminal uridylyltransferase 4 isoform X46 [Homo sapiens]	TRUE	Tut4
XP_651039.2	XP_016856293.1	0	N/A	25.128	195	55	5.29e-10	63.5	terminal uridylyltransferase 4 isoform X16 [Homo sapiens]	TRUE	Tut4
XP_651039.2	XP_047272286.1	0	N/A	27.027	148	41	3.48e-09	60.8	terminal uridylyltransferase 4 isoform X8 [Homo sapiens]	TRUE	Tut4
XP_651039.2	XP_047272290.1	0	N/A	27.027	148	41	3.57e-09	60.8	terminal uridylyltransferase 4 isoform X11 [Homo sapiens]	TRUE	Tut4
XP_651039.2	XP_047272344.1	0	N/A	27.027	148	41	3.68e-09	60.8	terminal uridylyltransferase 4 isoform X30 [Homo sapiens]	TRUE	Tut4
XP_651039.2	XP_047272296.1	0	N/A	27.027	148	41	3.9e-09	60.8	terminal uridylyltransferase 4 isoform X13 [Homo sapiens]	TRUE	Tut4
XP_651039.2	XP_047272372.1	0	N/A	27.027	148	41	3.93e-09	60.8	terminal uridylyltransferase 4 isoform X42 [Homo sapiens]	TRUE	Tut4
XP_651039.2	XP_047272295.1	0	N/A	27.027	148	41	3.94e-09	60.8	terminal uridylyltransferase 4 isoform X12 [Homo sapiens]	TRUE	Tut4
XP_651039.2	XP_047272305.1	0	N/A	27.027	148	41	4.01e-09	60.8	terminal uridylyltransferase 4 isoform X17 [Homo sapiens]	TRUE	Tut4
XP_651039.2	XP_047272350.1	0	N/A	27.027	148	41	4.63e-09	60.5	terminal uridylyltransferase 4 isoform X34 [Homo sapiens]	TRUE	Tut4
XP_651039.2	NP_001375065.1	0	N/A	24.88	209	56	1.37e-08	58.2	poly(A) RNA polymerase GLD2 isoform 14 [Homo sapiens]	TRUE	TENT2
XP_651039.2	NP_001375061.1	0	N/A	24.88	209	56	1.95e-08	58.2	poly(A) RNA polymerase GLD2 isoform 12 [Homo sapiens]	TRUE	TENT2
XP_651039.2	XP_047272811.1	0	N/A	24.88	209	56	2.01e-08	58.2	poly(A) RNA polymerase GLD2 isoform X4 [Homo sapiens]	TRUE	TENT2
XP_651039.2	XP_047272810.1	0	N/A	24.88	209	56	2.01e-08	58.2	poly(A) RNA polymerase GLD2 isoform X4 [Homo sapiens]	TRUE	TENT2
XP_651039.2	XP_047272809.1	0	N/A	24.88	209	56	2.01e-08	58.2	poly(A) RNA polymerase GLD2 isoform X4 [Homo sapiens]	TRUE	TENT2
XP_651039.2	NP_001375058.1	0	N/A	24.88	209	56	2.01e-08	58.2	poly(A) RNA polymerase GLD2 isoform 2 [Homo sapiens]	TRUE	TENT2
XP_651039.2	NP_001375057.1	0	N/A	24.88	209	56	2.01e-08	58.2	poly(A) RNA polymerase GLD2 isoform 2 [Homo sapiens]	TRUE	TENT2
XP_651039.2	NP_001375056.1	0	N/A	24.88	209	56	2.01e-08	58.2	poly(A) RNA polymerase GLD2 isoform 2 [Homo sapiens]	TRUE	TENT2
XP_651039.2	NP_001375055.1	0	N/A	24.88	209	56	2.01e-08	58.2	poly(A) RNA polymerase GLD2 isoform 2 [Homo sapiens]	TRUE	TENT2
XP_651039.2	NP_001375054.1	0	N/A	24.88	209	56	2.01e-08	58.2	poly(A) RNA polymerase GLD2 isoform 2 [Homo sapiens]	TRUE	TENT2
XP_651039.2	NP_001375053.1	0	N/A	24.88	209	56	2.01e-08	58.2	poly(A) RNA polymerase GLD2 isoform 2 [Homo sapiens]	TRUE	TENT2
XP_651039.2	NP_001375052.1	0	N/A	24.88	209	56	2.01e-08	58.2	poly(A) RNA polymerase GLD2 isoform 2 [Homo sapiens]	TRUE	TENT2
XP_651039.2	NP_001375051.1	0	N/A	24.88	209	56	2.01e-08	58.2	poly(A) RNA polymerase GLD2 isoform 2 [Homo sapiens]	TRUE	TENT2
XP_651039.2	NP_001375050.1	0	N/A	24.88	209	56	2.01e-08	58.2	poly(A) RNA polymerase GLD2 isoform 2 [Homo sapiens]	TRUE	TENT2
XP_651039.2	NP_001375049.1	0	N/A	24.88	209	56	2.01e-08	58.2	poly(A) RNA polymerase GLD2 isoform 2 [Homo sapiens]	TRUE	TENT2
XP_651039.2	NP_001375048.1	0	N/A	24.88	209	56	2.01e-08	58.2	poly(A) RNA polymerase GLD2 isoform 2 [Homo sapiens]	TRUE	TENT2
XP_651039.2	NP_001375047.1	0	N/A	24.88	209	56	2.01e-08	58.2	poly(A) RNA polymerase GLD2 isoform 2 [Homo sapiens]	TRUE	TENT2
XP_651039.2	NP_001375046.1	0	N/A	24.88	209	56	2.01e-08	58.2	poly(A) RNA polymerase GLD2 isoform 2 [Homo sapiens]	TRUE	TENT2
XP_651039.2	NP_001375045.1	0	N/A	24.88	209	56	2.01e-08	58.2	poly(A) RNA polymerase GLD2 isoform 2 [Homo sapiens]	TRUE	TENT2
XP_651039.2	NP_001375044.1	0	N/A	24.88	209	56	2.01e-08	58.2	poly(A) RNA polymerase GLD2 isoform 2 [Homo sapiens]	TRUE	TENT2
XP_651039.2	NP_001375043.1	0	N/A	24.88	209	56	2.01e-08	58.2	poly(A) RNA polymerase GLD2 isoform 2 [Homo sapiens]	TRUE	TENT2
XP_651039.2	NP_001336483.1	0	N/A	24.88	209	56	2.01e-08	58.2	poly(A) RNA polymerase GLD2 isoform 2 [Homo sapiens]	TRUE	TENT2
XP_651039.2	NP_001284673.1	0	N/A	24.88	209	56	2.01e-08	58.2	poly(A) RNA polymerase GLD2 isoform 2 [Homo sapiens]	TRUE	TENT2
XP_651039.2	NP_001375059.1	0	N/A	24.88	209	56	2.02e-08	58.2	poly(A) RNA polymerase GLD2 isoform 10 [Homo sapiens]	TRUE	TENT2
XP_651039.2	NP_001375030.1	0	N/A	24.88	209	56	2.71e-08	57.8	poly(A) RNA polymerase GLD2 isoform 9 [Homo sapiens]	TRUE	TENT2
XP_651039.2	XP_047290433.1	0	N/A	25.967	181	52	3.23e-08	57.4	terminal nucleotidyltransferase 4B isoform X6 [Homo sapiens]	TRUE	TENT4B
XP_651039.2	XP_016870620.1	0	N/A	24.183	153	41	3.95e-08	57.8	terminal uridylyltransferase 7 isoform X4 [Homo sapiens]	TRUE	Tut7
XP_651039.2	XP_016870619.1	0	N/A	24.183	153	41	3.95e-08	57.8	terminal uridylyltransferase 7 isoform X4 [Homo sapiens]	TRUE	Tut7
XP_651039.2	NP_078893.2	0	N/A	24.183	153	41	3.95e-08	57.8	terminal uridylyltransferase 7 isoform 1 [Homo sapiens]	TRUE	Tut7
XP_651039.2	NP_001171988.1	0	N/A	24.183	153	41	3.95e-08	57.8	terminal uridylyltransferase 7 isoform 1 [Homo sapiens]	TRUE	Tut7
XP_651039.2	XP_047279823.1	0	N/A	24.183	153	41	4.11e-08	57.8	terminal uridylyltransferase 7 isoform X2 [Homo sapiens]	TRUE	Tut7
XP_651039.2	XP_006717346.1	0	N/A	24.183	153	41	4.11e-08	57.8	terminal uridylyltransferase 7 isoform X2 [Homo sapiens]	TRUE	Tut7
XP_651039.2	XP_005252265.1	0	N/A	24.183	153	41	4.16e-08	57.8	terminal uridylyltransferase 7 isoform X7 [Homo sapiens]	TRUE	Tut7
XP_651039.2	NP_001035375.2	0	N/A	25.967	181	52	4.25e-08	57.4	terminal nucleotidyltransferase 4B isoform b [Homo sapiens]	TRUE	TENT4B
XP_651039.2	XP_011521578.1	0	N/A	25.967	181	52	4.26e-08	57.4	terminal nucleotidyltransferase 4B isoform X2 [Homo sapiens]	TRUE	TENT4B
XP_651039.2	XP_047279825.1	0	N/A	24.183	153	41	4.39e-08	57.4	terminal uridylyltransferase 7 isoform X6 [Homo sapiens]	TRUE	Tut7
XP_651039.2	XP_047279824.1	0	N/A	24.183	153	41	4.39e-08	57.4	terminal uridylyltransferase 7 isoform X6 [Homo sapiens]	TRUE	Tut7
XP_651039.2	XP_005252264.1	0	N/A	24.183	153	41	4.39e-08	57.4	terminal uridylyltransferase 7 isoform X6 [Homo sapiens]	TRUE	Tut7
XP_651039.2	NP_001317647.1	0	N/A	24.183	153	41	4.47e-08	57.4	terminal uridylyltransferase 7 isoform 3 [Homo sapiens]	TRUE	Tut7
XP_651039.2	XP_011517318.1	0	N/A	24.183	153	41	4.59e-08	57.4	terminal uridylyltransferase 7 isoform X5 [Homo sapiens]	TRUE	Tut7
XP_651039.2	XP_011517316.1	0	N/A	24.183	153	41	4.96e-08	57.4	terminal uridylyltransferase 7 isoform X1 [Homo sapiens]	TRUE	Tut7
XP_651039.2	XP_011517315.1	0	N/A	24.183	153	41	4.96e-08	57.4	terminal uridylyltransferase 7 isoform X1 [Homo sapiens]	TRUE	Tut7
XP_651039.2	XP_011517314.1	0	N/A	24.183	153	41	4.96e-08	57.4	terminal uridylyltransferase 7 isoform X1 [Homo sapiens]	TRUE	Tut7
XP_651039.2	XP_011517313.1	0	N/A	24.183	153	41	4.96e-08	57.4	terminal uridylyltransferase 7 isoform X1 [Homo sapiens]	TRUE	Tut7
XP_651039.2	XP_011517317.1	0	N/A	24.183	153	41	5e-08	57.4	terminal uridylyltransferase 7 isoform X3 [Homo sapiens]	TRUE	Tut7
XP_651039.2	XP_011521580.1	0	N/A	25.967	181	52	5.89e-08	56.6	terminal nucleotidyltransferase 4B isoform X5 [Homo sapiens]	TRUE	TENT4B
XP_651039.2	NP_001035374.2	0	N/A	25.967	181	52	6.64e-08	56.6	terminal nucleotidyltransferase 4B isoform a [Homo sapiens]	TRUE	TENT4B
XP_651039.2	XP_011521577.1	0	N/A	25.967	181	52	6.64e-08	56.6	terminal nucleotidyltransferase 4B isoform X1 [Homo sapiens]	TRUE	TENT4B
XP_651039.2	XP_047290431.1	0	N/A	25.967	181	52	6.94e-08	56.6	terminal nucleotidyltransferase 4B isoform X3 [Homo sapiens]	TRUE	TENT4B
XP_651039.2	XP_047272808.1	0	N/A	24.413	213	56	7.52e-08	56.2	poly(A) RNA polymerase GLD2 isoform X3 [Homo sapiens]	TRUE	TENT2
XP_651039.2	XP_047272807.1	0	N/A	24.413	213	56	7.52e-08	56.2	poly(A) RNA polymerase GLD2 isoform X3 [Homo sapiens]	TRUE	TENT2
XP_651039.2	XP_047272806.1	0	N/A	24.413	213	56	7.52e-08	56.2	poly(A) RNA polymerase GLD2 isoform X3 [Homo sapiens]	TRUE	TENT2
XP_651039.2	NP_776158.2	0	N/A	24.413	213	56	7.52e-08	56.2	poly(A) RNA polymerase GLD2 isoform 1 [Homo sapiens]	TRUE	TENT2
XP_651039.2	NP_001375041.1	0	N/A	24.413	213	56	7.52e-08	56.2	poly(A) RNA polymerase GLD2 isoform 1 [Homo sapiens]	TRUE	TENT2
XP_651039.2	NP_001375040.1	0	N/A	24.413	213	56	7.52e-08	56.2	poly(A) RNA polymerase GLD2 isoform 1 [Homo sapiens]	TRUE	TENT2
XP_651039.2	NP_001375039.1	0	N/A	24.413	213	56	7.52e-08	56.2	poly(A) RNA polymerase GLD2 isoform 1 [Homo sapiens]	TRUE	TENT2
XP_651039.2	NP_001375038.1	0	N/A	24.413	213	56	7.52e-08	56.2	poly(A) RNA polymerase GLD2 isoform 1 [Homo sapiens]	TRUE	TENT2
XP_651039.2	NP_001375037.1	0	N/A	24.413	213	56	7.52e-08	56.2	poly(A) RNA polymerase GLD2 isoform 1 [Homo sapiens]	TRUE	TENT2
XP_653361.1	NP_001375029.1	0	N/A	24.409	254	54	2.45e-10	65.1	poly(A) RNA polymerase GLD2 isoform 8 [Homo sapiens]	TRUE	TENT2
XP_653361.1	NP_001375028.1	0	N/A	24.409	254	54	2.45e-10	65.1	poly(A) RNA polymerase GLD2 isoform 8 [Homo sapiens]	TRUE	TENT2
XP_653361.1	XP_047272808.1	0	N/A	25.203	246	52	4.18e-10	64.3	poly(A) RNA polymerase GLD2 isoform X3 [Homo sapiens]	TRUE	TENT2
XP_653361.1	XP_047272807.1	0	N/A	25.203	246	52	4.18e-10	64.3	poly(A) RNA polymerase GLD2 isoform X3 [Homo sapiens]	TRUE	TENT2
XP_653361.1	XP_047272806.1	0	N/A	25.203	246	52	4.18e-10	64.3	poly(A) RNA polymerase GLD2 isoform X3 [Homo sapiens]	TRUE	TENT2
XP_653361.1	NP_776158.2	0	N/A	25.203	246	52	4.18e-10	64.3	poly(A) RNA polymerase GLD2 isoform 1 [Homo sapiens]	TRUE	TENT2
XP_653361.1	NP_001375041.1	0	N/A	25.203	246	52	4.18e-10	64.3	poly(A) RNA polymerase GLD2 isoform 1 [Homo sapiens]	TRUE	TENT2
XP_653361.1	NP_001375040.1	0	N/A	25.203	246	52	4.18e-10	64.3	poly(A) RNA polymerase GLD2 isoform 1 [Homo sapiens]	TRUE	TENT2
XP_653361.1	NP_001375039.1	0	N/A	25.203	246	52	4.18e-10	64.3	poly(A) RNA polymerase GLD2 isoform 1 [Homo sapiens]	TRUE	TENT2
XP_653361.1	NP_001375038.1	0	N/A	25.203	246	52	4.18e-10	64.3	poly(A) RNA polymerase GLD2 isoform 1 [Homo sapiens]	TRUE	TENT2
XP_653361.1	NP_001375037.1	0	N/A	25.203	246	52	4.18e-10	64.3	poly(A) RNA polymerase GLD2 isoform 1 [Homo sapiens]	TRUE	TENT2
XP_653361.1	NP_001375036.1	0	N/A	25.203	246	52	4.18e-10	64.3	poly(A) RNA polymerase GLD2 isoform 1 [Homo sapiens]	TRUE	TENT2
XP_653361.1	NP_001375035.1	0	N/A	25.203	246	52	4.18e-10	64.3	poly(A) RNA polymerase GLD2 isoform 1 [Homo sapiens]	TRUE	TENT2
XP_653361.1	NP_001375034.1	0	N/A	25.203	246	52	4.18e-10	64.3	poly(A) RNA polymerase GLD2 isoform 1 [Homo sapiens]	TRUE	TENT2
XP_653361.1	NP_001375032.1	0	N/A	25.203	246	52	4.18e-10	64.3	poly(A) RNA polymerase GLD2 isoform 1 [Homo sapiens]	TRUE	TENT2
XP_653361.1	NP_001375031.1	0	N/A	25.203	246	52	4.18e-10	64.3	poly(A) RNA polymerase GLD2 isoform 1 [Homo sapiens]	TRUE	TENT2
XP_653361.1	NP_001336482.1	0	N/A	25.203	246	52	4.18e-10	64.3	poly(A) RNA polymerase GLD2 isoform 1 [Homo sapiens]	TRUE	TENT2
XP_653361.1	NP_001336481.1	0	N/A	25.203	246	52	4.18e-10	64.3	poly(A) RNA polymerase GLD2 isoform 1 [Homo sapiens]	TRUE	TENT2
XP_653361.1	NP_001107866.1	0	N/A	25.203	246	52	4.18e-10	64.3	poly(A) RNA polymerase GLD2 isoform 1 [Homo sapiens]	TRUE	TENT2
XP_653361.1	NP_001107865.1	0	N/A	25.203	246	52	4.18e-10	64.3	poly(A) RNA polymerase GLD2 isoform 1 [Homo sapiens]	TRUE	TENT2
XP_653361.1	NP_001375042.1	0	N/A	25.203	246	52	4.36e-10	64.3	poly(A) RNA polymerase GLD2 isoform 16 [Homo sapiens]	TRUE	TENT2
XP_653361.1	NP_001375060.1	0	N/A	24.797	246	52	5.44e-10	63.9	poly(A) RNA polymerase GLD2 isoform 11 [Homo sapiens]	TRUE	TENT2
XP_653361.1	XP_047272801.1	0	N/A	24.506	253	52	6.03e-09	60.8	poly(A) RNA polymerase GLD2 isoform X1 [Homo sapiens]	TRUE	TENT2
XP_653361.1	XP_047272800.1	0	N/A	24.506	253	52	6.03e-09	60.8	poly(A) RNA polymerase GLD2 isoform X1 [Homo sapiens]	TRUE	TENT2
XP_653361.1	XP_011541527.1	0	N/A	24.506	253	52	6.03e-09	60.8	poly(A) RNA polymerase GLD2 isoform X1 [Homo sapiens]	TRUE	TENT2
XP_653361.1	XP_011541526.1	0	N/A	24.506	253	52	6.03e-09	60.8	poly(A) RNA polymerase GLD2 isoform X1 [Homo sapiens]	TRUE	TENT2
XP_653361.1	XP_011541523.1	0	N/A	24.506	253	52	6.03e-09	60.8	poly(A) RNA polymerase GLD2 isoform X1 [Homo sapiens]	TRUE	TENT2
XP_653361.1	XP_011541522.1	0	N/A	24.506	253	52	6.03e-09	60.8	poly(A) RNA polymerase GLD2 isoform X1 [Homo sapiens]	TRUE	TENT2
XP_653361.1	NP_001375023.1	0	N/A	24.506	253	52	6.03e-09	60.8	poly(A) RNA polymerase GLD2 isoform 5 [Homo sapiens]	TRUE	TENT2
XP_653361.1	NP_001375022.1	0	N/A	24.506	253	52	6.03e-09	60.8	poly(A) RNA polymerase GLD2 isoform 5 [Homo sapiens]	TRUE	TENT2
XP_653361.1	NP_001336479.1	0	N/A	24.506	253	52	6.03e-09	60.8	poly(A) RNA polymerase GLD2 isoform 5 [Homo sapiens]	TRUE	TENT2
XP_653361.1	NP_001336478.1	0	N/A	24.506	253	52	6.03e-09	60.8	poly(A) RNA polymerase GLD2 isoform 5 [Homo sapiens]	TRUE	TENT2
XP_653361.1	XP_047272818.1	0	N/A	24.375	160	35	1.01e-08	59.3	poly(A) RNA polymerase GLD2 isoform X10 [Homo sapiens]	TRUE	TENT2
XP_653361.1	XP_005270739.1	0	N/A	27.126	247	52	5.38e-08	58.2	terminal uridylyltransferase 4 isoform X33 [Homo sapiens]	TRUE	Tut4
XP_653361.1	XP_016856297.1	0	N/A	27.126	247	52	5.81e-08	58.2	terminal uridylyltransferase 4 isoform X36 [Homo sapiens]	TRUE	Tut4
XP_653361.1	NP_001375030.1	0	N/A	24.409	254	54	5.85e-08	57.4	poly(A) RNA polymerase GLD2 isoform 9 [Homo sapiens]	TRUE	TENT2
XP_653361.1	XP_047272325.1	0	N/A	27.016	248	53	5.94e-08	58.2	terminal uridylyltransferase 4 isoform X23 [Homo sapiens]	TRUE	Tut4
XP_653361.1	XP_011539401.1	0	N/A	27.126	247	52	5.98e-08	58.2	terminal uridylyltransferase 4 isoform X29 [Homo sapiens]	TRUE	Tut4
XP_653361.1	XP_047272350.1	0	N/A	27.126	247	52	6.02e-08	58.2	terminal uridylyltransferase 4 isoform X34 [Homo sapiens]	TRUE	Tut4
XP_653361.1	XP_047272337.1	0	N/A	27.016	248	53	6.04e-08	58.2	terminal uridylyltransferase 4 isoform X27 [Homo sapiens]	TRUE	Tut4
XP_653361.1	XP_047272286.1	0	N/A	27.126	247	52	6.12e-08	58.2	terminal uridylyltransferase 4 isoform X8 [Homo sapiens]	TRUE	Tut4
XP_653361.1	XP_047272344.1	0	N/A	27.126	247	52	6.24e-08	58.2	terminal uridylyltransferase 4 isoform X30 [Homo sapiens]	TRUE	Tut4
XP_653361.1	XP_016856296.1	0	N/A	27.126	247	52	6.31e-08	58.2	terminal uridylyltransferase 4 isoform X28 [Homo sapiens]	TRUE	Tut4
XP_653361.1	XP_047272372.1	0	N/A	27.126	247	52	6.43e-08	57.8	terminal uridylyltransferase 4 isoform X42 [Homo sapiens]	TRUE	Tut4
XP_653361.1	XP_047272345.1	0	N/A	27.126	247	52	6.51e-08	57.8	terminal uridylyltransferase 4 isoform X31 [Homo sapiens]	TRUE	Tut4
XP_653361.1	XP_016856295.1	0	N/A	27.126	247	52	6.53e-08	57.8	terminal uridylyltransferase 4 isoform X25 [Homo sapiens]	TRUE	Tut4
XP_653361.1	XP_047272365.1	0	N/A	27.126	247	52	6.56e-08	57.8	terminal uridylyltransferase 4 isoform X38 [Homo sapiens]	TRUE	Tut4
XP_653361.1	XP_047272280.1	0	N/A	27.126	247	52	6.58e-08	57.8	terminal uridylyltransferase 4 isoform X3 [Homo sapiens]	TRUE	Tut4
XP_653361.1	XP_005270736.1	0	N/A	27.126	247	52	6.58e-08	57.8	terminal uridylyltransferase 4 isoform X3 [Homo sapiens]	TRUE	Tut4
XP_653361.1	XP_005270735.1	0	N/A	27.126	247	52	6.58e-08	57.8	terminal uridylyltransferase 4 isoform X2 [Homo sapiens]	TRUE	Tut4
XP_653361.1	XP_011539399.1	0	N/A	27.126	247	52	6.69e-08	57.8	terminal uridylyltransferase 4 isoform X1 [Homo sapiens]	TRUE	Tut4
XP_653361.1	XP_005270733.1	0	N/A	27.126	247	52	6.69e-08	57.8	terminal uridylyltransferase 4 isoform X1 [Homo sapiens]	TRUE	Tut4
XP_653361.1	XP_047272285.1	0	N/A	27.126	247	52	6.79e-08	57.8	terminal uridylyltransferase 4 isoform X7 [Homo sapiens]	TRUE	Tut4
XP_653361.1	XP_016856299.1	0	N/A	27.126	247	52	6.85e-08	57.8	terminal uridylyltransferase 4 isoform X40 [Homo sapiens]	TRUE	Tut4
XP_653361.1	XP_047272305.1	0	N/A	27.126	247	52	6.9e-08	57.8	terminal uridylyltransferase 4 isoform X17 [Homo sapiens]	TRUE	Tut4
XP_653361.1	XP_047272295.1	0	N/A	27.126	247	52	6.91e-08	57.8	terminal uridylyltransferase 4 isoform X12 [Homo sapiens]	TRUE	Tut4
XP_653361.1	XP_047272283.1	0	N/A	27.126	247	52	6.92e-08	57.8	terminal uridylyltransferase 4 isoform X6 [Homo sapiens]	TRUE	Tut4
XP_653361.1	XP_005270737.1	0	N/A	27.126	247	52	6.92e-08	57.8	terminal uridylyltransferase 4 isoform X6 [Homo sapiens]	TRUE	Tut4
XP_653361.1	XP_047272290.1	0	N/A	27.126	247	52	7.09e-08	57.8	terminal uridylyltransferase 4 isoform X11 [Homo sapiens]	TRUE	Tut4
XP_653361.1	XP_047272296.1	0	N/A	27.126	247	52	7.21e-08	57.8	terminal uridylyltransferase 4 isoform X13 [Homo sapiens]	TRUE	Tut4
XP_653361.1	XP_016856293.1	0	N/A	27.126	247	52	7.34e-08	57.8	terminal uridylyltransferase 4 isoform X16 [Homo sapiens]	TRUE	Tut4
XP_653361.1	XP_047272282.1	0	N/A	27.126	247	52	7.42e-08	57.8	terminal uridylyltransferase 4 isoform X5 [Homo sapiens]	TRUE	Tut4
XP_653361.1	NP_056084.1	0	N/A	27.126	247	52	7.42e-08	57.8	terminal uridylyltransferase 4 isoform b [Homo sapiens]	TRUE	Tut4
XP_653361.1	XP_047272281.1	0	N/A	27.126	247	52	7.49e-08	57.8	terminal uridylyltransferase 4 isoform X4 [Homo sapiens]	TRUE	Tut4
XP_653361.1	NP_001009881.1	0	N/A	27.126	247	52	7.49e-08	57.8	terminal uridylyltransferase 4 isoform a [Homo sapiens]	TRUE	Tut4
XP_653361.1	XP_016856292.1	0	N/A	27.126	247	52	7.53e-08	57.8	terminal uridylyltransferase 4 isoform X9 [Homo sapiens]	TRUE	Tut4
XP_653361.1	XP_047272288.1	0	N/A	27.126	247	52	7.86e-08	57.8	terminal uridylyltransferase 4 isoform X10 [Homo sapiens]	TRUE	Tut4
XP_653361.1	NP_001375065.1	0	N/A	24.39	246	52	9.13e-08	56.6	poly(A) RNA polymerase GLD2 isoform 14 [Homo sapiens]	TRUE	TENT2
XP_653361.1	XP_047272384.1	0	N/A	27.126	247	52	1.05e-07	57	terminal uridylyltransferase 4 isoform X46 [Homo sapiens]	TRUE	Tut4
XP_653361.1	XP_047272811.1	0	N/A	24.797	246	52	1.08e-07	56.6	poly(A) RNA polymerase GLD2 isoform X4 [Homo sapiens]	TRUE	TENT2
XP_653361.1	XP_047272810.1	0	N/A	24.797	246	52	1.08e-07	56.6	poly(A) RNA polymerase GLD2 isoform X4 [Homo sapiens]	TRUE	TENT2
XP_653361.1	XP_047272809.1	0	N/A	24.797	246	52	1.08e-07	56.6	poly(A) RNA polymerase GLD2 isoform X4 [Homo sapiens]	TRUE	TENT2
XP_653361.1	NP_001375058.1	0	N/A	24.797	246	52	1.08e-07	56.6	poly(A) RNA polymerase GLD2 isoform 2 [Homo sapiens]	TRUE	TENT2
XP_653361.1	NP_001375057.1	0	N/A	24.797	246	52	1.08e-07	56.6	poly(A) RNA polymerase GLD2 isoform 2 [Homo sapiens]	TRUE	TENT2
XP_653361.1	NP_001375056.1	0	N/A	24.797	246	52	1.08e-07	56.6	poly(A) RNA polymerase GLD2 isoform 2 [Homo sapiens]	TRUE	TENT2
XP_653361.1	NP_001375055.1	0	N/A	24.797	246	52	1.08e-07	56.6	poly(A) RNA polymerase GLD2 isoform 2 [Homo sapiens]	TRUE	TENT2
XP_653361.1	NP_001375054.1	0	N/A	24.797	246	52	1.08e-07	56.6	poly(A) RNA polymerase GLD2 isoform 2 [Homo sapiens]	TRUE	TENT2
XP_653361.1	NP_001375053.1	0	N/A	24.797	246	52	1.08e-07	56.6	poly(A) RNA polymerase GLD2 isoform 2 [Homo sapiens]	TRUE	TENT2
XP_653361.1	NP_001375052.1	0	N/A	24.797	246	52	1.08e-07	56.6	poly(A) RNA polymerase GLD2 isoform 2 [Homo sapiens]	TRUE	TENT2
XP_653361.1	NP_001375051.1	0	N/A	24.797	246	52	1.08e-07	56.6	poly(A) RNA polymerase GLD2 isoform 2 [Homo sapiens]	TRUE	TENT2
XP_653361.1	NP_001375050.1	0	N/A	24.797	246	52	1.08e-07	56.6	poly(A) RNA polymerase GLD2 isoform 2 [Homo sapiens]	TRUE	TENT2
XP_653361.1	NP_001375049.1	0	N/A	24.797	246	52	1.08e-07	56.6	poly(A) RNA polymerase GLD2 isoform 2 [Homo sapiens]	TRUE	TENT2
XP_653361.1	NP_001375048.1	0	N/A	24.797	246	52	1.08e-07	56.6	poly(A) RNA polymerase GLD2 isoform 2 [Homo sapiens]	TRUE	TENT2
XP_653361.1	NP_001375047.1	0	N/A	24.797	246	52	1.08e-07	56.6	poly(A) RNA polymerase GLD2 isoform 2 [Homo sapiens]	TRUE	TENT2
XP_653361.1	NP_001375046.1	0	N/A	24.797	246	52	1.08e-07	56.6	poly(A) RNA polymerase GLD2 isoform 2 [Homo sapiens]	TRUE	TENT2
XP_653361.1	NP_001375045.1	0	N/A	24.797	246	52	1.08e-07	56.6	poly(A) RNA polymerase GLD2 isoform 2 [Homo sapiens]	TRUE	TENT2
XP_653361.1	NP_001375044.1	0	N/A	24.797	246	52	1.08e-07	56.6	poly(A) RNA polymerase GLD2 isoform 2 [Homo sapiens]	TRUE	TENT2
XP_653361.1	NP_001375043.1	0	N/A	24.797	246	52	1.08e-07	56.6	poly(A) RNA polymerase GLD2 isoform 2 [Homo sapiens]	TRUE	TENT2
XP_653361.1	NP_001336483.1	0	N/A	24.797	246	52	1.08e-07	56.6	poly(A) RNA polymerase GLD2 isoform 2 [Homo sapiens]	TRUE	TENT2
XP_653361.1	NP_001284673.1	0	N/A	24.797	246	52	1.08e-07	56.6	poly(A) RNA polymerase GLD2 isoform 2 [Homo sapiens]	TRUE	TENT2
XP_653361.1	NP_001375059.1	0	N/A	24.797	246	52	1.12e-07	56.6	poly(A) RNA polymerase GLD2 isoform 10 [Homo sapiens]	TRUE	TENT2
XP_653361.1	NP_001375061.1	0	N/A	24.797	246	52	1.31e-07	56.2	poly(A) RNA polymerase GLD2 isoform 12 [Homo sapiens]	TRUE	TENT2
XP_653361.1	XP_047272816.1	0	N/A	23.952	167	35	1.66e-07	55.8	poly(A) RNA polymerase GLD2 isoform X8 [Homo sapiens]	TRUE	TENT2
XP_653361.1	XP_047272820.1	0	N/A	26.946	167	35	5.53e-07	53.1	poly(A) RNA polymerase GLD2 isoform X11 [Homo sapiens]	TRUE	TENT2
XP_653361.1	NP_001375027.1	0	N/A	26.347	167	35	9.69e-07	53.5	poly(A) RNA polymerase GLD2 isoform 7 [Homo sapiens]	TRUE	TENT2
XP_653361.1	XP_047272805.1	0	N/A	26.347	167	35	1.01e-06	53.5	poly(A) RNA polymerase GLD2 isoform X2 [Homo sapiens]	TRUE	TENT2
XP_653361.1	XP_047272804.1	0	N/A	26.347	167	35	1.01e-06	53.5	poly(A) RNA polymerase GLD2 isoform X2 [Homo sapiens]	TRUE	TENT2
XP_653361.1	XP_047272803.1	0	N/A	26.347	167	35	1.01e-06	53.5	poly(A) RNA polymerase GLD2 isoform X2 [Homo sapiens]	TRUE	TENT2
XP_653361.1	XP_047272802.1	0	N/A	26.347	167	35	1.01e-06	53.5	poly(A) RNA polymerase GLD2 isoform X2 [Homo sapiens]	TRUE	TENT2
XP_653361.1	XP_016864641.1	0	N/A	26.347	167	35	1.01e-06	53.5	poly(A) RNA polymerase GLD2 isoform X2 [Homo sapiens]	TRUE	TENT2
XP_655604.2	XP_047272622.1	0	N/A	30.909	165	47	7.61e-13	71.6	terminal nucleotidyltransferase 4A isoform X1 [Homo sapiens]	TRUE	TENT4A
XP_655604.2	XP_047272621.1	0	N/A	30.909	165	47	7.61e-13	71.6	terminal nucleotidyltransferase 4A isoform X1 [Homo sapiens]	TRUE	TENT4A
XP_655604.2	XP_047272620.1	0	N/A	30.909	165	47	7.61e-13	71.6	terminal nucleotidyltransferase 4A isoform X1 [Homo sapiens]	TRUE	TENT4A
XP_655604.2	XP_047272624.1	0	N/A	31.056	161	46	9.42e-13	71.6	terminal nucleotidyltransferase 4A isoform X3 [Homo sapiens]	TRUE	TENT4A
XP_655604.2	XP_047272623.1	0	N/A	31.056	161	46	1.04e-12	71.2	terminal nucleotidyltransferase 4A isoform X2 [Homo sapiens]	TRUE	TENT4A
XP_655604.2	XP_016864477.1	0	N/A	31.056	161	46	1.04e-12	71.2	terminal nucleotidyltransferase 4A isoform X2 [Homo sapiens]	TRUE	TENT4A
XP_655604.2	NP_001165276.2	0	N/A	30.909	165	47	2.06e-12	70.9	terminal nucleotidyltransferase 4A isoform 2 [Homo sapiens]	TRUE	TENT4A
XP_655604.2	NP_008930.2	0	N/A	30.909	165	47	2.08e-12	70.9	terminal nucleotidyltransferase 4A isoform 1 [Homo sapiens]	TRUE	TENT4A
XP_655604.2	XP_011539401.1	0	N/A	25.128	195	55	2.54e-12	70.9	terminal uridylyltransferase 4 isoform X29 [Homo sapiens]	TRUE	Tut4
XP_655604.2	XP_047272280.1	0	N/A	25.128	195	55	2.61e-12	70.5	terminal uridylyltransferase 4 isoform X3 [Homo sapiens]	TRUE	Tut4
XP_655604.2	XP_005270736.1	0	N/A	25.128	195	55	2.61e-12	70.5	terminal uridylyltransferase 4 isoform X3 [Homo sapiens]	TRUE	Tut4
XP_655604.2	XP_016856293.1	0	N/A	25.128	195	55	2.7e-12	70.5	terminal uridylyltransferase 4 isoform X16 [Homo sapiens]	TRUE	Tut4
XP_655604.2	XP_047272384.1	0	N/A	25.128	195	55	2.71e-12	70.5	terminal uridylyltransferase 4 isoform X46 [Homo sapiens]	TRUE	Tut4
XP_655604.2	XP_047272365.1	0	N/A	25.128	195	55	2.75e-12	70.5	terminal uridylyltransferase 4 isoform X38 [Homo sapiens]	TRUE	Tut4
XP_655604.2	XP_011539399.1	0	N/A	25.128	195	55	2.78e-12	70.5	terminal uridylyltransferase 4 isoform X1 [Homo sapiens]	TRUE	Tut4
XP_655604.2	XP_005270733.1	0	N/A	25.128	195	55	2.78e-12	70.5	terminal uridylyltransferase 4 isoform X1 [Homo sapiens]	TRUE	Tut4
XP_655604.2	XP_016856295.1	0	N/A	25.128	195	55	2.78e-12	70.5	terminal uridylyltransferase 4 isoform X25 [Homo sapiens]	TRUE	Tut4
XP_655604.2	XP_005270735.1	0	N/A	25.128	195	55	2.8e-12	70.5	terminal uridylyltransferase 4 isoform X2 [Homo sapiens]	TRUE	Tut4
XP_655604.2	XP_047272325.1	0	N/A	25.128	195	55	2.81e-12	70.5	terminal uridylyltransferase 4 isoform X23 [Homo sapiens]	TRUE	Tut4
XP_655604.2	XP_016856299.1	0	N/A	25.128	195	55	2.82e-12	70.5	terminal uridylyltransferase 4 isoform X40 [Homo sapiens]	TRUE	Tut4
XP_655604.2	XP_016856297.1	0	N/A	25.128	195	55	2.82e-12	70.5	terminal uridylyltransferase 4 isoform X36 [Homo sapiens]	TRUE	Tut4
XP_655604.2	XP_047272288.1	0	N/A	25.128	195	55	2.85e-12	70.5	terminal uridylyltransferase 4 isoform X10 [Homo sapiens]	TRUE	Tut4
XP_655604.2	XP_047272345.1	0	N/A	25.128	195	55	2.88e-12	70.5	terminal uridylyltransferase 4 isoform X31 [Homo sapiens]	TRUE	Tut4
XP_655604.2	XP_047272282.1	0	N/A	25.128	195	55	2.93e-12	70.5	terminal uridylyltransferase 4 isoform X5 [Homo sapiens]	TRUE	Tut4
XP_655604.2	NP_056084.1	0	N/A	25.128	195	55	2.93e-12	70.5	terminal uridylyltransferase 4 isoform b [Homo sapiens]	TRUE	Tut4
XP_655604.2	XP_047272281.1	0	N/A	25.128	195	55	2.93e-12	70.5	terminal uridylyltransferase 4 isoform X4 [Homo sapiens]	TRUE	Tut4
XP_655604.2	NP_001009881.1	0	N/A	25.128	195	55	2.93e-12	70.5	terminal uridylyltransferase 4 isoform a [Homo sapiens]	TRUE	Tut4
XP_655604.2	XP_047272337.1	0	N/A	25.128	195	55	2.94e-12	70.5	terminal uridylyltransferase 4 isoform X27 [Homo sapiens]	TRUE	Tut4
XP_655604.2	XP_016856292.1	0	N/A	25.128	195	55	3.01e-12	70.5	terminal uridylyltransferase 4 isoform X9 [Homo sapiens]	TRUE	Tut4
XP_655604.2	XP_005270739.1	0	N/A	25.128	195	55	3.01e-12	70.5	terminal uridylyltransferase 4 isoform X33 [Homo sapiens]	TRUE	Tut4
XP_655604.2	XP_047272285.1	0	N/A	25.128	195	55	3.15e-12	70.5	terminal uridylyltransferase 4 isoform X7 [Homo sapiens]	TRUE	Tut4
XP_655604.2	XP_047272283.1	0	N/A	25.128	195	55	3.21e-12	70.5	terminal uridylyltransferase 4 isoform X6 [Homo sapiens]	TRUE	Tut4
XP_655604.2	XP_005270737.1	0	N/A	25.128	195	55	3.21e-12	70.5	terminal uridylyltransferase 4 isoform X6 [Homo sapiens]	TRUE	Tut4
XP_655604.2	XP_016856296.1	0	N/A	25.128	195	55	3.27e-12	70.5	terminal uridylyltransferase 4 isoform X28 [Homo sapiens]	TRUE	Tut4
XP_655604.2	NP_001375065.1	0	N/A	24.638	207	57	4.81e-12	68.9	poly(A) RNA polymerase GLD2 isoform 14 [Homo sapiens]	TRUE	TENT2
XP_655604.2	NP_001375061.1	0	N/A	21.752	331	90	6.8e-12	68.6	poly(A) RNA polymerase GLD2 isoform 12 [Homo sapiens]	TRUE	TENT2
XP_655604.2	NP_001375059.1	0	N/A	21.752	331	90	7.33e-12	68.6	poly(A) RNA polymerase GLD2 isoform 10 [Homo sapiens]	TRUE	TENT2
XP_655604.2	XP_047272811.1	0	N/A	24.638	207	57	8.19e-12	68.6	poly(A) RNA polymerase GLD2 isoform X4 [Homo sapiens]	TRUE	TENT2
XP_655604.2	XP_047272810.1	0	N/A	24.638	207	57	8.19e-12	68.6	poly(A) RNA polymerase GLD2 isoform X4 [Homo sapiens]	TRUE	TENT2
XP_655604.2	XP_047272809.1	0	N/A	24.638	207	57	8.19e-12	68.6	poly(A) RNA polymerase GLD2 isoform X4 [Homo sapiens]	TRUE	TENT2
XP_655604.2	NP_001375058.1	0	N/A	24.638	207	57	8.19e-12	68.6	poly(A) RNA polymerase GLD2 isoform 2 [Homo sapiens]	TRUE	TENT2
XP_655604.2	NP_001375057.1	0	N/A	24.638	207	57	8.19e-12	68.6	poly(A) RNA polymerase GLD2 isoform 2 [Homo sapiens]	TRUE	TENT2
XP_655604.2	NP_001375056.1	0	N/A	24.638	207	57	8.19e-12	68.6	poly(A) RNA polymerase GLD2 isoform 2 [Homo sapiens]	TRUE	TENT2
XP_655604.2	NP_001375055.1	0	N/A	24.638	207	57	8.19e-12	68.6	poly(A) RNA polymerase GLD2 isoform 2 [Homo sapiens]	TRUE	TENT2
XP_655604.2	NP_001375054.1	0	N/A	24.638	207	57	8.19e-12	68.6	poly(A) RNA polymerase GLD2 isoform 2 [Homo sapiens]	TRUE	TENT2
XP_655604.2	NP_001375053.1	0	N/A	24.638	207	57	8.19e-12	68.6	poly(A) RNA polymerase GLD2 isoform 2 [Homo sapiens]	TRUE	TENT2
XP_655604.2	NP_001375052.1	0	N/A	24.638	207	57	8.19e-12	68.6	poly(A) RNA polymerase GLD2 isoform 2 [Homo sapiens]	TRUE	TENT2
XP_655604.2	NP_001375051.1	0	N/A	24.638	207	57	8.19e-12	68.6	poly(A) RNA polymerase GLD2 isoform 2 [Homo sapiens]	TRUE	TENT2
XP_655604.2	NP_001375050.1	0	N/A	24.638	207	57	8.19e-12	68.6	poly(A) RNA polymerase GLD2 isoform 2 [Homo sapiens]	TRUE	TENT2
XP_655604.2	NP_001375049.1	0	N/A	24.638	207	57	8.19e-12	68.6	poly(A) RNA polymerase GLD2 isoform 2 [Homo sapiens]	TRUE	TENT2
XP_655604.2	NP_001375048.1	0	N/A	24.638	207	57	8.19e-12	68.6	poly(A) RNA polymerase GLD2 isoform 2 [Homo sapiens]	TRUE	TENT2
XP_655604.2	NP_001375047.1	0	N/A	24.638	207	57	8.19e-12	68.6	poly(A) RNA polymerase GLD2 isoform 2 [Homo sapiens]	TRUE	TENT2
XP_655604.2	NP_001375046.1	0	N/A	24.638	207	57	8.19e-12	68.6	poly(A) RNA polymerase GLD2 isoform 2 [Homo sapiens]	TRUE	TENT2
XP_655604.2	NP_001375045.1	0	N/A	24.638	207	57	8.19e-12	68.6	poly(A) RNA polymerase GLD2 isoform 2 [Homo sapiens]	TRUE	TENT2
XP_655604.2	NP_001375044.1	0	N/A	24.638	207	57	8.19e-12	68.6	poly(A) RNA polymerase GLD2 isoform 2 [Homo sapiens]	TRUE	TENT2
XP_655604.2	NP_001375043.1	0	N/A	24.638	207	57	8.19e-12	68.6	poly(A) RNA polymerase GLD2 isoform 2 [Homo sapiens]	TRUE	TENT2
XP_655604.2	NP_001336483.1	0	N/A	24.638	207	57	8.19e-12	68.6	poly(A) RNA polymerase GLD2 isoform 2 [Homo sapiens]	TRUE	TENT2
XP_655604.2	NP_001284673.1	0	N/A	24.638	207	57	8.19e-12	68.6	poly(A) RNA polymerase GLD2 isoform 2 [Homo sapiens]	TRUE	TENT2
XP_655604.2	NP_001375042.1	0	N/A	21.493	335	90	2.29e-11	67	poly(A) RNA polymerase GLD2 isoform 16 [Homo sapiens]	TRUE	TENT2
XP_655604.2	XP_047272808.1	0	N/A	21.493	335	90	2.36e-11	67	poly(A) RNA polymerase GLD2 isoform X3 [Homo sapiens]	TRUE	TENT2
XP_655604.2	XP_047272807.1	0	N/A	21.493	335	90	2.36e-11	67	poly(A) RNA polymerase GLD2 isoform X3 [Homo sapiens]	TRUE	TENT2
XP_655604.2	XP_047272806.1	0	N/A	21.493	335	90	2.36e-11	67	poly(A) RNA polymerase GLD2 isoform X3 [Homo sapiens]	TRUE	TENT2
XP_655604.2	NP_776158.2	0	N/A	21.493	335	90	2.36e-11	67	poly(A) RNA polymerase GLD2 isoform 1 [Homo sapiens]	TRUE	TENT2
XP_655604.2	NP_001375041.1	0	N/A	21.493	335	90	2.36e-11	67	poly(A) RNA polymerase GLD2 isoform 1 [Homo sapiens]	TRUE	TENT2
XP_655604.2	NP_001375040.1	0	N/A	21.493	335	90	2.36e-11	67	poly(A) RNA polymerase GLD2 isoform 1 [Homo sapiens]	TRUE	TENT2
XP_655604.2	NP_001375039.1	0	N/A	21.493	335	90	2.36e-11	67	poly(A) RNA polymerase GLD2 isoform 1 [Homo sapiens]	TRUE	TENT2
XP_655604.2	NP_001375038.1	0	N/A	21.493	335	90	2.36e-11	67	poly(A) RNA polymerase GLD2 isoform 1 [Homo sapiens]	TRUE	TENT2
XP_655604.2	NP_001375037.1	0	N/A	21.493	335	90	2.36e-11	67	poly(A) RNA polymerase GLD2 isoform 1 [Homo sapiens]	TRUE	TENT2
XP_655604.2	NP_001375036.1	0	N/A	21.493	335	90	2.36e-11	67	poly(A) RNA polymerase GLD2 isoform 1 [Homo sapiens]	TRUE	TENT2
XP_655604.2	NP_001375035.1	0	N/A	21.493	335	90	2.36e-11	67	poly(A) RNA polymerase GLD2 isoform 1 [Homo sapiens]	TRUE	TENT2
XP_655604.2	NP_001375034.1	0	N/A	21.493	335	90	2.36e-11	67	poly(A) RNA polymerase GLD2 isoform 1 [Homo sapiens]	TRUE	TENT2
XP_655604.2	NP_001375032.1	0	N/A	21.493	335	90	2.36e-11	67	poly(A) RNA polymerase GLD2 isoform 1 [Homo sapiens]	TRUE	TENT2
XP_655604.2	NP_001375031.1	0	N/A	21.493	335	90	2.36e-11	67	poly(A) RNA polymerase GLD2 isoform 1 [Homo sapiens]	TRUE	TENT2
XP_655604.2	NP_001336482.1	0	N/A	21.493	335	90	2.36e-11	67	poly(A) RNA polymerase GLD2 isoform 1 [Homo sapiens]	TRUE	TENT2
XP_655604.2	NP_001336481.1	0	N/A	21.493	335	90	2.36e-11	67	poly(A) RNA polymerase GLD2 isoform 1 [Homo sapiens]	TRUE	TENT2
XP_655604.2	NP_001107866.1	0	N/A	21.493	335	90	2.36e-11	67	poly(A) RNA polymerase GLD2 isoform 1 [Homo sapiens]	TRUE	TENT2
XP_655604.2	NP_001107865.1	0	N/A	21.493	335	90	2.36e-11	67	poly(A) RNA polymerase GLD2 isoform 1 [Homo sapiens]	TRUE	TENT2
XP_655604.2	NP_001375060.1	0	N/A	21.493	335	90	2.56e-11	67	poly(A) RNA polymerase GLD2 isoform 11 [Homo sapiens]	TRUE	TENT2
XP_655604.2	XP_047290433.1	0	N/A	27.461	193	56	7.66e-11	65.5	terminal nucleotidyltransferase 4B isoform X6 [Homo sapiens]	TRUE	TENT4B
XP_655604.2	NP_001035375.2	0	N/A	27.461	193	56	1.06e-10	65.5	terminal nucleotidyltransferase 4B isoform b [Homo sapiens]	TRUE	TENT4B
XP_655604.2	XP_011521578.1	0	N/A	27.461	193	56	1.06e-10	65.5	terminal nucleotidyltransferase 4B isoform X2 [Homo sapiens]	TRUE	TENT4B
XP_655604.2	XP_047290431.1	0	N/A	27.461	193	56	1.56e-10	64.7	terminal nucleotidyltransferase 4B isoform X3 [Homo sapiens]	TRUE	TENT4B
XP_655604.2	XP_011521580.1	0	N/A	27.461	193	56	1.57e-10	64.7	terminal nucleotidyltransferase 4B isoform X5 [Homo sapiens]	TRUE	TENT4B
XP_655604.2	XP_005252265.1	0	N/A	23.684	190	53	1.61e-10	65.1	terminal uridylyltransferase 7 isoform X7 [Homo sapiens]	TRUE	Tut7
XP_655604.2	XP_047279823.1	0	N/A	23.684	190	53	1.69e-10	65.1	terminal uridylyltransferase 7 isoform X2 [Homo sapiens]	TRUE	Tut7
XP_655604.2	XP_006717346.1	0	N/A	23.684	190	53	1.69e-10	65.1	terminal uridylyltransferase 7 isoform X2 [Homo sapiens]	TRUE	Tut7
XP_655604.2	NP_001375030.1	0	N/A	23.963	217	57	1.69e-10	64.7	poly(A) RNA polymerase GLD2 isoform 9 [Homo sapiens]	TRUE	TENT2
XP_655604.2	XP_047279825.1	0	N/A	23.684	190	53	1.74e-10	65.1	terminal uridylyltransferase 7 isoform X6 [Homo sapiens]	TRUE	Tut7
XP_655604.2	XP_047279824.1	0	N/A	23.684	190	53	1.74e-10	65.1	terminal uridylyltransferase 7 isoform X6 [Homo sapiens]	TRUE	Tut7
XP_655604.2	XP_005252264.1	0	N/A	23.684	190	53	1.74e-10	65.1	terminal uridylyltransferase 7 isoform X6 [Homo sapiens]	TRUE	Tut7
XP_655604.2	XP_016870620.1	0	N/A	23.684	190	53	1.76e-10	65.1	terminal uridylyltransferase 7 isoform X4 [Homo sapiens]	TRUE	Tut7
XP_655604.2	XP_016870619.1	0	N/A	23.684	190	53	1.76e-10	65.1	terminal uridylyltransferase 7 isoform X4 [Homo sapiens]	TRUE	Tut7
XP_655604.2	NP_078893.2	0	N/A	23.684	190	53	1.76e-10	65.1	terminal uridylyltransferase 7 isoform 1 [Homo sapiens]	TRUE	Tut7
XP_655604.2	NP_001171988.1	0	N/A	23.684	190	53	1.76e-10	65.1	terminal uridylyltransferase 7 isoform 1 [Homo sapiens]	TRUE	Tut7
XP_655604.2	XP_011517316.1	0	N/A	23.684	190	53	1.82e-10	65.1	terminal uridylyltransferase 7 isoform X1 [Homo sapiens]	TRUE	Tut7
XP_655604.2	XP_011517315.1	0	N/A	23.684	190	53	1.82e-10	65.1	terminal uridylyltransferase 7 isoform X1 [Homo sapiens]	TRUE	Tut7
XP_655604.2	XP_011517314.1	0	N/A	23.684	190	53	1.82e-10	65.1	terminal uridylyltransferase 7 isoform X1 [Homo sapiens]	TRUE	Tut7
XP_655604.2	XP_011517313.1	0	N/A	23.684	190	53	1.82e-10	65.1	terminal uridylyltransferase 7 isoform X1 [Homo sapiens]	TRUE	Tut7
XP_655604.2	XP_047272290.1	0	N/A	26.797	153	43	1.84e-10	65.1	terminal uridylyltransferase 4 isoform X11 [Homo sapiens]	TRUE	Tut4
XP_655604.2	XP_047272286.1	0	N/A	26.797	153	43	1.89e-10	65.1	terminal uridylyltransferase 4 isoform X8 [Homo sapiens]	TRUE	Tut4
XP_792619.4	NP_060579.3	0	N/A	36.8	500	76	1.32e-97	313	poly(A) RNA polymerase, mitochondrial precursor [Homo sapiens]	TRUE	mtPAP
XP_792619.4	NP_073741.3	0	N/A	32.292	288	43	9.42e-31	131	speckle targeted PIP5K1A-regulated poly(A) polymerase isoform 1 [Homo sapiens]	TRUE	Tut1
XP_792619.4	NP_001375065.1	0	N/A	26.198	313	46	2e-20	95.9	poly(A) RNA polymerase GLD2 isoform 14 [Homo sapiens]	TRUE	TENT2
XP_792619.4	XP_047272808.1	0	N/A	26.452	310	47	2.02e-20	97.4	poly(A) RNA polymerase GLD2 isoform X3 [Homo sapiens]	TRUE	TENT2
XP_792619.4	XP_047272807.1	0	N/A	26.452	310	47	2.02e-20	97.4	poly(A) RNA polymerase GLD2 isoform X3 [Homo sapiens]	TRUE	TENT2
XP_792619.4	XP_047272806.1	0	N/A	26.452	310	47	2.02e-20	97.4	poly(A) RNA polymerase GLD2 isoform X3 [Homo sapiens]	TRUE	TENT2
XP_792619.4	NP_776158.2	0	N/A	26.452	310	47	2.02e-20	97.4	poly(A) RNA polymerase GLD2 isoform 1 [Homo sapiens]	TRUE	TENT2
XP_792619.4	NP_001375041.1	0	N/A	26.452	310	47	2.02e-20	97.4	poly(A) RNA polymerase GLD2 isoform 1 [Homo sapiens]	TRUE	TENT2
XP_792619.4	NP_001375040.1	0	N/A	26.452	310	47	2.02e-20	97.4	poly(A) RNA polymerase GLD2 isoform 1 [Homo sapiens]	TRUE	TENT2
XP_792619.4	NP_001375039.1	0	N/A	26.452	310	47	2.02e-20	97.4	poly(A) RNA polymerase GLD2 isoform 1 [Homo sapiens]	TRUE	TENT2
XP_792619.4	NP_001375038.1	0	N/A	26.452	310	47	2.02e-20	97.4	poly(A) RNA polymerase GLD2 isoform 1 [Homo sapiens]	TRUE	TENT2
XP_792619.4	NP_001375037.1	0	N/A	26.452	310	47	2.02e-20	97.4	poly(A) RNA polymerase GLD2 isoform 1 [Homo sapiens]	TRUE	TENT2
XP_792619.4	NP_001375036.1	0	N/A	26.452	310	47	2.02e-20	97.4	poly(A) RNA polymerase GLD2 isoform 1 [Homo sapiens]	TRUE	TENT2
XP_792619.4	NP_001375035.1	0	N/A	26.452	310	47	2.02e-20	97.4	poly(A) RNA polymerase GLD2 isoform 1 [Homo sapiens]	TRUE	TENT2
XP_792619.4	NP_001375034.1	0	N/A	26.452	310	47	2.02e-20	97.4	poly(A) RNA polymerase GLD2 isoform 1 [Homo sapiens]	TRUE	TENT2
XP_792619.4	NP_001375032.1	0	N/A	26.452	310	47	2.02e-20	97.4	poly(A) RNA polymerase GLD2 isoform 1 [Homo sapiens]	TRUE	TENT2
XP_792619.4	NP_001375031.1	0	N/A	26.452	310	47	2.02e-20	97.4	poly(A) RNA polymerase GLD2 isoform 1 [Homo sapiens]	TRUE	TENT2
XP_792619.4	NP_001336482.1	0	N/A	26.452	310	47	2.02e-20	97.4	poly(A) RNA polymerase GLD2 isoform 1 [Homo sapiens]	TRUE	TENT2
XP_792619.4	NP_001336481.1	0	N/A	26.452	310	47	2.02e-20	97.4	poly(A) RNA polymerase GLD2 isoform 1 [Homo sapiens]	TRUE	TENT2
XP_792619.4	NP_001107866.1	0	N/A	26.452	310	47	2.02e-20	97.4	poly(A) RNA polymerase GLD2 isoform 1 [Homo sapiens]	TRUE	TENT2
XP_792619.4	NP_001107865.1	0	N/A	26.452	310	47	2.02e-20	97.4	poly(A) RNA polymerase GLD2 isoform 1 [Homo sapiens]	TRUE	TENT2
XP_792619.4	NP_001375042.1	0	N/A	26.452	310	47	2.3e-20	97.1	poly(A) RNA polymerase GLD2 isoform 16 [Homo sapiens]	TRUE	TENT2
XP_792619.4	NP_001375060.1	0	N/A	26.71	307	46	2.39e-20	97.1	poly(A) RNA polymerase GLD2 isoform 11 [Homo sapiens]	TRUE	TENT2
XP_792619.4	XP_047272805.1	0	N/A	27.9	319	46	5.61e-20	96.3	poly(A) RNA polymerase GLD2 isoform X2 [Homo sapiens]	TRUE	TENT2
XP_792619.4	XP_047272804.1	0	N/A	27.9	319	46	5.61e-20	96.3	poly(A) RNA polymerase GLD2 isoform X2 [Homo sapiens]	TRUE	TENT2
XP_792619.4	XP_047272803.1	0	N/A	27.9	319	46	5.61e-20	96.3	poly(A) RNA polymerase GLD2 isoform X2 [Homo sapiens]	TRUE	TENT2
XP_792619.4	XP_047272802.1	0	N/A	27.9	319	46	5.61e-20	96.3	poly(A) RNA polymerase GLD2 isoform X2 [Homo sapiens]	TRUE	TENT2
XP_792619.4	XP_016864641.1	0	N/A	27.9	319	46	5.61e-20	96.3	poly(A) RNA polymerase GLD2 isoform X2 [Homo sapiens]	TRUE	TENT2
XP_792619.4	NP_001375026.1	0	N/A	27.9	319	46	5.61e-20	96.3	poly(A) RNA polymerase GLD2 isoform 6 [Homo sapiens]	TRUE	TENT2
XP_792619.4	NP_001375025.1	0	N/A	27.9	319	46	5.61e-20	96.3	poly(A) RNA polymerase GLD2 isoform 6 [Homo sapiens]	TRUE	TENT2
XP_792619.4	NP_001375024.1	0	N/A	27.9	319	46	5.61e-20	96.3	poly(A) RNA polymerase GLD2 isoform 6 [Homo sapiens]	TRUE	TENT2
XP_792619.4	NP_001336480.1	0	N/A	27.9	319	46	5.61e-20	96.3	poly(A) RNA polymerase GLD2 isoform 6 [Homo sapiens]	TRUE	TENT2
XP_792619.4	XP_047272811.1	0	N/A	26.198	313	46	6.69e-20	95.9	poly(A) RNA polymerase GLD2 isoform X4 [Homo sapiens]	TRUE	TENT2
XP_792619.4	XP_047272810.1	0	N/A	26.198	313	46	6.69e-20	95.9	poly(A) RNA polymerase GLD2 isoform X4 [Homo sapiens]	TRUE	TENT2
XP_792619.4	XP_047272809.1	0	N/A	26.198	313	46	6.69e-20	95.9	poly(A) RNA polymerase GLD2 isoform X4 [Homo sapiens]	TRUE	TENT2
XP_792619.4	NP_001375058.1	0	N/A	26.198	313	46	6.69e-20	95.9	poly(A) RNA polymerase GLD2 isoform 2 [Homo sapiens]	TRUE	TENT2
XP_792619.4	NP_001375057.1	0	N/A	26.198	313	46	6.69e-20	95.9	poly(A) RNA polymerase GLD2 isoform 2 [Homo sapiens]	TRUE	TENT2
XP_792619.4	NP_001375056.1	0	N/A	26.198	313	46	6.69e-20	95.9	poly(A) RNA polymerase GLD2 isoform 2 [Homo sapiens]	TRUE	TENT2
XP_792619.4	NP_001375055.1	0	N/A	26.198	313	46	6.69e-20	95.9	poly(A) RNA polymerase GLD2 isoform 2 [Homo sapiens]	TRUE	TENT2
XP_792619.4	NP_001375054.1	0	N/A	26.198	313	46	6.69e-20	95.9	poly(A) RNA polymerase GLD2 isoform 2 [Homo sapiens]	TRUE	TENT2
XP_792619.4	NP_001375053.1	0	N/A	26.198	313	46	6.69e-20	95.9	poly(A) RNA polymerase GLD2 isoform 2 [Homo sapiens]	TRUE	TENT2
XP_792619.4	NP_001375052.1	0	N/A	26.198	313	46	6.69e-20	95.9	poly(A) RNA polymerase GLD2 isoform 2 [Homo sapiens]	TRUE	TENT2
XP_792619.4	NP_001375051.1	0	N/A	26.198	313	46	6.69e-20	95.9	poly(A) RNA polymerase GLD2 isoform 2 [Homo sapiens]	TRUE	TENT2
XP_792619.4	NP_001375050.1	0	N/A	26.198	313	46	6.69e-20	95.9	poly(A) RNA polymerase GLD2 isoform 2 [Homo sapiens]	TRUE	TENT2
XP_792619.4	NP_001375049.1	0	N/A	26.198	313	46	6.69e-20	95.9	poly(A) RNA polymerase GLD2 isoform 2 [Homo sapiens]	TRUE	TENT2
XP_792619.4	NP_001375048.1	0	N/A	26.198	313	46	6.69e-20	95.9	poly(A) RNA polymerase GLD2 isoform 2 [Homo sapiens]	TRUE	TENT2
XP_792619.4	NP_001375047.1	0	N/A	26.198	313	46	6.69e-20	95.9	poly(A) RNA polymerase GLD2 isoform 2 [Homo sapiens]	TRUE	TENT2
XP_792619.4	NP_001375046.1	0	N/A	26.198	313	46	6.69e-20	95.9	poly(A) RNA polymerase GLD2 isoform 2 [Homo sapiens]	TRUE	TENT2
XP_792619.4	NP_001375045.1	0	N/A	26.198	313	46	6.69e-20	95.9	poly(A) RNA polymerase GLD2 isoform 2 [Homo sapiens]	TRUE	TENT2
XP_792619.4	NP_001375044.1	0	N/A	26.198	313	46	6.69e-20	95.9	poly(A) RNA polymerase GLD2 isoform 2 [Homo sapiens]	TRUE	TENT2
XP_792619.4	NP_001375043.1	0	N/A	26.198	313	46	6.69e-20	95.9	poly(A) RNA polymerase GLD2 isoform 2 [Homo sapiens]	TRUE	TENT2
XP_792619.4	NP_001336483.1	0	N/A	26.198	313	46	6.69e-20	95.9	poly(A) RNA polymerase GLD2 isoform 2 [Homo sapiens]	TRUE	TENT2
XP_792619.4	NP_001284673.1	0	N/A	26.198	313	46	6.69e-20	95.9	poly(A) RNA polymerase GLD2 isoform 2 [Homo sapiens]	TRUE	TENT2
XP_792619.4	NP_001375061.1	0	N/A	26.198	313	46	6.74e-20	95.5	poly(A) RNA polymerase GLD2 isoform 12 [Homo sapiens]	TRUE	TENT2
XP_792619.4	NP_001375059.1	0	N/A	26.198	313	46	6.77e-20	95.9	poly(A) RNA polymerase GLD2 isoform 10 [Homo sapiens]	TRUE	TENT2
XP_792619.4	NP_001375027.1	0	N/A	27.9	319	46	6.91e-20	95.9	poly(A) RNA polymerase GLD2 isoform 7 [Homo sapiens]	TRUE	TENT2
XP_792619.4	XP_047272801.1	0	N/A	27.554	323	46	2.2e-19	94.4	poly(A) RNA polymerase GLD2 isoform X1 [Homo sapiens]	TRUE	TENT2
XP_792619.4	XP_047272800.1	0	N/A	27.554	323	46	2.2e-19	94.4	poly(A) RNA polymerase GLD2 isoform X1 [Homo sapiens]	TRUE	TENT2
XP_792619.4	XP_011541527.1	0	N/A	27.554	323	46	2.2e-19	94.4	poly(A) RNA polymerase GLD2 isoform X1 [Homo sapiens]	TRUE	TENT2
XP_792619.4	XP_011541526.1	0	N/A	27.554	323	46	2.2e-19	94.4	poly(A) RNA polymerase GLD2 isoform X1 [Homo sapiens]	TRUE	TENT2
XP_792619.4	XP_011541523.1	0	N/A	27.554	323	46	2.2e-19	94.4	poly(A) RNA polymerase GLD2 isoform X1 [Homo sapiens]	TRUE	TENT2
XP_792619.4	XP_011541522.1	0	N/A	27.554	323	46	2.2e-19	94.4	poly(A) RNA polymerase GLD2 isoform X1 [Homo sapiens]	TRUE	TENT2
XP_792619.4	NP_001375023.1	0	N/A	27.554	323	46	2.2e-19	94.4	poly(A) RNA polymerase GLD2 isoform 5 [Homo sapiens]	TRUE	TENT2
XP_792619.4	NP_001375022.1	0	N/A	27.554	323	46	2.2e-19	94.4	poly(A) RNA polymerase GLD2 isoform 5 [Homo sapiens]	TRUE	TENT2
XP_792619.4	NP_001336479.1	0	N/A	27.554	323	46	2.2e-19	94.4	poly(A) RNA polymerase GLD2 isoform 5 [Homo sapiens]	TRUE	TENT2
XP_792619.4	NP_001336478.1	0	N/A	27.554	323	46	2.2e-19	94.4	poly(A) RNA polymerase GLD2 isoform 5 [Homo sapiens]	TRUE	TENT2
XP_792619.4	NP_001375029.1	0	N/A	27.925	265	40	4.15e-18	90.5	poly(A) RNA polymerase GLD2 isoform 8 [Homo sapiens]	TRUE	TENT2
XP_792619.4	NP_001375028.1	0	N/A	27.925	265	40	4.15e-18	90.5	poly(A) RNA polymerase GLD2 isoform 8 [Homo sapiens]	TRUE	TENT2
XP_792619.4	NP_001375030.1	0	N/A	27.451	255	38	1.34e-17	88.6	poly(A) RNA polymerase GLD2 isoform 9 [Homo sapiens]	TRUE	TENT2
XP_792619.4	XP_047272286.1	0	N/A	28.807	243	36	1.36e-17	90.1	terminal uridylyltransferase 4 isoform X8 [Homo sapiens]	TRUE	Tut4
XP_792619.4	XP_047272290.1	0	N/A	28.807	243	36	1.38e-17	90.1	terminal uridylyltransferase 4 isoform X11 [Homo sapiens]	TRUE	Tut4
XP_792619.4	XP_011539399.1	0	N/A	28.807	243	36	1.49e-17	90.1	terminal uridylyltransferase 4 isoform X1 [Homo sapiens]	TRUE	Tut4
XP_792619.4	XP_005270733.1	0	N/A	28.807	243	36	1.49e-17	90.1	terminal uridylyltransferase 4 isoform X1 [Homo sapiens]	TRUE	Tut4
XP_792619.4	XP_011539401.1	0	N/A	28.807	243	36	1.51e-17	90.1	terminal uridylyltransferase 4 isoform X29 [Homo sapiens]	TRUE	Tut4
XP_792619.4	XP_047272345.1	0	N/A	28.807	243	36	1.54e-17	90.1	terminal uridylyltransferase 4 isoform X31 [Homo sapiens]	TRUE	Tut4
XP_792619.4	XP_005270735.1	0	N/A	28.807	243	36	1.54e-17	90.1	terminal uridylyltransferase 4 isoform X2 [Homo sapiens]	TRUE	Tut4
XP_792619.4	XP_047272280.1	0	N/A	28.807	243	36	1.58e-17	89.7	terminal uridylyltransferase 4 isoform X3 [Homo sapiens]	TRUE	Tut4
XP_792619.4	XP_005270736.1	0	N/A	28.807	243	36	1.58e-17	89.7	terminal uridylyltransferase 4 isoform X3 [Homo sapiens]	TRUE	Tut4
XP_792619.4	XP_047272285.1	0	N/A	28.807	243	36	1.6e-17	89.7	terminal uridylyltransferase 4 isoform X7 [Homo sapiens]	TRUE	Tut4
XP_792619.4	XP_005270739.1	0	N/A	28.807	243	36	1.6e-17	89.7	terminal uridylyltransferase 4 isoform X33 [Homo sapiens]	TRUE	Tut4
XP_792619.4	XP_016856297.1	0	N/A	28.807	243	36	1.61e-17	89.7	terminal uridylyltransferase 4 isoform X36 [Homo sapiens]	TRUE	Tut4
XP_792619.4	XP_016856295.1	0	N/A	28.807	243	36	1.63e-17	89.7	terminal uridylyltransferase 4 isoform X25 [Homo sapiens]	TRUE	Tut4
XP_792619.4	XP_047272365.1	0	N/A	28.807	243	36	1.67e-17	89.7	terminal uridylyltransferase 4 isoform X38 [Homo sapiens]	TRUE	Tut4
XP_792619.4	XP_047272295.1	0	N/A	28.807	243	36	1.69e-17	89.7	terminal uridylyltransferase 4 isoform X12 [Homo sapiens]	TRUE	Tut4
XP_792619.4	XP_047272344.1	0	N/A	28.807	243	36	1.72e-17	89.7	terminal uridylyltransferase 4 isoform X30 [Homo sapiens]	TRUE	Tut4
XP_792619.4	XP_047272372.1	0	N/A	28.807	243	36	1.82e-17	89.7	terminal uridylyltransferase 4 isoform X42 [Homo sapiens]	TRUE	Tut4
XP_792619.4	XP_016856292.1	0	N/A	28.807	243	36	1.86e-17	89.7	terminal uridylyltransferase 4 isoform X9 [Homo sapiens]	TRUE	Tut4
XP_792619.4	XP_047272305.1	0	N/A	28.807	243	36	1.89e-17	89.7	terminal uridylyltransferase 4 isoform X17 [Homo sapiens]	TRUE	Tut4
XP_792619.4	XP_047272288.1	0	N/A	28.807	243	36	1.9e-17	89.7	terminal uridylyltransferase 4 isoform X10 [Homo sapiens]	TRUE	Tut4
XP_792619.4	XP_016856299.1	0	N/A	28.807	243	36	1.95e-17	89.7	terminal uridylyltransferase 4 isoform X40 [Homo sapiens]	TRUE	Tut4
XP_792619.4	XP_047272296.1	0	N/A	28.807	243	36	1.96e-17	89.7	terminal uridylyltransferase 4 isoform X13 [Homo sapiens]	TRUE	Tut4
XP_792619.4	XP_047272325.1	0	N/A	28.807	243	36	1.97e-17	89.7	terminal uridylyltransferase 4 isoform X23 [Homo sapiens]	TRUE	Tut4
XP_792619.4	XP_047272281.1	0	N/A	28.807	243	36	2.02e-17	89.7	terminal uridylyltransferase 4 isoform X4 [Homo sapiens]	TRUE	Tut4
XP_792619.4	NP_001009881.1	0	N/A	28.807	243	36	2.02e-17	89.7	terminal uridylyltransferase 4 isoform a [Homo sapiens]	TRUE	Tut4
XP_792619.4	XP_016856293.1	0	N/A	28.807	243	36	2.05e-17	89.7	terminal uridylyltransferase 4 isoform X16 [Homo sapiens]	TRUE	Tut4
XP_792619.4	XP_047272337.1	0	N/A	28.807	243	36	2.05e-17	89.4	terminal uridylyltransferase 4 isoform X27 [Homo sapiens]	TRUE	Tut4
XP_792619.4	XP_047272350.1	0	N/A	28.807	243	36	2.07e-17	89.4	terminal uridylyltransferase 4 isoform X34 [Homo sapiens]	TRUE	Tut4
XP_792619.4	XP_047272282.1	0	N/A	28.807	243	36	2.15e-17	89.4	terminal uridylyltransferase 4 isoform X5 [Homo sapiens]	TRUE	Tut4
XP_792619.4	NP_056084.1	0	N/A	28.807	243	36	2.15e-17	89.4	terminal uridylyltransferase 4 isoform b [Homo sapiens]	TRUE	Tut4
XP_792619.4	XP_016856296.1	0	N/A	28.807	243	36	2.16e-17	89.4	terminal uridylyltransferase 4 isoform X28 [Homo sapiens]	TRUE	Tut4
XP_888584.1	NP_008930.2	0	N/A	30.588	85	3	6.5e-06	54.7	terminal nucleotidyltransferase 4A isoform 1 [Homo sapiens]	TRUE	TENT4A
XP_888584.1	NP_001165276.2	0	N/A	30.588	85	3	6.55e-06	54.7	terminal nucleotidyltransferase 4A isoform 2 [Homo sapiens]	TRUE	TENT4A
XP_888584.1	XP_047272622.1	0	N/A	30.588	85	3	1.18e-05	53.5	terminal nucleotidyltransferase 4A isoform X1 [Homo sapiens]	TRUE	TENT4A
XP_888584.1	XP_047272621.1	0	N/A	30.588	85	3	1.18e-05	53.5	terminal nucleotidyltransferase 4A isoform X1 [Homo sapiens]	TRUE	TENT4A
XP_888584.1	XP_047272620.1	0	N/A	30.588	85	3	1.18e-05	53.5	terminal nucleotidyltransferase 4A isoform X1 [Homo sapiens]	TRUE	TENT4A
XP_888584.1	XP_047272623.1	0	N/A	30.588	85	3	1.49e-05	53.1	terminal nucleotidyltransferase 4A isoform X2 [Homo sapiens]	TRUE	TENT4A
XP_888584.1	XP_016864477.1	0	N/A	30.588	85	3	1.49e-05	53.1	terminal nucleotidyltransferase 4A isoform X2 [Homo sapiens]	TRUE	TENT4A
XP_888584.1	XP_047272624.1	0	N/A	30.588	85	3	1.62e-05	53.1	terminal nucleotidyltransferase 4A isoform X3 [Homo sapiens]	TRUE	TENT4A
XP_888584.1	XP_047290433.1	0	N/A	32.941	85	3	0.000342	48.9	terminal nucleotidyltransferase 4B isoform X6 [Homo sapiens]	TRUE	TENT4B
XP_888584.1	XP_011521580.1	0	N/A	32.941	85	3	0.000343	48.9	terminal nucleotidyltransferase 4B isoform X5 [Homo sapiens]	TRUE	TENT4B
XP_888584.1	NP_001172003.1	0	N/A	24.51	204	6	0.000389	48.9	terminal uridylyltransferase 7 isoform 2 [Homo sapiens]	TRUE	Tut7
XP_888584.1	NP_001352252.1	0	N/A	32.941	85	3	4e-04	48.9	terminal nucleotidyltransferase 4B isoform c [Homo sapiens]	TRUE	TENT4B
XP_888584.1	XP_047290432.1	0	N/A	32.941	85	3	0.000438	48.5	terminal nucleotidyltransferase 4B isoform X4 [Homo sapiens]	TRUE	TENT4B
XP_888584.1	NP_001352253.1	0	N/A	32.941	85	3	0.000455	48.5	terminal nucleotidyltransferase 4B isoform d [Homo sapiens]	TRUE	TENT4B
XP_888584.1	XP_047290431.1	0	N/A	32.941	85	3	0.000479	48.5	terminal nucleotidyltransferase 4B isoform X3 [Homo sapiens]	TRUE	TENT4B
XP_888584.1	NP_001035374.2	0	N/A	32.941	85	3	0.000597	48.1	terminal nucleotidyltransferase 4B isoform a [Homo sapiens]	TRUE	TENT4B
XP_888584.1	XP_011521577.1	0	N/A	32.941	85	3	0.000598	48.1	terminal nucleotidyltransferase 4B isoform X1 [Homo sapiens]	TRUE	TENT4B
XP_888584.1	NP_001035375.2	0	N/A	32.941	85	3	0.000689	48.1	terminal nucleotidyltransferase 4B isoform b [Homo sapiens]	TRUE	TENT4B
XP_888584.1	XP_011521578.1	0	N/A	32.941	85	3	0.000689	48.1	terminal nucleotidyltransferase 4B isoform X2 [Homo sapiens]	TRUE	TENT4B
XP_888584.1	NP_001317647.1	0	N/A	25	96	3	0.014	43.9	terminal uridylyltransferase 7 isoform 3 [Homo sapiens]	TRUE	Tut7
XP_888584.1	XP_047279823.1	0	N/A	26.829	82	3	0.045	42.4	terminal uridylyltransferase 7 isoform X2 [Homo sapiens]	TRUE	Tut7
XP_888584.1	XP_006717346.1	0	N/A	26.829	82	3	0.045	42.4	terminal uridylyltransferase 7 isoform X2 [Homo sapiens]	TRUE	Tut7
XP_888584.1	XP_016870620.1	0	N/A	26.829	82	3	0.049	42.4	terminal uridylyltransferase 7 isoform X4 [Homo sapiens]	TRUE	Tut7
XP_888584.1	XP_016870619.1	0	N/A	26.829	82	3	0.049	42.4	terminal uridylyltransferase 7 isoform X4 [Homo sapiens]	TRUE	Tut7
XP_888584.1	NP_078893.2	0	N/A	26.829	82	3	0.049	42.4	terminal uridylyltransferase 7 isoform 1 [Homo sapiens]	TRUE	Tut7
XP_888584.1	NP_001171988.1	0	N/A	26.829	82	3	0.049	42.4	terminal uridylyltransferase 7 isoform 1 [Homo sapiens]	TRUE	Tut7
XP_888584.1	XP_011517317.1	0	N/A	26.829	82	3	0.049	42.4	terminal uridylyltransferase 7 isoform X3 [Homo sapiens]	TRUE	Tut7
XP_888584.1	XP_047279825.1	0	N/A	26.829	82	3	0.051	42	terminal uridylyltransferase 7 isoform X6 [Homo sapiens]	TRUE	Tut7
XP_888584.1	XP_047279824.1	0	N/A	26.829	82	3	0.051	42	terminal uridylyltransferase 7 isoform X6 [Homo sapiens]	TRUE	Tut7
XP_888584.1	XP_005252264.1	0	N/A	26.829	82	3	0.051	42	terminal uridylyltransferase 7 isoform X6 [Homo sapiens]	TRUE	Tut7
XP_888584.1	XP_011517318.1	0	N/A	26.829	82	3	0.053	42	terminal uridylyltransferase 7 isoform X5 [Homo sapiens]	TRUE	Tut7
XP_888584.1	XP_011517316.1	0	N/A	25.882	85	3	0.061	42	terminal uridylyltransferase 7 isoform X1 [Homo sapiens]	TRUE	Tut7
XP_888584.1	XP_011517315.1	0	N/A	25.882	85	3	0.061	42	terminal uridylyltransferase 7 isoform X1 [Homo sapiens]	TRUE	Tut7
XP_888584.1	XP_011517314.1	0	N/A	25.882	85	3	0.061	42	terminal uridylyltransferase 7 isoform X1 [Homo sapiens]	TRUE	Tut7
XP_888584.1	XP_011517313.1	0	N/A	25.882	85	3	0.061	42	terminal uridylyltransferase 7 isoform X1 [Homo sapiens]	TRUE	Tut7
XP_888584.1	XP_005252265.1	0	N/A	26.829	82	3	0.062	42	terminal uridylyltransferase 7 isoform X7 [Homo sapiens]	TRUE	Tut7
XP_960550.2	XP_047290433.1	0	N/A	34.416	308	40	2.84e-48	180	terminal nucleotidyltransferase 4B isoform X6 [Homo sapiens]	TRUE	TENT4B
XP_960550.2	XP_011521580.1	0	N/A	34.416	308	40	5.97e-48	180	terminal nucleotidyltransferase 4B isoform X5 [Homo sapiens]	TRUE	TENT4B
XP_960550.2	NP_001035375.2	0	N/A	34.416	308	40	1.01e-47	182	terminal nucleotidyltransferase 4B isoform b [Homo sapiens]	TRUE	TENT4B
XP_960550.2	XP_011521578.1	0	N/A	34.416	308	40	1.02e-47	182	terminal nucleotidyltransferase 4B isoform X2 [Homo sapiens]	TRUE	TENT4B
XP_960550.2	NP_001035374.2	0	N/A	34.416	308	40	1.86e-47	182	terminal nucleotidyltransferase 4B isoform a [Homo sapiens]	TRUE	TENT4B
XP_960550.2	XP_011521577.1	0	N/A	34.416	308	40	1.88e-47	182	terminal nucleotidyltransferase 4B isoform X1 [Homo sapiens]	TRUE	TENT4B
XP_960550.2	XP_047290432.1	0	N/A	34.416	308	40	4.39e-47	180	terminal nucleotidyltransferase 4B isoform X4 [Homo sapiens]	TRUE	TENT4B
XP_960550.2	XP_047290431.1	0	N/A	34.416	308	40	4.52e-47	180	terminal nucleotidyltransferase 4B isoform X3 [Homo sapiens]	TRUE	TENT4B
XP_960550.2	NP_001352252.1	0	N/A	34.416	308	40	6.84e-47	180	terminal nucleotidyltransferase 4B isoform c [Homo sapiens]	TRUE	TENT4B
XP_960550.2	NP_001352253.1	0	N/A	34.416	308	40	7.9e-47	180	terminal nucleotidyltransferase 4B isoform d [Homo sapiens]	TRUE	TENT4B
XP_960550.2	NP_001165276.2	0	N/A	32.53	332	43	1.28e-44	174	terminal nucleotidyltransferase 4A isoform 2 [Homo sapiens]	TRUE	TENT4A
XP_960550.2	NP_008930.2	0	N/A	32.53	332	43	1.38e-44	174	terminal nucleotidyltransferase 4A isoform 1 [Homo sapiens]	TRUE	TENT4A
XP_960550.2	XP_047272622.1	0	N/A	31.429	315	40	2.14e-38	153	terminal nucleotidyltransferase 4A isoform X1 [Homo sapiens]	TRUE	TENT4A
XP_960550.2	XP_047272621.1	0	N/A	31.429	315	40	2.14e-38	153	terminal nucleotidyltransferase 4A isoform X1 [Homo sapiens]	TRUE	TENT4A
XP_960550.2	XP_047272620.1	0	N/A	31.429	315	40	2.14e-38	153	terminal nucleotidyltransferase 4A isoform X1 [Homo sapiens]	TRUE	TENT4A
XP_960550.2	XP_047272624.1	0	N/A	31.41	312	40	4.51e-38	152	terminal nucleotidyltransferase 4A isoform X3 [Homo sapiens]	TRUE	TENT4A
XP_960550.2	XP_047272623.1	0	N/A	31.41	312	40	4.74e-38	151	terminal nucleotidyltransferase 4A isoform X2 [Homo sapiens]	TRUE	TENT4A
XP_960550.2	XP_016864477.1	0	N/A	31.41	312	40	4.74e-38	151	terminal nucleotidyltransferase 4A isoform X2 [Homo sapiens]	TRUE	TENT4A
XP_960550.2	XP_047279823.1	0	N/A	24.779	226	28	4.46e-13	75.9	terminal uridylyltransferase 7 isoform X2 [Homo sapiens]	TRUE	Tut7
XP_960550.2	XP_006717346.1	0	N/A	24.779	226	28	4.46e-13	75.9	terminal uridylyltransferase 7 isoform X2 [Homo sapiens]	TRUE	Tut7
XP_960550.2	XP_016870620.1	0	N/A	24.779	226	28	5.03e-13	75.9	terminal uridylyltransferase 7 isoform X4 [Homo sapiens]	TRUE	Tut7
XP_960550.2	XP_016870619.1	0	N/A	24.779	226	28	5.03e-13	75.9	terminal uridylyltransferase 7 isoform X4 [Homo sapiens]	TRUE	Tut7
XP_960550.2	NP_078893.2	0	N/A	24.779	226	28	5.03e-13	75.9	terminal uridylyltransferase 7 isoform 1 [Homo sapiens]	TRUE	Tut7
XP_960550.2	NP_001171988.1	0	N/A	24.779	226	28	5.03e-13	75.9	terminal uridylyltransferase 7 isoform 1 [Homo sapiens]	TRUE	Tut7
XP_960550.2	XP_047279825.1	0	N/A	24.779	226	28	5.24e-13	75.9	terminal uridylyltransferase 7 isoform X6 [Homo sapiens]	TRUE	Tut7
XP_960550.2	XP_047279824.1	0	N/A	24.779	226	28	5.24e-13	75.9	terminal uridylyltransferase 7 isoform X6 [Homo sapiens]	TRUE	Tut7
XP_960550.2	XP_005252264.1	0	N/A	24.779	226	28	5.24e-13	75.9	terminal uridylyltransferase 7 isoform X6 [Homo sapiens]	TRUE	Tut7
XP_960550.2	XP_011517317.1	0	N/A	24.779	226	28	5.61e-13	75.5	terminal uridylyltransferase 7 isoform X3 [Homo sapiens]	TRUE	Tut7
XP_960550.2	XP_011517318.1	0	N/A	24.779	226	28	6.28e-13	75.5	terminal uridylyltransferase 7 isoform X5 [Homo sapiens]	TRUE	Tut7
XP_960550.2	NP_001317647.1	0	N/A	24.779	226	28	6.61e-13	75.1	terminal uridylyltransferase 7 isoform 3 [Homo sapiens]	TRUE	Tut7
XP_960550.2	XP_005252265.1	0	N/A	24.779	226	28	7.11e-13	75.5	terminal uridylyltransferase 7 isoform X7 [Homo sapiens]	TRUE	Tut7
XP_960550.2	XP_011517316.1	0	N/A	24.779	226	28	8.12e-13	75.1	terminal uridylyltransferase 7 isoform X1 [Homo sapiens]	TRUE	Tut7
XP_960550.2	XP_011517315.1	0	N/A	24.779	226	28	8.12e-13	75.1	terminal uridylyltransferase 7 isoform X1 [Homo sapiens]	TRUE	Tut7
XP_960550.2	XP_011517314.1	0	N/A	24.779	226	28	8.12e-13	75.1	terminal uridylyltransferase 7 isoform X1 [Homo sapiens]	TRUE	Tut7
XP_960550.2	XP_011517313.1	0	N/A	24.779	226	28	8.12e-13	75.1	terminal uridylyltransferase 7 isoform X1 [Homo sapiens]	TRUE	Tut7
XP_960550.2	XP_047272354.1	0	N/A	21.786	280	34	2.1e-07	57.4	terminal uridylyltransferase 4 isoform X35 [Homo sapiens]	TRUE	Tut4
XP_960550.2	XP_047272367.1	0	N/A	21.786	280	34	2.12e-07	57.4	terminal uridylyltransferase 4 isoform X39 [Homo sapiens]	TRUE	Tut4
XP_960550.2	XP_047272362.1	0	N/A	21.786	280	34	2.13e-07	57.4	terminal uridylyltransferase 4 isoform X37 [Homo sapiens]	TRUE	Tut4
XP_960550.2	XP_047272337.1	0	N/A	21.786	280	34	2.33e-07	57.4	terminal uridylyltransferase 4 isoform X27 [Homo sapiens]	TRUE	Tut4
XP_960550.2	XP_016856296.1	0	N/A	21.786	280	34	2.37e-07	57.4	terminal uridylyltransferase 4 isoform X28 [Homo sapiens]	TRUE	Tut4
XP_960550.2	XP_047272350.1	0	N/A	21.786	280	34	2.41e-07	57.4	terminal uridylyltransferase 4 isoform X34 [Homo sapiens]	TRUE	Tut4
XP_960550.2	XP_047272348.1	0	N/A	21.786	280	34	2.73e-07	57	terminal uridylyltransferase 4 isoform X32 [Homo sapiens]	TRUE	Tut4
XP_960550.2	XP_047272344.1	0	N/A	21.786	280	34	3.19e-07	57	terminal uridylyltransferase 4 isoform X30 [Homo sapiens]	TRUE	Tut4
XP_960550.2	XP_016856295.1	0	N/A	21.786	280	34	3.2e-07	57	terminal uridylyltransferase 4 isoform X25 [Homo sapiens]	TRUE	Tut4
XP_960550.2	XP_047272325.1	0	N/A	21.786	280	34	3.34e-07	57	terminal uridylyltransferase 4 isoform X23 [Homo sapiens]	TRUE	Tut4
XP_960550.2	NP_001172003.1	0	N/A	27.273	143	18	4.16e-07	56.6	terminal uridylyltransferase 7 isoform 2 [Homo sapiens]	TRUE	Tut7
XP_960550.2	XP_047272811.1	0	N/A	19.925	266	30	2.46e-06	53.5	poly(A) RNA polymerase GLD2 isoform X4 [Homo sapiens]	TRUE	TENT2
XP_960550.2	XP_047272810.1	0	N/A	19.925	266	30	2.46e-06	53.5	poly(A) RNA polymerase GLD2 isoform X4 [Homo sapiens]	TRUE	TENT2
XP_960550.2	XP_047272809.1	0	N/A	19.925	266	30	2.46e-06	53.5	poly(A) RNA polymerase GLD2 isoform X4 [Homo sapiens]	TRUE	TENT2
XP_960550.2	NP_001375058.1	0	N/A	19.925	266	30	2.46e-06	53.5	poly(A) RNA polymerase GLD2 isoform 2 [Homo sapiens]	TRUE	TENT2
XP_960550.2	NP_001375057.1	0	N/A	19.925	266	30	2.46e-06	53.5	poly(A) RNA polymerase GLD2 isoform 2 [Homo sapiens]	TRUE	TENT2
XP_960550.2	NP_001375056.1	0	N/A	19.925	266	30	2.46e-06	53.5	poly(A) RNA polymerase GLD2 isoform 2 [Homo sapiens]	TRUE	TENT2
XP_960550.2	NP_001375055.1	0	N/A	19.925	266	30	2.46e-06	53.5	poly(A) RNA polymerase GLD2 isoform 2 [Homo sapiens]	TRUE	TENT2
XP_960550.2	NP_001375054.1	0	N/A	19.925	266	30	2.46e-06	53.5	poly(A) RNA polymerase GLD2 isoform 2 [Homo sapiens]	TRUE	TENT2
XP_960550.2	NP_001375053.1	0	N/A	19.925	266	30	2.46e-06	53.5	poly(A) RNA polymerase GLD2 isoform 2 [Homo sapiens]	TRUE	TENT2
XP_960550.2	NP_001375052.1	0	N/A	19.925	266	30	2.46e-06	53.5	poly(A) RNA polymerase GLD2 isoform 2 [Homo sapiens]	TRUE	TENT2
XP_960550.2	NP_001375051.1	0	N/A	19.925	266	30	2.46e-06	53.5	poly(A) RNA polymerase GLD2 isoform 2 [Homo sapiens]	TRUE	TENT2
XP_960550.2	NP_001375050.1	0	N/A	19.925	266	30	2.46e-06	53.5	poly(A) RNA polymerase GLD2 isoform 2 [Homo sapiens]	TRUE	TENT2
XP_960550.2	NP_001375049.1	0	N/A	19.925	266	30	2.46e-06	53.5	poly(A) RNA polymerase GLD2 isoform 2 [Homo sapiens]	TRUE	TENT2
XP_960550.2	NP_001375048.1	0	N/A	19.925	266	30	2.46e-06	53.5	poly(A) RNA polymerase GLD2 isoform 2 [Homo sapiens]	TRUE	TENT2
XP_960550.2	NP_001375047.1	0	N/A	19.925	266	30	2.46e-06	53.5	poly(A) RNA polymerase GLD2 isoform 2 [Homo sapiens]	TRUE	TENT2
XP_960550.2	NP_001375046.1	0	N/A	19.925	266	30	2.46e-06	53.5	poly(A) RNA polymerase GLD2 isoform 2 [Homo sapiens]	TRUE	TENT2
XP_960550.2	NP_001375045.1	0	N/A	19.925	266	30	2.46e-06	53.5	poly(A) RNA polymerase GLD2 isoform 2 [Homo sapiens]	TRUE	TENT2
XP_960550.2	NP_001375044.1	0	N/A	19.925	266	30	2.46e-06	53.5	poly(A) RNA polymerase GLD2 isoform 2 [Homo sapiens]	TRUE	TENT2
XP_960550.2	NP_001375043.1	0	N/A	19.925	266	30	2.46e-06	53.5	poly(A) RNA polymerase GLD2 isoform 2 [Homo sapiens]	TRUE	TENT2
XP_960550.2	NP_001336483.1	0	N/A	19.925	266	30	2.46e-06	53.5	poly(A) RNA polymerase GLD2 isoform 2 [Homo sapiens]	TRUE	TENT2
XP_960550.2	NP_001284673.1	0	N/A	19.925	266	30	2.46e-06	53.5	poly(A) RNA polymerase GLD2 isoform 2 [Homo sapiens]	TRUE	TENT2
XP_960550.2	NP_001375059.1	0	N/A	19.925	266	30	2.64e-06	53.5	poly(A) RNA polymerase GLD2 isoform 10 [Homo sapiens]	TRUE	TENT2
XP_960550.2	XP_016856293.1	0	N/A	22.892	249	30	2.92e-06	53.9	terminal uridylyltransferase 4 isoform X16 [Homo sapiens]	TRUE	Tut4
XP_960550.2	XP_047272384.1	0	N/A	22.892	249	30	3.09e-06	53.5	terminal uridylyltransferase 4 isoform X46 [Homo sapiens]	TRUE	Tut4
XP_960550.2	XP_047272288.1	0	N/A	22.892	249	30	3.1e-06	53.5	terminal uridylyltransferase 4 isoform X10 [Homo sapiens]	TRUE	Tut4
XP_960550.2	XP_016856299.1	0	N/A	22.892	249	30	3.13e-06	53.5	terminal uridylyltransferase 4 isoform X40 [Homo sapiens]	TRUE	Tut4
XP_960550.2	XP_047272365.1	0	N/A	22.892	249	30	3.15e-06	53.5	terminal uridylyltransferase 4 isoform X38 [Homo sapiens]	TRUE	Tut4
XP_960550.2	XP_016856292.1	0	N/A	22.892	249	30	3.35e-06	53.5	terminal uridylyltransferase 4 isoform X9 [Homo sapiens]	TRUE	Tut4
XP_960550.2	XP_047272345.1	0	N/A	22.892	249	30	3.47e-06	53.5	terminal uridylyltransferase 4 isoform X31 [Homo sapiens]	TRUE	Tut4
XP_960550.2	XP_047272283.1	0	N/A	22.892	249	30	3.5e-06	53.5	terminal uridylyltransferase 4 isoform X6 [Homo sapiens]	TRUE	Tut4
XP_960550.2	XP_005270737.1	0	N/A	22.892	249	30	3.5e-06	53.5	terminal uridylyltransferase 4 isoform X6 [Homo sapiens]	TRUE	Tut4
XP_960550.2	XP_011539401.1	0	N/A	22.892	249	30	3.59e-06	53.5	terminal uridylyltransferase 4 isoform X29 [Homo sapiens]	TRUE	Tut4
XP_960550.2	XP_047272285.1	0	N/A	22.892	249	30	3.61e-06	53.5	terminal uridylyltransferase 4 isoform X7 [Homo sapiens]	TRUE	Tut4
XP_960550.2	XP_047272280.1	0	N/A	22.892	249	30	3.78e-06	53.5	terminal uridylyltransferase 4 isoform X3 [Homo sapiens]	TRUE	Tut4
XP_960550.2	XP_005270736.1	0	N/A	22.892	249	30	3.78e-06	53.5	terminal uridylyltransferase 4 isoform X3 [Homo sapiens]	TRUE	Tut4
XP_960550.2	XP_016856297.1	0	N/A	22.892	249	30	3.83e-06	53.5	terminal uridylyltransferase 4 isoform X36 [Homo sapiens]	TRUE	Tut4
XP_960550.2	XP_047272282.1	0	N/A	22.892	249	30	3.97e-06	53.5	terminal uridylyltransferase 4 isoform X5 [Homo sapiens]	TRUE	Tut4
XP_960550.2	NP_056084.1	0	N/A	22.892	249	30	3.97e-06	53.5	terminal uridylyltransferase 4 isoform b [Homo sapiens]	TRUE	Tut4
XP_960550.2	XP_047272281.1	0	N/A	22.892	249	30	3.97e-06	53.5	terminal uridylyltransferase 4 isoform X4 [Homo sapiens]	TRUE	Tut4
XP_960550.2	NP_001009881.1	0	N/A	22.892	249	30	3.97e-06	53.5	terminal uridylyltransferase 4 isoform a [Homo sapiens]	TRUE	Tut4
XP_960550.2	XP_005270739.1	0	N/A	22.892	249	30	4.07e-06	53.1	terminal uridylyltransferase 4 isoform X33 [Homo sapiens]	TRUE	Tut4
XP_960550.2	NP_001375061.1	0	N/A	19.925	266	30	4.19e-06	52.8	poly(A) RNA polymerase GLD2 isoform 12 [Homo sapiens]	TRUE	TENT2
XP_960550.2	XP_011539399.1	0	N/A	22.892	249	30	4.4e-06	53.1	terminal uridylyltransferase 4 isoform X1 [Homo sapiens]	TRUE	Tut4
XP_960550.2	XP_005270733.1	0	N/A	22.892	249	30	4.4e-06	53.1	terminal uridylyltransferase 4 isoform X1 [Homo sapiens]	TRUE	Tut4
XP_960550.2	XP_047272808.1	0	N/A	20	270	30	4.43e-06	52.8	poly(A) RNA polymerase GLD2 isoform X3 [Homo sapiens]	TRUE	TENT2
XP_960550.2	XP_047272807.1	0	N/A	20	270	30	4.43e-06	52.8	poly(A) RNA polymerase GLD2 isoform X3 [Homo sapiens]	TRUE	TENT2
XP_960550.2	XP_047272806.1	0	N/A	20	270	30	4.43e-06	52.8	poly(A) RNA polymerase GLD2 isoform X3 [Homo sapiens]	TRUE	TENT2
XP_960550.2	NP_776158.2	0	N/A	20	270	30	4.43e-06	52.8	poly(A) RNA polymerase GLD2 isoform 1 [Homo sapiens]	TRUE	TENT2
XP_960550.2	NP_001375041.1	0	N/A	20	270	30	4.43e-06	52.8	poly(A) RNA polymerase GLD2 isoform 1 [Homo sapiens]	TRUE	TENT2
XP_960550.2	NP_001375040.1	0	N/A	20	270	30	4.43e-06	52.8	poly(A) RNA polymerase GLD2 isoform 1 [Homo sapiens]	TRUE	TENT2
XP_960550.2	NP_001375039.1	0	N/A	20	270	30	4.43e-06	52.8	poly(A) RNA polymerase GLD2 isoform 1 [Homo sapiens]	TRUE	TENT2
XP_960550.2	NP_001375038.1	0	N/A	20	270	30	4.43e-06	52.8	poly(A) RNA polymerase GLD2 isoform 1 [Homo sapiens]	TRUE	TENT2
XP_960550.2	NP_001375037.1	0	N/A	20	270	30	4.43e-06	52.8	poly(A) RNA polymerase GLD2 isoform 1 [Homo sapiens]	TRUE	TENT2
XP_960550.2	NP_001375036.1	0	N/A	20	270	30	4.43e-06	52.8	poly(A) RNA polymerase GLD2 isoform 1 [Homo sapiens]	TRUE	TENT2
XP_964090.3	XP_047272384.1	0	N/A	35.811	296	22	6.74e-42	169	terminal uridylyltransferase 4 isoform X46 [Homo sapiens]	TRUE	Tut4
XP_964090.3	XP_005270739.1	0	N/A	35.811	296	22	3.72e-41	168	terminal uridylyltransferase 4 isoform X33 [Homo sapiens]	TRUE	Tut4
XP_964090.3	XP_016856297.1	0	N/A	35.811	296	22	3.87e-41	168	terminal uridylyltransferase 4 isoform X36 [Homo sapiens]	TRUE	Tut4
XP_964090.3	XP_011539401.1	0	N/A	35.811	296	22	4.53e-41	168	terminal uridylyltransferase 4 isoform X29 [Homo sapiens]	TRUE	Tut4
XP_964090.3	XP_016856299.1	0	N/A	35.811	296	22	4.54e-41	168	terminal uridylyltransferase 4 isoform X40 [Homo sapiens]	TRUE	Tut4
XP_964090.3	XP_047272365.1	0	N/A	35.811	296	22	4.55e-41	168	terminal uridylyltransferase 4 isoform X38 [Homo sapiens]	TRUE	Tut4
XP_964090.3	XP_016856292.1	0	N/A	35.811	296	22	4.58e-41	168	terminal uridylyltransferase 4 isoform X9 [Homo sapiens]	TRUE	Tut4
XP_964090.3	XP_047272345.1	0	N/A	35.811	296	22	4.67e-41	168	terminal uridylyltransferase 4 isoform X31 [Homo sapiens]	TRUE	Tut4
XP_964090.3	XP_047272285.1	0	N/A	35.811	296	22	4.83e-41	168	terminal uridylyltransferase 4 isoform X7 [Homo sapiens]	TRUE	Tut4
XP_964090.3	XP_047272325.1	0	N/A	35.811	296	22	5.18e-41	168	terminal uridylyltransferase 4 isoform X23 [Homo sapiens]	TRUE	Tut4
XP_964090.3	XP_016856293.1	0	N/A	35.811	296	22	5.19e-41	168	terminal uridylyltransferase 4 isoform X16 [Homo sapiens]	TRUE	Tut4
XP_964090.3	XP_047272280.1	0	N/A	35.811	296	22	5.28e-41	168	terminal uridylyltransferase 4 isoform X3 [Homo sapiens]	TRUE	Tut4
XP_964090.3	XP_005270736.1	0	N/A	35.811	296	22	5.28e-41	168	terminal uridylyltransferase 4 isoform X3 [Homo sapiens]	TRUE	Tut4
XP_964090.3	XP_047272337.1	0	N/A	35.811	296	22	5.57e-41	168	terminal uridylyltransferase 4 isoform X27 [Homo sapiens]	TRUE	Tut4
XP_964090.3	XP_047272288.1	0	N/A	35.811	296	22	5.66e-41	168	terminal uridylyltransferase 4 isoform X10 [Homo sapiens]	TRUE	Tut4
XP_964090.3	XP_016856295.1	0	N/A	35.811	296	22	5.68e-41	168	terminal uridylyltransferase 4 isoform X25 [Homo sapiens]	TRUE	Tut4
XP_964090.3	XP_011539399.1	0	N/A	35.811	296	22	5.91e-41	168	terminal uridylyltransferase 4 isoform X1 [Homo sapiens]	TRUE	Tut4
XP_964090.3	XP_005270733.1	0	N/A	35.811	296	22	5.91e-41	168	terminal uridylyltransferase 4 isoform X1 [Homo sapiens]	TRUE	Tut4
XP_964090.3	XP_005270735.1	0	N/A	35.811	296	22	5.96e-41	168	terminal uridylyltransferase 4 isoform X2 [Homo sapiens]	TRUE	Tut4
XP_964090.3	XP_016856296.1	0	N/A	35.811	296	22	6.1e-41	168	terminal uridylyltransferase 4 isoform X28 [Homo sapiens]	TRUE	Tut4
XP_964090.3	XP_047272281.1	0	N/A	35.811	296	22	6.36e-41	168	terminal uridylyltransferase 4 isoform X4 [Homo sapiens]	TRUE	Tut4
XP_964090.3	NP_001009881.1	0	N/A	35.811	296	22	6.36e-41	168	terminal uridylyltransferase 4 isoform a [Homo sapiens]	TRUE	Tut4
XP_964090.3	XP_047272282.1	0	N/A	35.811	296	22	6.41e-41	168	terminal uridylyltransferase 4 isoform X5 [Homo sapiens]	TRUE	Tut4
XP_964090.3	NP_056084.1	0	N/A	35.811	296	22	6.41e-41	168	terminal uridylyltransferase 4 isoform b [Homo sapiens]	TRUE	Tut4
XP_964090.3	XP_047272283.1	0	N/A	35.811	296	22	6.45e-41	167	terminal uridylyltransferase 4 isoform X6 [Homo sapiens]	TRUE	Tut4
XP_964090.3	XP_005270737.1	0	N/A	35.811	296	22	6.45e-41	167	terminal uridylyltransferase 4 isoform X6 [Homo sapiens]	TRUE	Tut4
XP_964090.3	NP_001317647.1	0	N/A	35.811	296	22	9.45e-39	159	terminal uridylyltransferase 7 isoform 3 [Homo sapiens]	TRUE	Tut7
XP_964090.3	XP_047279823.1	0	N/A	35.135	296	22	1.5e-38	160	terminal uridylyltransferase 7 isoform X2 [Homo sapiens]	TRUE	Tut7
XP_964090.3	XP_006717346.1	0	N/A	35.135	296	22	1.5e-38	160	terminal uridylyltransferase 7 isoform X2 [Homo sapiens]	TRUE	Tut7
XP_964090.3	XP_011517317.1	0	N/A	35.135	296	22	1.82e-38	160	terminal uridylyltransferase 7 isoform X3 [Homo sapiens]	TRUE	Tut7
XP_964090.3	XP_047279825.1	0	N/A	35.135	296	22	2.43e-38	159	terminal uridylyltransferase 7 isoform X6 [Homo sapiens]	TRUE	Tut7
XP_964090.3	XP_047279824.1	0	N/A	35.135	296	22	2.43e-38	159	terminal uridylyltransferase 7 isoform X6 [Homo sapiens]	TRUE	Tut7
XP_964090.3	XP_005252264.1	0	N/A	35.135	296	22	2.43e-38	159	terminal uridylyltransferase 7 isoform X6 [Homo sapiens]	TRUE	Tut7
XP_964090.3	XP_016870620.1	0	N/A	35.135	296	22	2.52e-38	159	terminal uridylyltransferase 7 isoform X4 [Homo sapiens]	TRUE	Tut7
XP_964090.3	XP_016870619.1	0	N/A	35.135	296	22	2.52e-38	159	terminal uridylyltransferase 7 isoform X4 [Homo sapiens]	TRUE	Tut7
XP_964090.3	NP_078893.2	0	N/A	35.135	296	22	2.52e-38	159	terminal uridylyltransferase 7 isoform 1 [Homo sapiens]	TRUE	Tut7
XP_964090.3	NP_001171988.1	0	N/A	35.135	296	22	2.52e-38	159	terminal uridylyltransferase 7 isoform 1 [Homo sapiens]	TRUE	Tut7
XP_964090.3	XP_005252265.1	0	N/A	35.135	296	22	2.54e-38	159	terminal uridylyltransferase 7 isoform X7 [Homo sapiens]	TRUE	Tut7
XP_964090.3	XP_011517318.1	0	N/A	35.135	296	22	2.58e-38	159	terminal uridylyltransferase 7 isoform X5 [Homo sapiens]	TRUE	Tut7
XP_964090.3	XP_011517316.1	0	N/A	35.135	296	22	3.01e-38	159	terminal uridylyltransferase 7 isoform X1 [Homo sapiens]	TRUE	Tut7
XP_964090.3	XP_011517315.1	0	N/A	35.135	296	22	3.01e-38	159	terminal uridylyltransferase 7 isoform X1 [Homo sapiens]	TRUE	Tut7
XP_964090.3	XP_011517314.1	0	N/A	35.135	296	22	3.01e-38	159	terminal uridylyltransferase 7 isoform X1 [Homo sapiens]	TRUE	Tut7
XP_964090.3	XP_011517313.1	0	N/A	35.135	296	22	3.01e-38	159	terminal uridylyltransferase 7 isoform X1 [Homo sapiens]	TRUE	Tut7
XP_964090.3	XP_047272372.1	0	N/A	38.189	254	19	1.61e-37	157	terminal uridylyltransferase 4 isoform X42 [Homo sapiens]	TRUE	Tut4
XP_964090.3	XP_047272290.1	0	N/A	38.189	254	19	1.77e-37	156	terminal uridylyltransferase 4 isoform X11 [Homo sapiens]	TRUE	Tut4
XP_964090.3	XP_047272286.1	0	N/A	38.189	254	19	1.77e-37	156	terminal uridylyltransferase 4 isoform X8 [Homo sapiens]	TRUE	Tut4
XP_964090.3	XP_047272344.1	0	N/A	38.189	254	19	1.83e-37	156	terminal uridylyltransferase 4 isoform X30 [Homo sapiens]	TRUE	Tut4
XP_964090.3	XP_047272295.1	0	N/A	38.189	254	19	1.94e-37	156	terminal uridylyltransferase 4 isoform X12 [Homo sapiens]	TRUE	Tut4
XP_964090.3	XP_047272305.1	0	N/A	38.189	254	19	2.07e-37	156	terminal uridylyltransferase 4 isoform X17 [Homo sapiens]	TRUE	Tut4
XP_964090.3	XP_047272296.1	0	N/A	38.189	254	19	2.08e-37	156	terminal uridylyltransferase 4 isoform X13 [Homo sapiens]	TRUE	Tut4
XP_964090.3	XP_047272350.1	0	N/A	38.189	254	19	2.18e-37	156	terminal uridylyltransferase 4 isoform X34 [Homo sapiens]	TRUE	Tut4
XP_964090.3	NP_001172003.1	0	N/A	38.158	228	17	4.52e-31	135	terminal uridylyltransferase 7 isoform 2 [Homo sapiens]	TRUE	Tut7
XP_964090.3	NP_001375059.1	0	N/A	28.571	420	31	9.74e-30	127	poly(A) RNA polymerase GLD2 isoform 10 [Homo sapiens]	TRUE	TENT2
XP_964090.3	XP_047272811.1	0	N/A	29.499	339	25	2.13e-29	126	poly(A) RNA polymerase GLD2 isoform X4 [Homo sapiens]	TRUE	TENT2
XP_964090.3	XP_047272810.1	0	N/A	29.499	339	25	2.13e-29	126	poly(A) RNA polymerase GLD2 isoform X4 [Homo sapiens]	TRUE	TENT2
XP_964090.3	XP_047272809.1	0	N/A	29.499	339	25	2.13e-29	126	poly(A) RNA polymerase GLD2 isoform X4 [Homo sapiens]	TRUE	TENT2
XP_964090.3	NP_001375058.1	0	N/A	29.499	339	25	2.13e-29	126	poly(A) RNA polymerase GLD2 isoform 2 [Homo sapiens]	TRUE	TENT2
XP_964090.3	NP_001375057.1	0	N/A	29.499	339	25	2.13e-29	126	poly(A) RNA polymerase GLD2 isoform 2 [Homo sapiens]	TRUE	TENT2
XP_964090.3	NP_001375056.1	0	N/A	29.499	339	25	2.13e-29	126	poly(A) RNA polymerase GLD2 isoform 2 [Homo sapiens]	TRUE	TENT2
XP_964090.3	NP_001375055.1	0	N/A	29.499	339	25	2.13e-29	126	poly(A) RNA polymerase GLD2 isoform 2 [Homo sapiens]	TRUE	TENT2
XP_964090.3	NP_001375054.1	0	N/A	29.499	339	25	2.13e-29	126	poly(A) RNA polymerase GLD2 isoform 2 [Homo sapiens]	TRUE	TENT2
XP_964090.3	NP_001375053.1	0	N/A	29.499	339	25	2.13e-29	126	poly(A) RNA polymerase GLD2 isoform 2 [Homo sapiens]	TRUE	TENT2
XP_964090.3	NP_001375052.1	0	N/A	29.499	339	25	2.13e-29	126	poly(A) RNA polymerase GLD2 isoform 2 [Homo sapiens]	TRUE	TENT2
XP_964090.3	NP_001375051.1	0	N/A	29.499	339	25	2.13e-29	126	poly(A) RNA polymerase GLD2 isoform 2 [Homo sapiens]	TRUE	TENT2
XP_964090.3	NP_001375050.1	0	N/A	29.499	339	25	2.13e-29	126	poly(A) RNA polymerase GLD2 isoform 2 [Homo sapiens]	TRUE	TENT2
XP_964090.3	NP_001375049.1	0	N/A	29.499	339	25	2.13e-29	126	poly(A) RNA polymerase GLD2 isoform 2 [Homo sapiens]	TRUE	TENT2
XP_964090.3	NP_001375048.1	0	N/A	29.499	339	25	2.13e-29	126	poly(A) RNA polymerase GLD2 isoform 2 [Homo sapiens]	TRUE	TENT2
XP_964090.3	NP_001375047.1	0	N/A	29.499	339	25	2.13e-29	126	poly(A) RNA polymerase GLD2 isoform 2 [Homo sapiens]	TRUE	TENT2
XP_964090.3	NP_001375046.1	0	N/A	29.499	339	25	2.13e-29	126	poly(A) RNA polymerase GLD2 isoform 2 [Homo sapiens]	TRUE	TENT2
XP_964090.3	NP_001375045.1	0	N/A	29.499	339	25	2.13e-29	126	poly(A) RNA polymerase GLD2 isoform 2 [Homo sapiens]	TRUE	TENT2
XP_964090.3	NP_001375044.1	0	N/A	29.499	339	25	2.13e-29	126	poly(A) RNA polymerase GLD2 isoform 2 [Homo sapiens]	TRUE	TENT2
XP_964090.3	NP_001375043.1	0	N/A	29.499	339	25	2.13e-29	126	poly(A) RNA polymerase GLD2 isoform 2 [Homo sapiens]	TRUE	TENT2
XP_964090.3	NP_001336483.1	0	N/A	29.499	339	25	2.13e-29	126	poly(A) RNA polymerase GLD2 isoform 2 [Homo sapiens]	TRUE	TENT2
XP_964090.3	NP_001284673.1	0	N/A	29.499	339	25	2.13e-29	126	poly(A) RNA polymerase GLD2 isoform 2 [Homo sapiens]	TRUE	TENT2
XP_964090.3	NP_001375061.1	0	N/A	28.606	416	31	2.76e-29	125	poly(A) RNA polymerase GLD2 isoform 12 [Homo sapiens]	TRUE	TENT2
XP_964090.3	NP_001375042.1	0	N/A	28.271	428	31	1.04e-28	124	poly(A) RNA polymerase GLD2 isoform 16 [Homo sapiens]	TRUE	TENT2
XP_964090.3	NP_001375030.1	0	N/A	32.13	277	20	1.44e-28	124	poly(A) RNA polymerase GLD2 isoform 9 [Homo sapiens]	TRUE	TENT2
XP_964090.3	XP_047272808.1	0	N/A	29.107	347	25	2.27e-28	123	poly(A) RNA polymerase GLD2 isoform X3 [Homo sapiens]	TRUE	TENT2
XP_964090.3	XP_047272807.1	0	N/A	29.107	347	25	2.27e-28	123	poly(A) RNA polymerase GLD2 isoform X3 [Homo sapiens]	TRUE	TENT2
XP_964090.3	XP_047272806.1	0	N/A	29.107	347	25	2.27e-28	123	poly(A) RNA polymerase GLD2 isoform X3 [Homo sapiens]	TRUE	TENT2
XP_964090.3	NP_776158.2	0	N/A	29.107	347	25	2.27e-28	123	poly(A) RNA polymerase GLD2 isoform 1 [Homo sapiens]	TRUE	TENT2
XP_964090.3	NP_001375041.1	0	N/A	29.107	347	25	2.27e-28	123	poly(A) RNA polymerase GLD2 isoform 1 [Homo sapiens]	TRUE	TENT2
XP_964090.3	NP_001375040.1	0	N/A	29.107	347	25	2.27e-28	123	poly(A) RNA polymerase GLD2 isoform 1 [Homo sapiens]	TRUE	TENT2
XP_964090.3	NP_001375039.1	0	N/A	29.107	347	25	2.27e-28	123	poly(A) RNA polymerase GLD2 isoform 1 [Homo sapiens]	TRUE	TENT2
XP_964090.3	NP_001375038.1	0	N/A	29.107	347	25	2.27e-28	123	poly(A) RNA polymerase GLD2 isoform 1 [Homo sapiens]	TRUE	TENT2
XP_964090.3	NP_001375037.1	0	N/A	29.107	347	25	2.27e-28	123	poly(A) RNA polymerase GLD2 isoform 1 [Homo sapiens]	TRUE	TENT2
XP_964090.3	NP_001375036.1	0	N/A	29.107	347	25	2.27e-28	123	poly(A) RNA polymerase GLD2 isoform 1 [Homo sapiens]	TRUE	TENT2
XP_964090.3	NP_001375035.1	0	N/A	29.107	347	25	2.27e-28	123	poly(A) RNA polymerase GLD2 isoform 1 [Homo sapiens]	TRUE	TENT2
XP_964090.3	NP_001375034.1	0	N/A	29.107	347	25	2.27e-28	123	poly(A) RNA polymerase GLD2 isoform 1 [Homo sapiens]	TRUE	TENT2
XP_964090.3	NP_001375032.1	0	N/A	29.107	347	25	2.27e-28	123	poly(A) RNA polymerase GLD2 isoform 1 [Homo sapiens]	TRUE	TENT2
XP_964090.3	NP_001375031.1	0	N/A	29.107	347	25	2.27e-28	123	poly(A) RNA polymerase GLD2 isoform 1 [Homo sapiens]	TRUE	TENT2
XP_964090.3	NP_001336482.1	0	N/A	29.107	347	25	2.27e-28	123	poly(A) RNA polymerase GLD2 isoform 1 [Homo sapiens]	TRUE	TENT2
XP_964090.3	NP_001336481.1	0	N/A	29.107	347	25	2.27e-28	123	poly(A) RNA polymerase GLD2 isoform 1 [Homo sapiens]	TRUE	TENT2
XP_964090.3	NP_001107866.1	0	N/A	29.107	347	25	2.27e-28	123	poly(A) RNA polymerase GLD2 isoform 1 [Homo sapiens]	TRUE	TENT2
XP_964090.3	NP_001107865.1	0	N/A	29.107	347	25	2.27e-28	123	poly(A) RNA polymerase GLD2 isoform 1 [Homo sapiens]	TRUE	TENT2
XP_964090.3	NP_001375065.1	0	N/A	29.721	323	24	2.32e-28	120	poly(A) RNA polymerase GLD2 isoform 14 [Homo sapiens]	TRUE	TENT2
XP_964090.3	NP_001375060.1	0	N/A	28.302	424	31	2.66e-28	122	poly(A) RNA polymerase GLD2 isoform 11 [Homo sapiens]	TRUE	TENT2
XP_964090.3	NP_001375027.1	0	N/A	27.64	445	31	3.93e-28	122	poly(A) RNA polymerase GLD2 isoform 7 [Homo sapiens]	TRUE	TENT2
XP_964090.3	XP_047272805.1	0	N/A	28.297	364	25	8.75e-28	121	poly(A) RNA polymerase GLD2 isoform X2 [Homo sapiens]	TRUE	TENT2
XP_964090.3	XP_047272804.1	0	N/A	28.297	364	25	8.75e-28	121	poly(A) RNA polymerase GLD2 isoform X2 [Homo sapiens]	TRUE	TENT2
